,45,50,51,52,55,54,53,59,56,58,57
0,100.0,,,,,,,,,,
1,95.32340311325818,4.676596886741814,,,,,,,,,
2,90.80783682232958,8.883521202361782,0.30864197530864196,,,,,,,,
3,63.22463768115942,21.578099838969404,15.197262479871176,,,,,,,,
4,63.26489533011272,21.564680622651636,15.170424047235642,,,,,,,,
5,63.74127750939345,21.537842190016104,14.720880300590446,,,,,,,,
6,53.435319377348364,32.01154052603328,14.553140096618357,,,,,,,,
7,53.52254428341385,31.97799248523886,14.49946323134729,,,,,,,,
8,49.73161567364466,34.50080515297907,14.27133655394525,0.7313472893183038,0.7648953301127214,,,,,,
9,49.73161567364466,34.50080515297907,14.27133655394525,0.7313472893183038,0.7648953301127214,,,,,,
10,49.73161567364466,32.57514761137949,14.170692431561998,0.7313472893183038,0.6910896403650026,2.100107353730542,,,,,
11,49.90606548577563,32.118894256575416,14.170692431561998,0.7313472893183038,0.9728931830381106,2.100107353730542,,,,,
12,50.046967257112186,31.97799248523886,14.170692431561998,0.7313472893183038,0.9728931830381106,2.100107353730542,,,,,
13,44.826892109500804,43.12936124530327,7.75630703166935,0.630703166935051,1.556629092860977,2.100107353730542,,,,,
14,44.98121309715513,43.001878690284485,7.75630703166935,0.630703166935051,1.5365002683843263,2.0933977455716586,,,,,
15,44.907407407407405,42.70665593129361,8.024691358024691,0.630703166935051,1.6371443907675791,2.0933977455716586,,,,,
16,44.96779388083736,41.80085882984434,8.024691358024691,0.630703166935051,2.4825550187869028,2.0933977455716586,,,,,
17,38.43263553408481,34.35319377348363,24.9597423510467,0.630703166935051,1.6237251744498122,,,,,,
18,38.31186258722491,34.54777241009125,24.88593666129898,0.630703166935051,1.6237251744498122,,,,,,
19,38.39237788513151,34.52093397745572,24.832259796027913,0.630703166935051,1.6237251744498122,,,,,,
20,36.11782071926999,35.621309715512616,23.30246913580247,3.33467525496511,1.6237251744498122,,,,,,
21,35.30595813204509,35.48040794417606,24.416264090177133,3.1736446591519054,1.6237251744498122,,,,,,
22,35.35292538915727,35.20531400966183,24.382716049382715,3.1736446591519054,1.8853998926462694,,,,,,
23,35.809178743961354,34.75577026301664,24.376006441223833,3.1736446591519054,1.8853998926462694,,,,,,
24,35.86285560923242,34.72893183038111,24.349168008588297,3.1736446591519054,1.8853998926462694,,,,,,
25,34.96376811594203,35.628019323671495,24.349168008588297,3.1736446591519054,1.8853998926462694,,,,,,
26,34.326355340848096,36.30568974771873,24.329039184111647,3.1535158346752548,1.8853998926462694,,,,,,
27,34.42699946323135,36.218464841653244,24.329039184111647,3.140096618357488,1.8853998926462694,,,,,,
28,32.8569511540526,35.40660225442834,23.242082662372518,5.434782608695652,3.0595813204508855,,,,,,
29,33.011272141706925,35.279119699409556,23.21524422973698,5.434782608695652,3.0595813204508855,,,,,,
30,31.83709071390231,35.158346752549654,19.04186795491143,10.903113258185721,3.0595813204508855,,,,,,
31,31.850509930220074,35.14492753623188,19.04186795491143,10.903113258185721,3.0595813204508855,,,,,,
32,31.85721953837896,35.138217928073,19.04186795491143,10.903113258185721,3.0595813204508855,,,,,,
33,32.085346215781,34.84970477724101,19.02173913043478,10.903113258185721,3.140096618357488,,,,,,
34,32.56843800322061,34.4068706387547,18.471551261406333,10.903113258185721,3.6500268384326353,,,,,,
35,12.855609232420827,55.50858829844337,13.976113794954374,10.701825013419215,4.502147074610843,2.4557165861513686,,,,,
36,13.077026301663983,55.50858829844337,13.781535158346752,10.674986580783683,4.502147074610843,2.4557165861513686,,,,,
37,12.962962962962964,54.93156199677939,14.110305958132045,10.587761674718196,4.502147074610843,2.9052603327965647,,,,,
38,13.01663982823403,53.04616210413312,14.056629092860977,10.21202361782072,5.528717122920021,2.7241009125067097,1.415727321524423,,,,
39,13.097155126140633,51.288244766505635,13.962694578636608,10.21202361782072,5.870907139023081,2.9790660225442833,2.589908749329039,,,,
40,6.3070316693505095,74.58400429414922,8.038110574342458,9.272678475577026,0.7581857219538379,,1.0399892646269457,,,,
41,6.461352657004831,74.22839506172839,8.038110574342458,9.219001610305957,1.0332796564680622,,1.0198604401502953,,,,
42,6.5552871712292005,67.28395061728395,8.038110574342458,9.185453569511541,7.648953301127214,,1.0198604401502953,0.2683843263553409,,,
43,7.071926999463232,66.76731078904992,8.038110574342458,9.185453569511541,7.648953301127214,,1.0198604401502953,0.2683843263553409,,,
44,7.159151905528717,66.68008588298443,8.038110574342458,9.185453569511541,7.648953301127214,,1.0198604401502953,0.2683843263553409,,,
45,7.27992485238862,66.56602254428341,7.729468599033816,9.172034353193773,7.96430488459474,,1.0198604401502953,0.2683843263553409,,,
46,7.434245840042942,66.38486312399355,7.6623725174449815,9.125067096081589,7.816693505099302,0.2885131508319914,1.0198604401502953,0.2683843263553409,,,
47,6.870638754696726,66.29763821792807,13.258185721953838,4.49543746645196,7.501341921631776,0.2885131508319914,1.0198604401502953,0.2683843263553409,,,
48,7.0450885668276975,66.27750939345142,13.063607085346217,4.30756843800322,7.48792270531401,0.2885131508319914,1.0198604401502953,0.2683843263553409,0.24154589371980675,,
49,7.273215244229737,64.19082125603865,11.486849168008588,4.30756843800322,9.333064949006978,1.8786902844873858,1.0198604401502953,0.2683843263553409,0.24154589371980675,,
50,7.467793880837359,63.75469672571122,11.3191089640365,4.300858829844337,9.601449275362318,1.7646269457863661,1.2815351583467525,0.2683843263553409,0.24154589371980675,,
51,7.50805152979066,60.44685990338164,11.3191089640365,4.300858829844337,12.869028448738593,1.7646269457863661,1.2815351583467525,0.2683843263553409,0.24154589371980675,,
52,6.622383252818035,52.885131508319915,11.258722490606548,4.2270531400966185,12.701288244766506,1.7310789049919484,10.064412238325282,0.2683843263553409,0.24154589371980675,,
53,6.595544820182502,52.77777777777778,11.16478797638218,4.468599033816425,12.701288244766506,1.7310789049919484,10.050993022007514,0.2683843263553409,0.24154589371980675,,
54,6.870638754696726,52.274557165861516,11.151368760064413,4.468599033816425,12.962962962962964,1.7310789049919484,10.030864197530864,0.2683843263553409,0.24154589371980675,,
55,6.635802469135802,50.56360708534621,11.60762211486849,4.40150295222759,14.123725174449811,2.737520128824477,9.420289855072463,0.2683843263553409,0.24154589371980675,,
56,6.850509930220075,50.30864197530864,10.21202361782072,4.461889425657541,12.855609232420827,4.30756843800322,10.93666129898014,,0.06709608158883522,,
57,6.5552871712292005,49.59742351046699,10.21202361782072,4.777241009125067,12.835480407944177,5.032206119162641,10.923242082662373,,0.06709608158883522,,
58,6.602254428341385,48.88620504562534,10.21202361782072,4.777241009125067,12.453032742887816,6.4412238325281805,10.560923242082662,,0.06709608158883522,,
59,6.655931293612453,48.83252818035427,10.21202361782072,4.777241009125067,12.453032742887816,6.4412238325281805,10.560923242082662,,0.06709608158883522,,
60,7.454374664519592,48.731884057971016,9.675254965110037,3.9720880300590444,12.453032742887816,7.112184648416532,10.453569511540525,,0.14761137949543746,,
61,7.481213097155126,48.45679012345679,9.447128287707997,3.9720880300590444,12.95625335480408,7.085346215780999,10.453569511540525,,0.14761137949543746,,
62,7.387278582930757,48.59769189479334,9.447128287707997,3.9720880300590444,12.95625335480408,7.085346215780999,10.406602254428341,,0.14761137949543746,,
63,8.239398819108963,48.17498658078368,9.380032206119163,3.9720880300590444,12.855609232420827,7.085346215780999,10.144927536231885,,0.14761137949543746,,
64,8.735909822866345,47.96698872785829,9.27938808373591,3.9586688137412773,12.681159420289855,7.085346215780999,10.144927536231885,,0.14761137949543746,,
65,8.789586688137414,47.16183574879227,9.178743961352657,3.9586688137412773,13.533279656468062,7.085346215780999,10.144927536231885,,0.14761137949543746,,
66,8.870101986044014,46.62506709608159,9.158615136876007,4.17337627482555,11.480139559849706,9.400161030595813,10.144927536231885,,0.14761137949543746,,
67,7.930756843800322,45.14224369296833,15.566290928609769,1.5633387010198605,10.93666129898014,8.648684916800859,10.124798711755233,,0.08722490606548577,,
68,7.675791733762749,40.063070316693505,15.566290928609769,1.5633387010198605,7.333601717659689,6.575415995705851,21.135265700483092,,0.08722490606548577,,
69,8.480944712828771,39.660493827160494,15.566290928609769,1.5633387010198605,7.333601717659689,6.501610305958132,20.8064949006978,,0.08722490606548577,,
70,8.729200214707461,39.492753623188406,15.539452495974235,1.5365002683843263,7.306763285024155,6.501610305958132,20.8064949006978,,0.08722490606548577,,
71,9.057971014492754,38.60708534621578,15.505904455179817,1.5365002683843263,8.185721953837897,6.333870101986044,20.685721953837895,,0.08722490606548577,,
72,9.769189479334408,37.754965110037574,15.432098765432098,1.5365002683843263,8.957326892109501,6.333870101986044,20.128824476650564,,0.08722490606548577,,
73,9.950348899624261,37.57380568974772,11.862587224906065,6.5485775630703165,8.943907675791733,5.387815351583468,19.64573268921095,,0.08722490606548577,,
74,9.091519055287172,28.16022544283414,11.849168008588299,18.686258722490606,9.03113258185722,4.4753086419753085,18.61916264090177,,0.08722490606548577,,
75,9.31964573268921,28.16022544283414,11.849168008588299,18.45813204508857,9.03113258185722,4.4753086419753085,18.61916264090177,,0.08722490606548577,,
76,9.339774557165862,27.65029522275899,11.849168008588299,18.4447128287708,8.809715512614064,5.22007514761138,18.276972624798713,,0.08722490606548577,0.322061191626409,
77,9.104938271604938,25.281803542673106,10.00402576489533,18.183038110574344,11.439881910896403,7.300053676865271,18.276972624798713,,0.08722490606548577,0.322061191626409,
78,8.581588835212024,24.879227053140095,10.00402576489533,18.183038110574344,11.419753086419753,7.4141170155662905,19.108964036500268,,0.08722490606548577,0.322061191626409,
79,8.735909822866345,24.879227053140095,10.00402576489533,18.17632850241546,11.419753086419753,7.387278582930757,18.988191089640367,,0.08722490606548577,0.322061191626409,
80,8.722490606548577,20.209339774557165,9.916800858829845,26.31508319914117,9.98389694041868,7.092055823939882,17.424852388620504,,0.08722490606548577,0.24825550187869028,
81,9.131776704240472,19.940955448201827,9.916800858829845,26.27482555018787,9.957058507783145,7.078636607622115,17.364465915190554,,0.08722490606548577,0.24825550187869028,
82,9.326355340848094,19.920826623725173,9.903381642512077,26.113794954374665,9.957058507783145,7.078636607622115,17.364465915190554,,0.08722490606548577,0.24825550187869028,
83,9.326355340848094,19.920826623725173,9.842995169082126,25.831991411701555,9.896672034353195,7.199409554482019,17.364465915190554,,0.08722490606548577,0.24825550187869028,0.28180354267310787
84,8.82313472893183,20.538110574342458,9.339774557165862,25.603864734299517,9.896672034353195,6.66935050993022,18.276972624798713,,0.322061191626409,0.24825550187869028,0.28180354267310787
85,8.863392377885132,20.30998389694042,9.339774557165862,25.597155126140635,10.091250670960816,6.66935050993022,18.276972624798713,,0.322061191626409,0.24825550187869028,0.28180354267310787
86,9.25925925925926,20.175791733762747,9.25925925925926,25.43612453032743,10.091250670960816,6.66935050993022,18.256843800322063,,0.322061191626409,0.24825550187869028,0.28180354267310787
87,9.339774557165862,19.847020933977454,9.232420826623725,25.38244766505636,10.030864197530864,8.32662372517445,16.988727858293075,,0.322061191626409,0.24825550187869028,0.28180354267310787
88,9.172034353193773,19.196188942565755,8.789586688137414,25.731347289318304,9.722222222222221,7.561728395061729,18.9747718733226,,0.322061191626409,0.24825550187869028,0.28180354267310787
89,8.789586688137414,19.0955448201825,7.494632313472893,25.308641975308642,9.77589908749329,7.004830917874396,21.256038647342994,,0.322061191626409,0.24825550187869028,0.7045088566827697
90,8.950617283950617,18.357487922705314,7.494632313472893,25.261674718196456,9.541062801932368,6.971282877079979,20.840042941492218,,1.6304347826086956,0.24825550187869028,0.7045088566827697
91,9.05126140633387,18.357487922705314,7.447665056360709,25.248255501878692,9.534353193773484,6.964573268921095,20.82662372517445,,1.6170155662909287,0.24825550187869028,0.7045088566827697
92,9.091519055287172,18.344068706387546,7.434245840042942,25.248255501878692,9.534353193773484,6.964573268921095,20.813204508856682,,1.6170155662909287,0.24825550187869028,0.7045088566827697
93,9.037842190016104,17.11621041331186,7.434245840042942,27.388620504562535,9.232420826623725,6.937734836285561,20.43075684380032,,1.6170155662909287,0.24825550187869028,0.5568974771873323
94,9.198872785829307,17.11621041331186,7.434245840042942,27.34165324745035,9.212292002147075,6.937734836285561,20.336822329575952,,1.6170155662909287,0.24825550187869028,0.5568974771873323
95,9.373322597960279,16.002415458937197,6.099033816425121,27.2812667740204,8.353462157809984,10.648148148148149,19.860440150295222,,1.5767579173376274,0.24825550187869028,0.5568974771873323
96,9.849704777241008,15.96886741814278,6.099033816425121,27.053140096618357,8.13875469672571,10.648148148148149,19.860440150295222,,1.5767579173376274,0.24825550187869028,0.5568974771873323
97,9.842995169082126,15.183843263553408,7.071926999463232,26.442565754159958,8.011272141706923,12.050456253354804,19.0150295222759,,1.5767579173376274,0.24825550187869028,0.5568974771873323
98,10.165056360708535,15.123456790123457,6.951154052603328,26.27482555018787,8.179012345679013,11.922973698336017,19.00161030595813,,1.5767579173376274,0.24825550187869028,0.5568974771873323
99,10.339506172839506,15.01610305958132,6.951154052603328,26.261406333870102,8.179012345679013,11.922973698336017,18.947933440687063,,1.5767579173376274,0.24825550187869028,0.5568974771873323
100,11.044015029522276,14.955716586151368,6.951154052603328,25.670960815888353,8.13875469672571,11.922973698336017,18.9345142243693,,1.5767579173376274,0.24825550187869028,0.5568974771873323
101,11.574074074074074,14.88191089640365,6.951154052603328,25.49651100375738,8.13875469672571,11.922973698336017,18.65271068169619,,1.5767579173376274,0.24825550187869028,0.5568974771873323
102,11.654589371980677,14.861782071927,6.387546967257112,25.49651100375738,8.132045088566828,9.796027911969942,21.289586688137412,,1.5767579173376274,0.24825550187869028,0.5568974771873323
103,11.896135265700483,14.801395598497047,6.374127750939345,25.483091787439612,8.091787439613526,9.796027911969942,21.18894256575416,,1.5633387010198605,0.24825550187869028,0.5568974771873323
104,11.929683306494901,14.781266774020397,6.374127750939345,25.483091787439612,8.091787439613526,9.782608695652174,21.18894256575416,,1.5633387010198605,0.24825550187869028,0.5568974771873323
105,11.98336017176597,14.781266774020397,6.360708534621578,25.45625335480408,8.091787439613526,9.769189479334408,21.18894256575416,,1.5633387010198605,0.24825550187869028,0.5568974771873323
106,10.077831454643048,10.72866344605475,24.134460547504027,24.60413311862587,7.6623725174449815,4.817498658078368,15.60654857756307,,1.5633387010198605,0.24825550187869028,0.5568974771873323
107,10.165056360708535,10.72866344605475,24.134460547504027,24.56387546967257,7.6623725174449815,4.817498658078368,15.593129361245303,,1.5633387010198605,0.24825550187869028,0.5233494363929146
108,10.513955984970478,10.72866344605475,23.96672034353194,24.476650563607084,7.6623725174449815,4.817498658078368,15.499194847020934,,1.5633387010198605,0.24825550187869028,0.5233494363929146
109,10.829307568438002,10.674986580783683,23.96672034353194,24.36929683306495,7.6623725174449815,4.817498658078368,15.344873859366613,,1.5633387010198605,0.24825550187869028,0.5233494363929146
110,10.943370907139023,10.661567364465915,23.939881910896403,24.322329575952764,7.648953301127214,4.804079441760601,15.344873859366613,,1.5633387010198605,0.24825550187869028,0.5233494363929146
111,11.077563070316694,10.661567364465915,23.906333870101985,23.403113258185723,7.648953301127214,4.804079441760601,15.311325818572195,,1.5230810520665594,0.24825550187869028,1.415727321524423
112,9.192163177670425,8.152173913043478,23.899624261943103,35.218733225979605,6.266774020397209,4.804079441760601,11.721685453569512,,0.46967257112184646,,0.27509393451422437
113,9.306226516371444,7.615405260332796,23.832528180354267,33.313204508856685,6.796833064949007,6.776704240472356,11.621041331186259,,0.46296296296296297,,0.27509393451422437
114,9.41358024691358,7.608695652173913,23.772141706924316,33.313204508856685,6.796833064949007,6.749865807836822,11.60762211486849,,0.46296296296296297,,0.27509393451422437
115,9.73564143853999,7.608695652173913,23.51046698872786,32.11218464841653,7.98443370907139,6.729736983360172,11.580783682232958,,0.46296296296296297,,0.27509393451422437
116,9.272678475577026,7.5348899624261945,19.900697799248523,38.77482555018787,7.937466451959206,6.615673644659152,9.225711218464841,,0.46296296296296297,,0.27509393451422437
117,9.433709071390231,7.5348899624261945,19.860440150295222,38.747987117552334,7.856951154052603,6.615673644659152,9.225711218464841,,0.4495437466451959,,0.27509393451422437
118,9.695383789586689,7.521470746108427,19.64573268921095,38.5601180891036,8.152173913043478,6.474771873322598,9.225711218464841,,0.4495437466451959,,0.27509393451422437
119,9.916800858829845,7.514761137949543,19.558507783145465,38.5601180891036,8.152173913043478,6.421095008051529,9.151905528717123,,0.4495437466451959,,0.27509393451422437
120,10.38647342995169,7.514761137949543,19.558507783145465,38.27831454643049,8.152173913043478,6.421095008051529,8.964036500268385,,0.4495437466451959,,0.27509393451422437
121,10.547504025764896,7.501341921631776,19.49141170155663,38.2313472893183,8.152173913043478,6.421095008051529,8.930488459473967,,0.4495437466451959,,0.27509393451422437
122,10.755501878690284,7.474503488996243,19.49141170155663,38.17096081588835,8.152173913043478,6.407675791733762,8.82313472893183,,0.4495437466451959,,0.27509393451422437
123,10.621309715512615,7.474503488996243,19.47799248523886,38.13070316693505,8.702361782071927,6.394256575415996,8.474235104669887,,0.4495437466451959,,0.27509393451422437
124,11.29898013955985,7.461084272678476,18.99490069779925,37.65432098765432,8.702361782071927,6.380837359098229,8.474235104669887,,0.7581857219538379,,0.27509393451422437
125,11.60762211486849,7.461084272678476,18.894256575415994,37.5,8.702361782071927,6.333870101986044,8.467525496511003,,0.7581857219538379,,0.27509393451422437
126,11.922973698336017,7.447665056360709,18.63929146537842,37.466451959205585,8.702361782071927,6.320450885668277,8.467525496511003,,0.7581857219538379,,0.27509393451422437
127,11.969940955448202,7.447665056360709,18.63929146537842,37.4194847020934,8.702361782071927,6.139291465378422,8.467525496511003,,0.7581857219538379,,0.4562533548040794
128,12.265163714439076,7.447665056360709,23.91304347826087,32.03166935050993,8.702361782071927,5.991680085882985,8.172302737520129,,1.0198604401502953,,0.4562533548040794
129,12.25174449812131,7.447665056360709,23.91304347826087,31.890767579173378,8.675523349436393,5.991680085882985,8.064949006977992,,1.3083735909822867,,0.4562533548040794
130,12.345679012345679,7.447665056360709,23.866076221148685,31.850509930220074,8.675523349436393,5.991680085882985,8.064949006977992,,1.3016639828234031,,0.4562533548040794
131,12.47987117552335,7.407407407407407,23.845947396672035,31.810252281266774,8.675523349436393,5.991680085882985,8.031400966183575,,1.3016639828234031,,0.4562533548040794
132,12.647611379495437,7.407407407407407,23.778851315083198,31.776704240472355,8.628556092324208,5.991680085882985,8.011272141706923,,1.3016639828234031,,0.4562533548040794
133,12.493290391841116,7.313472893183038,23.2085346215781,31.5552871712292,8.628556092324208,5.991680085882985,9.05126140633387,,1.3016639828234031,,0.4562533548040794
134,12.573805689747719,7.300053676865271,23.2085346215781,31.54186795491143,8.628556092324208,5.984970477724101,9.004294149221685,,1.3016639828234031,,0.4562533548040794
135,12.634192163177671,7.300053676865271,23.181696188942567,30.877616747181964,8.13875469672571,6.481481481481482,8.997584541062801,,1.3016639828234031,,1.0869565217391304
136,12.761674718196458,7.2933440687063875,23.161567364465917,30.823939881910896,8.13875469672571,6.461352657004831,8.970746108427267,,1.3016639828234031,,1.0869565217391304
137,12.895866881374127,7.199409554482019,23.161567364465917,30.226784755770264,8.13875469672571,6.461352657004831,8.964036500268385,,1.865271068169619,,1.0869565217391304
138,12.654320987654321,7.1658615136876005,20.933977455716587,32.52147074610843,8.13875469672571,6.454643048845948,8.870101986044014,,2.1739130434782608,,1.0869565217391304
139,12.533548040794418,7.152442297369833,20.571658615136876,32.50805152979066,8.333333333333334,6.447933440687064,8.467525496511003,,2.1739130434782608,,1.8115942028985508
140,12.620772946859903,7.105475040257649,20.209339774557165,32.26650563607085,8.333333333333334,6.447933440687064,8.467525496511003,,2.5026838432635534,,2.046430488459474
141,12.835480407944177,7.105475040257649,20.12211486849168,32.15244229736983,8.319914117015566,6.447933440687064,8.467525496511003,,2.5026838432635534,,2.046430488459474
142,12.761674718196458,6.89747718733226,19.994632313472895,34.13177670424047,6.756575415995706,6.447933440687064,8.648684916800859,,2.314814814814815,,2.046430488459474
143,12.889157273215245,6.890767579173376,19.940955448201827,34.07139023081052,6.756575415995706,6.447933440687064,8.641975308641975,,2.314814814814815,,2.046430488459474
144,13.030059044551798,6.890767579173376,19.940955448201827,33.943907675791735,6.756575415995706,6.447933440687064,8.628556092324208,,2.314814814814815,,2.046430488459474
145,13.499731615673644,6.816961889425658,19.719538378958667,33.883521202361784,6.709608158883521,6.447933440687064,8.588298443370908,,2.314814814814815,,2.01959205582394
146,13.808373590982287,6.8035426731078905,19.706119162640903,33.7157809983897,6.709608158883521,6.447933440687064,8.474235104669887,,2.314814814814815,,2.01959205582394
147,14.056629092860977,6.8035426731078905,19.51154052603328,33.702361782071925,6.709608158883521,6.4412238325281805,8.447396672034353,,2.3081052066559313,,2.01959205582394
148,13.633923778851315,6.380837359098229,19.45786366076221,34.54777241009125,7.326892109500805,6.213097155126141,8.393719806763285,,2.3081052066559313,,1.737788513150832
149,14.13714439076758,6.246645195920558,19.41760601180891,34.534353193773484,7.320182501341922,6.011808910359635,8.340042941492216,,2.3081052066559313,,1.6841116478797638
150,14.298174986580785,6.246645195920558,19.41760601180891,34.37332259796028,7.320182501341922,6.011808910359635,8.340042941492216,,2.3081052066559313,,1.6841116478797638
151,14.51959205582394,6.246645195920558,19.249865807836823,35.17176596886742,7.320182501341922,6.011808910359635,7.62211486849168,,2.1739130434782608,,1.6841116478797638
152,14.573268921095009,6.246645195920558,19.249865807836823,35.11808910359635,7.320182501341922,6.011808910359635,7.62211486849168,,2.1739130434782608,,1.6841116478797638
153,14.486044015029522,6.179549114331723,19.49812130971551,34.35990338164251,7.320182501341922,6.011808910359635,7.62211486849168,,2.1739130434782608,,2.3483628556092326
154,14.566559312936125,6.179549114331723,19.49812130971551,34.306226516371446,7.2933440687063875,6.011808910359635,7.62211486849168,,2.1739130434782608,,2.3483628556092326
155,14.908749329039184,5.797101449275362,19.49812130971551,33.467525496511,7.2933440687063875,6.260064412238325,7.581857219538379,,2.844873859366613,,2.3483628556092326
156,14.949006977992486,5.797101449275362,19.49812130971551,33.4272678475577,7.2933440687063875,6.260064412238325,7.581857219538379,,2.844873859366613,,2.3483628556092326
157,14.593397745571659,5.790391841116479,19.49812130971551,34.29951690821256,7.286634460547504,6.260064412238325,7.581857219538379,,2.791196994095545,,1.8988191089640365
158,14.647074610842727,5.783682232957595,19.47799248523886,34.286097691894796,7.286634460547504,6.260064412238325,7.568438003220612,,2.791196994095545,,1.8988191089640365
159,14.714170692431562,5.730005367686527,19.43773483628556,33.55475040257649,7.212828770799785,6.159420289855072,7.568438003220612,,3.7238325281803544,,1.8988191089640365
160,14.969135802469136,5.622651637144391,19.410896403650028,32.58185721953838,7.152442297369833,6.159420289855072,7.568438003220612,,3.7238325281803544,,2.8113258185721954
161,14.935587761674718,5.622651637144391,19.390767579173378,31.776704240472355,8.447396672034353,5.723295759527644,7.568438003220612,,3.7238325281803544,,2.8113258185721954
162,14.969135802469136,5.622651637144391,18.874127750939344,31.642512077294686,9.111647879763822,5.6964573268921095,7.548309178743962,,3.7238325281803544,,2.8113258185721954
163,15.029522275899087,5.622651637144391,18.84728931830381,31.61567364465915,9.104938271604938,5.6964573268921095,7.548309178743962,,3.7238325281803544,,2.8113258185721954
164,14.955716586151368,5.548845947396672,18.84728931830381,31.602254428341386,9.064680622651638,4.5960815888352125,8.903650026838433,,3.670155662909286,,2.8113258185721954
165,14.828234031132581,5.434782608695652,18.699677938808374,31.790123456790123,9.064680622651638,4.8443370907139025,8.856682769726248,,3.670155662909286,,2.8113258185721954
166,14.781266774020397,5.434782608695652,17.438271604938272,31.790123456790123,9.064680622651638,4.817498658078368,8.856682769726248,,5.005367686527107,,2.8113258185721954
167,15.123456790123457,5.3341384863123995,17.424852388620504,30.387815351583466,10.084541062801932,4.817498658078368,8.856682769726248,,5.005367686527107,,2.965646806226516
168,15.425389157273216,5.3341384863123995,17.317498658078367,30.26033279656468,10.084541062801932,4.817498658078368,8.856682769726248,,4.938271604938271,,2.965646806226516
169,15.74074074074074,5.3341384863123995,17.317498658078367,30.132850241545892,9.903381642512077,4.810789049919484,8.856682769726248,,4.938271604938271,,2.965646806226516
170,15.76086956521739,5.3274288781535155,17.270531400966185,29.965110037573805,9.903381642512077,5.10601180891036,8.789586688137414,,4.938271604938271,,2.9388083735909825
171,15.566290928609769,5.3274288781535155,21.135265700483092,26.570048309178745,9.688674181427805,5.10601180891036,8.749329039184111,,4.918142780461621,,2.9388083735909825
172,15.70048309178744,5.307300053676865,21.24932903918411,26.120504562533547,9.621578099838969,5.045625335480408,8.655394524959743,,5.360976918947934,,2.9388083735909825
173,15.304616210413311,5.307300053676865,21.235909822866343,25.811862587224905,9.621578099838969,5.045625335480408,8.903650026838433,,5.83064949006978,,2.9388083735909825
174,15.391841116478798,5.293880837359098,21.235909822866343,25.811862587224905,9.594739667203436,5.045625335480408,8.883521202361782,,5.83064949006978,,2.9119699409554483
175,15.311325818572195,5.199946323134729,21.101717659688674,25.79844337090714,9.916800858829845,5.045625335480408,8.883521202361782,,5.83064949006978,,2.9119699409554483
176,15.666935050993022,5.199946323134729,20.437466451959207,25.409286097691894,9.916800858829845,5.045625335480408,10.02415458937198,,5.146269457863661,,3.1535158346752548
177,15.72061191626409,5.199946323134729,20.437466451959207,25.268384326355342,9.916800858829845,5.045625335480408,10.38647342995169,,4.884594739667204,,3.140096618357488
178,15.861513687600644,5.199946323134729,20.437466451959207,25.161030595813205,9.916800858829845,5.01207729468599,10.38647342995169,,4.884594739667204,,3.140096618357488
179,16.09634997316157,5.139559849704777,20.41062801932367,25.127482555018787,9.829575952764358,4.985238862050457,10.38647342995169,,4.884594739667204,,3.140096618357488
180,16.78743961352657,5.112721417069243,20.135534084809446,25.05367686527107,9.816156736446592,4.9718196457326895,10.36634460547504,,4.884594739667204,,2.871712292002147
181,17.458400429414922,5.112721417069243,19.6256038647343,24.818840579710145,9.816156736446592,4.931561996779388,10.218733225979603,,5.146269457863661,,2.871712292002147
182,17.599302200751477,5.10601180891036,19.6256038647343,24.771873322597962,9.809447128287708,4.864465915190553,10.218733225979603,,5.132850241545894,,2.871712292002147
183,17.867686527106816,5.025496511003757,19.538378958668815,24.48336017176597,9.809447128287708,4.8443370907139025,10.218733225979603,,5.10601180891036,,3.1065485775630703
184,17.921363392377884,5.025496511003757,19.538378958668815,24.476650563607084,9.809447128287708,4.8443370907139025,10.218733225979603,,5.059044551798175,,3.1065485775630703
185,15.405260332796564,2.9589371980676327,19.33709071390231,35.601180891035966,7.132313472893183,3.421900161030596,8.474235104669887,,5.246913580246914,,2.4221685453569513
186,15.432098765432098,2.9589371980676327,19.33709071390231,35.601180891035966,7.105475040257649,3.421900161030596,8.474235104669887,,5.246913580246914,,2.4221685453569513
187,15.438808373590982,2.9589371980676327,19.33709071390231,36.47342995169082,6.226516371443908,3.421900161030596,8.474235104669887,,5.246913580246914,,2.4221685453569513
188,15.83467525496511,2.9589371980676327,19.276704240472355,36.37949543746645,6.1862587224906065,3.3950617283950617,8.393719806763285,,5.152979066022544,,2.4221685453569513
189,15.398550724637682,2.9589371980676327,18.310520665593128,38.54669887278583,6.092324208266238,3.1870638754696725,8.07836822329576,,5.005367686527107,,2.4221685453569513
190,15.626677402039721,2.9589371980676327,18.310520665593128,38.45276435856146,5.958132045088567,3.1870638754696725,8.07836822329576,,5.005367686527107,,2.4221685453569513
191,15.687063875469672,2.9589371980676327,18.310520665593128,38.39237788513151,5.958132045088567,3.1870638754696725,8.07836822329576,,5.005367686527107,,2.4221685453569513
192,15.874932903918411,2.9052603327965647,18.21658615136876,38.097155126140635,5.958132045088567,3.1870638754696725,8.051529790660226,,5.287171229200215,,2.4221685453569513
193,15.901771336553946,2.9052603327965647,18.21658615136876,38.0703166935051,5.958132045088567,3.1870638754696725,8.051529790660226,,5.287171229200215,,2.4221685453569513
194,15.921900161030596,2.9052603327965647,18.21658615136876,37.97638217928073,5.958132045088567,3.1602254428341383,8.28636607622115,,5.280461621041331,,2.2946859903381642
195,15.687063875469672,2.898550724637681,17.06924315619968,37.5,6.092324208266238,5.112721417069243,7.682501341921632,,5.35426731078905,,2.6033279656468062
196,16.029253891572733,2.898550724637681,17.06924315619968,37.31213097155126,6.078904991948471,5.0791733762748255,7.682501341921632,,5.246913580246914,,2.6033279656468062
197,15.854804079441761,2.8918411164787976,17.06924315619968,37.25174449812131,6.0654857756307035,5.0791733762748255,7.944176060118089,,5.24020397208803,,2.6033279656468062
198,16.069511540526033,2.844873859366613,17.06924315619968,36.553945249597426,5.917874396135265,5.776972624798712,7.944176060118089,,5.24020397208803,,2.5831991411701556
199,15.921900161030596,2.844873859366613,16.545893719806763,36.252012882447666,6.025228126677402,5.776972624798712,8.816425120772946,,5.233494363929147,,2.5831991411701556
200,16.09634997316157,2.844873859366613,16.49892646269458,36.171497584541065,5.991680085882985,5.776972624798712,8.80300590445518,,5.233494363929147,,2.5831991411701556
201,15.593129361245303,2.6435856146001075,16.49892646269458,34.05126140633387,5.488459473966721,5.5689747718733225,12.761674718196458,,4.757112184648417,,2.636876006441224
202,15.60654857756307,2.6301663982823404,16.472088030059044,33.17230273752013,6.515029522275899,5.522007514761138,12.721417069243156,,4.723564143853999,,2.636876006441224
203,15.70048309178744,2.6301663982823404,16.445249597423512,32.91733762748255,6.515029522275899,5.522007514761138,12.721417069243156,,4.723564143853999,,2.8247450348899625
204,15.599838969404187,2.5831991411701556,15.774288781535159,32.32018250134192,7.011540526033279,5.522007514761138,13.707729468599034,,4.656468062265164,,2.8247450348899625
205,15.814546430488459,2.563070316693505,15.713902308105206,32.25979602791197,6.971282877079979,5.515297906602254,13.694310252281268,,4.643048845947397,,2.8247450348899625
206,16.284219001610307,2.563070316693505,15.687063875469672,32.1658615136876,6.971282877079979,5.515297906602254,13.358829844337091,,4.62962962962963,,2.8247450348899625
207,16.15673644659152,2.3752012882447664,15.660225442834138,31.52173913043478,8.910359634997317,5.515297906602254,12.674449812130971,,4.616210413311863,,2.5697799248523885
208,16.19699409554482,2.3617820719269993,15.653515834675256,31.50161030595813,8.910359634997317,5.515297906602254,12.674449812130971,,4.616210413311863,,2.5697799248523885
209,16.686795491143318,2.3617820719269993,15.599838969404187,31.340579710144926,8.836553945249598,5.314009661835748,12.674449812130971,,4.616210413311863,,2.5697799248523885
210,16.720343531937736,2.3617820719269993,15.599838969404187,31.32716049382716,8.836553945249598,5.314009661835748,12.654320987654321,,4.616210413311863,,2.5697799248523885
211,16.384863123993558,2.006172839506173,15.566290928609769,31.0252281266774,8.836553945249598,7.206119162640902,12.453032742887816,,3.9519592055823938,,2.5697799248523885
212,16.411701556629094,2.006172839506173,15.566290928609769,31.00509930220075,8.836553945249598,7.206119162640902,12.453032742887816,,3.9452495974235107,,2.5697799248523885
213,16.552603327965645,1.9860440150295222,15.559581320450885,30.971551261406333,8.776167471819646,7.206119162640902,12.432903918411165,,3.9452495974235107,,2.5697799248523885
214,16.606280193236714,1.9860440150295222,15.559581320450885,30.95813204508857,8.776167471819646,7.206119162640902,12.392646269457863,,3.9452495974235107,,2.5697799248523885
215,16.72705314009662,1.9860440150295222,15.479066022544284,30.95813204508857,8.776167471819646,7.206119162640902,12.352388620504563,,3.9452495974235107,,2.5697799248523885
216,16.70692431561997,1.9860440150295222,15.432098765432098,30.877616747181964,8.984165324745035,7.206119162640902,12.305421363392378,,3.9452495974235107,,2.5563607085346214
217,16.80756843800322,1.9860440150295222,15.411969940955448,30.844068706387546,8.984165324745035,7.206119162640902,12.258454106280194,,3.9452495974235107,,2.5563607085346214
218,16.894793344068706,1.9860440150295222,15.411969940955448,30.783682232957595,8.984165324745035,7.206119162640902,12.258454106280194,,3.9184111647879765,,2.5563607085346214
219,17.09608158883521,1.9860440150295222,14.982555018786902,30.54213633923779,8.796296296296296,8.21256038647343,12.23161567364466,,3.5963499731615673,,2.5563607085346214
220,17.391304347826086,1.9860440150295222,14.895330112721417,30.54213633923779,8.729200214707461,8.21256038647343,12.090713902308105,,3.5963499731615673,,2.5563607085346214
221,17.619431025228128,1.9793344068706387,14.55984970477724,30.320719269994633,7.96430488459474,9.380032206119163,12.02361782071927,,3.5963499731615673,,2.5563607085346214
222,17.478529253891573,1.9659151905528718,14.378690284487385,30.99838969404187,7.96430488459474,8.93719806763285,11.90955448201825,,3.81105743424584,,2.5563607085346214
223,17.67981749865808,1.9457863660762211,13.6808910359635,30.823939881910896,7.96430488459474,9.628287707997853,11.90955448201825,,3.81105743424584,,2.5563607085346214
224,17.337627482555018,1.6170155662909287,13.6808910359635,30.797101449275363,7.96430488459474,9.500805152979066,12.734836285560924,,3.81105743424584,,2.5563607085346214
225,17.559044551798173,1.6170155662909287,13.647342995169081,30.07246376811594,7.85024154589372,9.386741814278047,12.734836285560924,,3.81105743424584,,3.321256038647343
226,17.867686527106816,1.6170155662909287,13.56682769726248,29.676596886741816,8.185721953837897,9.219001610305957,12.734836285560924,,3.81105743424584,,3.321256038647343
227,17.793880837359097,1.6170155662909287,13.41250670960816,29.676596886741816,8.440687063875469,9.198872785829307,12.72812667740204,,3.81105743424584,,3.321256038647343
228,17.887815351583466,1.6170155662909287,13.378958668813741,28.797638217928075,8.407139023081053,10.433440687063875,12.674449812130971,,3.7909286097691894,,3.012614063338701
229,18.303811057434245,1.6170155662909287,13.345410628019323,28.797638217928075,8.36688137412775,10.111379495437467,12.654320987654321,,3.7909286097691894,,3.012614063338701
230,18.169618894256576,1.2546967257112185,12.95625335480408,28.388352120236178,7.75630703166935,10.030864197530864,14.647074610842727,,3.784219001610306,,3.012614063338701
231,18.183038110574344,1.2546967257112185,12.922705314009661,28.20048309178744,7.991143317230274,10.030864197530864,14.620236178207193,,3.784219001610306,,3.012614063338701
232,18.431293612453032,1.2546967257112185,12.922705314009661,28.14680622651637,7.991143317230274,10.030864197530864,14.53972088030059,,3.784219001610306,,2.898550724637681
233,17.45169082125604,1.2546967257112185,11.460010735373054,29.341116478797638,7.729468599033816,11.272141706924316,14.53972088030059,,4.052603327965647,,2.898550724637681
234,17.60601180891036,1.2546967257112185,11.460010735373054,29.21363392377885,7.6623725174449815,11.345947396672035,14.51959205582394,,4.052603327965647,,2.885131508319914
235,17.64626945786366,1.2546967257112185,11.292270531400966,29.200214707461082,7.796564680622652,11.285560923242082,14.626945786366075,,4.012345679012346,,2.885131508319914
236,17.59259259259259,1.2546967257112185,11.211755233494364,30.193236714975846,7.065217391304348,11.198336017176597,14.586688137412775,,4.012345679012346,,2.885131508319914
237,17.68652710681696,1.2546967257112185,11.16478797638218,30.173107890499196,7.058507783145465,11.198336017176597,14.579978529253891,,3.9989264626945786,,2.885131508319914
238,17.793880837359097,1.2546967257112185,11.144659151905529,30.139559849704778,7.051798174986581,11.198336017176597,14.533011272141707,,3.9989264626945786,,2.885131508319914
239,17.934782608695652,1.2546967257112185,11.131239935587761,30.112721417069242,7.051798174986581,11.198336017176597,14.445786366076222,,3.9855072463768115,,2.885131508319914
240,18.06897477187332,1.2546967257112185,11.131239935587761,30.038915727321523,7.051798174986581,11.18491680085883,14.432367149758454,,3.9519592055823938,,2.885131508319914
241,18.06897477187332,1.2546967257112185,11.131239935587761,30.038915727321523,7.051798174986581,11.18491680085883,14.432367149758454,,3.9519592055823938,,2.885131508319914
242,18.290391841116477,1.2546967257112185,11.104401502952227,30.038915727321523,7.326892109500805,10.829307568438002,14.318303811057435,,3.9519592055823938,,2.885131508319914
243,18.4447128287708,1.2546967257112185,10.983628556092324,30.038915727321523,7.326892109500805,10.795759527643586,14.318303811057435,,3.9519592055823938,,2.885131508319914
244,18.632581857219538,1.2546967257112185,10.983628556092324,30.14626945786366,7.300053676865271,10.527375201288244,14.184111647879764,,3.9519592055823938,,3.0193236714975846
245,18.67283950617284,1.2546967257112185,10.983628556092324,30.14626945786366,7.273215244229737,10.520665593129362,14.17740203972088,,3.9519592055823938,,3.0193236714975846
246,18.71309715512614,1.2546967257112185,10.950080515297907,30.14626945786366,7.273215244229737,10.520665593129362,14.17740203972088,,3.9452495974235107,,3.0193236714975846
247,18.45813204508857,1.2546967257112185,10.923242082662373,29.274020397208805,7.132313472893183,11.292270531400966,14.566559312936125,,4.079441760601181,,3.0193236714975846
248,18.585614600107355,1.2546967257112185,10.889694041867955,29.2337627482555,7.132313472893183,11.265432098765432,14.566559312936125,,4.052603327965647,,3.0193236714975846
249,18.78690284487386,1.2144390767579174,10.86285560923242,29.13311862587225,7.125603864734299,11.265432098765432,14.53972088030059,,4.052603327965647,,3.0193236714975846
