,45,50,52,53,57,55,54,51,56,58,59
0,78.48228663446055,21.517713365539453,,,,,,,,,
1,49.241814278046164,40.23752012882448,8.80300590445518,1.5633387010198605,0.15432098765432098,,,,,,
2,39.88862050456253,49.14117015566291,8.796296296296296,1.5633387010198605,0.15432098765432098,0.4562533548040794,,,,,
3,32.2866344605475,45.65217391304348,13.325281803542673,7.555018786902845,,,1.1808910359634996,,,,
4,32.49463231347289,38.0703166935051,26.482823403113258,1.7713365539452497,,,1.1808910359634996,,,,
5,29.810789049919485,40.19726247987118,24.10762211486849,2.328234031132582,,2.7844873859366612,0.7716049382716049,,,,
6,27.72410091250671,27.147074610842726,27.717391304347824,1.6304347826086956,,2.7844873859366612,0.32877079978529256,12.667740203972087,,,
7,27.214170692431562,27.67042404723564,27.70397208803006,1.6304347826086956,,2.7844873859366612,0.32877079978529256,12.667740203972087,,,
8,27.214170692431562,26.570048309178745,27.34165324745035,1.6304347826086956,,2.7844873859366612,1.7914653784219001,12.667740203972087,,,
9,27.509393451422437,26.549919484702095,27.30139559849705,1.6035963499731616,,2.7844873859366612,1.7914653784219001,12.4597423510467,,,
10,27.214170692431562,24.40955448201825,27.200751476113794,1.6035963499731616,,2.7442297369833604,1.7914653784219001,15.03623188405797,,,
11,27.194041867954912,24.18142780461621,26.8719806763285,1.6035963499731616,,3.1870638754696725,1.7914653784219001,14.841653247450349,0.32877079978529256,,
12,26.77133655394525,21.940418679549115,32.23295759527644,0.644122383252818,0.4092860976918948,2.918679549114332,1.7914653784219001,12.962962962962964,0.32877079978529256,,
13,26.77133655394525,21.544551798174986,32.2061191626409,0.9125067096081588,0.4092860976918948,3.0931293612453032,1.7914653784219001,12.942834138486312,0.32877079978529256,,
14,21.38352120236178,21.987385936661298,32.17257112184648,0.9125067096081588,0.4092860976918948,3.0931293612453032,1.7914653784219001,17.921363392377884,0.32877079978529256,,
15,21.591519055287172,21.833064949006978,31.984702093397747,0.9125067096081588,0.4092860976918948,3.227321524422974,1.7914653784219001,17.921363392377884,0.32877079978529256,,
16,20.799785292538918,17.485238862050455,36.902844873859365,0.9125067096081588,0.4092860976918948,3.0931293612453032,2.281266774020397,17.787171229200215,0.32877079978529256,,
17,20.249597423510465,15.405260332796564,29.314278046162105,0.9125067096081588,0.4092860976918948,2.9589371980676327,2.281266774020397,28.14009661835749,0.32877079978529256,,
18,20.564949006977994,15.365002683843263,29.09957058507783,0.8990874932903918,0.4092860976918948,2.9589371980676327,2.281266774020397,28.093129361245303,0.32877079978529256,,
19,20.605206655931294,15.33816425120773,29.09957058507783,0.8990874932903918,0.4092860976918948,2.9589371980676327,2.281266774020397,28.079710144927535,0.32877079978529256,,
20,20.759527643585614,15.297906602254429,28.931830381105744,0.8990874932903918,0.4092860976918948,2.791196994095545,2.281266774020397,27.979066022544284,0.6508319914117016,,
21,20.397208803005906,14.190821256038648,27.95222758990875,3.3480944712828773,0.4092860976918948,2.791196994095545,2.281266774020397,27.979066022544284,0.6508319914117016,,
22,20.571658615136876,14.184111647879764,27.885131508319915,3.3480944712828773,0.4092860976918948,2.791196994095545,2.281266774020397,27.87842190016103,0.6508319914117016,,
23,20.571658615136876,14.123725174449811,27.74422973698336,3.2004830917874396,0.5434782608695652,2.9924852388620504,2.7308105206655933,27.4422973698336,0.6508319914117016,,
24,20.28985507246377,12.419484702093397,27.603327965646805,2.771068169618894,0.5434782608695652,2.9052603327965647,2.341653247450349,30.689747718733226,0.43612453032742887,,
25,20.35024154589372,12.419484702093397,27.576489533011273,2.771068169618894,0.5434782608695652,2.9052603327965647,2.341653247450349,30.656199677938808,0.43612453032742887,,
26,20.377079978529252,12.419484702093397,27.469135802469136,2.771068169618894,0.48980139559849706,3.0394524959742353,2.341653247450349,30.656199677938808,0.43612453032742887,,
27,18.968062265163713,12.31213097155126,27.435587761674718,2.0397208803005906,0.48980139559849706,3.0394524959742353,2.2410091250670963,33.03811057434246,0.43612453032742887,,
28,18.391035963499732,11.708266237251744,24.60413311862587,0.9057971014492754,0.48980139559849706,2.818035426731079,2.100107353730542,38.54669887278583,0.43612453032742887,,
29,18.38432635534085,10.775630703166936,26.952495974235106,0.7783145464304885,0.48980139559849706,3.6500268384326353,2.0933977455716586,36.460010735373054,0.41599570585077833,,
30,17.834138486312398,11.392914653784219,26.952495974235106,1.4358561460010735,0.48980139559849706,3.616478797638218,2.0933977455716586,35.768921095008054,0.41599570585077833,,
31,18.115942028985508,11.392914653784219,26.7512077294686,1.4358561460010735,0.48980139559849706,3.750670960815888,1.9592055823939882,35.68840579710145,0.41599570585077833,,
32,15.398550724637682,10.581052066559312,22.38996242619431,0.9259259259259259,0.4092860976918948,3.643317230273752,1.415727321524423,44.82018250134192,0.41599570585077833,,
33,15.72061191626409,10.50053676865271,22.356414385399894,0.9259259259259259,0.4092860976918948,3.589640365002684,1.415727321524423,44.6658615136876,0.41599570585077833,,
34,15.747450348899624,10.50053676865271,22.228931830381107,0.9259259259259259,0.4092860976918948,3.8311862587224907,1.415727321524423,44.38405797101449,0.5568974771873323,,
35,14.88191089640365,10.23215244229737,23.45679012345679,0.9259259259259259,0.4092860976918948,3.797638217928073,1.415727321524423,44.32367149758454,0.5568974771873323,,
36,14.915458937198068,10.23215244229737,23.45679012345679,0.9259259259259259,0.4092860976918948,3.797638217928073,1.4090177133655395,44.296833064949006,0.5568974771873323,,
37,13.647342995169081,10.131508319914117,28.589640365002683,0.36231884057971014,0.4092860976918948,3.683574879227053,2.01959205582394,40.27777777777778,0.8789586688137413,,
38,13.674181427804616,10.131508319914117,35.42002147074611,0.36231884057971014,0.4092860976918948,3.683574879227053,2.01959205582394,33.42055823939882,0.8789586688137413,,
39,13.781535158346752,10.091250670960816,35.39318303811057,0.36231884057971014,0.4092860976918948,3.6500268384326353,2.01959205582394,33.42055823939882,0.8722490606548577,,
40,13.79495437466452,10.091250670960816,35.38647342995169,0.36231884057971014,0.4092860976918948,3.6500268384326353,2.01959205582394,33.41384863123994,0.8722490606548577,,
41,13.358829844337091,10.091250670960816,30.85077831454643,0.36231884057971014,0.05367686527106817,3.515834675254965,4.408212560386473,36.010466988727856,1.3486312399355878,,
42,13.238056897477188,10.453569511540525,30.58239398819109,0.9192163177670424,0.05367686527106817,3.4286097691894795,4.072732152442297,35.909822866344605,1.3419216317767042,,
43,13.405797101449275,10.420021470746109,30.52871712292002,0.9192163177670424,0.05367686527106817,3.4286097691894795,4.072732152442297,35.829307568438004,1.3419216317767042,,
44,13.627214170692431,10.420021470746109,30.360976918947934,0.9192163177670424,0.05367686527106817,3.3950617283950617,4.072732152442297,35.809178743961354,1.3419216317767042,,
45,13.707729468599034,10.225442834138486,30.293880837359097,0.9192163177670424,0.05367686527106817,3.3950617283950617,4.30756843800322,35.78234031132582,1.3150831991411702,,
46,11.419753086419753,8.521202361782072,30.246913580246915,0.6508319914117016,0.05367686527106817,3.3950617283950617,4.045893719806763,40.351583467525494,1.3150831991411702,,
47,10.990338164251208,9.98389694041868,29.24718196457327,0.6508319914117016,0.05367686527106817,3.3950617283950617,4.045893719806763,40.23752012882448,1.3955984970477724,,
48,11.077563070316694,9.957058507783145,29.1129898013956,0.6508319914117016,0.05367686527106817,3.3950617283950617,4.166666666666667,39.64036500268384,1.9457863660762211,,
49,8.3064949006978,8.353462157809984,28.166935050993022,0.6239935587761675,0.36902844873859364,2.6502952227589907,3.965378421900161,45.55823939881911,2.006172839506173,,
50,8.024691358024691,7.575147611379496,25.38244766505636,1.2144390767579174,0.36902844873859364,2.6502952227589907,3.965378421900161,49.342458400429415,1.4761137949543746,,
51,8.13875469672571,7.575147611379496,25.348899624261943,1.2144390767579174,0.36902844873859364,2.6502952227589907,3.9318303811057436,49.29549114331723,1.4761137949543746,,
52,8.333333333333334,7.575147611379496,25.281803542673106,1.2144390767579174,0.36902844873859364,2.6301663982823404,3.9318303811057436,49.18813741277509,1.4761137949543746,,
53,8.353462157809984,7.286634460547504,25.214707461084274,1.2144390767579174,0.36902844873859364,2.6167471819645733,6.031937734836285,46.88003220611916,2.033011272141707,,
54,8.393719806763285,7.004830917874396,25.033548040794418,1.2144390767579174,0.36902844873859364,2.6167471819645733,6.468062265163715,46.866612989801396,2.033011272141707,,
55,8.440687063875469,6.561996779388084,22.228931830381107,1.1272141706924315,0.36231884057971014,2.932098765432099,4.3545356951154055,52.274557165861516,1.7176596886741815,,
56,8.11862587224906,4.830917874396135,20.00805152979066,1.0466988727858293,0.36231884057971014,2.932098765432099,3.8311862587224907,57.29334406870639,1.5767579173376274,,
57,8.091787439613526,4.528985507246377,19.672571121846484,2.0665593129361244,0.36231884057971014,2.932098765432099,3.488996242619431,57.05179817498658,1.8048845947396672,,
58,8.259527643585615,4.528985507246377,19.57192699946323,2.0665593129361244,0.36231884057971014,2.932098765432099,3.488996242619431,56.837090713902306,1.9524959742351047,,
59,8.313204508856682,4.528985507246377,19.545088566827697,2.0665593129361244,0.36231884057971014,2.932098765432099,3.488996242619431,56.81025228126678,1.9524959742351047,,
60,8.447396672034353,4.4820182501341925,19.404186795491142,2.0665593129361244,0.36231884057971014,2.8381642512077296,4.019055287171229,56.31374127750939,2.0665593129361244,,
61,8.521202361782072,4.455179817498658,19.39747718733226,2.0397208803005906,0.36231884057971014,2.8381642512077296,4.019055287171229,55.81723027375201,2.5496511003757383,,
62,8.93719806763285,4.455179817498658,19.39747718733226,2.0397208803005906,0.36231884057971014,2.8381642512077296,3.9049919484702094,55.52871712292002,2.536231884057971,,
63,9.07139023081052,4.455179817498658,19.343800322061192,2.0397208803005906,0.36231884057971014,2.8381642512077296,3.898282340311326,54.93827160493827,3.052871712292002,,
64,9.473966720343531,4.455179817498658,18.914385399892645,2.0397208803005906,0.6977992485238862,2.8381642512077296,3.878153515834675,54.6833064949007,3.0193236714975846,,
65,9.514224369296834,4.2270531400966185,18.739935587761675,3.408480944712829,0.6977992485238862,2.8381642512077296,3.878153515834675,53.676865271068166,3.0193236714975846,,
66,5.790391841116479,46.242619431025226,7.7831454643048845,1.4761137949543746,0.27509393451422437,3.126677402039721,1.2278582930756843,32.05179817498658,2.0263016639828235,,
67,5.555555555555555,44.02844873859367,7.7361782071927,3.6231884057971016,0.27509393451422437,3.3011272141706924,1.7310789049919484,31.394256575415994,2.13365539452496,0.2214170692431562,
68,5.656199677938808,43.994900697799245,7.7361782071927,3.616478797638218,0.27509393451422437,3.3011272141706924,1.7310789049919484,31.333870101986044,2.13365539452496,0.2214170692431562,
69,5.662909286097692,43.954643048845945,7.7361782071927,5.595813204508857,0.27509393451422437,3.3011272141706924,1.7310789049919484,29.59608158883521,1.9256575415995705,0.2214170692431562,
70,5.750134192163178,43.86741814278046,7.7361782071927,5.595813204508857,0.27509393451422437,3.3011272141706924,1.7310789049919484,29.59608158883521,1.9256575415995705,0.2214170692431562,
71,5.864197530864198,38.868760064412236,7.286634460547504,5.488459473966721,0.27509393451422437,2.952227589908749,1.7310789049919484,35.38647342995169,1.9256575415995705,0.2214170692431562,
72,6.1929683306494905,38.446054750402574,7.286634460547504,5.488459473966721,0.27509393451422437,3.321256038647343,1.7310789049919484,35.11137949543747,1.9256575415995705,0.2214170692431562,
73,3.8848631239935587,34.66854535695116,4.542404723564144,4.99194847020934,0.27509393451422437,1.0466988727858293,1.7176596886741815,47.30944712828771,1.5230810520665594,0.040257648953301126,
74,4.079441760601181,34.56119162640902,4.502147074610843,4.891304347826087,0.27509393451422437,1.0131508319914118,1.7176596886741815,47.45034889962426,1.4694041867954912,0.040257648953301126,
75,4.49543746645196,31.99141170155663,4.502147074610843,3.9586688137412773,0.27509393451422437,1.5096618357487923,5.166398282340311,47.08803005904455,1.0131508319914118,,
76,4.810789049919484,31.99141170155663,4.502147074610843,3.9318303811057436,0.27509393451422437,1.482823403113258,4.998658078368224,46.99409554482018,1.0131508319914118,,
77,4.891304347826087,31.964573268921097,4.49543746645196,3.9318303811057436,0.27509393451422437,1.482823403113258,4.998658078368224,46.3768115942029,1.583467525496511,,
78,5.045625335480408,31.93773483628556,4.49543746645196,3.9318303811057436,0.27509393451422437,1.482823403113258,4.998658078368224,46.24932903918411,1.583467525496511,,
79,5.0791733762748255,30.776972624798713,4.49543746645196,3.9318303811057436,0.27509393451422437,1.4559849704777241,6.166129898013956,46.23590982286635,1.583467525496511,,
80,5.226784755770263,30.52200751476114,4.49543746645196,3.9318303811057436,0.27509393451422437,2.3617820719269993,8.085077831454644,43.545356951154055,1.556629092860977,,
81,5.314009661835748,30.515297906602253,4.49543746645196,3.9318303811057436,0.27509393451422437,2.3617820719269993,8.085077831454644,43.46484165324745,1.556629092860977,,
82,5.4549114331723025,30.48174986580784,4.49543746645196,3.9318303811057436,0.27509393451422437,2.3617820719269993,8.085077831454644,43.35748792270532,1.556629092860977,,
83,5.542136339237788,30.273752012882447,4.49543746645196,3.9318303811057436,0.27509393451422437,2.5161030595813205,8.07836822329576,43.243424584004295,1.6438539989264627,,
84,5.71658615136876,30.17981749865808,4.488727858293076,3.9318303811057436,0.27509393451422437,2.5161030595813205,8.051529790660226,42.981749865807835,1.8585614600107354,,
85,5.770263016639828,30.16639828234031,4.488727858293076,3.9318303811057436,0.27509393451422437,2.5161030595813205,8.051529790660226,42.941492216854535,1.8585614600107354,,
86,5.971551261406334,30.059044551798173,4.488727858293076,3.9318303811057436,0.27509393451422437,2.5161030595813205,8.031400966183575,42.45169082125604,2.2745571658615136,,
87,6.045356951154052,29.7638217928073,4.488727858293076,3.9318303811057436,0.27509393451422437,2.7979066022544283,8.017981749865807,42.40472356414385,2.2745571658615136,,
88,6.260064412238325,29.636339237788512,4.488727858293076,3.9318303811057436,0.27509393451422437,3.180354267310789,8.004562533548041,41.7740203972088,2.4490069779924855,,
89,4.663177670424047,32.90391841116479,4.159957058507783,3.193773483628556,0.27509393451422437,3.3011272141706924,7.877079978529254,41.176865271068166,2.4490069779924855,,
90,4.7168545356951155,32.809983896940416,2.7643585614600106,3.193773483628556,,3.3011272141706924,9.896672034353195,40.86822329575953,2.4490069779924855,,
91,4.938271604938271,32.776435856146,2.7308105206655933,3.193773483628556,,3.3011272141706924,9.896672034353195,40.747450348899626,2.4154589371980677,,
92,5.146269457863661,32.63553408480945,2.7308105206655933,3.1870638754696725,,3.3011272141706924,9.863123993558776,40.64009661835749,2.49597423510467,,
93,5.12614063338701,31.38083735909823,2.6033279656468062,3.240740740740741,,2.2879763821792807,9.25925925925926,44.02173913043478,2.0799785292538915,,
94,4.663177670424047,31.320450885668276,2.6033279656468062,12.00348899624262,,1.6774020397208802,9.245840042941492,36.963231347289316,1.5230810520665594,,
95,4.810789049919484,31.219806763285025,2.6033279656468062,12.00348899624262,,1.6774020397208802,9.198872785829307,36.963231347289316,1.5230810520665594,,
96,4.891304347826087,31.05877616747182,3.9989264626945786,11.506977992485238,,1.6774020397208802,8.997584541062801,35.97691894793344,1.7981749865807837,,0.0939345142243693
97,5.347557702630167,30.9044551798175,3.9855072463768115,11.506977992485238,,1.6706924315619969,8.816425120772946,35.48040794417606,2.1940418679549114,,0.0939345142243693
98,5.495169082125604,30.891035963499732,3.9855072463768115,11.506977992485238,,1.6706924315619969,8.756038647342995,35.40660225442834,2.1940418679549114,,0.0939345142243693
99,5.803811057434245,30.723295759527645,3.9855072463768115,11.506977992485238,,1.90552871712292,8.756038647342995,35.03086419753087,2.1940418679549114,,0.0939345142243693
100,6.092324208266238,29.408212560386474,3.9855072463768115,11.480139559849706,,2.0128824476650564,9.957058507783145,34.77589908749329,2.1940418679549114,,0.0939345142243693
101,6.595544820182502,29.388083735909824,3.9855072463768115,11.480139559849706,,2.0128824476650564,9.608158883521202,34.64170692431562,2.1940418679549114,,0.0939345142243693
102,6.380837359098229,22.993827160493826,3.9855072463768115,11.480139559849706,,1.6438539989264627,8.380300590445518,42.98845947396672,2.0531400966183573,,0.0939345142243693
103,6.360708534621578,22.973698336017176,3.9855072463768115,11.480139559849706,,1.6438539989264627,8.380300590445518,42.50536768652711,2.576489533011272,,0.0939345142243693
104,6.5485775630703165,22.973698336017176,3.9855072463768115,11.399624261943103,,1.6438539989264627,8.373590982286634,42.27724100912507,2.703972088030059,,0.0939345142243693
105,6.582125603864735,22.940150295222757,3.9855072463768115,11.399624261943103,,1.6438539989264627,8.373590982286634,41.97530864197531,3.0059044551798175,,0.0939345142243693
106,6.535158346752549,23.007246376811594,3.9855072463768115,11.399624261943103,,2.086688137412775,8.313204508856682,41.659957058507786,2.918679549114332,,0.0939345142243693
107,6.857219538378959,22.993827160493826,3.9855072463768115,12.74825550187869,,2.0799785292538915,8.232689210950081,40.21739130434783,2.791196994095545,,0.0939345142243693
108,5.709876543209877,19.30354267310789,10.809178743961352,11.990069779924852,0.7112184648416533,1.90552871712292,6.561996779388084,40.21739130434783,2.791196994095545,,
109,6.011808910359635,19.30354267310789,10.487117552334944,11.976650563607086,0.9997316156736447,1.90552871712292,6.508319914117015,40.06977992485239,2.737520128824477,,
110,6.1929683306494905,19.229736983360173,10.487117552334944,11.963231347289318,0.9997316156736447,1.90552871712292,6.508319914117015,39.87520128824477,2.8381642512077296,,
111,6.333870101986044,19.189479334406872,10.48040794417606,11.58749329039184,0.9997316156736447,1.90552871712292,6.910896403650026,39.781266774020395,2.8113258185721954,,
112,6.266774020397209,17.894524959742352,10.46027911969941,13.83521202361782,0.9997316156736447,1.2077294685990339,6.877348362855609,39.65378421900161,2.804616210413312,,
113,6.394256575415996,17.85426731078905,10.46027911969941,13.801663982823403,0.9997316156736447,1.2077294685990339,6.877348362855609,39.60010735373054,2.804616210413312,,
114,6.66935050993022,16.17686527106817,10.158346752549651,13.365539452495975,0.9997316156736447,0.9125067096081588,9.353193773483628,39.55984970477724,2.804616210413312,,
115,6.857219538378959,16.170155662909288,9.561191626409018,13.45276435856146,0.9997316156736447,0.9125067096081588,9.943639291465379,39.371980676328505,2.7308105206655933,,
116,7.0383789586688135,16.13660762211487,9.54777241009125,13.399087493290391,0.9728931830381106,0.9125067096081588,9.943639291465379,39.08346752549651,2.965646806226516,,
117,7.125603864734299,16.13660762211487,9.54777241009125,13.399087493290391,0.9728931830381106,0.9125067096081588,9.916800858829845,39.02308105206656,2.965646806226516,,
118,7.051798174986581,16.13660762211487,8.07836822329576,13.378958668813741,0.9728931830381106,0.9125067096081588,8.601717659688674,41.90150295222759,2.965646806226516,,
119,6.816961889425658,16.109769189479334,8.07836822329576,13.24476650563607,0.9728931830381106,1.4626945786366077,9.5276435856146,40.713902308105204,2.9388083735909825,0.13419216317767044,
120,6.78341384863124,15.136876006441224,8.017981749865807,13.217928073000536,0.9728931830381106,1.4626945786366077,11.18491680085883,39.35856146001073,3.730542136339238,0.13419216317767044,
121,6.796833064949007,15.123456790123457,8.017981749865807,13.217928073000536,0.9728931830381106,1.4626945786366077,11.18491680085883,39.35856146001073,3.730542136339238,0.13419216317767044,
122,6.796833064949007,15.123456790123457,8.017981749865807,13.217928073000536,0.9728931830381106,1.4626945786366077,11.18491680085883,39.35856146001073,3.730542136339238,0.13419216317767044,
123,7.139023081052066,14.915458937198068,7.977724100912507,13.217928073000536,0.9728931830381106,1.7646269457863661,11.16478797638218,39.01637144390767,3.69699409554482,0.13419216317767044,
124,7.440955448201825,14.915458937198068,7.454374664519592,13.727858293075684,0.9728931830381106,1.7646269457863661,11.064143853998926,38.55340848094471,3.9720880300590444,0.13419216317767044,
125,7.648953301127214,14.88191089640365,7.340311325818572,13.620504562533547,0.9728931830381106,1.7646269457863661,11.352657004830919,38.31186258722491,3.9720880300590444,0.13419216317767044,
126,7.716049382716049,14.834943639291465,7.340311325818572,13.613794954374665,0.9728931830381106,1.7646269457863661,11.352657004830919,38.10386473429951,4.166666666666667,0.13419216317767044,
127,7.266505636070853,14.774557165861514,6.696188942565755,6.025228126677402,0.5032206119162641,1.7579173376274826,10.258990874932904,48.65807836822329,4.05931293612453,,
128,7.39398819108964,14.774557165861514,6.662640901771336,6.025228126677402,0.7045088566827697,1.7579173376274826,10.057702630166398,48.56414385399893,4.05931293612453,,
129,7.461084272678476,14.76784755770263,6.649221685453569,6.025228126677402,0.7045088566827697,1.7579173376274826,10.057702630166398,48.51717659688674,4.05931293612453,,
130,7.185990338164252,13.056897477187333,6.481481481481482,8.433977455716587,0.7045088566827697,1.724369296833065,9.990606548577563,48.37627482555019,4.045893719806763,,
131,6.756575415995706,12.5402576489533,15.485775630703166,7.071926999463232,0.7045088566827697,0.7581857219538379,9.98389694041868,43.625872249060656,3.0730005367686526,,
132,6.850509930220075,12.506709608158884,15.458937198067632,7.071926999463232,0.7045088566827697,0.7581857219538379,9.957058507783145,43.625872249060656,3.066290928609769,,
133,6.89747718733226,12.506709608158884,15.458937198067632,7.071926999463232,0.6843800322061192,0.7581857219538379,9.936929683306495,43.35748792270532,3.3279656468062266,,
134,7.353730542136339,12.4597423510467,15.458937198067632,7.051798174986581,0.6843800322061192,0.7514761137949544,9.916800858829845,42.99516908212561,3.3279656468062266,,
135,7.568438003220612,12.432903918411165,15.432098765432098,6.91760601180891,0.5971551261406334,0.7514761137949544,10.138217928073,42.8341384863124,3.3279656468062266,,
136,6.977992485238862,10.326086956521738,20.974235104669887,6.387546967257112,0.4294149221685454,1.0802469135802468,9.31964573268921,41.46537842190016,3.0394524959742353,,
137,7.03166935050993,10.285829307568438,15.807836822329575,6.347289318303811,0.4294149221685454,1.0802469135802468,9.31964573268921,46.725711218464845,2.9723564143853998,,
138,7.4141170155662905,10.285829307568438,15.787707997852925,6.347289318303811,0.4294149221685454,1.0802469135802468,9.084809447128288,46.59822866344606,2.9723564143853998,,
139,7.467793880837359,10.285829307568438,15.774288781535159,6.347289318303811,0.4294149221685454,1.0802469135802468,9.07139023081052,46.57139023081052,2.9723564143853998,,
140,7.541599570585078,10.285829307568438,15.70048309178744,6.347289318303811,0.4294149221685454,1.0802469135802468,9.07139023081052,46.57139023081052,2.9723564143853998,,
141,7.6623725174449815,10.285829307568438,15.693773483628556,6.347289318303811,0.4294149221685454,1.0802469135802468,9.25925925925926,46.26945786366076,2.9723564143853998,,
142,7.749597423510467,10.285829307568438,15.653515834675256,6.347289318303811,0.4294149221685454,1.0802469135802468,9.252549651100376,46.22920021470746,2.9723564143853998,,
143,5.703166935050993,8.252818035426731,12.734836285560924,4.99194847020934,0.4294149221685454,0.18115942028985507,5.8172302737520125,59.044551798174986,2.844873859366613,,
144,5.844068706387547,8.064949006977992,14.31159420289855,4.978529253891573,0.4294149221685454,0.39586688137412773,5.8172302737520125,57.19940955448202,2.9589371980676327,,
145,6.159420289855072,8.064949006977992,14.264626945786366,4.944981213097155,0.4294149221685454,0.39586688137412773,5.8172302737520125,56.85050993022008,3.0730005367686526,,
146,6.152710681696189,8.064949006977992,13.170960815888352,6.206387546967257,0.4294149221685454,0.39586688137412773,5.8172302737520125,56.374127750939344,3.388352120236178,,
147,6.333870101986044,8.064949006977992,13.170960815888352,6.172839506172839,0.4294149221685454,0.39586688137412773,5.790391841116479,56.25335480407944,3.388352120236178,,
148,6.515029522275899,8.064949006977992,13.117283950617283,6.139291465378422,0.4294149221685454,0.39586688137412773,5.783682232957595,56.166129898013956,3.388352120236178,,
149,6.595544820182502,8.064949006977992,13.117283950617283,6.139291465378422,0.4294149221685454,0.39586688137412773,5.83064949006978,55.92458400429415,3.502415458937198,,
150,6.763285024154589,7.997852925389157,13.110574342458401,6.072195383789587,0.4294149221685454,0.39586688137412773,5.83064949006978,55.89774557165862,3.502415458937198,,
151,6.937734836285561,7.971014492753623,13.097155126140633,6.045356951154052,0.41599570585077833,0.39586688137412773,5.790391841116479,55.562265163714436,3.784219001610306,,
152,7.447665056360709,7.937466451959206,12.74825550187869,5.904455179817498,0.41599570585077833,0.39586688137412773,6.320450885668277,54.911433172302736,3.9184111647879765,,
153,5.911164787976382,4.508856682769726,11.976650563607086,4.810789049919484,0.2616747181964573,0.39586688137412773,5.475040257648954,63.37224906065486,3.2877079978529253,,
154,5.9514224369296835,4.428341384863124,12.258454106280194,4.810789049919484,0.04696725711218465,0.39586688137412773,5.448201825013419,63.10386473429951,3.556092324208266,,
155,5.998389694041868,4.428341384863124,12.258454106280194,4.810789049919484,0.04696725711218465,0.39586688137412773,5.387815351583468,62.62748255501879,4.045893719806763,,
156,6.1862587224906065,4.428341384863124,12.171229200214707,4.810789049919484,0.04696725711218465,0.39586688137412773,5.387815351583468,62.526838432635536,4.045893719806763,,
157,6.421095008051529,4.428341384863124,12.13768115942029,4.797369833601718,0.04696725711218465,0.39586688137412773,5.387815351583468,62.3389694041868,4.045893719806763,,
158,6.582125603864735,4.428341384863124,12.077294685990339,4.797369833601718,0.040257648953301126,0.39586688137412773,5.381105743424584,62.25174449812131,4.045893719806763,,
159,6.689479334406871,4.42163177670424,11.79549114331723,4.797369833601718,0.040257648953301126,0.6374127750939346,5.381105743424584,61.66129898013956,4.575952764358561,,
160,6.776704240472356,4.3478260869565215,11.782071926999464,4.797369833601718,0.040257648953301126,0.6374127750939346,5.381105743424584,61.37949543746645,4.85775630703167,,
161,6.884057971014493,4.3478260869565215,11.782071926999464,4.797369833601718,0.040257648953301126,0.6374127750939346,5.381105743424584,60.7085346215781,5.421363392377885,,
162,6.481481481481482,4.193505099302201,21.296296296296298,4.797369833601718,0.040257648953301126,0.6374127750939346,5.381105743424584,52.03972088030059,5.132850241545894,,
163,6.5485775630703165,4.193505099302201,21.276167471819647,4.797369833601718,0.040257648953301126,0.6374127750939346,5.381105743424584,51.55662909286098,5.5689747718733225,,
164,6.723027375201288,4.193505099302201,21.22249060654858,4.7168545356951155,0.040257648953301126,0.6374127750939346,5.381105743424584,51.2211486849168,5.864197530864198,,
165,7.0450885668276975,4.193505099302201,21.22249060654858,4.7168545356951155,0.040257648953301126,0.6374127750939346,5.381105743424584,50.899087493290395,5.864197530864198,,
166,7.286634460547504,4.193505099302201,21.22249060654858,4.7168545356951155,0.040257648953301126,0.6374127750939346,5.381105743424584,50.62399355877617,5.897745571658615,,
167,7.555018786902845,4.166666666666667,21.14868491680086,4.7168545356951155,0.040257648953301126,0.6374127750939346,5.381105743424584,50.496511003757384,5.857487922705314,,
168,7.809983896940419,4.166666666666667,21.141975308641975,4.7168545356951155,0.040257648953301126,0.6374127750939346,5.381105743424584,50.13419216317767,5.971551261406334,,
169,7.957595276435856,4.1532474503489,21.088298443370906,4.7168545356951155,0.040257648953301126,1.7713365539452497,5.381105743424584,48.91975308641975,5.971551261406334,,
170,8.085077831454644,4.1532474503489,21.088298443370906,4.696725711218465,0.040257648953301126,1.7713365539452497,5.374396135265701,48.61782071926999,6.172839506172839,,
171,8.313204508856682,3.898282340311326,21.061460010735374,4.542404723564144,0.040257648953301126,2.01959205582394,5.35426731078905,48.41653247450349,6.353998926462695,,
172,8.682232957595277,3.898282340311326,20.71256038647343,4.542404723564144,0.040257648953301126,2.01959205582394,5.35426731078905,48.39640365002684,6.353998926462695,,
173,8.957326892109501,3.8915727321524423,20.71256038647343,4.542404723564144,0.040257648953301126,2.006172839506173,5.35426731078905,48.15485775630703,6.340579710144928,,
174,9.125067096081589,3.8915727321524423,20.618625872249062,4.542404723564144,0.040257648953301126,2.006172839506173,5.35426731078905,48.081052066559316,6.340579710144928,,
175,9.66183574879227,3.717122920021471,20.222758990874933,4.320987654320987,0.040257648953301126,2.4020397208803006,5.35426731078905,48.01395598497048,6.266774020397209,,
176,9.688674181427805,3.717122920021471,20.142243692968332,4.1129898013955986,0.30864197530864196,2.4020397208803006,5.35426731078905,47.65163714439077,6.535158346752549,0.08722490606548577,
177,9.782608695652174,3.717122920021471,20.068438003220614,4.1129898013955986,0.30864197530864196,2.4020397208803006,5.35426731078905,47.63150831991412,6.535158346752549,0.08722490606548577,
178,9.856414385399892,3.717122920021471,20.021470746108427,4.1129898013955986,0.30864197530864196,2.4020397208803006,5.35426731078905,47.60466988727858,6.535158346752549,0.08722490606548577,
179,10.044283413848632,3.717122920021471,19.880568974771872,4.1129898013955986,0.30864197530864196,2.4020397208803006,5.320719269994632,47.59125067096082,6.535158346752549,0.08722490606548577,
180,10.165056360708535,3.717122920021471,19.880568974771872,4.0995705850778315,0.30864197530864196,2.4020397208803006,5.267042404723564,47.16183574879227,6.910896403650026,0.08722490606548577,
181,10.373054213633925,3.717122920021471,19.565217391304348,4.0995705850778315,0.30864197530864196,2.4020397208803006,5.226784755770263,47.02093397745572,7.199409554482019,0.08722490606548577,
182,10.38647342995169,3.717122920021471,19.558507783145465,4.0995705850778315,0.30864197530864196,2.4020397208803006,5.226784755770263,46.69216317767042,7.521470746108427,0.08722490606548577,
183,10.61460010735373,3.717122920021471,19.45786366076221,4.072732152442297,0.30864197530864196,2.4020397208803006,5.226784755770263,46.59151905528717,7.521470746108427,0.08722490606548577,
184,10.775630703166936,3.6097691894793345,19.444444444444443,4.072732152442297,0.30864197530864196,2.509393451422437,5.226784755770263,46.464036500268385,7.501341921631776,0.08722490606548577,
185,11.017176596886742,3.589640365002684,19.41760601180891,4.206924315619967,0.30864197530864196,2.576489533011272,5.119431025228127,46.18894256575416,7.48792270531401,0.08722490606548577,
186,11.191626409017713,3.589640365002684,19.316961889425656,4.186795491143317,0.30864197530864196,2.576489533011272,5.119431025228127,46.13526570048309,7.48792270531401,0.08722490606548577,
187,11.446591519055287,3.589640365002684,19.216317767042405,4.247181964573269,0.30864197530864196,2.5697799248523885,5.119431025228127,45.95410628019324,7.461084272678476,0.08722490606548577,
188,11.641170155662909,3.589640365002684,18.874127750939344,4.247181964573269,0.30864197530864196,2.5697799248523885,5.4616210413311865,45.189210950080515,8.031400966183575,0.08722490606548577,
189,11.66129898013956,3.589640365002684,18.840579710144926,4.2203435319377345,0.30864197530864196,2.945517981749866,5.4616210413311865,44.880568974771876,8.004562533548041,0.08722490606548577,
190,11.81561996779388,3.589640365002684,18.766774020397207,4.2203435319377345,0.30864197530864196,2.945517981749866,5.4616210413311865,44.81347289318304,7.991143317230274,0.08722490606548577,
191,11.990069779924852,3.589640365002684,18.726516371443907,4.206924315619967,0.30864197530864196,2.932098765432099,5.4616210413311865,44.77992485238862,7.917337627482555,0.08722490606548577,
192,12.110842726784755,3.589640365002684,18.699677938808374,4.206924315619967,0.30864197530864196,2.932098765432099,5.4616210413311865,44.69940955448202,7.9039184111647875,0.08722490606548577,
193,12.104133118625873,3.5628019323671496,18.659420289855074,4.206924315619967,0.30864197530864196,2.932098765432099,5.58239398819109,44.65244229736983,7.9039184111647875,0.08722490606548577,
194,12.177938808373591,3.4822866344605474,18.625872249060656,4.206924315619967,0.30864197530864196,3.0730005367686526,5.58239398819109,44.437734836285564,8.017981749865807,0.08722490606548577,
195,11.90955448201825,3.4822866344605474,18.04884594739667,4.180085882984434,0.30864197530864196,3.0595813204508855,7.058507783145465,43.853998926462694,8.011272141706923,0.08722490606548577,
196,11.862587224906065,3.4822866344605474,17.67981749865808,4.180085882984434,0.30864197530864196,3.3011272141706924,7.058507783145465,43.71980676328502,8.319914117015566,0.08722490606548577,
197,11.849168008588299,3.4822866344605474,17.652979066022546,4.180085882984434,0.30864197530864196,3.6097691894793345,6.977992485238862,43.4044551798175,8.447396672034353,0.08722490606548577,
198,11.936392914653783,3.4822866344605474,17.579173376274827,4.133118625872249,0.30864197530864196,3.6097691894793345,7.434245840042942,43.001878690284485,8.427267847557703,0.08722490606548577,
199,12.204777241009126,3.4822866344605474,17.424852388620504,4.133118625872249,0.30864197530864196,3.5829307568438002,7.434245840042942,42.914653784219,8.427267847557703,0.08722490606548577,
200,12.338969404186795,3.4688674181427803,17.398013955984972,4.133118625872249,0.30864197530864196,3.864734299516908,7.4141170155662905,42.56575415995706,8.420558239398819,0.08722490606548577,
201,12.513419216317766,3.4688674181427803,17.398013955984972,4.133118625872249,0.30864197530864196,3.864734299516908,7.380568974771873,42.43156199677939,8.413848631239935,0.08722490606548577,
202,12.587224906065487,3.4688674181427803,17.324208266237253,4.388083735909823,0.30864197530864196,3.864734299516908,7.380568974771873,42.43156199677939,8.158883521202362,0.08722490606548577,
203,12.681159420289855,3.4688674181427803,17.310789049919485,4.388083735909823,0.30864197530864196,4.079441760601181,7.37385936661299,42.20343531937735,8.09849704777241,0.08722490606548577,
204,12.989801395598498,3.4688674181427803,17.310789049919485,4.28743961352657,0.30864197530864196,4.079441760601181,7.514761137949543,41.88137412775094,8.071658615136876,0.08722490606548577,
205,13.036768652710682,3.4688674181427803,17.297369833601717,4.28743961352657,0.30864197530864196,4.079441760601181,7.514761137949543,41.84782608695652,8.071658615136876,0.08722490606548577,
206,13.197799248523886,3.4688674181427803,17.250402576489535,4.28743961352657,0.30864197530864196,4.079441760601181,7.514761137949543,41.76060118089104,8.044820182501342,0.08722490606548577,
207,13.217928073000536,3.4688674181427803,17.23027375201288,4.28743961352657,0.30864197530864196,4.079441760601181,7.514761137949543,41.76060118089104,8.044820182501342,0.08722490606548577,
208,13.694310252281268,3.4688674181427803,17.196725711218466,4.28743961352657,0.30864197530864196,3.9720880300590444,7.514761137949543,41.57944176060118,7.890499194847021,0.08722490606548577,
209,13.754696725711218,3.4688674181427803,17.19001610305958,4.260601180891036,0.30864197530864196,3.9720880300590444,7.514761137949543,41.55260332796565,7.890499194847021,0.08722490606548577,
210,13.841921631776705,3.4621578099838968,17.16988727858293,4.240472356414386,0.30864197530864196,3.9720880300590444,7.514761137949543,41.51905528717123,7.883789586688137,0.08722490606548577,
211,13.144122383252817,3.4621578099838968,16.11647879763822,9.05126140633387,0.30864197530864196,3.9049919484702094,7.514761137949543,38.62721417069243,7.7831454643048845,0.08722490606548577,
212,13.217928073000536,3.4621578099838968,16.11647879763822,9.05126140633387,0.30864197530864196,3.9049919484702094,7.481213097155126,38.58695652173913,7.7831454643048845,0.08722490606548577,
213,13.264895330112722,3.4621578099838968,16.11647879763822,9.05126140633387,0.30864197530864196,3.9049919484702094,7.481213097155126,38.539989264626946,7.7831454643048845,0.08722490606548577,
214,13.305152979066023,3.4621578099838968,16.11647879763822,9.037842190016104,0.30864197530864196,3.9049919484702094,7.481213097155126,38.53327965646806,7.763016639828234,0.08722490606548577,
215,13.305152979066023,3.4621578099838968,16.11647879763822,9.037842190016104,0.30864197530864196,3.9049919484702094,7.481213097155126,38.53327965646806,7.763016639828234,0.08722490606548577,
216,13.331991411701557,3.4621578099838968,16.069511540526033,8.977455716586151,0.30864197530864196,4.03918411164788,7.481213097155126,37.80864197530864,8.433977455716587,0.08722490606548577,
217,12.775093934514224,3.421900161030596,20.538110574342458,8.93719806763285,0.30864197530864196,3.978797638217928,7.481213097155126,34.66183574879227,7.809983896940419,0.08722490606548577,
218,12.822061191626409,3.3816425120772946,20.50456253354804,8.735909822866345,0.5770263016639828,3.978797638217928,7.440955448201825,34.50080515297907,7.971014492753623,0.08722490606548577,
219,12.929414922168545,3.3816425120772946,20.44417606011809,8.729200214707461,0.5770263016639828,3.978797638217928,7.440955448201825,34.46054750402576,7.971014492753623,0.08722490606548577,
220,12.962962962962964,3.3816425120772946,20.41062801932367,8.729200214707461,0.5770263016639828,3.978797638217928,7.440955448201825,34.46054750402576,7.971014492753623,0.08722490606548577,
221,13.056897477187333,3.3816425120772946,20.336822329575952,8.729200214707461,0.5770263016639828,3.978797638217928,7.440955448201825,34.44041867954911,7.971014492753623,0.08722490606548577,
222,12.895866881374127,3.3413848631239937,21.712292002147073,8.400429414922169,0.5300590445517982,3.9452495974235107,6.944444444444445,34.064680622651636,8.07836822329576,0.08722490606548577,
223,12.989801395598498,3.3413848631239937,21.69887278582931,8.400429414922169,0.5300590445517982,3.911701556629093,6.944444444444445,34.05126140633387,8.044820182501342,0.08722490606548577,
224,13.123993558776167,3.3413848631239937,21.604938271604937,8.36688137412775,0.5300590445517982,3.911701556629093,7.206119162640902,33.89023081052066,7.937466451959206,0.08722490606548577,
225,13.425925925925926,3.3413848631239937,21.584809447128286,8.36688137412775,0.5300590445517982,3.8177670424047236,7.179280730005368,33.74932903918411,7.917337627482555,0.08722490606548577,
226,13.553408480944713,3.3145464304884595,21.584809447128286,8.340042941492216,0.5300590445517982,3.8177670424047236,7.179280730005368,33.682232957595275,7.9106280193236715,0.08722490606548577,
227,13.063607085346217,3.3145464304884595,25.187869028448738,8.313204508856682,0.5300590445517982,3.8177670424047236,7.179280730005368,30.723295759527645,7.7831454643048845,0.08722490606548577,
