,45,50,52,55,51,53,54,57,60,59,58,56
0,99.89935587761674,0.10064412238325282,,,,,,,,,,
1,97.61808910359635,2.38191089640365,,,,,,,,,,
2,97.38996242619432,2.61003757380569,,,,,,,,,,
3,94.04857756307031,5.9514224369296835,,,,,,,,,,
4,46.05475040257649,53.878153515834676,0.06709608158883522,,,,,,,,,
5,45.819914117015564,54.03918411164788,0.06709608158883522,0.07380568974771873,,,,,,,,
6,44.12909286097692,55.73000536768653,0.06709608158883522,0.07380568974771873,,,,,,,,
7,37.67444981213097,50.946054750402574,,3.6902844873859366,7.689210950080516,,,,,,,
8,36.22517444981213,52.09339774557166,0.20799785292538917,3.8378958668813743,7.635534084809447,,,,,,,
9,34.447128287708,53.44202898550725,0.08722490606548577,4.119699409554482,7.635534084809447,0.2683843263553409,,,,,,
10,34.46054750402576,48.349436392914654,0.08722490606548577,7.561728395061729,7.568438003220612,0.2683843263553409,1.7042404723564144,,,,,
11,33.93719806763285,46.02791196994095,0.08722490606548577,8.380300590445518,7.568438003220612,2.2946859903381642,1.7042404723564144,,,,,
12,32.689210950080515,43.80032206119163,0.08722490606548577,8.61513687600644,9.172034353193773,2.1403650026838434,3.3682232957595275,0.1274825550187869,,,,
13,30.099302200751477,44.50483091787439,0.08722490606548577,8.655394524959743,9.172034353193773,2.1403650026838434,5.213365539452496,0.1274825550187869,,,,
14,30.253623188405797,43.283682232957595,0.08722490606548577,9.54777241009125,8.99087493290392,2.1403650026838434,5.5689747718733225,0.1274825550187869,,,,
15,30.273752012882447,42.99516908212561,0.16774020397208803,9.567901234567902,9.158615136876007,2.1403650026838434,5.5689747718733225,0.1274825550187869,,,,
16,30.381105743424584,42.86768652710682,0.16774020397208803,9.588030059044552,9.158615136876007,2.1403650026838434,5.5689747718733225,0.1274825550187869,,,,
17,18.55877616747182,63.29173376274826,0.1610305958132045,9.50751476113795,0.9326355340848095,2.1403650026838434,5.280461621041331,0.1274825550187869,,,,
18,18.800322061191626,62.60735373054214,0.1610305958132045,9.96376811594203,0.9326355340848095,2.1269457863660763,5.280461621041331,0.1274825550187869,,,,
19,18.9345142243693,60.41331186258722,0.4562533548040794,9.96376811594203,0.9326355340848095,4.1129898013955986,4.99194847020934,0.1274825550187869,0.06709608158883522,,,
20,17.767042404723565,61.3593666129898,0.4562533548040794,10.044283413848632,1.093666129898014,4.0995705850778315,4.891304347826087,0.1274825550187869,0.06709608158883522,0.0939345142243693,,
21,17.793880837359097,58.843263553408484,0.4562533548040794,12.29200214707461,1.093666129898014,4.206924315619967,4.891304347826087,0.1274825550187869,0.06709608158883522,0.2281266774020397,,
22,18.17632850241546,58.19243156199678,0.4562533548040794,12.634192163177671,1.093666129898014,4.133118625872249,4.891304347826087,0.1274825550187869,0.06709608158883522,0.2281266774020397,,
23,18.337359098228664,57.59527643585615,0.4562533548040794,12.553676865271068,1.093666129898014,5.2066559312936125,4.334406870638754,0.1274825550187869,0.06709608158883522,0.2281266774020397,,
24,18.739935587761675,53.938539989264626,0.3757380568974772,12.5402576489533,1.093666129898014,5.2066559312936125,7.682501341921632,0.1274825550187869,0.06709608158883522,0.2281266774020397,,
25,18.67283950617284,53.35480407944176,0.46296296296296297,12.721417069243156,1.0802469135802468,5.2066559312936125,7.689210950080516,0.1274825550187869,0.06709608158883522,0.2281266774020397,0.38915727321524424,
26,18.612453032742888,51.15405260332797,0.46296296296296297,11.862587224906065,1.0332796564680622,8.440687063875469,7.62211486849168,0.1274825550187869,0.06709608158883522,0.2281266774020397,0.38915727321524424,
27,18.887546967257112,50.95276435856146,0.46296296296296297,11.688137412775093,1.0332796564680622,8.407139023081053,7.709339774557166,0.17444981213097155,0.06709608158883522,0.2281266774020397,0.38915727321524424,
28,19.088835212023618,50.1207729468599,0.46296296296296297,12.278582930756844,1.1137949543746646,8.380300590445518,7.695920558239399,0.17444981213097155,0.06709608158883522,0.2281266774020397,0.38915727321524424,
29,19.276704240472355,49.75174449812131,0.46296296296296297,12.473161567364466,1.1137949543746646,8.36688137412775,7.561728395061729,0.30864197530864196,0.06709608158883522,0.2281266774020397,0.38915727321524424,
30,19.390767579173378,49.664519592055825,0.46296296296296297,12.379227053140097,1.1003757380568975,8.36688137412775,7.568438003220612,0.30864197530864196,0.14090177133655393,0.2281266774020397,0.38915727321524424,
31,16.0426731078905,50.617283950617285,0.43612453032742887,11.741814278046162,1.0332796564680622,11.265432098765432,7.836822329575953,0.2683843263553409,0.14090177133655393,0.2281266774020397,0.38915727321524424,
32,16.284219001610307,49.8389694041868,0.43612453032742887,12.278582930756844,1.0332796564680622,11.144659151905529,7.836822329575953,0.2683843263553409,0.14090177133655393,0.2281266774020397,0.5099302200751477,
33,16.55931293612453,49.57729468599034,0.43612453032742887,12.352388620504563,1.0332796564680622,11.084272678475577,7.836822329575953,0.24154589371980675,0.14090177133655393,0.2281266774020397,0.5099302200751477,
34,16.75389157273215,48.691626409017715,0.43612453032742887,12.647611379495437,1.0332796564680622,10.950080515297907,7.816693505099302,0.24154589371980675,0.14090177133655393,0.2281266774020397,0.644122383252818,0.41599570585077833
35,16.80756843800322,46.37010198604401,0.43612453032742887,12.842190016103059,1.1943102522812667,12.902576489533011,7.776435856146001,0.24154589371980675,0.14090177133655393,0.2281266774020397,0.644122383252818,0.41599570585077833
36,16.57944176060118,45.95410628019324,0.4227053140096618,12.842190016103059,1.1943102522812667,13.600375738056897,7.776435856146001,0.24154589371980675,0.14090177133655393,0.2281266774020397,0.6038647342995169,0.41599570585077833
37,16.70692431561997,45.42404723564144,0.4227053140096618,11.366076221148685,1.0802469135802468,15.391841116478798,7.971014492753623,0.33548040794417605,0.14090177133655393,0.2281266774020397,0.6038647342995169,0.32877079978529256
38,16.6532474503489,45.61862587224906,0.4227053140096618,11.325818572195384,1.0802469135802468,15.197262479871176,7.971014492753623,0.33548040794417605,0.14090177133655393,0.2281266774020397,0.6977992485238862,0.32877079978529256
39,16.170155662909288,43.82045088566828,0.4227053140096618,11.3191089640365,3.535963499731616,15.056360708534621,7.944176060118089,0.33548040794417605,0.14090177133655393,0.2281266774020397,0.6977992485238862,0.32877079978529256
40,16.33118625872249,43.39774557165862,0.49651100375738055,11.33923778851315,3.535963499731616,14.928878153515834,8.07836822329576,0.33548040794417605,0.14090177133655393,0.2281266774020397,0.8588298443370908,0.32877079978529256
41,17.03569511540526,43.03542673107891,0.49651100375738055,11.325818572195384,3.421900161030596,14.700751476113794,8.017981749865807,0.33548040794417605,0.1274825550187869,0.2281266774020397,0.9460547504025765,0.32877079978529256
42,16.901502952227588,42.86768652710682,2.4825550187869028,10.896403650026839,3.421900161030596,14.465915190552872,6.971282877079979,0.33548040794417605,0.1274825550187869,0.2549651100375738,0.9460547504025765,0.32877079978529256
43,16.881374127750938,41.08964036500269,2.462426194310252,10.50053676865271,3.421900161030596,14.412238325281804,9.252549651100376,0.322061191626409,0.1274825550187869,0.2549651100375738,0.9460547504025765,0.32877079978529256
44,16.988727858293075,40.915190552871714,2.509393451422437,10.466988727858293,3.4151905528717124,14.412238325281804,9.312936124530328,0.322061191626409,0.1274825550187869,0.2549651100375738,0.9460547504025765,0.32877079978529256
45,17.183306494900698,40.07648953301127,2.509393451422437,10.88298443370907,3.4151905528717124,15.11003757380569,8.635265700483092,0.46967257112184646,0.1274825550187869,0.2281266774020397,1.0869565217391304,0.27509393451422437
46,17.357756307031668,39.64036500268384,3.1468062265163717,10.84272678475577,3.3950617283950617,14.989264626945786,8.387010198604402,0.46967257112184646,0.1274825550187869,0.2281266774020397,1.1406333870101986,0.27509393451422437
47,17.619431025228128,38.821792807300056,3.1333870101986045,11.171497584541063,3.3950617283950617,14.868491680085883,8.668813741277509,0.46967257112184646,0.0939345142243693,0.3421900161030596,1.1406333870101986,0.27509393451422437
48,17.847557702630166,37.35909822866345,3.1333870101986045,12.426194310252281,3.3816425120772946,14.714170692431562,8.655394524959743,0.46967257112184646,0.0939345142243693,0.3421900161030596,1.3016639828234031,0.27509393451422437
49,18.02871712292002,37.0504562533548,2.965646806226516,12.614063338701019,3.2340311325818574,14.626945786366075,8.628556092324208,0.46967257112184646,0.0939345142243693,0.3421900161030596,1.3888888888888888,0.5568974771873323
50,17.277241009125067,35.03086419753087,5.119431025228127,11.889425657541599,3.7104133118625873,13.117283950617283,10.997047772410092,0.5568974771873323,0.0939345142243693,0.322061191626409,1.328502415458937,0.5568974771873323
51,17.834138486312398,34.75577026301664,5.119431025228127,12.057165861513688,3.4621578099838968,12.822061191626409,11.245303274288782,0.5367686527106817,0.05367686527106817,0.322061191626409,1.2345679012345678,0.5568974771873323
52,17.8743961352657,34.41358024691358,5.0993022007514766,12.037037037037036,3.5762211486849167,12.93612453032743,11.3593666129898,0.5367686527106817,0.05367686527106817,0.322061191626409,1.2345679012345678,0.5568974771873323
53,17.92807300053677,34.10493827160494,5.595813204508857,11.976650563607086,3.2541599570585076,12.801932367149758,11.721685453569512,0.4495437466451959,0.05367686527106817,0.322061191626409,1.2345679012345678,0.5568974771873323
54,17.62614063338701,34.94363929146538,5.528717122920021,11.748523886205046,3.052871712292002,12.795222758990874,11.721685453569512,0.4495437466451959,0.05367686527106817,0.2885131508319914,1.2345679012345678,0.5568974771873323
55,17.68652710681696,34.39345142243693,5.501878690284487,11.419753086419753,3.052871712292002,12.694578636607622,12.895866881374127,0.4495437466451959,0.05367686527106817,0.2885131508319914,1.1876006441223832,0.3757380568974772
56,17.975040257648953,34.09151905528717,5.501878690284487,11.33923778851315,3.052871712292002,12.4597423510467,13.22463768115942,0.4495437466451959,0.05367686527106817,0.2885131508319914,1.1876006441223832,0.3757380568974772
57,17.74020397208803,32.90391841116479,5.441492216854535,10.775630703166936,5.2066559312936125,12.385936661298981,13.003220611916264,0.4428341384863124,0.05367686527106817,0.28180354267310787,1.2681159420289856,0.49651100375738055
58,18.04884594739667,31.863929146537842,7.924047235641439,10.326086956521738,3.589640365002684,12.473161567364466,13.231347289318304,0.4428341384863124,0.05367686527106817,0.28180354267310787,1.2681159420289856,0.49651100375738055
59,18.67283950617284,31.5150295222759,7.7898550724637685,10.23215244229737,3.515834675254965,12.412775093934513,13.18438003220612,0.4428341384863124,0.05367686527106817,0.41599570585077833,1.2681159420289856,0.49651100375738055
60,10.144927536231885,53.515834675254965,8.78287707997853,6.749865807836822,3.099838969404187,10.071121846484166,5.394524959742351,0.20128824476650564,0.05367686527106817,0.3824476650563607,0.9594739667203436,0.644122383252818
61,10.319377348362856,52.925389157273216,8.78287707997853,7.320182501341922,3.099838969404187,10.02415458937198,5.360976918947934,0.19457863660762212,0.05367686527106817,0.3824476650563607,0.8923778851315083,0.644122383252818
62,10.607890499194847,52.37520128824477,8.84326355340848,7.555018786902845,3.026033279656468,9.98389694041868,5.347557702630167,0.19457863660762212,0.05367686527106817,0.3824476650563607,0.8923778851315083,0.7380568974771873
63,10.88298443370907,51.57675791733763,8.816425120772946,7.7831454643048845,3.026033279656468,10.48040794417606,4.8443370907139025,0.4092860976918948,0.05367686527106817,0.3824476650563607,0.8923778851315083,0.8521202361782072
64,10.990338164251208,49.5504562533548,8.796296296296296,9.695383789586689,3.026033279656468,10.413311862587225,4.824208266237251,0.4092860976918948,0.05367686527106817,0.3824476650563607,1.0064412238325282,0.8521202361782072
65,11.3593666129898,48.76543209876543,8.789586688137414,10.279119699409554,3.026033279656468,10.265700483091788,4.824208266237251,0.4092860976918948,0.05367686527106817,0.3824476650563607,0.9930220075147611,0.8521202361782072
66,11.634460547504025,48.18840579710145,8.756038647342995,10.721953837895867,2.918679549114332,10.205314009661835,4.931561996779388,0.4092860976918948,0.05367686527106817,0.3824476650563607,0.9930220075147611,0.8051529790660226
67,11.882716049382717,47.96698872785829,8.890230810520666,10.68840579710145,2.918679549114332,10.037573805689748,4.864465915190553,0.4092860976918948,0.05367686527106817,0.3824476650563607,1.1003757380568975,0.8051529790660226
68,12.13768115942029,47.296027911969944,8.890230810520666,11.124530327428879,2.918679549114332,10.037573805689748,4.8443370907139025,0.4092860976918948,0.05367686527106817,0.3824476650563607,1.1003757380568975,0.8051529790660226
69,12.057165861513688,43.63258185721954,8.890230810520666,11.379495437466453,2.918679549114332,10.38647342995169,7.863660762211487,0.4092860976918948,0.05367686527106817,0.5032206119162641,1.1003757380568975,0.8051529790660226
70,12.305421363392378,43.203166935050994,8.68894256575416,11.43317230273752,2.9119699409554483,10.238862050456254,7.924047235641439,0.5501878690284487,0.05367686527106817,0.5032206119162641,0.9393451422436929,1.247987117552335
71,12.372517444981213,43.10923242082662,7.763016639828234,11.379495437466453,4.320987654320987,9.822866344605474,7.87037037037037,0.5501878690284487,0.05367686527106817,0.5032206119162641,0.8990874932903918,1.3553408480944713
72,12.379227053140097,42.78046162104133,7.50805152979066,11.3191089640365,4.320987654320987,10.896403650026839,7.85024154589372,0.5501878690284487,0.05367686527106817,0.5032206119162641,0.798443370907139,1.0399892646269457
73,12.607353730542137,42.47181964573269,7.50805152979066,11.533816425120772,4.300858829844337,10.889694041867955,7.85024154589372,0.5501878690284487,0.05367686527106817,0.5032206119162641,0.798443370907139,0.9326355340848095
74,12.781803542673108,42.3443370907139,7.481213097155126,11.66129898013956,4.186795491143317,10.88298443370907,7.75630703166935,0.5434782608695652,0.05367686527106817,0.5770263016639828,0.798443370907139,0.9326355340848095
75,12.842190016103059,40.79441760601181,7.313472893183038,13.378958668813741,4.186795491143317,10.903113258185721,7.588566827697263,0.644122383252818,0.05367686527106817,0.5770263016639828,0.798443370907139,0.9192163177670424
76,12.95625335480408,40.50590445517982,7.313472893183038,13.593666129898015,4.180085882984434,10.876274825550189,7.581857219538379,0.644122383252818,0.05367686527106817,0.5770263016639828,0.798443370907139,0.9192163177670424
77,13.009930220075148,39.821524422973695,7.313472893183038,13.39237788513151,4.03918411164788,10.768921095008052,8.474235104669887,0.6172839506172839,0.05367686527106817,0.5770263016639828,0.798443370907139,1.133923778851315
78,12.97638217928073,39.57326892109501,7.313472893183038,13.620504562533547,4.019055287171229,10.715244229736983,8.722490606548577,0.6172839506172839,0.05367686527106817,0.5770263016639828,0.6910896403650026,1.1205045625335481
79,13.446054750402576,39.22436929683307,7.300053676865271,13.526570048309178,3.978797638217928,10.695115405260333,8.769457863660762,0.6172839506172839,0.05367686527106817,0.5770263016639828,0.6910896403650026,1.1205045625335481
80,13.7211486849168,37.063875469672574,7.152442297369833,15.150295222758992,3.978797638217928,10.86285560923242,8.957326892109501,0.6172839506172839,0.05367686527106817,0.5770263016639828,0.6910896403650026,1.1741814278046163
81,13.841921631776705,35.19189479334407,7.152442297369833,16.411701556629094,3.978797638217928,10.755501878690284,9.554482018250134,0.6172839506172839,0.05367686527106817,0.5770263016639828,0.6910896403650026,1.1741814278046163
82,13.747987117552334,31.689479334406872,7.105475040257649,16.774020397208805,3.978797638217928,10.72866344605475,12.86231884057971,0.6172839506172839,0.05367686527106817,0.5770263016639828,0.6910896403650026,1.1741814278046163
83,13.83521202361782,31.582125603864736,6.823671497584541,16.532474503488995,3.978797638217928,11.057434245840042,12.74825550187869,0.6172839506172839,0.05367686527106817,0.785024154589372,0.6910896403650026,1.2949543746645196
84,14.076757917337627,31.50161030595813,6.823671497584541,16.438539989264626,3.978797638217928,11.097691894793345,12.661030595813205,0.6172839506172839,0.05367686527106817,0.8252818035426731,0.630703166935051,1.2949543746645196
85,12.701288244766506,28.81105743424584,4.911433172302737,15.465646806226516,13.45276435856146,9.16532474503489,12.466451959205582,0.4562533548040794,0.05367686527106817,0.8252818035426731,0.38915727321524424,1.3016639828234031
86,12.942834138486312,28.75067096081589,4.8376274825550185,15.465646806226516,13.439345142243694,9.078099838969404,12.31213097155126,0.4562533548040794,0.05367686527106817,0.8185721953837896,0.38915727321524424,1.4559849704777241
87,13.24476650563607,28.509125067096083,4.7638217928073,15.35829307568438,13.385668276972625,9.07139023081052,12.31213097155126,0.4562533548040794,0.05367686527106817,0.8185721953837896,0.38915727321524424,1.6371443907675791
88,13.16425120772947,26.516371443907676,6.461352657004831,15.009393451422437,12.674449812130971,8.467525496511003,14.512882447665056,0.4562533548040794,0.013419216317767043,0.7581857219538379,0.33548040794417605,1.6304347826086956
89,13.399087493290391,25.811862587224905,6.300322061191626,15.646806226516372,12.734836285560924,8.407139023081053,14.512882447665056,0.4562533548040794,0.013419216317767043,0.7581857219538379,0.33548040794417605,1.6237251744498122
90,13.808373590982287,25.738056897477186,6.1929683306494905,15.5126140633387,12.70799785292539,8.380300590445518,14.49946323134729,0.4294149221685454,0.013419216317767043,0.7581857219538379,0.33548040794417605,1.6237251744498122
91,13.989533011272142,24.89935587761675,6.1929683306494905,15.942028985507246,12.359098228663447,8.353462157809984,14.80810520665593,0.4294149221685454,0.013419216317767043,0.7581857219538379,0.33548040794417605,1.9189479334406871
92,14.358561460010735,24.67793880837359,6.1929683306494905,15.881642512077295,12.305421363392378,8.32662372517445,14.700751476113794,0.4294149221685454,0.13419216317767044,0.7447665056360708,0.33548040794417605,1.9122383252818036
93,14.814814814814815,24.510198604401502,6.1862587224906065,15.794417606011809,12.278582930756844,8.232689210950081,14.640365002683843,0.4294149221685454,0.13419216317767044,0.7447665056360708,0.322061191626409,1.9122383252818036
94,15.24422973698336,24.282071926999464,6.092324208266238,15.827965646806227,12.157809983896941,8.225979602791197,14.546430488459475,0.4294149221685454,0.13419216317767044,0.7447665056360708,0.4294149221685454,1.8853998926462694
95,15.324745034889963,24.114331723027377,5.978260869565218,15.854804079441761,12.057165861513688,8.219269994632313,14.76784755770263,0.4294149221685454,0.13419216317767044,0.7313472893183038,0.4294149221685454,1.9592055823939882
96,15.505904455179817,23.698336017176597,5.978260869565218,15.901771336553946,12.02361782071927,8.272946859903382,14.935587761674718,0.4294149221685454,0.13419216317767044,0.7313472893183038,0.4294149221685454,1.9592055823939882
97,15.076489533011273,23.450080515297905,5.870907139023081,15.58641975308642,12.426194310252281,8.856682769726248,14.680622651637144,0.7313472893183038,0.20128824476650564,0.7313472893183038,0.4294149221685454,1.9592055823939882
98,15.331454643048845,23.289049919484704,5.870907139023081,15.58641975308642,12.359098228663447,8.829844337090714,14.714170692431562,0.7313472893183038,0.20128824476650564,0.7246376811594203,0.4294149221685454,1.932367149758454
99,15.324745034889963,23.141438539989263,5.870907139023081,15.526033279656469,12.359098228663447,8.722490606548577,14.78797638217928,0.7313472893183038,0.20128824476650564,0.7246376811594203,0.4294149221685454,2.1806226516371443
100,15.539452495974235,22.725442834138487,5.844068706387547,15.807836822329575,12.27187332259796,8.648684916800859,14.814814814814815,0.7313472893183038,0.20128824476650564,0.8051529790660226,0.4294149221685454,2.1806226516371443
101,15.250939345142244,22.65834675254965,5.837359098228664,15.734031132581856,12.828770799785293,8.57487922705314,14.78797638217928,0.7313472893183038,0.20128824476650564,0.8051529790660226,0.4294149221685454,2.1604938271604937
102,15.042941492216855,22.61808910359635,6.575415995705851,15.479066022544284,12.701288244766506,8.849973161567364,14.371980676328503,0.7313472893183038,0.20128824476650564,0.8051529790660226,0.4294149221685454,2.1940418679549114
103,15.365002683843263,22.544283413848632,6.4345142243692965,15.619967793880837,12.560386473429952,8.729200214707461,14.38539989264627,0.7313472893183038,0.20128824476650564,0.8051529790660226,0.4294149221685454,2.1940418679549114
104,15.351583467525497,22.450348899624263,6.0654857756307035,15.136876006441224,14.472624798711756,8.340042941492216,13.962694578636608,0.7313472893183038,0.20128824476650564,0.6776704240472357,0.4294149221685454,2.1806226516371443
105,14.76784755770263,21.76596886741814,8.447396672034353,14.888620504562533,13.553408480944713,8.259527643585615,13.808373590982287,0.8454106280193237,0.24154589371980675,0.6776704240472357,0.4092860976918948,2.3349436392914655
106,14.915458937198068,21.22920021470746,8.870101986044014,15.096618357487923,13.077026301663983,8.105206655931294,14.083467525496511,0.8454106280193237,0.24154589371980675,0.6776704240472357,0.5233494363929146,2.3349436392914655
107,15.042941492216855,21.027911969940956,10.567632850241546,14.949006977992486,12.674449812130971,7.219538378958669,13.694310252281268,0.8454106280193237,0.24154589371980675,0.6776704240472357,0.6776704240472357,2.38191089640365
108,13.747987117552334,19.585346215780998,10.520665593129362,14.472624798711756,16.72705314009662,5.83064949006978,15.042941492216855,0.7447665056360708,0.24154589371980675,0.6776704240472357,0.6105743424584005,1.7981749865807837
109,14.023081052066559,19.32367149758454,10.755501878690284,14.190821256038648,16.71363392377885,5.83064949006978,15.042941492216855,0.7447665056360708,0.24154589371980675,0.6776704240472357,0.6105743424584005,1.8451422436929683
110,13.989533011272142,19.269994632313473,10.38647342995169,14.17740203972088,16.109769189479334,6.863929146537842,14.99597423510467,0.8319914117015567,0.24154589371980675,0.6776704240472357,0.6105743424584005,1.8451422436929683
111,14.351851851851851,19.0955448201825,10.332796564680622,14.090177133655395,16.10305958132045,6.850509930220075,15.049651100375739,0.8252818035426731,0.17444981213097155,0.6776704240472357,0.6038647342995169,1.8451422436929683
112,14.78797638217928,18.96135265700483,9.789318303811058,14.170692431561998,12.681159420289855,10.48040794417606,14.875201288244767,0.8252818035426731,0.17444981213097155,0.8051529790660226,0.6038647342995169,1.8451422436929683
113,15.425389157273216,18.947933440687063,9.628287707997853,14.103596349973161,12.620772946859903,10.272410091250672,14.700751476113794,0.8252818035426731,0.17444981213097155,0.7716049382716049,0.6843800322061192,1.8451422436929683
114,15.68035426731079,18.813741277509394,9.628287707997853,14.150563607085346,12.5,10.272410091250672,14.65378421900161,0.8252818035426731,0.17444981213097155,0.7716049382716049,0.6843800322061192,1.8451422436929683
115,15.33816425120773,17.901234567901234,9.561191626409018,13.976113794954374,12.419484702093397,11.98336017176597,14.566559312936125,0.8185721953837896,0.17444981213097155,0.7716049382716049,0.6843800322061192,1.8048845947396672
116,15.28448738593666,17.85426731078905,9.789318303811058,13.922436929683306,12.399355877616747,12.016908212560386,14.452495974235104,0.8185721953837896,0.20128824476650564,0.7716049382716049,0.6843800322061192,1.8048845947396672
117,15.68035426731079,17.67981749865808,9.675254965110037,13.976113794954374,12.365807836822329,11.98336017176597,14.392109500805153,0.8185721953837896,0.20128824476650564,0.7380568974771873,0.6843800322061192,1.8048845947396672
118,15.418679549114332,17.337627482555018,9.4873859366613,13.92914653784219,13.828502415458937,11.728395061728396,14.318303811057435,0.8051529790660226,0.20128824476650564,0.7380568974771873,0.6843800322061192,1.5230810520665594
119,14.989264626945786,16.5727321524423,9.4873859366613,12.385936661298981,13.7211486849168,13.137412775093935,16.0829307568438,0.8051529790660226,0.20128824476650564,0.5434782608695652,0.7648953301127214,1.3083735909822867
120,14.486044015029522,15.371712292002147,9.4873859366613,10.359634997316157,13.70101986044015,20.088566827697264,13.39237788513151,0.4025764895330113,0.20128824476650564,0.5434782608695652,0.6575415995705851,1.3083735909822867
121,14.888620504562533,15.217391304347826,9.4873859366613,10.25228126677402,13.70101986044015,20.21604938271605,13.123993558776167,0.4025764895330113,0.20128824476650564,0.5434782608695652,0.6575415995705851,1.3083735909822867
122,14.949006977992486,15.217391304347826,9.4873859366613,10.205314009661835,13.694310252281268,20.189210950080515,13.123993558776167,0.4294149221685454,0.19457863660762212,0.5434782608695652,0.6575415995705851,1.3083735909822867
123,15.177133655394526,15.170424047235642,9.41358024691358,10.185185185185185,13.654052603327965,20.081857219538378,13.09044551798175,0.4294149221685454,0.19457863660762212,0.5434782608695652,0.7514761137949544,1.3083735909822867
124,15.411969940955448,15.11003757380569,9.272678475577026,10.104669887278583,13.58695652173913,20.33011272141707,12.95625335480408,0.4294149221685454,0.19457863660762212,0.5434782608695652,0.7514761137949544,1.3083735909822867
125,15.559581320450885,15.029522275899087,9.252549651100376,10.064412238325282,13.466183574879228,20.229468599033815,13.103864734299517,0.5032206119162641,0.1878690284487386,0.5434782608695652,0.7514761137949544,1.3083735909822867
126,15.935319377348362,14.888620504562533,9.16532474503489,10.064412238325282,13.405797101449275,20.128824476650564,13.117283950617283,0.5032206119162641,0.1878690284487386,0.5434782608695652,0.7112184648416533,1.3486312399355878
127,16.13660762211487,14.848362855609233,9.037842190016104,10.064412238325282,13.365539452495975,20.014761137949545,13.083735909822867,0.5032206119162641,0.1878690284487386,0.5434782608695652,0.7313472893183038,1.482823403113258
128,15.646806226516372,14.647074610842727,8.05823939881911,9.883252818035427,15.687063875469672,19.404186795491142,13.607085346215781,0.5032206119162641,0.1878690284487386,0.5434782608695652,0.5233494363929146,1.3083735909822867
129,15.881642512077295,14.600107353730541,8.011272141706923,9.990606548577563,15.579710144927537,19.330381105743424,13.539989264626946,0.5032206119162641,0.1878690284487386,0.5434782608695652,0.5233494363929146,1.3083735909822867
130,15.94873859366613,14.586688137412775,7.9106280193236715,9.990606548577563,15.552871712292003,19.410896403650028,13.533279656468062,0.5032206119162641,0.1878690284487386,0.5434782608695652,0.5233494363929146,1.3083735909822867
131,15.955448201825014,14.197530864197532,7.883789586688137,9.883252818035427,15.11003757380569,19.672571121846484,13.79495437466452,0.6172839506172839,0.1878690284487386,0.46967257112184646,0.5233494363929146,1.7042404723564144
132,16.015834675254965,13.94927536231884,7.809983896940419,10.124798711755233,15.076489533011273,19.672571121846484,13.848631239935587,0.6172839506172839,0.1878690284487386,0.46967257112184646,0.5233494363929146,1.7042404723564144
133,16.109769189479334,13.94927536231884,7.809983896940419,10.037573805689748,15.029522275899087,19.639023081052066,13.774825550187868,0.5904455179817498,0.17444981213097155,0.46967257112184646,0.644122383252818,1.7713365539452497
134,16.284219001610307,13.882179280730005,7.87037037037037,10.02415458937198,15.01610305958132,19.538378958668815,13.774825550187868,0.5904455179817498,0.17444981213097155,0.46967257112184646,0.644122383252818,1.7310789049919484
135,16.19699409554482,13.741277509393452,7.440955448201825,9.829575952764358,14.962426194310252,20.8064949006978,13.41250670960816,0.5904455179817498,0.17444981213097155,0.46967257112184646,0.644122383252818,1.7310789049919484
136,16.67337627482555,13.734567901234568,7.367149758454106,9.702093397745571,14.915458937198068,20.632045088566827,13.372249060654857,0.5837359098228664,0.17444981213097155,0.46967257112184646,0.644122383252818,1.7310789049919484
137,16.894793344068706,13.687600644122384,7.266505636070853,9.782608695652174,14.855072463768115,20.417337627482556,13.331991411701557,0.5837359098228664,0.17444981213097155,0.46967257112184646,0.6374127750939346,1.8988191089640365
138,17.54562533548041,13.419216317767042,7.25979602791197,9.796027911969942,14.63365539452496,20.189210950080515,13.197799248523886,0.6776704240472357,0.17444981213097155,0.46967257112184646,0.6374127750939346,1.9994632313472893
139,17.639559849704778,13.345410628019323,7.957595276435856,9.098228663446054,13.969404186795492,21.101717659688674,13.070316693505099,0.6776704240472357,0.17444981213097155,0.46967257112184646,0.46296296296296297,2.033011272141707
140,17.28395061728395,13.030059044551798,7.682501341921632,9.286097691894794,13.855340848094471,21.041331186258724,14.06333870101986,0.6038647342995169,0.17444981213097155,0.4495437466451959,0.5501878690284487,1.9793344068706387
141,17.599302200751477,12.97638217928073,7.595276435856146,9.25925925925926,13.560118089103597,20.893719806763286,14.210950080515298,0.6038647342995169,0.17444981213097155,0.4495437466451959,0.5501878690284487,2.1269457863660763
142,17.746913580246915,12.848899624261943,7.501341921631776,9.64170692431562,13.439345142243694,20.652173913043477,14.264626945786366,0.5703166935050993,0.16774020397208803,0.4495437466451959,0.47638217928073,2.2410091250670963
143,17.753623188405797,12.754965110037574,9.480676328502415,9.554482018250134,13.217928073000536,19.202898550724637,13.848631239935587,0.5703166935050993,0.14761137949543746,0.4495437466451959,0.47638217928073,2.5429414922168547
144,18.02871712292002,12.607353730542137,9.923510466988727,9.440418679549115,13.217928073000536,18.98148148148148,13.7211486849168,0.5233494363929146,0.14090177133655393,0.4495437466451959,0.47638217928073,2.4892646269457863
145,17.894524959742352,12.439613526570048,9.27938808373591,9.359903381642512,14.821524422973699,18.270263016639827,13.922436929683306,0.5233494363929146,0.14090177133655393,0.4495437466451959,0.47638217928073,2.4221685453569513
146,18.04884594739667,12.439613526570048,9.265968867418144,9.359903381642512,14.754428341384862,18.17632850241546,13.875469672571121,0.5233494363929146,0.14090177133655393,0.4495437466451959,0.5568974771873323,2.408749329039184
147,18.290391841116477,12.191358024691358,9.265968867418144,9.426999463231347,14.63365539452496,18.250134192163177,13.781535158346752,0.5233494363929146,0.14090177133655393,0.4495437466451959,0.5568974771873323,2.4892646269457863
148,18.80703166935051,12.124261943102523,9.225711218464841,9.333064949006978,14.512882447665056,18.10252281266774,13.546698872785829,0.5703166935050993,0.14090177133655393,0.5099302200751477,0.5501878690284487,2.576489533011272
149,18.947933440687063,11.855877616747183,9.4873859366613,9.104938271604938,14.452495974235104,18.61916264090177,13.318572195383789,0.5703166935050993,0.14090177133655393,0.5032206119162641,0.5501878690284487,2.4490069779924855
150,18.59903381642512,11.748523886205046,9.447128287707997,11.990069779924852,12.037037037037036,19.048577563070317,13.043478260869565,0.5568974771873323,0.14090177133655393,0.5032206119162641,0.5233494363929146,2.3617820719269993
151,19.0552871712292,11.641170155662909,9.440418679549115,11.922973698336017,12.016908212560386,18.800322061191626,13.036768652710682,0.5568974771873323,0.14090177133655393,0.5032206119162641,0.5233494363929146,2.3617820719269993
152,18.96135265700483,11.614331723027375,9.286097691894794,11.896135265700483,12.00348899624262,18.95464304884595,13.103864734299517,0.6105743424584005,0.14090177133655393,0.5032206119162641,0.5233494363929146,2.4020397208803006
153,19.189479334406872,11.614331723027375,9.172034353193773,11.896135265700483,11.969940955448202,18.927804616210413,13.050187869028449,0.6105743424584005,0.14090177133655393,0.5032206119162641,0.5233494363929146,2.4020397208803006
154,19.384057971014492,11.594202898550725,9.131776704240472,11.869296833064949,11.956521739130435,18.760064412238325,13.009930220075148,0.6105743424584005,0.14090177133655393,0.5032206119162641,0.5032206119162641,2.536231884057971
155,19.679280730005367,11.56736446591519,9.091519055287172,11.77536231884058,11.929683306494901,18.572195383789587,12.989801395598498,0.7246376811594203,0.1274825550187869,0.5032206119162641,0.5032206119162641,2.536231884057971
156,19.73966720343532,11.56736446591519,9.091519055287172,11.574074074074074,11.882716049382717,18.800322061191626,12.949543746645196,0.7246376811594203,0.1274825550187869,0.5032206119162641,0.5032206119162641,2.536231884057971
157,20.202630166398283,11.406333870101985,9.091519055287172,11.3191089640365,11.748523886205046,18.632581857219538,13.157541599570585,0.7716049382716049,0.1274825550187869,0.5032206119162641,0.5032206119162641,2.536231884057971
158,20.45088566827697,11.003757380568974,9.05126140633387,11.43317230273752,11.701556629092861,18.270263016639827,13.331991411701557,0.7716049382716049,0.1274825550187869,0.47638217928073,0.49651100375738055,2.885131508319914
159,20.209339774557165,10.809178743961352,9.017713365539452,11.372785829307569,11.446591519055287,18.67283950617284,13.22463768115942,0.7716049382716049,0.1274825550187869,0.47638217928073,0.4092860976918948,3.4621578099838968
160,20.316693505099302,10.809178743961352,9.131776704240472,11.439881910896403,11.41304347826087,18.411164787976382,13.157541599570585,0.7648953301127214,0.1274825550187869,0.47638217928073,0.48980139559849706,3.4621578099838968
161,19.89398819108964,10.795759527643586,11.252012882447666,11.05072463768116,11.037305421363392,17.58588298443371,13.01663982823403,0.7648953301127214,0.1274825550187869,0.47638217928073,0.5233494363929146,3.475577026301664
162,19.826892109500804,10.534084809447128,11.124530327428879,11.144659151905529,10.82259796027912,18.089103596349972,12.895866881374127,0.7648953301127214,0.1274825550187869,0.47638217928073,0.5166398282340311,3.6768652710681695
163,20.169082125603865,10.527375201288244,11.104401502952227,11.044015029522276,10.72866344605475,18.095813204508858,12.848899624261943,0.7447665056360708,0.1274825550187869,0.47638217928073,0.5166398282340311,3.616478797638218
164,20.182501341921633,10.453569511540525,11.077563070316694,10.95679012345679,10.695115405260333,18.21658615136876,12.869028448738593,0.8588298443370908,0.1274825550187869,0.46296296296296297,0.5166398282340311,3.5829307568438002
165,20.39049919484702,10.017444981213098,11.003757380568974,11.104401502952227,10.373054213633925,18.075684380032207,13.486312399355878,0.8588298443370908,0.1274825550187869,0.46296296296296297,0.5166398282340311,3.5829307568438002
166,19.524959742351047,9.326355340848094,10.84272678475577,10.520665593129362,10.359634997316157,17.934782608695652,15.96886741814278,0.8454106280193237,0.1274825550187869,0.46296296296296297,0.5166398282340311,3.569511540526033
167,19.89398819108964,9.292807300053678,10.84272678475577,10.473698336017177,10.205314009661835,17.840848094471284,15.94873859366613,0.8454106280193237,0.1274825550187869,0.46296296296296297,0.5166398282340311,3.549382716049383
168,20.001341921631777,9.252549651100376,12.084004294149223,10.446859903381643,9.245840042941492,17.70665593129361,15.821256038647343,0.8454106280193237,0.1274825550187869,0.46296296296296297,0.6374127750939346,3.3682232957595275
169,20.343531937734838,9.098228663446054,11.889425657541599,10.621309715512615,9.185453569511541,17.599302200751477,15.76086956521739,0.8185721953837896,0.1274825550187869,0.46296296296296297,0.6374127750939346,3.455448201825013
170,20.42404723564144,9.084809447128288,11.842458400429415,10.601180891035963,9.172034353193773,17.64626945786366,15.727321524422974,0.8185721953837896,0.1274825550187869,0.46296296296296297,0.6374127750939346,3.455448201825013
171,20.30998389694042,8.943907675791733,11.842458400429415,10.621309715512615,9.057971014492754,17.975040257648953,15.599838969404187,0.8185721953837896,0.1274825550187869,0.46296296296296297,0.6374127750939346,3.603059581320451
172,20.699141170155663,8.883521202361782,11.81561996779388,10.554213633923778,8.997584541062801,18.04213633923779,15.398550724637682,0.8185721953837896,0.1274825550187869,0.46296296296296297,0.6374127750939346,3.5628019323671496
173,20.78636607622115,8.863392377885132,11.668008588298443,10.554213633923778,8.876811594202898,18.250134192163177,15.398550724637682,0.8185721953837896,0.1274825550187869,0.46296296296296297,0.6374127750939346,3.556092324208266
174,20.79307568438003,8.789586688137414,11.647879763821793,10.453569511540525,8.84326355340848,18.5252281266774,15.24422973698336,0.8118625872249061,0.1274825550187869,0.46296296296296297,0.7447665056360708,3.556092324208266
175,20.86688137412775,8.789586688137414,11.647879763821793,10.38647342995169,8.84326355340848,18.45813204508857,15.365002683843263,0.8118625872249061,0.1274825550187869,0.46296296296296297,0.7447665056360708,3.4957058507783145
176,20.853462157809982,8.722490606548577,11.641170155662909,10.34621578099839,8.648684916800859,18.411164787976382,15.485775630703166,0.8118625872249061,0.1274825550187869,0.5434782608695652,0.7447665056360708,3.6634460547504024
177,20.779656468062264,8.675523349436393,11.641170155662909,10.171765968867419,8.635265700483092,18.357487922705314,15.633387010198604,0.8118625872249061,0.10735373054213634,0.5434782608695652,0.9796027911969941,3.6634460547504024
178,21.00107353730542,8.59500805152979,11.594202898550725,10.171765968867419,8.521202361782072,18.303811057434245,15.438808373590982,0.9460547504025765,0.10735373054213634,0.5233494363929146,1.1272141706924315,3.670155662909286
179,21.095008051529792,8.527911969940956,11.29898013955985,10.44015029522276,8.460815888352121,18.53864734299517,15.351583467525497,0.9460547504025765,0.10735373054213634,0.5233494363929146,1.0399892646269457,3.670155662909286
180,21.195652173913043,8.514492753623188,11.29898013955985,10.38647342995169,8.340042941492216,18.431293612453032,15.331454643048845,0.9460547504025765,0.10735373054213634,0.5233494363929146,1.133923778851315,3.7909286097691894
181,21.048040794417606,8.299785292538916,11.29898013955985,10.326086956521738,8.105206655931294,19.102254428341386,15.076489533011273,0.9326355340848095,0.10735373054213634,0.5233494363929146,1.133923778851315,4.045893719806763
182,21.256038647342994,8.219269994632313,11.2788513150832,10.312667740203972,7.937466451959206,18.96135265700483,15.083199141170155,0.9997316156736447,0.10735373054213634,0.5233494363929146,1.133923778851315,4.186795491143317
183,21.36339237788513,8.219269994632313,11.29898013955985,10.332796564680622,7.897208803005904,18.82716049382716,15.083199141170155,0.9997316156736447,0.10735373054213634,0.49651100375738055,1.133923778851315,4.240472356414386
184,21.316425120772948,8.219269994632313,11.506977992485238,10.61460010735373,7.716049382716049,18.887546967257112,14.949006977992486,0.9997316156736447,0.10735373054213634,0.49651100375738055,1.133923778851315,4.052603327965647
185,21.484165324745035,8.205850778314547,11.480139559849706,10.540794417606012,7.716049382716049,18.853998926462694,14.942297369833602,0.9997316156736447,0.10735373054213634,0.49651100375738055,1.133923778851315,4.03918411164788
