,45,50,51,52,55,56,53,59,54,58,57
0,99.28878153515835,0.7112184648416533,,,,,,,,,
1,81.93102522812667,18.06897477187332,,,,,,,,,
2,74.57729468599034,25.42270531400966,,,,,,,,,
3,74.61084272678475,25.389157273215243,,,,,,,,,
4,63.13070316693505,24.9597423510467,11.90955448201825,,,,,,,,
5,51.06682769726248,29.70343531937735,19.229736983360173,,,,,,,,
6,51.04669887278583,29.341116478797638,13.291733762748256,5.5756843800322065,0.7447665056360708,,,,,,
7,47.28260869565217,27.408749329039185,18.988191089640367,5.5756843800322065,0.7447665056360708,,,,,,
8,47.25577026301664,27.509393451422437,18.833870101986044,5.9514224369296835,0.4495437466451959,,,,,,
9,40.45893719806763,20.75281803542673,32.407407407407405,5.931293612453032,0.4495437466451959,,,,,,
10,40.54616210413312,20.625335480407944,32.045088566827694,5.931293612453032,0.4495437466451959,0.4025764895330113,,,,,
11,40.19055287171229,20.26972624798712,32.045088566827694,6.642512077294686,0.4495437466451959,0.4025764895330113,,,,,
12,40.365002683843265,20.229468599033815,31.910896403650028,6.642512077294686,0.4495437466451959,0.4025764895330113,,,,,
13,40.425389157273216,20.202630166398283,31.910896403650028,6.608964036500268,0.4495437466451959,0.4025764895330113,,,,,
14,8.521202361782072,53.166935050993025,23.752012882447666,13.707729468599034,0.4495437466451959,0.4025764895330113,,,,,
15,8.568169618894256,53.14680622651637,23.72517444981213,13.707729468599034,0.4495437466451959,0.4025764895330113,,,,,
16,6.977992485238862,48.78556092324208,30.52200751476114,13.264895330112722,0.4495437466451959,,,,,,
17,7.085346215780999,48.611111111111114,25.046967257112186,18.632581857219538,0.6239935587761675,,,,,,
18,7.065217391304348,40.98899624261943,25.046967257112186,18.61916264090177,0.6239935587761675,,7.6556629092860975,,,,
19,7.206119162640902,33.58829844337091,24.94632313472893,18.61916264090177,7.98443370907139,,7.6556629092860975,,,,
20,7.561728395061729,33.50107353730542,24.912775093934513,18.61916264090177,7.856951154052603,,7.548309178743962,,,,
21,7.7361782071927,33.44068706387547,24.88593666129898,18.54535695115405,7.843531937734836,,7.548309178743962,,,,
22,7.85024154589372,33.07836822329576,24.691358024691358,18.51851851851852,8.064949006977992,0.24825550187869028,7.548309178743962,,,,
23,8.179012345679013,32.776435856146,24.67793880837359,18.51851851851852,8.051529790660226,0.24825550187869028,7.548309178743962,,,,
24,8.299785292538916,32.769726247987116,28.026033279656467,15.076489533011273,8.051529790660226,0.24825550187869028,7.092055823939882,0.43612453032742887,,,
25,8.735909822866345,31.776704240472355,25.0,14.331723027375201,8.051529790660226,0.24825550187869028,11.419753086419753,0.43612453032742887,,,
26,7.816693505099302,29.911433172302736,29.274020397208805,14.318303811057435,6.588835212023618,0.24825550187869028,11.406333870101985,0.43612453032742887,,,
27,7.930756843800322,29.62962962962963,28.837895866881375,13.996242619431026,6.588835212023618,1.1741814278046163,11.406333870101985,0.43612453032742887,,,
28,7.85024154589372,29.62962962962963,28.24074074074074,13.18438003220612,6.588835212023618,1.1741814278046163,12.895866881374127,0.43612453032742887,,,
29,8.205850778314547,29.408212560386474,25.979602791196996,13.150831991411701,6.588835212023618,1.1741814278046163,15.069779924852389,0.4227053140096618,,,
30,8.272946859903382,29.341116478797638,25.979602791196996,13.150831991411701,6.588835212023618,1.1741814278046163,15.069779924852389,0.4227053140096618,,,
31,8.051529790660226,29.300858829844337,30.656199677938808,11.258722490606548,6.575415995705851,1.1674718196457328,12.567096081588835,0.4227053140096618,,,
32,4.669887278582931,16.002415458937197,57.41411701556629,15.861513687600644,0.9594739667203436,0.7447665056360708,4.086151368760064,0.2616747181964573,,,
33,4.656468062265164,10.789049919484702,53.03274288781535,20.571658615136876,0.9460547504025765,0.7447665056360708,2.589908749329039,,6.66935050993022,,
34,4.750402576489533,10.789049919484702,52.965646806226516,20.571658615136876,0.9460547504025765,0.7447665056360708,2.563070316693505,,6.66935050993022,,
35,1.7310789049919484,5.978260869565218,51.288244766505635,30.079173376274827,0.9460547504025765,0.7447665056360708,2.563070316693505,,6.66935050993022,,
36,1.90552871712292,5.978260869565218,51.14734299516908,30.07246376811594,0.9460547504025765,0.7313472893183038,2.5496511003757383,,6.66935050993022,,
37,1.6639828234031133,4.958400429414922,69.57863660762212,15.063070316693505,0.13419216317767044,0.8856682769726248,2.5496511003757383,,5.166398282340311,,
38,1.328502415458937,4.958400429414922,69.6658615136876,15.063070316693505,0.13419216317767044,1.2077294685990339,2.475845410628019,,5.166398282340311,,
39,1.4224369296833066,4.958400429414922,69.61218464841653,15.03623188405797,0.13419216317767044,1.2077294685990339,2.462426194310252,,5.166398282340311,,
40,1.6639828234031133,4.931561996779388,68.73993558776168,15.002683843263553,0.5434782608695652,1.556629092860977,2.395330112721417,,5.166398282340311,,
41,1.778046162104133,4.904723564143854,61.40633387010199,21.162104133118625,0.32877079978529256,3.3682232957595275,1.8853998926462694,,5.166398282340311,,
42,1.8585614600107354,4.891304347826087,72.71202361782072,9.366612989801396,0.32877079978529256,2.9052603327965647,1.8786902844873858,,6.0587761674718195,,
43,2.7643585614600106,4.643048845947397,70.29656468062265,12.942834138486312,0.32877079978529256,2.9052603327965647,0.06038647342995169,,6.0587761674718195,,
44,2.932098765432099,4.636339237788513,70.18921095008052,12.889157273215245,0.32877079978529256,2.9052603327965647,0.06038647342995169,,6.0587761674718195,,
45,3.2139023081052067,4.636339237788513,66.74718196457327,12.795222758990874,0.32877079978529256,6.286902844873859,0.06038647342995169,,5.931293612453032,,
46,2.4892646269457863,4.636339237788513,62.4194847020934,16.881374127750938,1.1808910359634996,6.400966183574879,0.06038647342995169,,5.931293612453032,,
47,2.5966183574879227,4.636339237788513,61.493558776167475,16.80756843800322,1.932367149758454,6.541867954911433,0.06038647342995169,,5.931293612453032,,
48,2.771068169618894,4.636339237788513,61.41304347826087,16.720343531937736,1.932367149758454,6.541867954911433,0.06038647342995169,,5.924584004294149,,
49,2.932098765432099,4.49543746645196,57.420826623725176,16.720343531937736,3.099838969404187,6.072195383789587,4.562533548040794,,4.696725711218465,,
50,3.0931293612453032,4.49543746645196,57.25979602791197,16.720343531937736,3.099838969404187,6.072195383789587,4.562533548040794,,4.696725711218465,,
51,3.3145464304884595,4.49543746645196,57.06521739130435,16.6935050993022,3.099838969404187,6.072195383789587,4.562533548040794,,4.696725711218465,,
52,3.3011272141706924,4.49543746645196,55.14626945786366,16.6935050993022,3.099838969404187,5.971551261406334,6.595544820182502,,4.696725711218465,,
53,3.4621578099838968,4.461889425657541,51.301663982823406,15.398550724637682,2.85829307568438,5.9514224369296835,13.425925925925926,,3.140096618357488,,
54,3.260869565217391,4.461889425657541,52.69726247987118,11.520397208803006,7.4208266237251745,5.750134192163178,11.748523886205046,,3.140096618357488,,
55,3.515834675254965,4.461889425657541,52.48926462694579,11.506977992485238,7.4208266237251745,5.71658615136876,11.748523886205046,,3.140096618357488,,
56,3.6500268384326353,4.461889425657541,51.207729468599034,12.902576489533011,7.4208266237251745,5.71658615136876,11.741814278046162,,2.898550724637681,,
57,3.8177670424047236,4.461889425657541,51.12050456253355,12.895866881374127,7.380568974771873,5.71658615136876,11.708266237251744,,2.898550724637681,,
58,3.099838969404187,2.0531400966183573,39.17740203972088,18.659420289855074,6.588835212023618,9.172034353193773,18.397745571658614,,2.8515834675254963,,
59,3.502415458937198,2.0531400966183573,39.06333870101986,18.552066559312937,6.588835212023618,9.151905528717123,18.23671497584541,,2.8515834675254963,,
60,3.81105743424584,2.0531400966183573,39.029790660225444,18.283682232957595,6.588835212023618,9.151905528717123,18.230005367686527,,2.8515834675254963,,
61,4.166666666666667,2.0531400966183573,38.84192163177671,18.19645732689211,6.5485775630703165,9.306226516371444,18.055555555555557,,2.831454643048846,,
62,4.314278046162104,2.0531400966183573,38.801663982823406,19.14922168545357,6.5485775630703165,8.353462157809984,17.94820182501342,,2.831454643048846,,
63,3.3011272141706924,0.95276435856146,42.330917874396135,16.59286097691895,6.736446591519055,6.1929683306494905,15.257648953301127,,8.635265700483092,,
64,3.5091250670960816,0.95276435856146,42.29736983360172,16.465378421900162,6.736446591519055,6.166129898013956,15.24422973698336,,8.628556092324208,,
65,3.33467525496511,0.8588298443370908,51.96591519055287,18.71309715512614,6.1929683306494905,2.6167471819645733,9.219001610305957,,7.098765432098766,,
66,3.361513687600644,0.8588298443370908,51.95920558239399,18.71309715512614,6.179549114331723,2.6167471819645733,9.219001610305957,,7.092055823939882,,
67,3.4621578099838968,0.8588298443370908,51.69753086419753,18.646001073537306,5.35426731078905,2.6167471819645733,10.272410091250672,,7.092055823939882,,
68,3.5292538915727323,0.8588298443370908,51.207729468599034,18.263553408480945,6.159420289855072,2.6167471819645733,10.272410091250672,,7.092055823939882,,
69,3.6366076221148687,0.8588298443370908,51.17418142780462,18.189747718733226,6.159420289855072,2.6167471819645733,10.272410091250672,,7.092055823939882,,
70,3.743961352657005,0.8588298443370908,51.11379495437466,18.169618894256576,6.132581857219538,2.6167471819645733,10.272410091250672,,7.092055823939882,,
71,3.4621578099838968,0.6977992485238862,39.47933440687064,43.31052066559313,5.703166935050993,1.9994632313472893,2.871712292002147,,2.475845410628019,,
72,3.4286097691894795,0.6977992485238862,34.74906065485776,50.013419216317764,4.092860976918948,1.9994632313472893,3.0059044551798175,,2.0128824476650564,,
73,3.5963499731615673,0.6977992485238862,34.70209339774557,49.9194847020934,4.092860976918948,1.9994632313472893,3.0059044551798175,,1.9860440150295222,,
74,3.33467525496511,0.6977992485238862,25.503220611916262,49.82555018786903,4.025764895330113,1.8585614600107354,12.808641975308642,,1.9457863660762211,,
75,3.4688674181427803,0.6977992485238862,25.43612453032743,49.44981213097155,4.025764895330113,1.8585614600107354,12.775093934514224,,2.2879763821792807,,
76,3.603059581320451,0.6977992485238862,25.409286097691894,49.37600644122383,4.025764895330113,1.8585614600107354,12.31213097155126,,2.2611379495437465,0.4562533548040794,
77,3.4688674181427803,0.6977992485238862,23.70504562533548,58.09849704777241,4.019055287171229,1.8585614600107354,6.105743424584004,,2.0128824476650564,0.03354804079441761,
78,3.643317230273752,0.6977992485238862,23.678207192699947,57.950885668276975,4.019055287171229,1.8585614600107354,5.924584004294149,,2.0128824476650564,0.2147074610842727,
79,3.7037037037037037,0.6977992485238862,23.678207192699947,57.890499194847024,4.019055287171229,1.8585614600107354,5.924584004294149,,2.0128824476650564,0.2147074610842727,
80,3.9855072463768115,0.6977992485238862,23.329307568438004,58.08507783145464,4.019055287171229,1.8585614600107354,5.797101449275362,,2.0128824476650564,0.2147074610842727,
81,4.180085882984434,0.6977992485238862,23.007246376811594,55.099302200751474,3.683574879227053,1.3620504562533549,9.185453569511541,,2.5697799248523885,0.2147074610842727,
82,4.388083735909823,0.6977992485238862,23.00053676865271,55.00536768652711,3.683574879227053,1.3620504562533549,9.078099838969404,,2.5697799248523885,0.2147074610842727,
83,4.4820182501341925,0.6977992485238862,22.966988727858293,54.64975845410628,3.683574879227053,1.6572732152442298,9.078099838969404,,2.5697799248523885,0.2147074610842727,
84,4.49543746645196,0.6977992485238862,22.926731078904993,53.227321524422976,4.904723564143854,1.6572732152442298,9.07139023081052,,2.5697799248523885,0.2147074610842727,0.23483628556092323
85,4.616210413311863,0.6977992485238862,22.926731078904993,53.16022544283414,4.904723564143854,1.6572732152442298,9.017713365539452,,2.5697799248523885,0.2147074610842727,0.23483628556092323
86,4.74369296833065,0.6977992485238862,22.926731078904993,53.08641975308642,4.904723564143854,1.6304347826086956,8.99087493290392,,2.5697799248523885,0.2147074610842727,0.23483628556092323
87,4.87788513150832,0.6910896403650026,26.918947933440688,49.65780998389694,4.294149221685454,1.6170155662909287,8.923778851315083,,2.5697799248523885,0.2147074610842727,0.23483628556092323
88,5.0993022007514766,0.6910896403650026,26.77133655394525,49.4699409554482,4.294149221685454,1.7310789049919484,8.923778851315083,,2.5697799248523885,0.2147074610842727,0.23483628556092323
89,4.871175523349437,0.6910896403650026,38.87546967257112,40.15700483091788,3.629898013955985,1.3217928073000538,8.635265700483092,,1.3687600644122384,0.2147074610842727,0.23483628556092323
90,5.025496511003757,0.6910896403650026,38.84192163177671,40.03623188405797,3.629898013955985,1.3217928073000538,8.635265700483092,,1.3687600644122384,0.2147074610842727,0.23483628556092323
91,5.0858829844337095,0.6910896403650026,38.808373590982285,40.00939345142244,3.629898013955985,1.3217928073000538,8.635265700483092,,1.3687600644122384,0.2147074610842727,0.23483628556092323
92,5.2066559312936125,0.6776704240472357,29.70343531937735,47.745571658615134,3.6231884057971016,1.3217928073000538,9.903381642512077,,1.3687600644122384,0.2147074610842727,0.23483628556092323
93,5.340848094471283,0.6776704240472357,29.58937198067633,46.786097691894796,3.6231884057971016,2.2611379495437465,9.903381642512077,,1.3687600644122384,0.2147074610842727,0.23483628556092323
94,5.475040257648954,0.6776704240472357,29.508856682769725,46.73913043478261,3.6231884057971016,2.2611379495437465,9.903381642512077,,1.3620504562533549,0.2147074610842727,0.23483628556092323
95,5.60252281266774,0.6776704240472357,28.83118625872249,46.66532474503489,3.6231884057971016,2.885131508319914,9.903381642512077,,1.3620504562533549,0.2147074610842727,0.23483628556092323
96,5.703166935050993,0.6776704240472357,28.81105743424584,46.61835748792271,3.6231884057971016,2.8515834675254963,9.903381642512077,,1.3620504562533549,0.2147074610842727,0.23483628556092323
97,5.8172302737520125,0.6776704240472357,28.797638217928075,46.57809983896941,3.6231884057971016,2.8515834675254963,9.842995169082126,,1.3620504562533549,0.2147074610842727,0.23483628556092323
98,5.938003220611916,0.6776704240472357,28.784219001610307,46.504294149221685,3.6231884057971016,2.8515834675254963,9.809447128287708,,1.3620504562533549,0.2147074610842727,0.23483628556092323
99,6.105743424584004,0.6776704240472357,28.723832528180353,46.39694041867955,3.6231884057971016,2.8515834675254963,9.809447128287708,,1.3620504562533549,0.2147074610842727,0.23483628556092323
100,6.146001073537305,0.6776704240472357,28.723832528180353,46.35668276972625,3.6231884057971016,2.8515834675254963,9.809447128287708,,1.3620504562533549,0.2147074610842727,0.23483628556092323
101,6.293612453032743,0.6776704240472357,28.63660762211487,46.35668276972625,3.6231884057971016,2.8515834675254963,9.749060654857756,,1.3620504562533549,0.2147074610842727,0.23483628556092323
102,6.353998926462695,0.6776704240472357,28.535963499731615,46.24932903918411,3.6231884057971016,2.8515834675254963,9.702093397745571,,1.3620504562533549,0.2147074610842727,0.4294149221685454
103,6.488191089640365,0.6776704240472357,28.455448201825014,45.450885668276975,3.6231884057971016,2.8515834675254963,9.668545356951155,,2.1403650026838434,0.2147074610842727,0.4294149221685454
104,6.615673644659152,0.6776704240472357,28.31454643048846,45.410628019323674,3.6231884057971016,2.536231884057971,9.668545356951155,,2.509393451422437,0.2147074610842727,0.4294149221685454
105,6.78341384863124,0.6776704240472357,28.287707997852927,44.578636607622116,3.6231884057971016,2.804616210413312,9.66183574879227,,2.509393451422437,0.2147074610842727,0.8588298443370908
106,6.89747718733226,0.6776704240472357,28.28099838969404,44.51154052603328,3.6231884057971016,2.804616210413312,9.621578099838969,,2.509393451422437,0.2147074610842727,0.8588298443370908
107,7.098765432098766,0.6776704240472357,28.267579173376276,44.39076757917338,3.69699409554482,2.804616210413312,9.480676328502415,,2.509393451422437,0.2147074610842727,0.8588298443370908
108,7.239667203435319,0.6776704240472357,28.24074074074074,43.69967793880837,3.69699409554482,2.804616210413312,9.480676328502415,,2.49597423510467,0.2147074610842727,1.4492753623188406
109,7.300053676865271,0.6776704240472357,28.193773483628558,43.69296833064949,3.69699409554482,2.804616210413312,9.473966720343531,,2.49597423510467,0.2147074610842727,1.4492753623188406
110,7.521470746108427,0.6776704240472357,28.10654857756307,43.4447128287708,3.69699409554482,2.9388083735909825,9.473966720343531,,2.4825550187869028,0.2147074610842727,1.442565754159957
111,7.702630166398282,0.6776704240472357,28.012614063338702,43.364197530864196,3.69699409554482,2.932098765432099,9.473966720343531,,2.4825550187869028,0.2147074610842727,1.442565754159957
112,7.474503488996243,0.6776704240472357,30.079173376274827,42.84084809447128,4.549114331723027,2.932098765432099,7.7361782071927,,2.0531400966183573,0.2147074610842727,1.442565754159957
113,7.548309178743962,0.6776704240472357,30.038915727321523,42.80730005367686,4.549114331723027,2.932098765432099,7.7361782071927,,2.0531400966183573,0.2147074610842727,1.442565754159957
114,7.796564680622652,0.6776704240472357,29.998658078368223,42.70665593129361,4.549114331723027,2.9052603327965647,7.7361782071927,,1.9726247987117553,0.2147074610842727,1.442565754159957
115,8.044820182501342,0.6776704240472357,29.985238862050455,42.552334943639295,4.549114331723027,2.9052603327965647,7.675791733762749,,1.9726247987117553,0.2147074610842727,1.4224369296833066
116,8.246108427267847,0.6575415995705851,29.851046698872786,42.53220611916264,4.549114331723027,2.8784219001610305,7.675791733762749,,1.9726247987117553,0.2147074610842727,1.4224369296833066
117,8.299785292538916,0.6575415995705851,29.851046698872786,42.47852925389157,4.549114331723027,2.8784219001610305,7.675791733762749,,1.9726247987117553,0.2147074610842727,1.4224369296833066
118,8.756038647342995,0.6575415995705851,29.663177670424048,42.351046698872786,4.549114331723027,2.8784219001610305,7.675791733762749,,1.8317230273752012,0.2147074610842727,1.4224369296833066
119,8.796296296296296,0.6575415995705851,29.663177670424048,42.33762748255502,4.549114331723027,2.8784219001610305,7.648953301127214,,1.8317230273752012,0.2147074610842727,1.4224369296833066
120,8.447396672034353,0.6575415995705851,36.14465915190553,37.526838432635536,4.327697262479871,2.8784219001610305,6.219806763285024,,2.167203435319377,0.20799785292538917,1.4224369296833066
121,8.608427267847558,0.6575415995705851,36.07756307031669,37.432903918411164,4.327697262479871,2.8784219001610305,6.219806763285024,,2.167203435319377,0.20799785292538917,1.4224369296833066
122,8.621846484165324,0.6575415995705851,35.789049919484704,37.39935587761675,4.327697262479871,3.1870638754696725,6.219806763285024,,2.167203435319377,0.20799785292538917,1.4224369296833066
123,8.199141170155663,0.6575415995705851,39.962426194310254,34.40016103059581,4.327697262479871,3.1468062265163717,6.125872249060655,,1.5499194847020934,0.20799785292538917,1.4224369296833066
124,8.521202361782072,0.6575415995705851,39.54643048845947,34.18545356951154,4.643048845947397,3.1468062265163717,6.125872249060655,,1.5432098765432098,0.20799785292538917,1.4224369296833066
125,8.608427267847558,0.6575415995705851,39.110305958132045,33.883521202361784,4.62962962962963,3.81105743424584,6.125872249060655,,1.5432098765432098,0.20799785292538917,1.4224369296833066
126,8.494363929146537,0.6575415995705851,42.47852925389157,31.5955448201825,4.62962962962963,3.2742887815351582,6.0654857756307035,,1.1741814278046163,0.20799785292538917,1.4224369296833066
127,8.541331186258722,0.6575415995705851,42.43156199677939,31.5955448201825,4.62962962962963,3.2742887815351582,6.0654857756307035,,1.1741814278046163,0.20799785292538917,1.4224369296833066
128,8.809715512614064,0.6575415995705851,42.39801395598497,31.5150295222759,4.549114331723027,3.2139023081052067,6.052066559312936,,1.1741814278046163,0.20799785292538917,1.4224369296833066
129,7.722758990874933,0.2147074610842727,49.724906065485776,27.556360708534623,3.864734299516908,2.5831991411701556,5.615942028985507,,1.107085346215781,0.19457863660762212,1.415727321524423
130,7.890499194847021,0.2147074610842727,49.67793880837359,27.455716586151368,3.864734299516908,2.5831991411701556,5.595813204508857,,1.107085346215781,0.19457863660762212,1.415727321524423
131,8.004562533548041,0.2147074610842727,49.644390767579175,27.428878153515836,3.864734299516908,2.5295222758990876,5.595813204508857,,1.107085346215781,0.19457863660762212,1.415727321524423
132,8.172302737520129,0.2147074610842727,48.121309715512616,27.254428341384862,3.844605475040258,2.5295222758990876,5.595813204508857,,2.657004830917874,0.19457863660762212,1.415727321524423
133,8.299785292538916,0.2147074610842727,48.07434245840043,27.214170692431562,3.844605475040258,2.5295222758990876,5.555555555555555,,2.657004830917874,0.19457863660762212,1.415727321524423
134,8.400429414922169,0.2147074610842727,48.03408480944713,27.214170692431562,3.844605475040258,2.522812667740204,5.542136339237788,,2.657004830917874,0.19457863660762212,1.3754696725711217
135,8.507783145464305,0.2147074610842727,48.87949543746645,27.160493827160494,3.844605475040258,2.522812667740204,5.542136339237788,,1.7579173376274826,0.19457863660762212,1.3754696725711217
136,8.561460010735374,0.2147074610842727,48.83923778851315,27.147074610842726,3.844605475040258,2.522812667740204,5.542136339237788,,1.7579173376274826,0.19457863660762212,1.3754696725711217
137,8.621846484165324,0.2147074610842727,48.80568974771873,27.147074610842726,3.844605475040258,2.522812667740204,5.515297906602254,,1.7579173376274826,0.19457863660762212,1.3754696725711217
138,8.635265700483092,0.2147074610842727,48.792270531400966,27.147074610842726,3.844605475040258,2.522812667740204,5.515297906602254,,1.7579173376274826,0.19457863660762212,1.3754696725711217
139,8.756038647342995,0.2147074610842727,48.75872249060655,27.106816961889425,3.8043478260869565,2.522812667740204,5.515297906602254,,1.751207729468599,0.19457863660762212,1.3754696725711217
140,9.151905528717123,0.2147074610842727,48.60440150295223,26.99946323134729,3.8043478260869565,2.509393451422437,5.401234567901234,,1.751207729468599,0.19457863660762212,1.3687600644122384
141,9.219001610305957,0.2147074610842727,48.60440150295223,26.96591519055287,3.8043478260869565,2.509393451422437,5.367686527106817,,1.751207729468599,0.19457863660762212,1.3687600644122384
142,9.326355340848094,0.2147074610842727,48.56414385399893,26.898819108964037,3.8043478260869565,2.509393451422437,5.367686527106817,,1.751207729468599,0.19457863660762212,1.3687600644122384
143,9.346484165324744,0.2147074610842727,48.56414385399893,26.88539989264627,3.8043478260869565,2.509393451422437,5.360976918947934,,1.751207729468599,0.19457863660762212,1.3687600644122384
144,9.400161030595813,0.2147074610842727,48.37627482555019,26.744498121309714,4.106280193236715,2.509393451422437,5.347557702630167,,1.751207729468599,0.19457863660762212,1.3553408480944713
145,9.836285560923242,0.2147074610842727,47.98040794417606,26.737788513150832,4.106280193236715,2.509393451422437,5.347557702630167,,1.751207729468599,0.19457863660762212,1.3217928073000538
146,9.91009125067096,0.2147074610842727,47.91331186258722,26.73107890499195,4.106280193236715,2.509393451422437,5.347557702630167,,1.751207729468599,0.19457863660762212,1.3217928073000538
147,9.990606548577563,0.2147074610842727,46.93370907139023,26.73107890499195,4.106280193236715,3.4286097691894795,5.347557702630167,,1.751207729468599,0.17444981213097155,1.3217928073000538
148,10.245571658615138,0.2147074610842727,46.88003220611916,26.650563607085346,4.019055287171229,3.4151905528717124,5.340848094471283,,1.751207729468599,0.17444981213097155,1.3083735909822867
149,10.46027911969941,0.2147074610842727,46.484165324745035,26.610305958132045,4.019055287171229,3.3816425120772946,5.199946323134729,,2.147074610842727,0.17444981213097155,1.3083735909822867
150,10.809178743961352,0.2147074610842727,46.101717659688674,26.52308105206656,4.019055287171229,3.3816425120772946,5.052334943639291,,2.4154589371980677,0.17444981213097155,1.3083735909822867
151,10.909822866344605,0.2147074610842727,46.061460010735374,26.462694578636608,4.019055287171229,3.3816425120772946,5.052334943639291,,2.4154589371980677,0.17444981213097155,1.3083735909822867
152,11.708266237251744,0.2147074610842727,45.330112721417066,26.40901771336554,4.019055287171229,3.3816425120772946,5.052334943639291,,2.4020397208803006,0.17444981213097155,1.3083735909822867
153,11.79549114331723,0.2147074610842727,45.29656468062265,26.382179280730007,4.019055287171229,3.3816425120772946,5.052334943639291,,2.3752012882447664,0.17444981213097155,1.3083735909822867
154,12.090713902308105,0.2147074610842727,45.20263016639828,26.234567901234566,4.019055287171229,3.3279656468062266,5.052334943639291,,2.3752012882447664,0.17444981213097155,1.3083735909822867
155,12.077294685990339,0.2147074610842727,45.20263016639828,25.946054750402578,4.019055287171229,3.307836822329576,5.052334943639291,,2.3752012882447664,0.17444981213097155,1.6304347826086956
156,11.097691894793345,0.2147074610842727,48.87949543746645,23.711755233494365,4.213633923778851,3.307836822329576,4.549114331723027,,2.2208803005904456,0.17444981213097155,1.6304347826086956
157,11.258722490606548,0.2147074610842727,48.470209339774556,23.64465915190553,4.542404723564144,3.294417606011809,4.549114331723027,,2.2208803005904456,0.17444981213097155,1.6304347826086956
158,11.325818572195384,0.2147074610842727,48.40311325818572,23.64465915190553,4.542404723564144,3.294417606011809,4.549114331723027,,2.2208803005904456,0.17444981213097155,1.6304347826086956
159,11.399624261943103,0.2147074610842727,47.90660225442834,23.416532474503487,5.226784755770263,3.2877079978529253,4.522275899087493,,2.2208803005904456,0.17444981213097155,1.6304347826086956
160,11.466720343531938,0.2147074610842727,47.87976382179281,23.382984433709073,5.226784755770263,3.2877079978529253,4.522275899087493,,2.2208803005904456,0.17444981213097155,1.6237251744498122
161,11.714975845410628,0.2147074610842727,47.725442834138484,22.758990874932906,5.059044551798175,3.2877079978529253,5.280461621041331,,2.1604938271604937,0.17444981213097155,1.6237251744498122
162,12.02361782071927,0.2147074610842727,47.70531400966183,22.32957595276436,4.985238862050457,3.2877079978529253,5.267042404723564,,2.1604938271604937,0.17444981213097155,1.8518518518518519
163,11.869296833064949,0.2147074610842727,47.658346752549654,22.544283413848632,4.9718196457326895,3.2877079978529253,5.267042404723564,,2.1604938271604937,0.17444981213097155,1.8518518518518519
164,12.070585077831455,0.2147074610842727,47.49060654857756,22.510735373054214,4.9718196457326895,3.2877079978529253,5.267042404723564,,2.1604938271604937,0.17444981213097155,1.8518518518518519
165,12.130971551261407,0.2147074610842727,47.094739667203434,22.128287707997853,5.8239398819108965,3.2877079978529253,5.253623188405797,,2.1604938271604937,0.17444981213097155,1.7310789049919484
166,12.4597423510467,0.2147074610842727,46.79951690821256,22.094739667203434,5.8239398819108965,3.2877079978529253,5.253623188405797,,2.1604938271604937,0.17444981213097155,1.7310789049919484
167,12.567096081588835,0.2147074610842727,45.9272678475577,21.920289855072465,6.5552871712292005,3.280998389694042,5.46833064949007,,2.1604938271604937,0.17444981213097155,1.7310789049919484
168,12.761674718196458,0.2147074610842727,45.8064949006978,21.89345142243693,6.535158346752549,3.280998389694042,5.441492216854535,,2.1604938271604937,0.17444981213097155,1.7310789049919484
169,12.808641975308642,0.2147074610842727,45.59849704777241,21.85319377348363,6.508319914117015,3.5091250670960816,5.441492216854535,,2.1604938271604937,0.17444981213097155,1.7310789049919484
170,12.983091787439614,0.2147074610842727,45.44417606011809,21.71900161030596,6.629092860976919,3.502415458937198,5.441492216854535,,2.1604938271604937,0.17444981213097155,1.7310789049919484
171,13.18438003220612,0.2147074610842727,45.169082125603865,21.054750402576488,6.629092860976919,3.475577026301664,5.407944176060118,,2.1604938271604937,0.17444981213097155,2.5295222758990876
172,13.378958668813741,0.2147074610842727,45.02818035426731,21.021202361782073,6.629092860976919,3.4688674181427803,5.407944176060118,,2.1604938271604937,0.17444981213097155,2.5161030595813205
173,13.459473966720344,0.2147074610842727,44.81347289318304,20.43075684380032,6.629092860976919,3.4688674181427803,6.132581857219538,,2.1604938271604937,0.17444981213097155,2.5161030595813205
174,13.627214170692431,0.2147074610842727,44.7463768115942,20.189210950080515,6.769994632313473,3.4688674181427803,6.132581857219538,,2.1604938271604937,0.17444981213097155,2.5161030595813205
175,13.821792807300053,0.2147074610842727,43.887546967257116,20.061728395061728,7.561728395061729,3.4688674181427803,6.132581857219538,,2.1604938271604937,0.17444981213097155,2.5161030595813205
176,13.996242619431026,0.2147074610842727,43.874127750939344,20.061728395061728,7.5281803542673105,3.4017713365539453,6.072195383789587,,2.1604938271604937,0.17444981213097155,2.5161030595813205
177,14.110305958132045,0.2147074610842727,43.874127750939344,20.02818035426731,7.494632313472893,3.3548040794417604,6.072195383789587,,2.1604938271604937,0.17444981213097155,2.5161030595813205
178,14.224369296833064,0.2147074610842727,43.78019323671498,20.02818035426731,7.481213097155126,3.3548040794417604,6.072195383789587,,2.1604938271604937,0.17444981213097155,2.509393451422437
179,13.47289318303811,0.2147074610842727,40.103327965646805,27.569779924852387,6.635802469135802,1.4358561460010735,6.0654857756307035,,2.0263016639828235,0.17444981213097155,2.301395598497048
180,13.513150831991412,0.2147074610842727,40.08990874932904,27.556360708534623,6.635802469135802,1.4358561460010735,6.0587761674718195,,2.01959205582394,0.17444981213097155,2.301395598497048
181,13.6808910359635,0.2147074610842727,40.01610305958132,27.49597423510467,6.635802469135802,1.4358561460010735,6.031937734836285,,2.0128824476650564,0.17444981213097155,2.301395598497048
182,13.754696725711218,0.2147074610842727,39.94900697799248,27.489264626945786,6.635802469135802,1.4358561460010735,6.031937734836285,,2.0128824476650564,0.17444981213097155,2.301395598497048
183,13.841921631776705,0.2147074610842727,39.942297369833604,27.462426194310254,6.635802469135802,1.4358561460010735,6.031937734836285,,1.9592055823939882,0.17444981213097155,2.301395598497048
184,13.801663982823403,0.2147074610842727,39.63365539452496,27.334943639291467,7.232957595276436,1.4358561460010735,6.011808910359635,,1.9592055823939882,0.17444981213097155,2.200751476113795
185,13.848631239935587,0.2147074610842727,38.99624261943102,27.70397208803006,7.5348899624261945,1.4358561460010735,6.011808910359635,,1.8786902844873858,0.17444981213097155,2.200751476113795
186,14.036500268384327,0.2147074610842727,38.79495437466452,27.509393451422437,7.85024154589372,1.3687600644122384,6.005099302200751,,1.8451422436929683,0.17444981213097155,2.200751476113795
187,14.123725174449811,0.2147074610842727,40.163714439076756,27.462426194310254,6.78341384863124,1.3687600644122384,6.005099302200751,,1.5029522275899088,0.17444981213097155,2.200751476113795
188,14.163982823403114,0.2147074610842727,39.56655931293612,27.274557165861513,6.78341384863124,1.3687600644122384,6.749865807836822,,1.5029522275899088,0.17444981213097155,2.200751476113795
189,14.204240472356414,0.2147074610842727,39.55314009661836,27.26113794954375,6.769994632313473,1.3687600644122384,6.749865807836822,,1.5029522275899088,0.17444981213097155,2.200751476113795
190,14.318303811057435,0.2147074610842727,39.47933440687064,27.22758990874933,6.769994632313473,1.3687600644122384,6.743156199677939,,1.5029522275899088,0.17444981213097155,2.200751476113795
191,14.465915190552872,0.2147074610842727,39.18411164787977,27.194041867954912,6.951154052603328,1.3687600644122384,6.743156199677939,,1.5029522275899088,0.17444981213097155,2.200751476113795
192,14.566559312936125,0.2147074610842727,39.11701556629093,27.18733225979603,6.944444444444445,1.3486312399355878,6.743156199677939,,1.5029522275899088,0.17444981213097155,2.200751476113795
193,14.626945786366075,0.2147074610842727,39.05662909286098,27.18733225979603,6.944444444444445,1.3486312399355878,6.743156199677939,,1.5029522275899088,0.17444981213097155,2.200751476113795
194,14.741009125067096,0.2147074610842727,38.99624261943102,27.160493827160494,6.944444444444445,1.3217928073000538,6.743156199677939,,1.5029522275899088,0.17444981213097155,2.200751476113795
195,14.600107353730541,0.2147074610842727,38.84192163177671,26.992753623188406,6.119162640901771,1.3217928073000538,8.031400966183575,,1.5029522275899088,0.17444981213097155,2.200751476113795
196,14.774557165861514,0.2147074610842727,38.7211486849168,26.959205582393988,6.119162640901771,1.3217928073000538,8.011272141706923,,1.5029522275899088,0.17444981213097155,2.200751476113795
197,14.801395598497047,0.2147074610842727,38.707729468599034,26.959205582393988,6.119162640901771,1.3217928073000538,7.997852925389157,,1.5029522275899088,0.17444981213097155,2.200751476113795
198,15.01610305958132,0.2147074610842727,38.00322061191626,26.798174986580783,6.119162640901771,1.3217928073000538,8.648684916800859,,1.5029522275899088,0.17444981213097155,2.200751476113795
199,15.103327965646805,0.2147074610842727,37.97638217928073,26.737788513150832,6.119162640901771,1.3217928073000538,8.648684916800859,,1.5029522275899088,0.17444981213097155,2.200751476113795
200,15.22410091250671,0.2147074610842727,37.9495437466452,26.710950080515296,6.105743424584004,1.3217928073000538,8.59500805152979,,1.5029522275899088,0.17444981213097155,2.200751476113795
201,15.351583467525497,0.2147074610842727,37.92941492216855,26.603596349973163,6.105743424584004,1.3217928073000538,8.59500805152979,,1.5029522275899088,0.17444981213097155,2.200751476113795
202,15.411969940955448,0.2147074610842727,37.9092860976919,26.590177133655395,6.078904991948471,1.3217928073000538,8.59500805152979,,1.5029522275899088,0.17444981213097155,2.200751476113795
203,15.5126140633387,0.2147074610842727,37.875738056897475,26.52308105206656,6.078904991948471,1.3217928073000538,8.59500805152979,,1.5029522275899088,0.17444981213097155,2.200751476113795
204,15.60654857756307,0.2147074610842727,37.855609232420825,26.482823403113258,6.078904991948471,1.3217928073000538,8.561460010735374,,1.5029522275899088,0.17444981213097155,2.200751476113795
205,15.72061191626409,0.2147074610842727,37.11755233494364,26.402308105206657,6.823671497584541,1.2815351583467525,8.561460010735374,,1.5029522275899088,0.17444981213097155,2.200751476113795
206,15.747450348899624,0.2147074610842727,37.02361782071927,25.691089640365004,6.823671497584541,1.2815351583467525,8.561460010735374,,1.5029522275899088,0.17444981213097155,2.9790660225442833
207,15.915190552871712,0.2147074610842727,36.85587761674718,25.691089640365004,6.823671497584541,1.2815351583467525,8.561460010735374,,1.5029522275899088,0.17444981213097155,2.9790660225442833
208,16.049382716049383,0.2147074610842727,36.574074074074076,25.623993558776167,7.051798174986581,1.2815351583467525,8.548040794417606,,1.5029522275899088,0.17444981213097155,2.9790660225442833
209,16.049382716049383,0.2147074610842727,35.11808910359635,25.55018786902845,7.051798174986581,1.583467525496511,9.997316156736447,,1.2815351583467525,0.17444981213097155,2.9790660225442833
210,16.19699409554482,0.2147074610842727,35.09125067096082,25.469672571121848,7.051798174986581,1.583467525496511,9.970477724100913,,1.2681159420289856,0.17444981213097155,2.9790660225442833
211,16.243961352657006,0.2147074610842727,35.09125067096082,25.43612453032743,7.0383789586688135,1.583467525496511,9.970477724100913,,1.2681159420289856,0.17444981213097155,2.9790660225442833
212,16.25738056897477,0.2147074610842727,35.09125067096082,25.42270531400966,7.0383789586688135,1.583467525496511,9.970477724100913,,1.2681159420289856,0.17444981213097155,2.9790660225442833
213,16.27750939345142,0.2147074610842727,35.09125067096082,25.42270531400966,7.0383789586688135,1.583467525496511,9.950348899624261,,1.2681159420289856,0.17444981213097155,2.9790660225442833
214,16.21712292002147,0.2147074610842727,34.554482018250134,25.42270531400966,6.977992485238862,2.2946859903381642,9.936929683306495,,1.2345679012345678,0.17444981213097155,2.9723564143853998
215,16.478797638217927,0.2147074610842727,34.4873859366613,25.369028448738593,6.971282877079979,2.2946859903381642,9.923510466988727,,1.2345679012345678,0.17444981213097155,2.8515834675254963
216,16.639828234031132,0.2147074610842727,34.47396672034353,25.221417069243156,6.971282877079979,2.2946859903381642,9.923510466988727,,1.2345679012345678,0.17444981213097155,2.8515834675254963
217,16.800858829844337,0.2147074610842727,34.39345142243693,25.15432098765432,6.971282877079979,2.2946859903381642,9.923510466988727,,1.221148684916801,0.17444981213097155,2.8515834675254963
218,17.05582393988191,0.2147074610842727,34.31964573268921,24.973161567364468,6.971282877079979,2.2946859903381642,9.923510466988727,,1.221148684916801,0.17444981213097155,2.8515834675254963
219,17.19001610305958,0.2147074610842727,34.292807300053674,24.966451959205582,6.937734836285561,2.26784755770263,9.883252818035427,,1.221148684916801,0.17444981213097155,2.8515834675254963
220,17.236983360171767,0.2147074610842727,34.292807300053674,24.9194847020934,6.937734836285561,2.26784755770263,9.883252818035427,,1.221148684916801,0.17444981213097155,2.8515834675254963
221,17.3040794417606,0.2147074610842727,34.292807300053674,24.912775093934513,6.9243156199677935,2.26784755770263,9.836285560923242,,1.221148684916801,0.17444981213097155,2.8515834675254963
222,17.60601180891036,0.2147074610842727,34.11164787976382,24.88593666129898,6.863929146537842,2.26784755770263,9.836285560923242,,1.221148684916801,0.17444981213097155,2.818035426731079
223,17.733494363929147,0.2147074610842727,34.11164787976382,24.88593666129898,6.776704240472356,2.26784755770263,9.796027911969942,,1.221148684916801,0.17444981213097155,2.818035426731079
224,17.746913580246915,0.2147074610842727,34.004294149221685,24.570585077831456,6.763285024154589,2.7241009125067097,9.762479871175524,,1.221148684916801,0.17444981213097155,2.818035426731079
225,17.800590445517983,0.2147074610842727,33.662104133118625,24.228395061728396,6.696188942565755,3.4286097691894795,9.762479871175524,,1.221148684916801,0.17444981213097155,2.8113258185721954
226,17.914653784219002,0.2147074610842727,33.63526570048309,24.154589371980677,6.696188942565755,3.4286097691894795,9.762479871175524,,1.221148684916801,0.17444981213097155,2.7979066022544283
227,17.76033279656468,0.2147074610842727,33.601717659688674,24.02710681696189,6.407675791733762,3.4286097691894795,10.393183038110575,,1.221148684916801,0.17444981213097155,2.771068169618894
228,17.867686527106816,0.2147074610842727,33.601717659688674,24.00697799248524,6.367418142780462,3.4286097691894795,10.34621578099839,,1.221148684916801,0.17444981213097155,2.771068169618894
229,18.109232420826622,0.2147074610842727,33.50107353730542,23.97342995169082,6.320450885668277,3.408480944712829,10.312667740203972,,1.221148684916801,0.17444981213097155,2.7643585614600106
230,18.109232420826622,0.2147074610842727,33.50107353730542,23.97342995169082,6.320450885668277,3.408480944712829,10.312667740203972,,1.221148684916801,0.17444981213097155,2.7643585614600106
