,45,50,55,51,54,52,53,56,57
0,99.11433172302738,0.8856682769726248,,,,,,,
1,92.08266237251745,7.917337627482555,,,,,,,
2,92.08937198067633,7.9106280193236715,,,,,,,
3,74.58400429414922,25.41599570585078,,,,,,,
4,57.024959742351044,42.975040257648956,,,,,,,
5,57.09205582393988,42.77375201288245,0.13419216317767044,,,,,,
6,53.254159957058505,45.56494900697799,0.13419216317767044,1.0466988727858293,,,,,
7,44.85373054213634,40.94202898550725,0.13419216317767044,14.070048309178745,,,,,
8,44.71282877079979,37.74825550187869,1.1943102522812667,16.344605475040257,,,,,
9,44.44444444444444,37.64090177133655,1.1943102522812667,16.720343531937736,,,,,
10,41.968599033816425,36.38620504562534,1.1607622114868492,20.30998389694042,0.17444981213097155,,,,
11,41.83440687063875,36.63446054750403,1.1607622114868492,20.1959205582394,0.17444981213097155,,,,
12,42.11621041331186,36.15807836822329,1.1607622114868492,17.74020397208803,0.17444981213097155,1.415727321524423,1.2345679012345678,,
13,42.37788513150832,35.98362855609233,1.1607622114868492,17.652979066022546,0.17444981213097155,1.415727321524423,1.2345679012345678,,
14,41.84782608695652,35.42002147074611,1.1607622114868492,17.59259259259259,0.17444981213097155,1.415727321524423,2.3886205045625335,,
15,41.74047235641439,35.547504025764894,1.1607622114868492,17.57246376811594,0.17444981213097155,1.415727321524423,2.3886205045625335,,
16,38.781535158346756,34.50751476113795,1.1607622114868492,21.571390230810522,0.17444981213097155,1.415727321524423,2.3886205045625335,,
17,37.775093934514224,32.420826623725176,1.1607622114868492,25.32206119162641,0.17444981213097155,0.7380568974771873,2.408749329039184,,
18,37.64090177133655,29.508856682769725,1.1607622114868492,25.261674718196456,0.17444981213097155,0.7380568974771873,5.515297906602254,,
19,36.513687600644126,30.636070853462158,1.1607622114868492,25.261674718196456,0.17444981213097155,0.7380568974771873,5.515297906602254,,
20,36.78878153515835,30.44820182501342,1.1607622114868492,25.181159420289855,0.17444981213097155,0.7313472893183038,5.515297906602254,,
21,36.600912506709605,30.971551261406333,1.1607622114868492,24.93961352657005,0.17444981213097155,0.7179280730005367,5.434782608695652,,
22,33.66881374127751,33.333333333333336,1.1473429951690821,25.523349436392916,0.17444981213097155,0.7179280730005367,5.434782608695652,,
23,33.393719806763286,32.729468599033815,1.1473429951690821,26.757917337627482,0.17444981213097155,0.7179280730005367,5.0791733762748255,,
24,31.99812130971551,35.71524422973698,0.7112184648416533,25.644122383252817,0.17444981213097155,0.7179280730005367,5.038915727321524,,
25,32.018250134192165,35.59447128287708,0.7112184648416533,25.5300590445518,0.17444981213097155,0.7179280730005367,5.253623188405797,,
26,27.30139559849705,30.96484165324745,1.583467525496511,34.43370907139023,0.17444981213097155,0.7179280730005367,4.824208266237251,,
27,25.95276435856146,32.57514761137949,1.8048845947396672,33.66881374127751,0.17444981213097155,0.7179280730005367,4.824208266237251,0.28180354267310787,
28,26.073537305421365,32.46779388083736,1.8048845947396672,33.65539452495974,0.17444981213097155,0.7179280730005367,4.824208266237251,0.28180354267310787,
29,26.113794954374665,32.427536231884055,1.8048845947396672,33.65539452495974,0.17444981213097155,0.7179280730005367,4.824208266237251,0.28180354267310787,
30,26.174181427804616,32.39398819108964,1.8048845947396672,33.23268921095008,0.6239935587761675,0.7179280730005367,4.770531400966184,0.28180354267310787,
31,22.859634997316157,35.69511540526033,1.8048845947396672,33.62855609232421,0.24154589371980675,0.7179280730005367,4.770531400966184,0.28180354267310787,
32,20.571658615136876,43.646001073537306,2.0397208803005906,29.824208266237253,0.24154589371980675,0.7179280730005367,2.677133655394525,0.28180354267310787,
33,20.79307568438003,43.47155126140633,1.9793344068706387,29.73027375201288,0.3488996242619431,0.7179280730005367,2.677133655394525,0.28180354267310787,
34,20.551529790660226,39.88191089640365,1.9793344068706387,29.17337627482555,0.3488996242619431,6.421095008051529,1.3620504562533549,0.28180354267310787,
35,18.61916264090177,39.19753086419753,1.6639828234031133,32.21953837895867,0.23483628556092323,6.421095008051529,1.3620504562533549,0.28180354267310787,
36,18.726516371443907,39.130434782608695,1.8719806763285025,32.01154052603328,0.23483628556092323,6.407675791733762,1.3352120236178207,0.28180354267310787,
37,18.766774020397207,39.070048309178745,1.8719806763285025,30.461621041331185,0.23483628556092323,6.407675791733762,2.9052603327965647,0.28180354267310787,
38,18.793612453032743,36.42646269457864,2.6435856146001075,32.306763285024154,0.23483628556092323,6.407675791733762,2.9052603327965647,0.28180354267310787,
39,19.14922168545357,36.312399355877616,2.6435856146001075,32.19940955448202,0.23483628556092323,6.407675791733762,2.771068169618894,0.28180354267310787,
40,19.088835212023618,34.80273752012882,2.945517981749866,31.186258722490606,0.23483628556092323,6.407675791733762,5.052334943639291,0.28180354267310787,
41,19.02173913043478,34.94363929146538,2.945517981749866,31.125872249060656,0.23483628556092323,6.407675791733762,5.038915727321524,0.28180354267310787,
42,19.0552871712292,34.93022007514761,2.945517981749866,31.105743424584006,0.23483628556092323,6.407675791733762,5.038915727321524,0.28180354267310787,
43,19.209608158883523,34.554482018250134,2.9052603327965647,30.938003220611915,0.5434782608695652,6.293612453032743,5.273752012882448,0.28180354267310787,
44,18.699677938808374,34.42028985507246,3.0193236714975846,31.468062265163713,0.5434782608695652,6.293612453032743,5.273752012882448,0.28180354267310787,
45,18.907675791733762,34.346484165324746,3.0193236714975846,31.387546967257112,0.5434782608695652,6.239935587761675,5.273752012882448,0.28180354267310787,
46,18.21658615136876,30.475040257648953,2.147074610842727,37.13768115942029,0.5434782608695652,5.931293612453032,5.267042404723564,0.28180354267310787,
47,18.54535695115405,30.414653784219002,2.147074610842727,36.86929683306495,0.5434782608695652,5.931293612453032,5.267042404723564,0.28180354267310787,
48,14.935587761674718,34.75577026301664,1.7914653784219001,37.52012882447665,0.5434782608695652,5.065754159957058,5.10601180891036,0.28180354267310787,
49,15.13016639828234,34.38674181427805,2.033011272141707,37.486580783682236,0.5434782608695652,5.065754159957058,5.072463768115942,0.28180354267310787,
50,10.359634997316157,45.93397745571659,1.8317230273752012,32.19269994632314,0.322061191626409,5.065754159957058,4.012345679012346,0.28180354267310787,
51,9.762479871175524,43.13607085346216,1.583467525496511,32.608695652173914,1.6505636070853462,6.964573268921095,4.012345679012346,0.28180354267310787,
52,9.796027911969942,40.80112721417069,1.583467525496511,40.07648953301127,0.322061191626409,4.180085882984434,2.9589371980676327,0.28180354267310787,
53,6.843800322061192,34.88996242619431,1.288244766505636,47.5979602791197,0.6642512077294686,4.435050993022007,2.6972624798711755,1.583467525496511,
54,5.005367686527107,24.14787976382179,1.0869565217391304,60.31266774020397,0.6642512077294686,4.87788513150832,2.3215244229736984,1.583467525496511,
55,4.87788513150832,21.906870638754697,2.7442297369833604,60.158346752549654,0.6642512077294686,4.461889425657541,3.603059581320451,1.583467525496511,
56,5.0791733762748255,21.826355340848096,2.737520128824477,58.943907675791735,0.6642512077294686,4.461889425657541,4.703435319377348,1.583467525496511,
57,5.24020397208803,21.772678475577028,2.737520128824477,56.50831991411702,1.7914653784219001,5.669618894256575,4.696725711218465,1.583467525496511,
58,5.46833064949007,20.893719806763286,2.737520128824477,56.407675791733766,1.7914653784219001,5.58239398819109,5.535426731078905,1.583467525496511,
59,4.851046698872786,20.840042941492218,2.818035426731079,50.577026301663984,1.7914653784219001,12.02361782071927,5.515297906602254,1.583467525496511,
60,4.9651100375738055,20.04830917874396,2.818035426731079,43.01529790660226,1.4761137949543746,20.263016639828233,5.83064949006978,1.583467525496511,
61,4.542404723564144,17.901234567901234,1.2144390767579174,38.459473966720346,1.0399892646269457,31.622383252818036,3.6366076221148687,1.583467525496511,
62,4.64975845410628,17.85426731078905,1.2144390767579174,38.41250670960816,1.0399892646269457,31.608964036500268,3.6366076221148687,1.583467525496511,
63,4.64975845410628,14.439076757917338,3.2675791733762747,37.61406333870102,1.3553408480944713,31.602254428341386,5.488459473966721,1.583467525496511,
64,4.777241009125067,13.774825550187868,3.435319377348363,36.3593666129898,1.415727321524423,33.071658615136876,5.407944176060118,1.7579173376274826,
65,4.676596886741814,13.674181427804616,3.3950617283950617,33.5077831454643,1.415727321524423,36.41304347826087,5.159688674181428,1.7579173376274826,
66,5.0993022007514766,13.533279656468062,3.3950617283950617,33.24610842726785,1.415727321524423,36.272141706924316,5.159688674181428,1.8786902844873858,
67,5.24020397208803,13.285024154589372,3.549382716049383,35.607890499194845,1.415727321524423,33.9975845410628,5.146269457863661,1.7579173376274826,
68,4.669887278582931,11.272141706924316,4.609500805152979,44.28341384863124,2.636876006441224,26.96591519055287,4.159957058507783,1.402308105206656,
69,4.643048845947397,11.191626409017713,4.924852388620504,42.552334943639295,2.636876006441224,26.84514224369297,4.159957058507783,3.046162104133119,
70,4.810789049919484,11.191626409017713,4.924852388620504,42.47181964573269,2.636876006441224,26.78475577026302,4.159957058507783,3.0193236714975846,
71,4.884594739667204,11.191626409017713,4.770531400966184,42.411433172302736,2.3215244229736984,25.885668276972623,5.360976918947934,3.1736446591519054,
72,5.0858829844337095,11.191626409017713,4.770531400966184,42.3845947396672,2.3215244229736984,25.81857219538379,5.253623188405797,3.1736446591519054,
73,5.152979066022544,11.003757380568974,4.582662372517445,42.190016103059584,2.3215244229736984,25.301932367149757,6.099033816425121,3.3480944712828773,
74,5.387815351583468,11.003757380568974,4.542404723564144,42.05582393988191,2.3215244229736984,25.241545893719806,6.099033816425121,3.3480944712828773,
75,5.548845947396672,10.970209339774557,4.542404723564144,42.008856682769725,2.3215244229736984,25.207997852925388,6.099033816425121,3.3011272141706924,
76,5.555555555555555,10.970209339774557,4.542404723564144,41.4922168545357,2.3215244229736984,25.140901771336555,6.099033816425121,3.878153515834675,
77,5.703166935050993,10.963499731615673,4.2203435319377345,41.57944176060118,2.2879763821792807,26.167471819645733,5.857487922705314,3.2206119162640903,
78,5.83064949006978,10.943370907139023,4.2203435319377345,41.39157273215244,2.2879763821792807,26.073537305421365,5.8239398819108965,3.4286097691894795,
79,5.964841653247451,10.88298443370907,4.3545356951154055,41.277509393451425,2.2879763821792807,26.01315083199141,5.803811057434245,3.4151905528717124,
80,5.750134192163178,10.674986580783683,4.3545356951154055,43.605743424584006,2.1403650026838434,24.114331723027377,5.803811057434245,3.556092324208266,
81,5.555555555555555,10.299248523886206,3.9989264626945786,45.6454643048846,2.1403650026838434,24.02710681696189,4.51556629092861,3.8177670424047236,
82,6.239935587761675,10.285829307568438,3.9720880300590444,45.32340311325819,2.1403650026838434,23.70504562533548,4.51556629092861,3.8177670424047236,
83,6.568706387546968,9.970477724100913,4.139828234031133,45.04830917874396,2.1135265700483092,23.55072463768116,4.508856682769726,4.0995705850778315,
84,6.769994632313473,9.957058507783145,4.139828234031133,44.867149758454104,2.1135265700483092,23.544015029522274,4.508856682769726,4.0995705850778315,
85,6.756575415995706,8.353462157809984,3.8177670424047236,44.34380032206119,1.778046162104133,27.20746108427268,3.824476650563607,3.9184111647879765,
86,6.723027375201288,8.21256038647343,3.9855072463768115,44.6658615136876,1.778046162104133,27.167203435319376,3.8177670424047236,3.6500268384326353,
87,7.071926999463232,8.165593129361245,3.9855072463768115,44.477992485238865,1.7310789049919484,25.831991411701555,5.139559849704777,3.5963499731615673,
88,7.185990338164252,8.152173913043478,3.9855072463768115,44.44444444444444,1.7310789049919484,25.791733762748255,5.139559849704777,3.569511540526033,
89,6.072195383789587,7.548309178743962,3.3548040794417604,47.718733225979605,0.8387010198604401,27.750939345142243,3.683574879227053,3.0327428878153517,
90,6.273483628556092,7.5348899624261945,3.3548040794417604,46.64519592055824,0.5300590445517982,27.68384326355341,4.676596886741814,3.3011272141706924,
91,6.414385399892646,7.5348899624261945,3.3413848631239937,46.59822866344606,0.5300590445517982,27.636876006441224,4.64975845410628,3.294417606011809,
92,5.46833064949007,7.018250134192163,3.556092324208266,48.91304347826087,0.4562533548040794,26.78475577026302,4.53569511540526,3.2675791733762747,
93,5.662909286097692,7.018250134192163,3.5426731078904994,47.678475577026305,0.4562533548040794,26.194310252281266,4.528985507246377,4.918142780461621,
94,5.709876543209877,7.018250134192163,3.5426731078904994,47.638217928073,0.4562533548040794,26.194310252281266,4.522275899087493,4.918142780461621,
95,5.797101449275362,7.018250134192163,3.5426731078904994,47.61137949543747,0.4562533548040794,26.147342995169083,4.508856682769726,4.918142780461621,
96,5.938003220611916,6.749865807836822,3.81105743424584,47.58454106280193,0.4562533548040794,26.03327965646806,4.508856682769726,4.918142780461621,
97,6.239935587761675,6.736446591519055,3.965378421900161,47.34970477724101,0.4562533548040794,25.87224906065486,4.461889425657541,4.918142780461621,
98,6.501610305958132,6.622383252818035,3.911701556629093,47.30944712828771,0.4562533548040794,25.81857219538379,4.461889425657541,4.918142780461621,
99,6.78341384863124,6.622383252818035,3.911701556629093,47.00080515297907,0.4562533548040794,25.603864734299517,4.435050993022007,5.186527106816962,
100,6.9310252281266775,6.622383252818035,3.911701556629093,46.95383789586688,0.4562533548040794,25.543478260869566,4.42163177670424,5.159688674181428,
101,7.239667203435319,6.622383252818035,3.911701556629093,46.67874396135266,0.7380568974771873,25.275093934514224,4.374664519592056,5.159688674181428,
102,7.440955448201825,6.595544820182502,3.911701556629093,46.60493827160494,0.7380568974771873,25.201288244766506,4.374664519592056,5.132850241545894,
103,7.890499194847021,6.488191089640365,3.898282340311326,45.30327428878154,0.8856682769726248,25.147611379495437,5.267042404723564,5.119431025228127,
104,8.017981749865807,6.488191089640365,3.898282340311326,44.06199677938808,0.8588298443370908,25.120772946859905,5.267042404723564,6.286902844873859,
105,8.05823939881911,6.488191089640365,4.213633923778851,43.67954911433172,0.8588298443370908,24.973161567364468,5.267042404723564,6.461352657004831,
106,8.165593129361245,6.0587761674718195,4.247181964573269,43.01529790660226,0.8588298443370908,24.818840579710145,6.4412238325281805,6.394256575415996,
107,8.521202361782072,6.031937734836285,4.159957058507783,42.88781535158347,0.8588298443370908,24.704777241009126,6.4412238325281805,6.394256575415996,
108,8.695652173913043,6.031937734836285,4.159957058507783,42.51878690284487,1.1741814278046163,24.382716049382715,6.4412238325281805,6.595544820182502,
109,8.776167471819646,5.9514224369296835,4.388083735909823,42.391304347826086,1.1741814278046163,24.302200751476114,6.421095008051529,6.595544820182502,
110,8.896940418679549,5.9514224369296835,4.374664519592056,42.32420826623725,1.1741814278046163,24.268652710681696,6.414385399892646,6.595544820182502,
111,9.078099838969404,5.9447128287707995,4.374664519592056,42.310789049919485,1.1741814278046163,24.65780998389694,6.414385399892646,6.045356951154052,
112,9.151905528717123,5.9447128287707995,4.327697262479871,42.190016103059584,0.9728931830381106,24.953032742887814,6.414385399892646,6.045356951154052,
113,9.440418679549115,5.9447128287707995,4.327697262479871,42.15646806226516,0.9728931830381106,24.711486849168008,6.400966183574879,6.045356951154052,
114,9.655126140633387,5.9447128287707995,4.327697262479871,42.00214707461084,0.9594739667203436,24.67793880837359,6.387546967257112,6.045356951154052,
115,9.728931830381105,5.917874396135265,4.327697262479871,41.57944176060118,0.9594739667203436,24.67793880837359,6.387546967257112,6.421095008051529,
116,9.990606548577563,5.917874396135265,4.488727858293076,41.418411164787976,0.9594739667203436,24.194847020933977,6.367418142780462,6.662640901771336,
117,9.796027911969942,5.8239398819108965,4.361245303274289,40.92190016103059,0.9594739667203436,23.805689747718734,7.2933440687063875,6.608964036500268,0.4294149221685454
118,10.19189479334407,5.810520665593129,4.274020397208803,40.86151368760064,0.9594739667203436,23.362855609232422,7.2933440687063875,6.689479334406871,0.5568974771873323
119,10.36634460547504,5.783682232957595,4.274020397208803,40.713902308105204,0.9594739667203436,23.362855609232422,7.2933440687063875,6.689479334406871,0.5568974771873323
120,9.883252818035427,5.783682232957595,4.2270531400966185,46.182232957595275,0.8655394524959742,19.91411701556629,5.924584004294149,6.662640901771336,0.5568974771873323
121,10.017444981213098,5.776972624798712,4.2270531400966185,45.91384863123994,0.8655394524959742,19.82018250134192,5.8239398819108965,7.011540526033279,0.5434782608695652
122,9.64170692431562,5.776972624798712,4.2270531400966185,48.027375201288244,0.8655394524959742,19.79334406870639,5.615942028985507,5.508588298443371,0.5434782608695652
123,9.64170692431562,5.776972624798712,4.2270531400966185,47.85963499731616,0.8655394524959742,19.773215244229736,5.60252281266774,5.709876543209877,0.5434782608695652
124,9.936929683306495,5.776972624798712,4.213633923778851,47.61808910359635,0.8655394524959742,19.732957595276435,5.60252281266774,5.709876543209877,0.5434782608695652
125,10.091250670960816,5.776972624798712,4.341116478797638,46.061460010735374,0.8655394524959742,21.088298443370906,5.595813204508857,5.636070853462158,0.5434782608695652
126,10.319377348362856,5.4549114331723025,4.200214707461084,45.70585077831455,0.8655394524959742,20.94068706387547,6.1862587224906065,5.783682232957595,0.5434782608695652
127,10.493827160493828,5.4549114331723025,4.200214707461084,45.59849704777241,0.8655394524959742,20.873590982286636,6.1862587224906065,5.783682232957595,0.5434782608695652
128,10.59447128287708,5.394524959742351,4.200214707461084,45.21604938271605,1.0869565217391304,20.79307568438003,6.1862587224906065,5.984970477724101,0.5434782608695652
129,7.809983896940419,17.183306494900698,2.1806226516371443,44.36392914653784,0.8588298443370908,18.06897477187332,3.9452495974235107,5.146269457863661,0.4428341384863124
130,7.890499194847021,17.042404723564143,2.3081052066559313,44.30354267310789,0.8588298443370908,18.06226516371444,3.9452495974235107,5.146269457863661,0.4428341384863124
131,7.9106280193236715,17.042404723564143,2.301395598497048,44.29012345679013,0.8588298443370908,18.06226516371444,3.9452495974235107,5.146269457863661,0.4428341384863124
132,7.977724100912507,16.6532474503489,2.804616210413312,43.98148148148148,0.8588298443370908,18.719806763285025,3.9452495974235107,4.8443370907139025,0.2147074610842727
133,7.897208803005904,15.344873859366613,2.7979066022544283,43.853998926462694,1.9457863660762211,18.659420289855074,5.112721417069243,4.17337627482555,0.2147074610842727
134,7.863660762211487,15.250939345142244,2.7777777777777777,43.65942028985507,2.4355877616747184,18.4044551798175,5.112721417069243,4.280730005367687,0.2147074610842727
135,8.09849704777241,15.190552871712292,2.7777777777777777,43.53193773483628,2.4355877616747184,18.4044551798175,5.112721417069243,4.233762748255502,0.2147074610842727
136,8.13875469672571,15.190552871712292,2.7777777777777777,43.20987654320987,2.4355877616747184,18.4044551798175,5.112721417069243,4.51556629092861,0.2147074610842727
137,8.199141170155663,15.150295222758992,2.7777777777777777,42.693236714975846,2.408749329039184,18.4044551798175,5.8172302737520125,4.334406870638754,0.2147074610842727
138,8.299785292538916,14.51959205582394,3.408480944712829,42.60601180891036,2.4020397208803006,18.397745571658614,5.8172302737520125,4.334406870638754,0.2147074610842727
139,8.299785292538916,13.20450885668277,3.3816425120772946,43.17632850241546,2.38191089640365,19.766505636070853,5.273752012882448,4.300858829844337,0.2147074610842727
140,8.682232957595277,13.20450885668277,3.3816425120772946,42.619431025228124,2.677133655394525,19.699409554482017,5.22007514761138,4.300858829844337,0.2147074610842727
141,8.682232957595277,13.191089640365004,3.3682232957595275,41.54589371980676,3.824476650563607,19.652442297369834,5.22007514761138,4.300858829844337,0.2147074610842727
142,8.789586688137414,13.177670424047236,3.33467525496511,41.48550724637681,3.824476650563607,19.51825013419216,5.22007514761138,4.435050993022007,0.2147074610842727
143,8.870101986044014,13.16425120772947,3.5829307568438002,41.418411164787976,3.824476650563607,19.269994632313473,5.22007514761138,4.435050993022007,0.2147074610842727
144,8.923778851315083,13.157541599570585,3.5829307568438002,40.25093934514224,3.824476650563607,19.189479334406872,6.4412238325281805,4.414922168545357,0.2147074610842727
145,9.078099838969404,13.157541599570585,3.5829307568438002,40.183843263553406,3.797638217928073,19.155931293612454,6.4412238325281805,4.388083735909823,0.2147074610842727
146,9.219001610305957,13.09044551798175,3.5829307568438002,40.11003757380569,3.797638217928073,19.155931293612454,6.4412238325281805,4.388083735909823,0.2147074610842727
147,9.742351046698873,12.915995705850777,3.5829307568438002,40.03623188405797,3.643317230273752,19.108964036500268,6.367418142780462,4.388083735909823,0.2147074610842727
148,10.11808910359635,12.875738056897477,3.5829307568438002,39.85507246376812,3.603059581320451,18.99490069779925,6.367418142780462,4.388083735909823,0.2147074610842727
149,10.265700483091788,12.875738056897477,3.556092324208266,39.85507246376812,3.5762211486849167,18.90096618357488,6.367418142780462,4.388083735909823,0.2147074610842727
150,10.420021470746109,12.875738056897477,3.556092324208266,39.774557165861516,3.5762211486849167,18.867418142780462,6.367418142780462,4.3478260869565215,0.2147074610842727
151,10.641438539989265,12.86231884057971,3.556092324208266,39.62023617820719,3.5762211486849167,18.840579710144926,6.367418142780462,4.320987654320987,0.2147074610842727
152,10.621309715512615,12.72812667740204,3.556092324208266,38.70101986044015,3.9452495974235107,19.350509930220074,6.340579710144928,4.542404723564144,0.2147074610842727
153,10.795759527643586,12.72812667740204,3.556092324208266,38.63392377885131,4.2270531400966185,19.296833064949006,6.025228126677402,4.522275899087493,0.2147074610842727
154,10.86285560923242,12.72812667740204,3.556092324208266,38.62721417069243,4.200214707461084,19.296833064949006,5.991680085882985,4.522275899087493,0.2147074610842727
155,11.044015029522276,12.681159420289855,3.556092324208266,38.58695652173913,4.200214707461084,19.249865807836823,5.984970477724101,4.4820182501341925,0.2147074610842727
156,11.11111111111111,12.654320987654321,3.549382716049383,38.439345142243695,4.414922168545357,19.249865807836823,5.897745571658615,4.468599033816425,0.2147074610842727
157,10.554213633923778,12.654320987654321,3.3950617283950617,32.971014492753625,4.40150295222759,26.684111647879764,5.139559849704777,4.086151368760064,0.11406333870101985
158,10.59447128287708,12.654320987654321,3.3950617283950617,32.971014492753625,4.40150295222759,26.643853998926463,5.139559849704777,4.086151368760064,0.11406333870101985
159,11.010466988727858,12.365807836822329,3.3950617283950617,32.88378958668814,4.40150295222759,26.529790660225444,5.139559849704777,4.159957058507783,0.11406333870101985
160,11.171497584541063,12.31213097155126,3.5829307568438002,32.64224369296833,4.40150295222759,26.50966183574879,5.139559849704777,4.126409017713366,0.11406333870101985
161,11.211755233494364,12.31213097155126,3.5829307568438002,32.588566827697264,4.361245303274289,26.41572732152442,5.293880837359098,4.119699409554482,0.11406333870101985
162,11.540526033279656,12.298711755233494,3.5829307568438002,32.32018250134192,4.361245303274289,26.194310252281266,5.293880837359098,4.294149221685454,0.11406333870101985
163,11.614331723027375,12.285292538915728,3.5829307568438002,32.30005367686527,4.361245303274289,26.167471819645733,5.293880837359098,4.280730005367687,0.11406333870101985
164,11.580783682232958,12.27187332259796,3.5829307568438002,32.19269994632314,4.361245303274289,25.93263553408481,5.736714975845411,4.2270531400966185,0.11406333870101985
165,11.654589371980677,12.27187332259796,3.5829307568438002,31.863929146537842,4.361245303274289,25.91250670960816,5.736714975845411,4.502147074610843,0.11406333870101985
166,11.681427804616211,11.98336017176597,3.455448201825013,31.57541599570585,4.327697262479871,26.65727321524423,5.709876543209877,4.49543746645196,0.11406333870101985
167,11.829039184111648,11.876006441223833,3.6768652710681695,31.528448738593667,4.2270531400966185,26.54320987654321,5.709876543209877,4.49543746645196,0.11406333870101985
168,12.04374664519592,11.876006441223833,3.6500268384326353,31.340579710144926,4.2270531400966185,26.382179280730007,5.6964573268921095,4.669887278582931,0.11406333870101985
169,12.204777241009126,11.701556629092861,3.4420289855072466,31.199677938808374,4.851046698872786,26.120504562533547,5.6964573268921095,4.669887278582931,0.11406333870101985
170,12.124261943102523,11.701556629092861,4.824208266237251,30.334138486312398,5.314009661835748,25.409286097691894,5.6964573268921095,4.49543746645196,0.10064412238325282
171,11.627750939345143,11.124530327428879,4.569243156199678,28.475577026301664,4.64975845410628,29.54911433172303,5.662909286097692,4.240472356414386,0.10064412238325282
172,11.654589371980677,10.916532474503489,4.790660225442834,28.475577026301664,4.636339237788513,29.522275899087493,5.662909286097692,4.240472356414386,0.10064412238325282
173,11.688137412775093,10.795759527643586,4.656468062265164,28.26086956521739,4.783950617283951,30.059044551798173,5.656199677938808,3.9989264626945786,0.10064412238325282
174,11.768652710681696,10.795759527643586,4.643048845947397,28.207192699946322,4.783950617283951,30.04562533548041,5.656199677938808,3.9989264626945786,0.10064412238325282
175,12.25174449812131,10.668276972624799,4.643048845947397,27.925389157273216,4.74369296833065,30.01207729468599,5.656199677938808,3.9989264626945786,0.10064412238325282
176,12.412775093934513,10.668276972624799,4.549114331723027,27.925389157273216,4.74369296833065,29.944981213097154,5.656199677938808,3.9989264626945786,0.10064412238325282
177,12.177938808373591,10.63472893183038,4.549114331723027,27.17391304347826,5.8239398819108965,29.904723564143854,5.642780461621041,3.992216854535695,0.10064412238325282
178,12.345679012345679,10.601180891035963,4.53569511540526,27.113526570048307,5.8239398819108965,29.844337090713903,5.642780461621041,3.992216854535695,0.10064412238325282
179,12.446323134728932,10.57434245840043,4.38137412775094,27.77777777777778,5.776972624798712,29.0727321524423,5.917874396135265,3.9519592055823938,0.10064412238325282
180,12.533548040794418,10.560923242082662,4.3545356951154055,27.750939345142243,5.770263016639828,29.05931293612453,5.917874396135265,3.9519592055823938,0.10064412238325282
181,11.627750939345143,10.520665593129362,4.019055287171229,36.81561996779388,5.770263016639828,21.886741814278047,5.609232420826624,3.6500268384326353,0.10064412238325282
182,11.681427804616211,10.50053676865271,5.401234567901234,35.72866344605475,5.770263016639828,21.598228663446054,5.5756843800322065,3.643317230273752,0.10064412238325282
183,11.90955448201825,10.473698336017177,5.401234567901234,35.67498658078368,5.770263016639828,21.55126140633387,5.535426731078905,3.5829307568438002,0.10064412238325282
184,11.916264090177133,10.473698336017177,5.401234567901234,34.977187332259795,5.770263016639828,21.128556092324207,6.649221685453569,3.5829307568438002,0.10064412238325282
185,12.110842726784755,10.473698336017177,5.360976918947934,34.86312399355877,5.770263016639828,21.121846484165324,6.615673644659152,3.5829307568438002,0.10064412238325282
186,12.184648416532475,10.473698336017177,5.35426731078905,34.82286634460547,5.750134192163178,21.121846484165324,6.608964036500268,3.5829307568438002,0.10064412238325282
187,12.04374664519592,8.158883521202362,5.193236714975845,34.56119162640902,5.736714975845411,24.013687600644122,6.608964036500268,3.5829307568438002,0.10064412238325282
188,12.090713902308105,7.971014492753623,5.870907139023081,34.447128287708,5.689747718733226,23.812399355877616,6.454643048845948,3.5628019323671496,0.10064412238325282
189,11.714975845410628,7.971014492753623,5.864197530864198,33.42055823939882,5.166398282340311,24.92619431025228,7.555018786902845,3.280998389694042,0.10064412238325282
190,12.090713902308105,7.971014492753623,5.837359098228664,33.3870101986044,5.166398282340311,24.62426194310252,7.555018786902845,3.2675791733762747,0.10064412238325282
191,12.171229200214707,7.971014492753623,5.837359098228664,33.340042941492214,5.166398282340311,24.62426194310252,7.521470746108427,3.2675791733762747,0.10064412238325282
192,12.439613526570048,7.971014492753623,5.803811057434245,33.24610842726785,5.139559849704777,24.48336017176597,7.1658615136876005,3.5829307568438002,0.16774020397208803
193,12.734836285560924,7.957595276435856,5.803811057434245,33.23939881910896,5.139559849704777,24.355877616747183,7.071926999463232,3.5292538915727323,0.16774020397208803
194,10.25228126677402,20.46430488459474,5.314009661835748,31.05877616747182,4.045893719806763,20.101986044015028,5.904455179817498,2.7643585614600106,0.0939345142243693
195,10.265700483091788,20.42404723564144,5.226784755770263,29.314278046162105,4.045893719806763,20.101986044015028,7.763016639828234,2.7643585614600106,0.0939345142243693
196,10.332796564680622,20.42404723564144,5.193236714975845,28.92512077294686,4.045893719806763,20.101986044015028,7.763016639828234,3.1199677938808374,0.0939345142243693
197,10.534084809447128,18.115942028985508,7.4006977992485234,28.92512077294686,4.045893719806763,20.00805152979066,7.763016639828234,3.113258185721954,0.0939345142243693
198,10.889694041867955,18.04884594739667,7.4006977992485234,28.911701556629094,4.019055287171229,19.75979602791197,7.763016639828234,3.113258185721954,0.0939345142243693
199,10.970209339774557,18.02200751476114,7.4006977992485234,28.5426731078905,4.019055287171229,19.75979602791197,7.763016639828234,3.4286097691894795,0.0939345142243693
200,11.41304347826087,17.881105743424584,7.494632313472893,28.529253891572733,4.019055287171229,19.618894256575416,7.521470746108427,3.4286097691894795,0.0939345142243693
201,11.83574879227053,17.76033279656468,7.48792270531401,28.341384863123995,3.992216854535695,19.592055823939884,7.474503488996243,3.421900161030596,0.0939345142243693
202,12.04374664519592,17.713365539452496,7.467793880837359,28.267579173376276,3.992216854535695,19.55179817498658,7.447665056360709,3.421900161030596,0.0939345142243693
203,11.929683306494901,17.673107890499196,7.467793880837359,26.39559849704777,3.992216854535695,19.47128287707998,9.681964573268921,3.294417606011809,0.0939345142243693
204,12.090713902308105,17.599302200751477,7.440955448201825,26.39559849704777,3.992216854535695,19.444444444444443,9.648416532474503,3.294417606011809,0.0939345142243693
205,12.191358024691358,17.579173376274827,7.434245840042942,26.382179280730007,3.992216854535695,19.424315619967793,9.628287707997853,3.2742887815351582,0.0939345142243693
206,12.379227053140097,17.579173376274827,7.434245840042942,26.362050456253353,3.9184111647879765,19.122383252818036,9.836285560923242,3.2742887815351582,0.0939345142243693
207,12.493290391841116,17.579173376274827,7.434245840042942,25.966183574879228,3.9184111647879765,19.088835212023618,9.809447128287708,3.616478797638218,0.0939345142243693
208,12.553676865271068,17.444981213097154,7.4208266237251745,25.207997852925388,3.9184111647879765,19.981213097155127,9.789318303811058,3.589640365002684,0.0939345142243693
209,12.084004294149223,17.07595276435856,7.4006977992485234,24.798711755233494,3.9184111647879765,21.24932903918411,9.836285560923242,3.5426731078904994,0.0939345142243693
210,11.855877616747183,17.07595276435856,7.4006977992485234,24.59742351046699,3.9184111647879765,22.644927536231883,9.158615136876007,3.2541599570585076,0.0939345142243693
211,11.969940955448202,17.07595276435856,7.575147611379496,24.537037037037038,3.8848631239935587,22.450348899624263,9.158615136876007,3.2541599570585076,0.0939345142243693
212,12.191358024691358,17.04911433172303,7.575147611379496,24.516908212560388,3.8848631239935587,22.27589908749329,9.158615136876007,3.2541599570585076,0.0939345142243693
213,12.359098228663447,17.03569511540526,7.695920558239399,24.416264090177133,3.8043478260869565,22.19538378958669,9.158615136876007,3.240740740740741,0.0939345142243693
214,12.439613526570048,17.03569511540526,7.689210950080516,24.416264090177133,3.8043478260869565,22.148416532474503,9.145195920558239,3.227321524422974,0.0939345142243693
215,12.681159420289855,17.03569511540526,7.689210950080516,24.396135265700483,3.8043478260869565,21.973966720343533,9.145195920558239,3.180354267310789,0.0939345142243693
216,12.587224906065487,16.914922168545356,7.689210950080516,24.382716049382715,3.8043478260869565,21.85990338164251,9.4873859366613,3.180354267310789,0.0939345142243693
217,12.775093934514224,16.59957058507783,7.863660762211487,24.382716049382715,3.8043478260869565,21.85990338164251,9.453837895866881,3.166935050993022,0.0939345142243693
218,12.855609232420827,16.55931293612453,7.863660762211487,24.261943102522814,3.784219001610306,21.83977455716586,9.453837895866881,3.2877079978529253,0.0939345142243693
219,13.083735909822867,16.53918411164788,7.809983896940419,24.261943102522814,3.784219001610306,21.712292002147073,9.440418679549115,3.2742887815351582,0.0939345142243693
220,13.110574342458401,16.53918411164788,7.796564680622652,24.248523886205046,3.784219001610306,21.712292002147073,9.440418679549115,3.2742887815351582,0.0939345142243693
221,13.271604938271604,15.505904455179817,8.816425120772946,24.20155662909286,3.7640901771336552,21.67874396135266,9.39345142243693,3.2742887815351582,0.0939345142243693
222,13.41250670960816,15.432098765432098,8.796296296296296,24.20155662909286,3.7640901771336552,21.658615136876005,9.366612989801396,3.2742887815351582,0.0939345142243693
223,13.519860440150294,15.318035426731079,8.890230810520666,24.013687600644122,3.5829307568438002,21.524422973698336,9.628287707997853,3.4286097691894795,0.0939345142243693
224,13.694310252281268,15.28448738593666,8.883521202361782,23.919753086419753,3.5762211486849167,21.490874932903917,9.628287707997853,3.4286097691894795,0.0939345142243693
225,13.915727321524423,15.257648953301127,8.796296296296296,23.872785829307567,3.569511540526033,21.443907675791735,9.621578099838969,3.4286097691894795,0.0939345142243693
226,13.996242619431026,15.190552871712292,8.796296296296296,23.872785829307567,3.556092324208266,21.443907675791735,9.621578099838969,3.4286097691894795,0.0939345142243693
227,14.264626945786366,15.157004830917874,8.776167471819646,23.825818572195384,3.5292538915727323,21.390230810520666,9.561191626409018,3.4017713365539453,0.0939345142243693
228,14.325013419216317,15.123456790123457,8.454106280193237,23.825818572195384,3.5292538915727323,21.69887278582931,9.54777241009125,3.4017713365539453,0.0939345142243693
229,14.834943639291465,14.78797638217928,8.695652173913043,23.738593666129898,3.6500268384326353,21.28287707997853,9.5276435856146,3.388352120236178,0.0939345142243693
230,14.935587761674718,14.781266774020397,8.695652173913043,23.70504562533548,3.6500268384326353,21.22249060654858,9.5276435856146,3.388352120236178,0.0939345142243693
231,14.942297369833602,14.781266774020397,8.695652173913043,23.70504562533548,3.643317230273752,21.22249060654858,9.5276435856146,3.388352120236178,0.0939345142243693
232,15.069779924852389,14.741009125067096,8.675523349436393,23.65136876006441,3.629898013955985,21.22249060654858,9.5276435856146,3.388352120236178,0.0939345142243693
233,15.009393451422437,14.741009125067096,8.641975308641975,23.047504025764894,4.938271604938271,21.108427267847556,8.99087493290392,3.4286097691894795,0.0939345142243693
234,15.190552871712292,14.512882447665056,8.84326355340848,23.03408480944713,4.938271604938271,20.98094471282877,8.977455716586151,3.4286097691894795,0.0939345142243693
235,15.324745034889963,14.479334406870638,8.816425120772946,23.020665593129362,4.931561996779388,20.9272678475577,8.977455716586151,3.4286097691894795,0.0939345142243693
236,15.653515834675256,14.06333870101986,9.07139023081052,22.886473429951693,4.757112184648417,21.121846484165324,8.93719806763285,3.4151905528717124,0.0939345142243693
237,15.70048309178744,14.06333870101986,9.07139023081052,22.886473429951693,4.7101449275362315,21.121846484165324,8.93719806763285,3.4151905528717124,0.0939345142243693
238,15.814546430488459,14.002952227589908,9.111647879763822,22.84621578099839,4.998658078368224,20.9272678475577,8.84326355340848,3.361513687600644,0.0939345142243693
239,15.874932903918411,14.002952227589908,9.078099838969404,22.705314009661837,5.340848094471283,20.725979602791195,8.84326355340848,3.33467525496511,0.0939345142243693
240,15.68035426731079,13.882179280730005,9.91009125067096,21.967257112184647,5.810520665593129,20.625335480407944,8.84326355340848,3.1870638754696725,0.0939345142243693
241,15.734031132581856,13.855340848094471,10.218733225979603,21.68545356951154,5.810520665593129,20.571658615136876,8.84326355340848,3.1870638754696725,0.0939345142243693
242,15.646806226516372,13.741277509393452,9.930220075147611,21.584809447128286,5.776972624798712,20.98094471282877,8.816425120772946,3.1535158346752548,0.36902844873859364
243,15.653515834675256,13.600375738056897,10.111379495437467,21.584809447128286,5.770263016639828,20.954106280193237,8.80300590445518,3.1535158346752548,0.36902844873859364
244,15.707192699946322,13.593666129898015,10.111379495437467,21.531132581857218,5.938003220611916,20.92055823939882,8.715780998389693,3.113258185721954,0.36902844873859364
245,15.935319377348362,13.593666129898015,10.104669887278583,21.524422973698336,5.83064949006978,20.893719806763286,8.635265700483092,3.113258185721954,0.36902844873859364
246,15.881642512077295,13.573537305421363,10.413311862587225,21.141975308641975,6.743156199677939,20.840042941492218,7.924047235641439,3.113258185721954,0.36902844873859364
247,16.31105743424584,13.573537305421363,10.359634997316157,21.081588835212024,6.716317767042405,20.551529790660226,7.924047235641439,3.113258185721954,0.36902844873859364
248,16.49892646269458,13.560118089103597,10.554213633923778,19.384057971014492,6.468062265163715,22.463768115942027,7.924047235641439,2.7777777777777777,0.36902844873859364
249,16.700214707461082,13.493022007514762,10.554213633923778,19.14922168545357,6.468062265163715,22.36983360171766,7.924047235641439,2.9723564143853998,0.36902844873859364
250,16.42512077294686,13.439345142243694,10.420021470746109,19.061996779388085,5.844068706387547,23.55072463768116,7.924047235641439,2.965646806226516,0.36902844873859364
251,16.532474503488995,13.43263553408481,10.399892646269459,19.02173913043478,5.790391841116479,23.51046698872786,7.977724100912507,2.965646806226516,0.36902844873859364
252,16.59286097691895,12.909286097691895,9.655126140633387,19.008319914117017,7.085346215780999,23.43666129898014,7.977724100912507,2.965646806226516,0.36902844873859364
253,16.317767042404725,12.909286097691895,9.648416532474503,18.17632850241546,6.816961889425658,24.879227053140095,7.977724100912507,2.9052603327965647,0.36902844873859364
