,45,50,53,51,55,52,54,56,57,60,59,58
0,92.76704240472357,7.232957595276436,,,,,,,,,,
1,83.60842726784756,16.391572732152444,,,,,,,,,,
2,82.75630703166935,17.24369296833065,,,,,,,,,,
3,82.74959742351047,17.01556629092861,0.23483628556092323,,,,,,,,,
4,79.44176060118089,18.726516371443907,0.23483628556092323,1.442565754159957,0.15432098765432098,,,,,,,
5,75.1610305958132,23.007246376811594,0.23483628556092323,1.442565754159957,0.15432098765432098,,,,,,,
6,72.67176596886742,25.469672571121848,0.23483628556092323,1.442565754159957,0.18115942028985507,,,,,,,
7,69.92082662372518,28.462157809983896,,1.4358561460010735,0.18115942028985507,,,,,,,
8,69.86044015029522,27.046430488459475,,2.844873859366613,0.24825550187869028,,,,,,,
9,69.8671497584541,26.8719806763285,,2.254428341384863,0.28180354267310787,0.6776704240472357,0.04696725711218465,,,,,
10,61.218464841653244,35.225442834138484,0.2147074610842727,2.254428341384863,0.36231884057971014,0.6776704240472357,0.04696725711218465,,,,,
11,57.038378958668815,39.51959205582394,,2.314814814814815,0.39586688137412773,0.6575415995705851,0.07380568974771873,,,,,
12,51.53650026838432,43.02871712292002,,4.126409017713366,0.5770263016639828,0.6575415995705851,0.07380568974771873,,,,,
13,48.34272678475577,45.17579173376275,,5.173107890499195,0.5770263016639828,0.6575415995705851,0.07380568974771873,,,,,
14,43.96135265700483,50.46967257112185,,4.944981213097155,0.4227053140096618,0.1274825550187869,0.07380568974771873,,,,,
15,44.00161030595813,43.552066559312934,0.026838432635534086,11.916264090177133,0.30193236714975846,0.1274825550187869,0.07380568974771873,,,,,
16,44.12909286097692,43.484970477724104,0.026838432635534086,11.855877616747183,0.30193236714975846,0.1274825550187869,0.07380568974771873,,,,,
17,43.17632850241546,40.52603327965647,0.026838432635534086,15.767579173376275,0.30193236714975846,0.1274825550187869,0.07380568974771873,,,,,
18,40.344873859366615,39.06333870101986,,19.94766505636071,0.4428341384863124,0.1274825550187869,0.07380568974771873,,,,,
19,39.57997852925389,37.486580783682236,,19.900697799248523,0.4428341384863124,2.5161030595813205,0.07380568974771873,,,,,
20,37.72812667740204,39.821524422973695,,19.484702093397747,0.3757380568974772,2.5161030595813205,0.07380568974771873,,,,,
21,36.030595813204506,28.133387010198604,,29.891304347826086,0.5837359098228664,5.273752012882448,0.07380568974771873,0.013419216317767043,,,,
22,36.030595813204506,24.315619967793882,,34.23242082662372,0.5568974771873323,4.777241009125067,0.07380568974771873,0.013419216317767043,,,,
23,35.48040794417606,24.89935587761675,,36.600912506709605,0.5568974771873323,2.3550724637681157,0.10735373054213634,,,,,
24,35.45356951154053,24.93961352657005,0.03354804079441761,36.480139559849704,0.5568974771873323,2.3550724637681157,0.10735373054213634,0.07380568974771873,,,,
25,35.47369833601718,25.026838432635532,0.03354804079441761,36.33923778851315,0.5568974771873323,2.3550724637681157,0.10735373054213634,0.10735373054213634,,,,
26,35.017444981213096,25.167740203972087,0.8252818035426731,35.53408480944713,0.5837359098228664,2.341653247450349,0.4495437466451959,0.08051529790660225,,,,
27,35.21202361782072,25.161030595813205,0.8252818035426731,35.34621578099839,0.5837359098228664,2.341653247450349,0.4495437466451959,0.08051529790660225,,,,
28,35.23215244229737,25.13419216317767,0.8252818035426731,35.057702630166396,0.5837359098228664,2.341653247450349,0.6038647342995169,0.2214170692431562,,,,
29,27.147074610842726,48.8191089640365,0.8185721953837896,20.585077831454644,0.4428341384863124,1.442565754159957,0.5568974771873323,0.1878690284487386,,,,
30,26.82501341921632,48.651368760064415,0.8185721953837896,16.297638217928075,0.4428341384863124,6.219806763285024,0.5568974771873323,0.1878690284487386,,,,
31,26.86527106816962,48.57756307031669,0.8185721953837896,16.27750939345142,0.46967257112184646,6.206387546967257,0.5568974771873323,0.2281266774020397,,,,
32,26.992753623188406,48.470209339774556,0.8185721953837896,16.27079978529254,0.4562533548040794,6.206387546967257,0.5568974771873323,0.2281266774020397,,,,
33,26.56333870101986,43.4447128287708,0.03354804079441761,14.392109500805153,0.4294149221685454,14.325013419216317,0.5568974771873323,0.2281266774020397,0.026838432635534086,,,
34,26.764626945786365,43.243424584004295,0.03354804079441761,13.92914653784219,0.4495437466451959,14.76784755770263,0.5568974771873323,0.2281266774020397,0.026838432635534086,,,
35,26.78475577026302,43.23000536768653,0.03354804079441761,13.915727321524423,0.4495437466451959,14.626945786366075,0.5568974771873323,0.2281266774020397,0.17444981213097155,,,
36,27.006172839506174,43.02871712292002,0.03354804079441761,13.895598497047773,0.4495437466451959,14.626945786366075,0.5568974771873323,0.2281266774020397,0.17444981213097155,,,
37,21.054750402576488,46.57139023081052,0.03354804079441761,8.628556092324208,0.3421900161030596,22.73886205045625,0.3421900161030596,0.2281266774020397,0.06038647342995169,,,
38,19.00161030595813,41.37144390767579,0.03354804079441761,8.36688137412775,0.2683843263553409,30.26033279656468,0.3421900161030596,0.2281266774020397,0.1274825550187869,,,
39,19.243156199677937,41.257380568974774,0.03354804079441761,8.36688137412775,0.2683843263553409,30.099302200751477,0.3421900161030596,0.2281266774020397,0.1610305958132045,,,
40,14.244498121309716,49.06736446591519,0.03354804079441761,7.407407407407407,0.2683843263553409,28.56280193236715,,0.2281266774020397,0.1878690284487386,,,
41,14.244498121309716,45.611916264090176,0.03354804079441761,6.984702093397746,0.7447665056360708,32.018250134192165,,0.20799785292538917,0.15432098765432098,,,
42,14.351851851851851,44.30354267310789,0.03354804079441761,6.937734836285561,1.9927536231884058,31.984702093397747,,0.24154589371980675,0.15432098765432098,,,
43,13.258185721953838,43.572195383789584,0.322061191626409,10.225442834138486,1.8786902844873858,30.314009661835748,,0.24154589371980675,0.1878690284487386,,,
44,13.358829844337091,38.768115942028984,3.4621578099838968,10.104669887278583,3.5762211486849167,30.300590445517983,,0.24154589371980675,0.1878690284487386,,,
45,13.083735909822867,31.85721953837896,3.4621578099838968,8.84326355340848,5.059044551798175,37.204777241009126,0.03354804079441761,0.2683843263553409,0.1878690284487386,,,
46,13.331991411701557,31.756575415995705,3.4286097691894795,8.829844337090714,5.059044551798175,37.07729468599034,0.03354804079441761,0.2683843263553409,0.2147074610842727,,,
47,13.170960815888352,29.51556629092861,3.421900161030596,8.809715512614064,5.059044551798175,39.55314009661836,,0.2885131508319914,0.18115942028985507,,,
48,13.20450885668277,29.347826086956523,3.421900161030596,7.830112721417069,5.24020397208803,40.56629092860977,,0.2616747181964573,0.1274825550187869,,,
49,13.18438003220612,29.455179817498657,3.421900161030596,7.823403113258186,5.24020397208803,40.351583467525494,,0.2616747181964573,0.2616747181964573,,,
50,13.22463768115942,29.455179817498657,3.421900161030596,7.823403113258186,5.213365539452496,40.33816425120773,,0.2616747181964573,0.2616747181964573,,,
51,13.123993558776167,27.851583467525497,5.542136339237788,7.722758990874933,3.0730005367686526,42.16317767042405,,0.2616747181964573,0.2616747181964573,,,
52,13.345410628019323,27.82474503488996,5.542136339237788,7.635534084809447,3.421900161030596,41.666666666666664,,0.2616747181964573,0.27509393451422437,0.026838432635534086,,
53,13.305152979066023,27.214170692431562,5.495169082125604,7.62211486849168,3.421900161030596,40.58641975308642,1.8384326355340848,0.2616747181964573,0.2281266774020397,0.026838432635534086,,
54,12.453032742887816,23.067632850241544,5.495169082125604,6.769994632313473,3.2675791733762747,46.65861513687601,1.8384326355340848,0.2616747181964573,0.1610305958132045,0.026838432635534086,,
55,12.546967257112184,23.05421363392378,5.481749865807837,6.729736983360172,2.985775630703167,46.4170692431562,1.8384326355340848,0.7581857219538379,0.1610305958132045,0.026838432635534086,,
56,12.741545893719806,22.973698336017176,5.481749865807837,6.729736983360172,2.985775630703167,46.19565217391305,1.8384326355340848,0.7581857219538379,0.2683843263553409,0.026838432635534086,,
57,12.86231884057971,22.624798711755233,5.428073000536768,6.689479334406871,2.791196994095545,44.68599033816425,3.8311862587224907,0.7581857219538379,0.2683843263553409,0.026838432635534086,0.03354804079441761,
58,12.983091787439614,22.611379495437465,5.428073000536768,6.66935050993022,2.791196994095545,44.437734836285564,3.8311862587224907,0.7581857219538379,0.4294149221685454,0.026838432635534086,0.03354804079441761,
59,13.197799248523886,22.510735373054214,5.414653784219001,6.642512077294686,2.757648953301127,44.296833064949006,3.824476650563607,0.7581857219538379,0.5367686527106817,0.026838432635534086,0.03354804079441761,
60,13.22463768115942,22.745571658615138,5.407944176060118,6.629092860976919,2.7106816961889426,44.18947933440687,3.7372517444981215,0.7581857219538379,0.5367686527106817,0.026838432635534086,0.03354804079441761,
61,13.439345142243694,22.638217928073,5.407944176060118,6.608964036500268,2.771068169618894,44.04186795491143,3.7372517444981215,0.7581857219538379,0.5367686527106817,0.026838432635534086,0.03354804079441761,
62,13.459473966720344,22.638217928073,5.407944176060118,6.608964036500268,2.771068169618894,44.02173913043478,3.7372517444981215,0.7581857219538379,0.5367686527106817,0.026838432635534086,0.03354804079441761,
63,13.526570048309178,22.624798711755233,5.407944176060118,6.608964036500268,2.771068169618894,43.887546967257116,3.7372517444981215,0.7581857219538379,0.6172839506172839,0.026838432635534086,0.03354804079441761,
64,13.405797101449275,21.30300590445518,5.381105743424584,6.521739130434782,2.771068169618894,45.450885668276975,3.7372517444981215,0.7581857219538379,0.6105743424584005,0.026838432635534086,0.03354804079441761,
65,9.29951690821256,28.35480407944176,4.783950617283951,4.985238862050457,2.3550724637681157,44.32367149758454,3.7372517444981215,0.6038647342995169,1.5163714439076759,0.0067096081588835215,0.03354804079441761,
66,9.373322597960279,26.10708534621578,4.783950617283951,4.985238862050457,4.555823939881911,44.296833064949006,3.7372517444981215,0.6038647342995169,1.5163714439076759,0.0067096081588835215,0.03354804079441761,
67,9.460547504025765,26.06682769726248,4.783950617283951,4.9651100375738055,4.575952764358561,44.12238325281803,3.7372517444981215,0.6038647342995169,1.6438539989264627,0.0067096081588835215,0.03354804079441761,
68,9.46725711218465,26.006441223832528,4.783950617283951,4.9651100375738055,4.508856682769726,42.552334943639295,4.87788513150832,1.2345679012345678,1.5633387010198605,0.0067096081588835215,0.03354804079441761,
69,9.54777241009125,25.845410628019323,4.783950617283951,4.938271604938271,4.64975845410628,43.283682232957595,4.87788513150832,1.2345679012345678,0.798443370907139,0.0067096081588835215,0.03354804079441761,
70,9.41358024691358,25.63070316693505,5.132850241545894,5.112721417069243,4.49543746645196,42.93478260869565,5.22007514761138,1.221148684916801,0.798443370907139,0.0067096081588835215,0.03354804079441761,
71,9.46725711218465,25.59044551798175,5.159688674181428,5.072463768115942,4.49543746645196,42.93478260869565,5.22007514761138,1.221148684916801,0.798443370907139,0.0067096081588835215,0.03354804079441761,
72,9.346484165324744,24.630971551261407,5.152979066022544,4.253891572732153,4.575952764358561,45.088566827697264,4.998658078368224,1.221148684916801,0.6910896403650026,0.0067096081588835215,0.03354804079441761,
73,9.46725711218465,24.58400429414922,5.132850241545894,4.240472356414386,4.569243156199678,45.06172839506173,4.998658078368224,1.221148684916801,0.6843800322061192,0.0067096081588835215,0.03354804079441761,
74,8.514492753623188,33.722490606548575,2.898550724637681,4.066022544283414,4.5960815888352125,41.0829307568438,3.2206119162640903,1.2546967257112185,0.6374127750939346,0.0067096081588835215,,
75,8.601717659688674,33.682232957595275,2.898550724637681,4.066022544283414,4.616210413311863,41.015834675254965,3.2206119162640903,1.2546967257112185,0.6374127750939346,0.0067096081588835215,,
76,8.668813741277509,32.52818035426731,2.8918411164787976,4.066022544283414,4.40150295222759,41.95517981749866,3.2206119162640903,1.221148684916801,1.0399892646269457,0.0067096081588835215,,
77,7.648953301127214,30.95813204508857,2.8918411164787976,14.023081052066559,4.3478260869565215,35.91653247450349,2.703972088030059,0.6239935587761675,0.8789586688137413,0.0067096081588835215,,
78,7.689210950080516,30.803811057434245,2.8918411164787976,13.982823403113258,4.455179817498658,35.829307568438004,2.703972088030059,0.7581857219538379,0.8789586688137413,0.0067096081588835215,,
79,7.776435856146001,30.73671497584541,2.8918411164787976,13.982823403113258,4.441760601180891,35.82259796027912,2.703972088030059,0.7581857219538379,0.8789586688137413,0.0067096081588835215,,
80,7.803274288781535,30.669618894256576,2.8918411164787976,13.94927536231884,4.3545356951154055,36.42646269457864,2.6838432635534084,0.2683843263553409,0.9125067096081588,0.0067096081588835215,,0.03354804079441761
81,7.890499194847021,30.636070853462158,2.8918411164787976,13.94927536231884,4.3545356951154055,36.41304347826087,2.6435856146001075,0.2683843263553409,0.9125067096081588,0.0067096081588835215,,0.03354804079441761
82,7.890499194847021,30.71658615136876,2.8918411164787976,13.942565754159958,4.3545356951154055,36.25872249060655,2.6435856146001075,0.2683843263553409,0.9930220075147611,0.0067096081588835215,,0.03354804079441761
83,8.044820182501342,30.656199677938808,2.871712292002147,13.902308105206655,4.334406870638754,36.18491680085883,2.636876006441224,0.2683843263553409,1.0601180891035964,0.0067096081588835215,,0.03354804079441761
84,8.064949006977992,30.60252281266774,2.871712292002147,13.88888888888889,4.414922168545357,36.13794954374664,2.636876006441224,0.2683843263553409,1.0466988727858293,0.0067096081588835215,,0.06038647342995169
85,7.729468599033816,30.575684380032207,2.871712292002147,22.61808910359635,4.133118625872249,28.951959205582394,2.100107353730542,0.28180354267310787,0.6709608158883521,0.0067096081588835215,,0.06038647342995169
86,7.051798174986581,30.360976918947934,2.8650026838432634,25.97289318303811,4.139828234031133,26.516371443907676,2.073268921095008,0.28180354267310787,0.6709608158883521,0.0067096081588835215,,0.06038647342995169
87,7.347020933977456,29.71014492753623,2.8650026838432634,25.93263553408481,4.555823939881911,26.516371443907676,2.0531400966183573,0.28180354267310787,0.6709608158883521,0.0067096081588835215,,0.06038647342995169
88,7.4141170155662905,29.59608158883521,2.8650026838432634,25.865539452495973,4.62962962962963,26.42914653784219,2.0799785292538915,0.3824476650563607,0.6709608158883521,0.0067096081588835215,,0.06038647342995169
89,6.9243156199677935,24.966451959205582,2.5161030595813205,32.018250134192165,1.9524959742351047,28.690284487385938,1.710950080515298,0.798443370907139,0.3824476650563607,0.0067096081588835215,,0.03354804079441761
90,6.9310252281266775,22.457058507783145,5.119431025228127,31.38083735909823,1.90552871712292,28.690284487385938,1.724369296833065,1.3687600644122384,0.3824476650563607,0.0067096081588835215,,0.03354804079441761
91,6.957863660762212,22.463768115942027,5.112721417069243,31.320450885668276,1.932367149758454,28.61647879763822,1.724369296833065,1.3955984970477724,0.43612453032742887,0.0067096081588835215,,0.03354804079441761
92,7.118894256575416,22.423510466988727,5.032206119162641,31.273483628556093,1.9256575415995705,28.535963499731615,1.724369296833065,1.5163714439076759,0.4092860976918948,0.0067096081588835215,,0.03354804079441761
93,7.206119162640902,22.356414385399894,5.032206119162641,31.273483628556093,1.9256575415995705,28.44873859366613,1.7646269457863661,1.5163714439076759,0.43612453032742887,0.0067096081588835215,,0.03354804079441761
94,7.440955448201825,22.31615673644659,4.9651100375738055,31.19296833064949,1.9390767579173376,28.14680622651637,1.7646269457863661,1.5096618357487923,0.6575415995705851,0.0067096081588835215,,0.06038647342995169
95,7.118894256575416,21.806226516371442,4.938271604938271,35.19189479334407,1.9189479334406871,25.261674718196456,1.724369296833065,1.4559849704777241,0.5166398282340311,0.0067096081588835215,,0.06038647342995169
96,7.25979602791197,21.772678475577028,4.938271604938271,35.10466988727858,1.9189479334406871,25.11406333870102,1.724369296833065,1.4694041867954912,0.630703166935051,0.0067096081588835215,,0.06038647342995169
97,5.387815351583468,31.924315619967793,4.253891572732153,32.018250134192165,1.6304347826086956,23.10789049919485,0.14090177133655393,1.247987117552335,0.2549651100375738,0.0067096081588835215,,0.026838432635534086
98,5.642780461621041,31.769994632313473,4.213633923778851,31.95786366076221,1.6639828234031133,23.060923242082662,0.14090177133655393,1.247987117552335,0.2549651100375738,0.0067096081588835215,,0.040257648953301126
99,5.803811057434245,31.64922168545357,4.213633923778851,31.810252281266774,1.7310789049919484,23.007246376811594,0.14090177133655393,1.3016639828234031,0.2952227589908749,0.0067096081588835215,,0.040257648953301126
100,5.958132045088567,31.622383252818036,4.213633923778851,31.743156199677937,1.7310789049919484,22.940150295222757,0.14090177133655393,1.3016639828234031,0.30193236714975846,0.0067096081588835215,,0.040257648953301126
101,6.112453032742888,31.53515834675255,4.206924315619967,31.696188942565755,1.7310789049919484,22.906602254428343,0.14090177133655393,1.3217928073000538,0.30193236714975846,0.0067096081588835215,,0.040257648953301126
102,6.333870101986044,31.387546967257112,4.1129898013955986,31.5150295222759,1.8451422436929683,22.82608695652174,0.14090177133655393,1.4626945786366077,0.32877079978529256,0.0067096081588835215,,0.040257648953301126
103,6.4412238325281805,31.38083735909823,3.9519592055823938,31.4747718733226,1.8451422436929683,22.765700483091788,0.30193236714975846,1.4626945786366077,0.32877079978529256,0.0067096081588835215,,0.040257648953301126
104,6.521739130434782,31.320450885668276,3.9519592055823938,30.9044551798175,1.8719806763285025,22.73215244229737,0.30193236714975846,1.9860440150295222,0.36231884057971014,0.0067096081588835215,,0.040257648953301126
105,6.635802469135802,31.253354804079443,3.8580246913580245,30.60252281266774,1.90552871712292,22.611379495437465,0.30193236714975846,2.2745571658615136,0.5099302200751477,0.0067096081588835215,,0.040257648953301126
106,6.6827697262479875,31.166129898013956,3.8580246913580245,30.589103596349972,1.932367149758454,22.571121846484164,0.30193236714975846,2.341653247450349,0.5099302200751477,0.0067096081588835215,,0.040257648953301126
107,6.837090713902308,31.05877616747182,3.8378958668813743,30.50858829844337,1.9994632313472893,22.5577026301664,0.30193236714975846,2.341653247450349,0.5099302200751477,0.0067096081588835215,,0.040257648953301126
108,7.0450885668276975,30.83064949006978,3.8378958668813743,30.434782608695652,2.1068169618894257,22.544283413848632,0.30193236714975846,2.341653247450349,0.5099302200751477,0.0067096081588835215,,0.040257648953301126
109,7.239667203435319,30.669618894256576,3.7573805689747717,30.401234567901234,2.086688137412775,22.50402576489533,0.30193236714975846,2.341653247450349,0.6508319914117016,0.0067096081588835215,,0.040257648953301126
110,7.326892109500805,30.595813204508858,3.743961352657005,30.24020397208803,2.1269457863660763,22.50402576489533,0.30193236714975846,2.462426194310252,0.6508319914117016,0.0067096081588835215,,0.040257648953301126
111,7.454374664519592,30.50858829844337,3.730542136339238,30.19994632313473,2.1135265700483092,22.41009125067096,0.30193236714975846,2.5966183574879227,0.6374127750939346,0.0067096081588835215,,0.040257648953301126
112,7.695920558239399,30.401234567901234,3.730542136339238,30.09259259259259,2.1135265700483092,22.363123993558776,0.30193236714975846,2.6167471819645733,0.6374127750939346,0.0067096081588835215,,0.040257648953301126
113,7.863660762211487,30.340848094471284,3.6768652710681695,29.985238862050455,2.100107353730542,22.302737520128826,0.30193236714975846,2.690552871712292,0.6374127750939346,0.0067096081588835215,,0.0939345142243693
114,7.991143317230274,30.293880837359097,3.6768652710681695,29.95169082125604,2.13365539452496,22.04777241009125,0.30193236714975846,2.8650026838432634,0.6374127750939346,0.0067096081588835215,,0.0939345142243693
115,8.199141170155663,30.226784755770264,3.6768652710681695,29.851046698872786,2.13365539452496,22.020933977455716,0.30193236714975846,2.8515834675254963,0.6374127750939346,0.0067096081588835215,,0.0939345142243693
116,8.239398819108963,30.19994632313473,3.670155662909286,29.622920021470748,2.5026838432635534,21.87332259796028,0.30193236714975846,2.717391304347826,0.7716049382716049,0.0067096081588835215,,0.0939345142243693
117,8.192431561996779,30.18652710681696,3.629898013955985,29.55582393988191,2.5295222758990876,22.0276435856146,0.30193236714975846,2.7509393451422435,0.7045088566827697,,,0.12077294685990338
118,8.3064949006978,30.06575415995706,3.629898013955985,29.482018250134193,2.5496511003757383,21.70558239398819,0.30193236714975846,3.0931293612453032,0.7447665056360708,,,0.12077294685990338
119,8.299785292538916,29.696725711218466,3.629898013955985,29.461889425657542,2.9589371980676327,21.557971014492754,0.33548040794417605,3.0595813204508855,0.8789586688137413,,,0.12077294685990338
120,8.407139023081053,29.582662372517444,3.589640365002684,29.428341384863124,2.9589371980676327,21.370101986044016,0.322061191626409,3.408480944712829,0.8118625872249061,,,0.12077294685990338
121,8.59500805152979,29.401502952227588,3.589640365002684,29.394793344068706,3.052871712292002,21.329844337090712,0.322061191626409,3.408480944712829,0.785024154589372,,,0.12077294685990338
122,8.742619431025227,28.99892646269458,3.603059581320451,29.320987654320987,3.3682232957595275,21.329844337090712,0.322061191626409,3.408480944712829,0.785024154589372,,,0.12077294685990338
123,8.789586688137414,28.965378421900162,3.603059581320451,29.30756843800322,3.3682232957595275,21.30300590445518,0.3488996242619431,3.408480944712829,0.785024154589372,,,0.12077294685990338
124,8.890230810520666,28.92512077294686,3.603059581320451,29.166666666666668,3.3682232957595275,21.30300590445518,0.3488996242619431,3.488996242619431,0.785024154589372,,,0.12077294685990338
125,8.541331186258722,28.119967793880836,3.603059581320451,31.447933440687063,3.6097691894793345,20.40391841116479,0.4025764895330113,2.985775630703167,0.7648953301127214,,,0.12077294685990338
126,8.380300590445518,28.10654857756307,3.603059581320451,34.91009125067096,3.629898013955985,17.08937198067633,0.4025764895330113,2.999194847020934,0.7581857219538379,,,0.12077294685990338
127,8.514492753623188,27.95222758990875,3.5963499731615673,34.86312399355877,3.6634460547504024,17.082662372517444,0.4025764895330113,3.0327428878153517,0.7716049382716049,,,0.12077294685990338
128,8.68894256575416,27.771068169618893,3.6231884057971016,34.76918947933441,3.797638217928073,17.01556629092861,0.4025764895330113,2.9723564143853998,0.8387010198604401,,,0.12077294685990338
129,8.863392377885132,27.74422973698336,3.589640365002684,34.56119162640902,3.797638217928073,16.961889425657542,0.4025764895330113,3.066290928609769,0.8923778851315083,,,0.12077294685990338
130,9.057971014492754,27.66371443907676,3.589640365002684,34.4873859366613,3.784219001610306,16.935050993022006,0.4025764895330113,3.066290928609769,0.8923778851315083,,,0.12077294685990338
131,9.004294149221685,25.6105743424584,3.556092324208266,32.91733762748255,3.978797638217928,16.834406870638755,4.086151368760064,2.999194847020934,0.8923778851315083,,,0.12077294685990338
132,9.192163177670425,25.59044551798175,3.556092324208266,32.84353193773484,4.012345679012346,16.760601180891037,4.05931293612453,2.9723564143853998,0.8923778851315083,,,0.12077294685990338
133,9.447128287707997,25.509930220075148,3.5829307568438002,32.62211486849168,4.05931293612453,16.67337627482555,4.05931293612453,3.0327428878153517,0.8923778851315083,,,0.12077294685990338
134,9.634997316156737,25.39586688137413,3.556092324208266,32.59527643585615,4.03918411164788,16.67337627482555,4.05931293612453,3.0327428878153517,0.8923778851315083,,,0.12077294685990338
135,9.75577026301664,25.39586688137413,3.535963499731616,32.54830917874396,4.03918411164788,16.61969940955448,4.05931293612453,3.0327428878153517,0.8923778851315083,,,0.12077294685990338
136,9.856414385399892,25.369028448738593,3.535963499731616,32.2061191626409,4.032474503488996,16.51905528717123,4.045893719806763,3.421900161030596,0.8923778851315083,,,0.12077294685990338
137,9.96376811594203,25.301932367149757,3.535963499731616,32.19940955448202,4.032474503488996,16.485507246376812,4.045893719806763,3.421900161030596,0.8923778851315083,,,0.12077294685990338
138,9.863123993558776,25.127482555018787,3.475577026301664,28.878153515834676,4.045893719806763,20.00805152979066,4.139828234031133,3.408480944712829,0.9326355340848095,,,0.12077294685990338
139,10.044283413848632,25.006709608158882,3.4688674181427803,28.83118625872249,4.045893719806763,19.900697799248523,4.133118625872249,3.515834675254965,0.9326355340848095,,,0.12077294685990338
140,9.534353193773484,21.349973161567366,3.4688674181427803,27.32823403113258,4.012345679012346,26.120504562533547,4.133118625872249,2.999194847020934,0.9326355340848095,,,0.12077294685990338
141,9.614868491680086,21.296296296296298,3.4688674181427803,27.32823403113258,4.03918411164788,26.093666129898015,4.133118625872249,2.9723564143853998,0.9326355340848095,,,0.12077294685990338
142,9.876543209876543,21.215780998389693,3.4688674181427803,27.28797638217928,3.992216854535695,26.02657004830918,4.106280193236715,2.9723564143853998,0.9326355340848095,,,0.12077294685990338
143,9.957058507783145,20.571658615136876,3.4621578099838968,27.20746108427268,4.797369833601718,25.946054750402578,4.106280193236715,2.9924852388620504,0.8387010198604401,,,0.12077294685990338
144,10.104669887278583,20.52469135802469,3.4621578099838968,27.160493827160494,4.797369833601718,25.89237788513151,4.106280193236715,2.9924852388620504,0.8387010198604401,,,0.12077294685990338
145,9.88996242619431,19.484702093397747,3.388352120236178,26.684111647879764,4.38137412775094,25.348899624261943,6.535158346752549,2.8381642512077296,1.328502415458937,,,0.12077294685990338
146,9.98389694041868,19.444444444444443,3.3548040794417604,26.147342995169083,4.38137412775094,25.254965110037574,7.14573268921095,2.8381642512077296,1.328502415458937,,,0.12077294685990338
147,10.131508319914117,19.43102522812668,3.3413848631239937,26.093666129898015,4.374664519592056,25.15432098765432,7.14573268921095,2.8381642512077296,1.3687600644122384,,,0.12077294685990338
148,9.970477724100913,18.706387546967257,3.475577026301664,26.060118089103597,4.159957058507783,25.06038647342995,8.205850778314547,2.8381642512077296,1.402308105206656,,,0.12077294685990338
149,10.030864197530864,18.666129898013956,3.4621578099838968,26.053408480944714,4.193505099302201,25.026838432635532,8.205850778314547,2.8381642512077296,1.402308105206656,,,0.12077294685990338
150,10.171765968867419,18.612453032742888,3.4621578099838968,25.999731615673646,4.233762748255502,24.966451959205582,8.205850778314547,2.8381642512077296,1.3888888888888888,,,0.12077294685990338
151,10.299248523886206,18.471551261406333,3.4621578099838968,25.91921631776704,4.3545356951154055,24.912775093934513,8.145464304884594,2.8381642512077296,1.442565754159957,,0.03354804079441761,0.12077294685990338
152,10.46027911969941,18.344068706387546,3.4621578099838968,25.91921631776704,4.42163177670424,24.859098228663445,8.09849704777241,2.8381642512077296,1.442565754159957,,0.03354804079441761,0.12077294685990338
153,10.560923242082662,18.303811057434245,3.435319377348363,25.55689747718733,4.42163177670424,24.44310252281267,8.870101986044014,2.8113258185721954,1.442565754159957,,0.03354804079441761,0.12077294685990338
154,10.674986580783683,18.303811057434245,3.435319377348363,25.503220611916262,4.42163177670424,24.355877616747183,8.870101986044014,2.804616210413312,1.442565754159957,,0.03354804079441761,0.15432098765432098
155,10.84272678475577,18.21658615136876,3.435319377348363,25.462962962962962,4.294149221685454,24.329039184111647,8.896940418679549,2.8918411164787976,1.442565754159957,,0.03354804079441761,0.15432098765432098
156,10.963499731615673,17.954911433172303,3.435319377348363,25.409286097691894,4.569243156199678,24.268652710681696,8.863392377885132,2.8650026838432634,1.482823403113258,,0.03354804079441761,0.15432098765432098
157,11.104401502952227,17.92807300053677,3.435319377348363,25.248255501878692,4.569243156199678,24.18142780461621,8.836553945249598,2.9790660225442833,1.5163714439076759,,0.06709608158883522,0.13419216317767044
158,11.178207192699947,17.92807300053677,3.435319377348363,25.174449812130973,4.569243156199678,24.154589371980677,8.80300590445518,3.0394524959742353,1.5163714439076759,,0.06709608158883522,0.13419216317767044
159,11.225174449812132,17.921363392377884,3.9519592055823938,24.92619431025228,4.562533548040794,23.65136876006441,8.769457863660762,3.2742887815351582,1.5163714439076759,,0.06709608158883522,0.13419216317767044
160,11.392914653784219,17.907944176060116,3.9519592055823938,24.832259796027913,4.53569511540526,23.62453032742888,8.769457863660762,3.240740740740741,1.5432098765432098,,0.06709608158883522,0.13419216317767044
161,11.594202898550725,17.907944176060116,3.9184111647879765,24.684648416532475,4.53569511540526,23.53059581320451,8.735909822866345,3.3480944712828773,1.5432098765432098,,0.06709608158883522,0.13419216317767044
162,11.768652710681696,17.85426731078905,3.9184111647879765,24.664519592055825,4.569243156199678,23.416532474503487,8.735909822866345,3.3480944712828773,1.5230810520665594,,0.06709608158883522,0.13419216317767044
163,11.701556629092861,17.975040257648953,3.8848631239935587,24.664519592055825,4.569243156199678,23.403113258185723,8.608427267847558,3.3480944712828773,1.6438539989264627,,0.06709608158883522,0.13419216317767044
164,11.842458400429415,17.961621041331185,3.8848631239935587,24.630971551261407,4.582662372517445,23.356146001073537,8.548040794417606,3.3480944712828773,1.6438539989264627,,0.06709608158883522,0.13419216317767044
165,11.956521739130435,17.961621041331185,3.8848631239935587,24.50348899624262,4.636339237788513,23.262211486849168,8.548040794417606,3.33467525496511,1.710950080515298,,0.06709608158883522,0.13419216317767044
166,12.070585077831455,17.94820182501342,3.844605475040258,24.476650563607084,4.616210413311863,23.22866344605475,8.53462157809984,3.33467525496511,1.710950080515298,,0.06709608158883522,0.16774020397208803
167,12.191358024691358,17.941492216854535,3.81105743424584,24.4296833064949,4.616210413311863,23.221953837895867,8.507783145464305,3.33467525496511,1.710950080515298,,0.06709608158883522,0.16774020397208803
168,12.359098228663447,17.921363392377884,3.7372517444981215,24.322329575952764,4.616210413311863,23.32259796027912,8.474235104669887,3.3413848631239937,1.6706924315619969,,0.06709608158883522,0.16774020397208803
169,12.419484702093397,17.907944176060116,3.7238325281803544,24.235104669887278,4.616210413311863,23.2085346215781,8.735909822866345,3.2474503488996245,1.6706924315619969,,0.06709608158883522,0.16774020397208803
170,12.506709608158884,17.894524959742352,3.7238325281803544,24.208266237251745,4.616210413311863,23.060923242082662,8.735909822866345,3.3816425120772946,1.6371443907675791,,0.06709608158883522,0.16774020397208803
171,12.526838432635534,17.860976918947934,3.7238325281803544,24.12104133118626,4.616210413311863,23.040794417606012,8.722490606548577,3.4957058507783145,1.6572732152442298,,0.06709608158883522,0.16774020397208803
172,12.593934514224369,17.847557702630166,3.7238325281803544,24.12104133118626,4.616210413311863,22.993827160493826,8.715780998389693,3.4957058507783145,1.6572732152442298,,0.06709608158883522,0.16774020397208803
173,12.345679012345679,17.37788513150832,3.7238325281803544,22.31615673644659,7.266505636070853,22.973698336017176,8.715780998389693,3.4017713365539453,1.6572732152442298,,0.06709608158883522,0.15432098765432098
174,12.4597423510467,17.3040794417606,3.7104133118625873,22.29602791196994,7.266505636070853,22.946859903381643,8.68894256575416,3.4017713365539453,1.6706924315619969,,0.06709608158883522,0.1878690284487386
175,12.620772946859903,17.270531400966185,3.7104133118625873,22.23564143853999,7.286634460547504,22.873054213633925,8.68894256575416,3.388352120236178,1.6706924315619969,,0.06709608158883522,0.1878690284487386
176,12.76838432635534,17.24369296833065,3.7037037037037037,22.23564143853999,7.226247987117552,22.873054213633925,8.662104133118627,3.33467525496511,1.6572732152442298,,0.10735373054213634,0.1878690284487386
177,12.822061191626409,17.23027375201288,3.670155662909286,22.208803005904453,7.226247987117552,22.82608695652174,8.662104133118627,3.361513687600644,1.6572732152442298,,0.10735373054213634,0.2281266774020397
178,12.365807836822329,16.820987654320987,6.9310252281266775,20.551529790660226,6.790123456790123,23.765432098765434,7.98443370907139,2.918679549114332,1.5365002683843263,,0.10735373054213634,0.2281266774020397
179,12.486580783682234,16.780730005367687,6.9310252281266775,20.551529790660226,6.790123456790123,23.698336017176597,7.98443370907139,2.9052603327965647,1.5365002683843263,,0.10735373054213634,0.2281266774020397
180,12.600644122383253,16.74718196457327,6.890767579173376,20.497852925389157,6.790123456790123,23.60440150295223,7.997852925389157,2.8918411164787976,1.583467525496511,0.03354804079441761,0.10735373054213634,0.2549651100375738
181,12.667740203972087,16.71363392377885,6.890767579173376,20.48443370907139,6.790123456790123,23.557434245840042,8.024691358024691,2.8918411164787976,1.583467525496511,0.03354804079441761,0.10735373054213634,0.2549651100375738
182,12.721417069243156,16.6935050993022,6.877348362855609,20.41062801932367,6.790123456790123,23.537305421363392,7.997852925389157,2.965646806226516,1.583467525496511,0.03354804079441761,0.10735373054213634,0.28180354267310787
183,12.775093934514224,16.67337627482555,6.877348362855609,20.41062801932367,6.4412238325281805,23.503757380568974,8.3467525496511,2.965646806226516,1.583467525496511,0.03354804079441761,0.10735373054213634,0.28180354267310787
184,12.842190016103059,16.61969940955448,6.877348362855609,20.39049919484702,6.481481481481482,23.49033816425121,8.340042941492216,2.965646806226516,1.583467525496511,0.03354804079441761,0.0939345142243693,0.28180354267310787
185,13.003220611916264,16.59286097691895,6.870638754696726,20.37037037037037,6.481481481481482,23.376274825550187,8.3064949006978,3.0059044551798175,1.583467525496511,0.03354804079441761,0.0939345142243693,0.28180354267310787
186,13.063607085346217,16.57944176060118,6.837090713902308,20.37037037037037,6.535158346752549,23.32259796027912,8.32662372517445,3.0059044551798175,1.583467525496511,0.03354804079441761,0.0939345142243693,0.24825550187869028
187,13.117283950617283,16.552603327965645,6.837090713902308,20.37037037037037,6.535158346752549,23.30246913580247,8.32662372517445,2.999194847020934,1.583467525496511,0.03354804079441761,0.0939345142243693,0.24825550187869028
188,13.18438003220612,16.53918411164788,6.863929146537842,20.323403113258184,6.380837359098229,23.161567364465917,8.474235104669887,3.1468062265163717,1.5499194847020934,0.03354804079441761,0.0939345142243693,0.24825550187869028
189,13.372249060654857,16.525764895330113,6.823671497584541,20.28985507246377,6.253354804079442,23.15485775630703,8.460815888352121,3.1468062265163717,1.5499194847020934,0.03354804079441761,0.0939345142243693,0.2952227589908749
190,13.405797101449275,16.431830381105744,6.991411701556629,20.202630166398283,6.347289318303811,23.121309715512613,8.460815888352121,3.079710144927536,1.5365002683843263,0.03354804079441761,0.0939345142243693,0.2952227589908749
191,13.533279656468062,16.391572732152444,6.991411701556629,20.189210950080515,6.374127750939345,23.101180891035963,8.380300590445518,3.079710144927536,1.5365002683843263,0.03354804079441761,0.0939345142243693,0.2952227589908749
192,12.090713902308105,16.324476650563607,6.991411701556629,27.999194847020934,6.226516371443908,18.149490069779926,7.836822329575953,2.623456790123457,1.3352120236178207,0.03354804079441761,0.0939345142243693,0.2952227589908749
193,12.278582930756844,16.29092860976919,6.977992485238862,27.911969940955448,6.152710681696189,18.14278046162104,7.836822329575953,2.6502952227589907,1.3352120236178207,0.03354804079441761,0.0939345142243693,0.2952227589908749
194,12.439613526570048,16.25738056897477,6.977992485238862,27.70397208803006,6.152710681696189,18.109232420826622,7.836822329575953,2.7643585614600106,1.3352120236178207,0.03354804079441761,0.0939345142243693,0.2952227589908749
195,12.567096081588835,16.21712292002147,6.977992485238862,27.643585614600106,6.139291465378422,18.075684380032207,7.823403113258186,2.7979066022544283,1.3352120236178207,0.03354804079441761,0.0939345142243693,0.2952227589908749
196,12.721417069243156,16.21712292002147,6.9243156199677935,27.61003757380569,6.132581857219538,17.98845947396672,7.816693505099302,2.7979066022544283,1.3352120236178207,0.03354804079441761,0.0939345142243693,0.32877079978529256
197,12.781803542673108,16.210413311862588,7.944176060118089,27.214170692431562,6.078904991948471,17.961621041331185,7.5348899624261945,2.4892646269457863,1.328502415458937,0.03354804079441761,0.0939345142243693,0.32877079978529256
198,11.58749329039184,15.08990874932904,7.051798174986581,33.04482018250134,4.951690821256038,16.75389157273215,7.50805152979066,2.442297369833602,1.2345679012345678,0.03354804079441761,0.0939345142243693,0.20799785292538917
199,11.728395061728396,15.063070316693505,7.018250134192163,33.02469135802469,4.951690821256038,16.6935050993022,7.50805152979066,2.442297369833602,1.2345679012345678,0.03354804079441761,0.0939345142243693,0.20799785292538917
200,11.748523886205046,14.908749329039184,7.011540526033279,32.99785292538916,5.10601180891036,16.67337627482555,7.50805152979066,2.442297369833602,1.2681159420289856,0.03354804079441761,0.0939345142243693,0.20799785292538917
201,11.869296833064949,14.9020397208803,6.957863660762212,32.387278582930755,5.0993022007514766,16.639828234031132,7.50805152979066,2.9790660225442833,1.3217928073000538,0.03354804079441761,0.0939345142243693,0.20799785292538917
202,11.963231347289318,14.888620504562533,6.957863660762212,32.33360171765969,5.0993022007514766,16.61969940955448,7.494632313472893,2.945517981749866,1.3217928073000538,0.07380568974771873,0.0939345142243693,0.20799785292538917
203,12.016908212560386,14.888620504562533,6.863929146537842,32.326892109500804,5.186527106816962,16.59286097691895,7.494632313472893,2.932098765432099,1.3217928073000538,0.07380568974771873,0.0939345142243693,0.20799785292538917
204,12.124261943102523,14.841653247450349,6.863929146537842,32.29334406870639,5.186527106816962,16.59286097691895,7.494632313472893,2.9253891572732154,1.3016639828234031,0.07380568974771873,0.0939345142243693,0.20799785292538917
205,12.171229200214707,14.741009125067096,6.857219538378959,31.676060118089104,5.743424584004294,16.25738056897477,7.440955448201825,3.435319377348363,1.3016639828234031,0.07380568974771873,0.0939345142243693,0.20799785292538917
206,12.31213097155126,14.667203435319378,6.850509930220075,31.635802469135804,5.743424584004294,16.210413311862588,7.461084272678476,3.4017713365539453,1.3419216317767042,0.07380568974771873,0.0939345142243693,0.20799785292538917
207,12.426194310252281,14.573268921095009,6.830381105743425,31.57541599570585,5.736714975845411,16.056092324208265,7.440955448201825,3.683574879227053,1.3150831991411702,0.06038647342995169,0.0939345142243693,0.20799785292538917
