,45,50,51,55,53,52,54,56
0,99.8792270531401,0.12077294685990338,,,,,,
1,99.8792270531401,0.12077294685990338,,,,,,
2,96.96054750402577,3.0394524959742353,,,,,,
3,94.29683306494901,5.703166935050993,,,,,,
4,93.24342458400429,6.756575415995706,,,,,,
5,93.24342458400429,6.756575415995706,,,,,,
6,93.0354267310789,6.964573268921095,,,,,,
7,93.0354267310789,6.964573268921095,,,,,,
8,90.64680622651638,9.353193773483628,,,,,,
9,90.552871712292,9.447128287707997,,,,,,
10,80.07917337627482,19.920826623725173,,,,,,
11,80.13955984970478,19.860440150295222,,,,,,
12,80.22007514761138,19.77992485238862,,,,,,
13,66.25738056897477,33.742619431025226,,,,,,
14,65.04294149221685,34.957058507783145,,,,,,
15,65.19726247987117,34.80273752012882,,,,,,
16,65.12345679012346,34.74235104669887,0.13419216317767044,,,,,
17,65.23752012882447,34.628287707997856,0.13419216317767044,,,,,
18,61.943102522812666,37.92270531400966,0.13419216317767044,,,,,
19,62.19135802469136,37.67444981213097,0.13419216317767044,,,,,
20,53.938539989264626,45.799785292538914,0.13419216317767044,0.1274825550187869,,,,
21,54.159957058507786,45.57836822329576,0.13419216317767044,0.1274825550187869,,,,
22,54.26731078904992,45.3569511540526,0.13419216317767044,0.1274825550187869,0.11406333870101985,,,
23,54.428341384863124,45.1959205582394,0.13419216317767044,0.1274825550187869,0.11406333870101985,,,
24,54.6833064949007,44.847020933977454,0.13419216317767044,0.2214170692431562,0.11406333870101985,,,
25,45.1154052603328,53.38835212023618,,0.1274825550187869,1.3687600644122384,,,
26,44.75308641975309,52.12023617820719,1.6639828234031133,0.1274825550187869,1.3352120236178207,,,
27,43.12265163714439,53.52925389157273,1.6438539989264627,0.2549651100375738,1.4492753623188406,,,
28,43.39774557165862,53.166935050993025,1.737788513150832,0.2549651100375738,1.442565754159957,,,
29,43.41787439613527,53.14680622651637,1.737788513150832,0.2549651100375738,1.442565754159957,,,
30,43.572195383789584,52.99248523886205,1.737788513150832,0.2549651100375738,1.442565754159957,,,
31,43.80032206119163,52.65029522275899,1.8518518518518519,0.2549651100375738,1.442565754159957,,,
32,37.59393451422437,58.293075684380035,0.11406333870101985,0.2549651100375738,1.3620504562533549,2.38191089640365,,
33,37.9495437466452,57.9374664519592,0.11406333870101985,0.2549651100375738,1.3620504562533549,2.38191089640365,,
34,38.7211486849168,57.22624798711755,0.11406333870101985,0.2549651100375738,1.3016639828234031,2.38191089640365,,
35,38.21121846484165,57.7361782071927,0.11406333870101985,0.2549651100375738,1.3016639828234031,2.38191089640365,,
36,38.788244766505635,57.15915190552872,0.11406333870101985,0.2549651100375738,1.3016639828234031,2.38191089640365,,
37,38.28502415458937,55.93800322061192,0.11406333870101985,0.2549651100375738,1.3016639828234031,4.106280193236715,,
38,38.466183574879224,55.77026301663983,0.11406333870101985,0.2549651100375738,1.3016639828234031,4.092860976918948,,
39,38.62050456253355,55.642780461621044,0.11406333870101985,0.2549651100375738,1.3016639828234031,4.066022544283414,,
40,38.94256575415996,55.475040257648956,0.2214170692431562,0.2549651100375738,1.1876006441223832,3.9184111647879765,,
41,39.14385399892646,55.14626945786366,0.3488996242619431,0.2549651100375738,1.1876006441223832,3.9184111647879765,,
42,39.439076757917334,54.851046698872786,0.3488996242619431,0.2549651100375738,1.1876006441223832,3.9184111647879765,,
43,39.76784755770263,54.63633923778851,0.3488996242619431,0.2549651100375738,1.0735373054213635,3.9184111647879765,,
44,33.06494900697799,61.74852388620504,0.1274825550187869,0.05367686527106817,0.5166398282340311,3.9184111647879765,0.5703166935050993,
45,33.3467525496511,60.487117552334944,0.1274825550187869,1.0332796564680622,0.5166398282340311,3.9184111647879765,0.5703166935050993,
46,34.292807300053674,59.54106280193237,0.1274825550187869,1.0332796564680622,0.5166398282340311,3.9184111647879765,0.5703166935050993,
47,34.74906065485776,59.09151905528717,0.1274825550187869,1.0332796564680622,0.5166398282340311,3.911701556629093,0.5703166935050993,
48,35.03086419753087,58.80971551261406,0.1274825550187869,1.0332796564680622,0.5166398282340311,3.911701556629093,0.5703166935050993,
49,34.03113258185722,48.52388620504563,11.641170155662909,0.9192163177670424,0.5166398282340311,3.797638217928073,0.5703166935050993,
50,33.00456253354804,49.49006977992485,11.788781535158346,0.8923778851315083,0.5166398282340311,3.7372517444981215,0.5703166935050993,
51,33.23939881910896,49.322329575952764,11.788781535158346,0.8923778851315083,0.5166398282340311,3.670155662909286,0.5703166935050993,
52,33.52791196994095,49.08749329039184,11.788781535158346,0.8923778851315083,0.5166398282340311,3.616478797638218,0.5703166935050993,
53,33.81642512077295,48.8191089640365,11.768652710681696,0.8923778851315083,0.5166398282340311,3.616478797638218,0.5703166935050993,
54,33.863392377885134,48.792270531400966,11.748523886205046,0.8923778851315083,0.5166398282340311,3.616478797638218,0.5703166935050993,
55,34.01771336553945,47.68518518518518,11.647879763821793,1.9524959742351047,0.5166398282340311,3.6097691894793345,0.5703166935050993,
56,34.306226516371446,47.155126140633385,11.641170155662909,2.214170692431562,0.5166398282340311,3.5963499731615673,0.5703166935050993,
57,34.534353193773484,47.10144927536232,11.533816425120772,2.214170692431562,0.5099302200751477,3.535963499731616,0.5703166935050993,
58,34.272678475577024,45.148953301127214,11.466720343531938,1.90552871712292,0.5099302200751477,3.535963499731616,3.1602254428341383,
59,34.56119162640902,44.95437466451959,11.379495437466453,1.8988191089640365,0.5099302200751477,3.535963499731616,3.1602254428341383,
60,34.93022007514761,44.49141170155663,11.379495437466453,1.9927536231884058,0.5099302200751477,3.535963499731616,3.1602254428341383,
61,35.12479871175523,44.32367149758454,11.379495437466453,1.9860440150295222,0.5099302200751477,3.515834675254965,3.1602254428341383,
62,35.225442834138484,44.176060118089104,11.265432098765432,2.1604938271604937,0.5099302200751477,3.502415458937198,3.1602254428341383,
63,35.849436392914654,43.65942028985507,11.265432098765432,2.0665593129361244,0.5099302200751477,3.502415458937198,3.1468062265163717,
64,36.171497584541065,43.49168008588298,11.11111111111111,2.0665593129361244,0.5099302200751477,3.502415458937198,3.1468062265163717,
65,36.73510466988728,43.12265163714439,11.09098228663446,2.01959205582394,0.5099302200751477,3.502415458937198,3.0193236714975846,
66,36.7686527106817,43.03542673107891,11.09098228663446,1.9592055823939882,0.5099302200751477,3.616478797638218,3.0193236714975846,
67,37.151100375738054,42.76033279656468,10.869565217391305,1.9592055823939882,0.5032206119162641,3.616478797638218,2.999194847020934,0.14090177133655393
68,37.40606548577563,42.39801395598497,10.735373054213634,1.9592055823939882,0.5032206119162641,3.7372517444981215,2.999194847020934,0.2616747181964573
69,36.922973698336016,43.022007514761135,10.695115405260333,1.9592055823939882,0.5032206119162641,3.7037037037037037,2.932098765432099,0.2616747181964573
70,28.119967793880836,52.18733225979603,10.581052066559312,1.8585614600107354,0.5032206119162641,3.556092324208266,2.932098765432099,0.2616747181964573
71,25.77831454643049,55.421363392377884,10.581052066559312,1.8585614600107354,0.5032206119162641,2.6637144390767578,2.932098765432099,0.2616747181964573
72,26.127214170692433,55.099302200751474,10.581052066559312,1.8585614600107354,0.5032206119162641,2.657004830917874,2.9119699409554483,0.2616747181964573
73,26.27482555018787,54.64975845410628,10.527375201288244,2.214170692431562,0.5032206119162641,2.657004830917874,2.9119699409554483,0.2616747181964573
74,26.570048309178745,54.29414922168545,10.527375201288244,2.314814814814815,0.5032206119162641,2.657004830917874,2.871712292002147,0.2616747181964573
75,26.617015566290927,54.26060118089104,10.520665593129362,2.314814814814815,0.5032206119162641,2.6502952227589907,2.871712292002147,0.2616747181964573
76,24.89935587761675,50.95276435856146,14.40552871712292,2.442297369833602,0.5032206119162641,2.6502952227589907,3.8848631239935587,0.2616747181964573
77,25.0402576489533,49.90606548577563,14.331723027375201,3.421900161030596,0.5032206119162641,2.6502952227589907,3.8848631239935587,0.2616747181964573
78,25.261674718196456,49.81213097155126,13.170960815888352,3.4151905528717124,1.5432098765432098,2.6502952227589907,3.8848631239935587,0.2616747181964573
79,25.744766505636072,49.49677938808374,13.003220611916264,3.4151905528717124,1.5432098765432098,2.6502952227589907,3.8848631239935587,0.2616747181964573
80,24.194847020933977,45.10198604401503,19.229736983360173,3.240740740740741,1.5432098765432098,2.636876006441224,3.7909286097691894,0.2616747181964573
81,24.745034889962426,44.67257112184648,19.155931293612454,3.4822866344605474,1.3955984970477724,2.636876006441224,3.6500268384326353,0.2616747181964573
82,25.07380568974772,44.524959742351044,18.9747718733226,3.4822866344605474,1.3955984970477724,2.636876006441224,3.6500268384326353,0.2616747181964573
83,25.201288244766506,44.45115405260333,18.95464304884595,3.4822866344605474,1.3955984970477724,2.636876006441224,3.616478797638218,0.2616747181964573
84,25.785024154589372,44.04857756307032,18.853998926462694,3.4822866344605474,1.3955984970477724,2.636876006441224,3.616478797638218,0.18115942028985507
85,25.959473966720342,43.974771873322595,18.780193236714975,3.4822866344605474,1.3687600644122384,2.636876006441224,3.616478797638218,0.18115942028985507
86,26.133923778851315,43.80032206119163,18.780193236714975,3.4822866344605474,1.3687600644122384,2.636876006441224,3.616478797638218,0.18115942028985507
87,26.630434782608695,43.49168008588298,18.766774020397207,3.307836822329576,1.3687600644122384,2.636876006441224,3.616478797638218,0.18115942028985507
88,27.079978529253893,43.31052066559313,18.666129898013956,3.2675791733762747,1.3687600644122384,2.636876006441224,3.488996242619431,0.18115942028985507
89,26.482823403113258,42.089371980676326,17.47181964573269,3.2675791733762747,1.3687600644122384,5.649490069779925,3.488996242619431,0.18115942028985507
90,26.778046162104133,41.93505099302201,17.411433172302736,3.2675791733762747,1.3687600644122384,5.649490069779925,3.408480944712829,0.18115942028985507
91,27.006172839506174,41.82769726247987,17.290660225442835,3.2675791733762747,1.3687600644122384,5.649490069779925,3.408480944712829,0.18115942028985507
92,26.44927536231884,38.7614063338701,25.939345142243692,2.4221685453569513,0.5904455179817498,2.5295222758990876,3.307836822329576,
93,26.704240472356414,38.59366612989801,25.670960815888353,2.4221685453569513,0.5904455179817498,2.5295222758990876,3.3682232957595275,0.12077294685990338
94,26.7914653784219,38.35212023617821,25.469672571121848,2.522812667740204,0.5904455179817498,2.5161030595813205,3.3682232957595275,0.38915727321524424
95,27.066559312936125,38.13070316693505,25.174449812130973,2.522812667740204,0.5904455179817498,2.5161030595813205,3.3682232957595275,0.630703166935051
96,27.536231884057973,37.466451959205585,25.147611379495437,3.8848631239935587,0.5904455179817498,2.5161030595813205,2.227589908749329,0.630703166935051
97,27.66371443907676,37.466451959205585,25.02012882447665,3.8848631239935587,0.5904455179817498,2.5161030595813205,2.227589908749329,0.630703166935051
98,27.78448738593666,37.40606548577563,25.006709608158882,3.8378958668813743,0.5904455179817498,2.5161030595813205,2.227589908749329,0.630703166935051
99,28.153515834675254,37.184648416532475,24.711486849168008,3.8378958668813743,0.5904455179817498,2.5161030595813205,2.227589908749329,0.7783145464304885
100,28.327965646806227,37.17122920021471,24.550456253354803,3.8378958668813743,0.5904455179817498,2.5161030595813205,2.227589908749329,0.7783145464304885
101,28.348094471282877,37.02361782071927,24.550456253354803,3.8378958668813743,0.5904455179817498,2.6435856146001075,2.227589908749329,0.7783145464304885
102,28.77079978529254,36.7686527106817,23.22866344605475,3.824476650563607,0.5434782608695652,2.5429414922168547,3.5426731078904994,0.7783145464304885
103,28.931830381105744,36.73510466988728,22.96027911969941,3.824476650563607,0.6843800322061192,2.5429414922168547,3.5426731078904994,0.7783145464304885
104,29.086151368760063,36.61433172302738,22.926731078904993,3.824476650563607,0.6843800322061192,2.5429414922168547,3.5426731078904994,0.7783145464304885
105,28.33467525496511,34.333064949006975,22.805958132045088,3.9519592055823938,0.6843800322061192,2.509393451422437,6.602254428341385,0.7783145464304885
106,28.5426731078905,33.99087493290392,22.75228126677402,3.938539989264627,0.6843800322061192,2.509393451422437,6.8035426731078905,0.7783145464304885
107,28.743961352657006,32.71604938271605,22.665056360708533,3.435319377348363,0.6843800322061192,2.509393451422437,8.467525496511003,0.7783145464304885
108,28.965378421900162,32.608695652173914,22.550993022007514,3.435319377348363,0.6843800322061192,2.509393451422437,8.467525496511003,0.7783145464304885
109,28.92512077294686,31.166129898013956,22.550993022007514,3.4151905528717124,2.4355877616747184,2.442297369833602,8.293075684380032,0.7716049382716049
110,29.025764895330113,31.011808910359633,22.470477724100913,3.4151905528717124,2.4355877616747184,2.442297369833602,8.293075684380032,0.9057971014492754
111,29.300858829844337,30.870907139023082,22.376543209876544,3.4151905528717124,2.4355877616747184,2.4154589371980677,8.279656468062266,0.9057971014492754
112,29.408212560386474,30.803811057434245,22.363123993558776,3.4151905528717124,2.4221685453569513,2.4154589371980677,8.266237251744498,0.9057971014492754
113,29.73027375201288,30.683038110574344,22.168545356951153,3.408480944712829,2.4221685453569513,2.4154589371980677,8.266237251744498,0.9057971014492754
114,30.360976918947934,30.454911433172303,21.926999463231347,3.2877079978529253,2.4221685453569513,2.4020397208803006,8.11862587224906,1.0265700483091786
115,30.454911433172303,30.119431025228128,21.906870638754697,3.2877079978529253,2.4221685453569513,2.4020397208803006,8.380300590445518,1.0265700483091786
116,30.803811057434245,30.018786902844873,21.611647879763822,3.2877079978529253,2.4221685453569513,2.4020397208803006,8.085077831454644,1.3687600644122384
117,31.239935587761675,29.931561996779386,21.410359634997317,3.227321524422974,2.4221685453569513,2.4020397208803006,7.997852925389157,1.3687600644122384
118,31.723027375201287,29.73027375201288,21.336553945249598,3.227321524422974,2.4221685453569513,2.3349436392914655,7.863660762211487,1.3620504562533549
119,32.098765432098766,29.61621041331186,21.088298443370906,3.227321524422974,2.4221685453569513,2.3349436392914655,7.85024154589372,1.3620504562533549
120,31.49490069779925,29.180085882984432,19.96779388083736,3.099838969404187,4.74369296833065,2.3349436392914655,7.836822329575953,1.3419216317767042
121,31.743156199677937,29.274020397208805,19.766505636070853,3.0864197530864197,4.74369296833065,2.3349436392914655,7.709339774557166,1.3419216317767042
122,32.21282877079979,28.978797638217927,19.6256038647343,3.0730005367686526,4.736983360171766,2.3349436392914655,7.695920558239399,1.3419216317767042
123,32.26650563607085,28.965378421900162,19.209608158883523,3.5762211486849167,4.736983360171766,2.3349436392914655,7.695920558239399,1.2144390767579174
124,32.72275899087493,28.683574879227052,19.196188942565755,3.5762211486849167,4.663177670424047,2.3081052066559313,7.635534084809447,1.2144390767579174
125,33.071658615136876,28.59634997316157,18.988191089640367,3.5762211486849167,4.62962962962963,2.3081052066559313,7.615405260332796,1.2144390767579174
126,33.682232957595275,28.515834675254965,18.69296833064949,3.5762211486849167,4.528985507246377,2.3081052066559313,7.595276435856146,1.1003757380568975
127,33.923778851315085,28.462157809983896,18.5654857756307,3.535963499731616,4.528985507246377,2.3081052066559313,7.575147611379496,1.1003757380568975
128,34.09151905528717,28.415190552871714,18.47826086956522,3.535963499731616,4.528985507246377,2.3081052066559313,7.541599570585078,1.1003757380568975
129,34.326355340848096,28.287707997852927,18.370907139023082,3.535963499731616,4.528985507246377,2.3081052066559313,7.541599570585078,1.1003757380568975
130,34.66183574879227,28.079710144927535,18.263553408480945,3.5292538915727323,4.528985507246377,2.3081052066559313,7.5281803542673105,1.1003757380568975
131,35.245571658615134,27.623456790123456,18.14278046162104,3.4420289855072466,4.522275899087493,2.3081052066559313,7.615405260332796,1.1003757380568975
132,35.527375201288244,27.42216854535695,18.08239398819109,3.421900161030596,4.522275899087493,2.3081052066559313,7.615405260332796,1.1003757380568975
133,35.69511540526033,27.314814814814813,18.055555555555557,3.421900161030596,4.522275899087493,2.3081052066559313,7.581857219538379,1.1003757380568975
134,35.80246913580247,27.241009125067094,18.035426731078903,3.421900161030596,4.508856682769726,2.3081052066559313,7.581857219538379,1.1003757380568975
135,35.91653247450349,27.234299516908212,18.035426731078903,3.421900161030596,4.508856682769726,2.2946859903381642,7.48792270531401,1.1003757380568975
136,35.95679012345679,27.194041867954912,18.203166935050994,3.3011272141706924,4.508856682769726,2.2946859903381642,7.440955448201825,1.1003757380568975
137,36.29898013955985,27.01959205582394,18.14278046162104,3.3011272141706924,4.508856682769726,2.2946859903381642,7.333601717659689,1.1003757380568975
138,36.30568974771873,26.99946323134729,18.203166935050994,3.3011272141706924,4.461889425657541,2.2946859903381642,7.333601717659689,1.1003757380568975
139,36.553945249597426,26.94578636607622,18.136070853462158,3.3011272141706924,4.374664519592056,2.2946859903381642,7.2933440687063875,1.1003757380568975
140,36.68813741277509,26.86527106816962,17.954911433172303,3.3011272141706924,4.3545356951154055,2.38191089640365,7.25979602791197,1.1943102522812667
141,36.78878153515835,26.78475577026302,17.961621041331185,3.2877079978529253,4.3545356951154055,2.38191089640365,7.246376811594203,1.1943102522812667
142,37.104133118625874,26.67740203972088,17.894524959742352,3.2877079978529253,4.30756843800322,2.38191089640365,7.152442297369833,1.1943102522812667
143,37.31213097155126,26.65727321524423,17.767042404723565,3.2877079978529253,4.30756843800322,2.3550724637681157,7.118894256575416,1.1943102522812667
144,37.37251744498121,26.549919484702095,17.767042404723565,3.2877079978529253,4.274020397208803,2.4355877616747184,7.118894256575416,1.1943102522812667
145,37.47987117552335,26.50295222758991,17.70665593129361,3.2877079978529253,4.274020397208803,2.4355877616747184,7.118894256575416,1.1943102522812667
146,37.74825550187869,26.40901771336554,17.632850241545892,3.2877079978529253,4.274020397208803,2.4221685453569513,7.105475040257649,1.1205045625335481
147,38.0300590445518,26.268115942028984,17.49194847020934,3.2877079978529253,4.274020397208803,2.4221685453569513,7.105475040257649,1.1205045625335481
148,38.097155126140635,26.174181427804616,16.948470209339774,3.2877079978529253,4.260601180891036,2.408749329039184,7.702630166398282,1.1205045625335481
149,38.687600644122384,25.691089640365004,16.955179817498657,3.2474503488996245,4.260601180891036,2.408749329039184,7.628824476650563,1.1205045625335481
150,39.19753086419753,25.563607085346217,16.820987654320987,3.227321524422974,4.193505099302201,2.3215244229736984,7.628824476650563,1.0466988727858293
151,39.48604401502952,25.469672571121848,16.760601180891037,3.2004830917874396,4.193505099302201,2.3215244229736984,7.5348899624261945,1.0332796564680622
152,39.734299516908216,25.44283413848631,16.626409017713364,3.2004830917874396,4.193505099302201,2.3215244229736984,7.454374664519592,1.0265700483091786
153,39.83494363929147,25.43612453032743,16.57944176060118,3.2004830917874396,4.166666666666667,2.3215244229736984,7.434245840042942,1.0265700483091786
154,38.888888888888886,24.805421363392377,19.216317767042405,3.1535158346752548,4.166666666666667,0.8923778851315083,8.044820182501342,0.8319914117015567
155,39.00295222758991,24.67793880837359,19.209608158883523,3.0327428878153517,4.320987654320987,0.8789586688137413,8.044820182501342,0.8319914117015567
156,39.27133655394525,24.510198604401502,19.122383252818036,3.0327428878153517,4.30756843800322,0.8789586688137413,8.044820182501342,0.8319914117015567
157,39.46591519055287,24.422973698336016,19.028448738593667,3.0327428878153517,4.30756843800322,0.8789586688137413,8.031400966183575,0.8319914117015567
158,39.801395598497045,24.335748792270532,18.780193236714975,3.0327428878153517,4.30756843800322,0.8789586688137413,8.031400966183575,0.8319914117015567
159,40.042941492216855,24.174718196457327,18.766774020397207,3.0327428878153517,4.30756843800322,0.8789586688137413,7.96430488459474,0.8319914117015567
160,40.143585614600106,24.12775093934514,18.733225979602793,3.0327428878153517,4.30756843800322,0.8789586688137413,7.944176060118089,0.8319914117015567
161,40.21739130434783,24.12104133118626,18.733225979602793,3.0327428878153517,4.30756843800322,1.0064412238325282,7.763016639828234,0.8185721953837896
162,40.23081052066559,24.12104133118626,18.719806763285025,3.0327428878153517,4.30756843800322,1.0064412238325282,7.763016639828234,0.8185721953837896
163,40.35829307568438,24.013687600644122,18.71309715512614,3.0327428878153517,4.30756843800322,1.0064412238325282,7.749597423510467,0.8185721953837896
164,40.56629092860977,23.980139559849704,18.67283950617284,3.0327428878153517,4.30756843800322,1.0064412238325282,7.615405260332796,0.8185721953837896
165,40.50590445517982,23.007246376811594,18.397745571658614,3.0327428878153517,4.30756843800322,2.314814814814815,7.615405260332796,0.8185721953837896
166,40.96886741814278,22.873054213633925,18.364197530864196,3.0059044551798175,4.253891572732153,2.314814814814815,7.4006977992485234,0.8185721953837896
167,41.196994095544824,22.765700483091788,18.310520665593128,2.9924852388620504,4.253891572732153,2.314814814814815,7.353730542136339,0.8118625872249061
168,41.36473429951691,22.624798711755233,18.243424584004295,2.965646806226516,4.388083735909823,2.24771873322598,7.353730542136339,0.8118625872249061
169,41.398282340311326,22.5979602791197,18.189747718733226,2.9589371980676327,4.388083735909823,2.24771873322598,7.407407407407407,0.8118625872249061
170,41.532474503489,22.57783145464305,18.02871712292002,2.9589371980676327,4.374664519592056,2.2410091250670963,7.333601717659689,0.95276435856146
171,41.08964036500269,22.302737520128826,16.378153515834676,2.9589371980676327,3.374932903918411,5.904455179817498,7.078636607622115,0.9125067096081588
172,41.277509393451425,22.302737520128826,16.210413311862588,3.0864197530864197,3.1870638754696725,5.9514224369296835,7.078636607622115,0.9057971014492754
173,41.4922168545357,22.249060654857757,16.10305958132045,3.0864197530864197,3.1602254428341383,5.9514224369296835,7.051798174986581,0.9057971014492754
174,41.6532474503489,22.061191626409016,16.23054213633924,3.0864197530864197,3.1602254428341383,5.9514224369296835,6.971282877079979,0.8856682769726248
175,41.8142780461621,22.061191626409016,15.868223295759528,3.3279656468062266,3.1602254428341383,5.9447128287707995,6.971282877079979,0.8521202361782072
176,42.230273752012884,21.940418679549115,15.801127214170693,3.294417606011809,3.1602254428341383,5.750134192163178,6.971282877079979,0.8521202361782072
177,42.45840042941492,21.940418679549115,15.68035426731079,3.260869565217391,3.1602254428341383,5.750134192163178,6.89747718733226,0.8521202361782072
178,42.46511003757381,21.598228663446054,15.633387010198604,3.6500268384326353,3.1602254428341383,5.750134192163178,6.890767579173376,0.8521202361782072
179,42.612721417069245,21.564680622651636,15.539452495974235,3.717122920021471,3.1602254428341383,5.662909286097692,6.890767579173376,0.8521202361782072
180,42.51878690284487,21.477455716586153,15.371712292002147,3.6768652710681695,3.1602254428341383,5.662909286097692,7.27992485238862,0.8521202361782072
181,42.619431025228124,21.430488459473967,15.344873859366613,3.616478797638218,3.2742887815351582,5.649490069779925,7.212828770799785,0.8521202361782072
182,42.7133655394525,21.370101986044016,15.344873859366613,3.6097691894793345,3.2742887815351582,5.622651637144391,7.212828770799785,0.8521202361782072
183,42.552334943639295,21.128556092324207,15.76086956521739,3.6097691894793345,3.2742887815351582,5.622651637144391,7.199409554482019,0.8521202361782072
184,42.619431025228124,21.115136876006442,15.754159957058508,3.6097691894793345,3.2742887815351582,5.595813204508857,7.179280730005368,0.8521202361782072
185,43.042136339237786,20.860171765968868,15.653515834675256,3.6097691894793345,3.240740740740741,5.555555555555555,7.098765432098766,0.9393451422436929
186,42.32420826623725,20.356951154052602,17.09608158883521,3.7238325281803544,3.240740740740741,5.22007514761138,7.098765432098766,0.9393451422436929
187,42.64626945786366,20.229468599033815,16.914922168545356,3.7238325281803544,3.227321524422974,5.22007514761138,7.098765432098766,0.9393451422436929
188,42.81400966183575,20.229468599033815,16.74718196457327,3.7238325281803544,3.227321524422974,5.22007514761138,7.098765432098766,0.9393451422436929
189,42.96833064949007,20.175791733762747,16.686795491143318,3.8177670424047236,3.140096618357488,5.173107890499195,7.098765432098766,0.9393451422436929
190,42.975040257648956,20.155662909286097,16.63311862587225,3.8177670424047236,3.126677402039721,5.173107890499195,7.219538378958669,0.8990874932903918
191,42.8743961352657,20.26972624798712,16.74718196457327,3.7104133118625873,3.126677402039721,5.173107890499195,7.199409554482019,0.8990874932903918
192,43.37761674718197,20.242887815351583,16.552603327965645,3.7104133118625873,2.9723564143853998,5.065754159957058,7.179280730005368,0.8990874932903918
193,43.484970477724104,20.21604938271605,16.438539989264626,3.7104133118625873,2.9723564143853998,4.938271604938271,7.340311325818572,0.8990874932903918
194,43.88083735909823,20.142243692968332,16.264090177133657,3.69699409554482,2.9589371980676327,4.85775630703167,7.320182501341922,0.8789586688137413
195,44.16935050993022,19.97450348899624,16.14331723027375,3.69699409554482,2.9589371980676327,4.85775630703167,7.320182501341922,0.8789586688137413
196,44.28341384863124,19.826892109500804,16.076221148684915,3.8311862587224907,2.9589371980676327,4.824208266237251,7.320182501341922,0.8789586688137413
197,44.538378958668815,19.726247987117553,16.029253891572733,3.8177670424047236,2.945517981749866,4.7168545356951155,7.353730542136339,0.8722490606548577
198,44.69269994632314,19.726247987117553,15.901771336553946,3.8177670424047236,2.945517981749866,4.690016103059581,7.353730542136339,0.8722490606548577
199,44.91411701556629,19.53166935050993,15.901771336553946,3.7909286097691894,2.945517981749866,4.690016103059581,7.353730542136339,0.8722490606548577
200,44.97450348899624,19.53166935050993,15.901771336553946,3.770799785292539,2.945517981749866,4.690016103059581,7.313472893183038,0.8722490606548577
201,45.269726247987116,19.26328502415459,15.881642512077295,3.6500268384326353,2.932098765432099,4.62962962962963,7.501341921631776,0.8722490606548577
202,45.269726247987116,19.196188942565755,15.780998389694043,3.6500268384326353,2.9924852388620504,4.750402576489533,7.48792270531401,0.8722490606548577
203,45.4777241009125,19.129092860976918,15.780998389694043,3.616478797638218,2.9052603327965647,4.730273752012883,7.48792270531401,0.8722490606548577
204,45.69243156199678,19.02173913043478,15.774288781535159,3.5762211486849167,2.8918411164787976,4.703435319377348,7.467793880837359,0.8722490606548577
205,45.873590982286636,18.867418142780462,15.687063875469672,3.5762211486849167,2.8918411164787976,4.703435319377348,7.5281803542673105,0.8722490606548577
206,45.98765432098765,18.840579710144926,15.479066022544284,3.6500268384326353,2.885131508319914,4.703435319377348,7.461084272678476,0.9930220075147611
207,46.13526570048309,18.95464304884595,15.365002683843263,3.6500268384326353,2.7844873859366612,4.703435319377348,7.4141170155662905,0.9930220075147611
208,46.16881374127751,18.86070853462158,15.324745034889963,3.784219001610306,2.7844873859366612,4.703435319377348,7.4141170155662905,0.9594739667203436
209,46.43719806763285,18.739935587761675,15.28448738593666,3.616478797638218,2.831454643048846,4.703435319377348,7.427536231884058,0.9594739667203436
210,46.55126140633387,18.726516371443907,15.190552871712292,3.616478797638218,2.831454643048846,4.703435319377348,7.4208266237251745,0.9594739667203436
211,46.65190552871712,18.706387546967257,15.13016639828234,3.616478797638218,2.831454643048846,4.683306494900698,7.4208266237251745,0.9594739667203436
212,46.66532474503489,18.5654857756307,15.13016639828234,3.616478797638218,2.9723564143853998,4.676596886741814,7.4141170155662905,0.9594739667203436
213,46.96054750402576,18.51851851851852,15.01610305958132,3.616478797638218,2.9723564143853998,4.569243156199678,7.387278582930757,0.9594739667203436
214,47.28260869565217,18.45813204508857,14.861782071927,3.589640365002684,2.9723564143853998,4.51556629092861,7.367149758454106,0.95276435856146
215,47.24235104669887,18.438003220611915,14.855072463768115,3.589640365002684,2.9723564143853998,4.622920021470746,7.326892109500805,0.95276435856146
216,47.32286634460547,18.42458400429415,14.801395598497047,3.589640365002684,2.9723564143853998,4.609500805152979,7.326892109500805,0.95276435856146
217,47.55099302200752,18.417874396135264,14.660493827160494,3.589640365002684,2.898550724637681,4.602791196994096,7.326892109500805,0.95276435856146
218,47.63150831991412,18.38432635534085,14.647074610842727,3.5628019323671496,2.898550724637681,4.602791196994096,7.326892109500805,0.9460547504025765
219,47.765700483091784,18.256843800322063,14.647074610842727,3.5628019323671496,2.898550724637681,4.602791196994096,7.320182501341922,0.9460547504025765
220,47.90660225442834,18.243424584004295,14.51959205582394,3.5628019323671496,2.898550724637681,4.602791196994096,7.320182501341922,0.9460547504025765
221,48.36285560923242,17.98174986580784,14.445786366076222,3.549382716049383,2.898550724637681,4.602791196994096,7.313472893183038,0.8454106280193237
222,48.611111111111114,17.907944176060116,14.325013419216317,3.549382716049383,2.898550724637681,4.549114331723027,7.313472893183038,0.8454106280193237
223,48.691626409017715,17.881105743424584,14.27133655394525,3.549382716049383,2.898550724637681,4.549114331723027,7.313472893183038,0.8454106280193237
224,48.47691894793344,17.351046698872786,14.27133655394525,3.388352120236178,2.771068169618894,4.40150295222759,8.501073537305421,0.8387010198604401
225,48.40311325818572,17.59259259259259,14.210950080515298,3.3816425120772946,2.6838432635534084,4.388083735909823,8.501073537305421,0.8387010198604401
226,48.51717659688674,17.49194847020934,14.143853998926463,3.515834675254965,2.6838432635534084,4.388083735909823,8.420558239398819,0.8387010198604401
227,48.91975308641975,17.28395061728395,14.143853998926463,3.515834675254965,2.6704240472356413,4.320987654320987,8.3064949006978,0.8387010198604401
228,49.29549114331723,17.14975845410628,13.94927536231884,3.515834675254965,2.6435856146001075,4.320987654320987,8.28636607622115,0.8387010198604401
229,49.604133118625874,17.10950080515298,13.848631239935587,3.515834675254965,2.623456790123457,4.247181964573269,8.232689210950081,0.8185721953837896
230,49.5907139023081,17.10950080515298,13.821792807300053,3.515834675254965,2.623456790123457,4.247181964573269,8.272946859903382,0.8185721953837896
231,49.684648416532475,17.10950080515298,13.754696725711218,3.515834675254965,2.623456790123457,4.247181964573269,8.246108427267847,0.8185721953837896
232,49.8792270531401,17.06924315619968,13.66076221148685,3.515834675254965,2.623456790123457,4.247181964573269,8.185721953837897,0.8185721953837896
233,50.2012882447665,16.968599033816425,13.627214170692431,3.515834675254965,2.576489533011272,4.233762748255502,8.07836822329576,0.798443370907139
234,50.234836285560924,16.955179817498657,13.627214170692431,3.4957058507783145,2.576489533011272,4.233762748255502,8.07836822329576,0.798443370907139
235,50.348899624261946,16.941760601180892,13.560118089103597,3.4957058507783145,2.576489533011272,4.200214707461084,8.07836822329576,0.798443370907139
236,50.46967257112185,16.908212560386474,13.560118089103597,3.488996242619431,2.5295222758990876,4.166666666666667,8.07836822329576,0.798443370907139
237,50.71121846484165,16.874664519592056,13.479602791196994,3.488996242619431,2.5295222758990876,3.9452495974235107,8.071658615136876,0.8990874932903918
238,51.0601180891036,16.7337627482555,13.345410628019323,3.4420289855072466,2.5295222758990876,3.9318303811057436,8.05823939881911,0.8990874932903918
239,51.16076221148685,16.71363392377885,13.318572195383789,3.4420289855072466,2.522812667740204,3.9318303811057436,8.011272141706923,0.8990874932903918
240,51.207729468599034,16.71363392377885,13.271604938271604,3.4420289855072466,2.522812667740204,3.9318303811057436,8.011272141706923,0.8990874932903918
241,51.46269457863661,16.639828234031132,13.271604938271604,3.4420289855072466,2.5161030595813205,3.770799785292539,8.011272141706923,0.8856682769726248
242,51.731078904991946,16.51905528717123,13.20450885668277,3.421900161030596,2.5161030595813205,3.770799785292539,7.96430488459474,0.8722490606548577
243,51.972624798711756,16.512345679012345,13.09044551798175,3.361513687600644,2.5161030595813205,3.7372517444981215,7.937466451959206,0.8722490606548577
244,50.83870101986044,15.982286634460548,13.070316693505099,3.3480944712828773,2.5161030595813205,5.434782608695652,7.937466451959206,0.8722490606548577
245,51.187600644122384,15.96886741814278,12.909286097691895,3.3279656468062266,2.5026838432635534,5.434782608695652,7.836822329575953,0.8319914117015567
246,51.25469672571122,15.92860976918948,12.882447665056361,3.3279656468062266,2.5026838432635534,5.434782608695652,7.836822329575953,0.8319914117015567
247,51.55662909286098,15.854804079441761,12.808641975308642,3.2139023081052067,2.5026838432635534,5.421363392377885,7.809983896940419,0.8319914117015567
248,51.82501341921632,15.613258185721953,12.801932367149758,3.207192699946323,2.5026838432635534,5.407944176060118,7.809983896940419,0.8319914117015567
249,52.03972088030059,15.485775630703166,12.801932367149758,3.207192699946323,2.5026838432635534,5.387815351583468,7.742887815351583,0.8319914117015567
250,52.38191089640365,15.405260332796564,12.721417069243156,3.207192699946323,2.5026838432635534,5.367686527106817,7.581857219538379,0.8319914117015567
251,52.42887815351583,15.324745034889963,12.721417069243156,3.207192699946323,2.6502952227589907,5.347557702630167,7.561728395061729,0.7581857219538379
252,52.703972088030056,15.271068169618895,12.634192163177671,3.126677402039721,2.623456790123457,5.320719269994632,7.561728395061729,0.7581857219538379
253,52.945517981749866,15.210681696188942,12.5402576489533,3.113258185721954,2.6033279656468062,5.280461621041331,7.548309178743962,0.7581857219538379
254,53.10654857756307,15.042941492216855,12.5402576489533,3.113258185721954,2.965646806226516,5.273752012882448,7.199409554482019,0.7581857219538379
255,53.29441760601181,14.9020397208803,12.493290391841116,3.193773483628556,2.965646806226516,5.193236714975845,7.199409554482019,0.7581857219538379
256,53.40848094471283,14.861782071927,12.439613526570048,3.2340311325818574,2.965646806226516,5.12614063338701,7.340311325818572,0.6239935587761675
257,53.44202898550725,14.828234031132581,12.439613526570048,3.2340311325818574,2.965646806226516,5.12614063338701,7.340311325818572,0.6239935587761675
258,53.62989801395599,14.74771873322598,12.372517444981213,3.193773483628556,2.965646806226516,5.12614063338701,7.340311325818572,0.6239935587761675
259,53.737251744498124,14.660493827160494,12.359098228663447,3.1870638754696725,2.965646806226516,5.12614063338701,7.340311325818572,0.6239935587761675
260,53.7037037037037,14.65378421900161,12.446323134728932,3.1870638754696725,2.952227589908749,5.12614063338701,7.306763285024155,0.6239935587761675
261,53.817767042404725,14.553140096618357,12.446323134728932,3.1736446591519054,2.952227589908749,5.12614063338701,7.306763285024155,0.6239935587761675
262,53.898282340311326,14.506172839506172,12.446323134728932,3.1736446591519054,2.952227589908749,5.12614063338701,7.273215244229737,0.6239935587761675
263,53.97208803005905,14.432367149758454,12.446323134728932,3.1736446591519054,2.952227589908749,5.12614063338701,7.273215244229737,0.6239935587761675
264,54.032474503489,14.378690284487385,12.446323134728932,3.180354267310789,2.952227589908749,5.112721417069243,7.273215244229737,0.6239935587761675
265,54.2337627482555,14.36527106816962,12.446323134728932,3.180354267310789,2.9253891572732154,4.985238862050457,7.239667203435319,0.6239935587761675
266,54.2740203972088,14.345142243692969,12.446323134728932,3.180354267310789,2.9253891572732154,4.985238862050457,7.219538378958669,0.6239935587761675
267,54.408212560386474,14.338432635534085,12.406065485775631,3.1602254428341383,2.9253891572732154,4.985238862050457,7.152442297369833,0.6239935587761675
268,54.47530864197531,14.31159420289855,12.406065485775631,3.140096618357488,2.9253891572732154,4.985238862050457,7.132313472893183,0.6239935587761675
269,54.47530864197531,14.224369296833064,12.399355877616747,3.140096618357488,3.066290928609769,4.985238862050457,7.085346215780999,0.6239935587761675
270,54.47530864197531,14.224369296833064,12.399355877616747,3.140096618357488,3.066290928609769,4.985238862050457,7.085346215780999,0.6239935587761675
271,54.508856682769725,14.123725174449811,12.399355877616747,3.0730005367686526,3.207192699946323,4.985238862050457,7.078636607622115,0.6239935587761675
272,54.61621041331186,14.103596349973161,12.399355877616747,3.0730005367686526,3.207192699946323,4.985238862050457,6.991411701556629,0.6239935587761675
273,54.8040794417606,14.009661835748792,12.365807836822329,3.0730005367686526,3.1468062265163717,4.985238862050457,6.991411701556629,0.6239935587761675
274,54.90472356414385,14.009661835748792,12.245034889962426,3.113258185721954,3.1468062265163717,4.985238862050457,6.984702093397746,0.6105743424584005
275,54.98523886205046,13.969404186795492,12.144390767579173,3.207192699946323,3.1468062265163717,4.85775630703167,7.092055823939882,0.5971551261406334
276,54.871175523349436,13.841921631776705,12.110842726784755,3.046162104133119,3.7573805689747717,4.783950617283951,6.991411701556629,0.5971551261406334
277,55.01878690284487,13.707729468599034,12.04374664519592,3.0394524959742353,3.8848631239935587,4.770531400966184,6.951154052603328,0.5837359098228664
278,55.32071926999463,13.707729468599034,11.963231347289318,3.0327428878153517,3.8580246913580245,4.730273752012883,6.8035426731078905,0.5837359098228664
279,55.501878690284485,13.6808910359635,11.963231347289318,3.0327428878153517,3.8580246913580245,4.730273752012883,6.649221685453569,0.5837359098228664
280,55.62265163714439,13.607085346215781,11.949812130971551,3.0327428878153517,3.8580246913580245,4.730273752012883,6.615673644659152,0.5837359098228664
281,55.73000536768653,13.519860440150294,11.922973698336017,3.0327428878153517,3.743961352657005,4.85775630703167,6.608964036500268,0.5837359098228664
282,55.783682232957595,13.519860440150294,11.869296833064949,3.0327428878153517,3.743961352657005,4.85775630703167,6.608964036500268,0.5837359098228664
283,55.95813204508857,13.446054750402576,11.748523886205046,2.9723564143853998,3.730542136339238,4.85775630703167,6.588835212023618,0.6977992485238862
284,56.31374127750939,13.352120236178207,11.721685453569512,2.9723564143853998,3.569511540526033,4.817498658078368,6.5552871712292005,0.6977992485238862
285,56.454643048845945,13.325281803542673,11.721685453569512,2.8918411164787976,3.535963499731616,4.817498658078368,6.5552871712292005,0.6977992485238862
