,45,50,52,54,51,55,53,56,57
0,85.33279656468062,14.667203435319378,,,,,,,
1,82.13902308105207,17.860976918947934,,,,,,,
2,82.13902308105207,17.860976918947934,,,,,,,
3,79.74369296833065,20.25630703166935,,,,,,,
4,77.41545893719807,21.76596886741814,0.5300590445517982,0.2885131508319914,,,,,
5,77.00617283950618,22.17525496511004,0.5300590445517982,0.2885131508319914,,,,,
6,64.07675791733763,35.10466988727858,0.5300590445517982,0.2885131508319914,,,,,
7,63.197799248523886,32.41411701556629,0.5300590445517982,0.2885131508319914,3.4621578099838968,0.10735373054213634,,,
8,58.60842726784756,37.734836285560924,0.48980139559849706,0.2885131508319914,2.771068169618894,0.10735373054213634,,,
9,58.69565217391305,37.64761137949544,0.48980139559849706,0.2885131508319914,2.771068169618894,0.10735373054213634,,,
10,58.76945786366076,37.57380568974772,0.48980139559849706,0.2885131508319914,2.771068169618894,0.10735373054213634,,,
11,58.89694041867955,37.446323134728935,0.48980139559849706,0.2885131508319914,2.771068169618894,0.10735373054213634,,,
12,49.993290391841114,46.45061728395062,0.48980139559849706,0.2885131508319914,2.6704240472356413,0.10735373054213634,,,
13,40.92190016103059,42.74020397208803,0.4562533548040794,0.2885131508319914,15.485775630703166,0.10735373054213634,,,
14,41.14331723027375,42.552334943639295,0.4562533548040794,0.2885131508319914,15.45222758990875,0.10735373054213634,,,
15,41.217122920021474,40.955448201825014,2.757648953301127,0.2885131508319914,14.673913043478262,0.10735373054213634,,,
16,38.217928073000536,43.25684380032206,2.7106816961889426,0.2885131508319914,15.418679549114332,0.10735373054213634,,,
17,32.1256038647343,40.37842190016103,4.435050993022007,0.2885131508319914,20.02818035426731,2.7442297369833604,,,
18,26.7512077294686,46.03462157809984,4.280730005367687,0.28180354267310787,19.82018250134192,2.831454643048846,,,
19,20.665593129361245,41.619699409554485,5.984970477724101,,29.998658078368223,1.06682769726248,0.6642512077294686,,
20,19.504830917874397,49.91277509393451,5.958132045088567,,23.678207192699947,0.9460547504025765,,,
21,17.538915727321523,40.50590445517982,4.206924315619967,,36.82903918411165,0.9192163177670424,,,
22,17.753623188405797,36.38620504562534,4.206924315619967,,34.38674181427805,0.9192163177670424,6.347289318303811,,
23,18.075684380032207,35.17176596886742,4.17337627482555,,34.19216317767042,2.059849704777241,6.327160493827161,,
24,13.050187869028449,27.28797638217928,3.5628019323671496,,47.71202361782072,2.059849704777241,6.327160493827161,,
25,13.425925925925926,27.214170692431562,3.5628019323671496,,47.477187332259795,2.033011272141707,6.286902844873859,,
26,11.553945249597424,24.282071926999464,3.535963499731616,,52.261137949543745,2.13365539452496,6.233225979602791,,
27,11.77536231884058,24.214975845410628,3.535963499731616,,52.10681696188943,2.13365539452496,6.233225979602791,,
28,12.29200214707461,24.040526033279658,3.535963499731616,,51.76462694578637,2.13365539452496,6.233225979602791,,
29,12.5402576489533,23.993558776167472,3.535963499731616,,51.570048309178745,2.13365539452496,6.226516371443908,,
30,12.560386473429952,23.872785829307567,3.515834675254965,,53.676865271068166,2.13365539452496,4.240472356414386,,
31,12.560386473429952,23.825818572195384,3.515834675254965,0.3488996242619431,53.274288781535155,2.1135265700483092,4.361245303274289,,
32,12.506709608158884,22.69860440150295,10.607890499194847,0.3488996242619431,47.95356951154053,1.5297906602254427,4.3545356951154055,,
33,11.647879763821793,23.993558776167472,10.581052066559312,0.3488996242619431,47.557702630166396,1.5297906602254427,4.341116478797638,,
34,12.13768115942029,23.866076221148685,10.513955984970478,0.3488996242619431,47.376543209876544,1.415727321524423,4.341116478797638,,
35,12.432903918411165,23.8191089640365,10.473698336017177,0.3488996242619431,47.16854535695116,1.415727321524423,4.341116478797638,,
36,8.82313472893183,30.589103596349972,12.124261943102523,2.15378421900161,41.82769726247987,1.2949543746645196,3.1870638754696725,,
37,9.084809447128288,30.535426731078903,12.110842726784755,2.15378421900161,41.659957058507786,1.2748255501878691,3.180354267310789,,
38,9.574610842726784,30.253623188405797,12.090713902308105,2.15378421900161,41.47208803005905,1.2748255501878691,3.180354267310789,,
39,9.849704777241008,30.152979066022546,12.037037037037036,2.15378421900161,41.378153515834676,1.2748255501878691,3.1535158346752548,,
40,9.225711218464841,26.288244766505635,8.105206655931294,2.1269457863660763,49.4699409554482,1.6975308641975309,3.0864197530864197,,
41,9.353193773483628,23.61111111111111,11.151368760064413,2.1269457863660763,46.323134728931834,1.6975308641975309,5.736714975845411,,
42,9.75577026301664,23.450080515297905,11.097691894793345,2.1269457863660763,46.16881374127751,1.6975308641975309,5.703166935050993,,
43,7.340311325818572,18.585614600107355,11.044015029522276,2.1269457863660763,51.710950080515296,2.4825550187869028,6.709608158883521,,
44,7.588566827697263,18.531937734836287,11.044015029522276,2.1269457863660763,51.51637144390767,2.4825550187869028,6.709608158883521,,
45,7.957595276435856,18.417874396135264,10.970209339774557,2.1068169618894257,49.644390767579175,2.4825550187869028,8.420558239398819,,
46,8.165593129361245,18.397745571658614,10.923242082662373,2.1068169618894257,48.7385936661299,3.2474503488996245,8.420558239398819,,
47,8.158883521202362,18.364197530864196,10.265700483091788,2.1068169618894257,47.14170692431562,3.2474503488996245,10.466988727858293,0.24825550187869028,
48,8.514492753623188,18.243424584004295,10.238862050456254,2.1068169618894257,46.99409554482018,3.2474503488996245,10.406602254428341,0.24825550187869028,
49,8.621846484165324,18.189747718733226,10.238862050456254,3.4286097691894795,45.66559312936125,3.227321524422974,10.379763821792807,0.24825550187869028,
50,8.702361782071927,18.109232420826622,9.574610842726784,4.8443370907139025,44.96779388083736,3.227321524422974,10.326086956521738,0.24825550187869028,
51,7.830112721417069,16.170155662909288,10.916532474503489,4.777241009125067,46.67203435319377,2.952227589908749,10.413311862587225,0.2683843263553409,
52,8.031400966183575,16.14331723027375,10.889694041867955,4.750402576489533,46.60493827160494,2.952227589908749,10.359634997316157,0.2683843263553409,
53,8.340042941492216,16.002415458937197,10.86285560923242,4.750402576489533,46.32984433709071,2.952227589908749,10.359634997316157,0.4025764895330113,
54,8.68894256575416,15.921900161030596,10.86285560923242,4.74369296833065,46.10842726784756,2.965646806226516,10.305958132045088,0.4025764895330113,
55,8.957326892109501,15.868223295759528,10.84272678475577,4.74369296833065,45.96081588835212,2.9388083735909825,10.285829307568438,0.4025764895330113,
56,9.25925925925926,15.854804079441761,10.795759527643586,4.74369296833065,45.66559312936125,2.9253891572732154,10.21202361782072,0.5434782608695652,
57,8.239398819108963,13.808373590982287,7.836822329575953,3.9989264626945786,51.90552871712292,3.2340311325818574,10.165056360708535,0.8118625872249061,
58,8.13875469672571,11.674718196457327,7.823403113258186,8.548040794417606,50.1207729468599,3.2340311325818574,9.648416532474503,0.8118625872249061,
59,8.299785292538916,11.647879763821793,7.803274288781535,8.548040794417606,50.006709608158886,3.2340311325818574,9.648416532474503,0.8118625872249061,
60,8.715780998389693,11.647879763821793,7.675791733762749,8.413848631239935,49.86580783682233,3.2340311325818574,9.634997316156737,0.8118625872249061,
61,8.635265700483092,11.634460547504025,14.928878153515834,8.36688137412775,44.0552871712292,2.0128824476650564,9.554482018250134,0.8118625872249061,
62,9.084809447128288,11.634460547504025,14.821524422973699,8.21256038647343,43.914385399892645,2.0128824476650564,9.50751476113795,0.8118625872249061,
63,9.353193773483628,11.600912506709609,14.78797638217928,8.21256038647343,43.78690284487386,1.9927536231884058,9.494095544820183,0.7716049382716049,
64,9.836285560923242,11.513687600644122,15.854804079441761,7.5281803542673105,43.062265163714436,1.9592055823939882,9.380032206119163,0.8655394524959742,
65,9.86983360171766,11.171497584541063,19.961084272678477,6.488191089640365,42.941492216854535,1.9592055823939882,6.89747718733226,0.7112184648416533,
66,8.709071390230811,10.084541062801932,19.585346215780998,5.763553408480945,50.08722490606549,1.0198604401502953,4.180085882984434,0.5703166935050993,
67,9.098228663446054,10.037573805689748,19.51154052603328,5.709876543209877,49.89935587761675,1.0198604401502953,4.1532474503489,0.5703166935050993,
68,9.27938808373591,9.594739667203436,19.49812130971551,5.709876543209877,49.75845410628019,1.4694041867954912,4.1532474503489,0.5367686527106817,
69,9.554482018250134,9.520933977455716,19.43773483628556,6.870638754696726,48.45679012345679,1.4694041867954912,4.1532474503489,0.5367686527106817,
70,10.017444981213098,9.373322597960279,19.37734836285561,6.850509930220075,48.19511540526033,1.5029522275899088,4.146537842190016,0.5367686527106817,
71,10.19189479334407,9.373322597960279,19.26328502415459,6.850509930220075,48.13472893183038,1.5029522275899088,4.146537842190016,0.5367686527106817,
72,9.916800858829845,6.910896403650026,18.411164787976382,6.850509930220075,51.301663982823406,0.9259259259259259,5.018786902844874,0.6642512077294686,
73,10.373054213633925,6.910896403650026,17.3040794417606,6.823671497584541,50.959473966720346,0.9259259259259259,5.018786902844874,1.6841116478797638,
74,10.681696188942565,6.78341384863124,18.317230273752013,6.823671497584541,50.516639828234034,0.9259259259259259,4.26731078904992,1.6841116478797638,
75,10.775630703166936,6.481481481481482,19.310252281266774,6.823671497584541,50.053676865271065,0.9259259259259259,3.9452495974235107,1.6841116478797638,
76,10.587761674718196,6.3137412775093935,18.800322061191626,6.796833064949007,50.986312399355874,0.9057971014492754,3.9318303811057436,1.6774020397208802,
77,10.59447128287708,6.3137412775093935,17.19001610305958,5.3274288781535155,50.44283413848631,0.9057971014492754,7.105475040257649,2.120236178207193,
78,10.768921095008052,5.407944176060118,17.136339237788512,6.910896403650026,49.69806763285024,0.8990874932903918,7.058507783145465,2.120236178207193,
79,11.057434245840042,5.394524959742351,17.11621041331186,6.89747718733226,49.483360171765966,0.8990874932903918,7.03166935050993,2.120236178207193,
80,11.158078368223295,5.367686527106817,17.06924315619968,6.89747718733226,48.96672034353194,1.3888888888888888,7.03166935050993,2.120236178207193,
81,8.964036500268385,4.260601180891036,11.963231347289318,6.89747718733226,61.58749329039184,0.785024154589372,3.549382716049383,1.9927536231884058,
82,9.272678475577026,4.260601180891036,11.929683306494901,7.434245840042942,60.78234031132582,0.785024154589372,3.549382716049383,1.9860440150295222,
83,9.75577026301664,4.247181964573269,11.701556629092861,7.434245840042942,60.581052066559316,0.785024154589372,3.535963499731616,1.9592055823939882,
84,10.205314009661835,4.240472356414386,11.60762211486849,7.4006977992485234,60.178475577026305,0.785024154589372,3.5091250670960816,2.073268921095008,
85,10.433440687063875,4.1532474503489,11.533816425120772,7.326892109500805,59.49409554482018,1.4761137949543746,3.5091250670960816,2.073268921095008,
86,10.742082662372518,4.1532474503489,10.829307568438002,7.273215244229737,59.272678475577024,2.314814814814815,3.3413848631239937,2.073268921095008,
87,10.929951690821255,4.1532474503489,10.809178743961352,7.273215244229737,59.11164787976382,2.314814814814815,3.33467525496511,2.073268921095008,
88,11.037305421363392,4.05931293612453,10.782340311325818,8.3467525496511,58.393719806763286,2.0799785292538915,3.227321524422974,2.073268921095008,
89,11.366076221148685,4.03918411164788,10.742082662372518,8.3064949006978,57.7361782071927,2.0799785292538915,3.227321524422974,2.5026838432635534,
90,10.909822866344605,3.6634460547504024,14.573268921095009,7.991143317230274,55.54884594739667,2.0397208803005906,3.227321524422974,2.046430488459474,
91,10.7085346215781,3.3413848631239937,14.036500268384327,7.971014492753623,56.635802469135804,2.0397208803005906,3.2206119162640903,2.046430488459474,
92,10.869565217391305,3.33467525496511,14.023081052066559,7.924047235641439,56.56199677938808,2.0397208803005906,3.2004830917874396,2.046430488459474,
93,11.171497584541063,3.3145464304884595,13.882179280730005,7.9106280193236715,56.434514224369295,2.0397208803005906,3.2004830917874396,2.046430488459474,
94,11.486849168008588,3.3145464304884595,13.788244766505636,7.809983896940419,56.22651637144391,2.0397208803005906,3.2004830917874396,2.13365539452496,
95,11.869296833064949,3.294417606011809,13.687600644122384,7.7831454643048845,55.89103596349973,2.15378421900161,3.1870638754696725,2.13365539452496,
96,12.090713902308105,3.294417606011809,13.66076221148685,7.763016639828234,55.73000536768653,2.15378421900161,3.1736446591519054,2.13365539452496,
97,10.359634997316157,2.985775630703167,11.761943102522812,7.340311325818572,60.487117552334944,2.15378421900161,3.1736446591519054,1.737788513150832,
98,10.802469135802468,2.9388083735909825,11.735104669887278,7.340311325818572,60.138217928073,2.15378421900161,3.1736446591519054,1.7176596886741815,
99,10.896403650026839,2.9052603327965647,15.297906602254429,7.340311325818572,56.38083735909823,2.2879763821792807,3.1736446591519054,1.7176596886741815,
100,11.137949543746645,2.9052603327965647,15.197262479871176,7.340311325818572,56.28019323671498,2.254428341384863,3.1736446591519054,1.710950080515298,
101,11.52710681696189,2.9052603327965647,15.069779924852389,7.326892109500805,55.119431025228124,2.187332259796028,3.1736446591519054,2.690552871712292,
102,10.48040794417606,2.9052603327965647,12.171229200214707,7.7898550724637685,59.11835748792271,2.15378421900161,3.1736446591519054,2.2074610842726785,
103,10.681696188942565,2.898550724637681,12.171229200214707,7.7898550724637685,58.8768115942029,2.214170692431562,3.1602254428341383,2.2074610842726785,
104,10.762211486849168,2.898550724637681,12.151100375738057,7.7898550724637685,57.950885668276975,3.099838969404187,3.1468062265163717,2.200751476113795,
105,11.144659151905529,2.898550724637681,12.104133118625873,7.75630703166935,57.66237251744498,3.0864197530864197,3.1468062265163717,2.200751476113795,
106,11.238593666129898,2.8650026838432634,12.057165861513688,7.39398819108964,56.052066559312934,4.656468062265164,3.1468062265163717,2.589908749329039,
107,10.064412238325282,2.771068169618894,7.669082125603865,7.105475040257649,61.77536231884058,4.502147074610843,4.05931293612453,2.0531400966183573,
108,10.420021470746109,2.771068169618894,7.669082125603865,7.098765432098766,60.73537305421363,4.609500805152979,4.025764895330113,2.6704240472356413,
109,10.748792270531402,2.7442297369833604,7.6556629092860975,7.085346215780999,60.48040794417606,4.5960815888352125,4.019055287171229,2.6704240472356413,
110,10.312667740203972,2.7442297369833604,7.051798174986581,7.065217391304348,61.58749329039184,4.5960815888352125,3.9855072463768115,2.657004830917874,
111,10.077831454643048,2.657004830917874,6.951154052603328,7.39398819108964,62.40606548577563,4.683306494900698,3.9720880300590444,1.8585614600107354,
112,10.406602254428341,2.6435856146001075,6.91760601180891,7.353730542136339,62.164519592055825,4.683306494900698,3.9720880300590444,1.8585614600107354,
113,10.755501878690284,2.6435856146001075,6.91760601180891,7.340311325818572,61.8894256575416,4.622920021470746,3.9720880300590444,1.8585614600107354,
114,10.896403650026839,2.623456790123457,6.884057971014493,8.984165324745035,60.20531400966183,4.622920021470746,3.9720880300590444,1.8115942028985508,
115,11.245303274288782,2.623456790123457,6.884057971014493,8.923778851315083,59.96376811594203,4.609500805152979,3.938539989264627,1.8115942028985508,
116,9.433709071390231,2.61003757380569,5.595813204508857,7.628824476650563,65.53945249597423,4.4820182501341925,3.5292538915727323,1.1808910359634996,
117,9.541062801932368,2.61003757380569,5.5689747718733225,7.628824476650563,65.45893719806763,4.4820182501341925,3.5292538915727323,1.1808910359634996,
118,9.789318303811058,2.61003757380569,5.233494363929147,7.481213097155126,64.88191089640365,5.428073000536768,3.3950617283950617,1.1808910359634996,
119,9.936929683306495,2.61003757380569,4.931561996779388,7.467793880837359,63.747987117552334,5.428073000536768,4.830917874396135,1.0466988727858293,
120,10.299248523886206,2.61003757380569,4.891304347826087,7.4006977992485234,63.56682769726248,5.35426731078905,4.830917874396135,1.0466988727858293,
121,10.72866344605475,2.61003757380569,4.891304347826087,7.326892109500805,62.27187332259796,5.35426731078905,4.830917874396135,1.9860440150295222,
122,11.18491680085883,2.5966183574879227,4.884594739667204,7.27992485238862,61.9699409554482,5.267042404723564,4.830917874396135,1.9860440150295222,
123,11.513687600644122,2.5966183574879227,4.871175523349437,7.333601717659689,61.62775093934514,5.267042404723564,4.817498658078368,1.9726247987117553,
124,11.057434245840042,2.2074610842726785,3.864734299516908,7.4208266237251745,57.17257112184648,4.958400429414922,11.345947396672035,1.9726247987117553,
125,11.258722490606548,2.1604938271604937,3.864734299516908,7.521470746108427,56.86392914653784,5.018786902844874,11.345947396672035,1.9659151905528718,
126,11.466720343531938,2.147074610842727,3.864734299516908,7.521470746108427,56.72973698336017,5.018786902844874,11.292270531400966,1.9592055823939882,
127,11.634460547504025,2.147074610842727,3.851315083199141,7.494632313472893,56.60896403650027,5.01207729468599,11.292270531400966,1.9592055823939882,
128,12.010198604401502,2.147074610842727,3.8311862587224907,7.494632313472893,56.387546967257116,4.931561996779388,11.238593666129898,1.9592055823939882,
129,11.963231347289318,2.147074610842727,6.052066559312936,7.494632313472893,55.28717122920021,4.931561996779388,10.165056360708535,1.9592055823939882,
130,12.332259796027913,2.1068169618894257,6.025228126677402,7.461084272678476,53.90499194847021,6.219806763285024,9.990606548577563,1.9592055823939882,
131,12.546967257112184,2.1068169618894257,6.025228126677402,7.454374664519592,53.76409017713365,6.172839506172839,9.970477724100913,1.9592055823939882,
132,12.902576489533011,2.1068169618894257,6.018518518518518,7.4208266237251745,53.62989801395599,6.0587761674718195,9.916800858829845,1.9457863660762211,
133,13.030059044551798,2.1068169618894257,6.018518518518518,7.407407407407407,53.515834675254965,6.0587761674718195,9.916800858829845,1.9457863660762211,
134,13.278314546430488,2.1068169618894257,5.984970477724101,7.4006977992485234,53.22061191626409,6.031937734836285,9.883252818035427,2.0933977455716586,
135,12.788513150831992,2.086688137412775,15.123456790123457,6.816961889425658,43.46484165324745,8.004562533548041,9.829575952764358,1.8853998926462694,
136,13.09044551798175,2.086688137412775,15.11003757380569,6.816961889425658,43.23000536768653,7.997852925389157,9.782608695652174,1.8853998926462694,
137,13.43263553408481,2.086688137412775,15.11003757380569,6.709608158883521,43.08910359634997,7.9039184111647875,9.782608695652174,1.8853998926462694,
138,13.7211486849168,1.6505636070853462,14.9020397208803,7.937466451959206,42.70665593129361,7.4141170155662905,9.782608695652174,1.8853998926462694,
139,13.989533011272142,1.6505636070853462,14.828234031132581,7.930756843800322,42.53220611916264,7.481213097155126,9.702093397745571,1.8853998926462694,
140,14.318303811057435,1.6505636070853462,14.76784755770263,7.930756843800322,42.3443370907139,7.427536231884058,9.702093397745571,1.8585614600107354,
141,14.875201288244767,1.6237251744498122,14.727589908749328,7.836822329575953,42.11621041331186,7.407407407407407,9.581320450885668,1.8317230273752012,
142,15.203972088030058,1.6237251744498122,14.680622651637144,7.75630703166935,41.97530864197531,7.407407407407407,9.520933977455716,1.8317230273752012,
143,15.45222758990875,1.6103059581320451,14.660493827160494,7.75630703166935,41.83440687063875,7.353730542136339,9.500805152979066,1.8317230273752012,
144,15.646806226516372,1.6103059581320451,14.620236178207193,7.702630166398282,41.74718196457327,7.340311325818572,9.500805152979066,1.8317230273752012,
145,15.841384863123993,1.6103059581320451,14.573268921095009,7.675791733762749,41.5727321524423,7.440955448201825,9.453837895866881,1.8317230273752012,
146,15.982286634460548,1.6103059581320451,14.55984970477724,7.675791733762749,41.35131508319914,7.427536231884058,9.447128287707997,1.9457863660762211,
147,13.768115942028986,1.6103059581320451,14.38539989264627,6.468062265163715,45.088566827697264,7.353730542136339,9.426999463231347,1.8988191089640365,
148,13.875469672571121,1.6103059581320451,14.378690284487385,6.468062265163715,44.99463231347289,7.4208266237251745,9.386741814278047,1.865271068169619,
149,13.647342995169081,0.8655394524959742,14.325013419216317,4.575952764358561,48.22195383789587,7.085346215780999,9.41358024691358,1.865271068169619,
150,12.533548040794418,0.8588298443370908,11.553945249597424,4.488727858293076,53.40177133655394,6.159420289855072,9.292807300053678,1.710950080515298,
151,9.856414385399892,0.1878690284487386,26.462694578636608,2.8784219001610305,44.56521739130435,5.615942028985507,9.178743961352657,1.1205045625335481,0.13419216317767044
152,10.171765968867419,0.1878690284487386,26.308373590982285,2.844873859366613,44.37734836285561,5.4616210413311865,9.39345142243693,1.1205045625335481,0.13419216317767044
153,10.46027911969941,0.1878690284487386,26.120504562533547,2.844873859366613,44.18276972624799,5.441492216854535,9.373322597960279,1.1205045625335481,0.2683843263553409
154,10.681696188942565,0.1878690284487386,26.06682769726248,2.844873859366613,43.223295759527645,5.307300053676865,9.29951690821256,2.120236178207193,0.2683843263553409
155,9.71551261406334,0.1878690284487386,25.946054750402578,2.522812667740204,40.633387010198604,5.307300053676865,13.325281803542673,2.0933977455716586,0.2683843263553409
156,10.037573805689748,0.1878690284487386,25.87895866881374,2.522812667740204,40.49248523886205,5.22007514761138,13.298443370907139,2.0933977455716586,0.2683843263553409
157,10.339506172839506,0.1878690284487386,25.5300590445518,2.522812667740204,40.33816425120773,5.199946323134729,13.298443370907139,2.059849704777241,0.5233494363929146
158,10.61460010735373,0.1878690284487386,25.469672571121848,2.522812667740204,40.25764895330113,5.173107890499195,13.197799248523886,2.0531400966183573,0.5233494363929146
159,11.003757380568974,0.1878690284487386,25.44283413848631,2.522812667740204,39.452495974235106,5.173107890499195,13.123993558776167,2.5697799248523885,0.5233494363929146
160,11.460010735373054,0.1878690284487386,25.369028448738593,2.522812667740204,39.16398282340311,5.173107890499195,13.030059044551798,2.5697799248523885,0.5233494363929146
161,11.77536231884058,0.16774020397208803,25.147611379495437,2.522812667740204,38.94927536231884,6.340579710144928,11.916264090177133,2.5697799248523885,0.6105743424584005
162,12.090713902308105,0.16774020397208803,25.0805152979066,2.5026838432635534,38.768115942028984,6.300322061191626,11.916264090177133,2.563070316693505,0.6105743424584005
163,12.439613526570048,0.16774020397208803,24.973161567364468,3.898282340311326,37.855609232420825,5.797101449275362,11.701556629092861,2.5563607085346214,0.6105743424584005
164,11.81561996779388,0.16774020397208803,23.879495437466453,4.502147074610843,39.38539989264627,5.756843800322061,11.701556629092861,2.1806226516371443,0.6105743424584005
165,12.144390767579173,0.16774020397208803,23.79898013955985,4.435050993022007,39.130434782608695,5.743424584004294,11.701556629092861,2.26784755770263,0.6105743424584005
166,12.352388620504563,0.16774020397208803,23.66478797638218,4.414922168545357,38.989533011272144,5.743424584004294,11.647879763821793,2.408749329039184,0.6105743424584005
167,12.567096081588835,0.16774020397208803,23.63123993558776,4.414922168545357,38.539989264626946,5.743424584004294,11.647879763821793,2.677133655394525,0.6105743424584005
168,12.949543746645196,0.16774020397208803,24.84567901234568,3.911701556629093,38.217928073000536,5.515297906602254,11.064143853998926,2.61003757380569,0.7179280730005367
169,13.103864734299517,0.16774020397208803,22.73215244229737,3.549382716049383,38.12399355877617,5.515297906602254,13.486312399355878,2.6033279656468062,0.7179280730005367
170,12.5402576489533,0.16774020397208803,20.356951154052602,3.549382716049383,42.37788513150832,5.273752012882448,12.607353730542137,2.5429414922168547,0.5837359098228664
171,12.795222758990874,0.16774020397208803,20.79307568438003,3.374932903918411,42.1430488459474,5.3341384863123995,12.29200214707461,2.5429414922168547,0.5568974771873323
172,13.023349436392914,0.16774020397208803,20.759527643585614,3.3480944712828773,42.03569511540526,5.3341384863123995,12.23161567364466,2.5429414922168547,0.5568974771873323
173,13.083735909822867,0.15432098765432098,19.504830917874397,3.3480944712828773,42.78717122920021,6.1862587224906065,11.869296833064949,2.536231884057971,0.5300590445517982
174,13.66076221148685,0.15432098765432098,19.404186795491142,3.321256038647343,42.48523886205046,6.166129898013956,11.808910359634996,2.5026838432635534,0.49651100375738055
175,13.996242619431026,0.15432098765432098,19.35721953837896,3.294417606011809,42.2638217928073,6.125872249060655,11.808910359634996,2.5026838432635534,0.49651100375738055
176,14.40552871712292,0.15432098765432098,19.310252281266774,3.2675791733762747,41.96188942565754,6.125872249060655,11.77536231884058,2.5026838432635534,0.49651100375738055
177,14.55984970477724,0.14761137949543746,19.256575415995705,3.260869565217391,41.6532474503489,6.226516371443908,11.768652710681696,2.6301663982823404,0.49651100375738055
178,14.707461084272678,0.14761137949543746,19.189479334406872,3.260869565217391,41.57944176060118,6.219806763285024,11.768652710681696,2.6301663982823404,0.49651100375738055
179,14.667203435319378,0.14761137949543746,18.9747718733226,3.2474503488996245,43.05555555555556,5.186527106816962,11.728395061728396,2.6301663982823404,0.36231884057971014
180,15.324745034889963,0.14090177133655393,18.887546967257112,3.2474503488996245,42.67981749865808,5.179817498658078,11.627750939345143,2.5496511003757383,0.36231884057971014
181,15.653515834675256,0.14090177133655393,18.780193236714975,3.2474503488996245,42.42485238862051,5.139559849704777,11.574074074074074,2.703972088030059,0.33548040794417605
182,16.445249597423512,0.14090177133655393,18.256843800322063,3.2474503488996245,41.95517981749866,5.139559849704777,11.473429951690822,3.0059044551798175,0.33548040794417605
183,16.686795491143318,0.14090177133655393,18.183038110574344,3.240740740740741,41.659957058507786,5.132850241545894,11.473429951690822,3.1468062265163717,0.33548040794417605
184,16.928341384863124,0.14090177133655393,18.17632850241546,3.2340311325818574,41.4922168545357,5.12614063338701,11.419753086419753,3.1468062265163717,0.33548040794417605
185,17.236983360171767,0.14090177133655393,18.16290928609769,3.193773483628556,41.26409017713365,5.12614063338701,11.392914653784219,3.1468062265163717,0.33548040794417605
186,17.64626945786366,0.14090177133655393,18.109232420826622,3.193773483628556,40.88835212023618,5.12614063338701,11.366076221148685,3.193773483628556,0.33548040794417605
187,18.035426731078903,0.14090177133655393,17.907944176060116,3.193773483628556,40.74074074074074,5.12614063338701,11.325818572195384,3.193773483628556,0.33548040794417605
188,18.33064949006978,0.14090177133655393,17.780461621041333,3.1602254428341383,40.50590445517982,5.260332796564681,11.312399355877616,3.1736446591519054,0.33548040794417605
189,18.51851851851852,0.14090177133655393,17.767042404723565,3.1602254428341383,40.445517981749866,5.253623188405797,11.20504562533548,3.1736446591519054,0.33548040794417605
190,18.706387546967257,0.14090177133655393,17.64626945786366,3.1602254428341383,40.284487385936664,5.233494363929147,11.20504562533548,3.2877079978529253,0.33548040794417605
191,18.84728931830381,0.14090177133655393,17.612721417069242,3.1602254428341383,40.25093934514224,5.233494363929147,11.137949543746645,3.280998389694042,0.33548040794417605
192,19.102254428341386,0.14090177133655393,17.49194847020934,3.1065485775630703,40.19726247987118,5.233494363929147,11.11111111111111,3.280998389694042,0.33548040794417605
193,19.444444444444443,0.14090177133655393,17.45169082125604,3.1065485775630703,39.982555018786904,5.2066559312936125,11.05072463768116,3.280998389694042,0.33548040794417605
194,19.659151905528716,0.14090177133655393,17.438271604938272,3.079710144927536,39.85507246376812,5.2066559312936125,11.017176596886742,3.2675791733762747,0.33548040794417605
195,19.81347289318304,0.14090177133655393,17.411433172302736,3.046162104133119,39.69404186795491,5.307300053676865,10.983628556092324,3.2675791733762747,0.33548040794417605
196,19.41760601180891,0.14090177133655393,16.0829307568438,3.046162104133119,41.82769726247987,5.059044551798175,10.82259796027912,3.2675791733762747,0.33548040794417605
197,18.867418142780462,0.14090177133655393,15.499194847020934,2.657004830917874,41.41170155662909,4.931561996779388,12.902576489533011,3.2541599570585076,0.33548040794417605
198,19.14922168545357,0.14090177133655393,15.499194847020934,2.6301663982823404,41.0829307568438,4.931561996779388,12.86231884057971,3.3682232957595275,0.33548040794417605
199,19.545088566827697,0.14090177133655393,15.324745034889963,2.6167471819645733,40.80112721417069,5.213365539452496,12.674449812130971,3.3480944712828773,0.33548040794417605
200,19.77992485238862,0.13419216317767044,15.28448738593666,2.6167471819645733,40.673644659151904,5.213365539452496,12.614063338701019,3.3480944712828773,0.33548040794417605
201,19.98792270531401,0.13419216317767044,15.418679549114332,2.589908749329039,40.58641975308642,5.065754159957058,12.560386473429952,3.321256038647343,0.33548040794417605
202,20.088566827697264,0.13419216317767044,15.143585614600108,2.703972088030059,40.49248523886205,5.293880837359098,12.486580783682234,3.321256038647343,0.33548040794417605
203,20.40391841116479,0.13419216317767044,15.116747181964573,2.6972624798711755,40.25093934514224,5.287171229200215,12.453032742887816,3.321256038647343,0.33548040794417605
204,20.618625872249062,0.13419216317767044,14.982555018786902,4.005636070853462,38.94927536231884,5.24020397208803,12.412775093934513,3.321256038647343,0.33548040794417605
205,20.8870101986044,0.13419216317767044,14.861782071927,4.005636070853462,38.848631239935585,5.233494363929147,12.372517444981213,3.321256038647343,0.33548040794417605
206,20.994363929146537,0.13419216317767044,14.861782071927,4.005636070853462,38.75469672571122,5.233494363929147,12.359098228663447,3.321256038647343,0.33548040794417605
207,20.538110574342458,0.13419216317767044,14.848362855609233,4.005636070853462,37.996511003757384,5.233494363929147,14.170692431561998,2.737520128824477,0.33548040794417605
208,20.799785292538918,0.13419216317767044,14.848362855609233,3.9989264626945786,37.80864197530864,5.233494363929147,14.143853998926463,2.6972624798711755,0.33548040794417605
209,21.20907139023081,0.13419216317767044,14.78797638217928,3.9989264626945786,37.56038647342995,5.233494363929147,14.049919484702093,2.690552871712292,0.33548040794417605
210,21.477455716586153,0.13419216317767044,14.76784755770263,3.9989264626945786,37.446323134728935,5.22007514761138,13.94927536231884,2.6704240472356413,0.33548040794417605
211,21.76596886741814,0.13419216317767044,14.720880300590446,3.9989264626945786,37.32555018786903,5.186527106816962,13.882179280730005,2.6502952227589907,0.33548040794417605
212,21.960547504025765,0.13419216317767044,14.626945786366075,3.9049919484702094,36.922973698336016,5.139559849704777,13.83521202361782,3.1468062265163717,0.32877079978529256
213,22.14170692431562,0.13419216317767044,14.579978529253891,3.8848631239935587,36.81561996779388,5.139559849704777,13.828502415458937,3.1468062265163717,0.32877079978529256
214,22.50402576489533,0.13419216317767044,14.55984970477724,3.851315083199141,36.61433172302738,5.072463768115942,13.808373590982287,3.126677402039721,0.32877079978529256
215,22.685185185185187,0.13419216317767044,14.53972088030059,3.8378958668813743,36.33252818035427,5.072463768115942,13.781535158346752,3.2877079978529253,0.32877079978529256
216,22.899892646269457,0.13419216317767044,14.533011272141707,3.8378958668813743,36.18491680085883,5.038915727321524,13.754696725711218,3.2877079978529253,0.32877079978529256
217,23.30246913580247,0.13419216317767044,14.36527106816962,3.7775093934514223,36.08427267847558,5.038915727321524,13.727858293075684,3.240740740740741,0.32877079978529256
218,23.356146001073537,0.13419216317767044,14.325013419216317,3.7775093934514223,35.79575952764358,5.038915727321524,14.345142243692969,2.898550724637681,0.32877079978529256
219,23.013955984970476,0.12077294685990338,15.70048309178744,3.7775093934514223,34.82957595276436,5.038915727321524,14.31159420289855,2.8918411164787976,0.3153515834675255
220,23.450080515297905,0.12077294685990338,15.640096618357488,3.743961352657005,34.5679012345679,5.038915727321524,14.231078904991948,2.8918411164787976,0.3153515834675255
221,23.544015029522274,0.12077294685990338,15.640096618357488,3.683574879227053,34.39345142243693,5.24020397208803,14.197530864197532,2.8650026838432634,0.3153515834675255
222,23.637949543746647,0.12077294685990338,15.237520128824476,3.6634460547504024,34.245840042941495,5.314009661835748,14.600107353730541,2.8650026838432634,0.3153515834675255
223,23.946591519055286,0.12077294685990338,15.177133655394526,3.6500268384326353,34.07139023081052,5.475040257648954,14.378690284487385,2.8650026838432634,0.3153515834675255
224,24.168008588298445,0.12077294685990338,15.157004830917874,3.81105743424584,33.80971551261406,5.401234567901234,14.36527106816962,2.8515834675254963,0.3153515834675255
225,24.56387546967257,0.12077294685990338,15.11003757380569,3.81105743424584,33.62855609232421,5.367686527106817,14.251207729468598,2.831454643048846,0.3153515834675255
226,24.785292538915726,0.12077294685990338,15.11003757380569,3.81105743424584,33.54804079441761,5.340848094471283,14.15727321524423,2.8113258185721954,0.3153515834675255
227,25.140901771336555,0.12077294685990338,15.103327965646805,3.8043478260869565,33.313204508856685,5.314009661835748,14.076757917337627,2.8113258185721954,0.3153515834675255
228,25.503220611916262,0.12077294685990338,15.096618357487923,3.7573805689747717,33.10520665593129,5.314009661835748,14.04320987654321,2.7442297369833604,0.3153515834675255
229,25.32206119162641,0.12077294685990338,16.72705314009662,3.878153515834675,31.655931293612454,5.260332796564681,13.976113794954374,2.7442297369833604,0.3153515834675255
230,25.53676865271068,0.12077294685990338,16.666666666666668,3.844605475040258,31.57541599570585,5.260332796564681,13.935856146001074,2.7442297369833604,0.3153515834675255
231,25.89908749329039,0.12077294685990338,16.49892646269458,3.8378958668813743,31.4345142243693,5.24020397208803,13.90901771336554,2.7442297369833604,0.3153515834675255
232,26.01315083199141,0.12077294685990338,16.411701556629094,3.9452495974235107,31.374127750939344,5.24020397208803,13.90901771336554,2.6704240472356413,0.3153515834675255
233,26.019860440150296,0.12077294685990338,16.371443907675793,3.9452495974235107,31.313741277509394,5.35426731078905,13.90901771336554,2.6502952227589907,0.3153515834675255
234,26.341921631776703,0.12077294685990338,16.317767042404725,3.9452495974235107,31.19296833064949,5.35426731078905,13.761406333870102,2.6502952227589907,0.3153515834675255
235,26.402308105206657,0.12077294685990338,16.069511540526033,4.502147074610843,30.897745571658614,5.347557702630167,13.741277509393452,2.6033279656468062,0.3153515834675255
236,26.798174986580783,0.12077294685990338,15.848094471282877,4.555823939881911,30.770263016639827,5.347557702630167,13.667471819645733,2.5966183574879227,0.2952227589908749
237,27.120236178207193,0.12077294685990338,15.801127214170693,4.522275899087493,30.555555555555557,5.340848094471283,13.654052603327965,2.589908749329039,0.2952227589908749
238,27.17391304347826,0.12077294685990338,15.801127214170693,4.522275899087493,30.52871712292002,5.340848094471283,13.627214170692431,2.589908749329039,0.2952227589908749
239,27.24771873322598,0.12077294685990338,15.774288781535159,4.522275899087493,30.50858829844337,5.3274288781535155,13.613794954374665,2.589908749329039,0.2952227589908749
240,27.395330112721417,0.12077294685990338,15.673644659151906,4.508856682769726,30.441492216854535,5.387815351583468,13.58695652173913,2.589908749329039,0.2952227589908749
241,27.556360708534623,0.12077294685990338,15.619967793880837,4.508856682769726,30.367686527106816,5.381105743424584,13.56682769726248,2.5831991411701556,0.2952227589908749
242,27.643585614600106,0.12077294685990338,15.619967793880837,4.508856682769726,30.320719269994633,5.381105743424584,13.539989264626946,2.5697799248523885,0.2952227589908749
243,27.791196994095547,0.12077294685990338,15.599838969404187,4.49543746645196,30.307300053676865,5.300590445517981,13.519860440150294,2.5697799248523885,0.2952227589908749
244,27.865002683843265,0.0939345142243693,15.559581320450885,4.4820182501341925,30.20665593129361,5.434782608695652,13.519860440150294,2.5429414922168547,0.2952227589908749
245,28.25415995705851,0.0939345142243693,15.485775630703166,4.468599033816425,30.01207729468599,5.434782608695652,13.425925925925926,2.5295222758990876,0.2952227589908749
246,27.911969940955448,0.0939345142243693,16.72705314009662,4.461889425657541,29.924852388620504,5.434782608695652,12.620772946859903,2.5295222758990876,0.2952227589908749
247,28.032742887815353,0.0939345142243693,16.70692431561997,4.461889425657541,29.837627482555018,5.434782608695652,12.607353730542137,2.5295222758990876,0.2952227589908749
248,28.488996242619432,0.0939345142243693,16.445249597423512,4.448470209339774,29.797369833601717,5.387815351583468,12.513419216317766,2.5295222758990876,0.2952227589908749
249,28.710413311862588,0.0939345142243693,16.404991948470208,4.394793344068707,29.770531400966185,5.387815351583468,12.446323134728932,2.49597423510467,0.2952227589908749
250,28.85131508319914,0.0939345142243693,16.163446054750402,4.374664519592056,29.736983360171767,5.374396135265701,12.446323134728932,2.6637144390767578,0.2952227589908749
251,28.468867418142782,0.0939345142243693,15.297906602254429,4.374664519592056,29.70343531937735,5.374396135265701,13.83521202361782,2.5563607085346214,0.2952227589908749
252,28.495705850778315,0.0939345142243693,15.257648953301127,4.367954911433173,29.394793344068706,5.609232420826624,13.962694578636608,2.522812667740204,0.2952227589908749
253,28.723832528180353,0.0939345142243693,15.230810520665592,4.367954911433173,29.25389157273215,5.58239398819109,13.942565754159958,2.509393451422437,0.2952227589908749
254,28.73725174449812,0.0939345142243693,15.197262479871176,4.334406870638754,28.965378421900162,5.938003220611916,13.808373590982287,2.6301663982823404,0.2952227589908749
255,28.535963499731615,0.0939345142243693,16.75389157273215,4.575952764358561,27.871712292002147,5.522007514761138,13.727858293075684,2.623456790123457,0.2952227589908749
256,28.75738056897477,0.0939345142243693,16.686795491143318,4.562533548040794,27.75764895330113,5.522007514761138,13.70101986044015,2.623456790123457,0.2952227589908749
257,28.904991948470208,0.0939345142243693,16.6532474503489,4.562533548040794,27.677133655394524,5.515297906602254,13.6808910359635,2.623456790123457,0.2885131508319914
258,29.11969940955448,0.0939345142243693,16.6532474503489,4.562533548040794,27.469135802469136,5.515297906602254,13.6808910359635,2.6167471819645733,0.2885131508319914
259,29.139828234031132,0.0939345142243693,16.6129898013956,4.508856682769726,27.200751476113794,6.367418142780462,13.177670424047236,2.61003757380569,0.2885131508319914
