,45,50,52,55,53,51,54,56,57
0,91.88137412775095,8.11862587224906,,,,,,,
1,87.1376811594203,12.86231884057971,,,,,,,
2,86.02388620504563,12.674449812130971,0.7514761137949544,0.5501878690284487,,,,,
3,85.72866344605475,12.983091787439614,0.7380568974771873,0.4092860976918948,0.14090177133655393,,,,
4,85.56763285024155,13.144122383252817,0.7380568974771873,0.4092860976918948,0.14090177133655393,,,,
5,84.40016103059581,14.325013419216317,0.7246376811594203,0.4092860976918948,0.14090177133655393,,,,
6,70.35695115405261,27.76435856146001,0.7246376811594203,0.4092860976918948,0.14090177133655393,0.6038647342995169,,,
7,70.04159957058508,27.522812667740205,0.7246376811594203,0.4092860976918948,0.14090177133655393,1.1607622114868492,,,
8,68.25013419216317,29.441760601180892,0.7246376811594203,0.4092860976918948,0.14090177133655393,1.0332796564680622,,,
9,67.33762748255502,30.35426731078905,0.7246376811594203,0.4092860976918948,0.14090177133655393,1.0332796564680622,,,
10,64.573268921095,33.11862587224906,0.7246376811594203,0.4092860976918948,0.14090177133655393,1.0332796564680622,,,
11,64.7007514761138,32.991143317230275,0.7246376811594203,0.4092860976918948,0.14090177133655393,1.0332796564680622,,,
12,64.1304347826087,33.46081588835212,0.7246376811594203,0.5099302200751477,0.14090177133655393,1.0332796564680622,,,
13,56.98470209339774,40.66022544283414,0.7246376811594203,0.4562533548040794,0.14090177133655393,1.0332796564680622,,,
14,57.098765432098766,40.54616210413312,0.7246376811594203,0.4562533548040794,0.14090177133655393,1.0332796564680622,,,
15,55.743424584004295,36.38620504562534,0.7246376811594203,0.5636070853462157,0.14090177133655393,6.4412238325281805,,,
16,54.78395061728395,37.07058507783145,0.7246376811594203,0.5636070853462157,0.14090177133655393,6.716317767042405,,,
17,54.810789049919485,36.010466988727856,0.7246376811594203,0.5636070853462157,0.14090177133655393,6.716317767042405,1.0332796564680622,,
18,37.063875469672574,54.159957058507786,0.7246376811594203,0.5032206119162641,0.20799785292538917,6.3070316693505095,1.0332796564680622,,
19,37.0907139023081,53.9922168545357,0.7246376811594203,0.644122383252818,0.20799785292538917,6.3070316693505095,1.0332796564680622,,
20,37.0504562533548,53.4621578099839,1.1674718196457328,0.7716049382716049,0.20799785292538917,6.3070316693505095,1.0332796564680622,,
21,37.17122920021471,52.851583467525494,1.1674718196457328,0.7716049382716049,0.20799785292538917,6.266774020397209,1.5633387010198605,,
22,36.621041331186255,51.60359634997316,1.1674718196457328,0.9057971014492754,1.8719806763285025,6.266774020397209,1.5633387010198605,,
23,36.66800858829844,50.516639828234034,1.1674718196457328,1.9457863660762211,1.8719806763285025,6.266774020397209,1.5633387010198605,,
24,35.08454106280193,52.10010735373054,1.1674718196457328,1.9457863660762211,1.8719806763285025,6.266774020397209,1.5633387010198605,,
25,32.39398819108964,54.36124530327429,1.1876006441223832,1.9457863660762211,1.8719806763285025,6.6760601180891035,1.5633387010198605,,
26,32.1256038647343,54.629629629629626,1.1876006441223832,1.9457863660762211,1.8719806763285025,6.6760601180891035,1.5633387010198605,,
27,31.53515834675255,55.22007514761138,1.1876006441223832,1.9457863660762211,1.8719806763285025,6.6760601180891035,1.5633387010198605,,
28,31.608964036500268,54.099570585077835,2.24771873322598,1.9457863660762211,1.8719806763285025,6.662640901771336,1.5633387010198605,,
29,31.696188942565755,53.5426731078905,2.24771873322598,2.4154589371980677,1.8719806763285025,6.662640901771336,1.5633387010198605,,
30,31.414385399892645,52.32823403113258,2.2410091250670963,2.200751476113795,2.314814814814815,6.937734836285561,2.563070316693505,,
31,31.333870101986044,52.40874932903918,2.2410091250670963,2.200751476113795,2.314814814814815,6.937734836285561,2.563070316693505,,
32,31.36070853462158,51.80488459473967,2.2410091250670963,2.200751476113795,2.932098765432099,6.937734836285561,2.522812667740204,,
33,31.166129898013956,51.47611379495437,2.2410091250670963,2.2410091250670963,2.8650026838432634,6.810252281266774,3.2004830917874396,,
34,31.072195383789587,51.25469672571122,2.2410091250670963,2.462426194310252,2.8650026838432634,6.286902844873859,3.8177670424047236,,
35,31.072195383789587,51.09366612989801,2.2410091250670963,2.623456790123457,2.8650026838432634,6.286902844873859,3.8177670424047236,,
36,30.48845947396672,45.189210950080515,2.2410091250670963,2.999194847020934,2.757648953301127,13.667471819645733,2.657004830917874,,
37,30.52871712292002,45.17579173376275,2.2410091250670963,2.999194847020934,2.757648953301127,13.6406333870102,2.657004830917874,,
38,30.683038110574344,45.02147074610843,2.2410091250670963,2.999194847020934,2.757648953301127,13.6406333870102,2.657004830917874,,
39,30.783682232957595,44.920826623725176,2.2410091250670963,2.999194847020934,2.757648953301127,13.6406333870102,2.657004830917874,,
40,30.9447128287708,44.60547504025765,3.7372517444981215,2.999194847020934,2.24771873322598,12.962962962962964,2.5026838432635534,,
41,31.011808910359633,44.48470209339774,3.7372517444981215,2.9790660225442833,2.368491680085883,12.929414922168545,2.4892646269457863,,
42,31.186258722490606,42.62614063338701,6.018518518518518,2.5161030595813205,2.368491680085883,12.855609232420827,2.428878153515835,,
43,29.367954911433173,45.90713902308105,4.066022544283414,2.3349436392914655,1.7444981213097155,14.955716586151368,1.6237251744498122,,
44,29.461889425657542,45.330112721417066,5.059044551798175,2.3349436392914655,1.2345679012345678,14.955716586151368,1.6237251744498122,,
45,28.92512077294686,44.99463231347289,4.8443370907139025,2.442297369833602,1.221148684916801,15.94873859366613,1.6237251744498122,,
46,28.985507246376812,43.25684380032206,4.575952764358561,3.9855072463768115,1.6505636070853462,15.787707997852925,1.6237251744498122,0.13419216317767044,
47,29.280730005367687,42.961621041331185,4.636339237788513,4.253891572732153,1.6170155662909287,15.539452495974235,1.5767579173376274,0.13419216317767044,
48,29.32769726247987,42.941492216854535,4.636339237788513,4.253891572732153,1.6170155662909287,15.5126140633387,1.5767579173376274,0.13419216317767044,
49,28.891572732152444,43.39103596349973,4.636339237788513,4.3545356951154055,1.6170155662909287,15.398550724637682,1.5767579173376274,0.13419216317767044,
50,29.421631776704242,43.07568438003221,4.636339237788513,4.609500805152979,1.6170155662909287,14.928878153515834,1.5767579173376274,0.13419216317767044,
51,29.57595276435856,42.92807300053677,4.636339237788513,4.609500805152979,2.804616210413312,13.774825550187868,1.5365002683843263,0.13419216317767044,
52,30.152979066022546,42.40472356414385,4.428341384863124,4.575952764358561,2.804616210413312,13.714439076757918,1.7847557702630166,0.13419216317767044,
53,29.918142780461622,42.0222758990875,5.448201825013419,4.542404723564144,2.6972624798711755,13.553408480944713,1.6841116478797638,0.13419216317767044,
54,30.14626945786366,41.7740203972088,5.441492216854535,4.51556629092861,2.6972624798711755,13.526570048309178,1.7646269457863661,0.13419216317767044,
55,30.213365539452496,41.71363392377885,5.441492216854535,4.51556629092861,2.6972624798711755,13.519860440150294,1.7646269457863661,0.13419216317767044,
56,30.495169082125603,41.58615136876006,5.428073000536768,4.508856682769726,2.677133655394525,13.43263553408481,1.7646269457863661,0.10735373054213634,
57,30.83064949006978,41.324476650563604,5.428073000536768,4.49543746645196,2.6637144390767578,13.385668276972625,1.7646269457863661,0.10735373054213634,
58,30.803811057434245,40.94202898550725,5.139559849704777,4.609500805152979,2.717391304347826,13.79495437466452,1.8853998926462694,0.10735373054213634,
59,30.99838969404187,40.89506172839506,5.139559849704777,4.528985507246377,2.717391304347826,13.727858293075684,1.8853998926462694,0.10735373054213634,
60,31.21309715512614,40.64680622651637,5.0993022007514766,4.636339237788513,2.6972624798711755,13.714439076757918,1.8853998926462694,0.10735373054213634,
61,30.88432635534085,40.90177133655394,5.0791733762748255,4.5960815888352125,2.6972624798711755,13.714439076757918,2.01959205582394,0.10735373054213634,
62,30.555555555555557,41.26409017713365,5.065754159957058,4.5960815888352125,2.6972624798711755,13.694310252281268,2.01959205582394,0.10735373054213634,
63,29.884594739667204,39.98926462694579,5.065754159957058,4.5960815888352125,2.6972624798711755,15.68035426731079,1.9793344068706387,0.10735373054213634,
64,29.200214707461082,37.3792270531401,4.582662372517445,3.9855072463768115,2.690552871712292,20.679012345679013,1.3754696725711217,0.10735373054213634,
65,29.32769726247987,36.963231347289316,5.495169082125604,4.40150295222759,2.690552871712292,19.639023081052066,1.3754696725711217,0.10735373054213634,
66,29.69001610305958,36.7686527106817,5.421363392377885,4.40150295222759,2.690552871712292,19.545088566827697,1.3754696725711217,0.10735373054213634,
67,29.797369833601717,36.68813741277509,5.421363392377885,4.40150295222759,2.690552871712292,19.51825013419216,1.3754696725711217,0.10735373054213634,
68,29.723564143854,35.63472893183038,3.1870638754696725,4.079441760601181,6.474771873322598,19.41760601180891,1.3754696725711217,0.10735373054213634,
69,29.47530864197531,35.44685990338164,5.0791733762748255,3.8378958668813743,6.474771873322598,18.203166935050994,1.3754696725711217,0.10735373054213634,
70,29.790660225442835,35.16505636070853,5.0791733762748255,3.9452495974235107,6.474771873322598,18.06226516371444,1.3754696725711217,0.10735373054213634,
71,30.26033279656468,34.16532474503489,5.662909286097692,3.911701556629093,6.474771873322598,17.485238862050455,1.932367149758454,0.10735373054213634,
72,29.69001610305958,32.50805152979066,6.877348362855609,3.6768652710681695,7.4006977992485234,17.807300053676865,1.932367149758454,0.10735373054213634,
73,29.622920021470748,32.347020933977454,7.440955448201825,3.6768652710681695,6.843800322061192,18.02871712292002,1.932367149758454,0.10735373054213634,
74,29.73027375201288,32.33360171765969,7.440955448201825,3.6768652710681695,6.843800322061192,17.934782608695652,1.932367149758454,0.10735373054213634,
75,29.71014492753623,31.367418142780462,7.541599570585078,4.602791196994096,6.843800322061192,17.894524959742352,1.932367149758454,0.10735373054213634,
76,29.891304347826086,31.280193236714975,8.675523349436393,4.602791196994096,6.769994632313473,16.740472356414386,1.932367149758454,0.10735373054213634,
77,29.736983360171767,31.21309715512614,8.668813741277509,4.5893719806763285,6.662640901771336,15.895061728395062,3.2340311325818574,,
78,30.01207729468599,31.146001073537306,8.655394524959743,4.5893719806763285,6.662640901771336,15.70048309178744,3.2340311325818574,,
79,30.414653784219002,30.85077831454643,8.655394524959743,4.5893719806763285,6.662640901771336,15.593129361245303,3.2340311325818574,,
80,30.54213633923779,30.803811057434245,8.628556092324208,4.5893719806763285,6.635802469135802,15.566290928609769,3.2340311325818574,,
81,30.776972624798713,30.703166935050994,8.628556092324208,4.9718196457326895,6.635802469135802,15.049651100375739,3.2340311325818574,,
82,31.13929146537842,30.48845947396672,8.581588835212024,4.9651100375738055,6.635802469135802,14.989264626945786,3.2004830917874396,,
83,31.320450885668276,30.307300053676865,8.621846484165324,4.938271604938271,6.622383252818035,14.989264626945786,3.2004830917874396,,
84,31.4345142243693,30.213365539452496,8.621846484165324,4.938271604938271,6.602254428341385,14.989264626945786,3.2004830917874396,,
85,30.870907139023082,29.944981213097154,9.75577026301664,4.87788513150832,6.602254428341385,14.74771873322598,3.2004830917874396,,
86,30.931293612453032,29.944981213097154,9.75577026301664,4.87788513150832,6.575415995705851,14.714170692431562,3.2004830917874396,,
87,31.15271068169619,29.770531400966185,9.842995169082126,4.884594739667204,6.575415995705851,14.586688137412775,3.1870638754696725,,
88,29.985238862050455,32.2866344605475,9.695383789586689,4.884594739667204,6.152710681696189,13.808373590982287,3.1870638754696725,,
89,30.059044551798173,32.14573268921095,9.695383789586689,5.032206119162641,6.105743424584004,13.774825550187868,3.1870638754696725,,
90,30.475040257648953,32.038378958668815,9.588030059044552,4.998658078368224,6.052066559312936,13.7211486849168,3.126677402039721,,
91,30.636070853462158,31.95115405260333,9.561191626409018,4.998658078368224,6.052066559312936,13.674181427804616,3.126677402039721,,
92,30.750134192163177,31.944444444444443,9.534353193773484,4.9651100375738055,6.052066559312936,13.654052603327965,3.099838969404187,,
93,30.803811057434245,31.48148148148148,9.400161030595813,4.9651100375738055,6.052066559312936,14.197530864197532,3.099838969404187,,
94,30.938003220611915,31.414385399892645,9.380032206119163,4.931561996779388,6.045356951154052,14.036500268384327,3.2541599570585076,,
95,30.97826086956522,31.30703166935051,9.346484165324744,5.032206119162641,6.045356951154052,14.036500268384327,3.2541599570585076,,
96,31.146001073537306,31.219806763285025,9.31964573268921,5.032206119162641,6.018518518518518,14.009661835748792,3.2541599570585076,,
97,31.011808910359633,30.273752012882447,9.306226516371444,6.005099302200751,6.018518518518518,13.996242619431026,3.388352120236178,,
98,31.052066559312937,30.26033279656468,9.306226516371444,6.005099302200751,5.998389694041868,13.989533011272142,3.388352120236178,,
99,30.54884594739667,29.797369833601717,9.225711218464841,6.005099302200751,5.998389694041868,15.069779924852389,3.3548040794417604,,
100,30.911164787976382,29.602791196994094,9.084809447128288,5.991680085882985,5.998389694041868,15.056360708534621,3.3548040794417604,,
101,31.159420289855074,29.508856682769725,9.07139023081052,5.964841653247451,5.998389694041868,14.942297369833602,3.3548040794417604,,
102,31.233225979602793,29.455179817498657,9.07139023081052,5.964841653247451,5.998389694041868,14.942297369833602,3.33467525496511,,
103,31.42109500805153,29.522275899087493,9.057971014492754,5.9447128287707995,5.998389694041868,14.754428341384862,3.3011272141706924,,
104,31.488191089640367,29.394793344068706,9.03113258185722,5.870907139023081,5.998389694041868,14.754428341384862,3.4621578099838968,,
105,31.49490069779925,28.85131508319914,8.420558239398819,5.870907139023081,5.998389694041868,15.901771336553946,3.4621578099838968,,
106,30.669618894256576,29.99194847020934,8.219269994632313,5.870907139023081,5.991680085882985,15.821256038647343,3.435319377348363,,
107,30.763553408480945,30.079173376274827,8.192431561996779,5.870907139023081,5.971551261406334,15.780998389694043,3.3413848631239937,,
108,29.508856682769725,37.546967257112186,7.0450885668276975,5.273752012882448,5.9447128287707995,11.922973698336017,2.757648953301127,,
109,29.56924315619968,37.38593666129898,7.0450885668276975,5.273752012882448,5.9447128287707995,11.869296833064949,2.9119699409554483,,
110,26.120504562533547,41.47208803005905,6.367418142780462,5.522007514761138,5.904455179817498,11.701556629092861,2.9119699409554483,,
111,26.221148684916802,41.42512077294686,6.340579710144928,5.522007514761138,5.904455179817498,11.674718196457327,2.9119699409554483,,
112,25.986312399355878,41.14331723027375,7.6556629092860975,5.562265163714439,5.904455179817498,10.95679012345679,2.791196994095545,,
113,25.43612453032743,40.80112721417069,10.540794417606012,5.669618894256575,5.891035963499732,8.78287707997853,2.7509393451422435,,0.1274825550187869
114,25.120772946859905,40.17713365539453,10.540794417606012,6.608964036500268,5.891035963499732,8.78287707997853,2.7509393451422435,,0.1274825550187869
115,25.228126677402038,40.143585614600106,10.513955984970478,6.588835212023618,5.891035963499732,8.756038647342995,2.7509393451422435,,0.1274825550187869
116,25.167740203972087,40.04965110037574,10.50053676865271,6.588835212023618,5.870907139023081,8.735909822866345,2.9589371980676327,,0.1274825550187869
117,25.295222758990874,39.97584541062802,10.48040794417606,6.481481481481482,5.991680085882985,8.68894256575416,2.9589371980676327,,0.1274825550187869
118,25.348899624261943,39.92887815351583,10.48040794417606,6.481481481481482,5.984970477724101,8.68894256575416,2.9589371980676327,,0.1274825550187869
119,25.32206119162641,38.93585614600107,10.453569511540525,6.884057971014493,6.159420289855072,8.668813741277509,3.44873859366613,,0.1274825550187869
120,25.429414922168544,38.91572732152442,10.393183038110575,6.884057971014493,6.132581857219538,8.668813741277509,3.44873859366613,,0.1274825550187869
121,25.63070316693505,38.788244766505635,10.38647342995169,6.877348362855609,6.105743424584004,8.635265700483092,3.44873859366613,,0.1274825550187869
122,25.597155126140635,38.788244766505635,10.38647342995169,6.709608158883521,6.3137412775093935,8.628556092324208,3.44873859366613,,0.1274825550187869
123,25.731347289318304,38.781535158346756,10.258990874932904,6.709608158883521,6.3137412775093935,8.628556092324208,3.44873859366613,,0.1274825550187869
124,24.08749329039184,35.37305421363392,10.258990874932904,4.622920021470746,12.06387546967257,10.272410091250672,3.193773483628556,,0.1274825550187869
125,23.946591519055286,35.31266774020397,10.970209339774557,4.441760601180891,11.688137412775093,10.319377348362856,3.193773483628556,,0.1274825550187869
126,23.91304347826087,34.98389694041868,10.970209339774557,4.871175523349437,10.352925389157273,11.58749329039184,3.193773483628556,,0.1274825550187869
127,24.020397208803004,34.88325281803543,10.889694041867955,4.9718196457326895,10.352925389157273,11.560654857756306,3.193773483628556,,0.1274825550187869
128,24.04723564143854,34.86983360171766,10.889694041867955,4.9718196457326895,10.352925389157273,11.54723564143854,3.193773483628556,,0.1274825550187869
129,23.49033816425121,34.0378421900161,10.876274825550189,5.059044551798175,11.285560923242082,12.090713902308105,3.0327428878153517,,0.1274825550187869
130,22.57783145464305,34.044551798174986,11.81561996779388,5.059044551798175,11.486849168008588,11.936392914653783,2.952227589908749,,0.1274825550187869
131,22.906602254428343,33.78958668813741,11.788781535158346,5.038915727321524,11.466720343531938,11.929683306494901,2.952227589908749,,0.1274825550187869
132,23.07434245840043,33.641975308641975,11.735104669887278,5.159688674181428,11.379495437466453,11.929683306494901,2.952227589908749,,0.1274825550187869
133,23.275630703166936,33.60842726784756,11.735104669887278,5.112721417069243,11.379495437466453,11.916264090177133,2.844873859366613,,0.1274825550187869
134,23.26892109500805,33.340042941492214,11.728395061728396,5.0993022007514766,11.379495437466453,12.211486849168008,2.844873859366613,,0.1274825550187869
135,23.30246913580247,33.1857219538379,11.714975845410628,5.0993022007514766,11.372785829307569,12.352388620504563,2.844873859366613,,0.1274825550187869
136,23.429951690821255,33.15888352120236,11.647879763821793,4.99194847020934,11.480139559849706,12.318840579710145,2.844873859366613,,0.1274825550187869
137,23.57085346215781,33.01798174986581,11.540526033279656,4.985238862050457,11.480139559849706,12.318840579710145,2.844873859366613,,0.24154589371980675
138,23.68491680085883,33.01798174986581,11.540526033279656,4.9651100375738055,11.386205045625335,12.318840579710145,2.844873859366613,,0.24154589371980675
139,23.141438539989263,32.6556629092861,12.587224906065487,4.931561996779388,11.345947396672035,12.265163714439076,2.831454643048846,,0.24154589371980675
140,23.1682769726248,32.628824476650564,12.587224906065487,4.931561996779388,11.345947396672035,12.265163714439076,2.831454643048846,,0.24154589371980675
141,23.1682769726248,32.6154052603328,12.573805689747719,4.931561996779388,11.312399355877616,12.325550187869029,2.831454643048846,,0.24154589371980675
142,23.087761674718198,31.716317767042405,12.392646269457863,4.931561996779388,11.292270531400966,12.177938808373591,4.159957058507783,,0.24154589371980675
143,23.2085346215781,31.5150295222759,11.252012882447666,6.139291465378422,11.292270531400966,12.057165861513688,4.294149221685454,,0.24154589371980675
144,23.282340311325818,31.04535695115405,11.252012882447666,6.662640901771336,11.20504562533548,12.016908212560386,4.294149221685454,,0.24154589371980675
145,23.45679012345679,30.870907139023082,11.252012882447666,6.776704240472356,11.124530327428879,11.990069779924852,4.28743961352657,,0.24154589371980675
146,23.09447128287708,30.246913580246915,11.158078368223295,6.776704240472356,12.305421363392378,11.916264090177133,4.260601180891036,,0.24154589371980675
147,23.2487922705314,29.488727858293075,12.298711755233494,6.776704240472356,11.943102522812667,11.741814278046162,4.260601180891036,,0.24154589371980675
148,23.409822866344605,29.314278046162105,12.29200214707461,6.776704240472356,11.943102522812667,11.761943102522812,4.260601180891036,,0.24154589371980675
149,23.544015029522274,29.25389157273215,12.25174449812131,6.769994632313473,11.936392914653783,11.741814278046162,4.260601180891036,,0.24154589371980675
150,23.711755233494365,29.240472356414386,12.124261943102523,6.716317767042405,12.04374664519592,11.674718196457327,4.247181964573269,,0.24154589371980675
151,23.79898013955985,29.20692431561997,12.110842726784755,6.716317767042405,12.00348899624262,11.674718196457327,4.247181964573269,,0.24154589371980675
152,23.919753086419753,29.200214707461082,12.06387546967257,6.709608158883521,12.00348899624262,11.634460547504025,4.247181964573269,,0.2214170692431562
153,23.980139559849704,28.609769189479334,12.02361782071927,7.360440150295223,12.00348899624262,11.574074074074074,4.2270531400966185,,0.2214170692431562
154,23.51046698872786,27.95222758990875,12.788513150831992,8.091787439613526,11.634460547504025,11.574074074074074,4.2270531400966185,,0.2214170692431562
155,23.70504562533548,27.95222758990875,12.681159420289855,8.091787439613526,11.634460547504025,11.486849168008588,4.2270531400966185,,0.2214170692431562
156,23.839237788513152,27.750939345142243,12.5,8.064949006977992,11.922973698336017,11.486849168008588,4.213633923778851,,0.2214170692431562
157,24.14787976382179,27.697262479871174,12.305421363392378,7.950885668276973,11.976650563607086,11.486849168008588,4.213633923778851,,0.2214170692431562
158,24.27536231884058,27.58990874932904,12.68786902844874,7.950885668276973,11.976650563607086,11.460010735373054,3.8378958668813743,,0.2214170692431562
159,24.302200751476114,27.563070316693505,12.68786902844874,7.950885668276973,11.976650563607086,11.460010735373054,3.8378958668813743,,0.2214170692431562
160,24.93961352657005,27.200751476113794,12.533548040794418,8.071658615136876,11.849168008588299,11.3593666129898,3.824476650563607,,0.2214170692431562
161,25.187869028448738,26.67740203972088,12.533548040794418,8.53462157809984,11.77536231884058,11.258722490606548,3.81105743424584,,0.2214170692431562
162,25.55018786902845,26.362050456253353,12.533548040794418,8.487654320987655,11.77536231884058,11.258722490606548,3.81105743424584,,0.2214170692431562
163,25.637412775093935,26.288244766505635,12.694578636607622,8.487654320987655,11.66129898013956,11.258722490606548,3.750670960815888,,0.2214170692431562
164,25.83870101986044,26.160762211486848,12.681159420289855,8.474235104669887,11.641170155662909,11.238593666129898,3.743961352657005,,0.2214170692431562
165,26.019860440150296,26.10708534621578,12.674449812130971,8.460815888352121,11.641170155662909,11.16478797638218,3.7104133118625873,,0.2214170692431562
166,26.29495437466452,25.939345142243692,12.661030595813205,8.387010198604402,11.621041331186259,11.16478797638218,3.7104133118625873,,0.2214170692431562
167,26.1808910359635,25.603864734299517,12.593934514224369,8.460815888352121,11.621041331186259,11.627750939345143,3.6902844873859366,,0.2214170692431562
168,26.160762211486848,25.603864734299517,13.707729468599034,8.460815888352121,10.815888352120236,11.33923778851315,3.6902844873859366,,0.2214170692431562
169,26.281535158346752,25.597155126140635,13.526570048309178,8.59500805152979,10.815888352120236,11.272141706924316,3.6902844873859366,,0.2214170692431562
170,26.435856146001072,25.55018786902845,13.499731615673644,8.588298443370908,10.782340311325818,11.231884057971014,3.6902844873859366,,0.2214170692431562
171,26.516371443907676,25.51663982823403,13.506441223832528,8.581588835212024,10.782340311325818,11.18491680085883,3.6902844873859366,,0.2214170692431562
172,26.570048309178745,25.006709608158882,13.18438003220612,8.561460010735374,11.855877616747183,10.93666129898014,3.6634460547504024,,0.2214170692431562
173,26.798174986580783,24.97987117552335,13.18438003220612,8.561460010735374,11.735104669887278,10.856146001073537,3.6634460547504024,,0.2214170692431562
174,25.99302200751476,24.490069779924852,12.359098228663447,8.548040794417606,11.60762211486849,13.251476113794954,3.5292538915727323,,0.2214170692431562
175,26.207729468599034,24.362587224906065,12.298711755233494,8.548040794417606,11.580783682232958,13.251476113794954,3.5292538915727323,,0.2214170692431562
176,26.308373590982285,24.342458400429415,12.258454106280194,8.53462157809984,11.553945249597424,13.251476113794954,3.5292538915727323,,0.2214170692431562
177,26.670692431561996,24.14117015566291,12.177938808373591,8.521202361782072,11.553945249597424,13.18438003220612,3.5292538915727323,,0.2214170692431562
178,26.8317230273752,24.12104133118626,12.177938808373591,8.467525496511003,11.52710681696189,13.123993558776167,3.5292538915727323,,0.2214170692431562
179,27.026301663982824,24.040526033279658,11.990069779924852,8.467525496511003,11.627750939345143,13.097155126140633,3.5292538915727323,,0.2214170692431562
180,27.34836285560923,23.939881910896403,12.47987117552335,8.440687063875469,11.600912506709609,12.453032742887816,3.515834675254965,,0.2214170692431562
181,27.42216854535695,23.65136876006441,14.38539989264627,7.769726247987117,10.990338164251208,12.04374664519592,3.515834675254965,,0.2214170692431562
182,26.422436929683307,24.711486849168008,13.922436929683306,7.7361782071927,10.25228126677402,13.238056897477188,3.4957058507783145,,0.2214170692431562
183,26.69753086419753,24.671229200214707,13.714439076757918,7.7361782071927,10.25228126677402,13.211218464841654,3.4957058507783145,,0.2214170692431562
184,26.7914653784219,24.56387546967257,13.70101986044015,7.856951154052603,10.25228126677402,13.211218464841654,3.4017713365539453,,0.2214170692431562
185,26.690821256038646,24.54374664519592,13.754696725711218,7.749597423510467,10.25228126677402,13.41250670960816,3.374932903918411,,0.2214170692431562
186,26.81159420289855,24.530327428878152,13.754696725711218,7.749597423510467,10.218733225979603,13.345410628019323,3.3682232957595275,,0.2214170692431562
187,27.01959205582394,24.490069779924852,13.70101986044015,7.749597423510467,9.86983360171766,13.58695652173913,3.361513687600644,,0.2214170692431562
188,26.96591519055287,24.4699409554482,13.848631239935587,7.749597423510467,10.00402576489533,13.378958668813741,3.361513687600644,,0.2214170692431562
189,26.959205582393988,24.355877616747183,13.821792807300053,7.749597423510467,10.00402576489533,13.291733762748256,3.5963499731615673,,0.2214170692431562
190,27.147074610842726,24.315619967793882,13.821792807300053,7.695920558239399,9.96376811594203,13.238056897477188,3.5963499731615673,,0.2214170692431562
191,27.167203435319376,24.308910359634996,13.821792807300053,8.051529790660226,9.708803005904455,13.123993558776167,3.5963499731615673,,0.2214170692431562
192,27.355072463768117,24.20155662909286,13.768115942028986,8.024691358024691,9.708803005904455,13.123993558776167,3.5963499731615673,,0.2214170692431562
193,27.449006977992486,24.188137412775095,13.768115942028986,8.024691358024691,9.688674181427805,13.070316693505099,3.589640365002684,,0.2214170692431562
194,27.569779924852387,24.10762211486849,13.768115942028986,7.991143317230274,9.681964573268921,13.070316693505099,3.589640365002684,,0.2214170692431562
195,27.563070316693505,23.792270531400966,13.768115942028986,8.09849704777241,9.681964573268921,13.285024154589372,3.589640365002684,,0.2214170692431562
196,27.750939345142243,23.557434245840042,13.768115942028986,8.085077831454644,9.648416532474503,13.285024154589372,3.683574879227053,,0.2214170692431562
197,25.72463768115942,18.263553408480945,24.396135265700483,7.890499194847021,7.997852925389157,12.332259796027913,3.1870638754696725,,0.20799785292538917
198,25.811862587224905,18.256843800322063,24.362587224906065,7.890499194847021,7.997852925389157,12.318840579710145,3.1535158346752548,,0.20799785292538917
199,25.637412775093935,18.223295759527645,24.295491143317232,7.890499194847021,7.548309178743962,13.043478260869565,3.1535158346752548,,0.20799785292538917
200,25.87224906065486,18.035426731078903,24.194847020933977,7.669082125603865,7.877079978529254,12.99651100375738,3.1468062265163717,,0.20799785292538917
201,26.147342995169083,17.98174986580784,24.08749329039184,7.669082125603865,7.877079978529254,12.882447665056361,3.1468062265163717,,0.20799785292538917
202,26.516371443907676,17.975040257648953,23.859366612989803,7.669082125603865,7.85024154589372,12.795222758990874,3.1468062265163717,,0.1878690284487386
203,26.670692431561996,17.921363392377884,23.812399355877616,7.669082125603865,7.823403113258186,12.76838432635534,3.1468062265163717,,0.1878690284487386
204,26.986044015029524,17.914653784219002,23.55072463768116,7.669082125603865,7.823403113258186,12.754965110037574,3.113258185721954,,0.1878690284487386
205,27.059849704777243,17.8743961352657,23.53059581320451,7.669082125603865,7.823403113258186,12.741545893719806,3.113258185721954,,0.1878690284487386
206,27.200751476113794,17.76033279656468,23.503757380568974,7.669082125603865,7.823403113258186,12.741545893719806,3.113258185721954,,0.1878690284487386
207,26.476113794954376,18.552066559312937,23.43666129898014,7.669082125603865,7.823403113258186,12.741545893719806,3.113258185721954,,0.1878690284487386
208,26.918947933440688,18.397745571658614,23.369565217391305,7.454374664519592,7.823403113258186,12.734836285560924,3.113258185721954,,0.1878690284487386
209,26.82501341921632,17.941492216854535,23.349436392914654,7.541599570585078,7.816693505099302,12.734836285560924,3.603059581320451,,0.1878690284487386
210,26.818303811057433,17.894524959742352,23.027375201288244,7.541599570585078,8.07836822329576,12.734836285560924,3.603059581320451,,0.30193236714975846
211,26.992753623188406,17.894524959742352,22.926731078904993,7.541599570585078,8.071658615136876,12.667740203972087,3.603059581320451,,0.30193236714975846
212,26.160762211486848,17.860976918947934,21.578099838969404,5.5756843800322065,7.991143317230274,17.022275899087493,3.603059581320451,,0.20799785292538917
213,26.32850241545894,17.74020397208803,21.544551798174986,5.5756843800322065,7.991143317230274,17.008856682769725,3.603059581320451,,0.20799785292538917
214,26.301663982823403,17.62614063338701,21.806226516371442,5.555555555555555,7.924047235641439,16.97530864197531,3.603059581320451,,0.20799785292538917
215,26.382179280730007,17.58588298443371,21.786097691894792,5.535426731078905,7.924047235641439,16.97530864197531,3.603059581320451,,0.20799785292538917
216,26.46940418679549,17.58588298443371,21.74584004294149,5.495169082125604,7.924047235641439,16.820987654320987,3.750670960815888,,0.20799785292538917
217,26.630434782608695,17.49194847020934,21.732420826623724,5.481749865807837,8.071658615136876,16.774020397208805,3.6097691894793345,,0.20799785292538917
218,26.650563607085346,17.49194847020934,21.72571121846484,5.481749865807837,8.071658615136876,16.760601180891037,3.6097691894793345,,0.20799785292538917
219,26.818303811057433,17.45169082125604,21.712292002147073,5.475040257648954,7.977724100912507,16.74718196457327,3.6097691894793345,,0.20799785292538917
220,26.7914653784219,17.06924315619968,21.67874396135266,5.401234567901234,7.5281803542673105,16.659957058507782,4.663177670424047,,0.20799785292538917
221,26.99946323134729,17.028985507246375,21.631776704240472,5.401234567901234,7.48792270531401,16.57944176060118,4.663177670424047,,0.20799785292538917
222,27.106816961889425,16.961889425657542,21.497584541062803,5.401234567901234,7.48792270531401,16.552603327965645,4.663177670424047,,0.32877079978529256
223,25.5300590445518,19.11567364465915,20.79307568438003,5.401234567901234,7.078636607622115,17.122920021470748,4.62962962962963,,0.32877079978529256
224,25.657541599570585,18.96135265700483,20.725979602791195,5.401234567901234,7.071926999463232,17.102791196994094,4.750402576489533,,0.32877079978529256
225,25.785024154589372,18.92109500805153,20.578368223295758,5.35426731078905,7.058507783145465,17.08937198067633,4.750402576489533,0.13419216317767044,0.32877079978529256
226,25.89237788513151,18.92109500805153,20.578368223295758,5.35426731078905,7.058507783145465,17.002147074610843,4.730273752012883,0.13419216317767044,0.32877079978529256
227,25.885668276972623,18.753354804079443,20.551529790660226,5.615942028985507,7.058507783145465,17.002147074610843,4.669887278582931,0.13419216317767044,0.32877079978529256
228,26.100375738056897,18.679549114331724,20.417337627482556,5.615942028985507,7.058507783145465,16.99543746645196,4.669887278582931,0.13419216317767044,0.32877079978529256
229,26.194310252281266,18.63929146537842,20.40391841116479,5.609232420826624,7.058507783145465,16.961889425657542,4.669887278582931,0.13419216317767044,0.32877079978529256
230,26.247987117552334,18.63929146537842,20.40391841116479,5.60252281266774,7.058507783145465,16.921631776704242,4.663177670424047,0.13419216317767044,0.32877079978529256
231,26.32850241545894,18.63929146537842,20.39049919484702,5.60252281266774,7.058507783145465,16.854535695115406,4.663177670424047,0.13419216317767044,0.32877079978529256
232,26.1808910359635,19.082125603864736,20.29656468062265,5.60252281266774,7.011540526033279,16.7337627482555,4.62962962962963,0.13419216317767044,0.32877079978529256
233,26.1808910359635,19.082125603864736,20.29656468062265,5.60252281266774,7.011540526033279,16.7337627482555,4.62962962962963,0.13419216317767044,0.32877079978529256
234,26.73107890499195,18.840579710144926,20.182501341921633,5.60252281266774,7.011540526033279,16.53918411164788,4.62962962962963,0.13419216317767044,0.32877079978529256
235,26.764626945786365,18.699677938808374,20.148953301127214,5.60252281266774,7.011540526033279,16.680085882984432,4.62962962962963,0.13419216317767044,0.32877079978529256
236,26.912238325281802,18.699677938808374,20.001341921631777,5.60252281266774,7.011540526033279,16.680085882984432,4.62962962962963,0.13419216317767044,0.32877079978529256
237,26.979334406870638,18.612453032742888,19.719538378958667,5.475040257648954,7.917337627482555,16.210413311862588,4.622920021470746,0.13419216317767044,0.32877079978529256
238,27.03972088030059,18.612453032742888,19.692699946323135,5.441492216854535,7.917337627482555,16.210413311862588,4.622920021470746,0.13419216317767044,0.32877079978529256
239,27.455716586151368,18.250134192163177,19.51154052603328,5.387815351583468,7.843531937734836,16.17686527106817,4.911433172302737,0.13419216317767044,0.32877079978529256
240,27.80461621041331,18.129361245303276,19.45786366076221,5.267042404723564,7.809983896940419,16.170155662909288,4.898013955984971,0.13419216317767044,0.32877079978529256
241,27.925389157273216,18.129361245303276,19.410896403650028,5.246913580246914,7.763016639828234,16.163446054750402,4.898013955984971,0.13419216317767044,0.32877079978529256
242,28.093129361245303,18.06897477187332,19.350509930220074,5.246913580246914,7.749597423510467,15.94873859366613,5.005367686527107,0.20799785292538917,0.32877079978529256
243,27.885131508319915,17.92807300053677,19.652442297369834,5.615942028985507,7.803274288781535,15.640096618357488,5.005367686527107,0.14090177133655393,0.32877079978529256
244,27.891841116478798,17.800590445517983,19.652442297369834,5.736714975845411,7.803274288781535,15.640096618357488,5.005367686527107,0.14090177133655393,0.32877079978529256
245,28.361513687600645,17.746913580246915,19.632313472893184,5.730005367686527,7.6623725174449815,15.418679549114332,5.005367686527107,0.14090177133655393,0.30193236714975846
246,28.475577026301664,17.713365539452496,19.632313472893184,5.656199677938808,7.6623725174449815,15.411969940955448,5.005367686527107,0.14090177133655393,0.30193236714975846
247,28.710413311862588,17.62614063338701,19.598765432098766,5.656199677938808,7.648953301127214,15.331454643048845,4.985238862050457,0.14090177133655393,0.30193236714975846
248,28.348094471282877,17.310789049919485,20.02818035426731,5.542136339237788,7.581857219538379,15.210681696188942,5.535426731078905,0.14090177133655393,0.30193236714975846
249,28.368223295759528,17.290660225442835,20.02818035426731,5.542136339237788,7.581857219538379,15.123456790123457,5.622651637144391,0.14090177133655393,0.30193236714975846
250,28.18035426731079,17.290660225442835,19.77992485238862,5.542136339237788,8.017981749865807,15.11003757380569,5.535426731078905,0.24154589371980675,0.30193236714975846
251,28.361513687600645,17.102791196994094,18.605743424584006,5.414653784219001,8.192431561996779,14.962426194310252,6.884057971014493,0.17444981213097155,0.30193236714975846
252,28.488996242619432,17.05582393988191,18.605743424584006,5.414653784219001,8.192431561996779,14.88191089640365,6.884057971014493,0.17444981213097155,0.30193236714975846
253,28.395061728395063,16.686795491143318,18.59903381642512,5.414653784219001,8.11862587224906,14.694041867954912,7.615405260332796,0.17444981213097155,0.30193236714975846
254,28.650026838432634,16.59957058507783,18.55877616747182,5.414653784219001,8.105206655931294,14.640365002683843,7.555018786902845,0.17444981213097155,0.30193236714975846
255,28.891572732152444,16.586151368760063,18.47826086956522,5.394524959742351,8.051529790660226,14.640365002683843,7.481213097155126,0.17444981213097155,0.30193236714975846
256,29.13311862587225,16.532474503488995,18.391035963499732,5.394524959742351,8.051529790660226,14.55984970477724,7.461084272678476,0.17444981213097155,0.30193236714975846
257,29.240472356414386,16.532474503488995,18.471551261406333,5.347557702630167,7.98443370907139,14.492753623188406,7.454374664519592,0.17444981213097155,0.30193236714975846
258,28.67686527106817,16.438539989264626,18.230005367686527,5.46833064949007,9.151905528717123,14.432367149758454,7.125603864734299,0.17444981213097155,0.30193236714975846
259,28.75738056897477,16.411701556629094,18.21658615136876,5.4616210413311865,9.151905528717123,14.398819108964037,7.125603864734299,0.17444981213097155,0.30193236714975846
260,28.958668813741276,16.324476650563607,18.16290928609769,5.428073000536768,9.151905528717123,14.371980676328503,7.125603864734299,0.17444981213097155,0.30193236714975846
261,29.26731078904992,16.27079978529254,18.115942028985508,5.428073000536768,9.131776704240472,14.190821256038648,7.118894256575416,0.17444981213097155,0.30193236714975846
262,29.314278046162105,16.27079978529254,18.115942028985508,5.428073000536768,9.131776704240472,14.170692431561998,7.092055823939882,0.17444981213097155,0.30193236714975846
263,29.636339237788512,16.17686527106817,17.975040257648953,5.314009661835748,9.272678475577026,14.056629092860977,7.092055823939882,0.17444981213097155,0.30193236714975846
264,29.810789049919485,16.1231884057971,18.209876543209877,5.293880837359098,9.272678475577026,14.002952227589908,6.810252281266774,0.17444981213097155,0.30193236714975846
265,29.998658078368223,16.035963499731615,18.115942028985508,5.293880837359098,9.252549651100376,13.976113794954374,6.850509930220075,0.17444981213097155,0.30193236714975846
266,30.018786902844873,15.727321524422974,18.115942028985508,5.662909286097692,9.225711218464841,13.92914653784219,6.843800322061192,0.17444981213097155,0.30193236714975846
267,30.139559849704778,15.58641975308642,17.867686527106816,5.6964573268921095,9.225711218464841,13.875469672571121,7.132313472893183,0.17444981213097155,0.30193236714975846
