,45,50,55,53,51,58,52,57,56,54,59,61,60,62,63,67
0,96.09500805152979,3.864734299516908,0.040257648953301126,,,,,,,,,,,,,
1,94.90069779924852,5.01207729468599,0.08722490606548577,,,,,,,,,,,,,
2,83.29307568438003,16.431830381105744,0.27509393451422437,,,,,,,,,,,,,
3,73.70504562533549,23.403113258185723,0.3757380568974772,2.5161030595813205,,,,,,,,,,,,
4,71.42377885131508,24.93961352657005,0.4025764895330113,2.4691358024691357,0.7179280730005367,0.04696725711218465,,,,,,,,,,
5,71.15539452495975,22.765700483091788,0.4294149221685454,2.4557165861513686,3.1333870101986045,0.06038647342995169,,,,,,,,,,
6,66.0024154589372,29.73027375201288,0.5434782608695652,2.4557165861513686,1.2077294685990339,0.06038647342995169,,,,,,,,,,
7,65.04294149221685,30.60252281266774,0.5703166935050993,2.428878153515835,1.2681159420289856,0.08722490606548577,,,,,,,,,,
8,59.614868491680085,27.865002683843265,0.7112184648416533,2.3752012882447664,8.870101986044014,0.08722490606548577,0.47638217928073,,,,,,,,,
9,57.024959742351044,32.14573268921095,0.6843800322061192,1.7042404723564144,7.85024154589372,0.08722490606548577,0.5032206119162641,,,,,,,,,
10,54.17337627482555,32.31347289318304,0.785024154589372,0.9728931830381106,7.897208803005904,0.05367686527106817,3.750670960815888,0.05367686527106817,,,,,,,,
11,50.516639828234034,35.74208266237252,0.9728931830381106,0.9728931830381106,7.937466451959206,0.05367686527106817,3.750670960815888,0.05367686527106817,,,,,,,,
12,50.32877079978529,35.849436392914654,1.0534084809447128,0.9728931830381106,7.924047235641439,0.05367686527106817,3.750670960815888,0.05367686527106817,0.013419216317767043,,,,,,,
13,50.14761137949544,35.99704777241009,1.06682769726248,0.9728931830381106,7.944176060118089,0.05367686527106817,3.750670960815888,0.05367686527106817,0.013419216317767043,,,,,,,
14,49.53032742887815,36.26543209876543,1.133923778851315,0.9728931830381106,7.514761137949543,0.05367686527106817,4.435050993022007,0.06709608158883522,0.026838432635534086,,,,,,,
15,46.5378421900161,36.460010735373054,1.7176596886741815,1.7981749865807837,8.829844337090714,0.05367686527106817,4.4753086419753085,0.06709608158883522,0.026838432635534086,0.03354804079441761,,,,,,
16,45.7259796027912,37.17122920021471,1.7914653784219001,1.8048845947396672,8.185721953837897,0.05367686527106817,5.065754159957058,0.14090177133655393,0.026838432635534086,0.03354804079441761,,,,,,
17,45.65217391304348,37.0101986044015,1.9860440150295222,1.8048845947396672,8.21256038647343,0.05367686527106817,5.072463768115942,0.14761137949543746,0.026838432635534086,0.03354804079441761,,,,,,
18,45.02818035426731,37.486580783682236,2.0933977455716586,1.8048845947396672,8.21256038647343,0.05367686527106817,5.112721417069243,0.14761137949543746,0.026838432635534086,0.03354804079441761,,,,,,
19,38.41250670960816,42.7536231884058,1.9457863660762211,1.8384326355340848,9.648416532474503,0.05367686527106817,5.0858829844337095,0.14761137949543746,0.08051529790660225,0.03354804079441761,,,,,,
20,37.17122920021471,45.430756843800324,2.0397208803005906,1.3486312399355878,8.413848631239935,0.05367686527106817,4.032474503488996,0.0939345142243693,0.14090177133655393,1.2748255501878691,,,,,,
21,35.11808910359635,44.907407407407405,2.227589908749329,1.3553408480944713,10.768921095008052,0.05367686527106817,4.032474503488996,0.0939345142243693,0.16774020397208803,1.2748255501878691,,,,,,
22,34.99060654857756,44.887278582930755,2.341653247450349,1.3821792807300053,10.721953837895867,0.05367686527106817,4.032474503488996,0.0939345142243693,0.1878690284487386,1.3016639828234031,0.0067096081588835215,,,,,
23,34.936929683306495,44.73295759527644,2.5161030595813205,1.3955984970477724,10.715244229736983,0.05367686527106817,4.045893719806763,0.0939345142243693,0.20128824476650564,1.2748255501878691,0.03354804079441761,,,,,
24,34.18545356951154,44.236446591519055,2.6972624798711755,1.4358561460010735,11.748523886205046,0.05367686527106817,4.045893719806763,0.10064412238325282,0.1610305958132045,1.3016639828234031,0.03354804079441761,,,,,
25,34.07809983896941,44.135802469135804,2.7442297369833604,1.5096618357487923,11.721685453569512,0.05367686527106817,4.045893719806763,0.0939345142243693,0.13419216317767044,1.4492753623188406,0.03354804079441761,,,,,
26,33.04482018250134,44.89398819108964,3.026033279656468,1.5096618357487923,11.66129898013956,0.05367686527106817,4.019055287171229,0.11406333870101985,0.17444981213097155,1.4559849704777241,0.04696725711218465,,,,,
27,32.930756843800324,44.63231347289318,3.294417606011809,1.5297906602254427,11.238593666129898,0.08051529790660225,4.428341384863124,0.15432098765432098,0.19457863660762212,1.4559849704777241,0.06038647342995169,,,,,
28,32.85024154589372,44.47128287707998,3.502415458937198,1.4962426194310252,11.252012882447666,0.11406333870101985,4.42163177670424,0.18115942028985507,0.19457863660762212,1.4559849704777241,0.06038647342995169,,,,,
29,27.482555018786904,49.75174449812131,3.656736446591519,1.4224369296833066,12.473161567364466,0.11406333870101985,3.294417606011809,0.1274825550187869,0.1610305958132045,1.4559849704777241,0.06038647342995169,,,,,
30,21.034621578099838,56.46135265700483,3.770799785292539,1.3553408480944713,11.990069779924852,0.13419216317767044,3.2742887815351582,0.1274825550187869,0.15432098765432098,1.6371443907675791,0.06038647342995169,,,,,
31,20.585077831454644,54.3545356951154,3.7104133118625873,1.8786902844873858,11.366076221148685,0.14090177133655393,5.904455179817498,0.14761137949543746,0.1878690284487386,1.6639828234031133,0.06038647342995169,,,,,
32,20.242887815351583,53.166935050993025,4.159957058507783,3.488996242619431,10.876274825550189,0.14761137949543746,5.897745571658615,0.14761137949543746,0.1878690284487386,1.6103059581320451,0.06038647342995169,0.013419216317767043,,,,
33,20.182501341921633,51.40230810520666,3.965378421900161,3.475577026301664,13.285024154589372,0.16774020397208803,5.515297906602254,0.1274825550187869,0.19457863660762212,1.6103059581320451,0.06038647342995169,0.013419216317767043,,,,
34,13.922436929683306,57.53488996242619,3.4688674181427803,3.44873859366613,12.801932367149758,0.1610305958132045,6.052066559312936,0.14761137949543746,0.2549651100375738,2.13365539452496,0.06038647342995169,0.013419216317767043,,,,
35,13.781535158346752,48.8191089640365,3.374932903918411,3.180354267310789,21.967257112184647,0.1610305958132045,6.005099302200751,0.20128824476650564,0.30193236714975846,2.13365539452496,0.06038647342995169,0.013419216317767043,,,,
36,13.761406333870102,46.826355340848096,3.502415458937198,5.709876543209877,21.24261943102523,0.1878690284487386,5.971551261406334,0.24154589371980675,0.3488996242619431,2.13365539452496,0.06038647342995169,0.013419216317767043,,,,
37,13.714439076757918,46.71229200214707,3.616478797638218,5.709876543209877,21.235909822866343,0.1878690284487386,5.984970477724101,0.24825550187869028,0.38915727321524424,2.1269457863660763,0.06038647342995169,0.013419216317767043,,,,
38,13.633923778851315,46.64519592055824,3.750670960815888,5.71658615136876,21.128556092324207,0.1878690284487386,5.964841653247451,0.30193236714975846,0.46967257112184646,2.1135265700483092,0.07380568974771873,0.013419216317767043,,,,
39,13.560118089103597,46.06816961889426,3.9049919484702094,5.723295759527644,21.034621578099838,0.2147074610842727,5.991680085882985,0.30193236714975846,0.5636070853462157,2.522812667740204,0.10064412238325282,0.013419216317767043,,,,
40,13.546698872785829,45.94739667203435,4.025764895330113,5.723295759527644,20.90042941492217,0.2147074610842727,5.978260869565218,0.3153515834675255,0.7112184648416533,2.509393451422437,0.11406333870101985,0.013419216317767043,,,,
41,13.519860440150294,45.56494900697799,3.5963499731615673,5.709876543209877,20.75281803542673,0.24154589371980675,6.843800322061192,0.3153515834675255,0.7514761137949544,2.5429414922168547,0.11406333870101985,0.04696725711218465,,,,
42,12.694578636607622,45.41733762748255,3.7640901771336552,5.797101449275362,21.430488459473967,0.28180354267310787,6.709608158883521,0.3153515834675255,0.8990874932903918,2.5429414922168547,0.10064412238325282,0.04696725711218465,,,,
43,12.573805689747719,44.79334406870639,3.7238325281803544,6.541867954911433,21.38352120236178,0.28180354267310787,6.642512077294686,0.36902844873859364,0.9728931830381106,2.563070316693505,0.10064412238325282,0.04696725711218465,0.0067096081588835215,,,
44,11.345947396672035,43.323939881910896,3.7775093934514223,5.904455179817498,24.832259796027913,0.27509393451422437,6.575415995705851,0.36902844873859364,0.8789586688137413,2.563070316693505,0.10064412238325282,0.04696725711218465,0.0067096081588835215,,,
45,11.2788513150832,38.18438003220612,3.3682232957595275,5.870907139023081,24.818840579710145,0.30193236714975846,12.86231884057971,0.4092860976918948,0.9728931830381106,1.8384326355340848,0.040257648953301126,0.04696725711218465,0.0067096081588835215,,,
46,11.265432098765432,38.00322061191626,3.549382716049383,5.870907139023081,24.65780998389694,0.30193236714975846,12.86231884057971,0.4092860976918948,1.06682769726248,1.9189479334406871,0.040257648953301126,0.04696725711218465,0.0067096081588835215,,,
47,11.218464841653248,37.40606548577563,3.7909286097691894,5.864197530864198,25.0,0.30193236714975846,12.74825550187869,0.5233494363929146,1.093666129898014,1.9592055823939882,0.040257648953301126,0.04696725711218465,0.0067096081588835215,,,
48,11.030595813204508,35.55421363392378,3.81105743424584,5.803811057434245,24.818840579710145,0.30864197530864196,14.700751476113794,0.5770263016639828,1.2681159420289856,2.033011272141707,0.040257648953301126,0.04696725711218465,0.0067096081588835215,,,
49,11.030595813204508,35.39989264626946,3.9452495974235107,5.803811057434245,24.745034889962426,0.30864197530864196,14.667203435319378,0.6105743424584005,1.328502415458937,2.0665593129361244,0.040257648953301126,0.04696725711218465,0.0067096081588835215,,,
50,10.970209339774557,35.27241009125067,4.086151368760064,5.783682232957595,24.55716586151369,0.36902844873859364,14.55984970477724,0.7112184648416533,1.4962426194310252,2.100107353730542,0.040257648953301126,0.04696725711218465,0.0067096081588835215,,,
51,10.916532474503489,33.702361782071925,4.072732152442297,6.904186795491143,24.114331723027377,0.36902844873859364,15.411969940955448,0.7581857219538379,1.556629092860977,2.100107353730542,0.040257648953301126,0.04696725711218465,0.0067096081588835215,,,
52,9.950348899624261,28.307836822329577,3.166935050993022,8.99087493290392,31.816961889425656,0.36902844873859364,13.41250670960816,0.630703166935051,1.261406333870102,1.9994632313472893,0.040257648953301126,0.04696725711218465,0.0067096081588835215,,,
53,6.105743424584004,34.447128287708,2.4691358024691357,6.3070316693505095,32.68250134192163,0.32877079978529256,13.821792807300053,0.6172839506172839,1.3620504562533549,1.7713365539452497,0.040257648953301126,0.04696725711218465,,,,
54,6.092324208266238,33.68894256575416,3.260869565217391,6.273483628556092,32.49463231347289,0.36231884057971014,13.808373590982287,0.630703166935051,1.5297906602254427,1.7713365539452497,0.040257648953301126,0.04696725711218465,,,,
55,6.085614600107354,33.58829844337091,3.475577026301664,6.320450885668277,32.13231347289318,0.36231884057971014,13.768115942028986,0.644122383252818,1.7981749865807837,1.737788513150832,0.040257648953301126,0.04696725711218465,,,,
56,6.078904991948471,33.53462157809984,3.488996242619431,6.333870101986044,32.06521739130435,0.3488996242619431,13.70101986044015,0.7447665056360708,1.865271068169619,1.737788513150832,0.040257648953301126,0.06038647342995169,,,,
57,6.0587761674718195,33.49436392914654,3.5762211486849167,6.320450885668277,31.924315619967793,0.3488996242619431,13.66076221148685,0.785024154589372,1.9793344068706387,1.751207729468599,0.040257648953301126,0.06038647342995169,,,,
58,6.031937734836285,33.45410628019324,3.5762211486849167,6.3070316693505095,31.608964036500268,0.3824476650563607,13.6808910359635,0.7917337627482555,2.314814814814815,1.751207729468599,0.040257648953301126,0.06038647342995169,,,,
59,6.018518518518518,33.333333333333336,3.6768652710681695,6.340579710144928,31.582125603864736,0.3824476650563607,13.627214170692431,0.8454106280193237,2.3752012882447664,1.7176596886741815,0.040257648953301126,0.06038647342995169,,,,
60,5.978260869565218,32.13231347289318,3.616478797638218,6.3137412775093935,36.822329575952764,0.39586688137412773,10.513955984970478,0.7179280730005367,2.2342995169082127,1.1943102522812667,0.03354804079441761,0.04696725711218465,,,,
61,5.776972624798712,35.44015029522276,3.455448201825013,5.891035963499732,37.65432098765432,0.2952227589908749,7.467793880837359,0.4562533548040794,2.2879763821792807,1.1943102522812667,0.03354804079441761,0.04696725711218465,,,,
62,5.776972624798712,35.36634460547504,3.556092324208266,5.8239398819108965,37.6207729468599,0.32877079978529256,7.467793880837359,0.48980139559849706,2.2946859903381642,1.1943102522812667,0.03354804079441761,0.04696725711218465,,,,
63,5.622651637144391,34.07139023081052,3.6500268384326353,5.2066559312936125,36.580783682232955,0.2214170692431562,10.587761674718196,0.47638217928073,2.26784755770263,1.2345679012345678,0.03354804079441761,0.04696725711218465,,,,
64,5.615942028985507,33.722490606548575,4.019055287171229,5.22007514761138,36.37278582930757,0.23483628556092323,10.554213633923778,0.47638217928073,2.408749329039184,1.2949543746645196,0.03354804079441761,0.04696725711218465,,,,
65,5.615942028985507,30.689747718733226,3.9184111647879765,5.233494363929147,36.178207192699944,0.2616747181964573,13.6406333870102,0.5032206119162641,2.6033279656468062,1.2412775093934514,0.06709608158883522,0.04696725711218465,,,,
66,5.609232420826624,30.595813204508858,4.005636070853462,5.152979066022544,35.54079441760601,0.30193236714975846,13.43263553408481,0.5770263016639828,2.6435856146001075,1.9793344068706387,0.10735373054213634,0.05367686527106817,,,,
67,5.5756843800322065,30.14626945786366,4.012345679012346,5.139559849704777,35.48040794417606,0.28180354267310787,13.16425120772947,0.6172839506172839,2.6167471819645733,2.791196994095545,0.10735373054213634,0.05367686527106817,0.013419216317767043,,,
68,5.528717122920021,29.696725711218466,4.03918411164788,5.152979066022544,34.816156736446594,0.28180354267310787,13.130703166935051,0.5971551261406334,2.6704240472356413,3.8848631239935587,0.14761137949543746,0.040257648953301126,0.013419216317767043,,,
69,5.515297906602254,29.60950080515298,4.106280193236715,5.179817498658078,34.574610842726784,0.28180354267310787,13.097155126140633,0.6105743424584005,2.932098765432099,3.8848631239935587,0.14761137949543746,0.04696725711218465,0.013419216317767043,,,
70,4.7101449275362315,24.550456253354803,3.589640365002684,4.5960815888352125,36.79549114331723,0.2147074610842727,18.686258722490606,0.5703166935050993,3.0730005367686526,3.052871712292002,0.10064412238325282,0.04696725711218465,0.013419216317767043,,,
71,4.696725711218465,24.510198604401502,3.6231884057971016,4.562533548040794,36.67471819645733,0.24825550187869028,18.605743424584006,0.644122383252818,3.1602254428341383,3.113258185721954,0.10064412238325282,0.04696725711218465,0.013419216317767043,,,
72,4.683306494900698,24.214975845410628,3.5628019323671496,4.958400429414922,35.82259796027912,0.24154589371980675,19.665861513687602,0.6843800322061192,3.1065485775630703,2.898550724637681,0.10064412238325282,0.04696725711218465,0.013419216317767043,,,
73,4.62962962962963,22.0276435856146,3.656736446591519,4.958400429414922,35.80246913580247,0.2549651100375738,19.565217391304348,0.7514761137949544,3.1535158346752548,5.018786902844874,0.10064412238325282,0.04696725711218465,0.03354804079441761,,,
74,4.320987654320987,21.926999463231347,3.7104133118625873,5.662909286097692,34.52093397745572,0.2616747181964573,20.873590982286636,0.7514761137949544,3.0059044551798175,4.797369833601718,0.10064412238325282,0.04696725711218465,0.020128824476650563,,,
75,4.314278046162104,21.87332259796028,3.743961352657005,5.642780461621041,34.49409554482018,0.27509393451422437,20.819914117015568,0.8387010198604401,3.0327428878153517,4.783950617283951,0.10064412238325282,0.04696725711218465,0.03354804079441761,,,
76,4.314278046162104,21.792807300053678,3.7909286097691894,5.548845947396672,33.09849704777241,0.28180354267310787,22.18196457326892,0.966183574879227,3.046162104133119,4.797369833601718,0.10064412238325282,0.04696725711218465,0.03354804079441761,,,
77,4.280730005367687,21.786097691894792,3.8311862587224907,5.522007514761138,32.9374664519592,0.3153515834675255,21.906870638754697,1.2412775093934514,3.193773483628556,4.777241009125067,0.1274825550187869,0.04696725711218465,0.03354804079441761,,,
78,4.280730005367687,21.658615136876005,3.992216854535695,5.515297906602254,32.789855072463766,0.322061191626409,21.826355340848096,1.3016639828234031,3.33467525496511,4.770531400966184,0.1274825550187869,0.04696725711218465,0.03354804079441761,,,
79,4.253891572732153,21.32313472893183,3.992216854535695,7.266505636070853,32.17928073000537,0.32877079978529256,21.048040794417606,1.3419216317767042,3.488996242619431,4.569243156199678,0.1274825550187869,0.04696725711218465,0.03354804079441761,,,
80,4.186795491143317,19.920826623725173,4.757112184648417,7.185990338164252,33.3064949006978,0.28180354267310787,20.645464304884594,1.3352120236178207,3.193773483628556,4.978529253891573,0.1274825550187869,0.04696725711218465,0.03354804079441761,,,
81,4.025764895330113,18.54535695115405,4.528985507246377,5.092592592592593,38.96269457863661,0.1274825550187869,19.981213097155127,1.3016639828234031,3.1199677938808374,4.106280193236715,0.10735373054213634,0.04696725711218465,0.05367686527106817,,,
82,4.025764895330113,18.50509930220075,4.4753086419753085,5.092592592592593,39.734299516908216,0.1274825550187869,19.350509930220074,1.328502415458937,3.0595813204508855,4.052603327965647,0.10735373054213634,0.04696725711218465,0.0939345142243693,,,
83,4.019055287171229,17.98174986580784,5.01207729468599,5.119431025228127,38.95598497047772,0.1274825550187869,19.296833064949006,1.4090177133655395,3.140096618357488,4.690016103059581,0.10735373054213634,0.04696725711218465,0.0939345142243693,,,
84,3.978797638217928,16.7337627482555,5.01207729468599,6.045356951154052,41.06280193236715,0.2281266774020397,18.63929146537842,1.4358561460010735,3.227321524422974,3.421900161030596,0.10735373054213634,0.04696725711218465,0.06038647342995169,,,
85,3.978797638217928,16.720343531937736,5.038915727321524,6.045356951154052,40.96886741814278,0.2281266774020397,18.592324208266238,1.442565754159957,3.307836822329576,3.4151905528717124,0.13419216317767044,0.04696725711218465,0.08051529790660225,,,
86,3.9318303811057436,16.659957058507782,5.065754159957058,6.011808910359635,40.754159957058505,0.2616747181964573,18.531937734836287,1.5297906602254427,3.5091250670960816,3.4822866344605474,0.13419216317767044,0.04696725711218465,0.08051529790660225,,,
87,3.9318303811057436,16.566022544283413,5.173107890499195,5.991680085882985,40.60654857756307,0.2952227589908749,18.451422436929683,1.570048309178744,3.616478797638218,3.5225442834138487,0.13419216317767044,0.06038647342995169,0.08051529790660225,,,
88,3.9318303811057436,16.532474503488995,5.226784755770263,5.991680085882985,40.3918411164788,0.2952227589908749,18.391035963499732,1.6371443907675791,3.770799785292539,3.5292538915727323,0.13419216317767044,0.06038647342995169,0.10735373054213634,,,
89,3.8177670424047236,16.015834675254965,5.971551261406334,6.005099302200751,38.75469672571122,0.30193236714975846,18.21658615136876,1.724369296833065,3.938539989264627,4.938271604938271,0.14090177133655393,0.06709608158883522,0.10735373054213634,,,
90,3.589640365002684,15.888352120236178,6.038647342995169,6.991411701556629,37.42619431025228,0.30193236714975846,18.156199677938808,1.751207729468599,4.690016103059581,4.8443370907139025,0.11406333870101985,0.06709608158883522,0.14090177133655393,,,
91,3.589640365002684,15.673644659151906,6.595544820182502,6.823671497584541,37.124261943102525,0.35560923242082665,18.12265163714439,1.8451422436929683,4.703435319377348,4.790660225442834,0.1274825550187869,0.10735373054213634,0.14090177133655393,,,
92,3.589640365002684,15.499194847020934,5.964841653247451,4.898013955984971,41.599570585077835,0.28180354267310787,16.639828234031132,1.9189479334406871,4.435050993022007,4.690016103059581,0.23483628556092323,0.0939345142243693,0.14090177133655393,0.013419216317767043,,
93,3.589640365002684,14.935587761674718,5.884326355340848,5.810520665593129,41.458668813741276,0.28180354267310787,16.411701556629094,1.932367149758454,4.4820182501341925,4.703435319377348,0.23483628556092323,0.0939345142243693,0.16774020397208803,0.013419216317767043,,
94,3.5829307568438002,14.63365539452496,6.005099302200751,5.797101449275362,41.116478797638216,0.30864197530864196,17.290660225442835,1.9927536231884058,4.488727858293076,4.294149221685454,0.23483628556092323,0.0939345142243693,0.14761137949543746,0.013419216317767043,,
95,3.556092324208266,14.17740203972088,5.924584004294149,5.649490069779925,41.15002683843264,0.30864197530864196,17.09608158883521,2.073268921095008,4.562533548040794,4.99194847020934,0.23483628556092323,0.0939345142243693,0.16774020397208803,0.013419216317767043,,
96,3.556092324208266,13.922436929683306,5.884326355340848,6.5552871712292005,40.81454643048846,0.30864197530864196,16.67337627482555,2.073268921095008,4.663177670424047,4.978529253891573,0.2952227589908749,0.0939345142243693,0.16774020397208803,0.013419216317767043,,
97,3.5426731078904994,13.935856146001074,6.045356951154052,6.427804616210413,40.54616210413312,0.41599570585077833,16.57944176060118,2.1403650026838434,4.824208266237251,4.891304347826087,0.36231884057971014,0.0939345142243693,0.18115942028985507,0.013419216317767043,,
98,3.5426731078904994,13.425925925925926,5.595813204508857,6.367418142780462,38.217928073000536,0.39586688137412773,19.384057971014492,2.15378421900161,4.676596886741814,5.60252281266774,0.36231884057971014,0.0939345142243693,0.16774020397208803,0.013419216317767043,,
99,3.5426731078904994,13.385668276972625,5.589103596349974,6.340579710144928,38.02334943639291,0.41599570585077833,19.35721953837896,2.147074610842727,4.978529253891573,5.562265163714439,0.3824476650563607,0.0939345142243693,0.16774020397208803,0.013419216317767043,,
100,3.361513687600644,13.170960815888352,5.434782608695652,6.333870101986044,34.816156736446594,0.41599570585077833,24.261943102522814,2.1135265700483092,4.435050993022007,4.978529253891573,0.38915727321524424,0.10735373054213634,0.16774020397208803,0.013419216317767043,,
101,3.3480944712828773,13.177670424047236,5.448201825013419,6.340579710144928,34.54777241009125,0.4495437466451959,24.134460547504027,2.1940418679549114,4.703435319377348,4.978529253891573,0.38915727321524424,0.10735373054213634,0.16774020397208803,0.013419216317767043,,
102,3.321256038647343,12.895866881374127,5.434782608695652,9.54777241009125,34.50751476113795,0.46296296296296297,21.68545356951154,1.8451422436929683,4.683306494900698,4.951690821256038,0.38915727321524424,0.10735373054213634,0.16774020397208803,,,
103,3.321256038647343,12.721417069243156,5.481749865807837,9.594739667203436,33.93719806763285,0.5032206119162641,22.69860440150295,1.865271068169619,4.2203435319377345,4.951690821256038,0.43612453032742887,0.10064412238325282,0.16774020397208803,,,
104,3.321256038647343,12.721417069243156,5.501878690284487,9.500805152979066,33.77616747181965,0.5636070853462157,22.61808910359635,1.8988191089640365,4.3545356951154055,5.038915727321524,0.43612453032742887,0.10064412238325282,0.16774020397208803,,,
105,3.2474503488996245,12.788513150831992,5.548845947396672,8.82313472893183,33.675523349436396,0.5501878690284487,24.235104669887278,1.932367149758454,3.9452495974235107,4.643048845947397,0.3824476650563607,0.10064412238325282,0.1274825550187869,,,
106,3.2340311325818574,12.68786902844874,6.374127750939345,8.80300590445518,31.4345142243693,0.5434782608695652,26.10708534621578,1.90552871712292,3.9318303811057436,4.435050993022007,0.3153515834675255,0.10064412238325282,0.1274825550187869,,,
107,3.2004830917874396,12.513419216317766,6.447933440687064,9.668545356951155,31.394256575415994,0.5166398282340311,25.248255501878692,2.033011272141707,4.005636070853462,4.435050993022007,0.30864197530864196,0.10064412238325282,0.1274825550187869,,,
108,3.1870638754696725,12.513419216317766,6.394256575415996,9.722222222222221,31.32716049382716,0.5367686527106817,25.120772946859905,2.15378421900161,4.03918411164788,4.468599033816425,0.30864197530864196,0.10064412238325282,0.1274825550187869,,,
109,3.166935050993022,12.526838432635534,5.280461621041331,12.144390767579173,30.26033279656468,0.5233494363929146,25.0,2.281266774020397,4.17337627482555,4.159957058507783,0.322061191626409,0.10064412238325282,0.06038647342995169,,,
110,3.166935050993022,12.4597423510467,5.367686527106817,13.982823403113258,29.824208266237253,0.5703166935050993,23.396403650026837,2.341653247450349,4.159957058507783,4.193505099302201,0.36231884057971014,0.11406333870101985,0.06038647342995169,,,
111,3.126677402039721,12.27187332259796,5.662909286097692,13.79495437466452,29.69001610305958,0.6172839506172839,23.19511540526033,2.3886205045625335,4.3545356951154055,4.361245303274289,0.3488996242619431,0.11406333870101985,0.07380568974771873,,,
112,3.126677402039721,12.224906065485776,5.709876543209877,13.81508319914117,29.656468062265162,0.5904455179817498,23.14814814814815,2.4221685453569513,4.408212560386473,4.361245303274289,0.3488996242619431,0.10735373054213634,0.08051529790660225,,,
113,3.1199677938808374,12.224906065485776,5.730005367686527,13.734567901234568,29.60950080515298,0.6038647342995169,22.940150295222757,2.5026838432635534,4.448470209339774,4.522275899087493,0.3488996242619431,0.10735373054213634,0.10735373054213634,,,
114,3.113258185721954,12.177938808373591,5.730005367686527,14.512882447665056,29.47530864197531,0.5904455179817498,22.396672034353195,2.3349436392914655,4.569243156199678,4.555823939881911,0.3421900161030596,0.10735373054213634,0.0939345142243693,,,
115,3.079710144927536,12.211486849168008,5.810520665593129,14.439076757917338,29.09957058507783,0.5904455179817498,22.31615673644659,2.428878153515835,4.891304347826087,4.5893719806763285,0.3421900161030596,0.10735373054213634,0.0939345142243693,,,
116,3.079710144927536,12.110842726784755,7.0383789586688135,14.123725174449811,28.462157809983896,0.5904455179817498,21.987385936661298,2.5295222758990876,4.931561996779388,4.575952764358561,0.3421900161030596,0.10735373054213634,0.12077294685990338,,,
117,2.6838432635534084,10.225442834138486,6.146001073537305,11.808910359634996,34.80944712828771,0.35560923242082665,20.115405260332796,2.314814814814815,4.092860976918948,6.977992485238862,0.28180354267310787,0.06038647342995169,0.1274825550187869,,,
118,2.6838432635534084,10.138217928073,6.4412238325281805,11.788781535158346,33.051529790660226,0.36902844873859364,21.76596886741814,2.3550724637681157,3.9720880300590444,6.937734836285561,0.28180354267310787,0.08722490606548577,0.1274825550187869,,,
119,2.677133655394525,10.077831454643048,6.602254428341385,11.788781535158346,32.90391841116479,0.36902844873859364,21.69887278582931,2.4691358024691357,3.965378421900161,6.904186795491143,0.32877079978529256,0.08722490606548577,0.1274825550187869,,,
120,2.677133655394525,9.628287707997853,6.488191089640365,12.325550187869029,32.84353193773484,0.4294149221685454,21.571390230810522,2.5697799248523885,4.03918411164788,6.877348362855609,0.33548040794417605,0.0939345142243693,0.12077294685990338,,,
121,2.475845410628019,9.205582393988191,6.447933440687064,12.184648416532475,34.19887278582931,0.46967257112184646,21.034621578099838,2.6167471819645733,3.9184111647879765,6.8035426731078905,0.4294149221685454,0.0939345142243693,0.12077294685990338,,,
122,2.4221685453569513,8.910359634997317,6.4345142243692965,11.11111111111111,33.393719806763286,0.4428341384863124,23.1682769726248,2.7442297369833604,3.992216854535695,6.716317767042405,0.4495437466451959,0.0939345142243693,0.12077294685990338,,,
123,2.3886205045625335,8.863392377885132,6.4345142243692965,11.07085346215781,32.910628019323674,0.48980139559849706,23.49033816425121,2.791196994095545,4.119699409554482,6.756575415995706,0.46967257112184646,0.0939345142243693,0.12077294685990338,,,
124,1.9994632313472893,8.474235104669887,6.414385399892646,10.909822866344605,29.066022544283413,0.48980139559849706,28.650026838432634,2.804616210413312,3.8043478260869565,6.6760601180891035,0.49651100375738055,0.0939345142243693,0.12077294685990338,,,
125,1.9860440150295222,8.454106280193237,6.447933440687064,10.856146001073537,29.03918411164788,0.5434782608695652,28.6231884057971,2.804616210413312,3.8378958668813743,6.696188942565755,0.49651100375738055,0.0939345142243693,0.12077294685990338,,,
126,1.9860440150295222,7.971014492753623,5.984970477724101,10.84272678475577,30.589103596349972,0.5904455179817498,28.428609769189478,2.757648953301127,3.9855072463768115,6.139291465378422,0.5636070853462157,0.0939345142243693,0.06709608158883522,,,
127,1.9793344068706387,7.863660762211487,6.689479334406871,10.648148148148149,30.421363392377884,0.5568974771873323,28.099838969404185,2.7643585614600106,4.106280193236715,6.132581857219538,0.5434782608695652,0.11406333870101985,0.08051529790660225,,,
128,1.9793344068706387,7.856951154052603,6.66935050993022,10.621309715512615,30.367686527106816,0.5837359098228664,28.093129361245303,2.7844873859366612,4.133118625872249,6.132581857219538,0.5568974771873323,0.1274825550187869,0.0939345142243693,,,
129,1.9793344068706387,7.816693505099302,6.468062265163715,10.581052066559312,36.46672034353194,0.5837359098228664,23.617820719269993,2.2946859903381642,3.5829307568438002,5.884326355340848,0.5300590445517982,0.10064412238325282,0.0939345142243693,,,
130,1.9659151905528718,7.830112721417069,6.468062265163715,10.554213633923778,36.29898013955985,0.6239935587761675,23.121309715512613,2.4221685453569513,3.7775093934514223,6.213097155126141,0.5300590445517982,0.10064412238325282,0.0939345142243693,,,
131,1.9659151905528718,7.830112721417069,6.454643048845948,10.433440687063875,36.111111111111114,0.6239935587761675,23.007246376811594,2.5161030595813205,3.9519592055823938,6.353998926462695,0.5300590445517982,0.11406333870101985,0.10735373054213634,,,
132,1.9659151905528718,7.7898550724637685,6.468062265163715,10.379763821792807,36.03730542136339,0.6843800322061192,22.879763821792807,2.509393451422437,4.133118625872249,6.340579710144928,0.5568974771873323,0.14761137949543746,0.10735373054213634,,,
133,1.9457863660762211,7.7831454643048845,6.615673644659152,12.218196457326892,34.27938808373591,0.7179280730005367,22.67176596886742,2.589908749329039,4.045893719806763,6.327160493827161,0.5434782608695652,0.15432098765432098,0.10735373054213634,,,
134,1.9457863660762211,7.769726247987117,6.608964036500268,12.104133118625873,34.11164787976382,0.7917337627482555,22.6784755770263,2.5496511003757383,4.28743961352657,6.327160493827161,0.5434782608695652,0.17444981213097155,0.10735373054213634,,,
135,1.9390767579173376,7.7361782071927,6.588835212023618,12.097423510466989,34.064680622651636,0.7917337627482555,22.65163714439077,2.5966183574879227,4.3478260869565215,6.327160493827161,0.5367686527106817,0.2147074610842727,0.10735373054213634,,,
136,1.932367149758454,7.239667203435319,6.031937734836285,11.419753086419753,34.01100375738057,0.6910896403650026,24.590713902308106,2.6301663982823404,4.260601180891036,6.300322061191626,0.5971551261406334,0.1878690284487386,0.10735373054213634,,,
137,1.7444981213097155,7.132313472893183,6.011808910359635,11.372785829307569,34.72893183038111,0.7246376811594203,24.10091250670961,2.563070316693505,4.374664519592056,6.286902844873859,0.6374127750939346,0.1878690284487386,0.13419216317767044,,,
138,1.7444981213097155,7.105475040257649,6.085614600107354,11.352657004830919,34.648416532474506,0.7313472893183038,24.02710681696189,2.6704240472356413,4.367954911433173,6.266774020397209,0.6776704240472357,0.1878690284487386,0.13419216317767044,,,
139,1.7444981213097155,7.092055823939882,6.099033816425121,11.332528180354267,34.514224369296834,0.7917337627482555,23.926462694578635,2.6637144390767578,4.528985507246377,6.280193236714976,0.6910896403650026,0.20128824476650564,0.13419216317767044,,,
140,1.7444981213097155,7.078636607622115,6.011808910359635,12.278582930756844,34.42028985507246,0.7313472893183038,23.349436392914654,2.6167471819645733,4.528985507246377,6.266774020397209,0.6910896403650026,0.14761137949543746,0.13419216317767044,,,
141,1.7444981213097155,7.004830917874396,6.112453032742888,12.23161567364466,34.27938808373591,0.7716049382716049,23.32259796027912,2.6502952227589907,4.643048845947397,6.266774020397209,0.6910896403650026,0.14761137949543746,0.13419216317767044,,,
142,1.7444981213097155,6.877348362855609,6.286902844873859,12.218196457326892,34.19216317767042,0.7716049382716049,23.275630703166936,2.677133655394525,4.683306494900698,6.300322061191626,0.6910896403650026,0.14761137949543746,0.13419216317767044,,,
143,1.7444981213097155,6.6827697262479875,5.884326355340848,11.258722490606548,34.07139023081052,0.7917337627482555,26.194310252281266,2.6704240472356413,4.616210413311863,5.253623188405797,0.5233494363929146,0.1610305958132045,0.14761137949543746,,,
144,1.6639828234031133,6.5485775630703165,5.964841653247451,11.178207192699947,33.353462157809986,0.8051529790660226,27.026301663982824,2.690552871712292,4.676596886741814,5.260332796564681,0.5233494363929146,0.1610305958132045,0.14761137949543746,,,
145,1.6639828234031133,6.5485775630703165,6.266774020397209,11.178207192699947,33.20585077831455,0.8051529790660226,26.86527106816962,2.690552871712292,4.730273752012883,5.226784755770263,0.5099302200751477,0.1610305958132045,0.14761137949543746,,,
146,1.6639828234031133,6.5485775630703165,6.320450885668277,11.131239935587761,33.1454643048846,0.8454106280193237,26.8317230273752,2.623456790123457,4.830917874396135,5.24020397208803,0.5099302200751477,0.1610305958132045,0.14761137949543746,,,
147,1.6505636070853462,6.535158346752549,6.320450885668277,11.097691894793345,33.071658615136876,0.8990874932903918,26.82501341921632,2.6301663982823404,4.87788513150832,5.226784755770263,0.5300590445517982,0.17444981213097155,0.1610305958132045,,,
148,1.6505636070853462,6.528448738593666,6.166129898013956,11.486849168008588,32.84353193773484,0.8588298443370908,26.536500268384327,2.831454643048846,4.998658078368224,5.22007514761138,0.5300590445517982,0.15432098765432098,0.19457863660762212,,,
149,1.6505636070853462,6.508319914117015,6.206387546967257,11.480139559849706,32.76301663982824,0.8588298443370908,26.32850241545894,3.0595813204508855,5.072463768115942,5.193236714975845,0.5032206119162641,0.15432098765432098,0.2214170692431562,,,
150,1.6505636070853462,6.454643048845948,6.233225979602791,11.392914653784219,32.44095544820183,0.9460547504025765,26.214439076757916,3.140096618357488,5.213365539452496,5.421363392377885,0.5032206119162641,0.16774020397208803,0.2214170692431562,,,
151,1.6505636070853462,6.414385399892646,5.998389694041868,13.258185721953838,30.83064949006978,0.9460547504025765,25.717928073000536,3.099838969404187,5.656199677938808,5.58239398819109,0.48980139559849706,0.1610305958132045,0.19457863660762212,,,
152,1.6505636070853462,6.414385399892646,5.984970477724101,13.768115942028986,30.817230273752013,0.966183574879227,25.261674718196456,3.0730005367686526,5.622651637144391,5.595813204508857,0.48980139559849706,0.1610305958132045,0.19457863660762212,,,
153,1.6035963499731616,6.461352657004831,6.575415995705851,13.157541599570585,30.803811057434245,0.9594739667203436,25.201288244766506,3.1199677938808374,5.629361245303274,5.629361245303274,0.47638217928073,0.15432098765432098,0.2281266774020397,,,
154,1.6035963499731616,6.461352657004831,6.561996779388084,13.130703166935051,30.71658615136876,0.95276435856146,25.127482555018787,3.166935050993022,5.736714975845411,5.642780461621041,0.5032206119162641,0.15432098765432098,0.24154589371980675,,,
155,1.6035963499731616,6.454643048845948,6.622383252818035,12.93612453032743,30.273752012882447,0.9460547504025765,25.06038647342995,3.180354267310789,5.776972624798712,6.253354804079442,0.4830917874396135,0.1878690284487386,0.2214170692431562,,,
156,1.6035963499731616,6.454643048845948,6.582125603864735,12.95625335480408,30.17981749865808,0.9460547504025765,24.986580783682232,3.3011272141706924,5.844068706387547,6.253354804079442,0.4830917874396135,0.1878690284487386,0.2214170692431562,,,
157,1.2278582930756843,5.723295759527644,6.447933440687064,12.895866881374127,31.407675791733762,0.9393451422436929,24.671229200214707,3.4151905528717124,6.125872249060655,6.253354804079442,0.4830917874396135,0.1878690284487386,0.2214170692431562,,,
158,1.2278582930756843,5.723295759527644,6.468062265163715,12.882447665056361,31.353998926462694,0.9393451422436929,24.664519592055825,3.4286097691894795,6.139291465378422,6.266774020397209,0.4830917874396135,0.1878690284487386,0.23483628556092323,,,
159,1.221148684916801,5.6964573268921095,6.447933440687064,12.95625335480408,31.313741277509394,0.9863123993558777,24.550456253354803,3.4621578099838968,6.213097155126141,6.239935587761675,0.46296296296296297,0.1878690284487386,0.24825550187869028,0.013419216317767043,,
160,1.221148684916801,5.649490069779925,6.400966183574879,12.714707461084272,31.239935587761675,1.0332796564680622,24.798711755233494,3.515834675254965,6.3070316693505095,6.213097155126141,0.47638217928073,0.1878690284487386,0.2281266774020397,0.013419216317767043,,
161,1.221148684916801,5.649490069779925,6.494900697799249,12.640901771336553,31.159420289855074,1.0601180891035964,24.65780998389694,3.549382716049383,6.394256575415996,6.300322061191626,0.4428341384863124,0.1878690284487386,0.2281266774020397,0.013419216317767043,,
162,1.1540526033279657,5.71658615136876,6.5485775630703165,12.681159420289855,30.95813204508857,1.0802469135802468,24.58400429414922,3.569511540526033,6.515029522275899,6.320450885668277,0.4428341384863124,0.1878690284487386,0.2281266774020397,0.013419216317767043,,
163,1.1540526033279657,5.6964573268921095,6.6827697262479875,12.620772946859903,30.810520665593128,1.133923778851315,24.282071926999464,3.743961352657005,6.66935050993022,6.327160493827161,0.4495437466451959,0.1878690284487386,0.2281266774020397,0.013419216317767043,,
164,1.1540526033279657,5.636070853462158,7.2933440687063875,12.614063338701019,30.387815351583466,1.1473429951690821,24.060654857756308,3.7372517444981215,6.655931293612453,6.4345142243692965,0.4495437466451959,0.1878690284487386,0.2281266774020397,0.013419216317767043,,
165,1.1540526033279657,5.615942028985507,7.340311325818572,12.607353730542137,30.26033279656468,1.1406333870101986,24.020397208803004,3.784219001610306,6.769994632313473,6.427804616210413,0.4428341384863124,0.1878690284487386,0.23483628556092323,0.013419216317767043,,
166,1.1540526033279657,5.589103596349974,7.367149758454106,12.607353730542137,29.60950080515298,1.2144390767579174,24.56387546967257,3.8043478260869565,6.790123456790123,6.421095008051529,0.4428341384863124,0.1878690284487386,0.23483628556092323,0.013419216317767043,,
167,1.1540526033279657,5.562265163714439,7.333601717659689,12.5,29.55582393988191,1.221148684916801,24.510198604401502,3.8378958668813743,6.78341384863124,6.635802469135802,0.4428341384863124,0.2147074610842727,0.23483628556092323,0.013419216317767043,,
168,1.1540526033279657,5.555555555555555,7.353730542136339,12.875738056897477,29.260601180891037,1.221148684916801,24.36929683306495,3.9452495974235107,6.756575415995706,6.622383252818035,0.43612453032742887,0.20128824476650564,0.23483628556092323,0.013419216317767043,,
