,45,50,51,54,52,53,55,56
0,98.48362855609233,1.5163714439076759,,,,,,
1,94.4645732689211,5.535426731078905,,,,,,
2,94.4645732689211,5.535426731078905,,,,,,
3,90.955448201825,8.420558239398819,0.6239935587761675,,,,,
4,88.20450885668276,11.171497584541063,0.6239935587761675,,,,,
5,87.96967257112185,11.305689747718732,0.6038647342995169,0.12077294685990338,,,,
6,87.97638217928073,11.29898013955985,0.6038647342995169,0.12077294685990338,,,,
7,87.66774020397209,11.60762211486849,0.6038647342995169,0.12077294685990338,,,,
8,87.72141706924316,11.553945249597424,0.6038647342995169,0.12077294685990338,,,,
9,84.84970477724102,14.42565754159957,0.6038647342995169,0.12077294685990338,,,,
10,84.31293612453032,14.720880300590446,0.5770263016639828,0.12077294685990338,0.2683843263553409,,,
11,82.55501878690285,16.478797638217927,0.5770263016639828,0.12077294685990338,0.2683843263553409,,,
12,78.9117015566291,20.12211486849168,0.5770263016639828,0.12077294685990338,0.2683843263553409,,,
13,78.7909286097692,20.249597423510465,0.5770263016639828,0.11406333870101985,0.2683843263553409,,,
14,76.94578636607622,21.926999463231347,0.5770263016639828,0.11406333870101985,0.2683843263553409,0.16774020397208803,,
15,76.16076221148685,22.71202361782072,0.5770263016639828,0.11406333870101985,0.2683843263553409,0.16774020397208803,,
16,75.01341921631777,23.731884057971016,0.5770263016639828,0.10735373054213634,0.2683843263553409,0.30193236714975846,,
17,75.16774020397209,23.30246913580247,0.5770263016639828,0.24825550187869028,0.4025764895330113,0.30193236714975846,,
18,75.23483628556092,23.235373054213635,0.5770263016639828,0.24825550187869028,0.4025764895330113,0.30193236714975846,,
19,75.03354804079441,23.43666129898014,0.5770263016639828,0.24825550187869028,0.4025764895330113,0.30193236714975846,,
20,75.34219001610306,23.1280193236715,0.5770263016639828,0.24825550187869028,0.4025764895330113,0.30193236714975846,,
21,63.519860440150296,34.95034889962426,0.5770263016639828,0.24825550187869028,0.4025764895330113,0.30193236714975846,,
22,63.768115942028984,34.70209339774557,0.5770263016639828,0.24825550187869028,0.4025764895330113,0.30193236714975846,,
23,63.18438003220612,34.78260869565217,0.5770263016639828,0.24825550187869028,0.33548040794417605,0.30193236714975846,0.5703166935050993,
24,63.13070316693505,34.5276435856146,0.5770263016639828,0.24825550187869028,0.33548040794417605,0.6105743424584005,0.5703166935050993,
25,62.734836285560924,33.581588835212024,2.1269457863660763,0.14090177133655393,0.33548040794417605,0.5568974771873323,0.5233494363929146,
26,56.53515834675255,38.88217928073001,1.596886741814278,2.0531400966183573,0.1878690284487386,0.24825550187869028,0.49651100375738055,
27,56.998121309715515,38.499731615673646,1.596886741814278,1.9726247987117553,0.1878690284487386,0.24825550187869028,0.49651100375738055,
28,56.88405797101449,38.62050456253355,1.5901771336553945,1.9726247987117553,0.1878690284487386,0.24825550187869028,0.49651100375738055,
29,57.15915190552872,38.55340848094471,1.4492753623188406,1.90552871712292,0.1878690284487386,0.24825550187869028,0.49651100375738055,
30,56.20638754696726,39.64707461084273,1.4492753623188406,1.7646269457863661,0.1878690284487386,0.24825550187869028,0.49651100375738055,
31,56.11916264090177,39.2914653784219,1.892109500805153,1.7646269457863661,0.1878690284487386,0.24825550187869028,0.49651100375738055,
32,56.09903381642512,39.190821256038646,1.892109500805153,1.7646269457863661,0.1878690284487386,0.24825550187869028,0.6172839506172839,
33,55.55555555555556,40.83467525496511,0.8856682769726248,1.7646269457863661,0.17444981213097155,0.16774020397208803,0.6172839506172839,
34,55.984970477724104,40.405260332796566,0.8856682769726248,1.7646269457863661,0.17444981213097155,0.16774020397208803,0.6172839506172839,
35,56.105743424584006,40.284487385936664,0.8856682769726248,1.7646269457863661,0.17444981213097155,0.16774020397208803,0.6172839506172839,
36,56.394256575415994,38.93585614600107,0.8588298443370908,1.7646269457863661,0.17444981213097155,0.16774020397208803,1.7042404723564144,
37,55.63607085346216,39.64036500268384,0.8588298443370908,1.710950080515298,0.17444981213097155,0.3153515834675255,1.6639828234031133,
38,55.683038110574344,39.61352657004831,0.8588298443370908,1.583467525496511,0.17444981213097155,0.3153515834675255,1.7713365539452497,
39,56.09903381642512,39.20424047235642,0.8521202361782072,1.583467525496511,0.17444981213097155,0.3153515834675255,1.7713365539452497,
40,56.56870638754697,38.378958668813745,0.8521202361782072,1.5365002683843263,0.1610305958132045,0.3153515834675255,2.187332259796028,
41,56.82367149758454,38.1508319914117,0.8521202361782072,1.5365002683843263,0.1610305958132045,0.3153515834675255,2.1604938271604937,
42,56.23993558776167,36.3593666129898,0.8521202361782072,1.0265700483091786,3.44873859366613,0.3153515834675255,1.7579173376274826,
43,56.17954911433172,36.08427267847558,1.1876006441223832,1.0265700483091786,3.44873859366613,0.3153515834675255,1.7579173376274826,
44,55.17981749865808,37.1309715512614,1.1876006441223832,1.0265700483091786,3.4017713365539453,0.3153515834675255,1.7579173376274826,
45,50.536768652710684,40.123456790123456,4.341116478797638,1.0265700483091786,3.2206119162640903,0.06038647342995169,0.6910896403650026,
46,50.878958668813745,39.86849168008588,4.341116478797638,1.0265700483091786,3.2206119162640903,0.06038647342995169,0.6038647342995169,
47,50.925925925925924,39.62694578636608,4.327697262479871,1.0265700483091786,3.1602254428341383,0.1878690284487386,0.7447665056360708,
48,51.35534084809447,39.35856146001073,4.30756843800322,1.0265700483091786,3.0193236714975846,0.1878690284487386,0.7447665056360708,
49,51.66398282340311,39.06333870101986,4.294149221685454,1.0265700483091786,3.0193236714975846,0.1878690284487386,0.7447665056360708,
50,51.84514224369297,38.86205045625336,4.320987654320987,1.0265700483091786,3.0193236714975846,0.1878690284487386,0.7380568974771873,
51,51.96591519055287,38.788244766505635,4.274020397208803,1.0265700483091786,3.0193236714975846,0.1878690284487386,0.7380568974771873,
52,52.36849168008588,38.499731615673646,4.253891572732153,1.0265700483091786,2.7979066022544283,0.18115942028985507,0.8722490606548577,
53,52.563070316693505,38.08373590982286,4.314278046162104,1.0265700483091786,2.757648953301127,0.47638217928073,0.7783145464304885,
54,52.40874932903918,38.12399355877617,4.30756843800322,1.0265700483091786,2.757648953301127,0.47638217928073,0.8990874932903918,
55,52.72410091250671,37.88244766505636,4.30756843800322,1.0265700483091786,2.6838432635534084,0.47638217928073,0.8990874932903918,
56,52.925389157273216,37.68115942028985,4.30756843800322,1.0265700483091786,2.6838432635534084,0.47638217928073,0.8990874932903918,
57,53.01932367149758,36.52710681696189,4.30756843800322,1.0265700483091786,3.8311862587224907,0.47638217928073,0.8118625872249061,
58,53.01932367149758,35.98362855609233,4.30756843800322,1.0064412238325282,4.394793344068707,0.47638217928073,0.8118625872249061,
59,51.469404186795494,29.354535695115406,12.345679012345679,0.9796027911969941,4.7101449275362315,0.47638217928073,0.6642512077294686,
60,50.18786902844874,31.206387546967257,11.77536231884058,0.9796027911969941,4.7101449275362315,0.47638217928073,0.6642512077294686,
61,49.81884057971015,29.998658078368223,13.459473966720344,0.9594739667203436,4.622920021470746,0.47638217928073,0.6642512077294686,
62,50.637412775093935,29.582662372517444,13.123993558776167,0.8923778851315083,4.622920021470746,0.47638217928073,0.6642512077294686,
63,49.81213097155126,30.320719269994633,12.875738056897477,0.8923778851315083,4.609500805152979,0.6105743424584005,0.8789586688137413,
64,50.067096081588836,30.193236714975846,12.848899624261943,0.8923778851315083,4.508856682769726,0.6105743424584005,0.8789586688137413,
65,46.01449275362319,34.56119162640902,12.587224906065487,0.8923778851315083,4.455179817498658,0.6105743424584005,0.8789586688137413,
66,46.2962962962963,34.333064949006975,12.533548040794418,0.8923778851315083,4.455179817498658,0.6105743424584005,0.8789586688137413,
67,46.47745571658615,34.13177670424047,12.426194310252281,0.8923778851315083,4.5893719806763285,0.6038647342995169,0.8789586688137413,
68,46.47745571658615,33.373590982286636,7.695920558239399,4.696725711218465,4.904723564143854,0.6038647342995169,2.24771873322598,
69,47.034353193773484,33.272946859903385,7.682501341921632,4.62962962962963,4.528985507246377,0.6038647342995169,2.24771873322598,
70,47.04106280193237,32.96430488459474,7.682501341921632,4.4753086419753085,4.334406870638754,0.6038647342995169,2.898550724637681,
71,47.32957595276436,32.82340311325819,7.595276435856146,4.4753086419753085,4.334406870638754,0.6038647342995169,2.8381642512077296,
72,47.85963499731616,32.50134192163178,7.595276435856146,4.3545356951154055,4.247181964573269,0.6038647342995169,2.8381642512077296,
73,47.557702630166396,31.38083735909823,9.078099838969404,4.341116478797638,4.213633923778851,0.5904455179817498,2.8381642512077296,
74,47.97369833601718,31.146001073537306,9.057971014492754,4.233762748255502,4.213633923778851,0.5904455179817498,2.7844873859366612,
75,47.99382716049383,31.19296833064949,9.024422973698336,4.206924315619967,4.206924315619967,0.5904455179817498,2.7844873859366612,
76,47.88647342995169,30.595813204508858,8.923778851315083,3.7573805689747717,4.119699409554482,2.059849704777241,2.657004830917874,
77,48.027375201288244,30.401234567901234,8.225979602791197,3.0394524959742353,5.662909286097692,2.059849704777241,2.5831991411701556,
78,48.168276972624795,30.360976918947934,8.225979602791197,3.0394524959742353,5.58239398819109,2.059849704777241,2.563070316693505,
79,48.289049919484704,30.059044551798173,8.433977455716587,3.0394524959742353,5.441492216854535,2.059849704777241,2.677133655394525,
80,48.02066559312936,28.951959205582394,8.373590982286634,2.9790660225442833,5.374396135265701,3.656736446591519,2.6435856146001075,
81,48.13472893183038,28.898282340311326,8.32662372517445,2.9790660225442833,5.374396135265701,3.643317230273752,2.6435856146001075,
82,48.83923778851315,28.797638217928075,8.28636607622115,2.9589371980676327,5.374396135265701,3.140096618357488,2.6033279656468062,
83,48.94659151905529,28.341384863123995,8.259527643585615,3.388352120236178,5.360976918947934,3.140096618357488,2.563070316693505,
84,49.45652173913044,28.16022544283414,8.205850778314547,3.2139023081052067,5.360976918947934,3.0394524959742353,2.563070316693505,
85,50.0402576489533,27.999194847020934,8.205850778314547,3.1535158346752548,5.032206119162641,3.0394524959742353,2.5295222758990876,
86,49.51690821256039,27.2812667740204,9.634997316156737,3.140096618357488,5.018786902844874,2.8918411164787976,2.5161030595813205,
87,49.57058507783145,27.046430488459475,9.86983360171766,3.140096618357488,4.985238862050457,2.871712292002147,2.5161030595813205,
88,49.80542136339238,26.798174986580783,9.796027911969942,3.0730005367686526,4.951690821256038,3.1602254428341383,2.4154589371980677,
89,50.0805152979066,26.583467525496513,9.75577026301664,3.052871712292002,4.951690821256038,3.1602254428341383,2.4154589371980677,
90,50.28180354267311,26.435856146001072,9.702093397745571,3.052871712292002,4.951690821256038,3.1602254428341383,2.4154589371980677,
91,50.4495437466452,25.85212023617821,9.655126140633387,3.5963499731615673,4.911433172302737,3.1333870101986045,2.4020397208803006,
92,50.697799248523886,25.744766505636072,9.601449275362318,3.589640365002684,4.750402576489533,3.079710144927536,2.536231884057971,
93,51.0601180891036,25.503220611916262,9.588030059044552,3.589640365002684,4.542404723564144,3.0595813204508855,2.657004830917874,
94,51.1808910359635,25.449543746645197,9.588030059044552,3.589640365002684,4.4753086419753085,3.0595813204508855,2.657004830917874,
95,51.388888888888886,25.268384326355342,9.561191626409018,3.589640365002684,4.4753086419753085,3.0595813204508855,2.657004830917874,
96,51.42914653784219,25.167740203972087,9.648416532474503,3.589640365002684,4.53569511540526,3.012614063338701,2.6167471819645733,
97,51.912238325281805,24.9194847020934,9.614868491680086,3.569511540526033,4.508856682769726,2.9052603327965647,2.5697799248523885,
98,52.12694578636608,24.892646269457863,9.440418679549115,3.569511540526033,4.49543746645196,2.9052603327965647,2.5697799248523885,
99,52.58990874932904,24.570585077831456,9.39345142243693,3.569511540526033,4.428341384863124,2.9052603327965647,2.5429414922168547,
100,51.78475577026302,25.49651100375738,9.460547504025765,3.488996242619431,4.40150295222759,2.844873859366613,2.522812667740204,
101,52.31481481481482,25.228126677402038,9.27938808373591,3.488996242619431,4.3545356951154055,2.85829307568438,2.475845410628019,
102,52.67042404723564,25.02012882447665,9.252549651100376,3.4621578099838968,4.341116478797638,2.804616210413312,2.4490069779924855,
103,48.960010735373054,29.461889425657542,8.78287707997853,3.502415458937198,4.327697262479871,2.536231884057971,2.428878153515835,
104,49.22168545356951,29.334406870638755,8.76274825550188,3.502415458937198,4.327697262479871,2.536231884057971,2.314814814814815,
105,49.23510466988728,28.468867418142782,8.360171765968868,3.9855072463768115,5.112721417069243,2.536231884057971,2.301395598497048,
106,49.43639291465379,28.32125603864734,8.353462157809984,3.938539989264627,5.112721417069243,2.536231884057971,2.301395598497048,
107,48.82581857219538,28.14680622651637,9.31964573268921,3.938539989264627,4.998658078368224,2.4691358024691357,2.301395598497048,
108,48.20182501341922,28.824476650563607,9.158615136876007,3.938539989264627,4.9651100375738055,2.4691358024691357,2.442297369833602,
109,47.91331186258722,27.355072463768117,10.795759527643586,4.2270531400966185,4.9651100375738055,2.462426194310252,2.281266774020397,
110,48.13472893183038,27.22758990874933,10.782340311325818,4.200214707461084,4.911433172302737,2.462426194310252,2.281266774020397,
111,48.772141706924316,26.838432635534083,10.63472893183038,4.146537842190016,4.904723564143854,2.4221685453569513,2.281266774020397,
112,48.87949543746645,26.610305958132045,10.695115405260333,4.133118625872249,4.871175523349437,2.5295222758990876,2.281266774020397,
113,49.44981213097155,25.93263553408481,10.695115405260333,4.435050993022007,4.696725711218465,2.509393451422437,2.281266774020397,
114,48.268921095008054,24.93961352657005,10.695115405260333,4.388083735909823,7.098765432098766,2.509393451422437,2.100107353730542,
115,48.41653247450349,24.36929683306495,10.57434245840043,4.133118625872249,7.937466451959206,2.475845410628019,2.0933977455716586,
116,48.46349973161568,24.322329575952764,10.57434245840043,4.133118625872249,7.937466451959206,2.475845410628019,2.0933977455716586,
117,48.94659151905529,24.194847020933977,10.292538915727322,3.9989264626945786,7.937466451959206,2.536231884057971,2.0933977455716586,
118,48.87278582930757,22.765700483091788,10.245571658615138,3.9989264626945786,9.494095544820183,2.536231884057971,2.086688137412775,
119,48.94659151905529,22.36983360171766,10.319377348362856,3.9989264626945786,9.433709071390231,2.844873859366613,2.086688137412775,
120,49.261943102522814,22.262479871175522,10.319377348362856,3.9989264626945786,9.232420826623725,2.844873859366613,2.0799785292538915,
121,49.51690821256039,21.947128287707997,10.433440687063875,3.9989264626945786,9.178743961352657,2.844873859366613,2.0799785292538915,
122,50.20799785292539,21.752549651100377,10.19189479334407,3.8177670424047236,9.084809447128288,2.8650026838432634,2.0799785292538915,
123,50.46296296296296,21.618357487922705,10.144927536231885,3.8177670424047236,9.084809447128288,2.831454643048846,2.0397208803005906,
124,50.006709608158886,22.208803005904453,10.050993022007514,3.8177670424047236,9.084809447128288,2.818035426731079,2.0128824476650564,
125,50.06038647342995,21.62506709608159,9.809447128287708,3.7372517444981215,9.943639291465379,2.8113258185721954,2.0128824476650564,
126,50.335480407944175,21.564680622651636,9.749060654857756,3.589640365002684,9.896672034353195,2.7777777777777777,2.086688137412775,
127,49.59742351046699,21.30300590445518,10.393183038110575,3.6634460547504024,10.091250670960816,2.7106816961889426,2.2410091250670963,
128,49.84567901234568,21.021202361782073,10.379763821792807,3.7775093934514223,10.064412238325282,2.6704240472356413,2.2410091250670963,
129,49.36929683306495,20.860171765968868,12.124261943102523,3.770799785292539,8.984165324745035,2.657004830917874,2.2342995169082127,
130,49.37600644122383,20.994363929146537,12.030327428878154,3.770799785292539,8.950617283950617,2.657004830917874,2.2208803005904456,
131,49.31561996779388,20.860171765968868,11.802200751476114,3.4822866344605474,8.950617283950617,3.421900161030596,2.167203435319377,
132,49.5907139023081,20.79307568438003,11.493558776167472,3.4822866344605474,8.93719806763285,3.421900161030596,2.167203435319377,0.11406333870101985
133,49.77187332259796,20.705850778314545,11.41304347826087,3.4822866344605474,8.930488459473967,3.4151905528717124,2.167203435319377,0.11406333870101985
134,50.22812667740204,20.39049919484702,11.325818572195384,3.4822866344605474,8.829844337090714,3.5091250670960816,2.120236178207193,0.11406333870101985
135,50.32206119162641,20.29656468062265,11.325818572195384,3.4822866344605474,8.829844337090714,3.5091250670960816,2.120236178207193,0.11406333870101985
136,50.496511003757384,20.249597423510465,11.258722490606548,3.4822866344605474,8.776167471819646,3.5091250670960816,2.1135265700483092,0.11406333870101985
137,49.57058507783145,20.12211486849168,12.439613526570048,3.743961352657005,8.447396672034353,3.475577026301664,2.086688137412775,0.11406333870101985
138,41.30434782608695,34.245840042941495,8.99087493290392,3.549382716049383,6.655931293612453,3.33467525496511,1.8048845947396672,0.11406333870101985
139,41.257380568974774,34.35990338164251,8.99087493290392,3.5225442834138487,6.635802469135802,3.3145464304884595,1.8048845947396672,0.11406333870101985
140,41.700214707461086,33.883521202361784,8.950617283950617,3.488996242619431,6.743156199677939,3.3145464304884595,1.8048845947396672,0.11406333870101985
141,42.08266237251745,33.73590982286635,8.816425120772946,3.455448201825013,6.689479334406871,3.3548040794417604,1.751207729468599,0.11406333870101985
142,42.310789049919485,33.74932903918411,8.749329039184111,3.388352120236178,6.602254428341385,3.3413848631239937,1.7444981213097155,0.11406333870101985
143,36.9699409554482,30.99838969404187,19.33709071390231,2.033011272141707,5.723295759527644,3.3548040794417604,1.4694041867954912,0.11406333870101985
144,37.453032742887814,30.595813204508858,19.290123456790123,2.033011272141707,5.71658615136876,3.3548040794417604,1.442565754159957,0.11406333870101985
145,38.1105743424584,30.314009661835748,19.196188942565755,2.01959205582394,5.595813204508857,3.33467525496511,1.3150831991411702,0.11406333870101985
146,38.707729468599034,29.716854535695116,18.947933440687063,1.9457863660762211,6.025228126677402,3.260869565217391,1.2815351583467525,0.11406333870101985
147,39.049919484702095,29.374664519592056,18.733225979602793,1.9457863660762211,6.018518518518518,3.3816425120772946,1.3821792807300053,0.11406333870101985
148,39.14385399892646,27.536231884057973,18.646001073537306,1.9457863660762211,6.011808910359635,5.22007514761138,1.3821792807300053,0.11406333870101985
149,39.25791733762748,27.469135802469136,18.370907139023082,1.9457863660762211,5.984970477724101,5.152979066022544,1.7042404723564144,0.11406333870101985
150,39.60010735373054,27.18733225979603,18.169618894256576,2.120236178207193,5.9514224369296835,5.152979066022544,1.7042404723564144,0.11406333870101985
151,39.61352657004831,26.838432635534083,18.572195383789587,2.120236178207193,5.884326355340848,5.152979066022544,1.7042404723564144,0.11406333870101985
152,40.02952227589909,26.710950080515296,18.417874396135264,2.120236178207193,5.770263016639828,5.159688674181428,1.6908212560386473,0.10064412238325282
153,40.21739130434783,26.52308105206656,18.02871712292002,2.120236178207193,6.031937734836285,5.287171229200215,1.6908212560386473,0.10064412238325282
154,40.49248523886205,26.362050456253353,17.961621041331185,2.0933977455716586,6.025228126677402,5.273752012882448,1.6908212560386473,0.10064412238325282
155,40.666935050993025,26.301663982823403,17.934782608695652,2.0933977455716586,5.9514224369296835,5.273752012882448,1.6774020397208802,0.10064412238325282
156,40.915190552871714,25.979602791196996,17.8743961352657,2.0933977455716586,5.9514224369296835,5.273752012882448,1.8115942028985508,0.10064412238325282
157,41.096349973161566,25.845410628019323,17.827428878153516,2.0933977455716586,5.9514224369296835,5.273752012882448,1.8115942028985508,0.10064412238325282
158,41.47879763821793,25.691089640365004,17.56575415995706,2.2946859903381642,5.803811057434245,5.260332796564681,1.8048845947396672,0.10064412238325282
159,40.82796564680623,26.549919484702095,17.485238862050455,2.26784755770263,5.8172302737520125,5.146269457863661,1.8048845947396672,0.10064412238325282
160,41.17015566290929,26.25469672571122,17.478529253891573,2.26784755770263,5.8172302737520125,5.146269457863661,1.7713365539452497,0.0939345142243693
161,40.96886741814278,25.89908749329039,17.458400429414922,2.1403650026838434,5.783682232957595,5.743424584004294,1.9122383252818036,0.0939345142243693
162,41.23054213633924,25.644122383252817,17.257112184648417,2.100107353730542,6.152710681696189,5.723295759527644,1.7981749865807837,0.0939345142243693
163,32.729468599033815,37.27187332259796,17.03569511540526,1.9524959742351047,5.273752012882448,3.69699409554482,1.9457863660762211,0.0939345142243693
164,32.950885668276975,36.87600644122383,16.740472356414386,2.0397208803005906,5.273752012882448,3.6634460547504024,2.3617820719269993,0.0939345142243693
165,33.4272678475577,36.67471819645733,16.646537842190018,2.0397208803005906,5.112721417069243,3.643317230273752,2.3617820719269993,0.0939345142243693
166,33.84997316156736,36.39291465378422,16.284219001610307,2.0397208803005906,5.10601180891036,3.938539989264627,2.2946859903381642,0.0939345142243693
167,34.11164787976382,36.14465915190553,16.0829307568438,2.167203435319377,5.059044551798175,3.938539989264627,2.4020397208803006,0.0939345142243693
168,34.447128287708,36.03730542136339,15.935319377348362,2.147074610842727,5.059044551798175,3.8848631239935587,2.395330112721417,0.0939345142243693
169,34.74906065485776,35.95679012345679,15.505904455179817,2.1403650026838434,4.931561996779388,3.844605475040258,2.7777777777777777,0.0939345142243693
170,33.19243156199678,35.560923242082666,18.38432635534085,2.1403650026838434,4.1532474503489,3.7037037037037037,2.771068169618894,0.0939345142243693
171,33.70907139023081,35.15163714439077,18.290391841116477,2.1403650026838434,4.146537842190016,3.7037037037037037,2.7643585614600106,0.0939345142243693
172,33.12533548040794,34.346484165324746,19.95437466451959,2.1403650026838434,3.92512077294686,3.7037037037037037,2.7106816961889426,0.0939345142243693
173,33.340042941492214,34.07809983896941,19.887278582930758,2.2074610842726785,3.878153515834675,3.6902844873859366,2.8247450348899625,0.0939345142243693
174,34.01771336553945,33.52791196994095,19.82018250134192,2.2074610842726785,3.851315083199141,3.6634460547504024,2.818035426731079,0.0939345142243693
175,34.27938808373591,33.4272678475577,19.665861513687602,2.200751476113795,3.911701556629093,3.603059581320451,2.818035426731079,0.0939345142243693
176,34.5679012345679,33.17901234567901,19.49141170155663,2.408749329039184,3.898282340311326,3.4621578099838968,2.898550724637681,0.0939345142243693
177,35.14492753623188,32.79656468062265,19.404186795491142,2.408749329039184,3.8311862587224907,3.5628019323671496,2.757648953301127,0.0939345142243693
178,35.49382716049383,32.628824476650564,18.98148148148148,2.5496511003757383,3.8177670424047236,3.435319377348363,2.999194847020934,0.0939345142243693
179,35.87627482555019,32.41411701556629,18.820450885668276,2.5429414922168547,3.8177670424047236,3.435319377348363,2.999194847020934,0.0939345142243693
180,36.41304347826087,32.03166935050993,18.59903381642512,2.442297369833602,3.81105743424584,3.408480944712829,3.2004830917874396,0.0939345142243693
181,36.46672034353194,31.99141170155663,18.585614600107355,2.442297369833602,3.81105743424584,3.408480944712829,3.2004830917874396,0.0939345142243693
182,36.67471819645733,31.83709071390231,18.531937734836287,2.408749329039184,3.81105743424584,3.3950617283950617,3.2004830917874396,0.14090177133655393
183,37.25845410628019,31.5955448201825,18.21658615136876,2.4020397208803006,3.797638217928073,3.3950617283950617,3.193773483628556,0.14090177133655393
184,37.506709608158886,31.52173913043478,18.06897477187332,2.4020397208803006,3.7909286097691894,3.374932903918411,3.193773483628556,0.14090177133655393
185,37.86231884057971,31.320450885668276,17.995169082125603,2.341653247450349,3.7909286097691894,3.374932903918411,3.1736446591519054,0.14090177133655393
186,38.399087493290395,30.96484165324745,17.860976918947934,2.3349436392914655,3.7573805689747717,3.374932903918411,3.166935050993022,0.14090177133655393
187,38.92914653784219,30.595813204508858,17.780461621041333,2.254428341384863,3.515834675254965,3.3548040794417604,3.4286097691894795,0.14090177133655393
188,39.351851851851855,30.46833064949007,17.67981749865808,2.1739130434782608,3.515834675254965,3.3548040794417604,3.3145464304884595,0.14090177133655393
189,39.40552871712292,30.454911433172303,17.66639828234031,2.167203435319377,3.5963499731615673,3.3145464304884595,3.2541599570585076,0.14090177133655393
190,39.62694578636608,30.12614063338701,17.632850241545892,2.15378421900161,3.589640365002684,3.3145464304884595,3.4151905528717124,0.14090177133655393
191,40.17713365539453,29.911433172302736,17.391304347826086,2.073268921095008,3.589640365002684,3.3011272141706924,3.4151905528717124,0.14090177133655393
192,40.55958132045089,29.663177670424048,17.297369833601717,2.0531400966183573,3.589640365002684,3.3011272141706924,3.3950617283950617,0.14090177133655393
193,41.136607622114866,29.32769726247987,17.07595276435856,2.0531400966183573,3.589640365002684,3.280998389694042,3.3950617283950617,0.14090177133655393
194,40.5931293612453,29.126409017713364,17.995169082125603,1.9994632313472893,3.488996242619431,3.260869565217391,3.3950617283950617,0.14090177133655393
195,40.78770799785293,29.045893719806763,17.901234567901234,1.9994632313472893,3.4688674181427803,3.260869565217391,3.3950617283950617,0.14090177133655393
196,41.04938271604938,28.951959205582394,17.894524959742352,1.9994632313472893,3.4621578099838968,3.1535158346752548,3.3480944712828773,0.14090177133655393
197,37.204777241009126,34.715512614063336,16.035963499731615,1.9726247987117553,3.307836822329576,3.1535158346752548,3.3480944712828773,0.2616747181964573
198,37.714707461084274,34.15190552871712,15.861513687600644,1.9592055823939882,3.408480944712829,3.1535158346752548,3.488996242619431,0.2616747181964573
199,38.09044551798175,33.9170692431562,15.640096618357488,1.9592055823939882,3.408480944712829,3.260869565217391,3.4621578099838968,0.2616747181964573
200,38.51315083199141,33.55475040257649,15.53274288781535,1.9457863660762211,3.535963499731616,3.2206119162640903,3.435319377348363,0.2616747181964573
201,36.178207192699944,32.769726247987116,19.088835212023618,1.7176596886741815,3.3950617283950617,3.193773483628556,3.408480944712829,0.24825550187869028
202,36.37949543746645,32.024959742351044,19.129092860976918,1.710950080515298,3.374932903918411,3.166935050993022,3.965378421900161,0.24825550187869028
203,36.65458937198068,31.85721953837896,18.96135265700483,1.6975308641975309,3.3682232957595275,3.166935050993022,4.052603327965647,0.24154589371980675
204,37.23161567364466,31.4345142243693,18.733225979602793,1.6975308641975309,3.3413848631239937,3.1535158346752548,4.166666666666667,0.24154589371980675
205,37.43961352657005,31.387546967257112,18.585614600107355,1.6975308641975309,3.3413848631239937,3.140096618357488,4.166666666666667,0.24154589371980675
206,37.6207729468599,31.246645195920557,18.55877616747182,1.6975308641975309,3.3413848631239937,3.1333870101986045,4.159957058507783,0.24154589371980675
207,36.178207192699944,29.817498658078367,18.303811057434245,1.5432098765432098,6.910896403650026,2.985775630703167,4.139828234031133,0.12077294685990338
208,36.32581857219538,29.643048845947398,18.08239398819109,1.8786902844873858,6.850509930220075,2.985775630703167,4.1129898013955986,0.12077294685990338
209,36.50697799248524,29.26731078904992,18.035426731078903,2.2074610842726785,6.850509930220075,2.985775630703167,4.025764895330113,0.12077294685990338
210,36.63446054750403,29.260601180891037,18.035426731078903,2.2074610842726785,6.850509930220075,2.965646806226516,3.92512077294686,0.12077294685990338
211,36.902844873859365,29.03918411164788,17.921363392377884,2.301395598497048,6.91760601180891,2.8784219001610305,3.9184111647879765,0.12077294685990338
212,37.23832528180354,28.650026838432634,17.887815351583466,2.301395598497048,6.850509930220075,2.804616210413312,4.146537842190016,0.12077294685990338
213,35.648148148148145,28.026033279656467,18.71309715512614,2.301395598497048,8.601717659688674,2.6435856146001075,3.9452495974235107,0.12077294685990338
214,36.00375738056898,27.91867954911433,18.612453032742888,2.281266774020397,8.57487922705314,2.6435856146001075,3.844605475040258,0.12077294685990338
215,36.54723564143854,27.737520128824478,18.263553408480945,2.442297369833602,8.460815888352121,2.6033279656468062,3.824476650563607,0.12077294685990338
216,36.68142780461621,27.697262479871174,18.16290928609769,2.442297369833602,8.601717659688674,2.4825550187869028,3.81105743424584,0.12077294685990338
217,36.41304347826087,27.49597423510467,17.438271604938272,2.442297369833602,8.480944712828771,3.8311862587224907,3.7775093934514223,0.12077294685990338
218,36.68142780461621,27.462426194310254,17.290660225442835,2.4154589371980677,8.480944712828771,3.770799785292539,3.7775093934514223,0.12077294685990338
219,37.144390767579175,27.059849704777243,17.270531400966185,2.4154589371980677,8.454106280193237,3.7573805689747717,3.7775093934514223,0.12077294685990338
220,37.41277509393451,26.99946323134729,17.122920021470748,2.408749329039184,8.440687063875469,3.7573805689747717,3.7372517444981215,0.12077294685990338
221,37.76167471819646,26.912238325281802,16.921631776704242,2.589908749329039,8.427267847557703,3.535963499731616,3.730542136339238,0.12077294685990338
222,38.09044551798175,26.710950080515296,16.874664519592056,2.522812667740204,8.507783145464305,3.4621578099838968,3.7104133118625873,0.12077294685990338
223,37.65432098765432,24.295491143317232,16.71363392377885,5.9514224369296835,8.467525496511003,3.4621578099838968,3.33467525496511,0.12077294685990338
224,37.27187332259796,23.07434245840043,16.700214707461082,5.9514224369296835,8.319914117015566,3.3950617283950617,5.166398282340311,0.12077294685990338
225,37.33225979602791,23.040794417606012,16.5727321524423,5.931293612453032,8.293075684380032,3.3950617283950617,5.314009661835748,0.12077294685990338
226,37.58722490606549,22.906602254428343,16.532474503488995,5.911164787976382,8.199141170155663,3.361513687600644,5.381105743424584,0.12077294685990338
227,38.1105743424584,22.611379495437465,16.29092860976919,5.850778314546431,8.333333333333334,3.3548040794417604,5.3274288781535155,0.12077294685990338
228,37.553676865271065,22.16183574879227,17.45169082125604,5.542136339237788,8.293075684380032,3.3548040794417604,5.522007514761138,0.12077294685990338
229,37.835480407944175,22.054482018250134,17.324208266237253,5.542136339237788,8.105206655931294,3.33467525496511,5.683038110574342,0.12077294685990338
230,38.177670424047236,21.70558239398819,17.24369296833065,6.025228126677402,8.051529790660226,3.307836822329576,5.367686527106817,0.12077294685990338
231,38.808373590982285,21.390230810520666,17.03569511540526,5.964841653247451,8.064949006977992,3.280998389694042,5.3341384863123995,0.12077294685990338
232,38.95598497047772,21.276167471819647,16.774020397208805,5.964841653247451,8.038110574342458,3.2742887815351582,5.595813204508857,0.12077294685990338
233,39.19753086419753,21.20907139023081,16.740472356414386,5.877616747181965,8.031400966183575,3.2541599570585076,5.5689747718733225,0.12077294685990338
234,39.392109500805155,21.095008051529792,16.6935050993022,5.864197530864198,8.031400966183575,3.2541599570585076,5.548845947396672,0.12077294685990338
235,39.42565754159957,21.054750402576488,16.344605475040257,5.797101449275362,8.333333333333334,3.2541599570585076,5.669618894256575,0.12077294685990338
236,39.774557165861516,21.027911969940956,16.150026838432634,5.770263016639828,8.232689210950081,3.2541599570585076,5.669618894256575,0.12077294685990338
237,40.15029522275899,20.94068706387547,15.995705850778315,5.703166935050993,8.21256038647343,3.227321524422974,5.649490069779925,0.12077294685990338
238,39.94900697799248,20.873590982286636,15.827965646806227,5.703166935050993,8.353462157809984,3.227321524422974,5.9447128287707995,0.12077294685990338
239,40.33145464304884,20.819914117015568,15.814546430488459,5.5756843800322065,8.239398819108963,3.207192699946323,5.891035963499732,0.12077294685990338
240,40.51932367149758,20.759527643585614,15.505904455179817,5.5756843800322065,8.185721953837897,3.1736446591519054,6.159420289855072,0.12077294685990338
241,40.96886741814278,20.611916264090176,15.344873859366613,5.46833064949007,8.172302737520129,3.1736446591519054,6.139291465378422,0.12077294685990338
242,41.40499194847021,20.585077831454644,15.123456790123457,5.46833064949007,8.064949006977992,3.1736446591519054,6.0587761674718195,0.12077294685990338
243,41.58615136876006,20.497852925389157,15.076489533011273,5.4616210413311865,8.051529790660226,3.166935050993022,6.038647342995169,0.12077294685990338
244,41.968599033816425,20.229468599033815,14.99597423510467,5.4616210413311865,7.96430488459474,3.166935050993022,6.092324208266238,0.12077294685990338
245,42.3845947396672,19.826892109500804,14.989264626945786,5.428073000536768,7.937466451959206,3.1602254428341383,6.152710681696189,0.12077294685990338
246,42.54562533548041,19.90740740740741,14.828234031132581,5.394524959742351,7.890499194847021,3.1602254428341383,6.152710681696189,0.12077294685990338
247,42.8341384863124,19.49812130971551,14.647074610842727,5.320719269994632,7.863660762211487,3.4286097691894795,6.286902844873859,0.12077294685990338
248,42.92807300053677,19.49141170155663,14.647074610842727,5.320719269994632,7.7898550724637685,3.4286097691894795,6.273483628556092,0.12077294685990338
249,43.02871712292002,19.35721953837896,14.412238325281804,5.320719269994632,7.763016639828234,3.743961352657005,6.253354804079442,0.12077294685990338
250,42.290660225442835,19.26328502415459,15.901771336553946,5.246913580246914,7.474503488996243,3.3413848631239937,6.360708534621578,0.12077294685990338
251,42.49865807836822,19.229736983360173,15.727321524422974,5.22007514761138,7.467793880837359,3.44873859366613,6.286902844873859,0.12077294685990338
252,42.981749865807835,18.94122383252818,15.666935050993022,5.2066559312936125,7.467793880837359,3.3279656468062266,6.286902844873859,0.12077294685990338
253,43.4044551798175,18.719806763285025,15.619967793880837,5.0993022007514766,7.467793880837359,3.307836822329576,6.260064412238325,0.12077294685990338
254,43.364197530864196,18.21658615136876,15.526033279656469,6.105743424584004,7.353730542136339,3.3011272141706924,6.011808910359635,0.12077294685990338
255,43.364197530864196,17.894524959742352,15.391841116478798,6.078904991948471,7.353730542136339,3.2742887815351582,6.521739130434782,0.12077294685990338
256,43.545356951154055,17.659688674181428,15.35829307568438,6.333870101986044,7.353730542136339,3.166935050993022,6.461352657004831,0.12077294685990338
257,43.612453032742884,17.632850241545892,15.311325818572195,6.327160493827161,7.300053676865271,3.166935050993022,6.528448738593666,0.12077294685990338
258,44.06199677938808,17.51207729468599,15.210681696188942,6.286902844873859,7.159151905528717,3.1333870101986045,6.515029522275899,0.12077294685990338
259,44.316961889425656,17.51207729468599,15.163714439076758,6.253354804079442,7.0450885668276975,3.1199677938808374,6.468062265163715,0.12077294685990338
260,44.63231347289318,17.371175523349436,15.13016639828234,6.206387546967257,6.998121309715513,3.0864197530864197,6.454643048845948,0.12077294685990338
261,44.99463231347289,17.330917874396135,14.99597423510467,6.179549114331723,6.998121309715513,3.0864197530864197,6.374127750939345,0.040257648953301126
262,45.16237251744498,17.324208266237253,14.99597423510467,6.085614600107354,6.991411701556629,3.0864197530864197,6.3137412775093935,0.040257648953301126
263,45.55823939881911,17.14975845410628,14.955716586151368,6.085614600107354,6.837090713902308,3.0864197530864197,6.286902844873859,0.040257648953301126
264,46.01449275362319,16.874664519592056,14.855072463768115,6.025228126677402,6.957863660762212,2.945517981749866,6.286902844873859,0.040257648953301126
265,46.09500805152979,16.854535695115406,14.821524422973699,6.025228126677402,6.9310252281266775,2.945517981749866,6.286902844873859,0.040257648953301126
266,46.5378421900161,16.76731078904992,14.754428341384862,5.998389694041868,6.769994632313473,2.918679549114332,6.213097155126141,0.040257648953301126
267,46.77938808373591,16.71363392377885,14.687332259796028,5.998389694041868,6.696188942565755,2.8918411164787976,6.1929683306494905,0.040257648953301126
268,46.89345142243693,16.472088030059044,14.512882447665056,5.978260869565218,6.642512077294686,2.8918411164787976,6.568706387546968,0.040257648953301126
269,47.26247987117552,16.465378421900162,14.331723027375201,5.917874396135265,6.642512077294686,2.8515834675254963,6.488191089640365,0.040257648953301126
270,47.68518518518518,16.398282340311326,14.15727321524423,5.850778314546431,6.622383252818035,2.8515834675254963,6.394256575415996,0.040257648953301126
271,47.457058507783145,16.17686527106817,14.090177133655395,5.803811057434245,7.266505636070853,2.7777777777777777,6.387546967257112,0.040257648953301126
272,47.678475577026305,16.17686527106817,14.070048309178745,5.790391841116479,7.14573268921095,2.7106816961889426,6.387546967257112,0.040257648953301126
273,47.88647342995169,16.1231884057971,13.90901771336554,5.978260869565218,7.0383789586688135,2.7106816961889426,6.3137412775093935,0.040257648953301126
274,48.18169618894257,16.022544283413847,13.828502415458937,5.904455179817498,7.0383789586688135,2.7106816961889426,6.273483628556092,0.040257648953301126
275,48.28234031132582,15.982286634460548,13.828502415458937,5.904455179817498,6.998121309715513,2.7106816961889426,6.253354804079442,0.040257648953301126
276,48.45679012345679,15.92860976918948,13.808373590982287,5.884326355340848,6.937734836285561,2.7106816961889426,6.233225979602791,0.040257648953301126
277,48.8593666129898,15.747450348899624,13.741277509393452,5.797101449275362,6.89747718733226,2.7106816961889426,6.206387546967257,0.040257648953301126
278,49.00697799248524,15.734031132581856,13.70101986044015,5.770263016639828,6.863929146537842,2.7106816961889426,6.172839506172839,0.040257648953301126
279,49.443102522812666,15.566290928609769,13.627214170692431,5.676328502415459,6.823671497584541,2.7106816961889426,6.112453032742888,0.040257648953301126
280,49.765163714439076,15.385131508319914,13.573537305421363,5.615942028985507,6.823671497584541,2.6838432635534084,6.112453032742888,0.040257648953301126
281,49.563875469672574,15.734031132581856,13.439345142243694,5.5756843800322065,6.944444444444445,2.589908749329039,6.112453032742888,0.040257648953301126
282,49.69135802469136,15.479066022544284,13.251476113794954,6.025228126677402,6.904186795491143,2.589908749329039,6.018518518518518,0.040257648953301126
283,50.0402576489533,15.391841116478798,13.177670424047236,5.938003220611916,6.904186795491143,2.589908749329039,5.917874396135265,0.040257648953301126
