,45,50,55,52,54,53,57,51,56,58
0,99.85238862050456,0.14761137949543746,,,,,,,,
1,90.00939345142244,9.990606548577563,,,,,,,,
2,89.62694578636608,10.373054213633925,,,,,,,,
3,89.51288244766505,10.487117552334944,,,,,,,,
4,84.95034889962426,14.928878153515834,0.12077294685990338,,,,,,,
5,84.2860976918948,12.734836285560924,0.12077294685990338,2.737520128824477,0.12077294685990338,,,,,
6,84.31964573268921,12.701288244766506,0.12077294685990338,2.737520128824477,0.12077294685990338,,,,,
7,82.3671497584541,14.667203435319378,0.12077294685990338,2.7241009125067097,0.12077294685990338,,,,,
8,78.65002683843264,18.38432635534085,0.12077294685990338,2.7241009125067097,0.12077294685990338,,,,,
9,78.67015566290928,18.364197530864196,0.12077294685990338,2.7241009125067097,0.12077294685990338,,,,,
10,77.13365539452496,19.49141170155663,0.12077294685990338,2.6502952227589907,0.12077294685990338,0.4830917874396135,,,,
11,74.65780998389694,21.89345142243693,0.2549651100375738,2.589908749329039,0.12077294685990338,0.4830917874396135,,,,
12,74.7181964573269,20.658883521202362,0.2281266774020397,3.7909286097691894,0.12077294685990338,0.4830917874396135,,,,
13,74.50348899624262,20.33011272141707,0.2281266774020397,4.2203435319377345,0.23483628556092323,0.4830917874396135,,,,
14,55.501878690284485,37.67444981213097,0.2281266774020397,2.4557165861513686,3.421900161030596,0.5971551261406334,0.12077294685990338,,,
15,55.542136339237786,36.85587761674718,0.8454106280193237,2.3215244229736984,3.421900161030596,0.5971551261406334,0.11406333870101985,0.1610305958132045,0.14090177133655393,
16,54.69672571121846,35.31266774020397,1.5432098765432098,2.0531400966183573,3.4688674181427803,0.5971551261406334,0.11406333870101985,2.073268921095008,0.14090177133655393,
17,52.57648953301127,37.58722490606549,1.4761137949543746,2.0531400966183573,3.4688674181427803,0.8521202361782072,0.11406333870101985,1.7310789049919484,0.14090177133655393,
18,52.53623188405797,37.66774020397209,1.4761137949543746,2.0531400966183573,3.4420289855072466,0.8521202361782072,0.11406333870101985,1.7176596886741815,0.14090177133655393,
19,47.94685990338164,31.93102522812668,0.8588298443370908,2.0531400966183573,3.4420289855072466,0.9393451422436929,0.11406333870101985,12.573805689747719,0.14090177133655393,
20,48.15485775630703,31.642512077294686,0.8588298443370908,2.0531400966183573,3.4420289855072466,1.0534084809447128,0.11406333870101985,12.5402576489533,0.14090177133655393,
21,45.880300590445515,34.35319377348363,0.8588298443370908,2.0531400966183573,3.4420289855072466,1.0534084809447128,0.11406333870101985,12.104133118625873,0.14090177133655393,
22,37.78180354267311,42.552334943639295,0.8319914117015567,2.0531400966183573,3.3011272141706924,1.0534084809447128,0.11406333870101985,11.969940955448202,0.3421900161030596,
23,38.191089640365,41.45195920558239,0.8319914117015567,2.7979066022544283,3.3011272141706924,1.0534084809447128,0.11406333870101985,11.916264090177133,0.3421900161030596,
24,32.92404723564144,44.50483091787439,1.1003757380568975,2.7844873859366612,3.455448201825013,1.4559849704777241,0.11406333870101985,13.318572195383789,0.3421900161030596,
25,30.92458400429415,47.32286634460547,1.3888888888888888,2.717391304347826,3.455448201825013,1.3486312399355878,0.11406333870101985,12.385936661298981,0.3421900161030596,
26,31.125872249060656,47.134997316156735,1.3888888888888888,2.717391304347826,3.455448201825013,1.3486312399355878,0.11406333870101985,12.372517444981213,0.3421900161030596,
27,27.66371443907676,51.590177133655395,1.1808910359634996,1.8384326355340848,3.408480944712829,1.3486312399355878,0.11406333870101985,12.365807836822329,0.48980139559849706,
28,26.48953301127214,48.78556092324208,1.1741814278046163,,3.4017713365539453,1.1473429951690821,,18.733225979602793,0.2683843263553409,
29,26.187600644122384,47.67176596886742,2.4154589371980677,,3.3950617283950617,1.1473429951690821,,18.914385399892645,0.2683843263553409,
30,25.657541599570585,47.30944712828771,2.536231884057971,,3.3950617283950617,1.1473429951690821,,19.685990338164252,0.2683843263553409,
31,25.34219001610306,46.59151905528717,2.3215244229736984,,3.2541599570585076,1.06682769726248,,20.833333333333332,0.5904455179817498,
32,25.55689747718733,45.330112721417066,2.3215244229736984,,3.207192699946323,2.2879763821792807,,20.605206655931294,0.6910896403650026,
33,22.074610842726784,46.00107353730542,2.428878153515835,,3.3145464304884595,5.0993022007514766,,20.39049919484702,0.6910896403650026,
34,21.81964573268921,46.18894256575416,2.5563607085346214,,3.3145464304884595,5.0858829844337095,,20.343531937734838,0.6910896403650026,
35,22.27589908749329,45.54482018250134,2.7979066022544283,,3.3145464304884595,5.193236714975845,,20.182501341921633,0.6910896403650026,
36,22.309447128287708,45.04159957058508,2.7979066022544283,,3.2675791733762747,5.736714975845411,,20.175791733762747,0.6709608158883521,
37,22.805958132045088,40.96886741814278,2.7979066022544283,3.770799785292539,3.2675791733762747,5.60252281266774,,20.115405260332796,0.6709608158883521,
38,23.11460010735373,40.734031132581855,2.7979066022544283,3.743961352657005,3.227321524422974,5.60252281266774,,20.115405260332796,0.6642512077294686,
39,23.517176596886742,40.143585614600106,2.9119699409554483,3.743961352657005,3.5292538915727323,5.60252281266774,,19.91411701556629,0.6374127750939346,
40,23.13472893183038,38.36553945249597,3.3950617283950617,3.743961352657005,4.086151368760064,7.112184648416532,,19.28341384863124,0.8789586688137413,
41,21.14868491680086,39.58668813741278,3.5292538915727323,3.2877079978529253,4.374664519592056,6.910896403650026,,20.115405260332796,1.0466988727858293,
42,21.155394524959743,39.24449812130972,3.5829307568438002,3.140096618357488,4.374664519592056,6.857219538378959,,20.45088566827697,1.1943102522812667,
43,20.50456253354804,37.72812667740204,3.4688674181427803,3.5829307568438002,4.274020397208803,7.25979602791197,,22.108158883521202,1.0735373054213635,
44,20.853462157809982,37.64761137949544,3.4688674181427803,3.455448201825013,4.274020397208803,7.25979602791197,,21.74584004294149,1.2949543746645196,
45,19.558507783145465,32.729468599033815,3.052871712292002,5.763553408480945,3.549382716049383,11.392914653784219,,22.685185185185187,1.2681159420289856,
46,19.840311325818572,31.655931293612454,2.965646806226516,5.743424584004294,3.535963499731616,14.110305958132045,,20.88030059044552,1.2681159420289856,
47,20.182501341921633,31.588835212023618,2.952227589908749,5.730005367686527,3.535963499731616,14.13714439076758,,20.585077831454644,1.288244766505636,
48,20.229468599033815,31.239935587761675,3.4420289855072466,5.676328502415459,3.046162104133119,14.687332259796028,,20.50456253354804,1.1741814278046163,
49,20.263016639828233,30.770263016639827,3.8043478260869565,7.058507783145465,3.435319377348363,13.097155126140633,,20.397208803005906,1.1741814278046163,
50,20.323403113258184,29.797369833601717,3.1870638754696725,7.0383789586688135,3.113258185721954,13.170960815888352,,22.054482018250134,1.3150831991411702,
51,20.69243156199678,29.676596886741816,3.6768652710681695,7.024959742351046,3.099838969404187,13.150831991411701,,21.390230810520666,1.288244766505636,
52,20.90042941492217,29.55582393988191,3.556092324208266,6.944444444444445,3.5225442834138487,13.070316693505099,,21.162104133118625,1.288244766505636,
53,20.598497047772412,28.67686527106817,3.4420289855072466,8.829844337090714,3.5225442834138487,13.063607085346217,,20.578368223295758,1.288244766505636,
54,20.638754696725712,28.670155662909288,3.3011272141706924,8.829844337090714,3.5225442834138487,13.22463768115942,,20.52469135802469,1.288244766505636,
55,21.021202361782073,28.33467525496511,3.3011272141706924,8.776167471819646,3.616478797638218,13.063607085346217,,20.45088566827697,1.4358561460010735,
56,21.578099838969404,28.26086956521739,3.1870638754696725,8.890230810520666,3.5292538915727323,13.030059044551798,,20.088566827697264,1.4358561460010735,
57,21.772678475577028,26.77133655394525,3.784219001610306,8.890230810520666,3.502415458937198,13.251476113794954,,20.598497047772412,1.42914653784219,
58,21.826355340848096,26.7914653784219,3.898282340311326,8.883521202361782,3.488996242619431,13.056897477187333,,20.397208803005906,1.5365002683843263,0.12077294685990338
59,21.638486312399355,26.8317230273752,3.864734299516908,8.729200214707461,3.488996242619431,12.882447665056361,,20.90713902308105,1.5365002683843263,0.12077294685990338
60,21.470746108427267,25.503220611916262,3.7909286097691894,8.621846484165324,3.9720880300590444,12.882447665056361,,22.10144927536232,1.5365002683843263,0.12077294685990338
61,21.91358024691358,25.228126677402038,3.6231884057971016,8.749329039184111,3.9586688137412773,12.855609232420827,,22.014224369296834,1.5365002683843263,0.12077294685990338
62,22.34970477724101,25.15432098765432,3.6634460547504024,8.621846484165324,3.9586688137412773,12.828770799785293,,21.83977455716586,1.4626945786366077,0.12077294685990338
63,22.530864197530864,25.033548040794418,3.6634460547504024,8.621846484165324,3.9586688137412773,12.828770799785293,,21.77938808373591,1.4626945786366077,0.12077294685990338
64,22.094739667203434,23.483628556092324,3.784219001610306,11.75523349436393,4.17337627482555,11.621041331186259,,21.69887278582931,1.3083735909822867,0.08051529790660225
65,22.322866344605476,23.295759527643586,3.898282340311326,11.688137412775093,4.159957058507783,11.735104669887278,,21.370101986044016,1.4492753623188406,0.08051529790660225
66,22.034353193773484,22.73215244229737,3.8714439076757916,11.466720343531938,4.159957058507783,13.110574342458401,,21.095008051529792,1.4492753623188406,0.08051529790660225
67,22.57783145464305,22.537573805689746,3.8311862587224907,11.3191089640365,4.2270531400966185,12.962962962962964,,20.8064949006978,1.6572732152442298,0.08051529790660225
68,22.490606548577563,22.953569511540525,3.8311862587224907,11.3191089640365,4.193505099302201,12.828770799785293,,20.645464304884594,1.6572732152442298,0.08051529790660225
69,22.18196457326892,22.497316156736446,4.2270531400966185,11.258722490606548,5.884326355340848,12.808641975308642,,19.558507783145465,1.5029522275899088,0.08051529790660225
70,22.463768115942027,22.356414385399894,4.213633923778851,11.225174449812132,5.877616747181965,12.74825550187869,,19.53166935050993,1.5029522275899088,0.08051529790660225
71,20.679012345679013,20.564949006977994,3.643317230273752,14.841653247450349,5.528717122920021,12.86231884057971,,20.29656468062265,1.5029522275899088,0.08051529790660225
72,20.739398819108963,20.538110574342458,3.643317230273752,15.297906602254429,5.636070853462158,12.486580783682234,,20.148953301127214,1.42914653784219,0.08051529790660225
73,20.699141170155663,20.48443370907139,3.6366076221148687,15.197262479871176,4.864465915190553,11.949812130971551,,21.557971014492754,1.5297906602254427,0.08051529790660225
74,20.632045088566827,19.773215244229736,3.5762211486849167,16.203703703703702,4.931561996779388,11.922973698336017,,21.35668276972625,1.5230810520665594,0.08051529790660225
75,20.96081588835212,19.732957595276435,3.5762211486849167,16.14331723027375,4.931561996779388,11.922973698336017,,21.128556092324207,1.5230810520665594,0.08051529790660225
76,21.309715512614062,19.26328502415459,3.9184111647879765,16.056092324208265,4.864465915190553,11.956521739130435,,21.027911969940956,1.5230810520665594,0.08051529790660225
77,20.517981749865807,19.32367149758454,3.911701556629093,15.780998389694043,4.864465915190553,11.728395061728396,,22.269189479334408,1.5230810520665594,0.08051529790660225
78,20.86688137412775,19.236446591519055,3.9049919484702094,15.687063875469672,4.864465915190553,11.641170155662909,0.08051529790660225,22.114868491680085,1.5230810520665594,0.08051529790660225
79,20.075147611379496,18.411164787976382,3.992216854535695,15.693773483628556,4.676596886741814,11.641170155662909,0.08051529790660225,23.825818572195384,1.5230810520665594,0.08051529790660225
80,20.101986044015028,18.276972624798713,3.9049919484702094,16.606280193236714,4.824208266237251,10.68840579710145,0.08051529790660225,23.93317230273752,1.5029522275899088,0.08051529790660225
81,20.12211486849168,17.74020397208803,4.428341384863124,16.59957058507783,4.817498658078368,10.68840579710145,0.08051529790660225,23.939881910896403,1.5029522275899088,0.08051529790660225
82,20.45088566827697,17.659688674181428,4.394793344068707,16.545893719806763,4.817498658078368,10.628019323671497,0.08051529790660225,23.839237788513152,1.5029522275899088,0.08051529790660225
83,20.638754696725712,17.538915727321523,4.367954911433173,16.51905528717123,4.824208266237251,10.628019323671497,0.08051529790660225,23.698336017176597,1.6237251744498122,0.08051529790660225
84,20.913848631239937,17.364465915190554,4.488727858293076,16.465378421900162,4.810789049919484,10.607890499194847,0.08051529790660225,23.564143853998928,1.6237251744498122,0.08051529790660225
85,21.215780998389693,17.3040794417606,4.51556629092861,16.404991948470208,4.757112184648417,10.520665593129362,0.08051529790660225,23.49704777241009,1.6237251744498122,0.08051529790660225
86,21.36339237788513,17.28395061728395,4.508856682769726,16.364734299516908,4.7101449275362315,10.513955984970478,0.08051529790660225,23.470209339774556,1.6237251744498122,0.08051529790660225
87,21.517713365539453,16.921631776704242,4.508856682769726,16.243961352657006,4.7101449275362315,10.258990874932904,0.08051529790660225,24.074074074074073,1.6035963499731616,0.08051529790660225
88,21.85990338164251,16.646537842190018,4.448470209339774,16.203703703703702,5.280461621041331,10.084541062801932,,23.852657004830917,1.5432098765432098,0.08051529790660225
89,22.25577026301664,16.646537842190018,4.562533548040794,16.223832528180353,5.199946323134729,10.044283413848632,,23.49033816425121,1.4962426194310252,0.08051529790660225
90,21.752549651100377,15.774288781535159,4.38137412775094,16.492216854535695,5.092592592592593,10.124798711755233,,24.9194847020934,1.3821792807300053,0.08051529790660225
91,21.74584004294149,15.767579173376275,4.341116478797638,16.398282340311326,5.287171229200215,10.111379495437467,,24.88593666129898,1.3821792807300053,0.08051529790660225
92,19.961084272678477,15.029522275899087,4.428341384863124,18.78690284487386,5.273752012882448,10.111379495437467,,24.838969404186795,1.4895330112721417,0.08051529790660225
93,20.068438003220614,14.855072463768115,5.522007514761138,17.894524959742352,5.387815351583468,10.158346752549651,,24.54374664519592,1.4895330112721417,0.08051529790660225
94,19.994632313472895,14.63365539452496,5.662909286097692,18.317230273752013,5.22007514761138,10.305958132045088,,24.295491143317232,1.4895330112721417,0.08051529790660225
95,20.263016639828233,14.298174986580785,5.662909286097692,18.263553408480945,5.6964573268921095,10.131508319914117,,24.114331723027377,1.4895330112721417,0.08051529790660225
96,20.316693505099302,14.123725174449811,5.662909286097692,18.095813204508858,5.9514224369296835,10.245571658615138,,24.074074074074073,1.4492753623188406,0.08051529790660225
97,20.40391841116479,14.110305958132045,5.649490069779925,18.02871712292002,5.938003220611916,10.393183038110575,,23.946591519055286,1.4492753623188406,0.08051529790660225
98,19.712828770799785,16.6129898013956,4.978529253891573,17.753623188405797,5.844068706387547,9.742351046698873,,23.832528180354267,1.442565754159957,0.08051529790660225
99,19.47799248523886,16.1231884057971,4.851046698872786,16.97530864197531,5.736714975845411,9.990606548577563,,25.32206119162641,1.442565754159957,0.08051529790660225
100,13.18438003220612,42.914653784219,3.69699409554482,8.977455716586151,3.844605475040258,8.225979602791197,,18.00187869028449,1.1473429951690821,0.0067096081588835215
101,13.271604938271604,40.86822329575953,3.9720880300590444,8.816425120772946,3.9519592055823938,9.970477724100913,,17.995169082125603,1.1473429951690821,0.0067096081588835215
102,12.701288244766506,40.07648953301127,4.3545356951154055,8.387010198604402,3.938539989264627,9.4873859366613,,20.055018786902846,0.9930220075147611,0.0067096081588835215
103,13.170960815888352,39.59339774557166,4.414922168545357,9.648416532474503,3.938539989264627,9.447128287707997,,18.78690284487386,0.9930220075147611,0.0067096081588835215
104,13.39237788513151,39.49946323134729,4.414922168545357,9.648416532474503,3.938539989264627,9.447128287707997,,18.659420289855074,0.9930220075147611,0.0067096081588835215
105,13.580246913580247,39.23778851315083,4.5893719806763285,9.54777241009125,3.938539989264627,9.447128287707997,,18.659420289855074,0.9930220075147611,0.0067096081588835215
106,13.788244766505636,37.72812667740204,4.723564143853999,10.815888352120236,3.992216854535695,9.232420826623725,,18.33064949006978,1.3821792807300053,0.0067096081588835215
107,14.130434782608695,37.43961352657005,4.898013955984971,10.775630703166936,3.992216854535695,9.225711218464841,,18.149490069779926,1.3821792807300053,0.0067096081588835215
108,14.600107353730541,36.943102522812666,5.226784755770263,10.487117552334944,4.200214707461084,9.212292002147075,,17.941492216854535,1.3821792807300053,0.0067096081588835215
109,15.056360708534621,36.66129898013956,5.260332796564681,10.581052066559312,4.146537842190016,9.064680622651638,,17.85426731078905,1.3687600644122384,0.0067096081588835215
110,14.955716586151368,35.65485775630703,6.615673644659152,10.560923242082662,4.119699409554482,9.064680622651638,,17.652979066022546,1.3687600644122384,0.0067096081588835215
111,15.291196994095545,35.57434245840043,6.723027375201288,10.815888352120236,4.03918411164788,8.950617283950617,,17.3040794417606,1.2949543746645196,0.0067096081588835215
112,15.277777777777779,35.319377348362856,6.501610305958132,11.768652710681696,4.03918411164788,8.561460010735374,,17.23027375201288,1.2949543746645196,0.0067096081588835215
113,14.707461084272678,31.749865807836823,6.333870101986044,10.064412238325282,4.38137412775094,7.997852925389157,,23.47691894793344,1.288244766505636,
114,14.848362855609233,31.682769726247987,6.494900697799249,10.017444981213098,4.3545356951154055,7.890499194847021,,23.43666129898014,1.2748255501878691,
115,14.351851851851851,32.749597423510465,7.159151905528717,10.010735373054214,4.28743961352657,7.5281803542673105,,22.785829307568438,1.1272141706924315,
116,14.465915190552872,32.25979602791197,7.608695652173913,9.96376811594203,4.28743961352657,7.5281803542673105,,22.785829307568438,1.1003757380568975,
117,14.915458937198068,32.024959742351044,7.447665056360709,9.96376811594203,4.388083735909823,7.427536231884058,,22.584541062801932,1.247987117552335,
118,15.096618357487923,31.93773483628556,7.447665056360709,9.950348899624261,4.388083735909823,7.4141170155662905,,22.517444981213096,1.247987117552335,
119,15.45222758990875,31.582125603864736,7.440955448201825,9.614868491680086,4.938271604938271,7.407407407407407,,22.31615673644659,1.247987117552335,
120,15.767579173376275,28.79092860976919,6.629092860976919,9.514224369296834,8.467525496511003,7.266505636070853,,22.31615673644659,1.247987117552335,
121,15.92860976918948,28.63660762211487,6.736446591519055,9.480676328502415,8.467525496511003,7.266505636070853,,22.23564143853999,1.247987117552335,
122,16.23054213633924,28.488996242619432,6.716317767042405,9.447128287707997,8.467525496511003,7.266505636070853,,22.134997316156735,1.247987117552335,
123,16.31105743424584,27.958937198067634,7.239667203435319,9.447128287707997,8.319914117015566,7.266505636070853,,22.04777241009125,1.4090177133655395,
124,16.666666666666668,27.81803542673108,7.347020933977456,9.366612989801396,8.219269994632313,7.185990338164252,0.08722490606548577,21.900161030595815,1.4090177133655395,
125,16.59957058507783,24.785292538915726,7.555018786902845,9.326355340848094,6.884057971014493,11.594202898550725,,21.76596886741814,1.4895330112721417,
126,16.914922168545356,24.590713902308106,7.37385936661299,9.326355340848094,7.03166935050993,11.694847020933977,,21.544551798174986,1.5230810520665594,
127,17.431561996779386,24.362587224906065,7.434245840042942,9.286097691894794,7.024959742351046,11.708266237251744,,21.235909822866343,1.5163714439076759,
128,17.411433172302736,24.261943102522814,7.192699946323135,9.232420826623725,7.024959742351046,12.191358024691358,,21.16881374127751,1.5163714439076759,
129,17.652979066022546,23.678207192699947,8.064949006977992,9.138486312399356,6.857219538378959,12.037037037037036,,21.054750402576488,1.5163714439076759,
130,16.13660762211487,26.570048309178745,8.3064949006978,8.192431561996779,6.830381105743425,11.889425657541599,,20.571658615136876,1.5029522275899088,
131,16.190284487385938,26.241277509393452,8.655394524959743,8.152173913043478,6.823671497584541,11.889425657541599,,20.42404723564144,1.6237251744498122,
132,16.431830381105744,26.147342995169083,8.601717659688674,8.246108427267847,6.823671497584541,11.802200751476114,,20.26972624798712,1.6774020397208802,
133,16.566022544283413,24.94632313472893,8.293075684380032,8.132045088566828,6.743156199677939,13.513150831991412,,20.128824476650564,1.6774020397208802,
134,16.6935050993022,24.84567901234568,8.21256038647343,8.11862587224906,6.890767579173376,13.479602791196994,,20.081857219538378,1.6774020397208802,
135,16.76731078904992,24.684648416532475,8.440687063875469,8.313204508856682,7.206119162640902,12.99651100375738,,19.91411701556629,1.6774020397208802,
136,17.008856682769725,24.52361782071927,8.433977455716587,8.870101986044014,7.0383789586688135,12.828770799785293,,19.659151905528716,1.6371443907675791,
137,17.028985507246375,24.4296833064949,8.521202361782072,8.99087493290392,7.179280730005368,12.795222758990874,,19.47128287707998,1.583467525496511,
138,17.465110037573805,24.282071926999464,8.507783145464305,8.870101986044014,7.132313472893183,12.754965110037574,,19.404186795491142,1.583467525496511,
139,17.652979066022546,24.268652710681696,8.433977455716587,8.970746108427267,7.024959742351046,12.70799785292539,,19.35721953837896,1.583467525496511,
140,17.98174986580784,24.235104669887278,8.420558239398819,8.84326355340848,7.024959742351046,12.661030595813205,,19.249865807836823,1.583467525496511,
141,18.23671497584541,24.020397208803004,8.360171765968868,8.809715512614064,6.984702093397746,12.882447665056361,,19.008319914117017,1.6975308641975309,
142,18.531937734836287,23.731884057971016,8.313204508856682,9.131776704240472,6.977992485238862,12.74825550187869,,18.867418142780462,1.6975308641975309,
143,18.491680085882983,23.517176596886742,8.527911969940956,9.084809447128288,7.25979602791197,12.607353730542137,,18.726516371443907,1.6639828234031133,0.12077294685990338
144,18.417874396135264,23.356146001073537,8.246108427267847,8.57487922705314,7.185990338164252,12.47987117552335,,19.98792270531401,1.6304347826086956,0.12077294685990338
145,19.028448738593667,23.17498658078368,8.232689210950081,8.494363929146537,7.105475040257649,12.385936661298981,,19.847020933977454,1.6103059581320451,0.12077294685990338
146,19.45115405260333,22.893183038110575,8.219269994632313,8.460815888352121,7.105475040257649,12.332259796027913,,19.847020933977454,1.570048309178744,0.12077294685990338
147,19.538378958668815,22.6784755770263,8.038110574342458,8.340042941492216,8.28636607622115,11.594202898550725,0.11406333870101985,19.719538378958667,1.570048309178744,0.12077294685990338
148,19.719538378958667,22.38996242619431,7.950885668276973,8.507783145464305,8.05823939881911,12.198067632850242,0.11406333870101985,19.236446591519055,1.570048309178744,0.2549651100375738
149,20.377079978529252,22.262479871175522,7.7898550724637685,8.333333333333334,7.991143317230274,12.191358024691358,0.11406333870101985,19.11567364465915,1.570048309178744,0.2549651100375738
150,17.45169082125604,22.061191626409016,7.246376811594203,7.9106280193236715,5.770263016639828,10.82259796027912,0.11406333870101985,27.30810520665593,0.8990874932903918,0.41599570585077833
151,17.820719269994633,21.953837895866883,7.219538378958669,7.883789586688137,5.71658615136876,10.721953837895867,0.11406333870101985,27.26113794954375,0.8990874932903918,0.4092860976918948
152,17.102791196994094,21.32313472893183,6.5485775630703165,7.763016639828234,5.5689747718733225,10.487117552334944,0.11406333870101985,29.78395061728395,0.8990874932903918,0.4092860976918948
153,17.404723564143854,21.141975308641975,6.528448738593666,7.749597423510467,5.495169082125604,10.46027911969941,0.20799785292538917,29.70343531937735,0.8990874932903918,0.4092860976918948
154,17.438271604938272,19.83360171765969,6.293612453032743,7.742887815351583,5.609232420826624,12.130971551261407,0.20799785292538917,29.441760601180892,0.8923778851315083,0.4092860976918948
155,17.673107890499196,19.79334406870639,6.608964036500268,7.588566827697263,5.609232420826624,11.963231347289318,0.20799785292538917,29.25389157273215,0.8923778851315083,0.4092860976918948
156,18.10252281266774,19.73966720343532,6.863929146537842,7.5348899624261945,5.441492216854535,12.00348899624262,0.20799785292538917,28.804347826086957,0.8923778851315083,0.4092860976918948
157,18.511808910359633,19.55179817498658,6.863929146537842,7.50805152979066,5.421363392377885,12.06387546967257,0.20799785292538917,28.576221148684915,0.8856682769726248,0.4092860976918948
158,18.9345142243693,19.269994632313473,6.642512077294686,7.937466451959206,5.387815351583468,12.06387546967257,0.20799785292538917,28.307836822329577,0.8387010198604401,0.4092860976918948
159,19.082125603864736,19.243156199677937,6.642512077294686,7.957595276435856,5.374396135265701,12.030327428878154,0.20799785292538917,28.093129361245303,0.9594739667203436,0.4092860976918948
160,19.216317767042405,17.934782608695652,6.219806763285024,7.957595276435856,5.314009661835748,14.13714439076758,0.1878690284487386,27.717391304347824,1.0265700483091786,0.2885131508319914
161,19.592055823939884,17.860976918947934,6.219806763285024,7.944176060118089,5.300590445517981,14.096886741814279,0.1878690284487386,27.482555018786904,1.0265700483091786,0.2885131508319914
162,20.068438003220614,17.639559849704778,6.213097155126141,7.944176060118089,5.24020397208803,13.989533011272142,0.1878690284487386,27.4020397208803,1.0265700483091786,0.2885131508319914
163,19.85373054213634,17.485238862050455,6.233225979602791,7.2933440687063875,5.24020397208803,13.982823403113258,0.1878690284487386,28.193773483628558,1.2412775093934514,0.2885131508319914
164,20.276435856146,17.196725711218466,6.199677938808374,7.206119162640902,5.0791733762748255,14.231078904991948,0.1878690284487386,28.093129361245303,1.2412775093934514,0.2885131508319914
165,20.142243692968332,16.337895866881375,5.924584004294149,8.829844337090714,5.01207729468599,14.049919484702093,0.1878690284487386,27.83816425120773,1.3888888888888888,0.2885131508319914
166,20.417337627482556,16.27750939345142,5.884326355340848,8.829844337090714,4.99194847020934,14.016371443907676,0.1878690284487386,27.74422973698336,1.3620504562533549,0.2885131508319914
167,20.28985507246377,16.183574879227052,5.884326355340848,9.01100375738057,4.985238862050457,13.714439076757918,0.1878690284487386,28.093129361245303,1.3620504562533549,0.2885131508319914
168,20.739398819108963,16.109769189479334,5.71658615136876,8.930488459473967,5.776972624798712,13.667471819645733,0.1878690284487386,27.462426194310254,1.1205045625335481,0.2885131508319914
169,20.92055823939882,16.109769189479334,5.6964573268921095,8.930488459473967,5.864197530864198,13.633923778851315,0.1878690284487386,27.24771873322598,1.1205045625335481,0.2885131508319914
170,21.155394524959743,15.901771336553946,5.998389694041868,8.809715512614064,5.783682232957595,13.613794954374665,0.1878690284487386,27.140365002683843,1.1205045625335481,0.2885131508319914
171,21.32313472893183,15.881642512077295,5.998389694041868,8.641975308641975,5.850778314546431,13.573537305421363,0.1878690284487386,26.992753623188406,1.261406333870102,0.2885131508319914
172,21.72571121846484,15.593129361245303,6.132581857219538,8.735909822866345,5.884326355340848,13.446054750402576,0.1878690284487386,26.744498121309714,1.261406333870102,0.2885131508319914
173,21.611647879763822,15.291196994095545,6.763285024154589,8.299785292538916,5.783682232957595,13.821792807300053,0.1878690284487386,26.690821256038646,1.261406333870102,0.2885131508319914
174,22.041062801932366,15.24422973698336,6.890767579173376,8.145464304884594,5.844068706387547,13.707729468599034,0.1878690284487386,26.422436929683307,1.2278582930756843,0.2885131508319914
175,22.12157809983897,15.096618357487923,6.977992485238862,8.132045088566828,5.917874396135265,13.667471819645733,0.1878690284487386,26.382179280730007,1.2278582930756843,0.2885131508319914
176,22.436929683306495,15.022812667740205,6.951154052603328,8.064949006977992,6.038647342995169,13.493022007514762,0.1878690284487386,26.288244766505635,1.2278582930756843,0.2885131508319914
177,22.302737520128826,14.88191089640365,6.816961889425658,10.44015029522276,6.072195383789587,13.479602791196994,0.1878690284487386,24.402844873859365,1.1674718196457328,0.24825550187869028
178,22.430220075147613,14.61352657004831,6.910896403650026,10.44015029522276,6.0654857756307035,15.4723564143854,0.1878690284487386,22.67176596886742,0.9594739667203436,0.24825550187869028
179,22.638217928073,14.42565754159957,6.729736983360172,8.80300590445518,6.172839506172839,15.465646806226516,0.1878690284487386,24.382716049382715,0.9460547504025765,0.24825550187869028
180,22.79253891572732,14.412238325281804,6.763285024154589,8.789586688137414,6.172839506172839,15.438808373590982,0.1878690284487386,24.248523886205046,0.9460547504025765,0.24825550187869028
181,23.13472893183038,14.023081052066559,6.6760601180891035,8.735909822866345,6.521739130434782,15.351583467525497,0.1878690284487386,24.174718196457327,0.9460547504025765,0.24825550187869028
182,23.66478797638218,14.009661835748792,6.642512077294686,8.641975308641975,6.521739130434782,15.331454643048845,0.1878690284487386,23.805689747718734,0.9460547504025765,0.24825550187869028
183,23.852657004830917,13.895598497047773,6.635802469135802,8.474235104669887,6.837090713902308,15.599838969404187,0.1878690284487386,23.32259796027912,0.9460547504025765,0.24825550187869028
184,24.241814278046164,13.70101986044015,6.635802469135802,8.474235104669887,6.837090713902308,15.53274288781535,0.1878690284487386,23.19511540526033,0.9460547504025765,0.24825550187869028
185,24.308910359634996,13.674181427804616,6.635802469135802,8.454106280193237,6.837090713902308,15.5126140633387,0.1878690284487386,23.19511540526033,0.9460547504025765,0.24825550187869028
186,24.55716586151369,13.6406333870102,6.635802469135802,8.454106280193237,6.810252281266774,15.499194847020934,0.1878690284487386,23.020665593129362,0.9460547504025765,0.24825550187869028
187,24.751744498121308,12.265163714439076,6.622383252818035,8.427267847557703,6.810252281266774,16.867954911433173,0.1878690284487386,22.873054213633925,0.9460547504025765,0.24825550187869028
188,24.67793880837359,11.480139559849706,6.568706387546968,9.5276435856146,6.790123456790123,16.82769726247987,0.1878690284487386,22.745571658615138,0.9460547504025765,0.24825550187869028
189,25.281803542673106,11.439881910896403,6.367418142780462,9.453837895866881,6.756575415995706,16.908212560386474,0.1878690284487386,22.470477724100913,0.8856682769726248,0.24825550187869028
190,25.644122383252817,11.386205045625335,6.353998926462695,9.353193773483628,6.696188942565755,16.874664519592056,0.1878690284487386,22.36983360171766,0.8856682769726248,0.24825550187869028
191,25.85882984433709,11.285560923242082,6.233225979602791,9.333064949006978,7.085346215780999,17.11621041331186,0.1878690284487386,21.76596886741814,0.8856682769726248,0.24825550187869028
192,25.87895866881374,11.16478797638218,6.823671497584541,9.23913043478261,7.273215244229737,16.646537842190018,0.1878690284487386,21.38352120236178,1.1540526033279657,0.24825550187869028
193,26.402308105206657,11.09098228663446,6.736446591519055,8.876811594202898,7.1725711218464845,16.800858829844337,0.1878690284487386,21.329844337090712,1.1540526033279657,0.24825550187869028
194,26.724369296833064,11.07085346215781,6.709608158883521,8.80300590445518,7.1725711218464845,16.532474503488995,0.3488996242619431,21.26274825550188,1.1272141706924315,0.24825550187869028
195,27.147074610842726,10.869565217391305,6.709608158883521,8.883521202361782,7.092055823939882,16.532474503488995,0.3488996242619431,21.061460010735374,1.107085346215781,0.24825550187869028
196,27.4422973698336,10.869565217391305,6.6760601180891035,8.84326355340848,7.065217391304348,16.344605475040257,0.3488996242619431,20.98094471282877,1.107085346215781,0.322061191626409
197,27.945517981749866,10.782340311325818,6.541867954911433,8.964036500268385,6.984702093397746,16.324476650563607,0.3488996242619431,20.699141170155663,1.0869565217391304,0.322061191626409
198,28.073000536768653,10.701825013419215,6.488191089640365,8.883521202361782,6.588835212023618,16.404991948470208,0.3488996242619431,21.101717659688674,1.0869565217391304,0.322061191626409
199,28.187063875469672,10.674986580783683,6.447933440687064,8.870101986044014,6.588835212023618,16.451959205582394,0.3488996242619431,21.027911969940956,1.0869565217391304,0.3153515834675255
200,28.173644659151904,10.601180891035963,6.535158346752549,9.158615136876007,6.588835212023618,16.25067096081589,0.3488996242619431,20.947396672034355,1.0802469135802468,0.3153515834675255
201,28.576221148684915,10.560923242082662,6.447933440687064,9.131776704240472,6.655931293612453,16.190284487385938,0.3488996242619431,20.75281803542673,1.0466988727858293,0.2885131508319914
202,28.73725174449812,10.413311862587225,6.387546967257112,9.131776704240472,6.769994632313473,16.14331723027375,0.3488996242619431,20.73268921095008,1.0466988727858293,0.2885131508319914
203,29.066022544283413,10.279119699409554,6.347289318303811,8.977455716586151,6.904186795491143,16.035963499731615,0.3488996242619431,20.705850778314545,1.0466988727858293,0.2885131508319914
204,29.21363392377885,10.25228126677402,6.347289318303811,8.896940418679549,6.904186795491143,15.995705850778315,0.3488996242619431,20.578368223295758,1.1741814278046163,0.2885131508319914
205,29.602791196994094,10.21202361782072,6.273483628556092,8.883521202361782,7.024959742351046,15.854804079441761,0.3488996242619431,20.363660762211488,1.1607622114868492,0.27509393451422437
206,29.97181964573269,10.057702630166398,6.253354804079442,8.863392377885132,6.984702093397746,15.774288781535159,0.3488996242619431,20.1959205582394,1.2748255501878691,0.27509393451422437
207,30.04562533548041,10.037573805689748,6.360708534621578,8.809715512614064,7.071926999463232,15.821256038647343,0.3488996242619431,20.014761137949545,1.2144390767579174,0.27509393451422437
208,30.18652710681696,10.037573805689748,6.360708534621578,8.82313472893183,7.071926999463232,15.573000536768653,0.3488996242619431,19.887278582930758,1.1741814278046163,0.5367686527106817
209,30.615942028985508,9.96376811594203,6.347289318303811,8.682232957595277,7.004830917874396,15.505904455179817,0.3488996242619431,19.82018250134192,1.1741814278046163,0.5367686527106817
210,30.401234567901234,9.916800858829845,6.327160493827161,10.057702630166398,6.890767579173376,15.411969940955448,0.3488996242619431,18.853998926462694,1.2546967257112185,0.5367686527106817
211,30.54884594739667,9.802737520128824,6.414385399892646,9.742351046698873,6.850509930220075,15.559581320450885,0.3488996242619431,18.820450885668276,1.247987117552335,0.6642512077294686
212,30.763553408480945,9.608158883521202,6.414385399892646,9.73564143853999,6.837090713902308,15.559581320450885,0.3488996242619431,18.820450885668276,1.247987117552335,0.6642512077294686
213,31.159420289855074,9.588030059044552,6.353998926462695,9.655126140633387,6.729736983360172,15.5126140633387,0.3488996242619431,18.746645195920557,1.2412775093934514,0.6642512077294686
214,31.508319914117017,9.574610842726784,6.213097155126141,9.534353193773484,6.729736983360172,15.573000536768653,0.3488996242619431,18.632581857219538,1.221148684916801,0.6642512077294686
215,32.15244229736983,9.494095544820183,6.213097155126141,9.494095544820183,6.541867954911433,15.49248523886205,0.3488996242619431,18.391035963499732,1.2077294685990339,0.6642512077294686
216,32.21282877079979,9.359903381642512,6.179549114331723,9.426999463231347,6.146001073537305,16.243961352657006,0.3488996242619431,18.263553408480945,1.1540526033279657,0.6642512077294686
217,32.2463768115942,9.205582393988191,6.172839506172839,9.31964573268921,6.4412238325281805,16.317767042404725,0.3488996242619431,18.129361245303276,1.1540526033279657,0.6642512077294686
218,32.6556629092861,9.198872785829307,6.132581857219538,9.306226516371444,6.414385399892646,16.25067096081589,0.2549651100375738,17.98845947396672,1.133923778851315,0.6642512077294686
219,32.91733762748255,9.05126140633387,6.092324208266238,9.084809447128288,6.380837359098229,16.49892646269458,0.24825550187869028,17.934782608695652,1.1272141706924315,0.6642512077294686
220,33.091787439613526,9.01100375738057,6.011808910359635,9.145195920558239,6.5485775630703165,16.337895866881375,0.24825550187869028,17.820719269994633,1.1205045625335481,0.6642512077294686
221,33.23268921095008,9.01100375738057,5.884326355340848,9.265968867418144,6.662640901771336,16.150026838432634,0.24825550187869028,17.76033279656468,1.1205045625335481,0.6642512077294686
222,33.25952764358561,8.856682769726248,6.018518518518518,9.145195920558239,6.575415995705851,16.70692431561997,0.24825550187869028,17.404723564143854,1.1205045625335481,0.6642512077294686
223,33.01798174986581,8.836553945249598,5.9514224369296835,10.695115405260333,6.568706387546968,15.707192699946322,0.15432098765432098,17.357756307031668,1.0466988727858293,0.6642512077294686
224,32.98443370907139,8.809715512614064,5.924584004294149,10.661567364465915,6.501610305958132,16.06280193236715,0.15432098765432098,17.19001610305958,1.0466988727858293,0.6642512077294686
225,33.21926999463231,8.76274825550188,5.736714975845411,10.607890499194847,6.649221685453569,15.96886741814278,0.15432098765432098,17.19001610305958,1.0466988727858293,0.6642512077294686
226,33.319914117015564,8.695652173913043,6.018518518518518,10.59447128287708,6.622383252818035,15.83467525496511,0.15432098765432098,17.09608158883521,0.9997316156736447,0.6642512077294686
227,33.60842726784756,8.648684916800859,6.011808910359635,10.587761674718196,6.622383252818035,15.673644659151906,0.15432098765432098,17.028985507246375,0.9997316156736447,0.6642512077294686
228,33.621846484165324,8.53462157809984,6.052066559312936,10.534084809447128,6.743156199677939,15.915190552871712,0.15432098765432098,16.780730005367687,0.9997316156736447,0.6642512077294686
229,33.48765432098765,8.3467525496511,6.038647342995169,10.534084809447128,7.092055823939882,15.901771336553946,0.15432098765432098,16.780730005367687,0.9997316156736447,0.6642512077294686
230,33.883521202361784,8.205850778314547,6.025228126677402,10.077831454643048,7.092055823939882,16.31105743424584,0.15432098765432098,16.586151368760063,0.9997316156736447,0.6642512077294686
231,33.84997316156736,8.125335480407944,6.018518518518518,10.0979602791197,7.118894256575416,16.304347826086957,0.15432098765432098,16.586151368760063,1.0802469135802468,0.6642512077294686
232,34.20558239398819,8.11862587224906,6.206387546967257,10.084541062801932,7.112184648416532,16.163446054750402,0.15432098765432098,16.297638217928075,0.9930220075147611,0.6642512077294686
233,34.695383789586685,8.091787439613526,6.199677938808374,9.950348899624261,6.964573268921095,16.324476650563607,0.15432098765432098,15.96886741814278,0.9863123993558777,0.6642512077294686
234,34.97047772410091,7.957595276435856,6.018518518518518,11.023886205045626,6.991411701556629,15.96886741814278,0.15432098765432098,15.26435856146001,0.9863123993558777,0.6642512077294686
235,35.37976382179281,7.883789586688137,5.978260869565218,11.446591519055287,6.991411701556629,15.499194847020934,0.15432098765432098,15.297906602254429,0.9728931830381106,0.39586688137412773
