,45,50,52,53,55,54,51,56,57,58
0,78.48228663446055,21.517713365539453,,,,,,,,
1,49.382716049382715,40.25093934514224,8.80300590445518,1.5633387010198605,,,,,,
2,40.02952227589909,49.15458937198068,8.796296296296296,1.5633387010198605,0.4562533548040794,,,,,
3,32.2463768115942,45.69243156199678,13.325281803542673,7.555018786902845,,1.1808910359634996,,,,
4,32.41411701556629,38.1105743424584,26.52308105206656,1.7713365539452497,,1.1808910359634996,,,,
5,29.73027375201288,40.23752012882448,24.14787976382179,2.328234031132582,2.7844873859366612,0.7716049382716049,,,,
6,27.67042404723564,27.160493827160494,27.75764895330113,1.6304347826086956,2.7844873859366612,0.32877079978529256,12.667740203972087,,,
7,27.200751476113794,27.643585614600106,27.74422973698336,1.6304347826086956,2.7844873859366612,0.32877079978529256,12.667740203972087,,,
8,27.18733225979603,26.54320987654321,27.395330112721417,1.6304347826086956,2.7844873859366612,1.7914653784219001,12.667740203972087,,,
9,27.482555018786904,26.52308105206656,27.355072463768117,1.6035963499731616,2.7844873859366612,1.7914653784219001,12.4597423510467,,,
10,27.18733225979603,24.382716049382715,27.254428341384862,1.6035963499731616,2.7442297369833604,1.7914653784219001,15.03623188405797,,,
11,27.61003757380569,24.154589371980677,26.92565754159957,1.6035963499731616,2.7442297369833604,1.7914653784219001,14.841653247450349,0.32877079978529256,,
12,26.932367149758456,21.906870638754697,32.27321524422974,0.644122383252818,2.7442297369833604,1.7914653784219001,12.969672571121846,0.32877079978529256,0.4092860976918948,
13,27.053140096618357,21.55126140633387,32.25979602791197,0.9125067096081588,2.7442297369833604,1.7914653784219001,12.949543746645196,0.32877079978529256,0.4092860976918948,
14,21.66532474503489,21.994095544820183,32.22624798711755,0.9125067096081588,2.7442297369833604,1.7914653784219001,17.92807300053677,0.32877079978529256,0.4092860976918948,
15,22.007514761137948,21.83977455716586,32.038378958668815,0.9125067096081588,2.7442297369833604,1.7914653784219001,17.92807300053677,0.32877079978529256,0.4092860976918948,
16,21.088298443370906,17.485238862050455,36.95652173913044,0.9125067096081588,2.7442297369833604,2.281266774020397,17.793880837359097,0.32877079978529256,0.4092860976918948,
17,20.377079978529252,15.405260332796564,29.394793344068706,0.9125067096081588,2.7442297369833604,2.281266774020397,28.14680622651637,0.32877079978529256,0.4092860976918948,
18,20.69243156199678,15.365002683843263,29.180085882984432,0.8990874932903918,2.7442297369833604,2.281266774020397,28.099838969404185,0.32877079978529256,0.4092860976918948,
19,20.73268921095008,15.33816425120773,29.180085882984432,0.8990874932903918,2.7442297369833604,2.281266774020397,28.08641975308642,0.32877079978529256,0.4092860976918948,
20,20.8870101986044,15.297906602254429,29.012345679012345,0.8990874932903918,2.576489533011272,2.281266774020397,27.985775630703166,0.6508319914117016,0.4092860976918948,
21,20.517981749865807,14.190821256038648,28.039452495974235,3.3480944712828773,2.576489533011272,2.281266774020397,27.985775630703166,0.6508319914117016,0.4092860976918948,
22,20.591787439613526,14.184111647879764,27.9723564143854,3.3480944712828773,2.576489533011272,2.281266774020397,27.985775630703166,0.6508319914117016,0.4092860976918948,
23,20.71256038647343,14.123725174449811,27.831454643048847,3.2004830917874396,2.7777777777777777,2.7308105206655933,27.563070316693505,0.6508319914117016,0.4092860976918948,
24,20.343531937734838,12.419484702093397,27.690552871712292,2.771068169618894,2.7777777777777777,2.341653247450349,30.810520665593128,0.43612453032742887,0.4092860976918948,
25,20.40391841116479,12.419484702093397,27.66371443907676,2.771068169618894,2.7777777777777777,2.341653247450349,30.776972624798713,0.43612453032742887,0.4092860976918948,
26,20.417337627482556,12.419484702093397,27.569779924852387,2.771068169618894,2.9119699409554483,2.341653247450349,30.776972624798713,0.43612453032742887,0.35560923242082665,
27,18.968062265163713,12.352388620504563,27.536231884057973,2.0397208803005906,2.9119699409554483,2.2410091250670963,33.15888352120236,0.43612453032742887,0.35560923242082665,
28,18.42458400429415,11.708266237251744,24.691358024691358,0.9057971014492754,2.7106816961889426,2.100107353730542,38.66747181964573,0.43612453032742887,0.35560923242082665,
29,19.243156199677937,10.768921095008052,27.03972088030059,0.7783145464304885,2.7106816961889426,2.0933977455716586,36.594202898550726,0.41599570585077833,0.35560923242082665,
30,18.659420289855074,11.386205045625335,27.03972088030059,1.4358561460010735,2.7106816961889426,2.0933977455716586,35.90311325818572,0.41599570585077833,0.35560923242082665,
31,19.048577563070317,11.386205045625335,26.838432635534083,1.4358561460010735,2.7106816961889426,1.9592055823939882,35.849436392914654,0.41599570585077833,0.35560923242082665,
32,16.163446054750402,10.567632850241546,22.436929683306495,0.9259259259259259,2.7106816961889426,1.415727321524423,45.00805152979066,0.41599570585077833,0.35560923242082665,
33,16.418411164787976,10.487117552334944,22.403381642512077,0.9259259259259259,2.7106816961889426,1.415727321524423,44.867149758454104,0.41599570585077833,0.35560923242082665,
34,16.586151368760063,10.487117552334944,22.27589908749329,0.9259259259259259,2.952227589908749,1.415727321524423,44.585346215781,0.41599570585077833,0.35560923242082665,
35,15.72061191626409,10.218733225979603,23.503757380568974,0.9259259259259259,2.918679549114332,1.415727321524423,44.524959742351044,0.41599570585077833,0.35560923242082665,
36,15.747450348899624,10.218733225979603,23.503757380568974,0.9259259259259259,2.918679549114332,1.415727321524423,44.498121309715515,0.41599570585077833,0.35560923242082665,
37,14.694041867954912,10.11808910359635,28.650026838432634,0.36231884057971014,2.831454643048846,1.9122383252818036,40.47906602254428,0.5971551261406334,0.35560923242082665,
38,14.720880300590446,10.11808910359635,35.48040794417606,0.36231884057971014,2.831454643048846,1.9122383252818036,33.621846484165324,0.5971551261406334,0.35560923242082665,
39,14.821524422973699,10.077831454643048,35.45356951154053,0.36231884057971014,2.7979066022544283,1.9122383252818036,33.621846484165324,0.5971551261406334,0.35560923242082665,
40,14.828234031132581,10.077831454643048,35.44685990338164,0.36231884057971014,2.7979066022544283,1.9122383252818036,33.621846484165324,0.5971551261406334,0.35560923242082665,
41,14.566559312936125,10.077831454643048,30.911164787976382,0.36231884057971014,2.6637144390767578,4.1532474503489,36.191626409017715,1.0735373054213635,,
42,14.392109500805153,10.44015029522276,30.669618894256576,0.9192163177670424,2.6033279656468062,3.8177670424047236,36.090982286634464,1.06682769726248,,
43,14.55984970477724,10.406602254428341,30.615942028985508,0.9192163177670424,2.6033279656468062,3.8177670424047236,36.010466988727856,1.06682769726248,,
44,14.781266774020397,10.406602254428341,30.44820182501342,0.9192163177670424,2.5697799248523885,3.8177670424047236,35.990338164251206,1.06682769726248,,
45,14.834943639291465,10.21202361782072,30.381105743424584,0.9192163177670424,2.5697799248523885,4.052603327965647,35.96349973161568,1.06682769726248,,
46,12.949543746645196,8.07836822329576,30.360976918947934,0.6508319914117016,2.5697799248523885,3.7909286097691894,40.53274288781535,1.06682769726248,,
47,12.372517444981213,9.75577026301664,29.401502952227588,0.6508319914117016,2.5697799248523885,3.7909286097691894,40.41867954911433,1.0399892646269457,,
48,12.567096081588835,9.728931830381105,29.26731078904992,0.6508319914117016,2.5697799248523885,3.7775093934514223,39.84836285560923,1.5901771336553945,,
49,9.252549651100376,8.125335480407944,28.29441760601181,0.6239935587761675,2.5697799248523885,3.5762211486849167,45.75952764358561,1.5230810520665594,0.27509393451422437,
50,8.82313472893183,7.347020933977456,25.53676865271068,1.2144390767579174,2.5697799248523885,3.5762211486849167,49.5504562533548,1.107085346215781,0.27509393451422437,
51,8.856682769726248,7.347020933977456,25.523349436392916,1.2144390767579174,2.5697799248523885,3.556092324208266,49.5504562533548,1.107085346215781,0.27509393451422437,
52,9.017713365539452,7.347020933977456,25.45625335480408,1.2144390767579174,2.5496511003757383,3.556092324208266,49.47665056360709,1.107085346215781,0.27509393451422437,
53,9.453837895866881,7.058507783145465,25.389157273215243,1.2144390767579174,2.5496511003757383,5.662909286097692,47.128287707997856,1.2681159420289856,0.27509393451422437,
54,9.930220075147611,6.776704240472356,25.207997852925388,1.2144390767579174,2.5496511003757383,5.662909286097692,47.114868491680085,1.2681159420289856,0.27509393451422437,
55,10.25228126677402,6.293612453032743,22.403381642512077,1.1272141706924315,2.5161030595813205,3.549382716049383,52.522812667740205,1.0601180891035964,0.27509393451422437,
56,9.406870638754697,4.5893719806763285,20.155662909286097,1.0466988727858293,2.5161030595813205,3.4621578099838968,57.48792270531401,1.0601180891035964,0.27509393451422437,
57,9.453837895866881,4.327697262479871,19.82018250134192,2.0799785292538915,2.5161030595813205,3.207192699946323,57.25979602791197,1.0601180891035964,0.27509393451422437,
58,9.75577026301664,4.327697262479871,19.719538378958667,2.0799785292538915,2.5161030595813205,3.207192699946323,57.058507783145465,1.0601180891035964,0.27509393451422437,
59,9.782608695652174,4.327697262479871,19.719538378958667,2.0799785292538915,2.5161030595813205,3.207192699946323,57.03166935050993,1.0601180891035964,0.27509393451422437,
60,9.923510466988727,4.280730005367687,19.578636607622116,2.0799785292538915,2.5161030595813205,3.7372517444981215,56.54857756307032,1.0601180891035964,0.27509393451422437,
61,10.46027911969941,4.253891572732153,19.57192699946323,2.0531400966183573,2.5161030595813205,3.7372517444981215,56.01851851851852,1.1137949543746646,0.27509393451422437,
62,10.849436392914654,4.253891572732153,19.57192699946323,2.0531400966183573,2.5161030595813205,3.6231884057971016,55.743424584004295,1.1137949543746646,0.27509393451422437,
63,10.950080515297907,4.253891572732153,19.545088566827697,2.0531400966183573,2.5161030595813205,3.6231884057971016,55.152979066022546,1.6304347826086956,0.27509393451422437,
64,11.29898013955985,4.253891572732153,19.11567364465915,2.0531400966183573,2.5161030595813205,3.603059581320451,54.89801395598497,1.6304347826086956,0.630703166935051,
65,11.332528180354267,4.025764895330113,18.94122383252818,3.421900161030596,2.5161030595813205,3.603059581320451,53.898282340311326,1.6304347826086956,0.630703166935051,
66,7.179280730005368,46.081588835212024,7.830112721417069,1.4761137949543746,2.49597423510467,1.0466988727858293,32.2061191626409,1.4090177133655395,0.27509393451422437,
67,6.9310252281266775,43.86741814278046,7.7831454643048845,3.6231884057971016,2.6704240472356413,1.5499194847020934,31.561996779388085,1.5163714439076759,0.27509393451422437,0.2214170692431562
68,6.984702093397746,43.84728931830381,7.7831454643048845,3.616478797638218,2.6704240472356413,1.5499194847020934,31.53515834675255,1.5163714439076759,0.27509393451422437,0.2214170692431562
69,6.957863660762212,43.84728931830381,7.7831454643048845,5.595813204508857,2.6704240472356413,1.5499194847020934,29.790660225442835,1.3083735909822867,0.27509393451422437,0.2214170692431562
70,7.004830917874396,43.80032206119163,7.7831454643048845,5.595813204508857,2.6704240472356413,1.5499194847020934,29.790660225442835,1.3083735909822867,0.27509393451422437,0.2214170692431562
71,6.984702093397746,38.801663982823406,7.333601717659689,5.488459473966721,2.462426194310252,1.5499194847020934,35.57434245840043,1.3083735909822867,0.27509393451422437,0.2214170692431562
72,7.2933440687063875,38.399087493290395,7.333601717659689,5.488459473966721,2.831454643048846,1.5499194847020934,35.299248523886206,1.3083735909822867,0.27509393451422437,0.2214170692431562
73,4.7101449275362315,34.62157809983897,4.549114331723027,4.99194847020934,0.5434782608695652,1.5365002683843263,47.42351046698873,1.3083735909822867,0.27509393451422437,0.040257648953301126
74,4.810789049919484,34.54106280193237,4.508856682769726,4.931561996779388,0.5099302200751477,1.5365002683843263,47.57112184648417,1.2748255501878691,0.27509393451422437,0.040257648953301126
75,5.535426731078905,31.95115405260333,4.508856682769726,3.9989264626945786,0.6977992485238862,4.985238862050457,47.22893183038111,0.8185721953837896,0.27509393451422437,
76,5.763553408480945,31.95115405260333,4.508856682769726,3.9989264626945786,0.6977992485238862,4.817498658078368,47.16854535695116,0.8185721953837896,0.27509393451422437,
77,6.112453032742888,31.95115405260333,4.502147074610843,3.9989264626945786,0.6977992485238862,4.817498658078368,46.55126140633387,1.093666129898014,0.27509393451422437,
78,6.266774020397209,31.924315619967793,4.502147074610843,3.9989264626945786,0.6977992485238862,4.817498658078368,46.423778851315085,1.093666129898014,0.27509393451422437,
79,6.300322061191626,30.763553408480945,4.502147074610843,3.9989264626945786,0.6709608158883521,5.984970477724101,46.41035963499731,1.093666129898014,0.27509393451422437,
80,6.4345142243692965,30.50858829844337,4.502147074610843,3.9989264626945786,1.5767579173376274,7.9039184111647875,43.71980676328502,1.0802469135802468,0.27509393451422437,
81,6.481481481481482,30.50858829844337,4.502147074610843,3.9989264626945786,1.5767579173376274,7.9039184111647875,43.67283950617284,1.0802469135802468,0.27509393451422437,
82,6.622383252818035,30.475040257648953,4.502147074610843,3.9989264626945786,1.5767579173376274,7.9039184111647875,43.565485775630705,1.0802469135802468,0.27509393451422437,
83,6.830381105743425,30.287171229200215,4.502147074610843,3.9989264626945786,1.5767579173376274,7.897208803005904,43.46484165324745,1.1674718196457328,0.27509393451422437,
84,7.1658615136876005,30.226784755770264,4.502147074610843,3.9989264626945786,1.5767579173376274,7.897208803005904,43.18974771873322,1.1674718196457328,0.27509393451422437,
85,7.219538378958669,30.213365539452496,4.502147074610843,3.9989264626945786,1.5767579173376274,7.897208803005904,43.14949006977992,1.1674718196457328,0.27509393451422437,
86,7.306763285024155,30.132850241545892,4.502147074610843,3.9989264626945786,1.5767579173376274,7.897208803005904,42.72678475577026,1.583467525496511,0.27509393451422437,
87,7.380568974771873,29.837627482555018,4.502147074610843,3.9989264626945786,1.8585614600107354,7.883789586688137,42.67981749865808,1.583467525496511,0.27509393451422437,
88,8.152173913043478,29.723564143854,4.502147074610843,3.9989264626945786,1.8451422436929683,7.87037037037037,42.049114331723025,1.583467525496511,0.27509393451422437,
89,6.353998926462695,33.23268921095008,4.17337627482555,3.2206119162640903,1.9659151905528718,7.742887815351583,41.45195920558239,1.583467525496511,0.27509393451422437,
90,6.380837359098229,33.17230273752013,2.771068169618894,3.2206119162640903,1.9659151905528718,9.762479871175524,41.14331723027375,1.583467525496511,,
91,6.568706387546968,33.17230273752013,2.737520128824477,3.2206119162640903,1.9659151905528718,9.762479871175524,41.02254428341385,1.5499194847020934,,
92,6.870638754696726,33.031400966183575,2.737520128824477,3.1870638754696725,1.9659151905528718,9.728931830381105,40.92860976918948,1.5499194847020934,,
93,5.636070853462158,31.796833064949006,2.61003757380569,3.1870638754696725,1.8786902844873858,9.125067096081589,44.216317767042405,1.5499194847020934,,
94,5.0993022007514766,31.736446591519055,2.61003757380569,11.949812130971551,1.2748255501878691,9.111647879763822,37.144390767579175,1.0735373054213635,,
95,5.2066559312936125,31.676060118089104,2.61003757380569,11.949812130971551,1.2748255501878691,9.064680622651638,37.144390767579175,1.0735373054213635,,
96,5.615942028985507,31.5955448201825,4.005636070853462,11.466720343531938,1.2748255501878691,8.863392377885132,36.14465915190553,1.0332796564680622,,
97,6.4412238325281805,31.44122383252818,3.992216854535695,11.466720343531938,1.2681159420289856,8.682232957595277,35.67498658078368,1.0332796564680622,,
98,6.5485775630703165,31.44122383252818,3.992216854535695,11.466720343531938,1.2681159420289856,8.641975308641975,35.607890499194845,1.0332796564680622,,
99,7.092055823939882,31.273483628556093,3.992216854535695,11.466720343531938,1.2681159420289856,8.641975308641975,35.23215244229737,1.0332796564680622,,
100,7.118894256575416,29.95169082125604,3.992216854535695,11.439881910896403,1.6170155662909287,9.842995169082126,35.00402576489533,1.0332796564680622,,
101,7.62211486849168,29.931561996779386,3.992216854535695,11.439881910896403,1.6170155662909287,9.494095544820183,34.86983360171766,1.0332796564680622,,
102,7.333601717659689,23.429951690821255,3.992216854535695,11.439881910896403,1.4358561460010735,8.266237251744498,43.203166935050994,0.8990874932903918,,
103,7.836822329575953,23.409822866344605,3.992216854535695,11.439881910896403,1.4358561460010735,8.266237251744498,42.72007514761138,0.8990874932903918,,
104,8.017981749865807,23.409822866344605,3.992216854535695,11.3593666129898,1.4358561460010735,8.259527643585615,42.49865807836822,1.0265700483091786,,
105,7.98443370907139,23.376274825550187,3.992216854535695,11.3593666129898,1.4358561460010735,8.259527643585615,42.19672571121846,1.3955984970477724,,
106,7.944176060118089,23.349436392914654,3.992216854535695,11.3593666129898,1.8786902844873858,8.185721953837897,41.89479334406871,1.3955984970477724,,
107,8.246108427267847,23.336017176596886,3.992216854535695,12.70799785292539,1.8786902844873858,8.105206655931294,40.465646806226516,1.2681159420289856,,
108,6.877348362855609,19.639023081052066,10.809178743961352,11.949812130971551,1.7310789049919484,6.5485775630703165,40.465646806226516,1.2681159420289856,0.7112184648416533,
109,7.461084272678476,19.639023081052066,10.487117552334944,11.936392914653783,1.7310789049919484,6.494900697799249,40.324745034889965,1.2144390767579174,0.7112184648416533,
110,7.729468599033816,19.565217391304348,10.487117552334944,11.922973698336017,1.7310789049919484,6.494900697799249,40.143585614600106,1.2144390767579174,0.7112184648416533,
111,7.830112721417069,19.524959742351047,10.48040794417606,11.54723564143854,1.7310789049919484,6.89747718733226,40.063070316693505,1.2144390767579174,0.7112184648416533,
112,7.742887815351583,18.183038110574344,10.46027911969941,13.79495437466452,1.093666129898014,6.863929146537842,39.93558776167472,1.2144390767579174,0.7112184648416533,
113,7.843531937734836,18.169618894256576,10.46027911969941,13.761406333870102,1.093666129898014,6.863929146537842,39.88191089640365,1.2144390767579174,0.7112184648416533,
114,8.145464304884594,16.465378421900162,10.158346752549651,13.325281803542673,0.798443370907139,9.339774557165862,39.841653247450346,1.2144390767579174,0.7112184648416533,
115,8.360171765968868,16.458668813741276,9.561191626409018,13.298443370907139,0.798443370907139,9.930220075147611,39.66720343531938,1.2144390767579174,0.7112184648416533,
116,8.433977455716587,16.458668813741276,9.54777241009125,13.24476650563607,0.798443370907139,9.930220075147611,39.398819108964034,1.4761137949543746,0.7112184648416533,
117,8.487654320987655,16.458668813741276,9.54777241009125,13.24476650563607,0.798443370907139,9.930220075147611,39.34514224369297,1.4761137949543746,0.7112184648416533,
118,8.413848631239935,16.458668813741276,8.07836822329576,13.22463768115942,0.798443370907139,8.61513687600644,42.223564143854,1.4761137949543746,0.7112184648416533,
119,8.36688137412775,16.431830381105744,8.07836822329576,13.09044551798175,1.3486312399355878,9.494095544820183,41.02925389157273,1.4492753623188406,0.7112184648416533,
120,8.279656468062266,15.432098765432098,8.017981749865807,13.09044551798175,1.3486312399355878,11.178207192699947,39.700751476113794,2.2410091250670963,0.7112184648416533,
121,8.319914117015566,15.391841116478798,8.017981749865807,13.09044551798175,1.3486312399355878,11.178207192699947,39.700751476113794,2.2410091250670963,0.7112184648416533,
122,8.319914117015566,15.391841116478798,8.017981749865807,13.09044551798175,1.3486312399355878,11.178207192699947,39.700751476113794,2.2410091250670963,0.7112184648416533,
123,8.61513687600644,15.197262479871176,7.977724100912507,13.09044551798175,1.6706924315619969,11.158078368223295,39.371980676328505,2.2074610842726785,0.7112184648416533,
124,8.917069243156199,15.197262479871176,7.454374664519592,13.600375738056897,1.6706924315619969,11.057434245840042,38.909017713365536,2.4825550187869028,0.7112184648416533,
125,9.131776704240472,15.163714439076758,7.340311325818572,13.493022007514762,1.6706924315619969,11.33923778851315,38.66747181964573,2.4825550187869028,0.7112184648416533,
126,9.158615136876007,15.157004830917874,7.340311325818572,13.486312399355878,1.6706924315619969,11.33923778851315,38.459473966720346,2.677133655394525,0.7112184648416533,
127,8.59500805152979,15.096618357487923,6.696188942565755,5.870907139023081,1.6639828234031133,10.245571658615138,49.013687600644126,2.576489533011272,0.24154589371980675,
128,8.883521202361782,15.096618357487923,6.662640901771336,5.870907139023081,1.6639828234031133,10.044283413848632,48.960010735373054,2.576489533011272,0.24154589371980675,
129,8.930488459473967,15.096618357487923,6.649221685453569,5.870907139023081,1.6639828234031133,10.044283413848632,48.92646269457864,2.576489533011272,0.24154589371980675,
130,8.668813741277509,13.365539452495975,6.481481481481482,8.279656468062266,1.6639828234031133,9.977187332259795,48.75872249060655,2.563070316693505,0.24154589371980675,
131,7.85024154589372,12.848899624261943,15.505904455179817,6.910896403650026,0.6776704240472357,9.970477724100913,43.994900697799245,1.9994632313472893,0.24154589371980675,
132,7.937466451959206,12.815351583467525,15.479066022544284,6.910896403650026,0.6776704240472357,9.943639291465379,43.994900697799245,1.9994632313472893,0.24154589371980675,
133,8.225979602791197,12.815351583467525,15.479066022544284,6.910896403650026,0.6776704240472357,9.923510466988727,43.72651637144391,1.9994632313472893,0.24154589371980675,
134,8.682232957595277,12.76838432635534,15.479066022544284,6.890767579173376,0.6709608158883521,9.903381642512077,43.364197530864196,1.9994632313472893,0.24154589371980675,
135,8.856682769726248,12.734836285560924,15.45222758990875,6.756575415995706,0.6709608158883521,10.124798711755233,43.25013419216318,1.9994632313472893,0.15432098765432098,
136,7.991143317230274,10.527375201288244,20.994363929146537,6.226516371443908,0.9997316156736447,9.366612989801396,41.84111647879764,1.8988191089640365,0.15432098765432098,
137,8.199141170155663,10.487117552334944,15.827965646806227,6.1862587224906065,0.9997316156736447,9.366612989801396,47.128287707997856,1.6505636070853462,0.15432098765432098,
138,8.581588835212024,10.487117552334944,15.807836822329575,6.1862587224906065,0.9997316156736447,9.131776704240472,47.00080515297907,1.6505636070853462,0.15432098765432098,
139,8.635265700483092,10.487117552334944,15.794417606011809,6.1862587224906065,0.9997316156736447,9.118357487922705,46.97396672034353,1.6505636070853462,0.15432098765432098,
140,8.709071390230811,10.487117552334944,15.72061191626409,6.1862587224906065,0.9997316156736447,9.118357487922705,46.97396672034353,1.6505636070853462,0.15432098765432098,
141,8.816425120772946,10.487117552334944,15.713902308105206,6.1862587224906065,0.9997316156736447,9.306226516371444,46.68545356951154,1.6505636070853462,0.15432098765432098,
142,8.876811594202898,10.487117552334944,15.673644659151906,6.1862587224906065,0.9997316156736447,9.29951690821256,46.67203435319377,1.6505636070853462,0.15432098765432098,
143,6.9310252281266775,8.36688137412775,12.734836285560924,4.830917874396135,0.07380568974771873,5.857487922705314,59.40016103059581,1.6505636070853462,0.15432098765432098,
144,7.387278582930757,8.179012345679013,14.31159420289855,4.817498658078368,0.07380568974771873,5.857487922705314,57.56843800322061,1.6505636070853462,0.15432098765432098,
145,7.816693505099302,8.179012345679013,14.264626945786366,4.783950617283951,0.07380568974771873,5.857487922705314,57.21953837895867,1.6505636070853462,0.15432098765432098,
146,7.809983896940419,8.179012345679013,13.177670424047236,6.045356951154052,0.07380568974771873,5.857487922705314,56.72973698336017,1.9726247987117553,0.15432098765432098,
147,7.897208803005904,8.179012345679013,13.177670424047236,6.045356951154052,0.07380568974771873,5.857487922705314,56.64251207729468,1.9726247987117553,0.15432098765432098,
148,8.044820182501342,8.165593129361245,13.144122383252817,6.011808910359635,0.07380568974771873,5.857487922705314,56.57541599570585,1.9726247987117553,0.15432098765432098,
149,8.319914117015566,8.165593129361245,13.144122383252817,6.011808910359635,0.07380568974771873,5.629361245303274,56.38083735909823,2.120236178207193,0.15432098765432098,
150,8.487654320987655,8.09849704777241,13.137412775093935,5.9447128287707995,0.07380568974771873,5.629361245303274,56.353998926462694,2.120236178207193,0.15432098765432098,
151,8.581588835212024,8.071658615136876,13.123993558776167,5.917874396135265,0.07380568974771873,5.60252281266774,56.05877616747182,2.4154589371980677,0.15432098765432098,
152,9.225711218464841,8.038110574342458,12.775093934514224,5.776972624798712,0.07380568974771873,6.132581857219538,55.40794417606012,2.4154589371980677,0.15432098765432098,
153,7.105475040257649,4.569243156199678,12.00348899624262,4.7638217928073,0.07380568974771873,5.287171229200215,63.781535158346756,2.4154589371980677,,
154,6.9310252281266775,4.488727858293076,12.285292538915728,4.7638217928073,0.07380568974771873,5.260332796564681,63.51315083199141,2.6838432635534084,,
155,6.944444444444445,4.488727858293076,12.285292538915728,4.757112184648417,0.07380568974771873,5.226784755770263,63.05018786902845,3.1736446591519054,,
156,7.105475040257649,4.488727858293076,12.198067632850242,4.757112184648417,0.07380568974771873,5.226784755770263,62.97638217928073,3.1736446591519054,,
157,7.333601717659689,4.488727858293076,12.171229200214707,4.74369296833065,0.07380568974771873,5.226784755770263,62.78851315083199,3.1736446591519054,,
158,7.454374664519592,4.488727858293076,12.110842726784755,4.74369296833065,0.07380568974771873,5.22007514761138,62.734836285560924,3.1736446591519054,,
159,7.5281803542673105,4.4820182501341925,11.849168008588299,4.74369296833065,0.32877079978529256,5.22007514761138,62.144390767579175,3.7037037037037037,,
160,7.883789586688137,4.408212560386473,11.849168008588299,4.74369296833065,0.32877079978529256,5.22007514761138,61.862587224906065,3.7037037037037037,,
161,8.125335480407944,4.408212560386473,11.849168008588299,4.74369296833065,0.32877079978529256,5.22007514761138,61.2385936661299,4.086151368760064,,
162,7.890499194847021,4.247181964573269,21.36339237788513,4.74369296833065,0.32877079978529256,5.22007514761138,52.482555018786904,3.7238325281803544,,
163,7.9106280193236715,4.247181964573269,21.34326355340848,4.74369296833065,0.32877079978529256,5.22007514761138,52.04643048845947,4.159957058507783,,
164,8.152173913043478,4.247181964573269,21.30300590445518,4.663177670424047,0.32877079978529256,5.22007514761138,51.731078904991946,4.3545356951154055,,
165,8.474235104669887,4.247181964573269,21.30300590445518,4.663177670424047,0.32877079978529256,5.22007514761138,51.409017713365536,4.3545356951154055,,
166,8.749329039184111,4.247181964573269,21.30300590445518,4.663177670424047,0.32877079978529256,5.22007514761138,51.13392377885131,4.3545356951154055,,
167,9.017713365539452,4.2203435319377345,21.22920021470746,4.663177670424047,0.32877079978529256,5.22007514761138,51.006441223832525,4.314278046162104,,
168,9.366612989801396,4.2203435319377345,21.22249060654858,4.663177670424047,0.32877079978529256,5.22007514761138,50.66425120772947,4.314278046162104,,
169,9.500805152979066,4.186795491143317,21.16881374127751,4.663177670424047,1.4626945786366077,5.22007514761138,49.483360171765966,4.314278046162104,,
170,9.822866344605474,4.186795491143317,21.16881374127751,4.643048845947397,1.4626945786366077,5.22007514761138,49.18142780461621,4.314278046162104,,
171,10.00402576489533,3.9318303811057436,21.141975308641975,4.488727858293076,1.7444981213097155,5.199946323134729,48.993558776167475,4.49543746645196,,
172,10.359634997316157,3.9318303811057436,20.8064949006978,4.488727858293076,1.7444981213097155,5.199946323134729,48.97342995169082,4.49543746645196,,
173,10.63472893183038,3.92512077294686,20.8064949006978,4.488727858293076,1.7444981213097155,5.199946323134729,48.718464841653244,4.4820182501341925,,
174,10.768921095008052,3.92512077294686,20.74610842726785,4.488727858293076,1.7444981213097155,5.199946323134729,48.64465915190553,4.4820182501341925,,
175,11.231884057971014,3.750670960815888,20.35024154589372,4.26731078904992,2.187332259796028,5.199946323134729,48.58427267847558,4.428341384863124,,
176,11.741814278046162,3.750670960815888,20.26972624798712,4.05931293612453,2.187332259796028,5.199946323134729,48.22195383789587,4.569243156199678,,
177,11.83574879227053,3.750670960815888,20.1959205582394,4.05931293612453,2.187332259796028,5.199946323134729,48.20182501341922,4.569243156199678,,
178,11.896135265700483,3.750670960815888,20.162372517444982,4.05931293612453,2.187332259796028,5.199946323134729,48.17498658078368,4.569243156199678,,
179,12.084004294149223,3.750670960815888,20.021470746108427,4.05931293612453,2.187332259796028,5.166398282340311,48.16156736446592,4.569243156199678,,
180,12.23161567364466,3.750670960815888,20.021470746108427,4.05931293612453,2.187332259796028,5.072463768115942,47.73215244229737,4.944981213097155,,
181,12.332259796027913,3.750670960815888,19.706119162640903,4.05931293612453,2.187332259796028,5.059044551798175,47.60466988727858,5.300590445517981,,
182,12.325550187869029,3.750670960815888,19.706119162640903,4.05931293612453,2.187332259796028,5.059044551798175,47.28931830381106,5.622651637144391,,
183,12.486580783682234,3.750670960815888,19.64573268921095,4.032474503488996,2.187332259796028,5.059044551798175,47.215512614063336,5.622651637144391,,
184,12.593934514224369,3.643317230273752,19.632313472893184,4.032474503488996,2.2946859903381642,5.059044551798175,47.12157809983897,5.622651637144391,,
185,12.902576489533011,3.6231884057971016,19.605475040257648,4.032474503488996,2.2946859903381642,5.032206119162641,46.88674181427805,5.622651637144391,,
186,13.09044551798175,3.6231884057971016,19.504830917874397,4.012345679012346,2.2946859903381642,5.032206119162641,46.81964573268921,5.622651637144391,,
187,13.372249060654857,3.6231884057971016,19.41760601180891,4.012345679012346,2.2946859903381642,5.032206119162641,46.65190552871712,5.595813204508857,,
188,13.982823403113258,3.6231884057971016,19.07541599570585,4.012345679012346,2.2946859903381642,5.374396135265701,45.8870101986044,5.750134192163178,,
189,13.982823403113258,3.6231884057971016,19.04186795491143,4.012345679012346,2.6704240472356413,5.374396135265701,45.54482018250134,5.750134192163178,,
190,14.083467525496511,3.6231884057971016,19.008319914117017,4.012345679012346,2.6704240472356413,5.374396135265701,45.4777241009125,5.750134192163178,,
191,14.244498121309716,3.6231884057971016,18.927804616210413,4.012345679012346,2.657004830917874,5.374396135265701,45.44417606011809,5.71658615136876,,
192,14.345142243692969,3.616478797638218,18.927804616210413,4.012345679012346,2.657004830917874,5.374396135265701,45.36366076221149,5.703166935050993,,
193,14.251207729468598,3.589640365002684,18.927804616210413,4.012345679012346,2.657004830917874,5.495169082125604,45.36366076221149,5.703166935050993,,
194,14.553140096618357,3.5091250670960816,18.90096618357488,4.012345679012346,2.657004830917874,5.495169082125604,45.169082125603865,5.703166935050993,,
195,14.318303811057435,3.5091250670960816,18.297101449275363,4.005636070853462,2.657004830917874,6.951154052603328,44.558507783145465,5.703166935050993,,
196,14.304884594739667,3.5091250670960816,17.92807300053677,4.005636070853462,2.831454643048846,6.951154052603328,44.42431561996779,6.045356951154052,,
197,14.304884594739667,3.5091250670960816,17.901234567901234,4.005636070853462,3.140096618357488,6.870638754696726,44.08883521202362,6.179549114331723,,
198,14.345142243692969,3.5091250670960816,17.827428878153516,3.978797638217928,3.140096618357488,7.326892109500805,43.69296833064949,6.179549114331723,,
199,14.606816961889425,3.5091250670960816,17.673107890499196,3.978797638217928,3.113258185721954,7.326892109500805,43.612453032742884,6.179549114331723,,
200,14.714170692431562,3.4957058507783145,17.673107890499196,3.978797638217928,3.3950617283950617,7.306763285024155,43.263553408480945,6.172839506172839,,
201,14.834943639291465,3.4957058507783145,17.673107890499196,3.978797638217928,3.3950617283950617,7.273215244229737,43.17632850241546,6.172839506172839,,
202,14.65378421900161,3.4957058507783145,17.599302200751477,4.233762748255502,3.3950617283950617,7.273215244229737,43.17632850241546,6.172839506172839,,
203,14.741009125067096,3.4957058507783145,17.58588298443371,4.233762748255502,3.6097691894793345,7.273215244229737,42.94820182501342,6.112453032742888,,
204,15.26435856146001,3.4957058507783145,17.58588298443371,4.133118625872249,3.6097691894793345,7.179280730005368,42.619431025228124,6.112453032742888,,
205,15.304616210413311,3.4957058507783145,17.57246376811594,4.133118625872249,3.6097691894793345,7.179280730005368,42.592592592592595,6.112453032742888,,
206,15.465646806226516,3.4957058507783145,17.52549651100376,4.133118625872249,3.6097691894793345,7.179280730005368,42.50536768652711,6.085614600107354,,
207,15.485775630703166,3.4957058507783145,17.505367686527105,4.133118625872249,3.6097691894793345,7.179280730005368,42.50536768652711,6.085614600107354,,
208,15.942028985507246,3.4957058507783145,17.485238862050455,4.133118625872249,3.502415458937198,7.179280730005368,42.330917874396135,5.931293612453032,,
209,15.982286634460548,3.4957058507783145,17.478529253891573,4.106280193236715,3.502415458937198,7.179280730005368,42.32420826623725,5.931293612453032,,
210,16.049382716049383,3.488996242619431,17.458400429414922,4.106280193236715,3.502415458937198,7.179280730005368,42.290660225442835,5.924584004294149,,
211,15.237520128824476,3.488996242619431,16.391572732152444,8.917069243156199,3.502415458937198,7.179280730005368,39.35856146001073,5.924584004294149,,
212,15.311325818572195,3.488996242619431,16.391572732152444,8.917069243156199,3.502415458937198,7.14573268921095,39.31830381105743,5.924584004294149,,
213,15.35829307568438,3.488996242619431,16.391572732152444,8.917069243156199,3.502415458937198,7.14573268921095,39.27133655394525,5.924584004294149,,
214,15.371712292002147,3.488996242619431,16.391572732152444,8.903650026838433,3.502415458937198,7.14573268921095,39.27133655394525,5.924584004294149,,
215,15.371712292002147,3.488996242619431,16.391572732152444,8.903650026838433,3.502415458937198,7.14573268921095,39.27133655394525,5.924584004294149,,
216,15.351583467525497,3.488996242619431,16.344605475040257,8.876811594202898,3.6366076221148687,7.14573268921095,38.53327965646806,6.622383252818035,,
217,14.754428341384862,3.44873859366613,20.813204508856682,8.836553945249598,3.6366076221148687,7.14573268921095,35.36634460547504,5.998389694041868,,
218,15.056360708534621,3.408480944712829,20.779656468062264,8.635265700483092,3.6366076221148687,7.105475040257649,35.20531400966183,6.172839506172839,,
219,15.163714439076758,3.408480944712829,20.719269994632313,8.628556092324208,3.6366076221148687,7.105475040257649,35.16505636070853,6.172839506172839,,
220,15.170424047235642,3.408480944712829,20.71256038647343,8.628556092324208,3.6366076221148687,7.105475040257649,35.16505636070853,6.172839506172839,,
221,15.26435856146001,3.408480944712829,20.638754696725712,8.628556092324208,3.6366076221148687,7.105475040257649,35.14492753623188,6.172839506172839,,
222,15.002683843263553,3.3682232957595275,22.014224369296834,8.28636607622115,3.603059581320451,6.769994632313473,34.78260869565217,6.172839506172839,,
223,15.063070316693505,3.3682232957595275,22.000805152979066,8.28636607622115,3.603059581320451,6.769994632313473,34.76918947933441,6.139291465378422,,
224,15.593129361245303,3.3682232957595275,21.926999463231347,8.252818035426731,3.603059581320451,6.769994632313473,34.60144927536232,5.884326355340848,,
225,15.854804079441761,3.3682232957595275,21.906870638754697,8.252818035426731,3.515834675254965,6.749865807836822,34.4873859366613,5.864197530864198,,
226,15.921900161030596,3.3413848631239937,21.906870638754697,8.252818035426731,3.515834675254965,6.749865807836822,34.447128287708,5.864197530864198,,
227,15.398550724637682,3.3413848631239937,25.509930220075148,8.225979602791197,3.515834675254965,6.749865807836822,31.46135265700483,5.797101449275362,,
228,15.465646806226516,3.3413848631239937,25.469672571121848,8.225979602791197,3.515834675254965,6.749865807836822,31.4345142243693,5.797101449275362,,
229,15.76086956521739,3.3413848631239937,25.335480407944175,8.225979602791197,3.5091250670960816,6.749865807836822,31.320450885668276,5.756843800322061,,
230,15.807836822329575,3.3413848631239937,25.335480407944175,8.199141170155663,3.5091250670960816,6.749865807836822,31.300322061191626,5.756843800322061,,
231,15.861513687600644,3.3413848631239937,25.335480407944175,8.199141170155663,3.5091250670960816,6.749865807836822,31.273483628556093,5.730005367686527,,
232,15.901771336553946,3.3413848631239937,25.315351583467525,8.199141170155663,3.5091250670960816,6.749865807836822,31.253354804079443,5.730005367686527,,
233,16.29092860976919,3.3413848631239937,25.06038647342995,8.185721953837897,3.5091250670960816,6.749865807836822,31.179549114331724,5.683038110574342,,
234,16.5727321524423,3.33467525496511,24.859098228663445,8.172302737520129,3.4957058507783145,6.743156199677939,31.13929146537842,5.683038110574342,,
235,16.639828234031132,3.321256038647343,24.731615673644658,8.172302737520129,3.374932903918411,7.078636607622115,30.99838969404187,5.683038110574342,,
236,16.686795491143318,3.2139023081052067,24.62426194310252,8.145464304884594,3.569511540526033,7.078636607622115,30.99838969404187,5.683038110574342,,
237,16.53918411164788,3.066290928609769,24.62426194310252,8.145464304884594,3.569511540526033,7.575147611379496,30.837359098228664,5.642780461621041,,
238,16.854535695115406,3.0394524959742353,24.44310252281267,8.145464304884594,3.5628019323671496,7.50805152979066,30.810520665593128,5.636070853462158,,
239,16.935050993022006,3.0059044551798175,24.44310252281267,8.145464304884594,3.5628019323671496,7.50805152979066,30.763553408480945,5.636070853462158,,
240,17.002147074610843,2.9924852388620504,24.422973698336016,8.13875469672571,3.5628019323671496,7.50805152979066,30.73671497584541,5.636070853462158,,
241,17.102791196994094,2.985775630703167,24.422973698336016,8.111916264090176,3.556092324208266,7.50805152979066,30.67632850241546,5.636070853462158,,
242,17.16988727858293,2.965646806226516,24.422973698336016,8.111916264090176,3.556092324208266,7.474503488996243,30.66290928609769,5.636070853462158,,
243,17.337627482555018,2.965646806226516,24.36929683306495,8.05823939881911,3.556092324208266,7.474503488996243,30.367686527106816,5.870907139023081,,
244,17.45169082125604,2.965646806226516,24.322329575952764,7.977724100912507,3.7238325281803544,7.474503488996243,30.213365539452496,5.870907139023081,,
245,17.901234567901234,2.9589371980676327,24.27536231884058,7.977724100912507,3.7238325281803544,7.206119162640902,30.08588298443371,5.870907139023081,,
246,17.820719269994633,2.7106816961889426,24.060654857756308,7.977724100912507,3.44873859366613,8.145464304884594,29.965110037573805,5.870907139023081,,
247,18.14278046162104,2.7106816961889426,23.49704777241009,8.420558239398819,3.4420289855072466,8.145464304884594,29.790660225442835,5.850778314546431,,
