,45,50,51,54,55,52,53,57,56,58,60,59,62,61
0,99.60413311862587,0.39586688137412773,,,,,,,,,,,,
1,99.26865271068169,0.7179280730005367,0.013419216317767043,,,,,,,,,,,
2,98.67149758454106,1.3150831991411702,0.013419216317767043,,,,,,,,,,,
3,87.72812667740205,12.224906065485776,0.04696725711218465,,,,,,,,,,,
4,87.6610305958132,12.157809983896941,0.04696725711218465,0.06709608158883522,0.06709608158883522,,,,,,,,,
5,85.79575952764358,13.882179280730005,0.1878690284487386,0.06709608158883522,0.06709608158883522,,,,,,,,,
6,85.64814814814815,13.882179280730005,0.1878690284487386,0.06709608158883522,0.2147074610842727,,,,,,,,,
7,85.05099302200752,14.445786366076222,0.18115942028985507,0.08051529790660225,0.24154589371980675,,,,,,,,,
8,83.99087493290392,15.4723564143854,0.18115942028985507,0.08051529790660225,0.24154589371980675,0.03354804079441761,,,,,,,,
9,83.43397745571659,16.002415458937197,0.20799785292538917,0.08051529790660225,0.24154589371980675,0.03354804079441761,,,,,,,,
10,82.93075684380032,16.472088030059044,0.20799785292538917,0.11406333870101985,0.24154589371980675,0.03354804079441761,,,,,,,,
11,82.61540526033279,16.800858829844337,0.20799785292538917,0.11406333870101985,0.2281266774020397,0.03354804079441761,,,,,,,,
12,81.72302737520128,17.673107890499196,0.20799785292538917,0.11406333870101985,0.2281266774020397,0.05367686527106817,,,,,,,,
13,77.37520128824477,22.16183574879227,0.06709608158883522,0.13419216317767044,0.20799785292538917,0.05367686527106817,,,,,,,,
14,67.40472356414385,31.702898550724637,0.040257648953301126,0.13419216317767044,0.5971551261406334,0.12077294685990338,,,,,,,,
15,60.02415458937198,38.94256575415996,0.15432098765432098,0.13419216317767044,0.6239935587761675,0.12077294685990338,,,,,,,,
16,59.86312399355877,38.83521202361782,0.2885131508319914,0.14761137949543746,0.7246376811594203,0.14090177133655393,,,,,,,,
17,59.43370907139023,39.24449812130972,0.2885131508319914,0.14761137949543746,0.7179280730005367,0.14090177133655393,0.026838432635534086,,,,,,,
18,59.23913043478261,39.070048309178745,0.30864197530864196,0.14761137949543746,0.9192163177670424,0.2885131508319914,0.026838432635534086,,,,,,,
19,57.930756843800324,36.94981213097155,0.30864197530864196,0.14761137949543746,0.9460547504025765,3.6902844873859366,0.026838432635534086,,,,,,,
20,57.830112721417066,36.983360171765966,0.3488996242619431,0.14761137949543746,0.966183574879227,3.683574879227053,0.040257648953301126,,,,,,,
21,57.94417606011809,36.82903918411165,0.3824476650563607,0.17444981213097155,0.966183574879227,3.6366076221148687,0.040257648953301126,0.026838432635534086,,,,,,
22,55.77697262479871,38.43263553408481,0.35560923242082665,0.17444981213097155,1.570048309178744,3.6231884057971016,0.040257648953301126,0.026838432635534086,,,,,,
23,51.65727321524423,43.42458400429415,0.24154589371980675,0.17444981213097155,1.8451422436929683,2.6167471819645733,0.040257648953301126,,,,,,,
24,51.469404186795494,43.223295759527645,0.2683843263553409,0.17444981213097155,1.8988191089640365,2.5831991411701556,0.3824476650563607,,,,,,,
25,42.8341384863124,52.97906602254428,0.2683843263553409,0.06709608158883522,1.402308105206656,2.4355877616747184,0.013419216317767043,,,,,,,
26,42.76033279656468,52.824745034889965,0.4092860976918948,0.10735373054213634,1.482823403113258,2.4020397208803006,0.013419216317767043,,,,,,,
27,42.85426731078905,52.18733225979603,0.4092860976918948,0.36902844873859364,1.8988191089640365,2.2745571658615136,0.0067096081588835215,,,,,,,
28,42.7133655394525,52.18733225979603,0.4092860976918948,0.36902844873859364,2.0263016639828235,2.2745571658615136,0.0067096081588835215,,0.013419216317767043,,,,,
29,42.190016103059584,52.02630166398282,0.46967257112184646,0.5166398282340311,2.086688137412775,2.5295222758990876,0.16774020397208803,,0.013419216317767043,,,,,
30,38.888888888888886,55.81723027375201,0.1878690284487386,0.3757380568974772,1.9994632313472893,2.3752012882447664,0.3421900161030596,,0.013419216317767043,,,,,
31,38.727858293075684,55.703166935050994,0.2616747181964573,0.3757380568974772,2.200751476113795,2.341653247450349,0.3421900161030596,0.03354804079441761,0.013419216317767043,,,,,
32,35.48040794417606,58.81642512077295,0.2147074610842727,0.4025764895330113,2.475845410628019,2.341653247450349,0.2214170692431562,0.03354804079441761,0.013419216317767043,,,,,
33,35.46027911969941,58.51449275362319,0.2147074610842727,0.4025764895330113,2.818035426731079,2.3215244229736984,0.2214170692431562,0.03354804079441761,0.013419216317767043,,,,,
34,34.13177670424047,53.54938271604938,0.2147074610842727,0.6038647342995169,2.6301663982823404,2.200751476113795,6.588835212023618,0.03354804079441761,0.013419216317767043,0.03354804079441761,,,,
35,34.11835748792271,52.180622651637144,0.2214170692431562,0.6038647342995169,3.898282340311326,2.3081052066559313,6.515029522275899,0.03354804079441761,0.013419216317767043,0.10735373054213634,,,,
36,34.10493827160494,51.94578636607622,0.20799785292538917,0.6038647342995169,4.159957058507783,2.3081052066559313,6.515029522275899,0.03354804079441761,0.013419216317767043,0.10735373054213634,,,,
37,32.749597423510465,50.62399355877617,2.831454643048846,0.6038647342995169,4.052603327965647,2.3081052066559313,6.6760601180891035,0.03354804079441761,0.013419216317767043,0.10735373054213634,,,,
38,32.930756843800324,50.46967257112185,2.8113258185721954,0.6038647342995169,4.1532474503489,2.3081052066559313,6.535158346752549,0.03354804079441761,0.013419216317767043,0.14090177133655393,,,,
39,32.340311325818575,51.09366612989801,2.8247450348899625,0.6038647342995169,4.1532474503489,2.2946859903381642,6.501610305958132,0.03354804079441761,0.013419216317767043,0.14090177133655393,,,,
40,32.05179817498658,50.717928073000536,2.8247450348899625,0.630703166935051,4.367954911433173,2.4020397208803006,6.816961889425658,0.03354804079441761,0.013419216317767043,0.14090177133655393,,,,
41,32.09205582393988,49.624261943102525,2.898550724637681,0.6038647342995169,5.146269457863661,2.4020397208803006,7.018250134192163,0.03354804079441761,0.013419216317767043,0.16774020397208803,,,,
42,31.904186795491142,49.644390767579175,2.8247450348899625,0.6038647342995169,5.179817498658078,2.3483628556092326,7.212828770799785,0.03354804079441761,0.07380568974771873,0.16774020397208803,0.0067096081588835215,,,
43,31.99812130971551,47.71202361782072,2.8247450348899625,3.9184111647879765,3.743961352657005,2.328234031132582,7.1658615136876005,0.05367686527106817,0.07380568974771873,0.17444981213097155,0.0067096081588835215,,,
44,31.93773483628556,47.557702630166396,2.8918411164787976,3.8915727321524423,3.878153515834675,2.328234031132582,7.14573268921095,0.05367686527106817,0.13419216317767044,0.17444981213097155,0.0067096081588835215,,,
45,32.10547504025765,47.20209339774557,2.885131508319914,3.6634460547504024,4.1129898013955986,2.2410091250670963,7.118894256575416,0.05367686527106817,0.2214170692431562,0.38915727321524424,0.0067096081588835215,,,
46,31.89747718733226,47.44363929146538,2.885131508319914,3.6366076221148687,4.079441760601181,2.281266774020397,7.078636607622115,0.05367686527106817,0.2214170692431562,0.38915727321524424,0.0067096081588835215,0.026838432635534086,,
47,31.830381105743424,47.10144927536232,2.9052603327965647,3.6097691894793345,4.3545356951154055,2.281266774020397,7.219538378958669,0.05367686527106817,0.2214170692431562,0.38915727321524424,0.0067096081588835215,0.026838432635534086,,
48,31.723027375201287,46.772678475577024,2.932098765432099,3.9720880300590444,4.414922168545357,2.254428341384863,7.206119162640902,0.05367686527106817,0.2214170692431562,0.38915727321524424,0.0067096081588835215,0.05367686527106817,,
49,31.50161030595813,46.51771336553945,2.7844873859366612,4.126409017713366,4.944981213097155,2.2208803005904456,6.904186795491143,0.08722490606548577,0.20799785292538917,0.644122383252818,0.0067096081588835215,0.05367686527106817,,
50,31.50161030595813,46.343263553408484,3.0595813204508855,4.126409017713366,4.978529253891573,2.200751476113795,6.796833064949007,0.08722490606548577,0.2214170692431562,0.6239935587761675,0.0067096081588835215,0.05367686527106817,,
51,31.340579710144926,45.450885668276975,3.079710144927536,4.374664519592056,5.776972624798712,2.200751476113795,6.796833064949007,0.08722490606548577,0.2214170692431562,0.6105743424584005,0.0067096081588835215,0.05367686527106817,,
52,31.30703166935051,45.36366076221149,3.0931293612453032,4.408212560386473,5.803811057434245,2.227589908749329,6.850509930220075,0.08722490606548577,0.2214170692431562,0.5770263016639828,0.0067096081588835215,0.05367686527106817,,
53,31.260064412238325,45.276435856146,3.0931293612453032,4.696725711218465,5.770263016639828,2.227589908749329,6.729736983360172,0.08722490606548577,0.2214170692431562,0.5770263016639828,0.0067096081588835215,0.05367686527106817,,
54,31.313741277509394,45.05501878690284,3.0730005367686526,4.723564143853999,5.743424584004294,2.24771873322598,6.776704240472356,0.08722490606548577,0.3421900161030596,0.5770263016639828,0.0067096081588835215,0.05367686527106817,,
55,31.40096618357488,44.900697799248526,3.0730005367686526,4.797369833601718,5.756843800322061,2.24771873322598,6.776704240472356,0.06709608158883522,0.3421900161030596,0.5770263016639828,0.0067096081588835215,0.05367686527106817,,
56,31.293612453032743,44.99463231347289,3.0730005367686526,4.790660225442834,5.797101449275362,2.227589908749329,6.776704240472356,0.06709608158883522,0.3421900161030596,0.5770263016639828,0.0067096081588835215,0.05367686527106817,,
57,31.46135265700483,44.57192699946323,3.046162104133119,4.51556629092861,5.8239398819108965,2.227589908749329,7.024959742351046,0.06709608158883522,0.630703166935051,0.5703166935050993,0.0067096081588835215,0.05367686527106817,,
58,31.374127750939344,44.437734836285564,3.280998389694042,4.51556629092861,5.8239398819108965,2.24771873322598,6.984702093397746,0.06709608158883522,0.6575415995705851,0.5501878690284487,0.0067096081588835215,0.05367686527106817,,
59,29.985238862050455,37.936124530327426,1.0332796564680622,3.824476650563607,4.1129898013955986,14.949006977992486,6.642512077294686,0.06709608158883522,0.8923778851315083,0.49651100375738055,0.0067096081588835215,0.05367686527106817,,
60,22.852925389157274,44.115673644659154,2.0531400966183573,3.911701556629093,4.012345679012346,14.794685990338165,6.5552871712292005,0.24154589371980675,0.9192163177670424,0.4830917874396135,0.0067096081588835215,0.05367686527106817,,
61,22.859634997316157,43.92109500805153,2.006172839506173,3.9318303811057436,4.280730005367687,14.74771873322598,6.535158346752549,0.2549651100375738,0.9192163177670424,0.4830917874396135,0.0067096081588835215,0.05367686527106817,,
62,23.007246376811594,43.666129898013956,1.9860440150295222,3.9452495974235107,4.4820182501341925,14.65378421900161,6.541867954911433,0.2549651100375738,0.9192163177670424,0.4830917874396135,0.0067096081588835215,0.05367686527106817,,
63,23.05421363392378,43.505099302200755,2.01959205582394,3.8848631239935587,4.49543746645196,14.526301663982823,6.561996779388084,0.2952227589908749,0.9192163177670424,0.6776704240472357,0.0067096081588835215,0.05367686527106817,,
64,23.101180891035963,43.45142243692968,2.01959205582394,3.8848631239935587,4.49543746645196,14.526301663982823,6.541867954911433,0.2952227589908749,0.9192163177670424,0.6776704240472357,0.0067096081588835215,0.08051529790660225,,
65,23.282340311325818,43.20987654320987,2.01959205582394,3.978797638217928,4.461889425657541,14.49946323134729,6.541867954911433,0.2952227589908749,0.9460547504025765,0.6776704240472357,0.0067096081588835215,0.08051529790660225,,
66,23.09447128287708,43.39103596349973,2.0128824476650564,3.978797638217928,4.461889425657541,14.338432635534085,6.535158346752549,0.4294149221685454,0.9930220075147611,0.6776704240472357,0.0067096081588835215,0.08051529790660225,,
67,23.201825013419217,41.6532474503489,1.9927536231884058,4.086151368760064,4.233762748255502,16.304347826086957,6.421095008051529,0.3153515834675255,0.9930220075147611,0.7112184648416533,0.0067096081588835215,0.08051529790660225,,
68,23.020665593129362,41.25067096081589,2.442297369833602,4.180085882984434,4.032474503488996,16.27750939345142,6.743156199677939,0.2616747181964573,0.9930220075147611,0.7112184648416533,0.0067096081588835215,0.08051529790660225,,
69,23.047504025764894,40.92190016103059,2.442297369833602,4.106280193236715,4.052603327965647,16.264090177133657,6.702898550724638,0.2616747181964573,1.402308105206656,0.7112184648416533,0.0067096081588835215,0.08051529790660225,,
70,22.450348899624263,41.6935050993022,2.2946859903381642,4.079441760601181,4.032474503488996,16.25067096081589,6.756575415995706,0.2616747181964573,1.3888888888888888,0.7112184648416533,,0.08051529790660225,,
71,22.57783145464305,41.398282340311326,2.2946859903381642,4.025764895330113,4.388083735909823,16.0829307568438,6.723027375201288,0.2616747181964573,1.3888888888888888,0.7514761137949544,,0.10735373054213634,,
72,22.644927536231883,41.324476650563604,2.2611379495437465,3.9855072463768115,4.5893719806763285,16.015834675254965,6.622383252818035,0.41599570585077833,1.3016639828234031,0.7313472893183038,,0.10735373054213634,,
73,22.7187332259796,40.87493290391841,2.2879763821792807,4.019055287171229,4.904723564143854,16.035963499731615,6.494900697799249,0.41599570585077833,1.3016639828234031,0.8387010198604401,,0.10735373054213634,,
74,22.75228126677402,40.754159957058505,2.2946859903381642,4.079441760601181,4.958400429414922,15.807836822329575,6.468062265163715,0.6776704240472357,1.261406333870102,0.8387010198604401,,0.10735373054213634,,
75,21.034621578099838,39.801395598497045,4.898013955984971,4.106280193236715,4.951690821256038,15.868223295759528,6.427804616210413,0.6776704240472357,1.288244766505636,0.8387010198604401,,0.10735373054213634,,
76,21.175523349436393,39.20424047235642,4.898013955984971,4.428341384863124,5.025496511003757,15.942028985507246,6.414385399892646,0.6776704240472357,1.288244766505636,0.8387010198604401,,0.10735373054213634,,
77,21.162104133118625,38.801663982823406,5.213365539452496,4.62962962962963,5.0993022007514766,15.774288781535159,6.414385399892646,0.7447665056360708,1.2144390767579174,0.8387010198604401,,0.10735373054213634,,
78,21.329844337090712,38.5601180891036,5.166398282340311,4.7168545356951155,5.166398282340311,15.74074074074074,6.421095008051529,0.7514761137949544,1.1943102522812667,0.8185721953837896,,0.13419216317767044,,
79,21.443907675791735,38.21121846484165,5.280461621041331,4.609500805152979,5.401234567901234,15.68035426731079,6.582125603864735,0.7581857219538379,1.0802469135802468,0.8185721953837896,,0.13419216317767044,,
80,20.705850778314545,36.66800858829844,5.186527106816962,4.3478260869565215,5.421363392377885,18.095813204508858,6.535158346752549,0.8521202361782072,1.2345679012345678,0.8185721953837896,,0.13419216317767044,,
81,19.981213097155127,37.25174449812131,4.985238862050457,4.569243156199678,5.3274288781535155,18.00187869028449,6.481481481481482,1.1808910359634996,1.2681159420289856,0.8185721953837896,,0.13419216317767044,,
82,20.2361782071927,36.963231347289316,4.938271604938271,4.7168545356951155,5.320719269994632,17.92807300053677,6.474771873322598,1.1808910359634996,1.2681159420289856,0.8387010198604401,,0.13419216317767044,,
83,20.491143317230275,36.580783682232955,4.911433172302737,4.958400429414922,5.434782608695652,17.780461621041333,6.474771873322598,1.1741814278046163,1.2345679012345678,0.8252818035426731,,0.13419216317767044,,
84,20.48443370907139,36.30568974771873,5.112721417069243,5.065754159957058,5.414653784219001,17.746913580246915,6.266774020397209,1.1741814278046163,1.1943102522812667,1.1003757380568975,,0.13419216317767044,,
85,15.042941492216855,46.03462157809984,4.448470209339774,4.408212560386473,4.609500805152979,15.72061191626409,5.246913580246914,0.9393451422436929,2.328234031132582,1.0869565217391304,,0.13419216317767044,,
86,15.197262479871176,45.55823939881911,4.428341384863124,4.30756843800322,4.4820182501341925,16.284219001610307,5.267042404723564,0.9393451422436929,2.314814814814815,1.0869565217391304,,0.13419216317767044,,
87,15.344873859366613,45.45759527643585,4.408212560386473,4.30756843800322,4.414922168545357,16.23054213633924,5.320719269994632,0.9796027911969941,2.314814814814815,1.0869565217391304,,0.13419216317767044,,
88,13.553408480944713,40.72061191626409,8.816425120772946,2.059849704777241,3.227321524422974,23.349436392914654,5.139559849704777,0.3757380568974772,1.8719806763285025,0.8856682769726248,,,,
89,13.58695652173913,40.03623188405797,8.789586688137414,2.086688137412775,3.730542136339238,23.450080515297905,5.22007514761138,0.3757380568974772,1.8384326355340848,0.8856682769726248,,,,
90,13.674181427804616,39.88862050456253,8.735909822866345,2.1135265700483092,3.7640901771336552,23.30246913580247,5.267042404723564,0.5032206119162641,1.8384326355340848,0.9125067096081588,,,,
91,13.774825550187868,39.54643048845947,8.581588835212024,2.0933977455716586,3.8714439076757916,23.081052066559312,5.260332796564681,0.6776704240472357,2.200751476113795,0.9125067096081588,,,,
92,13.902308105206655,39.27133655394525,8.621846484165324,2.187332259796028,3.965378421900161,22.7187332259796,5.260332796564681,0.798443370907139,2.3617820719269993,0.9125067096081588,,,,
93,14.06333870101986,39.04320987654321,8.601717659688674,2.214170692431562,4.066022544283414,22.665056360708533,5.260332796564681,0.8319914117015567,2.3617820719269993,0.8923778851315083,,,,
94,8.460815888352121,55.2536231884058,1.4358561460010735,1.6438539989264627,3.7372517444981215,21.39694041867955,4.30756843800322,0.785024154589372,2.100107353730542,0.8789586688137413,,,,
95,8.621846484165324,55.06575415995706,1.4358561460010735,1.6438539989264627,3.770799785292539,21.26274825550188,4.374664519592056,0.8521202361782072,2.0933977455716586,0.8789586688137413,,,,
96,8.796296296296296,54.690016103059584,1.4358561460010735,1.9592055823939882,3.8580246913580245,21.095008051529792,4.361245303274289,0.8521202361782072,2.086688137412775,0.8655394524959742,,,,
97,8.950617283950617,54.44176060118089,1.4358561460010735,1.932367149758454,4.320987654320987,20.813204508856682,4.341116478797638,0.8856682769726248,2.0128824476650564,0.8655394524959742,,,,
98,9.138486312399356,53.898282340311326,1.4358561460010735,1.9457863660762211,4.736983360171766,20.759527643585614,4.320987654320987,0.9125067096081588,1.9994632313472893,0.8387010198604401,,,0.013419216317767043,
99,5.159688674181428,74.08749329039185,1.3486312399355878,3.0595813204508855,4.166666666666667,5.273752012882448,4.2203435319377345,0.20128824476650564,1.6304347826086956,0.8387010198604401,,,0.013419216317767043,
100,5.280461621041331,73.8593666129898,1.3419216317767042,3.026033279656468,4.408212560386473,5.159688674181428,4.253891572732153,0.1878690284487386,1.6304347826086956,0.8387010198604401,,,0.013419216317767043,
101,5.434782608695652,64.54643048845948,1.3419216317767042,3.0595813204508855,13.546698872785829,5.119431025228127,4.2270531400966185,0.17444981213097155,1.6639828234031133,0.8722490606548577,,,0.013419216317767043,
102,5.750134192163178,64.22436929683306,1.3352120236178207,3.046162104133119,13.6808910359635,5.092592592592593,4.126409017713366,0.17444981213097155,1.6639828234031133,0.8923778851315083,,,0.013419216317767043,
103,5.803811057434245,63.727858293075684,1.3083735909822867,3.0730005367686526,14.13714439076758,5.092592592592593,4.1129898013955986,0.17444981213097155,1.6639828234031133,0.8923778851315083,,,0.013419216317767043,
104,5.958132045088567,63.09044551798175,1.3083735909822867,3.2139023081052067,14.512882447665056,4.998658078368224,4.086151368760064,0.2683843263553409,1.6572732152442298,0.8923778851315083,,,0.013419216317767043,
105,6.179549114331723,62.6610305958132,1.3083735909822867,3.207192699946323,14.74771873322598,4.938271604938271,3.992216854535695,0.2683843263553409,1.7042404723564144,0.9796027911969941,,,0.013419216317767043,
106,6.300322061191626,62.39935587761675,1.3083735909822867,3.1870638754696725,14.868491680085883,4.938271604938271,3.992216854535695,0.30864197530864196,1.7042404723564144,0.9796027911969941,,,0.013419216317767043,
107,6.528448738593666,62.17793880837359,1.2949543746645196,3.1870638754696725,14.841653247450349,4.924852388620504,3.992216854535695,0.30864197530864196,1.6841116478797638,0.9796027911969941,0.06709608158883522,,0.013419216317767043,
108,6.649221685453569,61.74852388620504,1.2949543746645196,3.1870638754696725,15.163714439076758,4.911433172302737,3.992216854535695,0.30864197530864196,1.6841116478797638,0.9796027911969941,0.06709608158883522,,0.013419216317767043,
109,6.91760601180891,61.46672034353194,1.2949543746645196,3.079710144927536,15.217391304347826,4.898013955984971,3.965378421900161,0.4428341384863124,1.6572732152442298,0.9796027911969941,0.06709608158883522,,0.013419216317767043,
110,7.105475040257649,60.85614600107354,1.2949543746645196,3.079710144927536,15.640096618357488,4.898013955984971,3.965378421900161,0.4428341384863124,1.6572732152442298,0.9796027911969941,0.06709608158883522,,0.013419216317767043,
111,7.206119162640902,60.70182501341922,1.2010198604401503,3.079710144927536,15.666935050993022,4.864465915190553,3.9184111647879765,0.5300590445517982,1.7444981213097155,0.9796027911969941,0.0939345142243693,,0.013419216317767043,
112,7.239667203435319,60.16505636070853,1.2010198604401503,3.066290928609769,16.069511540526033,4.85775630703167,3.8177670424047236,0.7246376811594203,1.7444981213097155,1.0064412238325282,0.0939345142243693,,0.013419216317767043,
113,7.387278582930757,59.80273752012882,1.2010198604401503,3.066290928609769,16.297638217928075,4.8443370907139025,3.8177670424047236,0.7246376811594203,1.7444981213097155,1.0064412238325282,0.0939345142243693,,0.013419216317767043,
114,7.716049382716049,59.40016103059581,1.2010198604401503,3.113258185721954,16.324476650563607,4.830917874396135,3.8177670424047236,0.7246376811594203,1.7444981213097155,1.0064412238325282,0.0939345142243693,0.013419216317767043,0.013419216317767043,
115,5.548845947396672,27.113526570048307,47.799248523886206,1.4626945786366077,6.723027375201288,4.53569511540526,3.6366076221148687,0.4294149221685454,1.7579173376274826,0.9728931830381106,0.0067096081588835215,,0.013419216317767043,
116,5.797101449275362,27.106816961889425,47.537573805689746,1.4358561460010735,6.769994632313473,4.53569511540526,3.6366076221148687,0.4294149221685454,1.7579173376274826,0.9728931830381106,0.0067096081588835215,,0.013419216317767043,
117,6.078904991948471,26.939076757917338,47.416800858829845,1.42914653784219,6.810252281266774,4.361245303274289,3.6366076221148687,0.5770263016639828,1.7579173376274826,0.9728931830381106,0.0067096081588835215,,0.013419216317767043,
118,6.320450885668277,26.7914653784219,46.93370907139023,1.4761137949543746,7.185990338164252,4.3545356951154055,3.6366076221148687,0.5770263016639828,1.7310789049919484,0.9728931830381106,0.0067096081588835215,,0.013419216317767043,
119,6.488191089640365,26.462694578636608,46.73913043478261,1.4761137949543746,7.568438003220612,4.334406870638754,3.629898013955985,0.5770263016639828,1.7310789049919484,0.9728931830381106,0.0067096081588835215,,0.013419216317767043,
120,6.810252281266774,26.362050456253353,46.04804079441761,1.5767579173376274,8.024691358024691,4.320987654320987,3.6097691894793345,0.5099302200751477,1.7042404723564144,0.9930220075147611,0.0067096081588835215,0.020128824476650563,0.013419216317767043,
121,6.91760601180891,26.234567901234566,45.66559312936125,1.5767579173376274,8.427267847557703,4.320987654320987,3.6097691894793345,0.5099302200751477,1.7042404723564144,0.9930220075147611,0.0067096081588835215,0.020128824476650563,0.013419216317767043,
122,7.085346215780999,26.093666129898015,45.30327428878154,1.6975308641975309,8.729200214707461,4.213633923778851,3.6097691894793345,0.48980139559849706,1.6975308641975309,0.9930220075147611,0.0067096081588835215,0.06709608158883522,0.013419216317767043,
123,7.192699946323135,26.03327965646806,45.108695652173914,1.90552871712292,8.715780998389693,4.206924315619967,3.6097691894793345,0.48980139559849706,1.6572732152442298,0.9930220075147611,0.0067096081588835215,0.06709608158883522,0.013419216317767043,
124,7.427536231884058,25.99302200751476,44.39076757917338,1.90552871712292,9.232420826623725,4.206924315619967,3.6097691894793345,0.48980139559849706,1.6505636070853462,0.9930220075147611,0.0067096081588835215,0.06709608158883522,0.013419216317767043,0.013419216317767043
125,7.608695652173913,25.87895866881374,43.77348362855609,2.13365539452496,9.581320450885668,4.206924315619967,3.5628019323671496,0.48980139559849706,1.6505636070853462,0.9997316156736447,0.020128824476650563,0.06709608158883522,0.013419216317767043,0.013419216317767043
126,7.6623725174449815,25.811862587224905,43.323939881910896,2.13365539452496,10.044283413848632,4.206924315619967,3.5628019323671496,0.48980139559849706,1.6505636070853462,0.9997316156736447,0.020128824476650563,0.06709608158883522,0.013419216317767043,0.013419216317767043
127,7.816693505099302,25.697799248523886,42.8743961352657,2.13365539452496,10.453569511540525,4.206924315619967,3.5628019323671496,0.48980139559849706,1.6505636070853462,0.9997316156736447,0.020128824476650563,0.06709608158883522,0.013419216317767043,0.013419216317767043
128,7.930756843800322,25.42270531400966,42.70665593129361,2.13365539452496,10.742082662372518,4.206924315619967,3.535963499731616,0.48980139559849706,1.6639828234031133,1.0534084809447128,0.020128824476650563,0.06709608158883522,0.013419216317767043,0.013419216317767043
129,8.064949006977992,25.0805152979066,42.41814278046162,2.4557165861513686,10.929951690821255,4.206924315619967,3.535963499731616,0.48980139559849706,1.6639828234031133,1.0399892646269457,0.020128824476650563,0.06709608158883522,0.013419216317767043,0.013419216317767043
130,8.105206655931294,24.44310252281267,42.00214707461084,2.442297369833602,11.969940955448202,4.206924315619967,3.535963499731616,0.48980139559849706,1.6505636070853462,1.0399892646269457,0.020128824476650563,0.06709608158883522,0.013419216317767043,0.013419216317767043
131,8.246108427267847,24.4296833064949,41.84782608695652,2.442297369833602,12.090713902308105,4.180085882984434,3.488996242619431,0.48980139559849706,1.6304347826086956,1.0399892646269457,0.020128824476650563,0.06709608158883522,0.013419216317767043,0.013419216317767043
132,8.487654320987655,24.402844873859365,41.532474503489,2.408749329039184,12.177938808373591,4.17337627482555,3.5292538915727323,0.48980139559849706,1.6438539989264627,1.0399892646269457,0.020128824476650563,0.06709608158883522,0.013419216317767043,0.013419216317767043
133,8.648684916800859,24.194847020933977,40.673644659151904,2.3081052066559313,12.983091787439614,4.126409017713366,3.743961352657005,0.5099302200751477,1.6572732152442298,1.0399892646269457,0.020128824476650563,0.06709608158883522,0.013419216317767043,0.013419216317767043
134,8.68894256575416,24.14787976382179,40.64680622651637,2.3081052066559313,12.983091787439614,4.126409017713366,3.6768652710681695,0.5099302200751477,1.6572732152442298,1.1406333870101986,0.020128824476650563,0.06709608158883522,0.013419216317767043,0.013419216317767043
135,8.722490606548577,23.91304347826087,40.485775630703166,2.3081052066559313,13.352120236178207,4.032474503488996,3.717122920021471,0.5300590445517982,1.6841116478797638,1.1406333870101986,0.020128824476650563,0.06709608158883522,0.013419216317767043,0.013419216317767043
136,8.93719806763285,23.79898013955985,40.17042404723564,2.2745571658615136,13.56682769726248,4.005636070853462,3.743961352657005,0.5434782608695652,1.7042404723564144,1.1406333870101986,0.020128824476650563,0.06709608158883522,0.013419216317767043,0.013419216317767043
137,9.145195920558239,23.70504562533548,40.123456790123456,2.2745571658615136,13.479602791196994,4.005636070853462,3.7640901771336552,0.5434782608695652,1.7042404723564144,1.1406333870101986,0.020128824476650563,0.06709608158883522,0.013419216317767043,0.013419216317767043
138,9.420289855072463,23.517176596886742,39.660493827160494,2.2879763821792807,13.868760064412239,3.9989264626945786,3.8580246913580245,0.4294149221685454,1.7042404723564144,1.1406333870101986,0.020128824476650563,0.06709608158883522,0.013419216317767043,0.013419216317767043
139,9.634997316156737,23.00053676865271,39.452495974235106,2.690552871712292,13.781535158346752,3.8714439076757916,3.8580246913580245,0.4495437466451959,2.01959205582394,1.1406333870101986,0.020128824476650563,0.06709608158883522,,0.013419216317767043
140,9.91009125067096,22.893183038110575,39.009661835748794,2.690552871712292,14.036500268384327,3.8580246913580245,3.8580246913580245,0.4495437466451959,2.0531400966183573,1.1406333870101986,0.020128824476650563,0.06709608158883522,,0.013419216317767043
141,10.050993022007514,22.819377348362856,38.821792807300056,2.7241009125067097,14.11701556629093,3.8580246913580245,3.8848631239935587,0.4495437466451959,2.0531400966183573,1.1272141706924315,0.013419216317767043,0.06709608158883522,,0.013419216317767043
142,10.292538915727322,22.758990874932906,38.539989264626946,2.7241009125067097,14.224369296833064,3.851315083199141,3.92512077294686,0.4495437466451959,2.0128824476650564,1.1272141706924315,0.013419216317767043,0.06709608158883522,,0.013419216317767043
143,10.554213633923778,22.644927536231883,38.45276435856146,2.7106816961889426,14.184111647879764,3.851315083199141,3.898282340311326,0.4495437466451959,1.9189479334406871,1.107085346215781,0.013419216317767043,0.20128824476650564,,0.013419216317767043
144,10.795759527643586,22.497316156736446,38.378958668813745,2.7308105206655933,14.13714439076758,3.8378958668813743,3.9049919484702094,0.4495437466451959,1.90552871712292,1.093666129898014,0.040257648953301126,0.2147074610842727,,0.013419216317767043
145,10.715244229736983,21.980676328502415,38.24476650563607,3.0193236714975846,13.486312399355878,3.8177670424047236,5.052334943639291,0.4495437466451959,1.8988191089640365,1.093666129898014,0.040257648953301126,0.20128824476650564,,
146,10.923242082662373,21.906870638754697,38.1105743424584,3.0193236714975846,13.446054750402576,3.8177670424047236,5.052334943639291,0.4495437466451959,1.8988191089640365,1.093666129898014,0.040257648953301126,0.24154589371980675,,
147,10.976918947933441,21.866612989801396,37.915995705850776,3.0327428878153517,13.613794954374665,3.8177670424047236,5.018786902844874,0.4495437466451959,1.8988191089640365,1.1272141706924315,0.040257648953301126,0.24154589371980675,,
148,11.16478797638218,21.752549651100377,37.76838432635534,3.066290928609769,13.654052603327965,3.8177670424047236,5.045625335480408,0.4495437466451959,1.892109500805153,1.107085346215781,0.040257648953301126,0.24154589371980675,,
149,11.265432098765432,21.68545356951154,37.61406333870102,3.0595813204508855,13.70101986044015,3.8177670424047236,5.139559849704777,0.4495437466451959,1.8853998926462694,1.1003757380568975,0.040257648953301126,0.24154589371980675,,
150,11.453301127214171,21.618357487922705,37.466451959205585,3.099838969404187,13.694310252281268,3.797638217928073,5.119431025228127,0.4495437466451959,1.9189479334406871,1.1003757380568975,0.040257648953301126,0.24154589371980675,,
151,11.600912506709609,21.410359634997317,36.943102522812666,3.0931293612453032,13.982823403113258,3.797638217928073,5.01207729468599,0.6038647342995169,2.1604938271604937,1.1205045625335481,0.040257648953301126,0.23483628556092323,,
152,11.688137412775093,21.370101986044016,36.8894256575416,3.0931293612453032,14.002952227589908,3.797638217928073,5.01207729468599,0.5904455179817498,2.1604938271604937,1.1205045625335481,0.040257648953301126,0.23483628556092323,,
153,11.782071926999464,21.115136876006442,36.70826623725174,3.1199677938808374,14.318303811057435,3.8311862587224907,4.985238862050457,0.5904455179817498,2.15378421900161,1.1205045625335481,0.040257648953301126,0.23483628556092323,,
154,11.876006441223833,20.913848631239937,36.39291465378422,3.1199677938808374,14.694041867954912,3.8177670424047236,5.052334943639291,0.5904455179817498,2.1269457863660763,1.1540526033279657,0.040257648953301126,0.2214170692431562,,
155,11.876006441223833,20.73268921095008,35.950080515297905,3.3279656468062266,15.002683843263553,3.8177670424047236,4.904723564143854,0.8789586688137413,2.187332259796028,1.0601180891035964,0.040257648953301126,0.2214170692431562,,
156,11.896135265700483,20.531400966183575,35.85614600107354,3.2742887815351582,15.170424047235642,3.589640365002684,5.052334943639291,1.1808910359634996,2.2745571658615136,1.0466988727858293,0.040257648953301126,0.08722490606548577,,
157,12.117552334943639,20.323403113258184,35.68169618894257,3.589640365002684,15.002683843263553,3.569511540526033,5.018786902844874,1.1808910359634996,2.3081052066559313,1.0802469135802468,0.040257648953301126,0.08722490606548577,,
158,12.372517444981213,20.21604938271605,35.51395598497048,3.569511540526033,14.982555018786902,3.5829307568438002,5.045625335480408,1.1943102522812667,2.314814814814815,1.0802469135802468,0.040257648953301126,0.08722490606548577,,
159,12.493290391841116,20.162372517444982,35.37305421363392,3.5628019323671496,15.056360708534621,3.5829307568438002,5.01207729468599,1.1943102522812667,2.314814814814815,1.1205045625335481,0.040257648953301126,0.08722490606548577,,
160,12.614063338701019,20.088566827697264,35.33279656468062,3.5628019323671496,15.22410091250671,3.5829307568438002,4.924852388620504,1.1674718196457328,2.314814814814815,1.0601180891035964,0.040257648953301126,0.08722490606548577,,
161,12.76838432635534,20.055018786902846,35.20531400966183,3.535963499731616,15.22410091250671,3.6097691894793345,4.904723564143854,1.1540526033279657,2.3550724637681157,1.0601180891035964,0.040257648953301126,0.08722490606548577,,
162,12.815351583467525,19.94766505636071,35.09125067096082,3.6768652710681695,15.257648953301127,3.616478797638218,4.898013955984971,1.1540526033279657,2.3550724637681157,1.0601180891035964,0.040257648953301126,0.08722490606548577,,
163,12.949543746645196,19.64573268921095,34.896672034353195,3.978797638217928,15.237520128824476,3.616478797638218,4.898013955984971,1.1674718196457328,2.4221685453569513,1.0601180891035964,0.040257648953301126,0.08722490606548577,,
164,13.077026301663983,19.444444444444443,34.76918947933441,3.9855072463768115,15.391841116478798,3.44873859366613,4.864465915190553,1.4358561460010735,2.395330112721417,1.0601180891035964,0.040257648953301126,0.08722490606548577,,
165,13.130703166935051,19.135802469135804,34.45383789586688,4.253891572732153,15.794417606011809,3.4017713365539453,4.797369833601718,1.4626945786366077,2.395330112721417,1.0466988727858293,0.040257648953301126,0.08722490606548577,,
166,13.191089640365004,18.94122383252818,34.37332259796028,4.233762748255502,16.009125067096083,3.4286097691894795,4.790660225442834,1.4626945786366077,2.395330112721417,1.0466988727858293,0.040257648953301126,0.08722490606548577,,
167,13.39237788513151,18.813741277509394,33.8365539452496,4.320987654320987,16.378153515834676,3.4286097691894795,4.8376274825550185,1.5163714439076759,2.3215244229736984,1.0466988727858293,0.020128824476650563,0.08722490606548577,,
168,13.593666129898015,18.699677938808374,33.4272678475577,4.294149221685454,16.512345679012345,3.361513687600644,5.025496511003757,1.5499194847020934,2.38191089640365,1.0466988727858293,0.020128824476650563,0.08722490606548577,,
169,9.809447128287708,15.123456790123457,54.44176060118089,3.1468062265163717,13.761406333870102,0.9326355340848095,1.4694041867954912,0.2683843263553409,0.8655394524959742,0.13419216317767044,0.020128824476650563,0.026838432635534086,,
170,10.010735373054214,15.11003757380569,54.2337627482555,3.1199677938808374,13.741277509393452,0.9997316156736447,1.5096618357487923,0.2683843263553409,0.8252818035426731,0.13419216317767044,0.020128824476650563,0.026838432635534086,,
171,10.178475577026301,14.949006977992486,53.94524959742351,3.1199677938808374,14.04320987654321,0.9594739667203436,1.5096618357487923,0.2683843263553409,0.8722490606548577,0.12077294685990338,0.020128824476650563,0.013419216317767043,,
172,10.292538915727322,14.80810520665593,53.72383252818035,3.240740740740741,14.049919484702093,0.9326355340848095,1.5029522275899088,0.2683843263553409,1.0265700483091786,0.12077294685990338,0.020128824476650563,0.013419216317767043,,
173,10.406602254428341,14.78797638217928,53.28099838969404,3.2474503488996245,14.237788513150832,0.9326355340848095,1.5029522275899088,0.2683843263553409,1.1808910359634996,0.12077294685990338,0.020128824476650563,0.013419216317767043,,
174,10.641438539989265,14.78797638217928,52.871712292002144,3.2340311325818574,14.237788513150832,0.9326355340848095,1.6237251744498122,0.2683843263553409,1.247987117552335,0.12077294685990338,0.020128824476650563,0.013419216317767043,,
175,10.795759527643586,14.707461084272678,52.301395598497045,3.374932903918411,14.204240472356414,0.9326355340848095,1.596886741814278,0.24825550187869028,1.6975308641975309,0.10735373054213634,0.020128824476650563,0.013419216317767043,,
176,10.809178743961352,14.707461084272678,51.96591519055287,3.4151905528717124,14.49946323134729,0.9326355340848095,1.596886741814278,0.24825550187869028,1.6841116478797638,0.10735373054213634,0.020128824476650563,0.013419216317767043,,
177,10.869565217391305,14.660493827160494,51.56333870101986,3.488996242619431,14.694041867954912,0.9728931830381106,1.583467525496511,0.24825550187869028,1.778046162104133,0.10735373054213634,0.020128824476650563,0.013419216317767043,,
178,10.876274825550189,14.392109500805153,51.33521202361782,4.126409017713366,14.492753623188406,0.9460547504025765,1.6103059581320451,0.2281266774020397,1.8518518518518519,0.10735373054213634,0.020128824476650563,0.013419216317767043,,
179,10.95679012345679,14.237788513150832,50.899087493290395,4.320987654320987,14.700751476113794,0.966183574879227,1.6505636070853462,0.2281266774020397,1.8988191089640365,0.10735373054213634,0.020128824476650563,0.013419216317767043,,
180,11.017176596886742,14.237788513150832,50.77831454643049,4.361245303274289,14.640365002683843,0.966183574879227,1.6505636070853462,0.2281266774020397,1.9793344068706387,0.10735373054213634,0.020128824476650563,0.013419216317767043,,
181,10.46027911969941,13.633923778851315,50.18786902844874,6.159420289855072,14.378690284487385,1.0064412238325282,1.6438539989264627,0.20128824476650564,2.187332259796028,0.10735373054213634,0.020128824476650563,0.013419216317767043,,
182,10.57434245840043,13.137412775093935,49.993290391841114,6.125872249060655,14.99597423510467,1.0064412238325282,1.6371443907675791,0.20128824476650564,2.187332259796028,0.10735373054213634,0.020128824476650563,0.013419216317767043,,
183,10.775630703166936,12.828770799785293,49.85909822866345,6.072195383789587,15.210681696188942,1.0399892646269457,1.7176596886741815,0.20128824476650564,2.15378421900161,0.10735373054213634,0.020128824476650563,0.013419216317767043,,
184,10.909822866344605,12.795222758990874,49.584004294149224,6.0654857756307035,15.029522275899087,1.0399892646269457,1.9256575415995705,0.20128824476650564,2.2745571658615136,0.10735373054213634,0.020128824476650563,0.04696725711218465,,
185,11.077563070316694,12.661030595813205,49.3894256575416,6.132581857219538,15.096618357487923,1.0399892646269457,1.9256575415995705,0.20128824476650564,2.26784755770263,0.10735373054213634,0.05367686527106817,0.04696725711218465,,
186,11.211755233494364,12.52012882447665,49.22839506172839,6.199677938808374,15.063070316693505,1.0399892646269457,1.9592055823939882,0.2281266774020397,2.2879763821792807,0.1610305958132045,0.05367686527106817,0.04696725711218465,,
187,11.077563070316694,11.882716049382717,49.08749329039184,7.776435856146001,14.626945786366075,0.9125067096081588,1.8786902844873858,0.2214170692431562,2.2745571658615136,0.1610305958132045,0.05367686527106817,0.04696725711218465,,
