,45,50,52,55,53,54,51,56,57,58,60
0,99.77858293075684,0.2214170692431562,,,,,,,,,
1,97.58454106280193,2.4154589371980677,,,,,,,,,
2,97.19538378958669,2.771068169618894,0.03354804079441761,,,,,,,,
3,94.6256038647343,5.340848094471283,0.03354804079441761,,,,,,,,
4,93.98819108964037,5.978260869565218,0.03354804079441761,,,,,,,,
5,93.05555555555556,6.837090713902308,0.03354804079441761,0.07380568974771873,,,,,,,
6,92.78717122920021,6.9310252281266775,0.03354804079441761,0.07380568974771873,0.17444981213097155,,,,,,
7,92.78717122920021,6.9310252281266775,0.03354804079441761,0.07380568974771873,0.17444981213097155,,,,,,
8,92.77375201288245,6.944444444444445,0.03354804079441761,0.07380568974771873,0.17444981213097155,,,,,,
9,92.76704240472357,6.89747718733226,0.03354804079441761,0.07380568974771873,0.17444981213097155,0.05367686527106817,,,,,
10,92.72678475577027,6.937734836285561,0.03354804079441761,0.07380568974771873,0.17444981213097155,0.05367686527106817,,,,,
11,91.532474503489,8.132045088566828,0.03354804079441761,0.07380568974771873,0.17444981213097155,0.05367686527106817,,,,,
12,90.89506172839506,8.769457863660762,0.03354804079441761,0.07380568974771873,0.17444981213097155,0.05367686527106817,,,,,
13,90.955448201825,8.655394524959743,0.03354804079441761,0.1274825550187869,0.17444981213097155,0.05367686527106817,,,,,
14,88.37224906065485,11.178207192699947,0.0939345142243693,0.1274825550187869,0.17444981213097155,0.05367686527106817,,,,,
15,85.8695652173913,13.633923778851315,0.0939345142243693,0.1274825550187869,0.17444981213097155,0.05367686527106817,0.04696725711218465,,,,
16,85.829307568438,13.43263553408481,0.0939345142243693,0.1274825550187869,0.41599570585077833,0.05367686527106817,0.04696725711218465,,,,
17,84.23242082662372,15.029522275899087,0.0939345142243693,0.1274825550187869,0.41599570585077833,0.05367686527106817,0.04696725711218465,,,,
18,84.02442297369834,15.237520128824476,0.0939345142243693,0.1274825550187869,0.41599570585077833,0.05367686527106817,0.04696725711218465,,,,
19,77.56977992485238,19.786634460547504,0.0939345142243693,0.1274825550187869,0.4495437466451959,0.05367686527106817,1.9189479334406871,,,,
20,77.2007514761138,20.169082125603865,0.0939345142243693,0.1274825550187869,0.4495437466451959,0.05367686527106817,1.90552871712292,,,,
21,77.06655931293612,20.303274288781534,0.0939345142243693,0.1274825550187869,0.4495437466451959,0.05367686527106817,1.90552871712292,,,,
22,77.06655931293612,20.175791733762747,0.0939345142243693,0.1274825550187869,0.4495437466451959,0.05367686527106817,2.033011272141707,,,,
23,76.7914653784219,20.45088566827697,0.0939345142243693,0.1274825550187869,0.4495437466451959,0.05367686527106817,2.033011272141707,,,,
24,70.53140096618357,26.710950080515296,0.0939345142243693,0.1274825550187869,0.4495437466451959,0.05367686527106817,2.033011272141707,,,,
25,70.32340311325818,26.94578636607622,0.0939345142243693,0.1274825550187869,0.4495437466451959,0.05367686527106817,2.006172839506173,,,,
26,70.30998389694042,26.939076757917338,0.0939345142243693,0.1274825550187869,0.4495437466451959,0.05367686527106817,2.0263016639828235,,,,
27,68.57219538378959,28.27428878153516,0.0939345142243693,0.1274825550187869,0.8588298443370908,0.05367686527106817,2.01959205582394,,,,
28,65.25764895330113,31.548577563070317,0.0939345142243693,0.2549651100375738,0.7716049382716049,0.05367686527106817,2.01959205582394,,,,
29,65.25764895330113,30.837359098228664,0.5099302200751477,0.4294149221685454,0.7716049382716049,0.17444981213097155,2.01959205582394,,,,
30,65.25093934514224,30.66290928609769,0.6910896403650026,0.4294149221685454,0.7716049382716049,0.17444981213097155,2.01959205582394,,,,
31,64.66720343531938,30.56226516371444,0.9863123993558777,0.4294149221685454,0.7716049382716049,0.4495437466451959,2.13365539452496,,,,
32,64.11701556629093,30.9849704777241,1.0198604401502953,0.4294149221685454,0.7716049382716049,0.4495437466451959,2.227589908749329,,,,
33,63.97611379495437,30.703166935050994,1.6908212560386473,0.4294149221685454,0.7716049382716049,0.47638217928073,1.9524959742351047,,,,
34,63.93585614600107,30.770263016639827,1.6908212560386473,0.4025764895330113,0.7716049382716049,0.47638217928073,1.9524959742351047,,,,
35,63.92243692968331,30.615942028985508,1.6908212560386473,0.4025764895330113,0.7716049382716049,0.644122383252818,1.9524959742351047,,,,
36,63.707729468599034,29.09286097691895,3.4017713365539453,0.4025764895330113,0.798443370907139,0.644122383252818,1.9524959742351047,,,,
37,62.36580783682233,29.28743961352657,3.4017713365539453,0.4025764895330113,0.798443370907139,0.7648953301127214,2.9790660225442833,,,,
38,62.17122920021471,29.159957058507782,3.3950617283950617,0.4025764895330113,0.8923778851315083,0.9997316156736447,2.9790660225442833,,,,
39,62.03703703703704,29.21363392377885,3.3950617283950617,0.4025764895330113,0.8923778851315083,0.9997316156736447,3.0595813204508855,,,,
40,61.802200751476114,29.448470209339774,3.3950617283950617,0.4025764895330113,0.8923778851315083,0.9997316156736447,3.0595813204508855,,,,
41,61.38620504562534,29.582662372517444,3.3950617283950617,0.6843800322061192,0.8923778851315083,0.9997316156736447,3.0595813204508855,,,,
42,58.44068706387547,30.615942028985508,3.374932903918411,0.6843800322061192,0.8923778851315083,0.9997316156736447,4.99194847020934,,,,
43,58.393719806763286,30.649490069779926,3.374932903918411,0.6843800322061192,0.8789586688137413,1.0466988727858293,4.9718196457326895,,,,
44,57.1256038647343,32.118894256575416,3.2675791733762747,0.6843800322061192,0.8789586688137413,1.0735373054213635,4.851046698872786,,,,
45,56.15942028985507,33.05823939881911,3.2675791733762747,0.7112184648416533,0.8789586688137413,1.0735373054213635,4.851046698872786,,,,
46,54.93156199677939,33.15217391304348,2.9388083735909825,0.7112184648416533,0.8789586688137413,0.9728931830381106,6.414385399892646,,,,
47,54.43505099302201,33.393719806763286,2.8918411164787976,0.8252818035426731,1.0265700483091786,1.3083735909822867,6.119162640901771,,,,
48,54.01905528717123,33.61513687600644,3.0864197530864197,0.9259259259259259,1.0265700483091786,1.3083735909822867,6.018518518518518,,,,
49,52.871712292002144,34.675254965110035,3.046162104133119,0.9259259259259259,1.0265700483091786,1.2949543746645196,6.159420289855072,,,,
50,51.710950080515296,35.829307568438004,3.374932903918411,0.9259259259259259,1.0265700483091786,1.2949543746645196,5.750134192163178,0.08722490606548577,,,
51,44.59205582393988,42.93478260869565,3.374932903918411,0.9259259259259259,1.0265700483091786,1.3150831991411702,5.743424584004294,0.08722490606548577,,,
52,43.853998926462694,43.35748792270532,3.374932903918411,1.0198604401502953,1.0265700483091786,1.3150831991411702,5.964841653247451,0.08722490606548577,,,
53,43.73993558776167,43.47826086956522,3.374932903918411,1.0198604401502953,1.0265700483091786,1.3150831991411702,5.958132045088567,0.08722490606548577,,,
54,43.364197530864196,43.86741814278046,3.374932903918411,1.0198604401502953,1.0265700483091786,1.3150831991411702,5.9447128287707995,0.08722490606548577,,,
55,43.41116478797638,43.81374127750939,3.374932903918411,1.0198604401502953,1.0601180891035964,1.3150831991411702,5.917874396135265,0.08722490606548577,,,
56,43.022007514761135,43.907675791733766,3.374932903918411,1.328502415458937,1.093666129898014,1.3150831991411702,5.870907139023081,0.08722490606548577,,,
57,40.666935050993025,44.6256038647343,3.1736446591519054,1.328502415458937,1.093666129898014,1.3150831991411702,7.709339774557166,0.08722490606548577,,,
58,40.727321524422976,44.37734836285561,3.44873859366613,1.2949543746645196,1.0399892646269457,1.3150831991411702,7.709339774557166,0.08722490606548577,,,
59,40.713902308105204,43.82045088566828,3.5963499731615673,1.570048309178744,1.1876006441223832,1.3150831991411702,7.689210950080516,0.10735373054213634,,,
60,40.58641975308642,43.96806226516372,3.5963499731615673,1.570048309178744,1.1876006441223832,1.3150831991411702,7.669082125603865,0.10735373054213634,,,
61,40.45893719806763,43.585614600107355,4.126409017713366,1.5499194847020934,1.1876006441223832,1.3150831991411702,7.669082125603865,0.10735373054213634,,,
62,40.11003757380569,43.23000536768653,4.636339237788513,1.5297906602254427,1.3955984970477724,1.3150831991411702,7.675791733762749,0.10735373054213634,,,
63,40.07648953301127,43.08910359634997,4.636339237788513,1.5096618357487923,1.3955984970477724,1.5432098765432098,7.64224369296833,0.10735373054213634,,,
64,39.009661835748794,45.3972088030059,4.367954911433173,1.5365002683843263,1.3016639828234031,1.0466988727858293,7.232957595276436,0.10735373054213634,,,
65,37.39264626945786,46.403650026838434,4.502147074610843,1.5163714439076759,1.2748255501878691,1.0198604401502953,7.7831454643048845,0.10735373054213634,,,
66,36.99677938808374,47.094739667203434,4.49543746645196,1.5163714439076759,1.1607622114868492,1.0198604401502953,7.608695652173913,0.10735373054213634,,,
67,37.01690821256039,47.06119162640902,4.49543746645196,1.5163714439076759,1.1607622114868492,1.0198604401502953,7.62211486849168,0.10735373054213634,,,
68,35.768921095008054,48.90633387010199,4.488727858293076,0.9125067096081588,1.0064412238325282,1.2010198604401503,7.608695652173913,0.10735373054213634,,,
69,34.614868491680085,50.15432098765432,4.891304347826087,0.7783145464304885,1.0064412238325282,1.2949543746645196,7.152442297369833,0.10735373054213634,,,
70,33.68894256575416,47.557702630166396,4.790660225442834,1.3150831991411702,2.281266774020397,1.6304347826086956,8.628556092324208,0.10735373054213634,,,
71,33.2259796027912,47.55099302200752,4.736983360171766,1.2815351583467525,3.260869565217391,2.5161030595813205,7.320182501341922,0.10735373054213634,,,
72,33.293075684380035,47.36312399355877,4.736983360171766,1.482823403113258,3.227321524422974,2.5161030595813205,7.273215244229737,0.10735373054213634,,,
73,32.991143317230275,47.134997316156735,4.931561996779388,1.8518518518518519,3.052871712292002,2.49597423510467,7.434245840042942,0.10735373054213634,,,
74,32.87707997852925,46.443907675791735,5.01207729468599,1.8988191089640365,3.488996242619431,2.49597423510467,7.675791733762749,0.10735373054213634,,,
75,33.07836822329576,45.63875469672571,5.173107890499195,2.49597423510467,3.4621578099838968,2.4825550187869028,7.561728395061729,0.10735373054213634,,,
76,33.01798174986581,45.511272141706925,5.173107890499195,2.623456790123457,3.307836822329576,2.4825550187869028,7.776435856146001,0.10735373054213634,,,
77,32.950885668276975,45.29656468062265,5.173107890499195,2.6972624798711755,3.307836822329576,2.4825550187869028,7.98443370907139,0.10735373054213634,,,
78,32.8569511540526,45.09527643585615,5.146269457863661,2.6972624798711755,3.603059581320451,2.509393451422437,7.98443370907139,0.10735373054213634,,,
79,32.608695652173914,44.65915190552872,4.804079441760601,2.6972624798711755,3.603059581320451,2.509393451422437,9.01100375738057,0.10735373054213634,,,
80,32.48792270531401,44.840311325818575,4.7168545356951155,2.6972624798711755,3.5963499731615673,2.5563607085346214,8.997584541062801,0.10735373054213634,,,
81,32.39398819108964,44.69940955448202,4.9651100375738055,2.6502952227589907,3.5628019323671496,2.623456790123457,8.997584541062801,0.10735373054213634,,,
82,31.260064412238325,42.45840042941492,4.951690821256038,2.771068169618894,3.1602254428341383,2.5966183574879227,12.694578636607622,0.10735373054213634,,,
83,30.17981749865808,43.183038110574344,4.327697262479871,2.791196994095545,3.2340311325818574,2.5966183574879227,13.600375738056897,0.08722490606548577,,,
84,30.02549651100376,43.283682232957595,4.327697262479871,2.8247450348899625,3.2340311325818574,2.5966183574879227,13.620504562533547,0.08722490606548577,,,
85,30.10601180891036,43.25684380032206,4.327697262479871,2.8247450348899625,3.2340311325818574,2.563070316693505,13.600375738056897,0.08722490606548577,,,
86,29.7638217928073,43.223295759527645,4.327697262479871,2.771068169618894,3.2675791733762747,2.8381642512077296,13.7211486849168,0.08722490606548577,,,
87,29.817498658078367,43.19645732689211,4.327697262479871,2.7643585614600106,3.2675791733762747,2.818035426731079,13.7211486849168,0.08722490606548577,,,
88,29.87788513150832,42.76704240472356,4.569243156199678,2.737520128824477,3.2541599570585076,2.9388083735909825,13.768115942028986,0.08722490606548577,,,
89,29.871175523349436,42.3443370907139,4.8376274825550185,2.757648953301127,3.227321524422974,3.1065485775630703,13.768115942028986,0.08722490606548577,,,
90,29.64975845410628,42.2638217928073,4.8376274825550185,2.9723564143853998,3.4822866344605474,3.1065485775630703,13.600375738056897,0.08722490606548577,,,
91,28.871443907675793,43.03542673107891,4.62962962962963,2.965646806226516,3.3145464304884595,3.1199677938808374,13.976113794954374,0.08722490606548577,,,
92,28.83118625872249,43.04884594739667,4.62962962962963,2.965646806226516,3.307836822329576,3.1736446591519054,13.955984970477724,0.08722490606548577,,,
93,28.16022544283414,43.625872249060656,4.62962962962963,2.965646806226516,3.3011272141706924,3.280998389694042,13.94927536231884,0.08722490606548577,,,
94,28.287707997852927,43.49838969404187,4.602791196994096,2.965646806226516,3.3011272141706924,3.307836822329576,13.94927536231884,0.08722490606548577,,,
95,28.059581320450885,43.585614600107355,4.5960815888352125,3.113258185721954,3.3011272141706924,3.307836822329576,13.94927536231884,0.08722490606548577,,,
96,27.583199141170155,42.74020397208803,4.851046698872786,3.126677402039721,3.3011272141706924,3.307836822329576,15.002683843263553,0.08722490606548577,,,
97,27.408749329039185,42.74020397208803,4.851046698872786,3.126677402039721,3.3011272141706924,3.307836822329576,15.177133655394526,0.08722490606548577,,,
98,27.4422973698336,41.84782608695652,5.629361245303274,3.113258185721954,2.7442297369833604,3.1602254428341383,15.975577026301664,0.08722490606548577,,,
99,27.046430488459475,42.20343531937735,5.4549114331723025,3.4420289855072466,2.7442297369833604,3.1602254428341383,15.861513687600644,0.08722490606548577,,,
100,27.03972088030059,42.169887278582934,5.4549114331723025,3.4286097691894795,2.7442297369833604,3.1602254428341383,15.915190552871712,0.08722490606548577,,,
101,27.32823403113258,41.727053140096615,5.542136339237788,3.44873859366613,2.8113258185721954,3.1468062265163717,15.908480944712828,0.08722490606548577,,,
102,27.522812667740205,41.53918411164788,5.542136339237788,3.488996242619431,2.844873859366613,3.0931293612453032,15.881642512077295,0.08722490606548577,,,
103,27.34836285560923,41.6532474503489,5.676328502415459,3.488996242619431,2.9253891572732154,3.0864197530864197,15.734031132581856,0.08722490606548577,,,
104,27.36849168008588,41.532474503489,5.676328502415459,3.6231884057971016,2.9119699409554483,3.0864197530864197,15.68035426731079,0.12077294685990338,,,
105,27.361782071927,41.04938271604938,5.676328502415459,3.8580246913580245,3.2541599570585076,3.0394524959742353,15.640096618357488,0.12077294685990338,,,
106,27.4020397208803,40.935319377348364,5.810520665593129,3.8311862587224907,3.2206119162640903,3.0394524959742353,15.640096618357488,0.12077294685990338,,,
107,26.798174986580783,40.05636070853462,7.306763285024155,3.629898013955985,3.3548040794417604,3.0193236714975846,15.633387010198604,0.20128824476650564,,,
108,27.046430488459475,39.81481481481482,7.367149758454106,3.556092324208266,3.321256038647343,3.1870638754696725,15.411969940955448,0.2952227589908749,,,
109,27.073268921095007,39.71417069243156,7.367149758454106,3.629898013955985,3.321256038647343,3.1870638754696725,15.411969940955448,0.2952227589908749,,,
110,27.15378421900161,39.439076757917334,7.300053676865271,3.616478797638218,3.307836822329576,3.455448201825013,15.365002683843263,0.2952227589908749,0.06709608158883522,,
111,27.033011272141707,39.34514224369297,7.300053676865271,3.616478797638218,3.3279656468062266,3.455448201825013,15.559581320450885,0.2952227589908749,0.06709608158883522,,
112,26.737788513150832,39.63365539452496,7.266505636070853,3.69699409554482,3.515834675254965,3.488996242619431,15.311325818572195,0.28180354267310787,0.06709608158883522,,
113,26.650563607085346,39.64036500268384,7.25979602791197,3.7372517444981215,3.5091250670960816,3.9586688137412773,14.855072463768115,0.28180354267310787,0.10735373054213634,,
114,26.684111647879764,39.53972088030059,7.25979602791197,3.7104133118625873,3.5091250670960816,4.052603327965647,14.855072463768115,0.28180354267310787,0.10735373054213634,,
115,25.51663982823403,40.727321524422976,7.219538378958669,3.8043478260869565,3.502415458937198,4.052603327965647,14.74771873322598,0.322061191626409,0.10735373054213634,,
116,25.355609232420825,40.64680622651637,7.387278582930757,3.770799785292539,3.502415458937198,4.367954911433173,14.53972088030059,0.322061191626409,0.10735373054213634,,
117,24.785292538915726,39.492753623188406,8.09849704777241,3.81105743424584,3.502415458937198,4.3545356951154055,15.60654857756307,0.27509393451422437,0.07380568974771873,,
118,24.168008588298445,38.90230810520666,8.09849704777241,3.81105743424584,3.4621578099838968,4.3545356951154055,16.861245303274288,0.2683843263553409,0.07380568974771873,,
119,23.63123993558776,38.37224906065486,8.091787439613526,3.92512077294686,3.4621578099838968,4.428341384863124,17.746913580246915,0.2683843263553409,0.07380568974771873,,
120,22.530864197530864,38.36553945249597,9.728931830381105,4.280730005367687,3.2474503488996245,4.086151368760064,17.418142780461622,0.2683843263553409,0.07380568974771873,,
121,22.436929683306495,37.90257648953301,9.702093397745571,4.320987654320987,3.240740740740741,4.488727858293076,17.538915727321523,0.2683843263553409,0.10064412238325282,,
122,22.517444981213096,37.84219001610306,9.588030059044552,4.320987654320987,3.3480944712828773,4.555823939881911,17.458400429414922,0.2683843263553409,0.10064412238325282,,
123,22.094739667203434,37.21819645732689,9.017713365539452,4.757112184648417,3.3682232957595275,5.173107890499195,18.00187869028449,0.2683843263553409,0.10064412238325282,,
124,22.128287707997853,37.07729468599034,9.01100375738057,4.730273752012883,3.361513687600644,5.320719269994632,17.98845947396672,0.28180354267310787,0.10064412238325282,,
125,22.15512614063339,36.48684916800859,10.413311862587225,4.723564143853999,3.2742887815351582,4.924852388620504,17.726784755770264,0.19457863660762212,0.10064412238325282,,
126,20.564949006977994,43.31052066559313,8.568169618894256,4.253891572732153,2.281266774020397,4.314278046162104,16.505636070853463,0.19457863660762212,0.0067096081588835215,,
127,20.41062801932367,41.91492216854536,10.0979602791197,4.213633923778851,2.2946859903381642,4.49543746645196,16.398282340311326,0.16774020397208803,0.0067096081588835215,,
128,20.457595276435857,41.659957058507786,10.151637144390767,4.126409017713366,2.5563607085346214,4.488727858293076,16.384863123993558,0.16774020397208803,0.0067096081588835215,,
129,20.531400966183575,40.90848094471283,10.077831454643048,4.1129898013955986,2.254428341384863,4.455179817498658,17.485238862050455,0.16774020397208803,0.0067096081588835215,,
130,20.28985507246377,40.59983896940419,11.943102522812667,4.032474503488996,2.281266774020397,4.139828234031133,16.53918411164788,0.16774020397208803,0.0067096081588835215,,
131,16.27079978529254,48.85265700483092,11.366076221148685,3.911701556629093,2.2410091250670963,4.139828234031133,12.754965110037574,0.4562533548040794,0.0067096081588835215,,
132,15.552871712292003,49.53032742887815,10.963499731615673,4.193505099302201,2.522812667740204,4.139828234031133,12.654320987654321,0.4428341384863124,,,
133,15.653515834675256,49.45652173913044,10.95679012345679,4.193505099302201,2.522812667740204,4.126409017713366,12.647611379495437,0.4428341384863124,,,
134,13.573537305421363,51.53650026838432,10.413311862587225,4.079441760601181,2.7442297369833604,4.119699409554482,13.09044551798175,0.4428341384863124,,,
135,13.439345142243694,46.846484165324746,7.286634460547504,3.6097691894793345,2.7308105206655933,3.69699409554482,21.947128287707997,0.4428341384863124,,,
136,13.425925925925926,46.47745571658615,7.333601717659689,3.851315083199141,2.999194847020934,3.569511540526033,21.900161030595815,0.4428341384863124,,,
137,13.372249060654857,46.35668276972625,7.333601717659689,4.012345679012346,2.999194847020934,3.556092324208266,21.900161030595815,0.46967257112184646,,,
138,13.43263553408481,45.66559312936125,7.575147611379496,4.51556629092861,2.9388083735909825,3.535963499731616,21.866612989801396,0.46967257112184646,,,
139,13.003220611916264,44.6256038647343,9.037842190016104,4.51556629092861,3.1736446591519054,3.515834675254965,21.658615136876005,0.46967257112184646,,,
140,13.110574342458401,44.437734836285564,9.004294149221685,4.569243156199678,3.1736446591519054,3.7640901771336552,21.470746108427267,0.46967257112184646,,,
141,13.217928073000536,44.24986580783682,8.970746108427267,4.683306494900698,3.1736446591519054,3.7640901771336552,21.470746108427267,0.46967257112184646,,,
142,13.278314546430488,44.0955448201825,9.07139023081052,4.683306494900698,3.1736446591519054,3.8580246913580245,21.370101986044016,0.46967257112184646,,,
143,13.385668276972625,44.0552871712292,8.977455716586151,4.723564143853999,3.2675791733762747,3.8580246913580245,21.26274825550188,0.46967257112184646,,,
144,13.41250670960816,43.47155126140633,8.964036500268385,6.025228126677402,3.2675791733762747,3.938539989264627,20.45088566827697,0.46967257112184646,,,
145,13.633923778851315,43.33064949006978,8.950617283950617,6.025228126677402,3.2675791733762747,3.938539989264627,20.21604938271605,0.6374127750939346,,,
146,13.217928073000536,42.612721417069245,8.76274825550188,6.025228126677402,3.2675791733762747,3.938539989264627,21.537842190016104,0.6374127750939346,,,
147,13.258185721953838,42.612721417069245,8.749329039184111,6.025228126677402,3.294417606011809,3.938539989264627,21.484165324745035,0.6374127750939346,,,
148,13.425925925925926,42.47852925389157,8.722490606548577,6.025228126677402,3.294417606011809,3.9318303811057436,21.484165324745035,0.6374127750939346,,,
149,13.506441223832528,41.97530864197531,8.68894256575416,5.998389694041868,3.5225442834138487,4.186795491143317,21.484165324745035,0.6374127750939346,,,
150,13.70101986044015,41.91492216854536,8.675523349436393,5.904455179817498,3.502415458937198,4.186795491143317,21.477455716586153,0.6374127750939346,,,
151,13.761406333870102,41.6935050993022,8.440687063875469,5.958132045088567,3.8177670424047236,4.26731078904992,21.390230810520666,0.6709608158883521,,,
152,13.781535158346752,41.706924315619965,8.440687063875469,5.9514224369296835,3.8177670424047236,4.26731078904992,21.36339237788513,0.6709608158883521,,,
153,13.855340848094471,41.666666666666664,8.467525496511003,5.9514224369296835,3.7909286097691894,4.582662372517445,20.92055823939882,0.7648953301127214,,,
154,13.862050456253355,41.71363392377885,8.400429414922169,5.9514224369296835,3.81105743424584,4.575952764358561,20.88030059044552,0.8051529790660226,,,
155,14.076757917337627,41.55260332796565,8.380300590445518,6.031937734836285,3.81105743424584,4.575952764358561,20.7662372517445,0.8051529790660226,,,
156,13.81508319914117,41.035963499731615,9.037842190016104,6.233225979602791,3.743961352657005,4.575952764358561,20.75281803542673,0.8051529790660226,,,
157,13.768115942028986,40.84809447128288,9.50751476113795,6.233225979602791,3.5963499731615673,4.549114331723027,20.69243156199678,0.8051529790660226,,,
158,13.110574342458401,39.66720343531938,9.500805152979066,6.474771873322598,3.5963499731615673,4.549114331723027,22.29602791196994,0.8051529790660226,,,
159,13.150831991411701,39.432367149758456,9.406870638754697,6.615673644659152,3.5829307568438002,4.723564143853999,22.22222222222222,0.8655394524959742,,,
160,13.24476650563607,38.95598497047772,9.614868491680086,6.944444444444445,3.844605475040258,4.851046698872786,21.67874396135266,0.8655394524959742,,,
161,13.385668276972625,38.781535158346756,9.588030059044552,6.884057971014493,3.8311862587224907,5.01207729468599,21.651905528717123,0.8655394524959742,,,
162,13.553408480944713,38.77482555018787,9.588030059044552,6.884057971014493,4.448470209339774,5.01207729468599,20.994363929146537,0.7447665056360708,,,
163,13.593666129898015,38.51315083199141,9.708803005904455,7.159151905528717,4.461889425657541,4.864465915190553,20.954106280193237,0.7447665056360708,,,
164,13.734567901234568,38.439345142243695,9.66183574879227,7.206119162640902,4.455179817498658,4.8443370907139025,20.913848631239937,0.7447665056360708,,,
165,12.070585077831455,45.24288781535159,8.682232957595277,6.468062265163715,4.133118625872249,4.569243156199678,18.095813204508858,0.7380568974771873,,,
166,12.00348899624262,44.77992485238862,8.621846484165324,6.689479334406871,4.119699409554482,4.723564143853999,18.323939881910896,0.7380568974771873,,,
167,11.963231347289318,44.59205582393988,8.621846484165324,6.743156199677939,4.428341384863124,4.703435319377348,18.209876543209877,0.7380568974771873,,,
168,11.969940955448202,42.74691358024691,8.61513687600644,6.515029522275899,4.42163177670424,6.810252281266774,18.183038110574344,0.7380568974771873,,,
169,11.097691894793345,43.484970477724104,8.61513687600644,6.857219538378959,4.367954911433173,7.0450885668276975,17.793880837359097,0.7380568974771873,,,
170,11.131239935587761,43.41116478797638,8.675523349436393,6.951154052603328,4.367954911433173,6.977992485238862,17.746913580246915,0.7380568974771873,,,
171,11.238593666129898,43.344068706387546,8.715780998389693,6.9310252281266775,4.367954911433173,6.964573268921095,17.69994632313473,0.7380568974771873,,,
172,11.386205045625335,43.29039184111648,8.68894256575416,6.9310252281266775,4.341116478797638,6.9243156199677935,17.58588298443371,0.8521202361782072,,,
173,11.520397208803006,43.17632850241546,8.68894256575416,6.9310252281266775,4.341116478797638,6.9243156199677935,17.56575415995706,0.8521202361782072,,,
174,11.594202898550725,43.14949006977992,8.68894256575416,6.89747718733226,4.341116478797638,6.9243156199677935,17.485238862050455,0.9192163177670424,,,
175,11.668008588298443,42.77375201288245,8.53462157809984,6.863929146537842,4.53569511540526,7.326892109500805,17.297369833601717,0.9997316156736447,,,
176,11.520397208803006,41.76060118089104,9.77589908749329,7.185990338164252,4.53569511540526,7.024959742351046,17.196725711218466,0.9997316156736447,,,
177,11.634460547504025,41.56602254428341,9.77589908749329,7.078636607622115,4.757112184648417,7.024959742351046,17.163177670424048,0.9997316156736447,,,
178,11.621041331186259,41.4922168545357,9.728931830381105,7.085346215780999,5.059044551798175,6.9243156199677935,17.062533548040793,0.9997316156736447,,0.026838432635534086,
179,11.654589371980677,41.243961352657,9.728931830381105,7.085346215780999,5.052334943639291,7.152442297369833,17.05582393988191,0.9997316156736447,,0.026838432635534086,
180,11.674718196457327,40.98228663446055,9.708803005904455,7.521470746108427,5.260332796564681,6.870638754696726,16.955179817498657,0.9997316156736447,,0.026838432635534086,
181,11.480139559849706,41.19028448738594,9.695383789586689,7.843531937734836,5.152979066022544,6.870638754696726,16.740472356414386,0.9997316156736447,,0.026838432635534086,
182,11.533816425120772,40.54616210413312,9.66183574879227,7.769726247987117,5.152979066022544,7.87037037037037,16.51905528717123,0.9192163177670424,,0.026838432635534086,
183,11.81561996779388,40.3918411164788,9.66183574879227,7.722758990874933,5.152979066022544,7.85024154589372,16.458668813741276,0.9192163177670424,,0.026838432635534086,
184,11.842458400429415,40.344873859366615,9.66183574879227,7.843531937734836,5.10601180891036,7.836822329575953,16.364734299516908,0.9728931830381106,,0.026838432635534086,
185,11.902844873859367,40.21068169618894,9.796027911969942,7.85024154589372,5.10601180891036,7.863660762211487,16.27079978529254,0.9728931830381106,,0.026838432635534086,
186,11.916264090177133,39.660493827160494,9.655126140633387,7.96430488459474,6.005099302200751,7.689210950080516,16.170155662909288,0.9259259259259259,,0.013419216317767043,
187,11.822329575952764,39.52630166398282,9.722222222222221,8.031400966183575,5.991680085882985,7.682501341921632,16.284219001610307,0.9259259259259259,,0.013419216317767043,
188,11.98336017176597,39.331723027375205,9.71551261406334,8.11862587224906,5.991680085882985,7.669082125603865,16.25067096081589,0.9259259259259259,,0.013419216317767043,
189,11.949812130971551,39.08346752549651,9.71551261406334,8.407139023081053,6.300322061191626,7.669082125603865,15.942028985507246,0.9192163177670424,,0.013419216317767043,
190,12.110842726784755,38.888888888888886,9.688674181427805,8.53462157809984,6.286902844873859,7.608695652173913,15.94873859366613,0.9192163177670424,,0.013419216317767043,
191,12.218196457326892,38.781535158346756,9.628287707997853,8.59500805152979,6.286902844873859,7.608695652173913,15.94873859366613,0.9192163177670424,,0.013419216317767043,
192,12.325550187869029,38.66747181964573,9.628287707997853,8.621846484165324,6.286902844873859,7.98443370907139,15.579710144927537,0.8923778851315083,,0.013419216317767043,
193,12.526838432635534,38.51315083199141,9.66183574879227,8.621846484165324,6.387546967257112,8.192431561996779,15.190552871712292,0.8923778851315083,,0.013419216317767043,
194,12.506709608158884,38.191089640365,9.588030059044552,8.742619431025227,6.595544820182502,8.152173913043478,15.123456790123457,1.0534084809447128,0.03354804079441761,0.013419216317767043,
195,12.171229200214707,38.41250670960816,9.561191626409018,8.796296296296296,6.642512077294686,8.145464304884594,15.069779924852389,1.1540526033279657,0.03354804079441761,0.013419216317767043,
196,12.13768115942029,38.34541062801932,9.54777241009125,8.729200214707461,6.66935050993022,8.293075684380032,15.076489533011273,1.1540526033279657,0.03354804079441761,0.013419216317767043,
197,12.02361782071927,36.72168545356951,9.554482018250134,10.158346752549651,6.810252281266774,8.293075684380032,15.237520128824476,1.1540526033279657,0.03354804079441761,0.013419216317767043,
198,12.124261943102523,36.33252818035427,9.574610842726784,10.507246376811594,6.769994632313473,8.259527643585615,15.230810520665592,1.1540526033279657,0.03354804079441761,0.013419216317767043,
199,12.097423510466989,35.990338164251206,9.722222222222221,10.943370907139023,6.756575415995706,8.132045088566828,15.069779924852389,1.2412775093934514,0.03354804079441761,0.013419216317767043,
200,12.13768115942029,35.929951690821255,9.722222222222221,10.976918947933441,6.756575415995706,8.125335480407944,15.063070316693505,1.2412775093934514,0.03354804079441761,0.013419216317767043,
201,12.218196457326892,35.84272678475577,9.695383789586689,11.044015029522276,6.723027375201288,8.064949006977992,14.949006977992486,1.3553408480944713,0.03354804079441761,0.07380568974771873,
202,12.184648416532475,35.49382716049383,9.668545356951155,10.929951690821255,6.709608158883521,8.601717659688674,14.949006977992486,1.3553408480944713,0.03354804079441761,0.07380568974771873,
203,12.164519592055823,35.35963499731616,10.68840579710145,10.802469135802468,6.709608158883521,8.487654320987655,14.27133655394525,1.4090177133655395,0.03354804079441761,0.07380568974771873,
204,11.896135265700483,34.35990338164251,11.446591519055287,10.809178743961352,6.8035426731078905,9.212292002147075,13.962694578636608,1.4090177133655395,0.026838432635534086,0.07380568974771873,
205,11.990069779924852,34.20558239398819,11.446591519055287,10.802469135802468,6.8035426731078905,9.39345142243693,13.862050456253355,1.402308105206656,0.026838432635534086,0.06709608158883522,
206,12.010198604401502,33.621846484165324,11.20504562533548,10.721953837895867,7.749597423510467,9.118357487922705,13.92914653784219,1.402308105206656,0.026838432635534086,0.2147074610842727,
207,11.936392914653783,32.83682232957595,11.07085346215781,10.775630703166936,7.749597423510467,9.098228663446054,14.888620504562533,1.402308105206656,0.026838432635534086,0.2147074610842727,
208,12.016908212560386,32.59527643585615,11.3191089640365,10.748792270531402,7.883789586688137,9.098228663446054,14.694041867954912,1.402308105206656,0.026838432635534086,0.2147074610842727,
209,12.050456253354804,32.47450348899624,11.574074074074074,10.735373054213634,8.05823939881911,9.044551798174986,14.445786366076222,1.3754696725711217,0.026838432635534086,0.2147074610842727,
210,12.016908212560386,32.37385936661299,11.574074074074074,10.735373054213634,8.152173913043478,9.044551798174986,14.486044015029522,1.3754696725711217,0.026838432635534086,0.2147074610842727,
211,10.493827160493828,29.220343531937736,10.272410091250672,9.688674181427805,7.689210950080516,8.675523349436393,22.584541062801932,1.1473429951690821,0.026838432635534086,0.20128824476650564,
212,10.581052066559312,28.992216854535695,10.265700483091788,9.829575952764358,7.716049382716049,8.675523349436393,22.470477724100913,1.2412775093934514,0.026838432635534086,0.20128824476650564,
213,10.668276972624799,28.77750939345142,10.352925389157273,9.96376811594203,7.695920558239399,8.662104133118627,22.423510466988727,1.2278582930756843,0.026838432635534086,0.20128824476650564,
214,10.82259796027912,28.468867418142782,10.406602254428341,10.11808910359635,7.648953301127214,8.655394524959743,22.423510466988727,1.2278582930756843,0.026838432635534086,0.20128824476650564,
215,9.574610842726784,35.929951690821255,8.165593129361245,9.366612989801396,7.14573268921095,8.3064949006978,20.128824476650564,1.1540526033279657,0.026838432635534086,0.20128824476650564,
216,9.675254965110037,35.547504025764894,8.36688137412775,9.500805152979066,7.14573268921095,8.293075684380032,20.088566827697264,1.1540526033279657,0.026838432635534086,0.20128824476650564,
217,9.064680622651638,34.634997316156735,8.319914117015566,9.420289855072463,7.03166935050993,8.313204508856682,21.68545356951154,1.1540526033279657,0.026838432635534086,0.3488996242619431,
218,9.16532474503489,34.514224369296834,8.319914117015566,9.473966720343531,7.011540526033279,8.3064949006978,21.62506709608159,1.1876006441223832,0.026838432635534086,0.36902844873859364,
219,9.339774557165862,34.17203435319377,8.225979602791197,9.339774557165862,7.011540526033279,8.715780998389693,21.470746108427267,1.328502415458937,0.026838432635534086,0.36902844873859364,
220,9.312936124530328,33.863392377885134,8.085077831454644,9.4873859366613,7.065217391304348,9.07139023081052,21.128556092324207,1.6438539989264627,0.026838432635534086,0.3153515834675255,
221,9.480676328502415,33.43397745571659,8.293075684380032,9.71551261406334,6.971282877079979,9.07139023081052,21.048040794417606,1.6438539989264627,0.026838432635534086,0.3153515834675255,
222,9.608158883521202,33.400429414922165,8.293075684380032,9.708803005904455,6.9243156199677935,9.07139023081052,21.007783145464305,1.6438539989264627,0.026838432635534086,0.3153515834675255,
223,9.621578099838969,33.111916264090176,8.769457863660762,9.695383789586689,6.9243156199677935,8.930488459473967,20.96081588835212,1.6438539989264627,0.026838432635534086,0.3153515834675255,
224,9.816156736446592,32.92404723564144,8.76274825550188,9.64170692431562,6.9243156199677935,9.01100375738057,20.933977455716587,1.6438539989264627,0.026838432635534086,0.3153515834675255,
225,9.822866344605474,32.84353193773484,8.702361782071927,9.66183574879227,6.964573268921095,9.118357487922705,20.90713902308105,1.6371443907675791,0.026838432635534086,0.3153515834675255,
226,9.91009125067096,32.67579173376275,8.876811594202898,9.681964573268921,6.964573268921095,9.004294149221685,20.840042941492218,1.7042404723564144,0.026838432635534086,0.3153515834675255,
227,10.084541062801932,32.588566827697264,8.876811594202898,9.769189479334408,6.964573268921095,9.004294149221685,20.67230273752013,1.6975308641975309,0.026838432635534086,0.3153515834675255,
228,10.124798711755233,32.54830917874396,8.849973161567364,9.796027911969942,6.991411701556629,9.004294149221685,20.645464304884594,1.6975308641975309,0.026838432635534086,0.3153515834675255,
229,10.071121846484166,32.2866344605475,8.977455716586151,10.077831454643048,6.870638754696726,9.03113258185722,20.645464304884594,1.6975308641975309,0.026838432635534086,0.3153515834675255,
230,10.11808910359635,32.118894256575416,8.977455716586151,10.225442834138486,6.89747718733226,9.004294149221685,20.618625872249062,1.6975308641975309,0.026838432635534086,0.3153515834675255,
231,9.923510466988727,31.320450885668276,8.970746108427267,11.144659151905529,6.857219538378959,8.923778851315083,20.819914117015568,1.6975308641975309,0.026838432635534086,0.3153515834675255,
232,9.950348899624261,31.199677938808374,8.970746108427267,11.265432098765432,6.857219538378959,8.896940418679549,20.819914117015568,1.6975308641975309,0.026838432635534086,0.3153515834675255,
233,10.071121846484166,31.146001073537306,8.917069243156199,11.265432098765432,6.837090713902308,8.903650026838433,20.819914117015568,1.6975308641975309,0.026838432635534086,0.3153515834675255,
234,10.111379495437467,31.105743424584006,8.943907675791733,11.265432098765432,6.830381105743425,8.903650026838433,20.799785292538918,1.6975308641975309,0.026838432635534086,0.3153515834675255,
235,10.198604401502953,31.05877616747182,8.923778851315083,11.265432098765432,6.823671497584541,8.903650026838433,20.78636607622115,1.6975308641975309,0.026838432635534086,0.3153515834675255,
236,10.23215244229737,30.803811057434245,8.903650026838433,11.231884057971014,6.823671497584541,9.219001610305957,20.74610842726785,1.6975308641975309,0.026838432635534086,0.3153515834675255,
237,10.332796564680622,30.709876543209877,8.863392377885132,11.2788513150832,6.823671497584541,9.212292002147075,20.739398819108963,1.6975308641975309,0.026838432635534086,0.3153515834675255,
238,10.406602254428341,30.58239398819109,8.896940418679549,11.231884057971014,6.944444444444445,9.178743961352657,20.719269994632313,1.6975308641975309,0.026838432635534086,0.3153515834675255,
239,10.513955984970478,30.35426731078905,8.896940418679549,11.258722490606548,7.212828770799785,9.091519055287172,20.645464304884594,1.6841116478797638,0.026838432635534086,0.3153515834675255,
240,10.534084809447128,30.159688674181428,9.037842190016104,11.258722490606548,7.051798174986581,9.333064949006978,20.598497047772412,1.6841116478797638,0.026838432635534086,0.3153515834675255,
241,10.587761674718196,30.038915727321523,9.004294149221685,11.245303274288782,7.286634460547504,9.326355340848094,20.477724100912507,1.6908212560386473,0.026838432635534086,0.3153515834675255,
242,10.782340311325818,29.965110037573805,8.957326892109501,11.225174449812132,7.246376811594203,9.426999463231347,20.46430488459474,1.5901771336553945,0.026838432635534086,0.3153515834675255,
243,10.849436392914654,29.944981213097154,8.957326892109501,11.225174449812132,7.246376811594203,9.426999463231347,20.222758990874933,1.7847557702630166,0.026838432635534086,0.3153515834675255,
244,10.86285560923242,29.78395061728395,8.856682769726248,11.29898013955985,7.132313472893183,9.5276435856146,20.202630166398283,1.7847557702630166,0.23483628556092323,0.3153515834675255,
245,10.802469135802468,29.636339237788512,9.158615136876007,11.211755233494364,7.48792270531401,9.460547504025765,19.91411701556629,1.778046162104133,0.23483628556092323,0.3153515834675255,
246,10.82259796027912,29.61621041331186,9.158615136876007,11.198336017176597,7.481213097155126,9.4873859366613,19.90740740740741,1.778046162104133,0.23483628556092323,0.3153515834675255,
247,10.976918947933441,29.49543746645196,9.138486312399356,11.178207192699947,7.474503488996243,9.541062801932368,19.692699946323135,1.9524959742351047,0.23483628556092323,0.3153515834675255,
248,10.990338164251208,29.441760601180892,9.125067096081589,11.131239935587761,7.7898550724637685,9.541062801932368,19.37734836285561,2.0531400966183573,0.23483628556092323,0.3153515834675255,
