,45,50,51,55,54,52,53,56
0,99.11433172302738,0.8856682769726248,,,,,,
1,92.08266237251745,7.917337627482555,,,,,,
2,92.08937198067633,7.9106280193236715,,,,,,
3,74.58400429414922,25.41599570585078,,,,,,
4,57.024959742351044,42.975040257648956,,,,,,
5,57.22624798711755,42.77375201288245,,,,,,
6,53.38835212023618,45.56494900697799,1.0466988727858293,,,,,
7,44.98792270531401,40.94202898550725,14.070048309178745,,,,,
8,44.83360171765969,37.76167471819646,16.344605475040257,1.0601180891035964,,,,
9,44.56521739130435,37.65432098765432,16.720343531937736,1.0601180891035964,,,,
10,42.08266237251745,36.40633387010199,20.30998389694042,1.0265700483091786,0.17444981213097155,,,
11,42.371175523349436,36.22517444981213,20.202630166398283,1.0265700483091786,0.17444981213097155,,,
12,42.64626945786366,35.75550187869028,17.746913580246915,1.0265700483091786,0.17444981213097155,1.415727321524423,1.2345679012345678,
13,42.860976918947934,35.59447128287708,17.693236714975846,1.0265700483091786,0.17444981213097155,1.415727321524423,1.2345679012345678,
14,42.330917874396135,35.03086419753087,17.632850241545892,1.0265700483091786,0.17444981213097155,1.415727321524423,2.3886205045625335,
15,42.29736983360172,35.06441223832528,17.632850241545892,1.0265700483091786,0.17444981213097155,1.415727321524423,2.3886205045625335,
16,39.33843263553408,34.024422973698336,21.631776704240472,1.0265700483091786,0.17444981213097155,1.415727321524423,2.3886205045625335,
17,38.35882984433709,31.93773483628556,25.355609232420825,1.0265700483091786,0.17444981213097155,0.7380568974771873,2.408749329039184,
18,38.22463768115942,29.025764895330113,25.295222758990874,1.0265700483091786,0.17444981213097155,0.7380568974771873,5.515297906602254,
19,37.09742351046699,30.152979066022546,25.295222758990874,1.0265700483091786,0.17444981213097155,0.7380568974771873,5.515297906602254,
20,37.34567901234568,29.99194847020934,25.214707461084274,1.0265700483091786,0.17444981213097155,0.7313472893183038,5.515297906602254,
21,37.17122920021471,30.50187869028449,24.973161567364468,1.0265700483091786,0.17444981213097155,0.7179280730005367,5.434782608695652,
22,34.23913043478261,32.86366076221149,25.55689747718733,1.0131508319914118,0.17444981213097155,0.7179280730005367,5.434782608695652,
23,33.9170692431562,32.29334406870639,26.7914653784219,1.0131508319914118,0.17444981213097155,0.7179280730005367,5.092592592592593,
24,32.50134192163178,35.28582930756844,25.677670424047236,0.5770263016639828,0.17444981213097155,0.7179280730005367,5.065754159957058,
25,32.689210950080515,35.16505636070853,25.6105743424584,0.5770263016639828,0.17444981213097155,0.7179280730005367,5.065754159957058,
26,27.49597423510467,30.669618894256576,34.50751476113795,1.583467525496511,0.17444981213097155,0.7179280730005367,4.851046698872786,
27,26.32850241545894,32.57514761137949,33.76945786366076,1.583467525496511,0.17444981213097155,0.7179280730005367,4.851046698872786,
28,26.44927536231884,32.46779388083736,33.756038647343,1.583467525496511,0.17444981213097155,0.7179280730005367,4.851046698872786,
29,26.48953301127214,32.427536231884055,33.756038647343,1.583467525496511,0.17444981213097155,0.7179280730005367,4.851046698872786,
30,26.99946323134729,32.39398819108964,33.333333333333336,1.583467525496511,0.17444981213097155,0.7179280730005367,4.797369833601718,
31,23.295759527643586,35.68840579710145,33.742619431025226,1.583467525496511,0.17444981213097155,0.7179280730005367,4.797369833601718,
32,21.00107353730542,43.63929146537842,29.965110037573805,1.8183038110574343,0.17444981213097155,0.7179280730005367,2.6838432635534084,
33,21.316425120772948,43.46484165324745,29.884594739667204,1.7579173376274826,0.17444981213097155,0.7179280730005367,2.6838432635534084,
34,21.108427267847556,39.84836285560923,29.32769726247987,1.7579173376274826,0.17444981213097155,6.421095008051529,1.3620504562533549,
35,19.182769726247987,39.18411164787977,32.347020933977454,1.442565754159957,0.06038647342995169,6.421095008051529,1.3620504562533549,
36,19.290123456790123,39.11701556629093,32.139023081052066,1.6505636070853462,0.06038647342995169,6.407675791733762,1.3352120236178207,
37,19.310252281266774,39.07675791733763,30.589103596349972,1.6505636070853462,0.06038647342995169,6.407675791733762,2.9052603327965647,
38,19.310252281266774,36.460010735373054,32.43424584004294,2.4221685453569513,0.06038647342995169,6.407675791733762,2.9052603327965647,
39,19.652442297369834,36.3593666129898,32.326892109500804,2.4221685453569513,0.06038647342995169,6.407675791733762,2.771068169618894,
40,19.89398819108964,34.84970477724101,31.313741277509394,2.4221685453569513,0.06038647342995169,6.407675791733762,5.052334943639291,
41,19.826892109500804,34.99060654857756,31.253354804079443,2.4221685453569513,0.06038647342995169,6.407675791733762,5.038915727321524,
42,19.847020933977454,34.99060654857756,31.233225979602793,2.4221685453569513,0.06038647342995169,6.407675791733762,5.038915727321524,
43,19.961084272678477,34.614868491680085,31.09903381642512,2.38191089640365,0.36902844873859364,6.293612453032743,5.280461621041331,
44,19.545088566827697,34.4873859366613,31.642512077294686,2.38191089640365,0.36902844873859364,6.293612453032743,5.280461621041331,
45,19.726247987117553,34.41358024691358,31.57541599570585,2.38191089640365,0.36902844873859364,6.253354804079442,5.280461621041331,
46,18.726516371443907,30.54213633923779,37.32555018786903,1.8115942028985508,0.36902844873859364,5.9447128287707995,5.280461621041331,
47,19.03515834675255,30.50187869028449,37.05716586151369,1.8115942028985508,0.36902844873859364,5.9447128287707995,5.280461621041331,
48,15.566290928609769,34.76247987117552,37.64761137949544,1.4559849704777241,0.36902844873859364,5.0791733762748255,5.119431025228127,
49,15.727321524422974,34.39345142243693,37.61406333870102,1.6975308641975309,0.36902844873859364,5.0791733762748255,5.119431025228127,
50,10.748792270531402,46.0077831454643,32.29334406870639,1.4962426194310252,0.3153515834675255,5.0791733762748255,4.05931293612453,
51,10.158346752549651,43.20987654320987,32.70263016639828,1.247987117552335,1.6438539989264627,6.977992485238862,4.05931293612453,
52,10.23215244229737,40.84809447128288,40.15700483091788,1.247987117552335,0.3153515834675255,4.180085882984434,3.0193236714975846,
53,7.286634460547504,34.916800858829845,47.69189479334407,0.95276435856146,0.6575415995705851,4.435050993022007,2.757648953301127,1.3016639828234031
54,5.260332796564681,24.174718196457327,60.40660225442834,0.9460547504025765,0.6575415995705851,4.87788513150832,2.3752012882447664,1.3016639828234031
55,5.139559849704777,21.920289855072465,60.279119699409556,2.6033279656468062,0.6575415995705851,4.461889425657541,3.6366076221148687,1.3016639828234031
56,5.340848094471283,21.83977455716586,59.064680622651636,2.5966183574879227,0.6575415995705851,4.461889425657541,4.736983360171766,1.3016639828234031
57,5.522007514761138,21.786097691894792,56.60896403650027,2.5966183574879227,1.7847557702630166,5.669618894256575,4.730273752012883,1.3016639828234031
58,5.71658615136876,20.90713902308105,56.54186795491143,2.5966183574879227,1.7847557702630166,5.58239398819109,5.5689747718733225,1.3016639828234031
59,5.059044551798175,20.88030059044552,50.72463768115942,2.677133655394525,1.7847557702630166,12.02361782071927,5.548845947396672,1.3016639828234031
60,5.173107890499195,20.088566827697264,43.162909286097694,2.677133655394525,1.4694041867954912,20.263016639828233,5.864197530864198,1.3016639828234031
61,4.810789049919484,17.921363392377884,38.6003757380569,1.0735373054213635,1.0332796564680622,31.622383252818036,3.6366076221148687,1.3016639828234031
62,4.891304347826087,17.901234567901234,38.55340848094471,1.0735373054213635,1.0332796564680622,31.608964036500268,3.6366076221148687,1.3016639828234031
63,4.85775630703167,14.486044015029522,37.78851315083199,3.126677402039721,1.3486312399355878,31.602254428341386,5.488459473966721,1.3016639828234031
64,4.951690821256038,13.855340848094471,36.533816425120776,3.294417606011809,1.4090177133655395,33.071658615136876,5.407944176060118,1.4761137949543746
65,4.891304347826087,13.754696725711218,33.641975308641975,3.2541599570585076,1.4090177133655395,36.41304347826087,5.159688674181428,1.4761137949543746
66,5.414653784219001,13.613794954374665,33.380300590445515,3.2541599570585076,1.4090177133655395,36.292270531400966,5.159688674181428,1.4761137949543746
67,5.548845947396672,13.365539452495975,35.74208266237252,3.4420289855072466,1.4090177133655395,34.004294149221685,5.01207729468599,1.4761137949543746
68,4.8443370907139025,11.3593666129898,44.41089640365003,4.502147074610843,2.6301663982823404,26.972624798711756,4.159957058507783,1.1205045625335481
69,4.9651100375738055,11.2788513150832,42.67981749865808,4.817498658078368,2.6301663982823404,26.85185185185185,4.159957058507783,2.6167471819645733
70,5.0993022007514766,11.2788513150832,42.632850241545896,4.817498658078368,2.6301663982823404,26.7914653784219,4.159957058507783,2.589908749329039
71,5.320719269994632,11.2788513150832,42.579173376274824,4.663177670424047,2.314814814814815,25.89237788513151,5.360976918947934,2.589908749329039
72,5.522007514761138,11.2788513150832,42.552334943639295,4.663177670424047,2.314814814814815,25.825281803542673,5.253623188405797,2.589908749329039
73,5.743424584004294,11.09098228663446,42.36446591519055,4.4753086419753085,2.314814814814815,25.32206119162641,6.099033816425121,2.589908749329039
74,5.9447128287707995,11.09098228663446,42.2638217928073,4.435050993022007,2.314814814814815,25.261674718196456,6.099033816425121,2.589908749329039
75,6.085614600107354,11.057434245840042,42.23698336017176,4.435050993022007,2.314814814814815,25.228126677402038,6.099033816425121,2.5429414922168547
76,6.400966183574879,11.057434245840042,41.6935050993022,4.435050993022007,2.314814814814815,25.174449812130973,6.099033816425121,2.8247450348899625
77,6.286902844873859,11.057434245840042,41.727053140096615,4.1129898013955986,2.281266774020397,26.187600644122384,5.857487922705314,2.4892646269457863
78,6.608964036500268,11.057434245840042,41.51905528717123,4.1129898013955986,2.281266774020397,26.10708534621578,5.8239398819108965,2.4892646269457863
79,6.863929146537842,10.997047772410092,41.418411164787976,4.0995705850778315,2.281266774020397,26.04669887278583,5.803811057434245,2.4892646269457863
80,6.769994632313473,10.795759527643586,43.74664519592056,4.0995705850778315,2.13365539452496,24.16129898013956,5.803811057434245,2.4892646269457863
81,6.568706387546968,10.420021470746109,45.78636607622115,3.743961352657005,2.13365539452496,24.074074074074073,4.51556629092861,2.757648953301127
82,7.226247987117552,10.406602254428341,45.48443370907139,3.7238325281803544,2.13365539452496,23.752012882447666,4.51556629092861,2.757648953301127
83,7.5348899624261945,10.091250670960816,45.22275899087493,3.8915727321524423,2.1068169618894257,23.597691894793343,4.51556629092861,3.0394524959742353
84,7.729468599033816,10.077831454643048,45.04830917874396,3.8915727321524423,2.1068169618894257,23.59098228663446,4.51556629092861,3.0394524959742353
85,7.763016639828234,8.433977455716587,44.524959742351044,3.569511540526033,1.7713365539452497,27.254428341384862,3.824476650563607,2.85829307568438
86,7.890499194847021,8.293075684380032,44.847020933977454,3.569511540526033,1.7713365539452497,27.214170692431562,3.824476650563607,2.589908749329039
87,8.192431561996779,8.266237251744498,44.65915190552872,3.569511540526033,1.724369296833065,25.87895866881374,5.146269457863661,2.563070316693505
88,8.293075684380032,8.266237251744498,44.6256038647343,3.569511540526033,1.724369296833065,25.83870101986044,5.146269457863661,2.536231884057971
89,6.863929146537842,7.6623725174449815,47.89989264626946,3.113258185721954,0.8319914117015567,27.78448738593666,3.683574879227053,2.1604938271604937
90,7.0383789586688135,7.648953301127214,46.846484165324746,3.113258185721954,0.5300590445517982,27.717391304347824,4.676596886741814,2.428878153515835
91,7.125603864734299,7.648953301127214,46.81964573268921,3.099838969404187,0.5300590445517982,27.67042404723564,4.676596886741814,2.428878153515835
92,6.414385399892646,7.132313472893183,49.10762211486849,3.099838969404187,0.4562533548040794,26.818303811057433,4.562533548040794,2.408749329039184
93,6.622383252818035,7.132313472893183,47.87305421363392,3.0864197530864197,0.4562533548040794,26.214439076757916,4.555823939881911,4.05931293612453
94,6.642512077294686,7.132313472893183,47.85292538915727,3.0864197530864197,0.4562533548040794,26.214439076757916,4.555823939881911,4.05931293612453
95,6.729736983360172,7.132313472893183,47.82608695652174,3.0864197530864197,0.4562533548040794,26.167471819645733,4.542404723564144,4.05931293612453
96,6.870638754696726,6.863929146537842,47.799248523886206,3.3548040794417604,0.4562533548040794,26.053408480944714,4.542404723564144,4.05931293612453
97,7.326892109500805,6.843800322061192,47.57112184648417,3.3548040794417604,0.4562533548040794,25.89237788513151,4.49543746645196,4.05931293612453
98,7.588566827697263,6.729736983360172,47.53086419753087,3.3011272141706924,0.4562533548040794,25.83870101986044,4.49543746645196,4.05931293612453
99,8.13875469672571,6.729736983360172,47.22222222222222,3.3011272141706924,0.4562533548040794,25.623993558776167,4.468599033816425,4.05931293612453
100,8.28636607622115,6.729736983360172,47.175254965110035,3.3011272141706924,0.4562533548040794,25.563607085346217,4.455179817498658,4.032474503488996
101,8.561460010735374,6.729736983360172,46.92699946323135,3.3011272141706924,0.7380568974771873,25.308641975308642,4.40150295222759,4.032474503488996
102,8.668813741277509,6.702898550724638,46.92028985507246,3.3011272141706924,0.7380568974771873,25.261674718196456,4.40150295222759,4.005636070853462
103,9.219001610305957,6.595544820182502,45.65217391304348,3.1199677938808374,0.8856682769726248,25.228126677402038,5.293880837359098,4.005636070853462
104,9.312936124530328,6.595544820182502,44.41760601180891,3.1199677938808374,0.8588298443370908,25.228126677402038,5.293880837359098,5.173107890499195
105,9.359903381642512,6.595544820182502,44.02844873859367,3.435319377348363,0.8588298443370908,25.0805152979066,5.293880837359098,5.347557702630167
106,9.380032206119163,6.166129898013956,43.364197530864196,3.535963499731616,0.8588298443370908,24.94632313472893,6.468062265163715,5.280461621041331
107,9.728931830381105,6.139291465378422,43.243424584004295,3.44873859366613,0.8588298443370908,24.832259796027913,6.468062265163715,5.280461621041331
108,10.111379495437467,6.139291465378422,42.901234567901234,3.44873859366613,1.1741814278046163,24.50348899624262,6.468062265163715,5.253623188405797
109,10.144927536231885,6.0587761674718195,42.78046162104133,3.6768652710681695,1.1741814278046163,24.44981213097155,6.461352657004831,5.253623188405797
110,10.25228126677402,6.0587761674718195,42.7133655394525,3.6768652710681695,1.1741814278046163,24.416264090177133,6.454643048845948,5.253623188405797
111,10.420021470746109,6.052066559312936,42.7133655394525,3.6768652710681695,1.1741814278046163,24.805421363392377,6.454643048845948,4.703435319377348
112,10.433440687063875,6.052066559312936,42.60601180891036,3.6768652710681695,0.9728931830381106,25.10064412238325,6.454643048845948,4.703435319377348
113,10.695115405260333,6.052066559312936,42.58588298443371,3.6768652710681695,0.9728931830381106,24.872517444981213,6.4412238325281805,4.703435319377348
114,10.909822866344605,6.052066559312936,42.43156199677939,3.6768652710681695,0.9594739667203436,24.838969404186795,6.427804616210413,4.703435319377348
115,10.990338164251208,6.018518518518518,42.008856682769725,3.6768652710681695,0.9594739667203436,24.838969404186795,6.427804616210413,5.0791733762748255
116,11.533816425120772,6.018518518518518,41.8545356951154,3.8378958668813743,0.9594739667203436,24.362587224906065,6.407675791733762,5.025496511003757
117,11.748523886205046,5.924584004294149,41.35131508319914,3.7104133118625873,0.9594739667203436,23.97342995169082,7.333601717659689,4.998658078368224
118,12.285292538915728,5.911164787976382,41.30434782608695,3.69699409554482,0.9594739667203436,23.544015029522274,7.333601717659689,4.9651100375738055
119,12.4597423510467,5.884326355340848,41.156736446591516,3.69699409554482,0.9594739667203436,23.544015029522274,7.333601717659689,4.9651100375738055
120,12.04374664519592,5.884326355340848,46.61164787976382,3.6500268384326353,0.8655394524959742,20.068438003220614,5.9447128287707995,4.931561996779388
121,12.419484702093397,5.884326355340848,46.34997316156736,3.6500268384326353,0.8655394524959742,19.98792270531401,5.844068706387547,4.998658078368224
122,12.04374664519592,5.870907139023081,48.450080515297905,3.6500268384326353,0.8655394524959742,19.98792270531401,5.636070853462158,3.4957058507783145
123,12.050456253354804,5.870907139023081,48.27563070316693,3.6500268384326353,0.8655394524959742,19.96779388083736,5.622651637144391,3.69699409554482
124,12.332259796027913,5.870907139023081,48.047504025764894,3.6366076221148687,0.8655394524959742,19.92753623188406,5.622651637144391,3.69699409554482
125,12.513419216317766,5.870907139023081,46.464036500268385,3.7640901771336552,0.8655394524959742,21.28287707997853,5.615942028985507,3.6231884057971016
126,12.600644122383253,5.548845947396672,46.10842726784756,3.7640901771336552,0.8655394524959742,21.135265700483092,6.206387546967257,3.770799785292539
127,12.761674718196458,5.548845947396672,46.00107353730542,3.7640901771336552,0.8655394524959742,21.081588835212024,6.206387546967257,3.770799785292539
128,12.835480407944177,5.488459473966721,45.63204508856683,3.7640901771336552,1.0869565217391304,21.00107353730542,6.206387546967257,3.9855072463768115
129,9.514224369296834,17.257112184648417,44.67257112184648,1.865271068169619,0.8588298443370908,18.223295759527645,3.965378421900161,3.643317230273752
130,9.722222222222221,17.11621041331186,44.61218464841653,1.865271068169619,0.8588298443370908,18.21658615136876,3.965378421900161,3.643317230273752
131,9.742351046698873,17.11621041331186,44.598765432098766,1.8585614600107354,0.8588298443370908,18.21658615136876,3.965378421900161,3.643317230273752
132,9.648416532474503,16.74718196457327,44.26999463231347,2.3617820719269993,0.8588298443370908,18.914385399892645,3.965378421900161,3.2340311325818574
133,9.561191626409018,15.438808373590982,44.14251207729468,2.3617820719269993,1.9457863660762211,18.853998926462694,5.132850241545894,2.563070316693505
134,9.567901234567902,15.371712292002147,43.954643048845945,2.4154589371980677,2.4355877616747184,18.57890499194847,5.132850241545894,2.5429414922168547
135,9.77589908749329,15.311325818572195,43.853998926462694,2.4154589371980677,2.4355877616747184,18.57890499194847,5.132850241545894,2.49597423510467
136,9.950348899624261,15.311325818572195,43.53193773483628,2.4154589371980677,2.4355877616747184,18.57890499194847,5.132850241545894,2.6435856146001075
137,9.836285560923242,15.271068169618895,43.00858829844337,2.4154589371980677,2.408749329039184,18.57890499194847,5.837359098228664,2.6435856146001075
138,9.936929683306495,14.640365002683843,42.921363392377884,3.046162104133119,2.4020397208803006,18.572195383789587,5.837359098228664,2.6435856146001075
139,9.936929683306495,13.325281803542673,43.49168008588298,3.0193236714975846,2.38191089640365,19.940955448201827,5.293880837359098,2.61003757380569
140,10.312667740203972,13.325281803542673,42.941492216854535,3.0193236714975846,2.677133655394525,19.87385936661299,5.24020397208803,2.61003757380569
141,10.326086956521738,13.311862587224907,41.86795491143317,3.0059044551798175,3.824476650563607,19.81347289318304,5.24020397208803,2.61003757380569
142,10.567632850241546,13.298443370907139,41.80756843800322,2.9723564143853998,3.824476650563607,19.679280730005367,5.24020397208803,2.61003757380569
143,10.68840579710145,13.285024154589372,41.74047235641439,3.2206119162640903,3.824476650563607,19.390767579173378,5.24020397208803,2.61003757380569
144,10.768921095008052,13.278314546430488,40.52603327965647,3.2206119162640903,3.824476650563607,19.310252281266774,6.461352657004831,2.61003757380569
145,10.869565217391305,13.278314546430488,40.485775630703166,3.2206119162640903,3.797638217928073,19.276704240472355,6.461352657004831,2.61003757380569
146,10.983628556092324,13.211218464841654,40.43880837359098,3.2206119162640903,3.797638217928073,19.276704240472355,6.461352657004831,2.61003757380569
147,11.493558776167472,13.036768652710682,40.365002683843265,3.2206119162640903,3.643317230273752,19.243156199677937,6.387546967257112,2.61003757380569
148,11.876006441223833,12.99651100375738,40.183843263553406,3.2206119162640903,3.603059581320451,19.122383252818036,6.387546967257112,2.61003757380569
149,11.969940955448202,12.99651100375738,40.183843263553406,3.193773483628556,3.603059581320451,19.0552871712292,6.387546967257112,2.61003757380569
150,12.124261943102523,12.99651100375738,40.103327965646805,3.193773483628556,3.603059581320451,19.02173913043478,6.387546967257112,2.5697799248523885
151,12.265163714439076,12.99651100375738,39.96913580246913,3.193773483628556,3.603059581320451,19.0150295222759,6.387546967257112,2.5697799248523885
152,12.332259796027913,12.86231884057971,39.06333870101986,3.193773483628556,3.7573805689747717,19.538378958668815,6.374127750939345,2.8784219001610305
153,12.74825550187869,12.86231884057971,39.01637144390767,3.193773483628556,3.7573805689747717,19.49141170155663,6.0587761674718195,2.871712292002147
154,12.815351583467525,12.86231884057971,39.009661835748794,3.193773483628556,3.730542136339238,19.49141170155663,6.025228126677402,2.871712292002147
155,12.95625335480408,12.822061191626409,38.969404186795494,3.193773483628556,3.730542136339238,19.444444444444443,6.018518518518518,2.8650026838432634
156,13.217928073000536,12.795222758990874,38.84192163177671,3.1870638754696725,3.717122920021471,19.444444444444443,5.931293612453032,2.8650026838432634
157,12.345679012345679,12.795222758990874,33.340042941492214,3.1870638754696725,3.717122920021471,26.878690284487387,5.179817498658078,2.5563607085346214
158,12.385936661298981,12.795222758990874,33.340042941492214,3.1870638754696725,3.717122920021471,26.838432635534083,5.179817498658078,2.5563607085346214
159,12.875738056897477,12.506709608158884,33.25281803542673,3.1870638754696725,3.717122920021471,26.724369296833064,5.179817498658078,2.5563607085346214
160,13.036768652710682,12.453032742887816,33.011272141706925,3.374932903918411,3.717122920021471,26.704240472356414,5.179817498658078,2.522812667740204
161,13.077026301663983,12.453032742887816,32.95759527643585,3.374932903918411,3.6768652710681695,26.610305958132045,5.3341384863123995,2.5161030595813205
162,13.399087493290391,12.439613526570048,32.669082125603865,3.374932903918411,3.6768652710681695,26.38888888888889,5.3341384863123995,2.717391304347826
163,13.459473966720344,12.426194310252281,32.648953301127214,3.374932903918411,3.6768652710681695,26.362050456253353,5.3341384863123995,2.717391304347826
164,13.405797101449275,12.412775093934513,32.55501878690284,3.374932903918411,3.6768652710681695,26.133923778851315,5.776972624798712,2.6637144390767578
165,13.754696725711218,12.412775093934513,32.22624798711755,3.374932903918411,3.6768652710681695,26.113794954374665,5.776972624798712,2.6637144390767578
166,14.06333870101986,12.124261943102523,31.93773483628556,2.965646806226516,3.643317230273752,26.858561460010737,5.750134192163178,2.657004830917874
167,14.190821256038648,12.016908212560386,31.890767579173378,3.1870638754696725,3.535963499731616,26.77133655394525,5.750134192163178,2.657004830917874
168,14.553140096618357,12.016908212560386,31.702898550724637,3.1870638754696725,3.535963499731616,26.610305958132045,5.736714975845411,2.657004830917874
169,15.391841116478798,11.855877616747183,31.588835212023618,2.9790660225442833,3.44873859366613,26.34863123993559,5.730005367686527,2.657004830917874
170,15.68035426731079,11.855877616747183,30.723295759527645,4.361245303274289,3.44873859366613,25.637412775093935,5.730005367686527,2.563070316693505
171,15.076489533011273,11.2788513150832,28.878153515834676,4.106280193236715,2.7777777777777777,29.777241009125067,5.6964573268921095,2.408749329039184
172,15.08990874932904,11.07085346215781,28.878153515834676,4.327697262479871,2.7777777777777777,29.750402576489535,5.6964573268921095,2.408749329039184
173,14.868491680085883,10.950080515297907,28.690284487385938,4.193505099302201,2.9253891572732154,30.273752012882447,5.689747718733226,2.408749329039184
174,14.935587761674718,10.950080515297907,28.650026838432634,4.180085882984434,2.9253891572732154,30.26033279656468,5.689747718733226,2.408749329039184
175,15.458937198067632,10.789049919484702,28.361513687600645,4.180085882984434,2.885131508319914,30.226784755770264,5.689747718733226,2.408749329039184
176,15.599838969404187,10.789049919484702,28.361513687600645,4.086151368760064,2.885131508319914,30.17981749865808,5.689747718733226,2.408749329039184
177,15.418679549114332,10.755501878690284,27.549651100375737,4.086151368760064,3.965378421900161,30.139559849704778,5.676328502415459,2.408749329039184
178,15.559581320450885,10.721953837895867,27.502683843263554,4.086151368760064,3.965378421900161,30.079173376274827,5.676328502415459,2.408749329039184
179,15.60654857756307,10.695115405260333,28.16022544283414,3.9318303811057436,3.9184111647879765,29.32769726247987,5.9514224369296835,2.408749329039184
180,15.640096618357488,10.695115405260333,28.133387010198604,3.92512077294686,3.9184111647879765,29.32769726247987,5.9514224369296835,2.408749329039184
181,14.533011272141707,10.654857756307031,37.17122920021471,3.589640365002684,3.9184111647879765,22.134997316156735,5.642780461621041,2.3550724637681157
182,14.593397745571659,10.63472893183038,36.08427267847558,4.978529253891573,3.9184111647879765,21.85990338164251,5.642780461621041,2.2879763821792807
183,14.794685990338165,10.607890499194847,36.030595813204506,4.978529253891573,3.9184111647879765,21.812936124530328,5.60252281266774,2.254428341384863
184,14.821524422973699,10.59447128287708,35.32608695652174,4.978529253891573,3.9184111647879765,21.390230810520666,6.716317767042405,2.254428341384863
185,15.01610305958132,10.59447128287708,35.21202361782072,4.938271604938271,3.9184111647879765,21.38352120236178,6.6827697262479875,2.254428341384863
186,15.049651100375739,10.59447128287708,35.178475577026305,4.938271604938271,3.9184111647879765,21.38352120236178,6.6827697262479875,2.254428341384863
187,14.928878153515834,8.279656468062266,34.90338164251208,4.777241009125067,3.9184111647879765,24.255233494363928,6.6827697262479875,2.254428341384863
188,14.969135802469136,8.091787439613526,34.75577026301664,5.4549114331723025,3.898282340311326,24.053945249597422,6.521739130434782,2.254428341384863
189,14.63365539452496,8.091787439613526,33.69565217391305,5.448201825013419,3.3682232957595275,25.167740203972087,7.62211486849168,1.9726247987117553
190,15.009393451422437,8.091787439613526,33.662104133118625,5.421363392377885,3.3682232957595275,24.86580783682233,7.62211486849168,1.9592055823939882
191,15.069779924852389,8.091787439613526,33.61513687600644,5.421363392377885,3.3682232957595275,24.86580783682233,7.608695652173913,1.9592055823939882
192,15.666935050993022,8.091787439613526,33.54804079441761,5.387815351583468,3.3682232957595275,24.724906065485776,7.253086419753086,1.9592055823939882
193,15.915190552871712,8.091787439613526,33.541331186258724,5.387815351583468,3.3682232957595275,24.57729468599034,7.159151905528717,1.9592055823939882
194,12.70799785292539,20.585077831454644,31.34728931830381,4.830917874396135,3.0931293612453032,20.242887815351583,5.9447128287707995,1.247987117552335
195,12.721417069243156,20.544820182501343,29.602791196994094,4.74369296833065,3.0931293612453032,20.242887815351583,7.803274288781535,1.247987117552335
196,12.788513150831992,20.544820182501343,29.21363392377885,4.7101449275362315,3.0931293612453032,20.242887815351583,7.803274288781535,1.6035963499731616
197,12.969672571121846,18.23671497584541,29.21363392377885,6.9310252281266775,3.0931293612453032,20.148953301127214,7.803274288781535,1.6035963499731616
198,13.331991411701557,18.169618894256576,29.200214707461082,6.9310252281266775,3.066290928609769,19.89398819108964,7.803274288781535,1.6035963499731616
199,13.41250670960816,18.14278046162104,28.83118625872249,6.9310252281266775,3.066290928609769,19.89398819108964,7.803274288781535,1.9189479334406871
200,13.801663982823403,18.00187869028449,28.817767042404725,7.024959742351046,3.066290928609769,19.806763285024154,7.561728395061729,1.9189479334406871
201,14.190821256038648,17.881105743424584,28.63660762211487,7.024959742351046,3.0394524959742353,19.77992485238862,7.5281803542673105,1.9189479334406871
202,14.465915190552872,17.834138486312398,28.56280193236715,7.004830917874396,3.0394524959742353,19.672571121846484,7.501341921631776,1.9189479334406871
203,14.42565754159957,17.793880837359097,26.630434782608695,7.004830917874396,3.0394524959742353,19.592055823939884,9.73564143853999,1.778046162104133
204,14.586688137412775,17.72007514761138,26.630434782608695,6.977992485238862,3.0394524959742353,19.565217391304348,9.702093397745571,1.778046162104133
205,14.65378421900161,17.69994632313473,26.617015566290927,6.971282877079979,3.0394524959742353,19.558507783145465,9.702093397745571,1.7579173376274826
206,14.841653247450349,17.69994632313473,26.596886741814277,6.971282877079979,2.965646806226516,19.256575415995705,9.91009125067096,1.7579173376274826
207,14.935587761674718,17.69994632313473,26.221148684916802,6.971282877079979,2.965646806226516,19.223027375201287,9.883252818035427,2.100107353730542
208,14.949006977992486,17.56575415995706,25.462962962962962,6.957863660762212,2.965646806226516,20.115405260332796,9.883252818035427,2.100107353730542
209,14.439076757917338,17.216854535695116,25.0402576489533,6.937734836285561,2.965646806226516,21.38352120236178,9.916800858829845,2.100107353730542
210,13.969404186795492,17.216854535695116,24.838969404186795,6.937734836285561,2.965646806226516,22.779119699409556,9.219001610305957,2.073268921095008
211,14.049919484702093,17.216854535695116,24.778582930756844,7.112184648416532,2.965646806226516,22.584541062801932,9.219001610305957,2.073268921095008
212,14.251207729468598,17.19001610305958,24.771873322597962,7.112184648416532,2.965646806226516,22.416800858829845,9.219001610305957,2.073268921095008
213,14.51959205582394,17.176596886741816,24.671229200214707,7.112184648416532,2.885131508319914,22.356414385399894,9.219001610305957,2.059849704777241
214,14.586688137412775,17.176596886741816,24.671229200214707,7.105475040257649,2.885131508319914,22.322866344605476,9.205582393988191,2.046430488459474
215,14.76784755770263,17.176596886741816,24.65780998389694,7.105475040257649,2.885131508319914,22.16183574879227,9.205582393988191,2.0397208803005906
216,14.647074610842727,17.06924315619968,24.65780998389694,7.105475040257649,2.885131508319914,22.04777241009125,9.54777241009125,2.0397208803005906
217,14.781266774020397,16.75389157273215,24.65780998389694,7.320182501341922,2.885131508319914,22.04777241009125,9.514224369296834,2.0397208803005906
218,14.99597423510467,16.72705314009662,24.537037037037038,7.320182501341922,2.8650026838432634,22.0276435856146,9.514224369296834,2.0128824476650564
219,15.197262479871176,16.70692431561997,24.537037037037038,7.266505636070853,2.8650026838432634,21.900161030595815,9.514224369296834,2.0128824476650564
220,15.210681696188942,16.70692431561997,24.537037037037038,7.253086419753086,2.8650026838432634,21.900161030595815,9.514224369296834,2.0128824476650564
221,15.33816425120773,15.673644659151906,24.490069779924852,8.272946859903382,2.8650026838432634,21.880032206119164,9.46725711218465,2.0128824476650564
222,15.391841116478798,15.626677402039721,24.490069779924852,8.272946859903382,2.8650026838432634,21.87332259796028,9.46725711218465,2.0128824476650564
223,15.573000536768653,15.5126140633387,24.322329575952764,8.272946859903382,2.6838432635534084,21.73913043478261,9.728931830381105,2.167203435319377
224,15.74074074074074,15.479066022544284,24.228395061728396,8.266237251744498,2.677133655394525,21.712292002147073,9.728931830381105,2.167203435319377
225,15.935319377348362,15.45222758990875,24.20155662909286,8.179012345679013,2.6704240472356413,21.672034353193773,9.722222222222221,2.167203435319377
226,16.002415458937197,15.385131508319914,24.20155662909286,8.179012345679013,2.6704240472356413,21.672034353193773,9.722222222222221,2.167203435319377
227,16.25067096081589,15.351583467525497,24.154589371980677,8.158883521202362,2.6435856146001075,21.618357487922705,9.66183574879227,2.1604938271604937
228,16.297638217928075,15.318035426731079,24.154589371980677,7.836822329575953,2.6435856146001075,21.926999463231347,9.66183574879227,2.1604938271604937
229,17.062533548040793,14.982555018786902,24.06736446591519,7.823403113258186,2.7643585614600106,21.511003757380568,9.64170692431562,2.147074610842727
230,17.163177670424048,14.97584541062802,24.033816425120772,7.823403113258186,2.7643585614600106,21.450617283950617,9.64170692431562,2.147074610842727
231,17.163177670424048,14.97584541062802,24.033816425120772,7.823403113258186,2.7643585614600106,21.450617283950617,9.64170692431562,2.147074610842727
232,17.297369833601717,14.928878153515834,23.980139559849704,7.803274288781535,2.7509393451422435,21.450617283950617,9.64170692431562,2.147074610842727
233,17.277241009125067,14.928878153515834,23.376274825550187,7.769726247987117,4.05931293612453,21.336553945249598,9.104938271604938,2.147074610842727
234,17.67981749865808,14.700751476113794,23.362855609232422,7.742887815351583,4.05931293612453,21.215780998389693,9.091519055287172,2.147074610842727
235,17.800590445517983,14.667203435319378,23.362855609232422,7.716049382716049,4.052603327965647,21.162104133118625,9.091519055287172,2.147074610842727
236,18.45813204508857,14.251207729468598,23.22866344605475,7.648953301127214,3.878153515834675,21.349973161567366,9.05126140633387,2.13365539452496
237,18.471551261406333,14.251207729468598,23.22866344605475,7.648953301127214,3.864734299516908,21.349973161567366,9.05126140633387,2.13365539452496
238,18.357487922705314,14.190821256038648,23.17498658078368,7.689210950080516,4.341116478797638,21.155394524959743,8.957326892109501,2.13365539452496
239,18.38432635534085,14.190821256038648,23.03408480944713,7.6556629092860975,4.683306494900698,20.96081588835212,8.957326892109501,2.13365539452496
240,18.035426731078903,14.090177133655395,22.282608695652176,8.487654320987655,5.152979066022544,20.860171765968868,8.957326892109501,2.13365539452496
241,18.06226516371444,14.06333870101986,22.000805152979066,8.796296296296296,5.152979066022544,20.833333333333332,8.957326892109501,2.13365539452496
242,18.19645732689211,13.94927536231884,21.900161030595815,8.521202361782072,5.132850241545894,21.235909822866343,8.930488459473967,2.13365539452496
243,18.21658615136876,13.808373590982287,21.900161030595815,8.702361782071927,5.132850241545894,21.18894256575416,8.917069243156199,2.13365539452496
244,18.223295759527645,13.808373590982287,21.85990338164251,8.702361782071927,5.300590445517981,21.155394524959743,8.816425120772946,2.13365539452496
245,18.451422436929683,13.808373590982287,21.85319377348363,8.695652173913043,5.193236714975845,21.128556092324207,8.735909822866345,2.13365539452496
246,18.706387546967257,13.788244766505636,21.470746108427267,8.695652173913043,6.105743424584004,21.07487922705314,8.024691358024691,2.13365539452496
247,19.33709071390231,13.788244766505636,21.410359634997317,8.682232957595277,5.837359098228664,20.78636607622115,8.024691358024691,2.13365539452496
248,19.504830917874397,13.774825550187868,19.712828770799785,8.896940418679549,5.589103596349974,22.69860440150295,8.024691358024691,1.7981749865807837
249,19.719538378958667,13.707729468599034,19.464573268921097,8.896940418679549,5.589103596349974,22.604669887278583,8.024691358024691,1.9927536231884058
250,18.833870101986044,13.654052603327965,19.37734836285561,8.76274825550188,5.5756843800322065,23.785560923242084,8.024691358024691,1.9860440150295222
251,18.96135265700483,13.647342995169081,19.316961889425656,8.742619431025227,5.522007514761138,23.74530327428878,8.07836822329576,1.9860440150295222
252,18.988191089640367,13.123993558776167,19.30354267310789,8.024691358024691,6.816961889425658,23.678207192699947,8.07836822329576,1.9860440150295222
253,18.71309715512614,13.123993558776167,18.471551261406333,8.017981749865807,6.5485775630703165,25.120772946859905,8.07836822329576,1.9256575415995705
254,19.02173913043478,13.070316693505099,18.46484165324745,7.890499194847021,6.515029522275899,25.046967257112186,8.064949006977992,1.9256575415995705
255,19.028448738593667,13.043478260869565,18.297101449275363,7.9106280193236715,6.736446591519055,25.02012882447665,8.064949006977992,1.8988191089640365
256,19.142512077294686,13.043478260869565,18.297101449275363,7.9106280193236715,6.736446591519055,24.93961352657005,8.031400966183575,1.8988191089640365
257,19.142512077294686,12.86231884057971,18.270263016639827,7.763016639828234,7.098765432098766,24.932903918411164,8.031400966183575,1.8988191089640365
258,19.484702093397747,12.86231884057971,18.250134192163177,7.763016639828234,7.085346215780999,24.63768115942029,8.017981749865807,1.8988191089640365
259,19.49812130971551,12.848899624261943,17.961621041331185,8.111916264090176,7.085346215780999,24.590713902308106,8.004562533548041,1.8988191089640365
260,19.598765432098766,12.842190016103059,17.961621041331185,8.111916264090176,7.0450885668276975,24.550456253354803,7.991143317230274,1.8988191089640365
261,19.880568974771872,12.842190016103059,17.961621041331185,8.111916264090176,6.769994632313473,24.54374664519592,7.991143317230274,1.8988191089640365
262,20.12211486849168,12.721417069243156,17.92807300053677,8.111916264090176,6.723027375201288,24.516908212560388,7.977724100912507,1.8988191089640365
263,20.229468599033815,12.721417069243156,17.92807300053677,8.111916264090176,6.622383252818035,24.510198604401502,7.977724100912507,1.8988191089640365
264,20.417337627482556,12.68786902844874,17.92807300053677,8.024691358024691,6.608964036500268,24.510198604401502,7.924047235641439,1.8988191089640365
265,20.551529790660226,12.640901771336553,17.92807300053677,8.024691358024691,6.608964036500268,24.46323134728932,7.883789586688137,1.8988191089640365
266,20.699141170155663,12.620772946859903,17.847557702630166,8.024691358024691,6.608964036500268,24.436392914653783,7.863660762211487,1.8988191089640365
267,20.759527643585614,12.620772946859903,17.814009661835748,7.944176060118089,6.380837359098229,24.4296833064949,8.152173913043478,1.8988191089640365
268,20.705850778314545,12.607353730542137,16.861245303274288,7.944176060118089,6.320450885668277,25.77831454643049,7.9106280193236715,1.8719806763285025
269,21.034621578099838,12.573805689747719,16.841116478797638,7.809983896940419,6.3137412775093935,25.731347289318304,7.823403113258186,1.8719806763285025
270,21.041331186258724,12.573805689747719,16.841116478797638,7.809983896940419,6.3137412775093935,25.72463768115942,7.823403113258186,1.8719806763285025
271,21.349973161567366,12.533548040794418,16.841116478797638,7.809983896940419,6.3137412775093935,25.623993558776167,7.669082125603865,1.8585614600107354
272,21.16881374127751,12.325550187869029,16.586151368760063,7.48792270531401,6.89747718733226,24.92619431025228,8.76274825550188,1.8451422436929683
273,21.115136876006442,12.325550187869029,16.552603327965645,7.48792270531401,6.850509930220075,24.872517444981213,8.950617283950617,1.8451422436929683
274,21.18894256575416,12.325550187869029,16.552603327965645,7.48792270531401,6.816961889425658,24.84567901234568,8.93719806763285,1.8451422436929683
275,21.40365002683843,12.285292538915728,16.485507246376812,7.809983896940419,6.723027375201288,24.510198604401502,8.93719806763285,1.8451422436929683
