,45,50,51,53,55,54,58,52,56,57,59,60,61
0,91.00912506709608,5.542136339237788,0.3488996242619431,3.099838969404187,,,,,,,,,
1,82.6086956521739,13.613794954374665,0.3488996242619431,3.099838969404187,0.32877079978529256,,,,,,,,
2,77.36849168008588,18.853998926462694,0.3488996242619431,3.099838969404187,0.32877079978529256,,,,,,,,
3,72.28260869565217,23.872785829307567,0.3488996242619431,3.079710144927536,0.41599570585077833,,,,,,,,
4,60.84272678475577,34.96376811594203,0.3488996242619431,3.227321524422974,0.4428341384863124,0.0939345142243693,0.08051529790660225,,,,,,
5,59.46725711218465,36.111111111111114,0.3488996242619431,3.227321524422974,0.6709608158883521,0.0939345142243693,0.08051529790660225,,,,,,
6,58.41384863123994,36.41304347826087,0.3488996242619431,3.2139023081052067,0.644122383252818,0.8856682769726248,0.08051529790660225,,,,,,
7,53.40848094471283,40.41867954911433,0.3488996242619431,3.1736446591519054,0.46967257112184646,0.8856682769726248,0.08051529790660225,1.2144390767579174,,,,,
8,53.30112721417069,40.51932367149758,0.3488996242619431,3.1333870101986045,0.5032206119162641,0.8856682769726248,0.12077294685990338,1.1876006441223832,,,,,
9,48.28234031132582,45.53811057434246,0.3488996242619431,3.1333870101986045,0.5032206119162641,0.8856682769726248,0.12077294685990338,1.1876006441223832,,,,,
10,41.43183038110574,44.31025228126678,9.125067096081589,2.462426194310252,0.47638217928073,0.9057971014492754,0.10064412238325282,1.1876006441223832,,,,,
11,41.12989801395599,44.65244229736983,8.76274825550188,2.462426194310252,0.798443370907139,0.9057971014492754,0.10064412238325282,1.1876006441223832,,,,,
12,40.83467525496511,44.826892109500804,8.76274825550188,2.442297369833602,0.798443370907139,1.0466988727858293,0.10064412238325282,1.1876006441223832,,,,,
13,36.272141706924316,49.32903918411165,8.742619431025227,2.442297369833602,1.0534084809447128,0.8722490606548577,0.10064412238325282,1.1876006441223832,,,,,
14,36.01717659688674,41.888083735909824,8.715780998389693,1.8518518518518519,1.402308105206656,0.8722490606548577,0.10064412238325282,9.151905528717123,,,,,
15,35.86285560923242,42.049114331723025,8.742619431025227,1.8518518518518519,1.402308105206656,0.8722490606548577,0.10064412238325282,9.118357487922705,,,,,
16,35.41331186258722,42.44498121309716,8.695652173913043,1.865271068169619,1.442565754159957,0.7716049382716049,0.10064412238325282,9.091519055287172,0.17444981213097155,,,,
17,33.964036500268385,39.801395598497045,8.695652173913043,1.865271068169619,1.6438539989264627,0.7716049382716049,0.10064412238325282,12.983091787439614,0.17444981213097155,,,,
18,31.702898550724637,40.143585614600106,8.695652173913043,1.7914653784219001,1.710950080515298,2.7643585614600106,0.10064412238325282,12.915995705850777,0.17444981213097155,,,,
19,31.146001073537306,40.284487385936664,8.682232957595277,1.7914653784219001,1.8853998926462694,3.046162104133119,0.10064412238325282,12.889157273215245,0.17444981213097155,,,,
20,31.199677938808374,40.25093934514224,8.682232957595277,1.7914653784219001,1.9189479334406871,3.0327428878153517,0.10064412238325282,12.848899624261943,0.17444981213097155,,,,
21,29.126409017713364,41.30434782608695,9.473966720343531,1.7914653784219001,2.1604938271604937,3.0327428878153517,0.10064412238325282,12.835480407944177,0.17444981213097155,,,,
22,27.059849704777243,45.63875469672571,8.662104133118627,1.9994632313472893,2.100107353730542,3.0327428878153517,0.10064412238325282,11.231884057971014,0.17444981213097155,,,,
23,27.073268921095007,45.491143317230275,8.662104133118627,1.9994632313472893,2.254428341384863,3.0327428878153517,0.10064412238325282,11.211755233494364,0.17444981213097155,,,,
24,26.818303811057433,44.920826623725176,9.31964573268921,1.9994632313472893,2.15378421900161,3.0327428878153517,0.10064412238325282,11.480139559849706,0.17444981213097155,,,,
25,26.69753086419753,42.31749865807837,9.306226516371444,1.9793344068706387,3.8714439076757916,3.717122920021471,0.10064412238325282,11.83574879227053,0.17444981213097155,,,,
26,26.482823403113258,42.579173376274824,9.245840042941492,1.9793344068706387,3.7909286097691894,3.851315083199141,0.10064412238325282,11.79549114331723,0.17444981213097155,,,,
27,26.65727321524423,42.51207729468599,9.192163177670425,1.9793344068706387,3.8177670424047236,3.911701556629093,0.10064412238325282,11.654589371980677,0.17444981213097155,,,,
28,23.658078368223297,45.65217391304348,9.192163177670425,1.9524959742351047,3.81105743424584,3.8177670424047236,0.10064412238325282,11.58749329039184,0.20128824476650564,0.026838432635534086,,,
29,22.69189479334407,47.034353193773484,9.172034353193773,1.9524959742351047,4.656468062265164,3.8177670424047236,0.10064412238325282,10.34621578099839,0.20128824476650564,0.026838432635534086,,,
30,14.445786366076222,39.52630166398282,20.242887815351583,1.5767579173376274,2.462426194310252,1.3620504562533549,0.10064412238325282,20.1959205582394,0.026838432635534086,0.06038647342995169,,,
31,14.600107353730541,39.06333870101986,19.699409554482017,1.5767579173376274,2.5161030595813205,1.3620504562533549,0.10064412238325282,20.142243692968332,0.8789586688137413,0.06038647342995169,,,
32,14.553140096618357,34.5679012345679,19.685990338164252,2.737520128824477,1.7579173376274826,1.3620504562533549,0.10064412238325282,24.00697799248524,1.2010198604401503,0.026838432635534086,,,
33,14.63365539452496,34.4873859366613,18.411164787976382,2.737520128824477,3.1736446591519054,1.1406333870101986,0.10064412238325282,23.74530327428878,1.3083735909822867,0.2616747181964573,,,
34,14.445786366076222,32.05179817498658,28.958668813741276,2.737520128824477,3.475577026301664,1.1406333870101986,0.10064412238325282,15.573000536768653,1.2815351583467525,0.23483628556092323,,,
35,14.123725174449811,31.17283950617284,30.05233494363929,2.737520128824477,3.683574879227053,1.1003757380568975,0.10064412238325282,14.727589908749328,1.2815351583467525,1.0198604401502953,,,
36,14.197530864197532,30.85077831454643,28.32125603864734,4.159957058507783,4.26731078904992,1.1003757380568975,0.10064412238325282,14.586688137412775,1.2815351583467525,1.133923778851315,,,
37,14.318303811057435,30.656199677938808,28.227321524422972,4.1532474503489,4.569243156199678,1.1003757380568975,0.10064412238325282,14.452495974235104,1.288244766505636,1.133923778851315,,,
38,10.34621578099839,35.35292538915727,26.060118089103597,2.509393451422437,4.730273752012883,1.0198604401502953,0.040257648953301126,17.518786902844873,1.288244766505636,1.133923778851315,,,
39,10.171765968867419,33.2662372517445,25.046967257112186,6.072195383789587,4.750402576489533,1.0198604401502953,0.040257648953301126,17.518786902844873,0.9796027911969941,1.133923778851315,,,
40,10.245571658615138,33.091787439613526,25.0,6.072195383789587,4.911433172302737,1.0198604401502953,0.040257648953301126,17.505367686527105,0.9796027911969941,1.133923778851315,,,
41,10.413311862587225,31.796833064949006,24.724906065485776,6.038647342995169,6.360708534621578,1.0198604401502953,0.040257648953301126,17.49194847020934,0.9796027911969941,1.133923778851315,,,
42,10.560923242082662,31.756575415995705,24.61755233494364,6.038647342995169,6.360708534621578,1.0198604401502953,0.040257648953301126,17.49194847020934,0.9796027911969941,1.133923778851315,,,
43,10.607890499194847,30.52871712292002,23.087761674718198,3.992216854535695,6.387546967257112,8.07836822329576,0.040257648953301126,15.599838969404187,0.5434782608695652,1.133923778851315,,,
44,10.829307568438002,30.46833064949007,23.040794417606012,3.992216854535695,6.353998926462695,8.038110574342458,0.040257648953301126,15.559581320450885,0.5434782608695652,1.133923778851315,,,
45,10.88298443370907,30.414653784219002,23.040794417606012,3.992216854535695,6.353998926462695,8.004562533548041,0.040257648953301126,15.593129361245303,0.5434782608695652,1.133923778851315,,,
46,10.72866344605475,29.03918411164788,29.32769726247987,3.938539989264627,6.253354804079442,7.991143317230274,0.040257648953301126,11.406333870101985,1.1406333870101986,0.13419216317767044,,,
47,10.72866344605475,27.58990874932904,25.811862587224905,3.69699409554482,4.146537842190016,7.971014492753623,0.040257648953301126,18.739935587761675,1.1406333870101986,0.13419216317767044,,,
48,10.82259796027912,27.51610305958132,25.791733762748255,3.4957058507783145,4.139828234031133,7.796564680622652,0.040257648953301126,18.733225979602793,1.1406333870101986,0.13419216317767044,0.38915727321524424,,
49,10.171765968867419,25.89908749329039,25.77831454643049,3.4957058507783145,4.086151368760064,7.796564680622652,0.040257648953301126,21.007783145464305,1.1406333870101986,0.19457863660762212,0.38915727321524424,,
50,9.930220075147611,24.335748792270532,19.89398819108964,3.4957058507783145,3.6902844873859366,7.769726247987117,0.040257648953301126,28.73725174449812,1.4559849704777241,0.2616747181964573,0.38915727321524424,,
51,10.057702630166398,24.302200751476114,19.880568974771872,3.5292538915727323,3.6768652710681695,7.96430488459474,0.040257648953301126,28.33467525496511,1.4224369296833066,0.2952227589908749,0.49651100375738055,,
52,10.071121846484166,24.194847020933977,19.592055823939884,3.5292538915727323,3.9519592055823938,7.957595276435856,0.040257648953301126,28.20048309178744,1.4224369296833066,0.3824476650563607,0.6575415995705851,,
53,10.258990874932904,24.06736446591519,19.545088566827697,3.5292538915727323,4.166666666666667,7.830112721417069,0.040257648953301126,28.099838969404185,1.4224369296833066,0.3824476650563607,0.6575415995705851,,
54,10.34621578099839,24.053945249597422,19.51154052603328,3.5292538915727323,4.166666666666667,7.830112721417069,0.040257648953301126,28.039452495974235,1.4224369296833066,0.4025764895330113,0.6575415995705851,,
55,10.225442834138486,23.53059581320451,21.40365002683843,3.5292538915727323,3.8177670424047236,7.232957595276436,0.040257648953301126,27.623456790123456,1.5029522275899088,0.4025764895330113,0.6910896403650026,,
56,10.238862050456254,22.537573805689746,19.95437466451959,3.515834675254965,5.179817498658078,7.595276435856146,0.040257648953301126,27.26784755770263,2.589908749329039,0.38915727321524424,0.6910896403650026,,
57,9.588030059044552,20.90713902308105,24.114331723027377,3.4957058507783145,4.072732152442297,7.467793880837359,0.040257648953301126,27.059849704777243,2.1739130434782608,0.38915727321524424,0.6910896403650026,,
58,9.73564143853999,20.8064949006978,24.114331723027377,3.4621578099838968,4.072732152442297,7.434245840042942,0.040257648953301126,26.96591519055287,2.254428341384863,0.4227053140096618,0.6910896403650026,,
59,8.541331186258722,15.519323671497585,29.25389157273215,8.299785292538916,3.4017713365539453,6.078904991948471,0.040257648953301126,25.509930220075148,2.4892646269457863,0.2616747181964573,0.6038647342995169,,
60,8.662104133118627,15.499194847020934,29.200214707461082,8.299785292538916,3.4017713365539453,6.0587761674718195,0.040257648953301126,25.40257648953301,2.5161030595813205,0.2952227589908749,0.6239935587761675,,
61,8.682232957595277,15.01610305958132,28.918411164787976,8.816425120772946,3.6500268384326353,6.340579710144928,0.040257648953301126,25.0805152979066,2.5026838432635534,0.32877079978529256,0.6239935587761675,,
62,8.816425120772946,15.01610305958132,27.428878153515836,8.80300590445518,3.643317230273752,6.340579710144928,0.040257648953301126,25.046967257112186,3.911701556629093,0.32877079978529256,0.6239935587761675,,
63,8.071658615136876,14.573268921095009,27.059849704777243,8.152173913043478,3.643317230273752,6.374127750939345,0.14761137949543746,26.878690284487387,4.1532474503489,0.322061191626409,0.6239935587761675,,
64,7.48792270531401,15.58641975308642,26.603596349973163,8.145464304884594,3.629898013955985,6.374127750939345,0.14761137949543746,26.25469672571122,4.274020397208803,0.8722490606548577,0.6239935587761675,,
65,7.212828770799785,13.654052603327965,29.11969940955448,8.105206655931294,3.488996242619431,6.246645195920558,0.14761137949543746,26.120504562533547,4.408212560386473,0.8722490606548577,0.6239935587761675,,
66,7.340311325818572,13.627214170692431,29.07944176060118,8.064949006977992,3.488996242619431,6.213097155126141,0.14761137949543746,26.10708534621578,4.408212560386473,0.8722490606548577,0.6508319914117016,,
67,7.360440150295223,13.627214170692431,28.817767042404725,7.971014492753623,3.44873859366613,5.971551261406334,0.30193236714975846,26.053408480944714,4.643048845947397,1.1607622114868492,0.644122383252818,,
68,5.756843800322061,17.37788513150832,24.302200751476114,11.52710681696189,3.126677402039721,5.508588298443371,0.30193236714975846,25.758185721953836,4.468599033816425,1.2546967257112185,0.6172839506172839,,
69,5.46833064949007,15.646806226516372,24.208266237251745,11.466720343531938,3.1468062265163717,5.508588298443371,0.30193236714975846,27.75764895330113,4.562533548040794,1.2815351583467525,0.6508319914117016,,
70,5.642780461621041,15.60654857756307,24.14787976382179,11.453301127214171,3.1468062265163717,5.495169082125604,0.30193236714975846,27.616747181964573,4.542404723564144,1.3955984970477724,0.6508319914117016,,
71,5.770263016639828,15.45222758990875,23.859366612989803,11.426462694578637,3.180354267310789,5.495169082125604,0.30193236714975846,27.603327965646805,4.864465915190553,1.3620504562533549,0.6508319914117016,0.03354804079441761,
72,5.864197530864198,15.432098765432098,21.74584004294149,11.285560923242082,3.3145464304884595,5.407944176060118,0.36231884057971014,30.609232420826622,3.8714439076757916,1.3888888888888888,0.6843800322061192,0.03354804079441761,
73,5.938003220611916,15.26435856146001,21.732420826623724,11.453301127214171,3.3011272141706924,5.407944176060118,0.36231884057971014,30.3743961352657,3.8714439076757916,1.5767579173376274,0.6843800322061192,0.03354804079441761,
74,6.018518518518518,15.324745034889963,21.672034353193773,11.392914653784219,3.3011272141706924,5.367686527106817,0.4025764895330113,30.334138486312398,3.8915727321524423,1.5767579173376274,0.6843800322061192,0.03354804079441761,
75,6.152710681696189,15.311325818572195,21.591519055287172,11.392914653784219,3.3011272141706924,5.367686527106817,0.4025764895330113,30.018786902844873,3.8848631239935587,1.8585614600107354,0.6843800322061192,0.03354804079441761,
76,6.199677938808374,15.22410091250671,21.71900161030596,11.272141706924316,3.33467525496511,5.4549114331723025,0.4025764895330113,29.944981213097154,3.8714439076757916,1.8585614600107354,0.6843800322061192,0.03354804079441761,
77,6.501610305958132,15.123456790123457,21.66532474503489,11.272141706924316,3.3682232957595275,5.421363392377885,0.4025764895330113,29.78395061728395,3.8714439076757916,1.8719806763285025,0.6843800322061192,0.03354804079441761,
78,6.602254428341385,14.989264626945786,21.497584541062803,11.265432098765432,3.3682232957595275,5.381105743424584,0.4025764895330113,29.73027375201288,4.139828234031133,1.90552871712292,0.6843800322061192,0.03354804079441761,
79,6.756575415995706,14.949006977992486,21.464036500268385,11.225174449812132,3.33467525496511,5.381105743424584,0.4025764895330113,29.59608158883521,4.233762748255502,1.9390767579173376,0.6843800322061192,0.03354804079441761,
80,7.024959742351046,14.908749329039184,21.410359634997317,11.158078368223295,3.33467525496511,5.374396135265701,0.4025764895330113,29.57595276435856,4.233762748255502,1.865271068169619,0.6776704240472357,0.03354804079441761,
81,7.286634460547504,14.895330112721417,21.349973161567366,11.124530327428879,3.3011272141706924,5.360976918947934,0.4025764895330113,29.461889425657542,4.26731078904992,1.8384326355340848,0.6776704240472357,0.03354804079441761,
82,7.474503488996243,14.915458937198068,21.289586688137412,11.124530327428879,3.3011272141706924,5.360976918947934,0.4025764895330113,29.314278046162105,4.26731078904992,1.8384326355340848,0.6776704240472357,0.03354804079441761,
83,7.635534084809447,14.875201288244767,21.28287707997853,11.07085346215781,3.3011272141706924,5.360976918947934,0.4025764895330113,29.25389157273215,4.26731078904992,1.8384326355340848,0.6776704240472357,0.03354804079441761,
84,7.836822329575953,14.855072463768115,21.24261943102523,11.07085346215781,3.3011272141706924,5.360976918947934,0.4025764895330113,28.965378421900162,4.26731078904992,1.9860440150295222,0.6776704240472357,0.03354804079441761,
85,7.937466451959206,14.855072463768115,21.135265700483092,11.352657004830919,3.3011272141706924,5.179817498658078,0.4025764895330113,28.945249597423512,4.294149221685454,1.9860440150295222,0.5770263016639828,0.03354804079441761,
86,8.011272141706923,14.841653247450349,21.101717659688674,11.352657004830919,3.3011272141706924,5.045625335480408,0.4025764895330113,28.945249597423512,4.441760601180891,1.8518518518518519,0.6843800322061192,0.020128824476650563,
87,7.454374664519592,14.834943639291465,27.925389157273216,11.352657004830919,3.388352120236178,4.99194847020934,0.4025764895330113,23.89291465378422,4.032474503488996,1.0198604401502953,0.6843800322061192,0.020128824476650563,
88,7.434245840042942,14.150563607085346,29.1129898013956,11.18491680085883,3.207192699946323,4.99194847020934,0.4025764895330113,23.852657004830917,3.9519592055823938,1.0064412238325282,0.6843800322061192,0.020128824476650563,
89,7.380568974771873,13.781535158346752,28.911701556629094,11.392914653784219,3.4957058507783145,4.394793344068707,0.43612453032742887,24.610842726784757,3.9519592055823938,1.0064412238325282,0.6172839506172839,0.020128824476650563,
90,7.514761137949543,13.714439076757918,27.47584541062802,11.392914653784219,4.542404723564144,4.367954911433173,0.43612453032742887,24.59742351046699,4.334406870638754,0.9997316156736447,0.6038647342995169,0.020128824476650563,
91,7.682501341921632,13.66076221148685,27.4422973698336,11.386205045625335,4.562533548040794,4.361245303274289,0.43612453032742887,24.4699409554482,4.334406870638754,1.0399892646269457,0.6038647342995169,0.020128824476650563,
92,6.642512077294686,9.950348899624261,32.769726247987116,11.386205045625335,4.233762748255502,4.274020397208803,0.43612453032742887,24.335748792270532,4.30756843800322,1.0399892646269457,0.6038647342995169,0.020128824476650563,
93,6.723027375201288,9.923510466988727,32.47450348899624,11.386205045625335,4.549114331723027,4.274020397208803,0.4294149221685454,24.282071926999464,4.274020397208803,1.06682769726248,0.5971551261406334,0.020128824476650563,
94,6.736446591519055,9.876543209876543,32.47450348899624,11.386205045625335,4.5893719806763285,4.274020397208803,0.4294149221685454,24.241814278046164,4.274020397208803,1.1003757380568975,0.5971551261406334,0.020128824476650563,
95,6.6760601180891035,6.816961889425658,34.44041867954911,13.989533011272142,3.7909286097691894,4.213633923778851,0.4294149221685454,23.852657004830917,4.072732152442297,1.1003757380568975,0.5971551261406334,0.020128824476650563,
96,5.649490069779925,6.3137412775093935,40.4723564143854,10.272410091250672,3.824476650563607,4.206924315619967,0.41599570585077833,23.718464841653248,3.408480944712829,1.1003757380568975,0.5971551261406334,0.020128824476650563,
97,5.662909286097692,6.3137412775093935,40.143585614600106,10.258990874932904,3.864734299516908,4.233762748255502,0.4025764895330113,23.49033816425121,3.8848631239935587,1.1272141706924315,0.5971551261406334,0.020128824476650563,
98,5.790391841116479,6.3137412775093935,40.08990874932904,10.238862050456254,3.8378958668813743,4.233762748255502,0.4025764895330113,23.429951690821255,3.9184111647879765,1.1272141706924315,0.5971551261406334,0.020128824476650563,
99,5.743424584004294,6.139291465378422,44.06199677938808,9.172034353193773,3.8043478260869565,3.92512077294686,0.3824476650563607,21.30300590445518,3.7909286097691894,1.093666129898014,0.5636070853462157,0.020128824476650563,
100,5.642780461621041,6.139291465378422,44.015029522275896,10.48040794417606,4.025764895330113,3.7573805689747717,0.3824476650563607,20.263016639828233,3.7909286097691894,0.9192163177670424,0.5636070853462157,0.020128824476650563,
101,5.689747718733226,6.139291465378422,43.994900697799245,10.48040794417606,4.025764895330113,3.7573805689747717,0.3824476650563607,20.2361782071927,3.7909286097691894,0.9192163177670424,0.5636070853462157,0.020128824476650563,
102,5.938003220611916,6.132581857219538,43.947933440687066,10.38647342995169,4.025764895330113,3.7238325281803544,0.3824476650563607,20.175791733762747,3.784219001610306,0.9192163177670424,0.5636070853462157,0.020128824476650563,
103,5.730005367686527,6.132581857219538,47.38996242619431,9.923510466988727,3.938539989264627,1.8988191089640365,0.3824476650563607,19.504830917874397,4.086151368760064,0.9125067096081588,0.08051529790660225,0.020128824476650563,
104,5.8172302737520125,6.119162640901771,47.26918947933441,9.876543209876543,5.12614063338701,2.3081052066559313,0.3824476650563607,18.109232420826622,4.086151368760064,0.8051529790660226,0.08051529790660225,0.020128824476650563,
105,6.206387546967257,6.119162640901771,45.450885668276975,9.903381642512077,7.206119162640902,1.9793344068706387,0.3824476650563607,17.887815351583466,3.9855072463768115,0.7783145464304885,0.08051529790660225,0.020128824476650563,
106,6.3070316693505095,6.112453032742888,45.38378958668814,9.903381642512077,7.206119162640902,1.9793344068706387,0.3824476650563607,17.860976918947934,3.9855072463768115,0.7783145464304885,0.08051529790660225,0.020128824476650563,
107,6.387546967257112,6.005099302200751,45.34353193773484,9.876543209876543,7.313472893183038,1.9793344068706387,0.3824476650563607,17.847557702630166,3.9855072463768115,0.7783145464304885,0.08051529790660225,0.020128824476650563,
108,6.400966183574879,6.005099302200751,44.947665056360705,9.836285560923242,7.273215244229737,1.9726247987117553,0.3824476650563607,17.847557702630166,4.38137412775094,0.8118625872249061,0.08051529790660225,0.06038647342995169,
109,6.468062265163715,6.005099302200751,44.68599033816425,9.789318303811058,7.273215244229737,1.9524959742351047,0.41599570585077833,17.814009661835748,4.643048845947397,0.8118625872249061,0.08051529790660225,0.06038647342995169,
110,6.239935587761675,3.824476650563607,48.83923778851315,9.588030059044552,6.662640901771336,1.9524959742351047,0.3757380568974772,17.01556629092861,4.441760601180891,0.7380568974771873,0.28180354267310787,0.040257648953301126,
111,6.327160493827161,3.8043478260869565,48.68491680085883,9.480676328502415,6.662640901771336,2.200751476113795,0.3757380568974772,16.982018250134193,4.448470209339774,0.7112184648416533,0.28180354267310787,0.040257648953301126,
112,6.132581857219538,3.488996242619431,48.067632850241544,11.07085346215781,6.642512077294686,2.3886205045625335,0.3421900161030596,16.451959205582394,4.488727858293076,0.6239935587761675,0.2616747181964573,0.040257648953301126,
113,6.125872249060655,3.488996242619431,44.276704240472355,10.775630703166936,6.119162640901771,2.38191089640365,0.3421900161030596,21.36339237788513,4.30756843800322,0.5166398282340311,0.2616747181964573,0.040257648953301126,
114,6.273483628556092,3.4420289855072466,44.06199677938808,10.72866344605475,6.1929683306494905,2.3483628556092326,0.3421900161030596,21.309715512614062,4.42163177670424,0.5770263016639828,0.2616747181964573,0.040257648953301126,
115,6.360708534621578,3.4420289855072466,43.55877616747182,10.72866344605475,6.152710681696189,2.3483628556092326,0.3421900161030596,21.296296296296298,4.891304347826087,0.5770263016639828,0.2616747181964573,0.040257648953301126,
116,6.414385399892646,3.4286097691894795,43.29039184111648,10.815888352120236,6.125872249060655,2.301395598497048,0.4025764895330113,21.141975308641975,5.065754159957058,0.7112184648416533,0.2616747181964573,0.040257648953301126,
117,6.374127750939345,3.4286097691894795,43.10923242082662,10.802469135802468,6.112453032742888,2.301395598497048,0.38915727321524424,21.115136876006442,5.193236714975845,0.8722490606548577,0.2616747181964573,0.040257648953301126,
118,6.454643048845948,3.4286097691894795,42.901234567901234,10.50053676865271,6.535158346752549,2.301395598497048,0.38915727321524424,21.101717659688674,5.193236714975845,0.8588298443370908,0.2616747181964573,0.07380568974771873,
119,6.5485775630703165,3.3816425120772946,42.78717122920021,10.50053676865271,6.629092860976919,2.301395598497048,0.38915727321524424,21.081588835212024,5.186527106816962,0.8588298443370908,0.2616747181964573,0.07380568974771873,
120,6.447933440687064,3.046162104133119,39.774557165861516,10.487117552334944,6.501610305958132,2.301395598497048,0.36902844873859364,24.570585077831456,4.9718196457326895,1.1943102522812667,0.2616747181964573,0.07380568974771873,
121,6.5485775630703165,3.046162104133119,39.720880300590444,10.21202361782072,6.501610305958132,2.26784755770263,0.36902844873859364,24.832259796027913,4.9718196457326895,1.1943102522812667,0.2616747181964573,0.07380568974771873,
122,6.655931293612453,3.046162104133119,39.61352657004831,10.21202361782072,6.501610305958132,2.26784755770263,0.36902844873859364,24.805421363392377,5.005367686527107,1.1876006441223832,0.2616747181964573,0.07380568974771873,
123,4.85775630703167,27.51610305958132,37.848899624261946,5.119431025228127,2.9119699409554483,0.4562533548040794,0.3421900161030596,15.962157809983896,4.388083735909823,0.36902844873859364,0.20799785292538917,0.020128824476650563,
124,4.978529253891573,27.4422973698336,37.6207729468599,5.119431025228127,2.8918411164787976,0.4562533548040794,0.3421900161030596,15.908480944712828,4.643048845947397,0.36902844873859364,0.20799785292538917,0.020128824476650563,
125,5.166398282340311,27.36849168008588,37.526838432635536,5.119431025228127,2.932098765432099,0.4562533548040794,0.3421900161030596,15.874932903918411,4.616210413311863,0.36902844873859364,0.20799785292538917,0.020128824476650563,
126,5.267042404723564,27.34836285560923,37.3389694041868,5.119431025228127,2.9790660225442833,0.4562533548040794,0.3421900161030596,15.874932903918411,4.676596886741814,0.36902844873859364,0.20799785292538917,0.020128824476650563,
127,5.414653784219001,27.294685990338163,37.21148684916801,5.112721417069243,2.9790660225442833,0.6709608158883521,0.3421900161030596,15.646806226516372,4.730273752012883,0.36902844873859364,0.20799785292538917,0.020128824476650563,
128,5.689747718733226,26.972624798711756,37.043746645195924,5.112721417069243,3.2206119162640903,0.6709608158883521,0.3421900161030596,15.626677402039721,4.723564143853999,0.36902844873859364,0.20799785292538917,0.020128824476650563,
129,5.173107890499195,26.46940418679549,42.223564143854,3.7372517444981215,3.4822866344605474,0.5770263016639828,0.3153515834675255,13.036768652710682,4.696725711218465,0.06038647342995169,0.20799785292538917,0.020128824476650563,
130,5.360976918947934,26.120504562533547,41.84782608695652,3.7372517444981215,3.7573805689747717,0.5770263016639828,0.3153515834675255,12.902576489533011,5.0791733762748255,0.07380568974771873,0.20799785292538917,0.020128824476650563,
131,5.401234567901234,23.067632850241544,41.639828234031135,6.716317767042405,3.8848631239935587,0.7447665056360708,0.3153515834675255,12.902576489533011,5.025496511003757,0.07380568974771873,0.20799785292538917,0.020128824476650563,
132,5.689747718733226,22.953569511540525,41.36473429951691,6.662640901771336,3.92512077294686,0.7380568974771873,0.3153515834675255,12.902576489533011,5.146269457863661,0.07380568974771873,0.20799785292538917,0.020128824476650563,
133,5.83064949006978,22.953569511540525,41.30434782608695,6.662640901771336,3.8848631239935587,0.7380568974771873,0.3153515834675255,12.875738056897477,5.132850241545894,0.07380568974771873,0.20799785292538917,0.020128824476650563,
134,5.978260869565218,22.940150295222757,41.10976918947934,6.642512077294686,4.019055287171229,0.7380568974771873,0.3153515834675255,12.788513150831992,5.166398282340311,0.07380568974771873,0.20799785292538917,0.020128824476650563,
135,5.911164787976382,18.075684380032207,49.11433172302738,6.615673644659152,3.9519592055823938,0.7380568974771873,0.3153515834675255,9.66183574879227,5.314009661835748,0.07380568974771873,0.20799785292538917,0.020128824476650563,
136,6.052066559312936,18.06226516371444,48.91975308641975,6.588835212023618,4.086151368760064,0.7313472893183038,0.3153515834675255,9.64170692431562,5.300590445517981,0.07380568974771873,0.20799785292538917,0.020128824476650563,
137,6.045356951154052,15.029522275899087,41.99543746645196,6.588835212023618,3.556092324208266,11.29898013955985,0.3153515834675255,9.534353193773484,5.320719269994632,0.08722490606548577,0.20799785292538917,0.020128824476650563,
138,6.146001073537305,15.009393451422437,41.90150295222759,6.588835212023618,3.5829307568438002,11.252012882447666,0.3153515834675255,9.386741814278047,5.320719269994632,0.2683843263553409,0.20799785292538917,0.020128824476650563,
139,6.266774020397209,15.002683843263553,41.83440687063875,6.575415995705851,3.556092324208266,11.252012882447666,0.3153515834675255,9.386741814278047,5.314009661835748,0.2683843263553409,0.20799785292538917,0.020128824476650563,
140,6.360708534621578,14.982555018786902,41.75389157273215,6.575415995705851,3.8915727321524423,10.88298443370907,0.3153515834675255,9.386741814278047,5.35426731078905,0.2683843263553409,0.20799785292538917,0.020128824476650563,
141,6.213097155126141,14.949006977992486,39.110305958132045,6.481481481481482,3.515834675254965,10.802469135802468,0.3153515834675255,12.97638217928073,5.307300053676865,0.2683843263553409,0.06038647342995169,,
142,6.3070316693505095,14.9020397208803,39.01637144390767,6.159420289855072,3.5963499731615673,10.446859903381643,0.644122383252818,12.97638217928073,5.287171229200215,0.2683843263553409,0.39586688137412773,,
143,6.226516371443908,14.88191089640365,38.84192163177671,5.931293612453032,3.69699409554482,10.426731078904991,0.5770263016639828,13.553408480944713,5.24020397208803,0.2683843263553409,0.35560923242082665,,
144,6.246645195920558,14.88191089640365,38.73456790123457,5.931293612453032,3.69699409554482,10.420021470746109,0.5770263016639828,13.553408480944713,5.3341384863123995,0.2683843263553409,0.35560923242082665,,
145,6.360708534621578,14.841653247450349,38.6808910359635,5.931293612453032,3.6902844873859366,10.446859903381643,0.5770263016639828,13.553408480944713,5.293880837359098,0.2683843263553409,0.35560923242082665,,
146,6.642512077294686,14.76784755770263,38.57353730542136,5.911164787976382,3.6634460547504024,10.433440687063875,0.5770263016639828,13.519860440150294,5.287171229200215,0.2683843263553409,0.35560923242082665,,
147,6.890767579173376,14.741009125067096,38.439345142243695,5.911164787976382,3.6097691894793345,10.433440687063875,0.5770263016639828,13.479602791196994,5.314009661835748,0.24825550187869028,0.35560923242082665,,
148,6.66935050993022,14.526301663982823,38.87546967257112,5.911164787976382,3.797638217928073,10.433440687063875,0.5770263016639828,13.47289318303811,5.132850241545894,0.24825550187869028,0.35560923242082665,,
149,6.816961889425658,14.378690284487385,38.788244766505635,5.911164787976382,3.9184111647879765,10.420021470746109,0.5770263016639828,13.459473966720344,5.12614063338701,0.24825550187869028,0.35560923242082665,,
150,6.8035426731078905,14.338432635534085,37.59393451422437,5.911164787976382,5.387815351583468,10.413311862587225,0.5770263016639828,13.20450885668277,5.166398282340311,0.24825550187869028,0.35560923242082665,,
151,7.0383789586688135,14.197530864197532,37.52012882447665,6.025228126677402,5.35426731078905,10.373054213633925,0.5770263016639828,13.16425120772947,5.146269457863661,0.24825550187869028,0.35560923242082665,,
152,7.105475040257649,14.143853998926463,37.52012882447665,6.025228126677402,5.340848094471283,10.373054213633925,0.5770263016639828,13.16425120772947,5.146269457863661,0.24825550187869028,0.35560923242082665,,
153,7.199409554482019,14.110305958132045,37.23161567364466,5.998389694041868,5.340848094471283,10.373054213633925,0.5770263016639828,13.137412775093935,5.401234567901234,0.27509393451422437,0.35560923242082665,,
154,7.313472893183038,14.076757917337627,36.70826623725174,5.978260869565218,5.428073000536768,10.34621578099839,0.5434782608695652,13.030059044551798,5.736714975845411,0.4562533548040794,0.3824476650563607,,
155,6.843800322061192,9.312936124530328,48.107890499194845,5.9447128287707995,4.87788513150832,5.9514224369296835,0.5434782608695652,12.144390767579173,5.9514224369296835,0.30193236714975846,0.020128824476650563,,
156,7.004830917874396,9.29951690821256,47.64492753623188,5.9447128287707995,4.87788513150832,5.971551261406334,0.5434782608695652,12.13768115942029,6.253354804079442,0.30193236714975846,0.020128824476650563,,
157,7.125603864734299,9.292807300053678,47.557702630166396,5.9447128287707995,4.864465915190553,5.971551261406334,0.5434782608695652,12.097423510466989,6.253354804079442,0.32877079978529256,0.020128824476650563,,
158,7.333601717659689,9.272678475577026,47.396672034353195,5.9447128287707995,4.85775630703167,5.971551261406334,0.5434782608695652,12.090713902308105,6.246645195920558,0.322061191626409,0.020128824476650563,,
159,7.5348899624261945,9.245840042941492,46.77938808373591,5.938003220611916,4.830917874396135,5.904455179817498,0.5434782608695652,12.02361782071927,6.790123456790123,0.38915727321524424,0.020128824476650563,,
160,7.601986044015029,9.05126140633387,46.37010198604401,5.931293612453032,5.065754159957058,5.877616747181965,0.5434782608695652,12.02361782071927,7.125603864734299,0.38915727321524424,0.020128824476650563,,
161,7.709339774557166,8.99087493290392,46.175523349436396,5.931293612453032,5.112721417069243,5.877616747181965,0.5434782608695652,11.963231347289318,7.286634460547504,0.38915727321524424,0.020128824476650563,,
162,7.7831454643048845,8.99087493290392,45.00805152979066,5.931293612453032,5.0993022007514766,5.850778314546431,0.5434782608695652,11.963231347289318,8.393719806763285,0.38915727321524424,0.04696725711218465,,
163,7.454374664519592,8.957326892109501,36.48684916800859,5.917874396135265,3.770799785292539,5.850778314546431,0.5434782608695652,22.886473429951693,7.729468599033816,0.35560923242082665,0.04696725711218465,,
164,7.548309178743962,8.93719806763285,36.151368760064415,5.917874396135265,3.770799785292539,5.850778314546431,0.5434782608695652,22.71202361782072,7.937466451959206,0.5837359098228664,0.04696725711218465,,
165,7.796564680622652,8.917069243156199,35.75550187869028,5.810520665593129,3.750670960815888,5.850778314546431,0.5434782608695652,22.71202361782072,8.232689210950081,0.5837359098228664,0.04696725711218465,,
166,7.897208803005904,8.903650026838433,35.648148148148145,5.810520665593129,3.784219001610306,5.810520665593129,0.5434782608695652,22.685185185185187,8.266237251744498,0.6038647342995169,0.04696725711218465,,
167,7.937466451959206,8.890230810520666,35.52066559312936,5.810520665593129,3.784219001610306,5.9514224369296835,0.5434782608695652,22.5979602791197,8.28636607622115,0.630703166935051,0.04696725711218465,,
168,8.044820182501342,8.890230810520666,35.487117552334944,5.810520665593129,3.7573805689747717,5.9514224369296835,0.5434782608695652,22.571121846484164,8.266237251744498,0.630703166935051,0.04696725711218465,,
169,8.038110574342458,8.863392377885132,34.82957595276436,5.810520665593129,3.8311862587224907,6.702898550724638,0.5434782608695652,22.48389694041868,8.239398819108963,0.630703166935051,0.026838432635534086,,
170,8.125335480407944,8.836553945249598,34.76247987117552,5.850778314546431,3.81105743424584,6.689479334406871,0.5703166935050993,22.48389694041868,8.21256038647343,0.630703166935051,0.026838432635534086,,
171,8.279656468062266,8.816425120772946,34.695383789586685,5.971551261406334,3.898282340311326,7.011540526033279,0.5703166935050993,22.088030059044552,8.011272141706923,0.630703166935051,0.026838432635534086,,
172,8.373590982286634,8.816425120772946,34.628287707997856,5.931293612453032,3.898282340311326,7.011540526033279,0.5703166935050993,22.067901234567902,8.044820182501342,0.630703166935051,0.026838432635534086,,
173,8.272946859903382,8.809715512614064,36.252012882447666,5.83064949006978,3.898282340311326,6.964573268921095,0.5636070853462157,21.088298443370906,7.816693505099302,0.47638217928073,0.026838432635534086,,
174,7.991143317230274,6.246645195920558,36.18491680085883,9.426999463231347,3.616478797638218,6.629092860976919,0.5636070853462157,21.034621578099838,7.803274288781535,0.47638217928073,0.026838432635534086,,
175,8.051529790660226,6.219806763285024,35.44685990338164,9.494095544820183,4.314278046162104,6.608964036500268,0.5904455179817498,20.779656468062264,7.997852925389157,0.4428341384863124,0.026838432635534086,0.026838432635534086,
176,8.11862587224906,6.1929683306494905,35.34621578099839,9.480676328502415,4.341116478797638,6.595544820182502,0.5904455179817498,20.71256038647343,8.125335480407944,0.4428341384863124,0.026838432635534086,0.026838432635534086,
177,8.158883521202362,6.172839506172839,34.735641438539986,9.480676328502415,5.5756843800322065,6.568706387546968,0.5904455179817498,20.101986044015028,8.11862587224906,0.4428341384863124,0.026838432635534086,0.026838432635534086,
178,8.272946859903382,6.172839506172839,34.628287707997856,9.473966720343531,5.5756843800322065,6.568706387546968,0.5904455179817498,20.101986044015028,8.11862587224906,0.4428341384863124,0.026838432635534086,0.026838432635534086,
179,8.36688137412775,6.152710681696189,34.46725711218465,9.473966720343531,5.669618894256575,6.501610305958132,0.5904455179817498,20.02818035426731,8.07836822329576,0.6172839506172839,0.026838432635534086,0.026838432635534086,
180,8.57487922705314,6.125872249060655,34.42028985507246,9.433709071390231,5.622651637144391,6.474771873322598,0.5904455179817498,19.940955448201827,8.064949006977992,0.6977992485238862,0.026838432635534086,0.026838432635534086,
181,8.641975308641975,6.125872249060655,34.40016103059581,9.380032206119163,5.595813204508857,6.515029522275899,0.5904455179817498,19.93424584004294,8.064949006977992,0.6977992485238862,0.026838432635534086,0.026838432635534086,
182,8.756038647342995,6.125872249060655,34.21900161030596,10.245571658615138,5.555555555555555,5.857487922705314,0.5904455179817498,19.598765432098766,8.111916264090176,0.6977992485238862,0.2147074610842727,0.026838432635534086,
183,8.930488459473967,6.125872249060655,34.12506709608159,10.178475577026301,5.548845947396672,5.8172302737520125,0.5904455179817498,19.592055823939884,8.111916264090176,0.6977992485238862,0.2549651100375738,0.026838432635534086,
184,9.091519055287172,6.119162640901771,34.07809983896941,10.151637144390767,5.548845947396672,5.790391841116479,0.5904455179817498,19.51154052603328,8.085077831454644,0.7514761137949544,0.2549651100375738,0.026838432635534086,
185,9.185453569511541,6.119162640901771,34.004294149221685,10.104669887278583,5.548845947396672,5.891035963499732,0.5904455179817498,19.49141170155663,8.031400966183575,0.7514761137949544,0.2549651100375738,0.026838432635534086,
186,9.29951690821256,6.119162640901771,33.964036500268385,10.091250670960816,5.548845947396672,5.891035963499732,0.5904455179817498,19.43102522812668,8.004562533548041,0.7783145464304885,0.2549651100375738,0.026838432635534086,
187,9.426999463231347,6.099033816425121,33.89694041867955,10.050993022007514,5.542136339237788,5.891035963499732,0.5904455179817498,18.99490069779925,7.991143317230274,1.2077294685990339,0.2549651100375738,0.026838432635534086,0.026838432635534086
188,9.500805152979066,6.078904991948471,33.823134728931834,10.050993022007514,5.595813204508857,5.877616747181965,0.5636070853462157,18.99490069779925,7.997852925389157,1.2077294685990339,0.2549651100375738,0.026838432635534086,0.026838432635534086
189,9.534353193773484,6.031937734836285,33.756038647343,9.950348899624261,5.595813204508857,6.099033816425121,0.5636070853462157,18.988191089640367,8.017981749865807,1.1540526033279657,0.2549651100375738,0.026838432635534086,0.026838432635534086
