,45,50,53,51,55,52,54,56,57,58
0,92.81400966183575,7.185990338164252,,,,,,,,
1,83.73590982286635,16.264090177133657,,,,,,,,
2,82.87037037037037,17.12962962962963,,,,,,,,
3,82.90391841116478,16.861245303274288,0.23483628556092323,,,,,,,
4,79.68330649490069,18.4849704777241,0.23483628556092323,1.442565754159957,0.15432098765432098,,,,,
5,75.41599570585078,22.75228126677402,0.23483628556092323,1.442565754159957,0.15432098765432098,,,,,
6,72.98711755233495,25.181159420289855,0.23483628556092323,1.442565754159957,0.15432098765432098,,,,,
7,70.26972624798712,28.14009661835749,,1.4358561460010735,0.15432098765432098,,,,,
8,70.30998389694042,26.623725174449813,,2.844873859366613,0.2214170692431562,,,,,
9,70.41062801932367,26.422436929683307,,2.2208803005904456,0.2214170692431562,0.6776704240472357,0.04696725711218465,,,
10,61.89613526570049,34.72222222222222,0.2147074610842727,2.2208803005904456,0.2214170692431562,0.6776704240472357,0.04696725711218465,,,
11,57.749597423510465,39.10359634997316,,2.2208803005904456,0.2214170692431562,0.6575415995705851,0.04696725711218465,,,
12,52.17391304347826,42.70665593129361,,4.045893719806763,0.36902844873859364,0.6575415995705851,0.04696725711218465,,,
13,49.000268384326354,44.867149758454104,,5.059044551798175,0.36902844873859364,0.6575415995705851,0.04696725711218465,,,
14,44.6256038647343,50.15432098765432,,4.830917874396135,0.2147074610842727,0.1274825550187869,0.04696725711218465,,,
15,44.7463768115942,43.19645732689211,,11.81561996779388,0.06709608158883522,0.1274825550187869,0.04696725711218465,,,
16,44.87385936661299,43.12936124530327,,11.75523349436393,0.06709608158883522,0.1274825550187869,0.04696725711218465,,,
17,44.22302737520129,40.02952227589909,,15.505904455179817,0.06709608158883522,0.1274825550187869,0.04696725711218465,,,
18,41.29092860976919,38.62721417069243,,19.699409554482017,0.20799785292538917,0.1274825550187869,0.04696725711218465,,,
19,40.64680622651637,36.91626409017714,,19.665861513687602,0.20799785292538917,2.5161030595813205,0.04696725711218465,,,
20,38.67418142780462,39.29817498658078,,19.256575415995705,0.20799785292538917,2.5161030595813205,0.04696725711218465,,,
21,36.94981213097155,27.65029522275899,,29.663177670424048,0.41599570585077833,5.273752012882448,0.04696725711218465,,,
22,36.90955448201825,23.832528180354267,,34.01771336553945,0.41599570585077833,4.777241009125067,0.04696725711218465,,,
23,36.312399355877616,24.422973698336016,,36.44659151905529,0.41599570585077833,2.3550724637681157,0.04696725711218465,,,
24,36.40633387010199,24.402844873859365,,36.32581857219538,0.41599570585077833,2.3550724637681157,0.04696725711218465,0.04696725711218465,,
25,36.58749329039184,24.362587224906065,,36.18491680085883,0.41599570585077833,2.3550724637681157,0.04696725711218465,0.04696725711218465,,
26,36.11782071926999,24.50348899624262,0.7917337627482555,35.37976382179281,0.41599570585077833,2.3550724637681157,0.38915727321524424,0.04696725711218465,,
27,36.312399355877616,24.496779388083738,0.7917337627482555,35.19189479334407,0.41599570585077833,2.3550724637681157,0.38915727321524424,0.04696725711218465,,
28,36.50697799248524,24.44981213097155,0.7917337627482555,34.90338164251208,0.41599570585077833,2.3550724637681157,0.38915727321524424,0.1878690284487386,,
29,28.247450348899623,48.329307568438004,0.785024154589372,20.39049919484702,0.27509393451422437,1.442565754159957,0.3421900161030596,0.1878690284487386,,
30,27.911969940955448,48.13472893183038,0.785024154589372,16.14331723027375,0.27509393451422437,6.219806763285024,0.3421900161030596,0.1878690284487386,,
31,27.965646806226516,48.060923242082666,0.785024154589372,16.13660762211487,0.27509393451422437,6.206387546967257,0.3421900161030596,0.2281266774020397,,
32,28.093129361245303,47.95356951154053,0.785024154589372,16.129898013955984,0.2616747181964573,6.206387546967257,0.3421900161030596,0.2281266774020397,,
33,27.697262479871174,42.90794417606012,,14.237788513150832,0.2616747181964573,14.325013419216317,0.3421900161030596,0.2281266774020397,,
34,27.91867954911433,42.70665593129361,,13.774825550187868,0.2616747181964573,14.76784755770263,0.3421900161030596,0.2281266774020397,,
35,28.08641975308642,42.693236714975846,,13.761406333870102,0.2616747181964573,14.626945786366075,0.3421900161030596,0.2281266774020397,,
36,28.28099838969404,42.51878690284487,,13.741277509393452,0.2616747181964573,14.626945786366075,0.3421900161030596,0.2281266774020397,,
37,21.73913043478261,46.222490606548575,,8.467525496511003,0.2616747181964573,22.73886205045625,0.3421900161030596,0.2281266774020397,,
38,19.753086419753085,41.02925389157273,,8.205850778314547,0.18115942028985507,30.26033279656468,0.3421900161030596,0.2281266774020397,,
39,20.02818035426731,40.915190552871714,,8.205850778314547,0.18115942028985507,30.099302200751477,0.3421900161030596,0.2281266774020397,,
40,14.841653247450349,48.76543209876543,,7.4208266237251745,0.18115942028985507,28.56280193236715,,0.2281266774020397,,
41,14.80810520665593,45.309983896940416,,6.998121309715513,0.6575415995705851,32.018250134192165,,0.20799785292538917,,
42,14.949006977992486,44.00161030595813,,6.951154052603328,1.90552871712292,31.984702093397747,,0.20799785292538917,,
43,13.915727321524423,43.243424584004295,0.2885131508319914,10.238862050456254,1.7914653784219001,30.314009661835748,,0.20799785292538917,,
44,14.023081052066559,38.459473966720346,3.4151905528717124,10.131508319914117,3.4621578099838968,30.300590445517983,,0.20799785292538917,,
45,13.774825550187868,31.5552871712292,3.4151905528717124,8.863392377885132,4.951690821256038,37.23161567364466,,0.20799785292538917,,
46,14.036500268384327,31.45464304884595,3.3816425120772946,8.863392377885132,4.951690821256038,37.104133118625874,,0.20799785292538917,,
47,13.83521202361782,29.21363392377885,3.374932903918411,8.84326355340848,4.924852388620504,39.60010735373054,,0.20799785292538917,,
48,13.808373590982287,29.052603327965645,3.374932903918411,7.85024154589372,5.092592592592593,40.61325818572195,,0.20799785292538917,,
49,14.023081052066559,28.985507246376812,3.374932903918411,7.843531937734836,5.092592592592593,40.41867954911433,,0.20799785292538917,0.05367686527106817,
50,14.06333870101986,28.985507246376812,3.374932903918411,7.843531937734836,5.065754159957058,40.405260332796566,,0.20799785292538917,0.05367686527106817,
51,13.982823403113258,27.361782071927,5.495169082125604,7.742887815351583,2.9253891572732154,42.230273752012884,,0.20799785292538917,0.05367686527106817,
52,14.244498121309716,27.334943639291467,5.495169082125604,7.6556629092860975,3.2742887815351582,41.7337627482555,,0.20799785292538917,0.05367686527106817,
53,14.210950080515298,26.724369296833064,5.448201825013419,7.64224369296833,3.2742887815351582,40.653515834675254,1.8384326355340848,0.20799785292538917,,
54,13.177670424047236,22.665056360708533,5.448201825013419,6.769994632313473,3.180354267310789,46.71229200214707,1.8384326355340848,0.20799785292538917,,
55,13.291733762748256,22.65163714439077,5.434782608695652,6.729736983360172,2.8784219001610305,46.47074610842727,1.8384326355340848,0.7045088566827697,,
56,13.47289318303811,22.571121846484164,5.434782608695652,6.729736983360172,2.8784219001610305,46.262748255501876,1.8384326355340848,0.7045088566827697,0.10735373054213634,
57,13.613794954374665,22.23564143853999,5.381105743424584,6.689479334406871,2.6838432635534084,44.75308641975309,3.8311862587224907,0.7045088566827697,0.10735373054213634,
58,13.768115942028986,22.22222222222222,5.381105743424584,6.66935050993022,2.6838432635534084,44.50483091787439,3.8311862587224907,0.7045088566827697,0.23483628556092323,
59,13.996242619431026,22.134997316156735,5.367686527106817,6.642512077294686,2.6502952227589907,44.36392914653784,3.824476650563607,0.7045088566827697,0.3153515834675255,
60,14.023081052066559,22.36983360171766,5.360976918947934,6.629092860976919,2.6033279656468062,44.256575415995705,3.7372517444981215,0.7045088566827697,0.3153515834675255,
61,14.298174986580785,22.262479871175522,5.360976918947934,6.608964036500268,2.6033279656468062,44.10896403650027,3.7372517444981215,0.7045088566827697,0.3153515834675255,
62,14.318303811057435,22.262479871175522,5.360976918947934,6.608964036500268,2.6033279656468062,44.08883521202362,3.7372517444981215,0.7045088566827697,0.3153515834675255,
63,14.38539989264627,22.249060654857757,5.360976918947934,6.608964036500268,2.6033279656468062,43.954643048845945,3.7372517444981215,0.7045088566827697,0.39586688137412773,
64,14.40552871712292,20.88030059044552,5.360976918947934,6.528448738593666,2.6033279656468062,45.511272141706925,3.7372517444981215,0.7045088566827697,0.2683843263553409,
65,9.856414385399892,28.24074074074074,4.797369833601718,4.99194847020934,2.26784755770263,44.38405797101449,3.7372517444981215,0.5501878690284487,1.1741814278046163,
66,9.91009125067096,25.99302200751476,4.797369833601718,4.99194847020934,4.468599033816425,44.37734836285561,3.7372517444981215,0.5501878690284487,1.1741814278046163,
67,10.144927536231885,25.95276435856146,4.797369833601718,4.9718196457326895,4.468599033816425,44.20289855072464,3.7372517444981215,0.5501878690284487,1.1741814278046163,
68,10.131508319914117,25.89237788513151,4.797369833601718,4.9718196457326895,4.40150295222759,42.62614063338701,4.87788513150832,1.1808910359634996,1.1205045625335481,
69,10.319377348362856,25.731347289318304,4.797369833601718,4.944981213097155,4.40150295222759,43.37090713902308,4.87788513150832,1.1808910359634996,0.3757380568974772,
70,10.205314009661835,25.51663982823403,5.146269457863661,5.119431025228127,4.2270531400966185,43.022007514761135,5.22007514761138,1.1674718196457328,0.3757380568974772,
71,10.292538915727322,25.47638217928073,5.139559849704777,5.0791733762748255,4.2270531400966185,43.022007514761135,5.22007514761138,1.1674718196457328,0.3757380568974772,
72,10.305958132045088,24.50348899624262,5.132850241545894,4.253891572732153,4.213633923778851,45.1556629092861,4.998658078368224,1.1674718196457328,0.2683843263553409,
73,10.466988727858293,24.456521739130434,5.112721417069243,4.240472356414386,4.206924315619967,45.088566827697264,4.998658078368224,1.1674718196457328,0.2616747181964573,
74,9.460547504025765,33.62855609232421,2.8784219001610305,4.066022544283414,4.206924315619967,41.10976918947934,3.2206119162640903,1.1674718196457328,0.2616747181964573,
75,9.574610842726784,33.58829844337091,2.8784219001610305,4.066022544283414,4.200214707461084,41.0426731078905,3.2206119162640903,1.1674718196457328,0.2616747181964573,
76,9.634997316156737,32.43424584004294,2.871712292002147,4.066022544283414,3.9855072463768115,41.98201825013419,3.2206119162640903,1.1674718196457328,0.6374127750939346,
77,8.57487922705314,30.931293612453032,2.871712292002147,14.023081052066559,3.9452495974235107,35.80246913580247,2.677133655394525,0.5367686527106817,0.6374127750939346,
78,8.856682769726248,30.776972624798713,2.871712292002147,13.982823403113258,3.9452495974235107,35.71524422973698,2.677133655394525,0.5367686527106817,0.6374127750939346,
79,8.930488459473967,30.723295759527645,2.871712292002147,13.982823403113258,3.9318303811057436,35.7085346215781,2.677133655394525,0.5367686527106817,0.6374127750939346,
80,9.024422973698336,30.656199677938808,2.871712292002147,13.94927536231884,3.844605475040258,36.312399355877616,2.657004830917874,0.04696725711218465,0.6374127750939346,
81,9.098228663446054,30.62265163714439,2.871712292002147,13.94927536231884,3.844605475040258,36.29898013955985,2.6301663982823404,0.04696725711218465,0.6374127750939346,
82,9.245840042941492,30.62265163714439,2.871712292002147,13.942565754159958,3.844605475040258,36.15807836822329,2.6301663982823404,0.04696725711218465,0.6374127750939346,
83,9.46725711218465,30.56226516371444,2.8515834675254963,13.902308105206655,3.824476650563607,36.08427267847558,2.623456790123457,0.04696725711218465,0.6374127750939346,
84,9.621578099838969,30.48174986580784,2.8515834675254963,13.88888888888889,3.824476650563607,36.03730542136339,2.623456790123457,0.04696725711218465,0.6239935587761675,
85,9.27938808373591,30.454911433172303,2.8515834675254963,22.61808910359635,3.515834675254965,28.81105743424584,2.086688137412775,0.13419216317767044,0.24825550187869028,
86,8.454106280193237,30.293880837359097,2.844873859366613,25.986312399355878,3.515834675254965,26.462694578636608,2.059849704777241,0.13419216317767044,0.24825550187869028,
87,8.742619431025227,29.643048845947398,2.844873859366613,25.95276435856146,3.9318303811057436,26.462694578636608,2.0397208803005906,0.13419216317767044,0.24825550187869028,
88,8.93719806763285,29.528985507246375,2.844873859366613,25.885668276972623,4.005636070853462,26.37546967257112,2.0397208803005906,0.13419216317767044,0.24825550187869028,
89,8.172302737520129,24.89935587761675,2.49597423510467,32.05179817498658,1.415727321524423,28.63660762211487,1.6975308641975309,0.5434782608695652,0.08722490606548577,
90,8.172302737520129,22.38996242619431,5.072463768115942,31.414385399892645,1.415727321524423,28.63660762211487,1.6975308641975309,1.1137949543746646,0.08722490606548577,
91,8.32662372517445,22.363123993558776,5.065754159957058,31.367418142780462,1.415727321524423,28.56280193236715,1.6975308641975309,1.1137949543746646,0.08722490606548577,
92,8.440687063875469,22.322866344605476,4.985238862050457,31.320450885668276,1.4090177133655395,28.502415458937197,1.6975308641975309,1.2345679012345678,0.08722490606548577,
93,8.608427267847558,22.24235104669887,4.985238862050457,31.320450885668276,1.4090177133655395,28.415190552871714,1.6975308641975309,1.2345679012345678,0.08722490606548577,
94,9.098228663446054,22.20209339774557,4.918142780461621,31.239935587761675,1.4090177133655395,28.113258185721953,1.6975308641975309,1.2345679012345678,0.08722490606548577,
95,8.581588835212024,21.692163177670423,4.891304347826087,35.238862050456255,1.3955984970477724,25.214707461084274,1.6975308641975309,1.2010198604401503,0.08722490606548577,
96,8.715780998389693,21.658615136876005,4.891304347826087,35.15163714439077,1.3955984970477724,25.087224906065487,1.6975308641975309,1.2010198604401503,0.20128824476650564,
97,6.273483628556092,31.82367149758454,4.193505099302201,32.05179817498658,1.1272141706924315,23.121309715512613,0.10064412238325282,1.2010198604401503,0.10735373054213634,
98,6.561996779388084,31.66935050993022,4.1532474503489,32.00483091787439,1.1272141706924315,23.07434245840043,0.10064412238325282,1.2010198604401503,0.10735373054213634,
99,6.870638754696726,31.548577563070317,4.1532474503489,31.85721953837896,1.1272141706924315,23.03408480944713,0.10064412238325282,1.2010198604401503,0.10735373054213634,
100,7.03166935050993,31.52173913043478,4.1532474503489,31.790123456790123,1.1272141706924315,22.966988727858293,0.10064412238325282,1.2010198604401503,0.10735373054213634,
101,7.179280730005368,31.4345142243693,4.146537842190016,31.756575415995705,1.1272141706924315,22.946859903381643,0.10064412238325282,1.2010198604401503,0.10735373054213634,
102,7.440955448201825,31.28690284487386,4.052603327965647,31.57541599570585,1.2412775093934514,22.852925389157274,0.10064412238325282,1.3419216317767042,0.10735373054213634,
103,7.548309178743962,31.280193236714975,3.8915727321524423,31.53515834675255,1.2412775093934514,22.79253891572732,0.2616747181964573,1.3419216317767042,0.10735373054213634,
104,7.722758990874933,31.219806763285025,3.8915727321524423,30.96484165324745,1.2412775093934514,22.758990874932906,0.2616747181964573,1.8317230273752012,0.10735373054213634,
105,8.017981749865807,31.15271068169619,3.797638217928073,30.66290928609769,1.2412775093934514,22.638217928073,0.2616747181964573,2.120236178207193,0.10735373054213634,
106,8.158883521202362,31.0654857756307,3.797638217928073,30.649490069779926,1.2412775093934514,22.5979602791197,0.2616747181964573,2.120236178207193,0.10735373054213634,
107,8.333333333333334,30.9849704777241,3.797638217928073,30.56897477187332,1.2412775093934514,22.584541062801932,0.2616747181964573,2.120236178207193,0.10735373054213634,
108,8.527911969940956,30.756843800322063,3.797638217928073,30.48845947396672,1.3553408480944713,22.584541062801932,0.2616747181964573,2.120236178207193,0.10735373054213634,
109,8.856682769726248,30.595813204508858,3.717122920021471,30.454911433172303,1.3419216317767042,22.544283413848632,0.2616747181964573,2.120236178207193,0.10735373054213634,
110,8.93719806763285,30.535426731078903,3.717122920021471,30.314009661835748,1.3419216317767042,22.544283413848632,0.2616747181964573,2.2410091250670963,0.10735373054213634,
111,9.16532474503489,30.44820182501342,3.7037037037037037,30.273752012882447,1.328502415458937,22.477187332259795,0.2616747181964573,2.2410091250670963,0.10064412238325282,
112,9.426999463231347,30.340848094471284,3.7037037037037037,30.16639828234031,1.328502415458937,22.430220075147613,0.2616747181964573,2.2410091250670963,0.10064412238325282,
113,9.708803005904455,30.280461621041333,3.6500268384326353,30.059044551798173,1.328502415458937,22.36983360171766,0.2616747181964573,2.2410091250670963,0.10064412238325282,
114,9.863123993558776,30.233494363929147,3.6500268384326353,30.03220611916264,1.328502415458937,22.114868491680085,0.2616747181964573,2.4154589371980677,0.10064412238325282,
115,10.044283413848632,30.17981749865808,3.6500268384326353,29.944981213097154,1.328502415458937,22.088030059044552,0.2616747181964573,2.4020397208803006,0.10064412238325282,
116,10.084541062801932,30.152979066022546,3.643317230273752,29.74369296833065,1.6975308641975309,21.940418679549115,0.2616747181964573,2.26784755770263,0.20799785292538917,
117,10.010735373054214,30.139559849704778,3.603059581320451,29.69001610305958,1.724369296833065,22.094739667203434,0.2616747181964573,2.26784755770263,0.20799785292538917,
118,10.225442834138486,30.018786902844873,3.603059581320451,29.61621041331186,1.710950080515298,21.772678475577028,0.2616747181964573,2.5831991411701556,0.20799785292538917,
119,10.279119699409554,29.64975845410628,3.603059581320451,29.59608158883521,2.1604938271604937,21.62506709608159,0.2616747181964573,2.5496511003757383,0.27509393451422437,
120,10.38647342995169,29.55582393988191,3.5628019323671496,29.562533548040793,2.1604938271604937,21.43719806763285,0.2616747181964573,2.8650026838432634,0.20799785292538917,
121,10.520665593129362,29.388083735909824,3.5628019323671496,29.528985507246375,2.254428341384863,21.410359634997317,0.2616747181964573,2.8650026838432634,0.20799785292538917,
122,10.668276972624799,28.985507246376812,3.5628019323671496,29.455179817498657,2.5831991411701556,21.410359634997317,0.2616747181964573,2.8650026838432634,0.20799785292538917,
123,10.755501878690284,28.951959205582394,3.5628019323671496,29.428341384863124,2.5831991411701556,21.38352120236178,0.2616747181964573,2.8650026838432634,0.20799785292538917,
124,10.916532474503489,28.911701556629094,3.5628019323671496,29.30756843800322,2.5831991411701556,21.38352120236178,0.2616747181964573,2.8650026838432634,0.20799785292538917,
125,10.513955984970478,28.119967793880836,3.5628019323671496,31.588835212023618,2.85829307568438,20.48443370907139,0.2616747181964573,2.4020397208803006,0.20799785292538917,
126,10.420021470746109,28.10654857756307,3.5628019323671496,35.05099302200752,2.8515834675254963,17.143048845947398,0.2616747181964573,2.395330112721417,0.20799785292538917,
127,10.648148148148149,27.95222758990875,3.556092324208266,35.00402576489533,2.8515834675254963,17.122920021470748,0.2616747181964573,2.395330112721417,0.20799785292538917,
128,10.896403650026839,27.771068169618893,3.556092324208266,34.91009125067096,2.945517981749866,17.05582393988191,0.2616747181964573,2.395330112721417,0.20799785292538917,
129,11.231884057971014,27.74422973698336,3.5225442834138487,34.68867418142781,2.945517981749866,17.002147074610843,0.2616747181964573,2.395330112721417,0.20799785292538917,
130,11.399624261943103,27.66371443907676,3.5225442834138487,34.628287707997856,2.945517981749866,16.97530864197531,0.2616747181964573,2.395330112721417,0.20799785292538917,
131,11.305689747718732,25.6105743424584,3.488996242619431,33.04482018250134,3.140096618357488,16.874664519592056,3.9452495974235107,2.38191089640365,0.20799785292538917,
132,11.513687600644122,25.59044551798175,3.488996242619431,32.9777241009125,3.140096618357488,16.80756843800322,3.9184111647879765,2.3550724637681157,0.20799785292538917,
133,11.77536231884058,25.509930220075148,3.488996242619431,32.769726247987116,3.1870638754696725,16.720343531937736,3.9184111647879765,2.4221685453569513,0.20799785292538917,
134,11.963231347289318,25.39586688137413,3.4621578099838968,32.74288781535159,3.166935050993022,16.720343531937736,3.9184111647879765,2.4221685453569513,0.20799785292538917,
135,12.097423510466989,25.39586688137413,3.4286097691894795,32.6959205582394,3.166935050993022,16.666666666666668,3.9184111647879765,2.4221685453569513,0.20799785292538917,
136,12.198067632850242,25.369028448738593,3.4286097691894795,32.35373054213634,3.1602254428341383,16.566022544283413,3.9049919484702094,2.8113258185721954,0.20799785292538917,
137,12.31213097155126,25.301932367149757,3.4286097691894795,32.340311325818575,3.1602254428341383,16.532474503488995,3.9049919484702094,2.8113258185721954,0.20799785292538917,
138,12.392646269457863,25.127482555018787,3.3950617283950617,28.985507246376812,3.1535158346752548,20.055018786902846,3.8848631239935587,2.7979066022544283,0.20799785292538917,
139,12.600644122383253,25.006709608158882,3.361513687600644,28.938539989264626,3.1535158346752548,19.94766505636071,3.878153515834675,2.9052603327965647,0.20799785292538917,
140,11.889425657541599,21.35668276972625,3.361513687600644,27.435587761674718,3.1535158346752548,26.167471819645733,3.878153515834675,2.5496511003757383,0.20799785292538917,
141,11.990069779924852,21.309715512614062,3.361513687600644,27.435587761674718,3.1535158346752548,26.140633387010197,3.878153515834675,2.522812667740204,0.20799785292538917,
142,12.224906065485776,21.22920021470746,3.361513687600644,27.395330112721417,3.1199677938808374,26.073537305421365,3.864734299516908,2.522812667740204,0.20799785292538917,
143,12.238325281803542,20.585077831454644,3.3548040794417604,27.314814814814813,3.9318303811057436,25.99302200751476,3.864734299516908,2.5161030595813205,0.20128824476650564,
144,12.399355877616747,20.538110574342458,3.3548040794417604,27.26784755770263,3.9318303811057436,25.939345142243692,3.864734299516908,2.5026838432635534,0.20128824476650564,
145,11.969940955448202,19.49812130971551,3.280998389694042,26.7914653784219,3.643317230273752,25.39586688137413,6.347289318303811,2.38191089640365,0.6910896403650026,
146,12.06387546967257,19.45786366076221,3.2474503488996245,26.25469672571122,3.643317230273752,25.301932367149757,6.957863660762212,2.38191089640365,0.6910896403650026,
147,12.238325281803542,19.444444444444443,3.2474503488996245,26.20101986044015,3.6366076221148687,25.201288244766506,6.957863660762212,2.38191089640365,0.6910896403650026,
148,12.050456253354804,18.686258722490606,3.3816425120772946,26.167471819645733,3.603059581320451,25.127482555018787,7.9106280193236715,2.38191089640365,0.6910896403650026,
149,12.144390767579173,18.646001073537306,3.3682232957595275,26.160762211486848,3.603059581320451,25.09393451422437,7.9106280193236715,2.38191089640365,0.6910896403650026,
150,12.325550187869029,18.592324208266238,3.3682232957595275,26.10708534621578,3.603059581320451,25.033548040794418,7.9106280193236715,2.38191089640365,0.6776704240472357,
151,12.654320987654321,18.451422436929683,3.3682232957595275,26.02657004830918,3.5829307568438002,24.97987117552335,7.877079978529254,2.38191089640365,0.6776704240472357,
152,12.76838432635534,18.337359098228664,3.3682232957595275,26.02657004830918,3.6902844873859366,24.90606548577563,7.843531937734836,2.38191089640365,0.6776704240472357,
153,12.842190016103059,18.297101449275363,3.3682232957595275,25.664251207729468,3.6902844873859366,24.490069779924852,8.61513687600644,2.3550724637681157,0.6776704240472357,
154,13.01663982823403,18.297101449275363,3.3682232957595275,25.6105743424584,3.6902844873859366,24.402844873859365,8.61513687600644,2.3215244229736984,0.6776704240472357,
155,13.16425120772947,18.209876543209877,3.3682232957595275,25.583735909822867,3.5963499731615673,24.376006441223833,8.61513687600644,2.408749329039184,0.6776704240472357,
156,13.291733762748256,17.934782608695652,3.3682232957595275,25.5300590445518,3.8714439076757916,24.315619967793882,8.588298443370908,2.38191089640365,0.7179280730005367,
157,13.580246913580247,17.921363392377884,3.3682232957595275,25.369028448738593,3.8714439076757916,24.228395061728396,8.561460010735374,2.38191089640365,0.7179280730005367,
158,13.714439076757918,17.921363392377884,3.3682232957595275,25.295222758990874,3.8714439076757916,24.20155662909286,8.527911969940956,2.38191089640365,0.7179280730005367,
159,13.761406333870102,17.914653784219002,3.8848631239935587,25.046967257112186,3.864734299516908,23.698336017176597,8.494363929146537,2.6167471819645733,0.7179280730005367,
160,13.92914653784219,17.901234567901234,3.8848631239935587,24.97987117552335,3.8378958668813743,23.67149758454106,8.494363929146537,2.5831991411701556,0.7179280730005367,
161,14.237788513150832,17.901234567901234,3.851315083199141,24.832259796027913,3.8378958668813743,23.577563070316693,8.467525496511003,2.576489533011272,0.7179280730005367,
162,14.445786366076222,17.847557702630166,3.851315083199141,24.812130971551262,3.8177670424047236,23.463499731615673,8.467525496511003,2.576489533011272,0.7179280730005367,
163,14.479334406870638,17.98845947396672,3.8177670424047236,24.812130971551262,3.8177670424047236,23.450080515297905,8.340042941492216,2.576489533011272,0.7179280730005367,
164,14.63365539452496,17.975040257648953,3.8177670424047236,24.778582930756844,3.8177670424047236,23.403113258185723,8.279656468062266,2.576489533011272,0.7179280730005367,
165,14.88191089640365,17.975040257648953,3.8177670424047236,24.651100375738057,3.8177670424047236,23.309178743961354,8.266237251744498,2.563070316693505,0.7179280730005367,
166,14.99597423510467,17.961621041331185,3.7775093934514223,24.62426194310252,3.81105743424584,23.295759527643586,8.252818035426731,2.563070316693505,0.7179280730005367,
167,15.096618357487923,17.954911433172303,3.743961352657005,24.57729468599034,3.81105743424584,23.289049919484704,8.246108427267847,2.563070316693505,0.7179280730005367,
168,15.257648953301127,17.934782608695652,3.670155662909286,24.4699409554482,3.81105743424584,23.389694041867955,8.21256038647343,2.536231884057971,0.7179280730005367,
169,15.445517981749866,17.921363392377884,3.656736446591519,24.382716049382715,3.81105743424584,23.275630703166936,8.447396672034353,2.341653247450349,0.7179280730005367,
170,15.485775630703166,17.907944176060116,3.656736446591519,24.36929683306495,3.81105743424584,23.1280193236715,8.447396672034353,2.475845410628019,0.7179280730005367,
171,15.526033279656469,17.8743961352657,3.656736446591519,24.282071926999464,3.81105743424584,23.10789049919485,8.433977455716587,2.589908749329039,0.7179280730005367,
172,15.593129361245303,17.860976918947934,3.656736446591519,24.282071926999464,3.81105743424584,23.060923242082662,8.427267847557703,2.589908749329039,0.7179280730005367,
173,15.311325818572195,17.384594739667204,3.656736446591519,22.477187332259795,6.400966183574879,23.040794417606012,8.427267847557703,2.5831991411701556,0.7179280730005367,
174,15.4723564143854,17.310789049919485,3.643317230273752,22.457058507783145,6.400966183574879,23.013955984970476,8.400429414922169,2.5831991411701556,0.7179280730005367,
175,15.613258185721953,17.297369833601717,3.643317230273752,22.416800858829845,6.400966183574879,22.940150295222757,8.400429414922169,2.5697799248523885,0.7179280730005367,
176,15.787707997852925,17.270531400966185,3.6366076221148687,22.416800858829845,6.340579710144928,22.940150295222757,8.373590982286634,2.5161030595813205,0.7179280730005367,
177,15.935319377348362,17.257112184648417,3.603059581320451,22.38996242619431,6.340579710144928,22.893183038110575,8.3467525496511,2.5161030595813205,0.7179280730005367,
178,15.49248523886205,16.847826086956523,6.863929146537842,20.705850778314545,5.803811057434245,23.805689747718734,7.64224369296833,2.120236178207193,0.7179280730005367,
179,15.646806226516372,16.794149221685455,6.863929146537842,20.705850778314545,5.770263016639828,23.752012882447666,7.64224369296833,2.1068169618894257,0.7179280730005367,
180,15.821256038647343,16.760601180891037,6.823671497584541,20.652173913043477,5.770263016639828,23.658078368223297,7.6556629092860975,2.0933977455716586,0.7648953301127214,
181,15.915190552871712,16.72705314009662,6.823671497584541,20.638754696725712,5.770263016639828,23.61111111111111,7.6556629092860975,2.0933977455716586,0.7648953301127214,
182,16.069511540526033,16.70692431561997,6.810252281266774,20.564949006977994,5.770263016639828,23.59098228663446,7.628824476650563,2.0933977455716586,0.7648953301127214,
183,16.1231884057971,16.686795491143318,6.810252281266774,20.564949006977994,5.421363392377885,23.557434245840042,7.977724100912507,2.0933977455716586,0.7648953301127214,
184,16.190284487385938,16.63311862587225,6.810252281266774,20.558239398819108,5.421363392377885,23.557434245840042,7.971014492753623,2.0933977455716586,0.7648953301127214,
185,16.391572732152444,16.606280193236714,6.8035426731078905,20.538110574342458,5.421363392377885,23.443370907139023,7.937466451959206,2.0933977455716586,0.7648953301127214,
186,16.505636070853463,16.59286097691895,6.769994632313473,20.538110574342458,5.407944176060118,23.389694041867955,7.937466451959206,2.0933977455716586,0.7648953301127214,
187,16.55931293612453,16.566022544283413,6.769994632313473,20.538110574342458,5.407944176060118,23.369565217391305,7.937466451959206,2.086688137412775,0.7648953301127214,
188,16.74718196457327,16.552603327965645,6.763285024154589,20.50456253354804,5.253623188405797,23.242082662372518,7.937466451959206,2.2342995169082127,0.7648953301127214,
189,17.01556629092861,16.53918411164788,6.689479334406871,20.471014492753625,5.12614063338701,23.235373054213635,7.924047235641439,2.2342995169082127,0.7648953301127214,
190,17.156468062265162,16.445249597423512,6.689479334406871,20.38378958668814,5.12614063338701,23.201825013419217,7.924047235641439,2.3081052066559313,0.7648953301127214,
191,17.310789049919485,16.404991948470208,6.689479334406871,20.37037037037037,5.12614063338701,23.181696188942567,7.843531937734836,2.3081052066559313,0.7648953301127214,
192,15.458937198067632,16.33118625872249,6.689479334406871,28.133387010198604,4.978529253891573,18.19645732689211,7.326892109500805,2.120236178207193,0.7648953301127214,
193,15.599838969404187,16.297638217928075,6.6760601180891035,28.046162104133117,4.978529253891573,18.189747718733226,7.326892109500805,2.120236178207193,0.7648953301127214,
194,15.83467525496511,16.243961352657006,6.6760601180891035,27.851583467525497,4.978529253891573,18.156199677938808,7.326892109500805,2.167203435319377,0.7648953301127214,
195,15.995705850778315,16.203703703703702,6.6760601180891035,27.791196994095547,4.9651100375738055,18.12265163714439,7.313472893183038,2.167203435319377,0.7648953301127214,
196,16.17686527106817,16.203703703703702,6.629092860976919,27.75764895330113,4.958400429414922,18.035426731078903,7.306763285024155,2.167203435319377,0.7648953301127214,
197,16.183574879227052,16.19699409554482,7.669082125603865,27.361782071927,4.904723564143854,18.015297906602253,7.0450885668276975,1.865271068169619,0.7581857219538379,
198,14.942297369833602,15.076489533011273,6.776704240472356,33.16559312936125,3.656736446591519,16.80756843800322,7.0383789586688135,1.865271068169619,0.6709608158883521,
199,15.063070316693505,15.049651100375739,6.756575415995706,33.15217391304348,3.656736446591519,16.74718196457327,7.0383789586688135,1.865271068169619,0.6709608158883521,
200,15.170424047235642,14.868491680085883,6.749865807836822,33.12533548040794,3.784219001610306,16.72705314009662,7.0383789586688135,1.865271068169619,0.6709608158883521,
201,15.371712292002147,14.861782071927,6.709608158883521,32.54159957058508,3.7775093934514223,16.666666666666668,7.0383789586688135,2.3617820719269993,0.6709608158883521,
202,15.485775630703166,14.848362855609233,6.709608158883521,32.50805152979066,3.7573805689747717,16.6532474503489,7.0383789586688135,2.328234031132582,0.6709608158883521,
203,15.559581320450885,14.848362855609233,6.622383252818035,32.50134192163178,3.844605475040258,16.59957058507783,7.0383789586688135,2.314814814814815,0.6709608158883521,
204,15.673644659151906,14.794685990338165,6.622383252818035,32.46779388083736,3.844605475040258,16.57944176060118,7.0383789586688135,2.3081052066559313,0.6709608158883521,
205,15.687063875469672,14.707461084272678,6.622383252818035,31.850509930220074,4.40150295222759,16.23054213633924,7.011540526033279,2.818035426731079,0.6709608158883521,
206,15.888352120236178,14.63365539452496,6.622383252818035,31.830381105743424,4.374664519592056,16.183574879227052,7.011540526033279,2.7844873859366612,0.6709608158883521,
207,15.96886741814278,14.53972088030059,6.622383252818035,31.769994632313473,4.374664519592056,16.029253891572733,6.991411701556629,3.0327428878153517,0.6709608158883521,
208,16.069511540526033,14.53972088030059,6.273483628556092,31.682769726247987,4.374664519592056,15.98899624261943,6.984702093397746,3.0327428878153517,0.6709608158883521,0.3824476650563607
209,16.150026838432634,14.51959205582394,6.246645195920558,31.5955448201825,4.374664519592056,15.98899624261943,7.239667203435319,2.831454643048846,0.6709608158883521,0.3824476650563607
210,16.324476650563607,14.512882447665056,6.1929683306494905,31.447933440687063,4.341116478797638,15.901771336553946,7.125603864734299,3.099838969404187,0.6709608158883521,0.3824476650563607
211,16.57944176060118,14.506172839506172,6.105743424584004,31.300322061191626,4.341116478797638,15.901771336553946,7.098765432098766,3.066290928609769,0.6709608158883521,0.4294149221685454
212,16.780730005367687,14.432367149758454,6.099033816425121,31.219806763285025,4.341116478797638,15.861513687600644,7.098765432098766,3.066290928609769,0.6709608158883521,0.4294149221685454
213,16.921631776704242,14.398819108964037,6.099033816425121,31.17283950617284,4.341116478797638,15.801127214170693,7.098765432098766,3.066290928609769,0.6709608158883521,0.4294149221685454
214,17.14975845410628,14.331723027375201,6.085614600107354,31.07890499194847,4.334406870638754,15.767579173376275,7.085346215780999,3.066290928609769,0.6709608158883521,0.4294149221685454
215,17.391304347826086,14.257917337627482,6.0587761674718195,30.88432635534085,4.30756843800322,15.747450348899624,7.051798174986581,3.2004830917874396,0.6709608158883521,0.4294149221685454
216,17.51207729468599,14.237788513150832,6.0587761674718195,30.823939881910896,4.30756843800322,15.734031132581856,7.051798174986581,3.1736446591519054,0.6709608158883521,0.4294149221685454
217,17.639559849704778,14.237788513150832,6.0587761674718195,30.776972624798713,4.30756843800322,15.593129361245303,7.0383789586688135,3.1535158346752548,0.7648953301127214,0.4294149221685454
218,17.66639828234031,14.237788513150832,6.031937734836285,30.776972624798713,4.30756843800322,15.593129361245303,7.0383789586688135,3.1535158346752548,0.7648953301127214,0.4294149221685454
219,17.793880837359097,14.224369296833064,6.005099302200751,30.71658615136876,4.448470209339774,15.479066022544284,7.018250134192163,3.1199677938808374,0.7648953301127214,0.4294149221685454
220,17.62614063338701,14.224369296833064,7.347020933977456,30.17981749865808,4.126409017713366,15.271068169618895,7.018250134192163,3.012614063338701,0.7648953301127214,0.4294149221685454
221,17.733494363929147,14.190821256038648,7.595276435856146,30.119431025228128,4.072732152442297,15.069779924852389,7.018250134192163,3.0059044551798175,0.7648953301127214,0.4294149221685454
222,17.800590445517983,14.190821256038648,7.595276435856146,30.08588298443371,4.072732152442297,15.049651100375739,7.004830917874396,3.0059044551798175,0.7648953301127214,0.4294149221685454
223,17.827428878153516,14.143853998926463,7.595276435856146,30.059044551798173,4.206924315619967,15.022812667740205,6.984702093397746,3.0059044551798175,0.7246376811594203,0.4294149221685454
224,18.00187869028449,14.110305958132045,7.555018786902845,30.059044551798173,4.206924315619967,14.928878153515834,6.977992485238862,3.0059044551798175,0.7246376811594203,0.4294149221685454
225,18.04884594739667,14.103596349973161,7.521470746108427,30.04562533548041,4.200214707461084,14.841653247450349,7.078636607622115,3.0059044551798175,0.7246376811594203,0.4294149221685454
226,18.10252281266774,14.103596349973161,7.521470746108427,29.502147074610843,4.180085882984434,14.828234031132581,6.951154052603328,3.535963499731616,0.8655394524959742,0.4092860976918948
227,18.310520665593128,14.083467525496511,7.514761137949543,29.461889425657542,4.180085882984434,14.774557165861514,6.89747718733226,3.502415458937198,0.8655394524959742,0.4092860976918948
228,18.5654857756307,14.023081052066559,7.407407407407407,29.428341384863124,4.180085882984434,14.74771873322598,6.870638754696726,3.502415458937198,0.8655394524959742,0.4092860976918948
229,18.646001073537306,14.009661835748792,7.380568974771873,29.314278046162105,4.300858829844337,14.707461084272678,6.870638754696726,3.4957058507783145,0.8655394524959742,0.4092860976918948
230,18.739935587761675,13.976113794954374,7.353730542136339,29.26731078904992,4.300858829844337,14.667203435319378,6.870638754696726,3.549382716049383,0.8655394524959742,0.4092860976918948
231,18.646001073537306,13.828502415458937,7.313472893183038,28.878153515834676,4.609500805152979,14.553140096618357,6.870638754696726,4.025764895330113,0.8655394524959742,0.4092860976918948
232,18.646001073537306,13.828502415458937,7.313472893183038,28.878153515834676,4.609500805152979,14.553140096618357,6.870638754696726,4.025764895330113,0.8655394524959742,0.4092860976918948
233,18.800322061191626,13.828502415458937,7.313472893183038,28.81105743424584,4.5960815888352125,14.492753623188406,6.857219538378959,4.025764895330113,0.8655394524959742,0.4092860976918948
234,19.0150295222759,13.801663982823403,7.313472893183038,28.589640365002683,4.5960815888352125,14.432367149758454,6.857219538378959,4.133118625872249,0.8521202361782072,0.4092860976918948
235,19.122383252818036,13.801663982823403,7.313472893183038,28.549382716049383,4.5960815888352125,14.378690284487385,6.857219538378959,4.119699409554482,0.8521202361782072,0.4092860976918948
236,19.269994632313473,13.801663982823403,7.273215244229737,28.482286634460547,4.5960815888352125,14.371980676328503,6.830381105743425,4.1129898013955986,0.8521202361782072,0.4092860976918948
237,19.310252281266774,13.788244766505636,7.219538378958669,27.85829307568438,5.10601180891036,14.325013419216317,6.776704240472356,4.374664519592056,0.8319914117015567,0.4092860976918948
238,19.370638754696724,13.788244766505636,7.219538378958669,27.730810520665592,5.065754159957058,14.27133655394525,6.6827697262479875,4.62962962962963,0.8319914117015567,0.4092860976918948
239,19.484702093397747,13.754696725711218,7.206119162640902,27.66371443907676,5.065754159957058,14.27133655394525,6.6827697262479875,4.62962962962963,0.8319914117015567,0.4092860976918948
240,19.659151905528716,13.687600644122384,7.206119162640902,27.603327965646805,5.052334943639291,14.251207729468598,6.6827697262479875,4.616210413311863,0.8319914117015567,0.4092860976918948
241,19.57192699946323,13.298443370907139,7.601986044015029,27.4020397208803,5.6964573268921095,14.083467525496511,6.588835212023618,4.51556629092861,0.8319914117015567,0.4092860976918948
242,19.753086419753085,13.278314546430488,7.595276435856146,27.3215244229737,5.6964573268921095,14.009661835748792,6.588835212023618,4.51556629092861,0.8319914117015567,0.4092860976918948
