,45,50,55,51,52,54,53,58,56,57,60,59,61,46,62
0,96.34326355340848,3.656736446591519,,,,,,,,,,,,,
1,84.64170692431561,15.03623188405797,0.322061191626409,,,,,,,,,,,,
2,80.70316693505099,18.88083735909823,0.38915727321524424,0.013419216317767043,0.013419216317767043,,,,,,,,,,
3,80.07246376811594,19.350509930220074,0.5367686527106817,0.013419216317767043,0.026838432635534086,,,,,,,,,,
4,68.5252281266774,30.589103596349972,0.6977992485238862,0.013419216317767043,0.026838432635534086,0.14761137949543746,,,,,,,,,
5,67.15646806226516,31.642512077294686,0.95276435856146,0.04696725711218465,0.05367686527106817,0.14761137949543746,,,,,,,,,
6,64.40552871712292,30.54884594739667,2.100107353730542,0.10735373054213634,2.5966183574879227,0.14761137949543746,0.06038647342995169,0.03354804079441761,,,,,,,
7,63.486312399355874,31.07890499194847,2.24771873322598,0.13419216317767044,2.6033279656468062,0.18115942028985507,0.06038647342995169,0.03354804079441761,0.0939345142243693,0.013419216317767043,0.06709608158883522,,,,
8,63.04347826086956,29.810789049919485,3.717122920021471,0.2549651100375738,2.576489533011272,0.2683843263553409,0.06038647342995169,0.03354804079441761,0.0939345142243693,0.05367686527106817,0.08722490606548577,,,,
9,59.78931830381106,30.71658615136876,3.8580246913580245,0.2952227589908749,4.542404723564144,0.41599570585077833,0.06038647342995169,0.03354804079441761,0.0939345142243693,0.10735373054213634,0.08722490606548577,,,,
10,59.07139023081052,31.353998926462694,3.911701556629093,0.2952227589908749,4.4753086419753085,0.41599570585077833,0.06038647342995169,0.03354804079441761,0.0939345142243693,0.20128824476650564,0.08722490606548577,,,,
11,57.68250134192163,32.47450348899624,3.965378421900161,0.2885131508319914,4.488727858293076,0.5971551261406334,0.08051529790660225,0.03354804079441761,0.0939345142243693,0.20128824476650564,0.0939345142243693,,,,
12,55.81052066559313,33.943907675791735,4.280730005367687,0.3421900161030596,4.40150295222759,0.6105743424584005,0.08051529790660225,0.03354804079441761,0.14090177133655393,0.2616747181964573,0.0939345142243693,,,,
13,55.59581320450886,33.52791196994095,3.992216854535695,0.4227053140096618,4.233762748255502,1.4559849704777241,0.10735373054213634,0.03354804079441761,0.14761137949543746,0.38915727321524424,0.0939345142243693,,,,
14,54.87788513150832,33.62855609232421,4.320987654320987,0.5904455179817498,4.146537842190016,1.482823403113258,0.28180354267310787,0.03354804079441761,0.08722490606548577,0.4562533548040794,0.0939345142243693,,,,
15,52.37520128824477,31.743156199677937,3.5225442834138487,3.81105743424584,4.045893719806763,3.589640365002684,0.2281266774020397,0.03354804079441761,0.08722490606548577,0.4092860976918948,0.11406333870101985,0.040257648953301126,,,
16,52.07997852925389,31.548577563070317,3.8580246913580245,3.8177670424047236,4.0995705850778315,3.6097691894793345,0.2616747181964573,0.03354804079441761,0.08722490606548577,0.4092860976918948,0.1274825550187869,0.06709608158883522,,,
17,50.64412238325282,32.85024154589372,4.341116478797638,3.280998389694042,4.086151368760064,3.743961352657005,0.2885131508319914,0.06709608158883522,0.08722490606548577,0.4227053140096618,0.0939345142243693,0.0939345142243693,,,
18,48.429951690821255,34.66183574879227,4.388083735909823,3.361513687600644,4.086151368760064,3.8848631239935587,0.3153515834675255,0.06709608158883522,0.08722490606548577,0.5300590445517982,0.0939345142243693,0.0939345142243693,,,
19,48.14143853998927,34.715512614063336,4.5893719806763285,3.44873859366613,4.03918411164788,3.8177670424047236,0.3421900161030596,0.06709608158883522,0.08722490606548577,0.49651100375738055,0.0939345142243693,0.1610305958132045,,,
20,47.90660225442834,34.43370907139023,4.99194847020934,3.4957058507783145,4.045893719806763,3.8915727321524423,0.32877079978529256,0.06709608158883522,0.08722490606548577,0.5166398282340311,0.0939345142243693,0.14090177133655393,,,
21,44.015029522275896,38.20450885668277,5.152979066022544,3.4621578099838968,4.012345679012346,3.9049919484702094,0.3421900161030596,0.06709608158883522,0.08722490606548577,0.5166398282340311,0.0939345142243693,0.14090177133655393,,,
22,43.39103596349973,37.80864197530864,4.4820182501341925,3.515834675254965,6.085614600107354,3.388352120236178,0.4294149221685454,0.03354804079441761,0.12077294685990338,0.41599570585077833,0.10735373054213634,0.2214170692431562,,,
23,34.88996242619431,46.866612989801396,4.62962962962963,3.8848631239935587,5.0858829844337095,3.294417606011809,0.4227053140096618,0.03354804079441761,0.08722490606548577,0.32877079978529256,0.10735373054213634,0.36902844873859364,,,
24,34.35990338164251,46.96725711218465,4.851046698872786,3.911701556629093,5.065754159957058,3.3816425120772946,0.4227053140096618,0.03354804079441761,0.08722490606548577,0.4294149221685454,0.12077294685990338,0.36902844873859364,,,
25,30.66290928609769,56.22651637144391,3.3011272141706924,7.749597423510467,0.36231884057971014,1.261406333870102,0.36902844873859364,,0.026838432635534086,0.0067096081588835215,,0.03354804079441761,,,
26,28.61647879763822,53.6231884057971,5.394524959742351,7.568438003220612,0.5770263016639828,3.7104133118625873,0.35560923242082665,,0.08722490606548577,0.0067096081588835215,,0.06038647342995169,,,
27,27.100107353730543,54.6833064949007,5.884326355340848,7.427536231884058,0.5904455179817498,3.6500268384326353,0.32877079978529256,,0.2214170692431562,0.0067096081588835215,0.026838432635534086,0.06038647342995169,0.020128824476650563,,
28,21.464036500268385,62.956253354804076,5.340848094471283,5.448201825013419,0.5166398282340311,3.515834675254965,0.322061191626409,0.026838432635534086,0.27509393451422437,0.0067096081588835215,0.026838432635534086,0.08051529790660225,0.020128824476650563,,
29,14.928878153515834,69.94095544820182,5.481749865807837,5.0791733762748255,0.35560923242082665,3.388352120236178,0.0939345142243693,0.026838432635534086,0.36231884057971014,0.05367686527106817,0.026838432635534086,0.24154589371980675,0.020128824476650563,,
30,14.479334406870638,67.07595276435856,5.810520665593129,4.884594739667204,0.3421900161030596,3.280998389694042,3.33467525496511,0.04696725711218465,0.3824476650563607,0.05367686527106817,0.026838432635534086,0.2616747181964573,0.020128824476650563,,
31,13.7211486849168,57.21953837895867,4.019055287171229,6.099033816425121,0.46967257112184646,0.9997316156736447,17.03569511540526,0.16774020397208803,0.18115942028985507,0.05367686527106817,0.020128824476650563,0.013419216317767043,,,
32,13.667471819645733,55.481749865807835,5.891035963499732,6.018518518518518,0.46967257112184646,1.0131508319914118,16.968599033816425,0.27509393451422437,0.1274825550187869,0.05367686527106817,0.020128824476650563,0.013419216317767043,,,
33,11.252012882447666,44.55179817498658,5.6964573268921095,19.96779388083736,0.4562533548040794,0.9997316156736447,16.10305958132045,0.46296296296296297,0.4227053140096618,0.05367686527106817,0.020128824476650563,0.013419216317767043,,,
34,11.104401502952227,39.62694578636608,4.770531400966184,30.139559849704778,0.4562533548040794,0.5837359098228664,12.198067632850242,0.4092860976918948,0.7045088566827697,0.0067096081588835215,,,,,
35,10.84272678475577,31.655931293612454,4.240472356414386,44.927536231884055,0.4562533548040794,0.5233494363929146,5.924584004294149,0.19457863660762212,1.2010198604401503,0.03354804079441761,,,,,
36,10.836017176596886,31.414385399892645,4.770531400966184,43.142780461621044,0.46967257112184646,0.5099302200751477,5.810520665593129,0.2616747181964573,2.6167471819645733,0.16774020397208803,,,,,
37,11.064143853998926,31.146001073537306,4.8376274825550185,42.16317767042405,0.48980139559849706,0.5300590445517982,6.541867954911433,0.32877079978529256,2.8515834675254963,0.04696725711218465,,,,,
38,11.16478797638218,30.689747718733226,5.522007514761138,41.619699409554485,0.48980139559849706,0.5837359098228664,6.146001073537305,0.3488996242619431,3.388352120236178,0.04696725711218465,,,,,
39,11.178207192699947,28.10654857756307,5.273752012882448,41.196994095544824,0.48980139559849706,3.5091250670960816,6.226516371443908,0.36231884057971014,3.6097691894793345,0.013419216317767043,,0.03354804079441761,,,
40,9.75577026301664,18.733225979602793,7.212828770799785,51.871980676328505,0.4562533548040794,3.421900161030596,4.690016103059581,0.3153515834675255,3.455448201825013,0.03354804079441761,,0.05367686527106817,,,
41,9.675254965110037,18.914385399892645,7.192699946323135,51.11379495437466,0.4227053140096618,3.488996242619431,4.683306494900698,0.322061191626409,4.005636070853462,0.03354804079441761,0.026838432635534086,0.12077294685990338,,,
42,8.61513687600644,14.264626945786366,5.273752012882448,58.57487922705314,0.41599570585077833,3.455448201825013,4.461889425657541,0.32877079978529256,4.3478260869565215,0.03354804079441761,0.1274825550187869,0.10064412238325282,,,
43,8.655394524959743,14.224369296833064,5.287171229200215,57.991143317230275,0.41599570585077833,3.589640365002684,4.414922168545357,0.36231884057971014,4.730273752012883,0.06709608158883522,0.14090177133655393,0.12077294685990338,,,
44,8.68894256575416,14.13714439076758,5.112721417069243,56.74315619967794,0.41599570585077833,3.5963499731615673,5.924584004294149,0.23483628556092323,4.810789049919484,0.06709608158883522,0.16774020397208803,0.10064412238325282,,,
45,8.648684916800859,12.573805689747719,5.01207729468599,56.146001073537306,0.4294149221685454,3.7104133118625873,7.581857219538379,0.2549651100375738,5.179817498658078,0.06709608158883522,0.20799785292538917,0.1878690284487386,,,
46,7.950885668276973,11.238593666129898,4.9651100375738055,57.9777241009125,0.3488996242619431,3.69699409554482,7.5281803542673105,0.322061191626409,5.387815351583468,0.10064412238325282,0.28180354267310787,0.1878690284487386,0.013419216317767043,,
47,7.461084272678476,9.990606548577563,4.951690821256038,50.08722490606549,11.480139559849706,3.321256038647343,6.723027375201288,0.49651100375738055,4.622920021470746,0.3488996242619431,0.3153515834675255,0.1878690284487386,0.013419216317767043,,
48,6.387546967257112,10.997047772410092,3.7104133118625873,47.60466988727858,14.204240472356414,4.736983360171766,6.300322061191626,0.49651100375738055,4.690016103059581,0.4495437466451959,0.2214170692431562,0.1878690284487386,0.013419216317767043,,
49,6.649221685453569,10.755501878690284,3.911701556629093,47.04106280193237,14.049919484702093,4.703435319377348,6.327160493827161,0.5636070853462157,5.032206119162641,0.5434782608695652,0.2214170692431562,0.1878690284487386,0.013419216317767043,,
50,5.6964573268921095,9.588030059044552,3.475577026301664,52.77106816961889,10.943370907139023,5.501878690284487,6.4345142243692965,0.47638217928073,4.488727858293076,0.24154589371980675,0.19457863660762212,0.17444981213097155,0.013419216317767043,,
51,5.938003220611916,9.50751476113795,3.730542136339238,51.79817498658078,10.674986580783683,5.441492216854535,6.286902844873859,0.6239935587761675,5.005367686527107,0.5099302200751477,0.19457863660762212,0.27509393451422437,0.013419216317767043,,
52,6.166129898013956,9.406870638754697,4.079441760601181,50.99302200751476,10.59447128287708,5.407944176060118,6.1929683306494905,0.7179280730005367,5.367686527106817,0.5300590445517982,0.2214170692431562,0.30864197530864196,0.013419216317767043,,
53,6.3070316693505095,9.447128287707997,4.045893719806763,49.91277509393451,11.976650563607086,5.360976918947934,5.3341384863123995,0.7179280730005367,5.589103596349974,0.7246376811594203,0.2214170692431562,0.3488996242619431,0.013419216317767043,,
54,6.447933440687064,9.366612989801396,4.146537842190016,49.4699409554482,11.916264090177133,5.394524959742351,5.273752012882448,0.8051529790660226,5.770263016639828,0.8923778851315083,0.2214170692431562,0.28180354267310787,0.013419216317767043,,
55,6.233225979602791,9.306226516371444,3.750670960815888,42.93478260869565,11.842458400429415,5.173107890499195,14.002952227589908,0.9326355340848095,4.40150295222759,0.8789586688137413,0.2214170692431562,0.322061191626409,,,
56,6.427804616210413,9.205582393988191,3.844605475040258,42.55904455179817,11.788781535158346,5.0791733762748255,13.976113794954374,1.0399892646269457,4.7101449275362315,0.8118625872249061,0.2214170692431562,0.33548040794417605,,,
57,6.561996779388084,9.118357487922705,3.421900161030596,42.04240472356415,12.318840579710145,5.052334943639291,13.962694578636608,1.0802469135802468,5.10601180891036,0.9728931830381106,0.07380568974771873,0.2885131508319914,,,
58,6.769994632313473,8.789586688137414,3.475577026301664,41.47208803005905,12.211486849168008,5.052334943639291,14.465915190552872,0.966183574879227,5.300590445517981,1.0735373054213635,0.07380568974771873,0.3421900161030596,0.0067096081588835215,,
59,6.910896403650026,8.68894256575416,3.8378958668813743,40.49919484702093,12.037037037037036,7.702630166398282,12.466451959205582,0.966183574879227,5.347557702630167,1.093666129898014,0.07380568974771873,0.36902844873859364,0.0067096081588835215,,
60,7.004830917874396,8.715780998389693,4.072732152442297,39.76784755770263,11.996779388083736,7.75630703166935,12.338969404186795,0.9997316156736447,5.730005367686527,1.1205045625335481,0.07380568974771873,0.41599570585077833,0.0067096081588835215,,
61,7.139023081052066,8.715780998389693,4.086151368760064,39.25791733762748,11.876006441223833,7.769726247987117,12.245034889962426,1.1607622114868492,6.0587761674718195,1.1943102522812667,0.07380568974771873,0.41599570585077833,0.0067096081588835215,,
62,7.266505636070853,8.662104133118627,4.260601180891036,38.989533011272144,11.782071926999464,7.7831454643048845,12.077294685990339,1.2412775093934514,6.132581857219538,1.2949543746645196,0.07380568974771873,0.4294149221685454,0.0067096081588835215,,
63,6.810252281266774,8.561460010735374,3.9049919484702094,29.1935050993022,23.698336017176597,7.856951154052603,11.949812130971551,1.1876006441223832,4.804079441760601,1.4492753623188406,0.07380568974771873,0.5032206119162641,0.0067096081588835215,,
64,6.890767579173376,8.514492753623188,4.166666666666667,28.690284487385938,23.2487922705314,7.729468599033816,11.83574879227053,1.2412775093934514,4.978529253891573,2.006172839506173,0.07380568974771873,0.6172839506172839,0.0067096081588835215,,
65,6.494900697799249,7.930756843800322,4.079441760601181,29.998658078368223,23.060923242082662,7.749597423510467,11.627750939345143,1.328502415458937,4.951690821256038,2.0665593129361244,0.07380568974771873,0.630703166935051,0.0067096081588835215,,
66,6.736446591519055,7.897208803005904,4.206924315619967,29.51556629092861,22.665056360708533,7.836822329575953,11.520397208803006,1.4224369296833066,5.159688674181428,2.328234031132582,0.07380568974771873,0.630703166935051,0.0067096081588835215,,
67,6.769994632313473,7.816693505099302,4.28743961352657,29.354535695115406,22.61808910359635,8.051529790660226,11.446591519055287,1.402308105206656,5.253623188405797,2.254428341384863,0.07380568974771873,0.6642512077294686,0.0067096081588835215,,
68,6.857219538378959,7.7361782071927,4.40150295222759,28.898282340311326,22.31615673644659,7.98443370907139,11.265432098765432,1.5901771336553945,5.5689747718733225,2.5563607085346214,0.10064412238325282,0.7179280730005367,0.0067096081588835215,,
69,6.837090713902308,7.648953301127214,4.555823939881911,30.07246376811594,22.054482018250134,7.85024154589372,10.198604401502953,1.5499194847020934,5.736714975845411,2.563070316693505,0.10735373054213634,0.8185721953837896,0.0067096081588835215,,
70,6.91760601180891,7.5348899624261945,4.8376274825550185,29.69001610305958,21.906870638754697,7.7831454643048845,10.131508319914117,1.737788513150832,5.931293612453032,2.589908749329039,0.10735373054213634,0.8252818035426731,0.0067096081588835215,,
71,6.776704240472356,7.50805152979066,4.7168545356951155,27.428878153515836,21.591519055287172,7.7898550724637685,12.815351583467525,1.6371443907675791,5.917874396135265,2.8381642512077296,0.13419216317767044,0.8387010198604401,0.0067096081588835215,,
72,4.582662372517445,5.790391841116479,4.736983360171766,48.34272678475577,11.345947396672035,7.494632313472893,8.521202361782072,1.6237251744498122,4.394793344068707,2.1739130434782608,0.13419216317767044,0.8252818035426731,0.03354804079441761,,
73,4.770531400966184,5.8172302737520125,5.381105743424584,47.376543209876544,11.178207192699947,7.48792270531401,8.474235104669887,1.6103059581320451,4.750402576489533,2.15378421900161,0.10735373054213634,0.8454106280193237,0.03354804079441761,0.013419216317767043,
74,4.810789049919484,5.173107890499195,5.159688674181428,46.91358024691358,10.567632850241546,7.326892109500805,10.36634460547504,1.6170155662909287,5.005367686527107,2.0933977455716586,0.07380568974771873,0.8588298443370908,0.03354804079441761,,
75,4.911433172302737,5.112721417069243,5.71658615136876,46.242619431025226,11.3593666129898,7.326892109500805,9.581320450885668,1.6170155662909287,5.032206119162641,2.0933977455716586,0.07380568974771873,0.8990874932903918,0.03354804079441761,,
76,5.233494363929147,4.931561996779388,6.4345142243692965,45.45759527643585,10.943370907139023,7.152442297369833,9.708803005904455,1.596886741814278,5.35426731078905,2.1269457863660763,0.10064412238325282,0.9259259259259259,0.03354804079441761,,
77,5.267042404723564,4.87788513150832,8.132045088566828,43.45813204508857,10.909822866344605,7.226247987117552,9.554482018250134,1.6706924315619969,5.320719269994632,2.5429414922168547,0.10064412238325282,0.9057971014492754,0.03354804079441761,,
78,4.985238862050457,4.864465915190553,8.467525496511003,40.61325818572195,8.809715512614064,10.413311862587225,12.124261943102523,1.6774020397208802,4.797369833601718,2.167203435319377,0.08722490606548577,0.9259259259259259,0.06709608158883522,,
79,5.005367686527107,4.74369296833065,10.607890499194847,43.09581320450886,5.998389694041868,9.936929683306495,11.83574879227053,1.7042404723564144,4.079441760601181,1.892109500805153,0.06709608158883522,0.9460547504025765,0.08722490606548577,,
80,5.0858829844337095,4.7101449275362315,10.876274825550189,42.73349436392915,5.9447128287707995,9.903381642512077,11.768652710681696,1.7310789049919484,4.133118625872249,1.9457863660762211,0.06709608158883522,1.0131508319914118,0.08722490606548577,,
81,5.10601180891036,4.609500805152979,11.023886205045626,37.714707461084274,5.703166935050993,11.708266237251744,14.78797638217928,1.8048845947396672,4.327697262479871,2.059849704777241,0.06709608158883522,0.9997316156736447,0.08722490606548577,,
82,5.367686527106817,4.53569511540526,11.137949543746645,37.21819645732689,5.683038110574342,11.681427804616211,14.512882447665056,1.8250134192163177,4.723564143853999,2.1068169618894257,0.06709608158883522,1.0332796564680622,0.10735373054213634,,
83,5.555555555555555,4.522275899087493,11.406333870101985,36.78878153515835,5.562265163714439,11.513687600644122,14.398819108964037,1.9122383252818036,4.790660225442834,2.254428341384863,0.06709608158883522,1.0802469135802468,0.14761137949543746,,
84,5.656199677938808,4.488727858293076,12.412775093934513,34.46725711218465,4.904723564143854,10.473698336017177,14.17740203972088,1.9726247987117553,7.474503488996243,2.4020397208803006,0.10735373054213634,1.1473429951690821,0.3153515834675255,,
85,4.428341384863124,3.44873859366613,7.219538378958669,45.36366076221149,4.636339237788513,9.936929683306495,13.647342995169081,1.9994632313472893,5.508588298443371,2.4892646269457863,0.11406333870101985,1.133923778851315,0.07380568974771873,,
86,4.696725711218465,3.4286097691894795,7.360440150295223,41.80756843800322,4.636339237788513,10.037573805689748,16.243961352657006,1.9793344068706387,5.964841653247451,2.522812667740204,0.11406333870101985,1.1473429951690821,0.06038647342995169,,
87,4.884594739667204,3.374932903918411,7.548309178743962,41.41170155662909,4.62962962962963,10.084541062801932,16.0426731078905,2.059849704777241,6.132581857219538,2.509393451422437,0.11406333870101985,1.133923778851315,0.07380568974771873,,
88,4.918142780461621,3.374932903918411,7.716049382716049,39.03650026838432,4.622920021470746,10.144927536231885,15.687063875469672,2.059849704777241,8.501073537305421,2.5563607085346214,0.14761137949543746,1.133923778851315,0.10064412238325282,,
89,5.173107890499195,3.2742887815351582,7.628824476650563,38.727858293075684,4.5893719806763285,10.909822866344605,15.58641975308642,2.120236178207193,8.091787439613526,2.5496511003757383,0.1274825550187869,1.107085346215781,0.11406333870101985,,
90,5.35426731078905,3.260869565217391,7.702630166398282,38.016639828234034,4.542404723564144,10.7085346215781,15.539452495974235,2.1269457863660763,8.675523349436393,2.7106816961889426,0.14761137949543746,1.1205045625335481,0.0939345142243693,,
91,5.213365539452496,3.1199677938808374,7.541599570585078,40.11003757380569,4.49543746645196,10.802469135802468,14.667203435319378,1.8585614600107354,8.299785292538916,2.5161030595813205,0.1610305958132045,1.093666129898014,0.12077294685990338,,
92,5.441492216854535,2.985775630703167,7.742887815351583,39.66720343531938,4.4753086419753085,10.61460010735373,14.673913043478262,2.0263016639828235,8.340042941492216,2.7509393451422435,0.1610305958132045,0.9997316156736447,0.12077294685990338,,
93,5.548845947396672,2.985775630703167,7.897208803005904,39.02308105206656,4.441760601180891,10.68840579710145,14.700751476113794,1.9659151905528718,8.521202361782072,2.844873859366613,0.1610305958132045,1.0601180891035964,0.1610305958132045,,
94,5.173107890499195,2.1940418679549114,7.7831454643048845,40.465646806226516,4.2203435319377345,10.513955984970478,14.647074610842727,1.9256575415995705,8.80300590445518,2.85829307568438,0.1610305958132045,1.093666129898014,0.1610305958132045,,
95,5.213365539452496,1.9860440150295222,7.7898550724637685,39.51959205582394,7.380568974771873,9.574610842726784,14.123725174449811,1.9726247987117553,8.776167471819646,2.5831991411701556,0.1610305958132045,0.7581857219538379,0.1610305958132045,,
96,5.4549114331723025,1.9592055823939882,7.883789586688137,38.88217928073001,7.326892109500805,9.520933977455716,14.17740203972088,2.0263016639828235,9.07139023081052,2.61003757380569,0.1610305958132045,0.7581857219538379,0.16774020397208803,,
97,5.58239398819109,2.0128824476650564,7.836822329575953,38.486312399355874,7.239667203435319,9.4873859366613,14.056629092860977,2.0933977455716586,9.252549651100376,2.7979066022544283,0.1878690284487386,0.8252818035426731,0.14090177133655393,,
98,5.723295759527644,1.9256575415995705,8.064949006977992,37.82206119162641,7.125603864734299,9.561191626409018,13.976113794954374,2.2208803005904456,9.520933977455716,2.898550724637681,0.1878690284487386,0.8252818035426731,0.14761137949543746,,
99,5.683038110574342,1.9256575415995705,8.3064949006978,36.460010735373054,7.0383789586688135,9.460547504025765,15.271068169618895,2.254428341384863,9.554482018250134,2.8918411164787976,0.1878690284487386,0.8051529790660226,0.1610305958132045,,
100,5.750134192163178,1.9189479334406871,8.152173913043478,36.28556092324208,7.011540526033279,9.4873859366613,15.398550724637682,2.3886205045625335,9.574610842726784,2.8113258185721954,0.1878690284487386,0.8588298443370908,0.17444981213097155,,
101,5.730005367686527,1.892109500805153,8.11862587224906,35.86285560923242,6.870638754696726,9.39345142243693,16.51905528717123,2.254428341384863,9.420289855072463,2.7442297369833604,0.1878690284487386,0.8588298443370908,0.14761137949543746,,
102,5.71658615136876,1.892109500805153,8.132045088566828,35.44685990338164,6.602254428341385,9.722222222222221,16.404991948470208,2.214170692431562,9.91009125067096,2.7241009125067097,0.1878690284487386,0.8387010198604401,0.19457863660762212,0.013419216317767043,
103,5.776972624798712,1.8048845947396672,8.145464304884594,33.984165324745035,7.749597423510467,9.541062801932368,15.975577026301664,2.3886205045625335,10.681696188942565,2.6502952227589907,0.1878690284487386,0.8856682769726248,0.2147074610842727,0.013419216317767043,
104,5.8239398819108965,1.8115942028985508,8.353462157809984,33.60842726784756,7.7898550724637685,9.4873859366613,15.801127214170693,2.4154589371980677,10.929951690821255,2.6301663982823404,0.1878690284487386,0.8856682769726248,0.2616747181964573,0.013419216317767043,
105,5.884326355340848,1.8115942028985508,8.561460010735374,32.60198604401503,8.977455716586151,9.386741814278047,15.311325818572195,2.5429414922168547,10.916532474503489,2.61003757380569,0.2147074610842727,0.9057971014492754,0.2616747181964573,0.013419216317767043,
106,6.031937734836285,1.7646269457863661,8.521202361782072,32.14573268921095,8.769457863660762,9.339774557165862,15.458937198067632,2.623456790123457,11.634460547504025,2.3617820719269993,0.2147074610842727,0.8655394524959742,0.2549651100375738,0.013419216317767043,
107,6.045356951154052,1.7579173376274826,10.795759527643586,29.978529253891573,8.68894256575416,9.29951690821256,15.385131508319914,2.7308105206655933,11.466720343531938,2.462426194310252,0.2281266774020397,0.9057971014492754,0.24154589371980675,0.013419216317767043,
108,6.166129898013956,1.7042404723564144,10.768921095008052,29.837627482555018,8.588298443370908,9.326355340848094,15.297906602254429,2.6704240472356413,11.574074074074074,2.690552871712292,0.2281266774020397,0.8588298443370908,0.2549651100375738,0.013419216317767043,0.020128824476650563
109,6.374127750939345,1.6975308641975309,10.86285560923242,29.56924315619968,8.568169618894256,9.138486312399356,15.22410091250671,2.771068169618894,11.674718196457327,2.7442297369833604,0.2281266774020397,0.8588298443370908,0.2549651100375738,0.013419216317767043,0.020128824476650563
110,6.400966183574879,1.6975308641975309,10.849436392914654,27.482555018786904,8.501073537305421,9.27938808373591,15.170424047235642,2.791196994095545,13.45276435856146,2.9589371980676327,0.28180354267310787,0.8454106280193237,0.2549651100375738,0.013419216317767043,0.020128824476650563
111,6.4345142243692965,1.6975308641975309,10.95679012345679,27.26784755770263,8.413848631239935,9.219001610305957,14.861782071927,2.9790660225442833,13.654052603327965,3.1468062265163717,0.2549651100375738,0.8252818035426731,0.2549651100375738,0.013419216317767043,0.020128824476650563
112,6.602254428341385,1.6505636070853462,10.755501878690284,25.288513150831992,8.28636607622115,11.668008588298443,14.620236178207193,2.9119699409554483,13.345410628019323,3.307836822329576,0.36902844873859364,0.9125067096081588,0.24825550187869028,0.013419216317767043,0.020128824476650563
113,6.689479334406871,1.6170155662909287,10.63472893183038,25.127482555018787,8.165593129361245,11.822329575952764,14.65378421900161,2.9253891572732154,13.47289318303811,3.2139023081052067,0.3757380568974772,0.9326355340848095,0.2952227589908749,0.013419216317767043,0.06038647342995169
114,6.575415995705851,1.6035963499731616,10.547504025764896,26.46940418679549,7.991143317230274,12.211486849168008,13.620504562533547,2.9723564143853998,12.962962962962964,3.240740740740741,0.3488996242619431,1.0399892646269457,0.3421900161030596,0.013419216317767043,0.06038647342995169
115,6.689479334406871,1.4962426194310252,10.628019323671497,26.227858293075684,7.917337627482555,12.030327428878154,14.40552871712292,2.703972088030059,12.962962962962964,3.099838969404187,0.3488996242619431,1.0466988727858293,0.3421900161030596,0.013419216317767043,0.08722490606548577
116,6.749865807836822,1.4962426194310252,11.05072463768116,25.93263553408481,7.897208803005904,11.90955448201825,14.42565754159957,2.703972088030059,12.815351583467525,3.1602254428341383,0.3488996242619431,1.0332796564680622,0.3757380568974772,0.013419216317767043,0.08722490606548577
117,6.830381105743425,1.4962426194310252,11.017176596886742,25.684380032206118,7.843531937734836,11.808910359634996,14.700751476113794,2.703972088030059,12.882447665056361,3.2139023081052067,0.30193236714975846,1.0399892646269457,0.3757380568974772,0.013419216317767043,0.08722490606548577
118,6.890767579173376,1.482823403113258,10.735373054213634,25.140901771336555,7.709339774557166,13.258185721953838,14.070048309178745,2.6301663982823404,12.95625335480408,3.2474503488996245,0.38915727321524424,1.0131508319914118,0.3757380568974772,0.013419216317767043,0.08722490606548577
119,7.078636607622115,1.4694041867954912,10.755501878690284,25.067096081588836,7.742887815351583,13.056897477187333,14.023081052066559,2.677133655394525,12.889157273215245,3.2004830917874396,0.41599570585077833,1.1205045625335481,0.4025764895330113,0.013419216317767043,0.08722490606548577
120,6.964573268921095,1.4694041867954912,11.218464841653248,23.523886205045624,7.2933440687063875,12.761674718196458,16.451959205582394,2.677133655394525,12.419484702093397,3.1199677938808374,0.43612453032742887,1.1741814278046163,0.38915727321524424,0.013419216317767043,0.08722490606548577
121,7.024959742351046,1.4694041867954912,11.345947396672035,23.289049919484704,7.112184648416532,12.714707461084272,16.606280193236714,2.6704240472356413,12.640901771336553,3.1065485775630703,0.4025764895330113,1.1674718196457328,0.3488996242619431,0.013419216317767043,0.08722490606548577
122,7.018250134192163,1.4694041867954912,11.453301127214171,22.973698336017176,7.112184648416532,12.902576489533011,17.47181964573269,2.85829307568438,11.735104669887278,3.0327428878153517,0.4227053140096618,1.107085346215781,0.3421900161030596,0.013419216317767043,0.08722490606548577
123,6.1862587224906065,1.4626945786366077,10.305958132045088,36.07756307031669,6.488191089640365,11.493558776167472,12.218196457326892,2.3215244229736984,9.29951690821256,2.3617820719269993,0.4294149221685454,1.0332796564680622,0.2214170692431562,0.013419216317767043,0.08722490606548577
124,6.246645195920558,1.442565754159957,10.198604401502953,35.51395598497048,6.454643048845948,11.79549114331723,12.097423510466989,2.442297369833602,9.460547504025765,2.4557165861513686,0.5032206119162641,1.0399892646269457,0.24825550187869028,0.013419216317767043,0.08722490606548577
125,6.400966183574879,1.442565754159957,10.285829307568438,35.12479871175523,6.394256575415996,11.741814278046162,12.224906065485776,2.428878153515835,9.54777241009125,2.522812667740204,0.4830917874396135,1.0534084809447128,0.24825550187869028,0.013419216317767043,0.08722490606548577
126,6.5485775630703165,1.442565754159957,10.299248523886206,34.75577026301664,6.407675791733762,11.553945249597424,12.177938808373591,2.5295222758990876,9.896672034353195,2.5563607085346214,0.4428341384863124,1.0399892646269457,0.24825550187869028,0.013419216317767043,0.08722490606548577
127,6.642512077294686,1.442565754159957,10.473698336017177,34.23913043478261,6.3137412775093935,11.446591519055287,12.090713902308105,2.522812667740204,10.272410091250672,2.677133655394525,0.43612453032742887,1.107085346215781,0.23483628556092323,0.013419216317767043,0.08722490606548577
128,6.769994632313473,1.442565754159957,10.48040794417606,33.883521202361784,6.367418142780462,11.399624261943103,11.896135265700483,2.5429414922168547,10.668276972624799,2.657004830917874,0.43612453032742887,1.1205045625335481,0.23483628556092323,0.013419216317767043,0.08722490606548577
129,6.837090713902308,1.442565754159957,10.59447128287708,33.49436392914654,6.273483628556092,11.52710681696189,11.79549114331723,2.4490069779924855,10.789049919484702,2.791196994095545,0.5233494363929146,1.1473429951690821,0.23483628556092323,0.013419216317767043,0.08722490606548577
130,7.004830917874396,1.442565754159957,10.768921095008052,33.21256038647343,6.219806763285024,11.480139559849706,11.761943102522812,2.4020397208803006,10.916532474503489,2.8113258185721954,0.5233494363929146,1.1205045625335481,0.23483628556092323,0.013419216317767043,0.08722490606548577
131,6.588835212023618,1.402308105206656,10.151637144390767,33.47423510466989,8.185721953837897,10.789049919484702,11.325818572195384,2.3886205045625335,10.695115405260333,2.932098765432099,0.5233494363929146,1.1943102522812667,0.23483628556092323,0.013419216317767043,0.10064412238325282
132,6.655931293612453,1.402308105206656,10.131508319914117,32.870370370370374,8.219269994632313,10.68840579710145,11.252012882447666,2.5563607085346214,11.124530327428879,2.932098765432099,0.5233494363929146,1.2681159420289856,0.2616747181964573,0.013419216317767043,0.10064412238325282
133,6.776704240472356,1.3888888888888888,10.124798711755233,32.52147074610843,8.279656468062266,10.889694041867955,11.171497584541063,2.5966183574879227,11.084272678475577,2.885131508319914,0.5434782608695652,1.3821792807300053,0.2616747181964573,0.013419216317767043,0.08051529790660225
134,6.568706387546968,1.3888888888888888,9.950348899624261,34.35319377348363,8.132045088566828,10.339506172839506,10.735373054213634,2.4691358024691357,11.003757380568974,2.885131508319914,0.5434782608695652,1.247987117552335,0.2885131508319914,0.013419216317767043,0.08051529790660225
135,6.568706387546968,1.3888888888888888,10.279119699409554,34.044551798174986,8.085077831454644,10.258990874932904,10.674986580783683,2.4221685453569513,11.245303274288782,2.8784219001610305,0.5434782608695652,1.2412775093934514,0.27509393451422437,0.013419216317767043,0.08051529790660225
136,6.696188942565755,1.3888888888888888,10.225442834138486,33.89694041867955,7.937466451959206,10.38647342995169,10.68840579710145,2.475845410628019,11.18491680085883,2.952227589908749,0.5434782608695652,1.2815351583467525,0.24825550187869028,0.013419216317767043,0.08051529790660225
137,6.910896403650026,1.3620504562533549,10.285829307568438,33.641975308641975,7.816693505099302,10.359634997316157,10.63472893183038,2.4691358024691357,11.225174449812132,3.180354267310789,0.5300590445517982,1.2546967257112185,0.24825550187869028,0.013419216317767043,0.06709608158883522
138,6.870638754696726,1.3620504562533549,9.265968867418144,32.53488996242619,7.7898550724637685,13.170960815888352,10.326086956521738,2.314814814814815,11.285560923242082,3.0864197530864197,0.5099302200751477,1.2345679012345678,0.16774020397208803,0.013419216317767043,0.06709608158883522
139,6.877348362855609,1.3553408480944713,9.339774557165862,32.32018250134192,7.776435856146001,13.231347289318304,10.393183038110575,2.2946859903381642,11.372785829307569,3.066290928609769,0.48980139559849706,1.261406333870102,0.14090177133655393,0.013419216317767043,0.06709608158883522
140,7.011540526033279,1.3016639828234031,9.4873859366613,32.085346215781,7.6623725174449815,13.211218464841654,10.319377348362856,2.3081052066559313,11.513687600644122,3.0730005367686526,0.46967257112184646,1.3352120236178207,0.14090177133655393,0.013419216317767043,0.06709608158883522
141,7.051798174986581,1.3016639828234031,9.655126140633387,30.897745571658614,7.474503488996243,14.217659688674182,10.332796564680622,2.3081052066559313,11.668008588298443,3.140096618357488,0.4495437466451959,1.2815351583467525,0.14090177133655393,0.013419216317767043,0.06709608158883522
142,7.206119162640902,1.2949543746645196,10.138217928073,30.434782608695652,7.306763285024155,14.197530864197532,10.285829307568438,2.314814814814815,11.641170155662909,3.260869565217391,0.4294149221685454,1.261406333870102,0.14761137949543746,0.013419216317767043,0.06709608158883522
143,7.199409554482019,1.2949543746645196,10.25228126677402,30.099302200751477,7.340311325818572,14.371980676328503,10.225442834138486,2.4154589371980677,11.600912506709609,3.294417606011809,0.4495437466451959,1.2278582930756843,0.14761137949543746,0.013419216317767043,0.06709608158883522
144,7.2933440687063875,1.2815351583467525,10.413311862587225,29.73027375201288,7.313472893183038,14.465915190552872,10.21202361782072,2.408749329039184,11.668008588298443,3.280998389694042,0.4495437466451959,1.2412775093934514,0.17444981213097155,,0.06709608158883522
145,7.320182501341922,1.2681159420289856,10.57434245840043,29.260601180891037,7.494632313472893,14.445786366076222,10.19189479334407,2.462426194310252,11.75523349436393,3.2474503488996245,0.4495437466451959,1.288244766505636,0.17444981213097155,,0.06709608158883522
146,7.37385936661299,1.2546967257112185,10.426731078904991,29.0727321524423,7.434245840042942,14.620236178207193,10.11808910359635,2.5563607085346214,11.83574879227053,3.2877079978529253,0.4495437466451959,1.328502415458937,0.17444981213097155,,0.06709608158883522
147,7.5281803542673105,1.221148684916801,10.507246376811594,28.73054213633924,7.447665056360709,14.606816961889425,9.997316156736447,2.6033279656468062,11.956521739130435,3.3011272141706924,0.46296296296296297,1.3955984970477724,0.17444981213097155,,0.06709608158883522
148,7.4208266237251745,1.2144390767579174,10.433440687063875,28.341384863123995,7.4006977992485234,14.546430488459475,11.225174449812132,2.7241009125067097,11.379495437466453,3.321256038647343,0.3757380568974772,1.42914653784219,0.12077294685990338,,0.06709608158883522
149,7.514761137949543,1.2010198604401503,10.715244229736983,28.046162104133117,7.514761137949543,14.371980676328503,11.231884057971014,2.7643585614600106,11.366076221148685,3.2742887815351582,0.4562533548040794,1.3821792807300053,0.12077294685990338,,0.040257648953301126
150,7.702630166398282,1.133923778851315,10.748792270531402,27.82474503488996,7.48792270531401,14.412238325281804,11.238593666129898,2.771068169618894,11.41304347826087,3.2474503488996245,0.48980139559849706,1.402308105206656,0.08722490606548577,,0.040257648953301126
151,7.87037037037037,1.133923778851315,10.641438539989265,27.636876006441224,7.48792270531401,14.63365539452496,11.137949543746645,2.8113258185721954,11.258722490606548,3.435319377348363,0.46296296296296297,1.3352120236178207,0.11406333870101985,,0.040257648953301126
152,7.749597423510467,1.1205045625335481,10.312667740203972,30.14626945786366,7.340311325818572,14.284755770263017,10.326086956521738,2.5161030595813205,11.057434245840042,3.307836822329576,0.39586688137412773,1.3217928073000538,0.08051529790660225,,0.040257648953301126
153,7.682501341921632,1.1205045625335481,10.319377348362856,29.21363392377885,7.326892109500805,14.9020397208803,10.272410091250672,2.6167471819645733,11.225174449812132,3.4286097691894795,0.3824476650563607,1.3888888888888888,0.08051529790660225,,0.040257648953301126
154,7.769726247987117,1.1003757380568975,10.63472893183038,28.6231884057971,7.286634460547504,14.714170692431562,10.02415458937198,2.757648953301127,11.741814278046162,3.408480944712829,0.3757380568974772,1.4224369296833066,0.10064412238325282,,0.040257648953301126
155,7.695920558239399,1.0869565217391304,10.621309715512615,27.690552871712292,9.353193773483628,14.029790660225443,9.50751476113795,2.7979066022544283,11.768652710681696,3.549382716049383,0.3757380568974772,1.3821792807300053,0.10064412238325282,,0.040257648953301126
156,7.830112721417069,1.0601180891035964,10.540794417606012,27.583199141170155,9.366612989801396,14.070048309178745,9.541062801932368,2.737520128824477,11.761943102522812,3.5829307568438002,0.3757380568974772,1.4358561460010735,0.07380568974771873,,0.040257648953301126
157,8.031400966183575,1.0601180891035964,10.621309715512615,27.30139559849705,9.205582393988191,14.029790660225443,9.574610842726784,2.677133655394525,11.929683306494901,3.6500268384326353,0.4025764895330113,1.402308105206656,0.07380568974771873,,0.040257648953301126
158,8.07836822329576,1.0601180891035964,10.93666129898014,27.026301663982824,9.232420826623725,14.076757917337627,9.494095544820183,2.6502952227589907,11.936392914653783,3.5829307568438002,0.4025764895330113,1.4090177133655395,0.07380568974771873,,0.040257648953301126
159,8.279656468062266,1.0534084809447128,11.178207192699947,26.86527106816962,9.225711218464841,14.002952227589908,9.494095544820183,2.589908749329039,11.876006441223833,3.5225442834138487,0.4025764895330113,1.3955984970477724,0.07380568974771873,,0.040257648953301126
160,8.165593129361245,1.0534084809447128,11.158078368223295,26.78475577026302,9.158615136876007,14.056629092860977,9.655126140633387,2.5697799248523885,11.782071926999464,3.6634460547504024,0.4025764895330113,1.4358561460010735,0.07380568974771873,,0.040257648953301126
