,45,50,53,51,54,55,52,56,58,57
0,85.91653247450348,13.747987117552334,0.33548040794417605,,,,,,,
1,85.99704777241008,13.667471819645733,0.33548040794417605,,,,,,,
2,68.62587224906065,29.180085882984432,0.322061191626409,0.8655394524959742,1.0064412238325282,,,,,
3,65.26435856146001,30.589103596349972,0.322061191626409,2.818035426731079,1.0064412238325282,,,,,
4,63.687600644122384,32.2061191626409,0.322061191626409,2.7777777777777777,1.0064412238325282,,,,,
5,60.67498658078368,35.648148148148145,,2.6704240472356413,1.0064412238325282,,,,,
6,58.40713902308105,37.94283413848631,,2.6435856146001075,1.0064412238325282,,,,,
7,58.55475040257649,37.795222758990874,,2.6435856146001075,1.0064412238325282,,,,,
8,58.85668276972625,37.27858293075684,0.32877079978529256,2.6301663982823404,0.8521202361782072,0.05367686527106817,,,,
9,58.762748255501876,37.37251744498121,0.32877079978529256,2.6301663982823404,0.8521202361782072,0.05367686527106817,,,,
10,58.8365539452496,37.164519592055825,0.32877079978529256,2.7777777777777777,0.8387010198604401,0.05367686527106817,,,,
11,50.536768652710684,30.05233494363929,0.10064412238325282,12.446323134728932,0.4092860976918948,0.05367686527106817,6.400966183574879,,,
12,44.0552871712292,35.92324208266237,1.8451422436929683,12.446323134728932,0.4092860976918948,0.05367686527106817,5.267042404723564,,,
13,40.94202898550725,34.21900161030596,1.7847557702630166,17.324208266237253,0.4092860976918948,0.05367686527106817,5.267042404723564,,,
14,41.257380568974774,34.17874396135266,1.7646269457863661,17.06924315619968,0.4092860976918948,0.05367686527106817,5.267042404723564,,,
15,37.19135802469136,38.37224906065486,1.7646269457863661,16.948470209339774,0.4092860976918948,0.05367686527106817,5.260332796564681,,,
16,36.2385936661299,36.95652173913044,1.7646269457863661,19.343800322061192,0.4092860976918948,0.05367686527106817,5.233494363929147,,,
17,31.5552871712292,31.0654857756307,0.785024154589372,32.2061191626409,0.14090177133655393,,4.247181964573269,,,
18,31.93773483628556,30.797101449275363,0.7380568974771873,32.139023081052066,0.14090177133655393,,4.247181964573269,,,
19,31.790123456790123,31.072195383789587,0.7380568974771873,32.05179817498658,0.14090177133655393,,4.206924315619967,,,
20,31.635802469135804,30.756843800322063,1.865271068169619,31.260064412238325,0.020128824476650563,,4.193505099302201,0.2683843263553409,,
21,31.89747718733226,28.75738056897477,1.8585614600107354,30.92458400429415,0.24154589371980675,,6.052066559312936,0.2683843263553409,,
22,32.367149758454104,28.488996242619432,1.8585614600107354,30.73671497584541,0.24154589371980675,,6.038647342995169,0.2683843263553409,,
23,32.139023081052066,28.10654857756307,1.8518518518518519,31.427804616210413,0.24154589371980675,,5.984970477724101,0.24825550187869028,,
24,32.51476113794954,27.9723564143854,1.8250134192163177,31.246645195920557,0.24154589371980675,,5.9514224369296835,0.24825550187869028,,
25,32.447665056360705,27.408749329039185,1.8183038110574343,31.97128287707998,0.24154589371980675,,5.864197530864198,0.24825550187869028,,
26,32.689210950080515,27.194041867954912,2.8650026838432634,31.870638754696724,0.24154589371980675,,4.891304347826087,0.24825550187869028,,
27,32.23966720343532,26.247987117552334,2.804616210413312,33.36688137412775,0.24154589371980675,,4.851046698872786,0.24825550187869028,,
28,32.58185721953838,26.147342995169083,2.804616210413312,33.19243156199678,0.24154589371980675,,4.783950617283951,0.24825550187869028,,
29,32.6154052603328,26.617015566290927,2.7777777777777777,32.809983896940416,0.24154589371980675,,4.690016103059581,0.24825550187869028,,
30,33.340042941492214,26.120504562533547,2.7777777777777777,32.70263016639828,0.24154589371980675,,4.569243156199678,0.24825550187869028,,
31,33.56816961889426,26.060118089103597,2.737520128824477,32.48121309715513,0.24154589371980675,0.10064412238325282,4.562533548040794,0.24825550187869028,,
32,29.55582393988191,27.241009125067094,2.737520128824477,34.4873859366613,0.24154589371980675,0.10064412238325282,5.387815351583468,0.24825550187869028,,
33,28.77079978529254,26.227858293075684,1.0802469135802468,39.774557165861516,0.24154589371980675,,3.656736446591519,0.24825550187869028,,
34,29.07944176060118,26.167471819645733,1.0802469135802468,39.52630166398282,0.24154589371980675,,3.656736446591519,0.24825550187869028,,
35,23.07434245840043,31.61567364465915,5.837359098228664,35.41331186258722,0.15432098765432098,,3.6097691894793345,0.2952227589908749,,
36,22.363123993558776,31.17283950617284,4.4820182501341925,37.734836285560924,0.15432098765432098,,3.797638217928073,0.2952227589908749,,
37,22.79253891572732,30.891035963499732,4.455179817498658,36.90955448201825,0.9259259259259259,,3.770799785292539,0.2549651100375738,,
38,23.060923242082662,30.797101449275363,2.61003757380569,36.67471819645733,0.9259259259259259,,5.676328502415459,0.2549651100375738,,
39,23.00053676865271,30.193236714975846,2.6033279656468062,35.265700483091784,0.9259259259259259,,7.75630703166935,0.2549651100375738,,
40,22.77241009125067,29.824208266237253,2.5026838432635534,31.709608158883523,0.5837359098228664,0.20799785292538917,12.204777241009126,0.19457863660762212,,
41,23.32259796027912,29.70343531937735,2.49597423510467,31.313741277509394,0.5703166935050993,0.20799785292538917,12.057165861513688,0.32877079978529256,,
42,23.8191089640365,29.488727858293075,2.49597423510467,31.07890499194847,0.5703166935050993,0.20799785292538917,12.02361782071927,0.3153515834675255,,
43,24.194847020933977,29.30756843800322,2.49597423510467,30.870907139023082,0.8454106280193237,0.20799785292538917,11.761943102522812,0.3153515834675255,,
44,23.040794417606012,26.29495437466452,2.757648953301127,34.82957595276436,0.8387010198604401,0.20799785292538917,11.714975845410628,0.3153515834675255,,
45,21.443907675791735,27.938808373590984,2.737520128824477,34.84299516908212,0.8387010198604401,0.20799785292538917,11.674718196457327,0.3153515834675255,,
46,21.390230810520666,27.623456790123456,2.7241009125067097,35.23215244229737,0.8319914117015567,0.20799785292538917,11.674718196457327,0.3153515834675255,,
47,22.25577026301664,27.32823403113258,2.7106816961889426,34.76247987117552,0.8319914117015567,0.20799785292538917,11.58749329039184,0.3153515834675255,,
48,19.464573268921097,32.809983896940416,2.6838432635534084,29.683306494900698,0.8252818035426731,0.20799785292538917,14.009661835748792,0.3153515834675255,,
49,20.128824476650564,32.52818035426731,2.6838432635534084,28.27428878153516,0.8118625872249061,0.20799785292538917,15.049651100375739,0.3153515834675255,,
50,20.605206655931294,32.21282877079979,2.636876006441224,28.005904455179817,1.0802469135802468,0.20799785292538917,14.935587761674718,0.3153515834675255,,
51,20.799785292538918,31.662640901771336,2.636876006441224,27.274557165861513,2.536231884057971,0.20799785292538917,14.566559312936125,0.3153515834675255,,
52,19.753086419753085,35.527375201288244,2.5966183574879227,25.147611379495437,2.536231884057971,0.20799785292538917,13.915727321524423,0.3153515834675255,,
53,20.04830917874396,35.319377348362856,2.5966183574879227,25.07380568974772,2.536231884057971,0.20799785292538917,13.902308105206655,0.3153515834675255,,
54,19.77992485238862,34.836285560923244,4.49543746645196,25.05367686527107,2.522812667740204,0.0067096081588835215,12.989801395598498,0.3153515834675255,,
55,16.33118625872249,28.327965646806227,2.046430488459474,34.13177670424047,2.952227589908749,0.0067096081588835215,16.009125067096083,0.19457863660762212,,
56,16.982018250134193,28.019323671497585,3.1535158346752548,33.25281803542673,2.7442297369833604,0.0067096081588835215,15.646806226516372,0.19457863660762212,,
57,17.827428878153516,27.750939345142243,3.1535158346752548,33.051529790660226,2.4490069779924855,0.0067096081588835215,15.566290928609769,0.19457863660762212,,
58,18.183038110574344,27.435587761674718,3.1535158346752548,32.91733762748255,2.120236178207193,0.14761137949543746,15.848094471282877,0.19457863660762212,,
59,18.914385399892645,27.03972088030059,3.1535158346752548,32.70263016639828,2.1068169618894257,0.14761137949543746,15.74074074074074,0.19457863660762212,,
60,18.780193236714975,26.838432635534083,2.1269457863660763,34.45383789586688,2.0531400966183573,0.14761137949543746,15.405260332796564,0.19457863660762212,,
61,19.223027375201287,26.630434782608695,2.1068169618894257,34.35990338164251,2.0128824476650564,0.14761137949543746,15.324745034889963,0.19457863660762212,,
62,19.92753623188406,26.46940418679549,2.1068169618894257,33.863392377885134,2.328234031132582,0.14761137949543746,14.962426194310252,0.19457863660762212,,
63,16.861245303274288,34.816156736446594,2.2342995169082127,30.018786902844873,2.2879763821792807,0.14761137949543746,13.439345142243694,0.19457863660762212,,
64,17.12962962962963,34.75577026301664,2.200751476113795,29.931561996779386,2.2879763821792807,0.14761137949543746,13.352120236178207,0.19457863660762212,,
65,16.5727321524423,34.35319377348363,2.9052603327965647,31.790123456790123,1.710950080515298,0.14761137949543746,12.332259796027913,0.1878690284487386,,
66,12.13768115942029,43.162909286097694,1.9592055823939882,28.5426731078905,1.6639828234031133,0.8118625872249061,11.533816425120772,0.1878690284487386,,
67,12.674449812130971,42.921363392377884,1.9457863660762211,28.29441760601181,1.6639828234031133,0.8118625872249061,11.500268384326356,0.1878690284487386,,
68,11.768652710681696,41.532474503489,1.9457863660762211,30.595813204508858,1.6035963499731616,0.644122383252818,11.721685453569512,0.1878690284487386,,
69,12.5,41.25067096081589,1.9256575415995705,30.26033279656468,1.6035963499731616,0.644122383252818,11.627750939345143,0.1878690284487386,,
70,12.949543746645196,40.935319377348364,2.5496511003757383,29.421631776704242,1.6035963499731616,0.8185721953837896,11.533816425120772,0.1878690284487386,,
71,13.258185721953838,40.82796564680623,2.5161030595813205,29.166666666666668,1.6035963499731616,1.06682769726248,11.372785829307569,0.1878690284487386,,
72,13.251476113794954,33.722490606548575,9.608158883521202,28.683574879227052,2.227589908749329,1.0534084809447128,11.265432098765432,0.1878690284487386,,
73,13.466183574879228,33.561460010735374,9.608158883521202,28.31454643048846,2.227589908749329,1.3821792807300053,11.252012882447666,0.1878690284487386,,
74,13.935856146001074,33.393719806763286,9.541062801932368,28.12667740203972,2.227589908749329,1.3821792807300053,11.20504562533548,0.1878690284487386,,
75,14.99597423510467,32.64224369296833,9.400161030595813,27.958937198067634,2.227589908749329,1.3821792807300053,11.20504562533548,0.1878690284487386,,
76,13.989533011272142,27.710681696188942,9.131776704240472,22.443639291465377,3.33467525496511,0.8856682769726248,22.134997316156735,0.1878690284487386,0.18115942028985507,
77,14.834943639291465,27.34836285560923,6.977992485238862,22.04777241009125,3.3279656468062266,0.8856682769726248,24.36929683306495,0.1878690284487386,0.020128824476650563,
78,15.45222758990875,27.113526570048307,6.964573268921095,21.450617283950617,3.3011272141706924,1.2278582930756843,24.282071926999464,0.1878690284487386,0.020128824476650563,
79,15.76086956521739,26.80488459473967,7.856951154052603,20.611916264090176,3.294417606011809,1.2278582930756843,24.14117015566291,0.28180354267310787,0.020128824476650563,
80,16.11647879763822,26.630434782608695,8.017981749865807,20.081857219538378,3.2675791733762747,1.5096618357487923,24.074074074074073,0.28180354267310787,0.020128824476650563,
81,15.861513687600644,23.678207192699947,8.863392377885132,18.51851851851852,7.669082125603865,1.5096618357487923,23.275630703166936,0.6038647342995169,0.020128824476650563,
82,16.384863123993558,23.463499731615673,8.829844337090714,18.431293612453032,7.635534084809447,1.5096618357487923,23.121309715512613,0.6038647342995169,0.020128824476650563,
83,16.935050993022006,23.329307568438004,8.789586688137414,18.357487922705314,7.595276435856146,1.4895330112721417,22.879763821792807,0.6038647342995169,0.020128824476650563,
84,17.277241009125067,23.315888352120236,8.749329039184111,18.283682232957595,7.50805152979066,1.4895330112721417,22.75228126677402,0.6038647342995169,0.020128824476650563,
85,17.68652710681696,23.262211486849168,8.682232957595277,18.209876543209877,7.380568974771873,1.4895330112721417,22.665056360708533,0.6038647342995169,0.020128824476650563,
86,17.183306494900698,19.867149758454108,8.454106280193237,30.54213633923779,6.763285024154589,1.4626945786366077,15.103327965646805,0.6038647342995169,0.020128824476650563,
87,17.290660225442835,18.5252281266774,8.440687063875469,27.435587761674718,11.265432098765432,1.4626945786366077,14.969135802469136,0.5904455179817498,0.020128824476650563,
88,17.290660225442835,18.471551261406333,8.413848631239935,27.58990874932904,11.231884057971014,1.4626945786366077,14.660493827160494,0.8655394524959742,0.013419216317767043,
89,16.67337627482555,18.203166935050994,8.024691358024691,27.3215244229737,10.997047772410092,1.4626945786366077,16.438539989264626,0.8655394524959742,0.013419216317767043,
90,17.216854535695116,18.109232420826622,7.890499194847021,27.17391304347826,10.950080515297907,1.4626945786366077,16.337895866881375,0.8454106280193237,0.013419216317767043,
91,17.143048845947398,18.47826086956522,7.803274288781535,27.093397745571657,10.889694041867955,1.4626945786366077,16.27079978529254,0.8454106280193237,0.013419216317767043,
92,16.961889425657542,17.867686527106816,4.025764895330113,26.194310252281266,10.628019323671497,1.4626945786366077,21.752549651100377,0.8454106280193237,,0.2616747181964573
93,15.895061728395062,15.03623188405797,3.878153515834675,20.417337627482556,8.017981749865807,2.563070316693505,33.353462157809986,0.5770263016639828,,0.2616747181964573
94,16.27079978529254,14.888620504562533,3.878153515834675,20.343531937734838,7.997852925389157,2.563070316693505,33.23268921095008,0.5636070853462157,,0.2616747181964573
95,16.6532474503489,14.781266774020397,3.878153515834675,20.2361782071927,7.96430488459474,2.563070316693505,33.09849704777241,0.5636070853462157,,0.2616747181964573
96,16.935050993022006,14.781266774020397,3.878153515834675,20.162372517444982,7.702630166398282,2.844873859366613,32.870370370370374,0.5636070853462157,,0.2616747181964573
97,17.14975845410628,14.761137949543746,4.072732152442297,19.860440150295222,7.682501341921632,2.844873859366613,32.48121309715513,0.8856682769726248,,0.2616747181964573
98,17.64626945786366,14.687332259796028,3.938539989264627,19.860440150295222,7.575147611379496,2.818035426731079,32.326892109500804,0.8856682769726248,,0.2616747181964573
99,18.243424584004295,14.465915190552872,3.938539989264627,19.706119162640903,7.541599570585078,2.804616210413312,32.15244229736983,0.8856682769726248,,0.2616747181964573
100,18.78690284487386,14.264626945786366,3.938539989264627,19.652442297369834,7.521470746108427,2.7979066022544283,31.890767579173378,0.8856682769726248,,0.2616747181964573
101,17.042404723564143,11.668008588298443,6.400966183574879,28.898282340311326,3.851315083199141,2.4221685453569513,28.824476650563607,0.630703166935051,,0.2616747181964573
102,14.17740203972088,7.192699946323135,5.83064949006978,40.49248523886205,3.4688674181427803,1.5029522275899088,26.442565754159958,0.630703166935051,,0.2616747181964573
103,14.465915190552872,7.192699946323135,5.763553408480945,39.130434782608695,3.4688674181427803,1.5029522275899088,26.40901771336554,1.8048845947396672,,0.2616747181964573
104,14.9020397208803,7.185990338164252,5.703166935050993,38.768115942028984,3.435319377348363,1.5029522275899088,26.25469672571122,1.9860440150295222,,0.2616747181964573
105,15.458937198067632,7.1725711218464845,5.703166935050993,38.59366612989801,3.3011272141706924,1.5029522275899088,26.039989264626946,1.9659151905528718,,0.2616747181964573
106,15.74074074074074,7.14573268921095,5.669618894256575,37.9092860976919,3.240740740740741,1.5029522275899088,25.905797101449274,2.623456790123457,,0.2616747181964573
107,16.264090177133657,7.112184648416532,5.374396135265701,37.76167471819646,3.227321524422974,1.4761137949543746,25.89908749329039,2.623456790123457,,0.2616747181964573
108,16.51905528717123,7.098765432098766,5.978260869565218,37.432903918411164,3.046162104133119,1.4626945786366077,25.583735909822867,2.6167471819645733,,0.2616747181964573
109,17.424852388620504,7.004830917874396,5.9514224369296835,36.70155662909286,3.750670960815888,1.4626945786366077,24.852388620504563,2.589908749329039,,0.2616747181964573
110,18.02871712292002,6.743156199677939,5.434782608695652,35.02415458937198,3.569511540526033,1.4492753623188406,26.053408480944714,3.435319377348363,,0.2616747181964573
111,17.961621041331185,6.608964036500268,5.394524959742351,34.15861513687601,3.5426731078904994,2.871712292002147,25.764895330112722,3.435319377348363,,0.2616747181964573
112,17.98174986580784,6.608964036500268,7.843531937734836,33.279656468062264,3.5426731078904994,2.85829307568438,24.818840579710145,2.804616210413312,,0.2616747181964573
113,18.874127750939344,6.474771873322598,7.809983896940419,32.78314546430489,3.535963499731616,2.8381642512077296,24.61755233494364,2.804616210413312,,0.2616747181964573
114,19.142512077294686,6.4412238325281805,7.749597423510467,32.56843800322061,3.5225442834138487,3.066290928609769,24.44981213097155,2.7979066022544283,,0.2616747181964573
115,19.41760601180891,6.380837359098229,7.695920558239399,32.367149758454104,3.488996242619431,3.388352120236178,24.074074074074073,2.9253891572732154,,0.2616747181964573
116,19.920826623725173,6.353998926462695,7.648953301127214,31.944444444444443,3.455448201825013,3.374932903918411,23.960010735373054,3.079710144927536,,0.2616747181964573
117,18.98148148148148,5.897745571658615,16.97530864197531,30.9044551798175,2.918679549114332,3.4822866344605474,18.80703166935051,1.7713365539452497,,0.2616747181964573
118,18.51851851851852,5.864197530864198,16.874664519592056,30.743424584004295,2.918679549114332,3.717122920021471,19.330381105743424,1.7713365539452497,,0.2616747181964573
119,19.32367149758454,5.8172302737520125,16.774020397208805,30.360976918947934,2.9052603327965647,3.8177670424047236,18.968062265163713,1.7713365539452497,,0.2616747181964573
120,20.04830917874396,5.743424584004294,12.99651100375738,30.119431025228128,2.8650026838432634,3.797638217928073,22.396672034353195,1.7713365539452497,,0.2616747181964573
121,20.28985507246377,5.730005367686527,12.95625335480408,30.03220611916264,2.8515834675254963,3.743961352657005,22.363123993558776,1.7713365539452497,,0.2616747181964573
122,20.78636607622115,5.730005367686527,12.842190016103059,29.770531400966185,2.8515834675254963,3.743961352657005,22.262479871175522,1.751207729468599,,0.2616747181964573
123,21.235909822866343,5.730005367686527,12.694578636607622,29.381374127750938,2.9589371980676327,3.717122920021471,21.692163177670423,2.328234031132582,,0.2616747181964573
124,19.32367149758454,5.730005367686527,12.04374664519592,34.54106280193237,2.576489533011272,3.9586688137412773,19.249865807836823,2.314814814814815,,0.2616747181964573
125,19.726247987117553,5.642780461621041,11.943102522812667,34.18545356951154,2.563070316693505,4.28743961352657,19.088835212023618,2.314814814814815,,0.24825550187869028
126,18.612453032742888,4.575952764358561,9.990606548577563,37.82877079978529,2.1806226516371443,3.824476650563607,20.799785292538918,1.9390767579173376,,0.24825550187869028
127,19.11567364465915,4.575952764358561,9.943639291465379,37.43961352657005,2.15378421900161,3.824476650563607,20.759527643585614,1.9390767579173376,,0.24825550187869028
128,19.706119162640903,4.575952764358561,9.943639291465379,37.27187332259796,2.15378421900161,3.7573805689747717,20.41062801932367,1.932367149758454,,0.24825550187869028
129,16.015834675254965,3.6902844873859366,10.205314009661835,49.53703703703704,1.6371443907675791,3.33467525496511,13.882179280730005,1.6975308641975309,,
130,12.848899624261943,3.4822866344605474,9.916800858829845,60.29253891572732,1.2010198604401503,2.254428341384863,9.131776704240472,0.8722490606548577,,
131,12.191358024691358,3.2675791733762747,10.943370907139023,61.3191089640365,1.3486312399355878,2.0531400966183573,8.487654320987655,0.38915727321524424,,
132,12.667740203972087,3.2541599570585076,10.909822866344605,60.950080515297905,1.3486312399355878,2.0531400966183573,8.427267847557703,0.38915727321524424,,
133,12.560386473429952,3.2474503488996245,10.057702630166398,61.560654857756305,1.2815351583467525,4.327697262479871,6.575415995705851,0.38915727321524424,,
134,12.86231884057971,3.2474503488996245,10.02415458937198,61.29898013955985,1.2815351583467525,4.320987654320987,6.575415995705851,0.38915727321524424,,
135,13.627214170692431,3.227321524422974,10.017444981213098,60.11808910359635,1.2815351583467525,4.777241009125067,6.561996779388084,0.38915727321524424,,
136,13.848631239935587,3.227321524422974,15.68035426731079,53.254159957058505,1.2815351583467525,5.589103596349974,6.528448738593666,0.5904455179817498,,
137,14.210950080515298,3.2206119162640903,15.626677402039721,53.00590445517982,1.2815351583467525,5.542136339237788,6.521739130434782,0.5904455179817498,,
138,14.586688137412775,2.985775630703167,11.574074074074074,51.76462694578637,1.5901771336553945,5.542136339237788,11.366076221148685,0.5904455179817498,,
139,13.969404186795492,2.0397208803005906,11.500268384326356,51.63714439076758,1.2815351583467525,5.501878690284487,13.479602791196994,0.5904455179817498,,
140,14.620236178207193,2.0397208803005906,11.252012882447666,51.35534084809447,1.2815351583467525,5.488459473966721,13.372249060654857,0.5904455179817498,,
141,14.150563607085346,2.006172839506173,11.533816425120772,51.83843263553408,1.2815351583467525,5.293880837359098,13.311862587224907,0.5837359098228664,,
142,12.822061191626409,2.006172839506173,8.527911969940956,56.957863660762214,2.147074610842727,4.730273752012883,12.245034889962426,0.5636070853462157,,
143,9.816156736446592,0.6709608158883521,7.816693505099302,63.85534084809447,2.100107353730542,4.146537842190016,11.030595813204508,0.5636070853462157,,
144,10.185185185185185,0.6709608158883521,7.809983896940419,63.5601180891036,2.100107353730542,4.146537842190016,10.976918947933441,0.5501878690284487,,
145,10.487117552334944,0.6709608158883521,7.809983896940419,63.35212023617821,2.086688137412775,4.139828234031133,10.903113258185721,0.5501878690284487,,
146,10.93666129898014,0.6709608158883521,7.716049382716049,63.13070316693505,2.086688137412775,4.126409017713366,10.829307568438002,0.5032206119162641,,
147,11.117820719269995,0.6709608158883521,8.501073537305421,62.553676865271065,2.086688137412775,4.012345679012346,10.171765968867419,0.8856682769726248,,
148,11.761943102522812,0.6709608158883521,8.454106280193237,61.56736446591519,2.3617820719269993,3.9989264626945786,10.171765968867419,1.0131508319914118,,
149,12.084004294149223,0.6709608158883521,8.387010198604402,59.78931830381106,2.5161030595813205,3.9720880300590444,10.104669887278583,2.475845410628019,,
150,12.654320987654321,0.6709608158883521,8.373590982286634,59.245840042941495,2.4490069779924855,4.1129898013955986,10.044283413848632,2.4490069779924855,,
151,13.177670424047236,0.6709608158883521,8.36688137412775,58.7962962962963,2.4490069779924855,4.092860976918948,9.997316156736447,2.4490069779924855,,
152,14.029790660225443,0.6642512077294686,8.3467525496511,58.091787439613526,2.4490069779924855,4.045893719806763,9.923510466988727,2.4490069779924855,,
153,14.358561460010735,0.6642512077294686,8.930488459473967,57.23295759527644,2.636876006441224,3.8848631239935587,9.842995169082126,2.4490069779924855,,
154,14.647074610842727,0.6642512077294686,8.82313472893183,57.058507783145465,2.636876006441224,3.8848631239935587,9.836285560923242,2.4490069779924855,,
155,15.5126140633387,0.6642512077294686,8.78287707997853,56.125872249060656,2.636876006441224,4.092860976918948,9.762479871175524,2.4221685453569513,,
156,15.398550724637682,0.5636070853462157,8.340042941492216,56.34728931830381,2.5966183574879227,4.032474503488996,10.299248523886206,2.4221685453569513,,
157,15.432098765432098,0.5166398282340311,8.333333333333334,56.045356951154055,2.5966183574879227,4.166666666666667,10.245571658615138,2.6637144390767578,,
158,15.975577026301664,0.5166398282340311,8.205850778314547,55.360976918947934,3.7238325281803544,4.166666666666667,9.406870638754697,2.6435856146001075,,
159,16.57944176060118,0.5166398282340311,8.158883521202362,55.01207729468599,3.69699409554482,4.119699409554482,9.386741814278047,2.5295222758990876,,
160,17.01556629092861,0.5099302200751477,8.158883521202362,54.468599033816425,3.8714439076757916,4.119699409554482,9.353193773483628,2.5026838432635534,,
161,17.371175523349436,0.5099302200751477,8.11862587224906,54.220343531937736,3.8714439076757916,4.0995705850778315,9.306226516371444,2.5026838432635534,,
162,17.820719269994633,0.5099302200751477,8.064949006977992,53.91170155662909,3.864734299516908,4.079441760601181,9.265968867418144,2.4825550187869028,,
163,18.605743424584006,0.5099302200751477,8.011272141706923,53.28099838969404,3.8311862587224907,4.052603327965647,9.225711218464841,2.4825550187869028,,
164,19.02173913043478,0.49651100375738055,7.7898550724637685,52.89855072463768,3.824476650563607,4.274020397208803,9.212292002147075,2.4825550187869028,,
165,19.73966720343532,0.49651100375738055,7.682501341921632,52.47584541062802,3.8177670424047236,4.274020397208803,9.03113258185722,2.4825550187869028,,
166,20.30998389694042,0.49651100375738055,7.568438003220612,52.05984970477724,3.7775093934514223,4.274020397208803,9.03113258185722,2.4825550187869028,,
167,20.343531937734838,0.49651100375738055,7.9106280193236715,51.549919484702095,4.005636070853462,4.200214707461084,9.01100375738057,2.4825550187869028,,
168,20.813204508856682,0.49651100375738055,7.85024154589372,51.27482555018787,3.9452495974235107,4.180085882984434,8.984165324745035,2.4557165861513686,,
169,21.71900161030596,0.49651100375738055,7.776435856146001,50.577026301663984,3.92512077294686,4.1532474503489,8.93719806763285,2.4154589371980677,,
170,21.953837895866883,0.49651100375738055,7.548309178743962,50.02012882447665,3.8915727321524423,4.260601180891036,9.440418679549115,2.3886205045625335,,
171,22.12157809983897,0.49651100375738055,7.548309178743962,49.22839506172839,4.643048845947397,4.193505099302201,9.380032206119163,2.3886205045625335,,
172,22.088030059044552,0.49651100375738055,7.206119162640902,49.013687600644126,4.488727858293076,4.045893719806763,10.272410091250672,2.3886205045625335,,
173,22.376543209876544,0.49651100375738055,7.206119162640902,48.812399355877616,4.448470209339774,4.03918411164788,10.23215244229737,2.3886205045625335,,
174,22.604669887278583,0.49651100375738055,7.192699946323135,48.70504562533548,4.448470209339774,4.012345679012346,10.151637144390767,2.3886205045625335,,
175,22.356414385399894,0.49651100375738055,7.125603864734299,47.94015029522276,5.683038110574342,4.012345679012346,9.997316156736447,2.3886205045625335,,
176,23.060923242082662,0.49651100375738055,7.085346215780999,47.32957595276436,5.683038110574342,4.005636070853462,9.997316156736447,2.341653247450349,,
177,23.101180891035963,0.49651100375738055,7.085346215780999,47.14170692431562,5.683038110574342,3.9720880300590444,10.178475577026301,2.341653247450349,,
178,23.060923242082662,0.49651100375738055,8.521202361782072,46.2157809983897,5.683038110574342,3.9184111647879765,9.500805152979066,2.6033279656468062,,
179,23.047504025764894,0.49651100375738055,8.467525496511003,44.93424584004294,5.676328502415459,5.307300053676865,9.46725711218465,2.6033279656468062,,
180,20.873590982286636,0.27509393451422437,8.340042941492216,49.060654857756305,5.246913580246914,4.408212560386473,9.03113258185722,2.7643585614600106,,
181,21.18894256575416,0.2683843263553409,8.32662372517445,48.72517444981213,5.448201825013419,4.30756843800322,8.984165324745035,2.7509393451422435,,
182,21.490874932903917,0.2683843263553409,8.3064949006978,48.46349973161568,5.448201825013419,4.30756843800322,8.964036500268385,2.7509393451422435,,
183,21.329844337090712,0.2683843263553409,8.279656468062266,49.84567901234568,4.408212560386473,4.274020397208803,8.849973161567364,2.7442297369833604,,
184,21.544551798174986,0.2683843263553409,8.36688137412775,49.61084272678475,4.40150295222759,4.26731078904992,8.796296296296296,2.7442297369833604,,
185,21.611647879763822,0.2683843263553409,8.635265700483092,48.590982286634464,4.260601180891036,4.2203435319377345,9.749060654857756,2.6637144390767578,,
186,21.900161030595815,0.2683843263553409,8.105206655931294,48.00053676865271,5.22007514761138,4.159957058507783,9.749060654857756,2.5966183574879227,,
187,22.10144927536232,0.2683843263553409,8.038110574342458,47.82608695652174,5.293880837359098,4.159957058507783,9.71551261406334,2.5966183574879227,,
188,22.08132045088567,0.2683843263553409,7.555018786902845,47.44363929146538,5.293880837359098,4.092860976918948,10.674986580783683,2.589908749329039,,
189,21.73913043478261,0.2683843263553409,7.501341921631776,46.61164787976382,6.488191089640365,4.300858829844337,10.50053676865271,2.589908749329039,,
190,21.980676328502415,0.24154589371980675,7.474503488996243,46.28958668813741,6.461352657004831,4.300858829844337,10.48040794417606,2.771068169618894,,
191,22.537573805689746,0.24154589371980675,7.447665056360709,45.94739667203435,6.374127750939345,4.260601180891036,10.420021470746109,2.771068169618894,,
192,22.63150831991412,0.24154589371980675,6.984702093397746,45.73939881910896,6.374127750939345,4.260601180891036,10.997047772410092,2.771068169618894,,
193,23.121309715512613,0.24154589371980675,6.91760601180891,45.08185721953838,6.6760601180891035,4.260601180891036,10.929951690821255,2.771068169618894,,
194,23.423242082662373,0.24154589371980675,6.89747718733226,44.927536231884055,6.629092860976919,4.193505099302201,10.916532474503489,2.771068169618894,,
195,23.825818572195384,0.24154589371980675,6.870638754696726,44.67257112184648,6.582125603864735,4.193505099302201,10.856146001073537,2.757648953301127,,
196,24.27536231884058,0.24154589371980675,6.837090713902308,44.37063875469673,6.568706387546968,4.1532474503489,10.809178743961352,2.7442297369833604,,
197,24.63768115942029,0.23483628556092323,6.790123456790123,44.07541599570585,6.568706387546968,4.1532474503489,10.795759527643586,2.7442297369833604,,
198,24.718196457326894,0.23483628556092323,6.769994632313473,43.73322597960279,6.535158346752549,4.549114331723027,10.748792270531402,2.7106816961889426,,
199,24.9597423510467,0.23483628556092323,6.716317767042405,43.45142243692968,6.494900697799249,4.549114331723027,10.7085346215781,2.885131508319914,,
200,22.544283413848632,0.23483628556092323,5.542136339237788,49.563875469672574,5.60252281266774,4.488727858293076,9.252549651100376,2.771068169618894,,
201,23.081052066559312,0.23483628556092323,5.495169082125604,49.033816425120776,5.367686527106817,4.824208266237251,9.192163177670425,2.771068169618894,,
202,23.389694041867955,0.23483628556092323,5.495169082125604,48.7788513150832,5.347557702630167,4.824208266237251,9.158615136876007,2.771068169618894,,
203,23.597691894793343,0.23483628556092323,5.407944176060118,48.44337090713902,5.3274288781535155,5.112721417069243,9.104938271604938,2.771068169618894,,
204,24.06736446591519,0.23483628556092323,5.394524959742351,48.04079441760601,5.293880837359098,5.10601180891036,9.091519055287172,2.771068169618894,,
205,24.16129898013956,0.23483628556092323,5.347557702630167,46.484165324745035,5.280461621041331,4.904723564143854,10.815888352120236,2.771068169618894,,
206,24.651100375738057,0.23483628556092323,5.287171229200215,46.23590982286635,5.173107890499195,4.87788513150832,10.789049919484702,2.7509393451422435,,
207,24.785292538915726,0.23483628556092323,5.260332796564681,46.10842726784756,5.173107890499195,5.059044551798175,10.628019323671497,2.7509393451422435,,
208,25.281803542673106,0.23483628556092323,5.253623188405797,45.73939881910896,4.958400429414922,5.038915727321524,10.554213633923778,2.9388083735909825,,
209,25.509930220075148,0.2281266774020397,5.226784755770263,45.4374664519592,4.958400429414922,5.038915727321524,10.668276972624799,2.932098765432099,,
210,26.060118089103597,0.2281266774020397,5.152979066022544,45.12211486849168,4.944981213097155,4.998658078368224,10.587761674718196,2.9052603327965647,,
211,26.422436929683307,0.2281266774020397,5.12614063338701,44.947665056360705,4.931561996779388,4.931561996779388,10.507246376811594,2.9052603327965647,,
212,26.992753623188406,0.20799785292538917,5.119431025228127,44.67257112184648,4.898013955984971,4.911433172302737,10.292538915727322,2.9052603327965647,,
213,26.912238325281802,0.20799785292538917,5.407944176060118,44.545088566827694,4.85775630703167,4.904723564143854,10.258990874932904,2.9052603327965647,,
214,27.30139559849705,0.20799785292538917,5.407944176060118,44.296833064949006,4.790660225442834,4.871175523349437,10.238862050456254,2.885131508319914,,
215,27.509393451422437,0.20799785292538917,5.508588298443371,44.0552871712292,4.797369833601718,4.864465915190553,10.21202361782072,2.844873859366613,,
216,27.84487385936661,0.20799785292538917,5.46833064949007,43.853998926462694,4.750402576489533,4.8376274825550185,10.19189479334407,2.844873859366613,,
217,28.099838969404185,0.20799785292538917,5.4549114331723025,43.47155126140633,4.750402576489533,4.824208266237251,10.124798711755233,3.066290928609769,,
218,28.535963499731615,0.20799785292538917,5.428073000536768,43.27026301663983,4.7168545356951155,4.777241009125067,10.037573805689748,3.026033279656468,,
219,28.824476650563607,0.20799785292538917,5.414653784219001,43.12936124530327,4.87788513150832,4.7638217928073,9.782608695652174,2.999194847020934,,
220,29.260601180891037,0.20799785292538917,5.743424584004294,42.51878690284487,4.817498658078368,4.703435319377348,9.749060654857756,2.999194847020934,,
221,29.334406870638755,0.14761137949543746,6.642512077294686,41.888083735909824,4.5960815888352125,4.703435319377348,9.722222222222221,2.965646806226516,,
222,29.522275899087493,0.14761137949543746,6.608964036500268,41.599570585077835,4.817498658078368,4.703435319377348,9.634997316156737,2.965646806226516,,
223,29.421631776704242,0.14761137949543746,6.608964036500268,41.243961352657,4.757112184648417,5.059044551798175,9.796027911969942,2.965646806226516,,
224,29.70343531937735,0.14761137949543746,6.890767579173376,41.0024154589372,4.656468062265164,4.998658078368224,9.71551261406334,2.885131508319914,,
225,29.723564143854,0.14761137949543746,6.843800322061192,39.821524422973695,4.414922168545357,5.669618894256575,10.493827160493828,2.885131508319914,,
226,29.830917874396135,0.14761137949543746,6.830381105743425,39.65378421900161,4.414922168545357,5.776972624798712,10.46027911969941,2.885131508319914,,
227,30.14626945786366,0.14761137949543746,6.796833064949007,39.512882447665056,4.3545356951154055,5.743424584004294,10.453569511540525,2.844873859366613,,
228,30.293880837359097,0.14761137949543746,7.051798174986581,39.18411164787977,4.3545356951154055,5.71658615136876,10.426731078904991,2.8247450348899625,,
229,30.394524959742352,0.14761137949543746,7.0383789586688135,39.12372517444981,4.3478260869565215,5.709876543209877,10.420021470746109,2.818035426731079,,
230,30.67632850241546,0.14761137949543746,7.004830917874396,38.90230810520666,4.3478260869565215,5.709876543209877,10.393183038110575,2.818035426731079,,
231,30.877616747181964,0.14761137949543746,6.823671497584541,38.768115942028984,4.361245303274289,5.636070853462158,10.581052066559312,2.804616210413312,,
232,31.333870101986044,0.14761137949543746,6.743156199677939,38.5601180891036,4.274020397208803,5.609232420826624,10.527375201288244,2.804616210413312,,
233,31.743156199677937,0.14761137949543746,6.736446591519055,38.31186258722491,4.159957058507783,5.5756843800322065,10.446859903381643,2.8784219001610305,,
234,31.910896403650028,0.14761137949543746,6.709608158883521,38.238056897477186,4.159957058507783,5.548845947396672,10.420021470746109,2.8650026838432634,,
235,32.19940955448202,0.14761137949543746,6.709608158883521,38.18438003220612,4.106280193236715,5.548845947396672,10.373054213633925,2.7308105206655933,,
236,31.54186795491143,0.14761137949543746,6.709608158883521,39.09688674181428,4.106280193236715,5.360976918947934,10.305958132045088,2.7308105206655933,,
237,31.696188942565755,0.14761137949543746,6.709608158883521,38.88217928073001,4.106280193236715,5.488459473966721,10.258990874932904,2.7106816961889426,,
238,32.17257112184648,0.14761137949543746,6.6760601180891035,38.51315083199141,4.106280193236715,5.4549114331723025,10.258990874932904,2.6704240472356413,,
239,32.22624798711755,0.14761137949543746,6.6760601180891035,38.0300590445518,4.441760601180891,5.656199677938808,10.171765968867419,2.6502952227589907,,
240,32.52147074610843,0.14761137949543746,6.6760601180891035,37.74154589371981,4.441760601180891,5.656199677938808,10.171765968867419,2.6435856146001075,,
241,32.23295759527644,0.14761137949543746,6.575415995705851,37.567096081588836,4.200214707461084,5.656199677938808,10.990338164251208,2.6301663982823404,,
242,32.25979602791197,0.14761137949543746,8.527911969940956,35.587761674718195,4.200214707461084,5.656199677938808,10.990338164251208,2.6301663982823404,,
243,32.39398819108964,0.14761137949543746,8.527911969940956,35.43344068706388,4.455179817498658,5.636070853462158,10.809178743961352,2.5966183574879227,,
244,32.62211486849168,0.14761137949543746,8.433977455716587,35.38647342995169,4.42163177670424,5.622651637144391,10.768921095008052,2.5966183574879227,,
245,32.63553408480945,0.14761137949543746,8.393719806763285,34.50751476113795,4.233762748255502,5.622651637144391,11.889425657541599,2.5697799248523885,,
246,32.59527643585615,0.14761137949543746,8.36688137412775,34.33977455716586,4.394793344068707,5.622651637144391,11.869296833064949,2.6637144390767578,,
247,32.87707997852925,0.14761137949543746,8.319914117015566,34.252549651100374,4.394793344068707,5.5689747718733225,11.79549114331723,2.6435856146001075,,
248,33.1857219538379,0.14761137949543746,8.293075684380032,34.064680622651636,4.394793344068707,5.508588298443371,11.768652710681696,2.636876006441224,,
249,33.78958668813741,0.14761137949543746,8.199141170155663,33.62855609232421,4.38137412775094,5.495169082125604,11.748523886205046,2.61003757380569,,
250,34.10493827160494,0.14761137949543746,8.158883521202362,33.52120236178207,4.327697262479871,5.4616210413311865,11.674718196457327,2.6033279656468062,,
251,34.292807300053674,0.14761137949543746,8.259527643585615,33.40713902308105,4.314278046162104,5.421363392377885,11.60762211486849,2.5496511003757383,,
252,34.346484165324746,0.14761137949543746,8.252818035426731,33.25952764358561,4.49543746645196,5.407944176060118,11.560654857756306,2.5295222758990876,,
253,34.52093397745572,0.14761137949543746,8.246108427267847,33.17901234567901,4.468599033816425,5.394524959742351,11.513687600644122,2.5295222758990876,,
254,34.896672034353195,0.14761137949543746,8.179012345679013,32.72275899087493,4.448470209339774,5.381105743424584,11.486849168008588,2.737520128824477,,
255,35.07112184648417,0.14761137949543746,8.158883521202362,32.407407407407405,4.441760601180891,5.609232420826624,11.460010735373054,2.703972088030059,,
256,35.178475577026305,0.14761137949543746,8.152173913043478,32.340311325818575,4.441760601180891,5.589103596349974,11.460010735373054,2.690552871712292,,
257,35.299248523886206,0.14761137949543746,8.132045088566828,32.27992485238862,4.42163177670424,5.58239398819109,11.446591519055287,2.690552871712292,,
258,35.47369833601718,0.14761137949543746,8.125335480407944,32.26650563607085,4.361245303274289,5.555555555555555,11.392914653784219,2.677133655394525,,
259,35.77563070316693,0.14761137949543746,8.091787439613526,32.17928073000537,4.314278046162104,5.555555555555555,11.265432098765432,2.6704240472356413,,
