,45,50,55,51,52,57,54,53,56,59,60,58,46
0,99.37600644122384,0.6239935587761675,,,,,,,,,,,
1,96.81964573268921,3.180354267310789,,,,,,,,,,,
2,93.605743424584,6.394256575415996,,,,,,,,,,,
3,51.13392377885131,46.77938808373591,2.086688137412775,,,,,,,,,,
4,49.060654857756305,48.32259796027912,2.6167471819645733,,,,,,,,,,
5,48.02066559312936,49.15458937198068,2.8247450348899625,,,,,,,,,,
6,47.839506172839506,49.013687600644126,2.965646806226516,0.0939345142243693,0.08722490606548577,,,,,,,,
7,45.2361782071927,51.57675791733763,3.0059044551798175,0.0939345142243693,0.08722490606548577,,,,,,,,
8,44.77992485238862,51.73778851315083,3.2474503488996245,0.12077294685990338,0.08722490606548577,0.026838432635534086,,,,,,,
9,41.95517981749866,53.0931293612453,3.5963499731615673,0.10735373054213634,0.08722490606548577,0.026838432635534086,1.133923778851315,,,,,,
10,41.80085882984434,52.764358561460014,4.032474503488996,0.15432098765432098,0.08722490606548577,0.026838432635534086,1.133923778851315,,,,,,
11,41.17015566290929,51.43585614600107,4.206924315619967,0.15432098765432098,0.08722490606548577,0.026838432635534086,0.7112184648416533,2.2074610842726785,,,,,
12,38.90230810520666,53.32125603864734,4.408212560386473,0.15432098765432098,0.08722490606548577,0.14090177133655393,0.6239935587761675,2.147074610842727,0.15432098765432098,0.06038647342995169,,,
13,38.92243692968331,53.03274288781535,4.62962962962963,0.15432098765432098,0.11406333870101985,0.14090177133655393,0.6105743424584005,2.147074610842727,0.15432098765432098,0.06038647342995169,0.03354804079441761,,
14,38.73456790123457,53.153515834675254,4.676596886741814,0.15432098765432098,0.11406333870101985,0.14090177133655393,0.630703166935051,2.0665593129361244,0.15432098765432098,0.05367686527106817,0.03354804079441761,0.08722490606548577,
15,38.61379495437466,50.4092860976919,4.8443370907139025,0.20799785292538917,0.14090177133655393,0.14090177133655393,0.8789586688137413,4.42163177670424,0.15432098765432098,0.05367686527106817,0.04696725711218465,0.08722490606548577,
16,38.36553945249597,50.355609232420825,5.032206119162641,0.20799785292538917,0.14090177133655393,0.2281266774020397,0.8521202361782072,4.4753086419753085,0.15432098765432098,0.05367686527106817,0.04696725711218465,0.08722490606548577,
17,38.191089640365,50.02012882447665,5.407944176060118,0.3421900161030596,0.14090177133655393,0.2281266774020397,0.8319914117015567,4.361245303274289,0.15432098765432098,0.05367686527106817,0.04696725711218465,0.2214170692431562,
18,37.76838432635534,45.90713902308105,8.749329039184111,0.3421900161030596,0.14090177133655393,0.2281266774020397,2.1739130434782608,4.213633923778851,0.15432098765432098,0.05367686527106817,0.04696725711218465,0.2214170692431562,
19,37.56038647342995,45.40391841116479,8.125335480407944,0.3421900161030596,0.14090177133655393,0.2281266774020397,2.0665593129361244,5.609232420826624,0.20128824476650564,0.05367686527106817,0.04696725711218465,0.2214170692431562,
20,37.151100375738054,44.73966720343532,9.07139023081052,0.3421900161030596,0.14090177133655393,0.2281266774020397,2.0665593129361244,5.615942028985507,0.20128824476650564,0.14761137949543746,0.03354804079441761,0.2616747181964573,
21,36.95652173913044,44.847020933977454,9.091519055287172,0.3421900161030596,0.14090177133655393,0.2281266774020397,2.13365539452496,5.615942028985507,0.20128824476650564,0.14761137949543746,0.03354804079441761,0.2616747181964573,
22,36.87600644122383,43.09581320450886,10.809178743961352,0.3421900161030596,0.14090177133655393,0.38915727321524424,2.13365539452496,5.615942028985507,0.15432098765432098,0.14761137949543746,0.03354804079441761,0.2616747181964573,
23,36.52710681696189,42.639559849704774,10.668276972624799,0.35560923242082665,0.14090177133655393,0.38915727321524424,3.0193236714975846,5.615942028985507,0.15432098765432098,0.14761137949543746,0.08051529790660225,0.2616747181964573,
24,36.45330112721417,37.07058507783145,7.313472893183038,0.35560923242082665,0.14090177133655393,0.38915727321524424,13.063607085346217,4.8376274825550185,0.15432098765432098,0.17444981213097155,0.04696725711218465,,
25,35.869565217391305,36.460010735373054,7.226247987117552,0.35560923242082665,1.2345679012345678,0.38915727321524424,13.123993558776167,4.8376274825550185,0.15432098765432098,0.1878690284487386,0.1610305958132045,,
26,35.581052066559316,36.24530327428878,7.2933440687063875,0.41599570585077833,1.2546967257112185,0.38915727321524424,13.271604938271604,4.9718196457326895,0.15432098765432098,0.2616747181964573,0.1610305958132045,,
27,35.339506172839506,34.514224369296834,7.1658615136876005,0.41599570585077833,0.9326355340848095,0.3757380568974772,13.070316693505099,7.387278582930757,0.15432098765432098,0.3421900161030596,0.1610305958132045,0.14090177133655393,
28,35.138217928073,34.614868491680085,7.1725711218464845,0.36902844873859364,0.9326355340848095,0.3757380568974772,13.150831991411701,7.447665056360709,0.15432098765432098,0.3421900161030596,0.1610305958132045,0.14090177133655393,
29,35.02415458937198,34.46725711218465,6.830381105743425,0.43612453032742887,1.0265700483091786,0.1610305958132045,12.808641975308642,8.158883521202362,0.15432098765432098,0.47638217928073,0.1610305958132045,0.2952227589908749,
30,35.01073537305421,34.13848631239936,6.9310252281266775,0.43612453032742887,1.0265700483091786,0.1610305958132045,13.050187869028449,8.158883521202362,0.15432098765432098,0.47638217928073,0.1610305958132045,0.2952227589908749,
31,34.88325281803543,33.21926999463231,6.723027375201288,0.48980139559849706,1.0131508319914118,0.24825550187869028,14.090177133655395,8.111916264090176,0.2885131508319914,0.47638217928073,0.1610305958132045,0.2952227589908749,
32,32.2866344605475,34.20558239398819,5.756843800322061,0.48980139559849706,0.9259259259259259,0.20128824476650564,14.486044015029522,10.299248523886206,0.2885131508319914,0.6172839506172839,0.15432098765432098,0.2885131508319914,
33,29.066022544283413,36.4398819108964,5.159688674181428,0.46296296296296297,0.8521202361782072,0.20128824476650564,14.439076757917338,11.996779388083736,0.30193236714975846,0.6374127750939346,0.15432098765432098,0.2885131508319914,
34,28.817767042404725,36.35265700483092,5.280461621041331,0.5636070853462157,0.9594739667203436,0.2683843263553409,14.506172839506172,11.869296833064949,0.30193236714975846,0.6374127750939346,0.15432098765432098,0.2885131508319914,
35,28.60305958132045,36.3191089640365,5.340848094471283,0.7514761137949544,0.9594739667203436,0.2683843263553409,14.459205582393988,11.869296833064949,0.30193236714975846,0.6843800322061192,0.15432098765432098,0.2885131508319914,
36,27.82474503488996,37.07729468599034,5.360976918947934,0.7514761137949544,0.9594739667203436,0.2683843263553409,14.445786366076222,11.869296833064949,0.30193236714975846,0.6977992485238862,0.15432098765432098,0.2885131508319914,
37,25.986312399355878,35.628019323671495,5.112721417069243,0.6977992485238862,4.931561996779388,0.2683843263553409,13.848631239935587,11.79549114331723,0.30193236714975846,0.9125067096081588,0.15432098765432098,0.36231884057971014,
38,25.583735909822867,35.72866344605475,5.22007514761138,0.6977992485238862,4.931561996779388,0.2683843263553409,13.741277509393452,11.896135265700483,0.3757380568974772,0.9125067096081588,0.15432098765432098,0.48980139559849706,
39,25.523349436392916,35.72195383789587,5.246913580246914,0.6977992485238862,4.931561996779388,0.2683843263553409,13.741277509393452,11.936392914653783,0.3757380568974772,0.9125067096081588,0.15432098765432098,0.48980139559849706,
40,25.38244766505636,35.86285560923242,5.246913580246914,0.6977992485238862,4.871175523349437,0.32877079978529256,13.654052603327965,11.936392914653783,0.3757380568974772,0.9997316156736447,0.15432098765432098,0.48980139559849706,
41,25.214707461084274,35.91653247450349,5.293880837359098,0.7380568974771873,4.871175523349437,0.32877079978529256,13.687600644122384,11.902844873859367,0.3757380568974772,0.9997316156736447,0.15432098765432098,0.5166398282340311,
42,25.13419216317767,35.950080515297905,5.340848094471283,0.7380568974771873,4.871175523349437,0.28180354267310787,13.747987117552334,11.889425657541599,0.3757380568974772,0.9997316156736447,0.15432098765432098,0.5166398282340311,
43,23.637949543746647,36.09769189479334,5.0858829844337095,2.4825550187869028,8.038110574342458,0.1878690284487386,10.547504025764896,11.60762211486849,0.6105743424584005,1.0332796564680622,0.15432098765432098,0.5166398282340311,
44,23.49704777241009,35.37305421363392,4.703435319377348,2.428878153515835,7.997852925389157,0.1878690284487386,10.587761674718196,12.95625335480408,0.644122383252818,0.9393451422436929,0.13419216317767044,0.5501878690284487,
45,22.73215244229737,36.41975308641975,4.690016103059581,2.2745571658615136,7.9039184111647875,0.2885131508319914,10.48040794417606,12.95625335480408,0.644122383252818,0.9393451422436929,0.13419216317767044,0.5367686527106817,
46,22.6784755770263,36.32581857219538,4.830917874396135,2.314814814814815,7.796564680622652,0.4830917874396135,10.23215244229737,12.86231884057971,0.630703166935051,0.8856682769726248,0.13419216317767044,0.8252818035426731,
47,22.65163714439077,36.2385936661299,4.911433172302737,2.24771873322598,7.796564680622652,0.5568974771873323,10.218733225979603,12.795222758990874,0.630703166935051,0.8990874932903918,0.13419216317767044,0.9192163177670424,
48,17.726784755770264,40.70048309178744,5.0993022007514766,2.5161030595813205,7.467793880837359,0.5568974771873323,10.534084809447128,12.446323134728932,0.630703166935051,0.8990874932903918,0.13419216317767044,1.288244766505636,
49,17.465110037573805,38.79495437466452,4.830917874396135,2.5161030595813205,17.06924315619968,0.3421900161030596,5.401234567901234,11.33923778851315,0.630703166935051,0.32877079978529256,0.13419216317767044,1.1473429951690821,
50,17.444981213097154,38.65405260332797,5.280461621041331,2.5161030595813205,16.639828234031132,0.43612453032742887,5.4549114331723025,11.332528180354267,0.630703166935051,0.32877079978529256,0.13419216317767044,1.1473429951690821,
51,17.257112184648417,38.45276435856146,5.46833064949007,2.5161030595813205,16.6129898013956,0.5636070853462157,5.448201825013419,11.137949543746645,0.630703166935051,0.5636070853462157,0.13419216317767044,1.2144390767579174,
52,17.102791196994094,30.723295759527645,4.898013955984971,10.735373054213634,16.5727321524423,0.5904455179817498,5.662909286097692,11.11111111111111,0.6910896403650026,0.5636070853462157,0.13419216317767044,1.2144390767579174,
53,15.28448738593666,38.58695652173913,4.622920021470746,5.22007514761138,16.465378421900162,0.5904455179817498,5.629361245303274,11.023886205045626,0.6642512077294686,0.5636070853462157,0.13419216317767044,1.2144390767579174,
54,15.291196994095545,38.51315083199141,4.62962962962963,5.253623188405797,16.465378421900162,0.5904455179817498,5.642780461621041,10.916532474503489,0.6642512077294686,0.5904455179817498,0.13419216317767044,1.3083735909822867,
55,15.103327965646805,37.97638217928073,4.40150295222759,5.045625335480408,17.921363392377884,0.5501878690284487,5.891035963499732,10.299248523886206,0.8185721953837896,0.5904455179817498,0.13419216317767044,1.2681159420289856,
56,14.97584541062802,37.98309178743961,4.562533548040794,5.045625335480408,17.921363392377884,0.5501878690284487,5.850778314546431,10.285829307568438,0.8185721953837896,0.5904455179817498,0.13419216317767044,1.2815351583467525,
57,14.935587761674718,37.66774020397209,4.5960815888352125,4.998658078368224,17.69994632313473,0.6977992485238862,6.179549114331723,10.339506172839506,0.8521202361782072,0.6172839506172839,0.13419216317767044,1.2815351583467525,
58,14.781266774020397,36.560654857756305,4.508856682769726,4.924852388620504,17.693236714975846,0.6977992485238862,7.9106280193236715,10.104669887278583,0.8655394524959742,0.630703166935051,0.13419216317767044,1.1876006441223832,
59,14.660493827160494,35.80246913580247,4.4753086419753085,7.347020933977456,16.35131508319914,0.966183574879227,7.50805152979066,9.990606548577563,0.9997316156736447,0.6038647342995169,0.13419216317767044,1.1607622114868492,
60,14.593397745571659,35.44015029522276,4.622920021470746,7.387278582930757,16.53918411164788,1.1741814278046163,7.4141170155662905,9.990606548577563,0.95276435856146,0.5904455179817498,0.13419216317767044,1.1607622114868492,
61,14.626945786366075,35.158346752549654,4.8376274825550185,7.239667203435319,16.532474503488995,1.2815351583467525,7.387278582930757,9.876543209876543,1.1674718196457328,0.5904455179817498,0.13419216317767044,1.1674718196457328,
62,14.452495974235104,33.61513687600644,4.8376274825550185,7.219538378958669,16.63311862587225,1.3754696725711217,7.447665056360709,11.292270531400966,1.2412775093934514,0.5837359098228664,0.13419216317767044,1.1674718196457328,
63,14.432367149758454,33.36688137412775,4.985238862050457,7.192699946323135,16.680085882984432,1.482823403113258,7.440955448201825,11.151368760064413,1.2412775093934514,0.5837359098228664,0.13419216317767044,1.3083735909822867,
64,14.096886741814279,32.21282877079979,6.072195383789587,7.273215244229737,15.747450348899624,1.7579173376274826,8.3064949006978,11.104401502952227,1.3553408480944713,0.5837359098228664,0.13419216317767044,1.3553408480944713,
65,13.88888888888889,30.649490069779926,5.904455179817498,9.460547504025765,17.444981213097154,1.892109500805153,6.253354804079442,10.909822866344605,1.5096618357487923,0.5703166935050993,0.13419216317767044,1.3821792807300053,
66,13.781535158346752,30.159688674181428,5.542136339237788,12.526838432635534,17.297369833601717,1.7981749865807837,6.0587761674718195,9.608158883521202,1.415727321524423,0.5434782608695652,0.026838432635534086,1.2412775093934514,
67,13.727858293075684,30.213365539452496,5.515297906602254,12.526838432635534,17.290660225442835,1.8384326355340848,5.984970477724101,9.608158883521202,1.4962426194310252,0.5434782608695652,0.026838432635534086,1.2278582930756843,
68,13.714439076757918,30.04562533548041,5.58239398819109,12.432903918411165,17.277241009125067,1.9860440150295222,5.931293612453032,9.54777241009125,1.6103059581320451,0.5434782608695652,0.026838432635534086,1.3016639828234031,
69,13.727858293075684,27.865002683843265,5.374396135265701,12.392646269457863,16.888083735909824,2.2946859903381642,5.837359098228664,11.808910359634996,1.7444981213097155,0.6709608158883521,0.026838432635534086,1.3687600644122384,
70,13.734567901234568,26.44927536231884,5.394524959742351,12.130971551261407,16.223832528180353,2.4221685453569513,8.21256038647343,11.312399355877616,1.90552871712292,0.7917337627482555,0.026838432635534086,1.3955984970477724,
71,13.714439076757918,26.34863123993559,5.381105743424584,12.130971551261407,16.223832528180353,2.4221685453569513,8.272946859903382,11.218464841653248,1.9659151905528718,0.7917337627482555,0.040257648953301126,1.4895330112721417,
72,13.714439076757918,26.194310252281266,5.676328502415459,11.647879763821793,16.740472356414386,2.395330112721417,8.225979602791197,11.151368760064413,1.9189479334406871,0.7648953301127214,0.040257648953301126,1.5297906602254427,
73,13.694310252281268,25.650831991411703,5.730005367686527,11.460010735373054,17.814009661835748,2.5161030595813205,7.702630166398282,11.158078368223295,1.8988191089640365,0.7648953301127214,0.040257648953301126,1.570048309178744,
74,13.6808910359635,25.55689747718733,5.797101449275362,11.419753086419753,17.814009661835748,2.5831991411701556,7.635534084809447,11.258722490606548,1.8786902844873858,0.7648953301127214,0.040257648953301126,1.570048309178744,
75,13.667471819645733,25.449543746645197,5.8172302737520125,11.439881910896403,17.505367686527105,2.844873859366613,7.742887815351583,11.225174449812132,1.9390767579173376,0.7648953301127214,0.040257648953301126,1.5633387010198605,
76,13.6406333870102,25.489801395598498,5.897745571658615,11.305689747718732,17.47181964573269,2.8784219001610305,7.729468599033816,11.178207192699947,1.9793344068706387,0.7648953301127214,0.05367686527106817,1.6103059581320451,
77,13.674181427804616,25.41599570585078,6.038647342995169,11.18491680085883,17.438271604938272,2.818035426731079,7.615405260332796,11.178207192699947,2.0933977455716586,0.8789586688137413,0.05367686527106817,1.6103059581320451,
78,13.654052603327965,25.39586688137413,6.206387546967257,11.064143853998926,17.337627482555018,2.8918411164787976,7.427536231884058,11.07085346215781,2.200751476113795,0.9393451422436929,0.05367686527106817,1.7579173376274826,
79,13.600375738056897,25.006709608158882,6.266774020397209,10.95679012345679,17.297369833601717,2.8918411164787976,7.494632313472893,11.305689747718732,2.3483628556092326,0.9393451422436929,0.05367686527106817,1.8384326355340848,
80,13.385668276972625,25.127482555018787,6.407675791733762,10.95679012345679,17.163177670424048,2.965646806226516,7.461084272678476,11.372785829307569,2.281266774020397,0.9863123993558777,0.05367686527106817,1.8384326355340848,
81,13.09044551798175,23.74530327428878,5.159688674181428,10.829307568438002,17.458400429414922,3.0193236714975846,10.59447128287708,11.037305421363392,2.2074610842726785,0.9728931830381106,0.05367686527106817,1.8317230273752012,
82,13.030059044551798,23.74530327428878,5.159688674181428,10.735373054213634,17.55233494363929,3.0193236714975846,10.158346752549651,10.983628556092324,2.2745571658615136,1.3821792807300053,0.08051529790660225,1.8786902844873858,
83,12.902576489533011,23.859366612989803,5.139559849704777,10.768921095008052,17.55233494363929,3.0059044551798175,10.138217928073,10.909822866344605,2.38191089640365,1.3821792807300053,0.08051529790660225,1.8786902844873858,
84,12.875738056897477,23.778851315083198,5.233494363929147,10.789049919484702,17.518786902844873,3.0394524959742353,10.02415458937198,10.903113258185721,2.4557165861513686,1.4224369296833066,0.08051529790660225,1.8451422436929683,0.03354804079441761
85,12.835480407944177,23.62453032742888,5.340848094471283,10.869565217391305,17.55233494363929,3.0059044551798175,10.057702630166398,10.88298443370907,2.4490069779924855,1.4224369296833066,0.08051529790660225,1.8451422436929683,0.03354804079441761
86,11.439881910896403,20.48443370907139,7.018250134192163,14.257917337627482,17.277241009125067,3.012614063338701,9.950348899624261,10.534084809447128,2.6435856146001075,1.4224369296833066,0.08051529790660225,1.8451422436929683,0.03354804079441761
87,11.379495437466453,20.40391841116479,7.065217391304348,14.304884594739667,17.2638217928073,3.012614063338701,9.950348899624261,10.520665593129362,2.717391304347826,1.4224369296833066,0.08051529790660225,1.8451422436929683,0.03354804079441761
88,11.3593666129898,20.30998389694042,7.1725711218464845,14.17740203972088,17.28395061728395,3.0394524959742353,9.990606548577563,10.36634460547504,2.804616210413312,1.4895330112721417,0.0939345142243693,1.8786902844873858,0.03354804079441761
89,11.41304347826087,20.2361782071927,7.118894256575416,14.150563607085346,19.082125603864736,3.180354267310789,8.225979602791197,10.34621578099839,2.7777777777777777,1.4358561460010735,0.0939345142243693,1.90552871712292,0.03354804079441761
90,11.426462694578637,20.095276435856146,6.199677938808374,13.841921631776705,20.014761137949545,3.240740740740741,8.272946859903382,10.339506172839506,3.0394524959742353,1.4224369296833066,0.0939345142243693,1.9793344068706387,0.03354804079441761
91,11.037305421363392,19.920826623725173,6.152710681696189,14.096886741814279,21.531132581857218,3.2675791733762747,7.971014492753623,9.574610842726784,3.3279656468062266,1.2144390767579174,0.0939345142243693,1.778046162104133,0.03354804079441761
92,11.044015029522276,19.585346215780998,5.904455179817498,13.90901771336554,21.517713365539453,3.2675791733762747,7.971014492753623,10.61460010735373,3.3279656468062266,1.0534084809447128,0.08051529790660225,1.6908212560386473,0.03354804079441761
93,11.044015029522276,19.538378958668815,5.877616747181965,13.955984970477724,21.40365002683843,3.2474503488996245,7.9039184111647875,10.61460010735373,3.502415458937198,1.1205045625335481,0.08051529790660225,1.6774020397208802,0.03354804079441761
94,11.010466988727858,19.585346215780998,5.917874396135265,13.942565754159958,21.24932903918411,3.2004830917874396,7.836822329575953,10.607890499194847,3.7037037037037037,1.1741814278046163,0.08051529790660225,1.6572732152442298,0.03354804079441761
95,11.010466988727858,18.733225979602793,5.662909286097692,13.915727321524423,20.933977455716587,3.421900161030596,8.856682769726248,10.802469135802468,3.7104133118625873,1.1741814278046163,0.08051529790660225,1.6639828234031133,0.03354804079441761
96,11.010466988727858,18.71309715512614,5.662909286097692,13.808373590982287,20.840042941492218,3.603059581320451,8.796296296296296,10.997047772410092,3.603059581320451,1.1741814278046163,0.08051529790660225,1.6774020397208802,0.03354804079441761
97,10.909822866344605,18.397745571658614,5.837359098228664,13.996242619431026,20.759527643585614,3.6231884057971016,8.890230810520666,11.05072463768116,3.549382716049383,1.1741814278046163,0.08051529790660225,1.6975308641975309,0.03354804079441761
98,10.768921095008052,18.4044551798175,5.897745571658615,13.88888888888889,20.598497047772412,3.9049919484702094,9.111647879763822,10.889694041867955,3.549382716049383,1.1473429951690821,0.08051529790660225,1.724369296833065,0.03354804079441761
99,10.836017176596886,18.323939881910896,5.9447128287707995,13.6808910359635,20.39049919484702,4.106280193236715,9.05126140633387,10.721953837895867,3.911701556629093,1.1473429951690821,0.08051529790660225,1.7713365539452497,0.03354804079441761
100,10.802469135802468,18.370907139023082,5.938003220611916,13.6808910359635,20.276435856146,4.320987654320987,9.004294149221685,10.661567364465915,3.911701556629093,1.1473429951690821,0.0939345142243693,1.7579173376274826,0.03354804079441761
101,10.641438539989265,18.5252281266774,5.917874396135265,13.620504562533547,20.222758990874933,4.3478260869565215,9.091519055287172,10.661567364465915,3.965378421900161,1.0869565217391304,0.0939345142243693,1.7914653784219001,0.03354804079441761
102,10.487117552334944,18.156199677938808,6.119162640901771,17.20343531937735,19.182769726247987,4.012345679012346,8.756038647342995,9.702093397745571,3.7238325281803544,0.7783145464304885,0.06709608158883522,1.778046162104133,0.03354804079441761
103,10.326086956521738,18.02200751476114,6.199677938808374,17.183306494900698,19.07541599570585,4.0995705850778315,8.923778851315083,9.722222222222221,3.797638217928073,0.7783145464304885,0.06709608158883522,1.7713365539452497,0.03354804079441761
104,9.916800858829845,17.270531400966185,5.850778314546431,22.061191626409016,18.391035963499732,3.878153515834675,7.877079978529254,8.729200214707461,3.7104133118625873,0.7179280730005367,0.05367686527106817,1.5096618357487923,0.03354804079441761
105,9.86983360171766,17.270531400966185,5.911164787976382,22.65834675254965,18.12265163714439,3.851315083199141,8.132045088566828,7.98443370907139,3.8915727321524423,0.7112184648416533,0.05367686527106817,1.5096618357487923,0.03354804079441761
106,9.896672034353195,17.216854535695116,6.132581857219538,22.450348899624263,18.00187869028449,3.9720880300590444,8.085077831454644,7.937466451959206,3.92512077294686,0.7380568974771873,0.05367686527106817,1.556629092860977,0.03354804079441761
107,9.272678475577026,16.867954911433173,7.232957595276436,21.07487922705314,19.51154052603328,3.898282340311326,8.064949006977992,7.769726247987117,3.8915727321524423,0.7716049382716049,0.05367686527106817,1.556629092860977,0.03354804079441761
108,9.198872785829307,16.794149221685455,7.843531937734836,20.96081588835212,19.216317767042405,3.9049919484702094,8.071658615136876,7.5281803542673105,4.119699409554482,0.7179280730005367,0.05367686527106817,1.5901771336553945,
109,9.23913043478261,16.586151368760063,7.897208803005904,20.7662372517445,19.122383252818036,4.03918411164788,8.239398819108963,7.467793880837359,4.280730005367687,0.6977992485238862,0.07380568974771873,1.5901771336553945,
110,9.265968867418144,16.545893719806763,8.071658615136876,20.699141170155663,18.94122383252818,4.066022544283414,8.152173913043478,7.467793880837359,4.414922168545357,0.6910896403650026,0.07380568974771873,1.6103059581320451,
111,9.232420826623725,16.324476650563607,8.132045088566828,20.517981749865807,18.61916264090177,4.186795491143317,8.480944712828771,7.427536231884058,4.663177670424047,0.6910896403650026,0.07380568974771873,1.6505636070853462,
112,9.272678475577026,16.27750939345142,8.158883521202362,20.41062801932367,18.605743424584006,4.17337627482555,8.59500805152979,7.380568974771873,4.750402576489533,0.6910896403650026,0.07380568974771873,1.6103059581320451,
113,9.245840042941492,16.243961352657006,8.111916264090176,20.40391841116479,18.397745571658614,4.300858829844337,8.68894256575416,7.340311325818572,4.891304347826087,0.6910896403650026,0.07380568974771873,1.6103059581320451,
114,9.23913043478261,16.183574879227052,8.09849704777241,20.377079978529252,18.364197530864196,4.193505099302201,8.702361782071927,7.494632313472893,4.9718196457326895,0.6910896403650026,0.07380568974771873,1.6103059581320451,
115,9.192163177670425,16.163446054750402,8.09849704777241,20.316693505099302,18.364197530864196,4.2203435319377345,8.702361782071927,7.407407407407407,5.2066559312936125,0.6910896403650026,0.07380568974771873,1.5633387010198605,
116,9.172034353193773,16.06280193236715,8.071658615136876,20.068438003220614,18.250134192163177,4.2203435319377345,8.84326355340848,7.434245840042942,5.548845947396672,0.6910896403650026,0.07380568974771873,1.5633387010198605,
117,9.158615136876007,15.861513687600644,8.259527643585615,19.249865807836823,18.86070853462158,4.327697262479871,8.816425120772946,7.367149758454106,5.71658615136876,0.6910896403650026,0.07380568974771873,1.6170155662909287,
118,9.138486312399356,15.848094471282877,8.373590982286634,19.162640901771336,18.780193236714975,4.367954911433173,8.695652173913043,7.2933440687063875,5.971551261406334,0.6910896403650026,0.07380568974771873,1.6035963499731616,
119,9.084809447128288,15.74074074074074,8.460815888352121,19.122383252818036,18.659420289855074,4.3545356951154055,8.863392377885132,7.2933440687063875,6.011808910359635,0.7179280730005367,0.07380568974771873,1.6170155662909287,
120,9.05126140633387,15.653515834675256,7.50805152979066,19.753086419753085,18.370907139023082,4.3545356951154055,10.044283413848632,6.89747718733226,6.031937734836285,0.6977992485238862,0.05367686527106817,1.583467525496511,
121,8.99087493290392,15.653515834675256,7.185990338164252,19.632313472893184,19.592055823939884,4.2270531400966185,9.950348899624261,6.541867954911433,5.9514224369296835,0.6776704240472357,0.05367686527106817,1.5432098765432098,
122,8.836553945249598,15.552871712292003,6.66935050993022,19.73966720343532,20.67230273752013,4.1532474503489,9.762479871175524,6.407675791733762,5.938003220611916,0.6776704240472357,0.05367686527106817,1.5365002683843263,
123,8.655394524959743,15.546162104133119,6.884057971014493,19.37734836285561,20.571658615136876,4.26731078904992,9.71551261406334,6.494900697799249,6.219806763285024,0.6776704240472357,0.05367686527106817,1.5365002683843263,
124,8.68894256575416,14.949006977992486,6.763285024154589,20.135534084809446,20.598497047772412,4.28743961352657,9.453837895866881,6.421095008051529,6.380837359098229,0.6776704240472357,0.12077294685990338,1.5230810520665594,
125,8.682232957595277,14.888620504562533,6.857219538378959,20.088566827697264,20.52469135802469,4.582662372517445,9.23913043478261,6.407675791733762,6.407675791733762,0.6776704240472357,0.12077294685990338,1.5230810520665594,
126,8.722490606548577,14.78797638217928,6.9310252281266775,19.96779388083736,20.229468599033815,4.696725711218465,9.406870638754697,6.394256575415996,6.461352657004831,0.6776704240472357,0.12077294685990338,1.6035963499731616,
127,8.776167471819646,14.620236178207193,6.971282877079979,19.840311325818572,20.28985507246377,4.824208266237251,9.31964573268921,6.494900697799249,6.474771873322598,0.6642512077294686,0.12077294685990338,1.6035963499731616,
128,8.796296296296296,14.600107353730541,7.078636607622115,20.33011272141707,20.155662909286097,5.059044551798175,9.104938271604938,6.353998926462695,6.226516371443908,0.5703166935050993,0.12077294685990338,1.6035963499731616,
129,8.749329039184111,14.492753623188406,7.212828770799785,20.128824476650564,20.001341921631777,5.273752012882448,9.178743961352657,6.3137412775093935,6.293612453032743,0.5703166935050993,0.12077294685990338,1.6639828234031133,
130,8.608427267847558,14.378690284487385,7.179280730005368,20.377079978529252,19.961084272678477,5.340848094471283,8.943907675791733,6.380837359098229,6.414385399892646,0.5434782608695652,0.12077294685990338,1.751207729468599,
131,8.568169618894256,14.210950080515298,7.1725711218464845,20.2361782071927,19.900697799248523,5.253623188405797,8.76274825550188,6.937734836285561,6.5485775630703165,0.5367686527106817,0.12077294685990338,1.751207729468599,
132,8.521202361782072,14.278046162104133,7.118894256575416,20.101986044015028,19.867149758454108,5.260332796564681,8.675523349436393,7.1725711218464845,6.595544820182502,0.5367686527106817,0.12077294685990338,1.751207729468599,
133,8.393719806763285,14.197530864197532,7.152442297369833,20.014761137949545,19.826892109500804,5.35426731078905,8.715780998389693,7.092055823939882,6.843800322061192,0.5367686527106817,0.12077294685990338,1.751207729468599,
134,8.380300590445518,13.962694578636608,7.4141170155662905,20.148953301127214,19.712828770799785,5.367686527106817,8.61513687600644,7.132313472893183,6.863929146537842,0.5971551261406334,0.12077294685990338,1.6841116478797638,
135,8.427267847557703,13.808373590982287,7.481213097155126,20.088566827697264,19.51825013419216,5.501878690284487,8.628556092324208,7.118894256575416,6.998121309715513,0.630703166935051,0.12077294685990338,1.6774020397208802,
136,8.440687063875469,13.781535158346752,7.62211486849168,20.04830917874396,19.30354267310789,5.488459473966721,8.628556092324208,7.118894256575416,7.14573268921095,0.630703166935051,0.12077294685990338,1.6706924315619969,
137,8.407139023081053,13.674181427804616,7.648953301127214,19.867149758454108,19.196188942565755,5.488459473966721,8.682232957595277,7.2933440687063875,7.320182501341922,0.630703166935051,0.12077294685990338,1.6706924315619969,
138,8.407139023081053,13.600375738056897,7.716049382716049,19.699409554482017,18.659420289855074,5.374396135265701,8.769457863660762,7.9039184111647875,7.454374664519592,0.630703166935051,0.12077294685990338,1.6639828234031133,
139,8.259527643585615,13.493022007514762,7.702630166398282,19.578636607622116,18.16290928609769,5.535426731078905,9.131776704240472,8.13875469672571,7.581857219538379,0.630703166935051,0.12077294685990338,1.6639828234031133,
140,8.246108427267847,13.43263553408481,7.702630166398282,19.484702093397747,17.384594739667204,5.508588298443371,9.044551798174986,9.111647879763822,7.675791733762749,0.630703166935051,0.12077294685990338,1.6572732152442298,
141,8.205850778314547,13.399087493290391,7.7898550724637685,19.43773483628556,17.351046698872786,5.615942028985507,8.977455716586151,9.138486312399356,7.689210950080516,0.630703166935051,0.12077294685990338,1.6438539989264627,
142,8.179012345679013,13.325281803542673,7.897208803005904,19.350509930220074,17.351046698872786,5.676328502415459,9.158615136876007,9.104938271604938,7.561728395061729,0.630703166935051,0.12077294685990338,1.6438539989264627,
143,8.145464304884594,13.211218464841654,8.05823939881911,19.11567364465915,17.337627482555018,5.689747718733226,9.104938271604938,9.39345142243693,7.561728395061729,0.630703166935051,0.12077294685990338,1.6304347826086956,
144,8.192431561996779,13.137412775093935,8.044820182501342,19.0552871712292,17.344337090713903,5.736714975845411,9.131776704240472,9.453837895866881,7.501341921631776,0.630703166935051,0.12077294685990338,1.6505636070853462,
145,8.13875469672571,13.110574342458401,8.21256038647343,18.874127750939344,17.28395061728395,5.6964573268921095,9.125067096081589,9.614868491680086,7.541599570585078,0.630703166935051,0.12077294685990338,1.6505636070853462,
146,8.145464304884594,13.110574342458401,8.313204508856682,18.71309715512614,17.12962962962963,5.750134192163178,9.138486312399356,9.681964573268921,7.615405260332796,0.630703166935051,0.12077294685990338,1.6505636070853462,
147,8.004562533548041,13.298443370907139,8.641975308641975,18.59903381642512,16.941760601180892,5.662909286097692,9.158615136876007,9.588030059044552,7.722758990874933,0.6038647342995169,0.12077294685990338,1.6572732152442298,
148,7.971014492753623,13.09044551798175,8.702361782071927,18.5654857756307,16.61969940955448,5.421363392377885,9.03113258185722,10.581052066559312,7.588566827697263,0.6105743424584005,0.12077294685990338,1.6975308641975309,
149,7.856951154052603,12.93612453032743,8.702361782071927,18.276972624798713,17.07595276435856,5.434782608695652,8.997584541062801,10.57434245840043,7.716049382716049,0.6105743424584005,0.12077294685990338,1.6975308641975309,
150,7.85024154589372,12.895866881374127,8.796296296296296,17.941492216854535,17.07595276435856,5.434782608695652,9.044551798174986,10.57434245840043,7.957595276435856,0.6105743424584005,0.12077294685990338,1.6975308641975309,
151,7.836822329575953,12.842190016103059,8.863392377885132,17.887815351583466,16.901502952227588,5.300590445517981,9.494095544820183,10.554213633923778,7.883789586688137,0.6105743424584005,0.12077294685990338,1.7042404723564144,
152,7.823403113258186,12.674449812130971,8.876811594202898,18.02871712292002,16.867954911433173,5.35426731078905,9.494095544820183,10.527375201288244,7.917337627482555,0.6105743424584005,0.12077294685990338,1.7042404723564144,
153,7.796564680622652,12.661030595813205,8.655394524959743,18.646001073537306,16.774020397208805,5.3341384863123995,9.16532474503489,10.466988727858293,8.017981749865807,0.6105743424584005,0.16774020397208803,1.7042404723564144,
154,7.702630166398282,12.513419216317766,8.628556092324208,18.92109500805153,16.680085882984432,5.421363392377885,9.198872785829307,10.466988727858293,7.98443370907139,0.6105743424584005,0.16774020397208803,1.7042404723564144,
155,7.152442297369833,14.056629092860977,8.769457863660762,18.149490069779926,16.626409017713364,5.360976918947934,9.373322597960279,10.071121846484166,7.991143317230274,0.6105743424584005,0.18115942028985507,1.6572732152442298,
156,7.192699946323135,14.056629092860977,8.756038647342995,17.921363392377884,16.525764895330113,5.3341384863123995,9.359903381642512,10.158346752549651,8.232689210950081,0.6239935587761675,0.18115942028985507,1.6572732152442298,
157,7.185990338164252,14.049919484702093,10.433440687063875,17.176596886741816,15.908480944712828,5.159688674181428,9.359903381642512,10.02415458937198,8.232689210950081,0.5971551261406334,0.16774020397208803,1.7042404723564144,
158,7.226247987117552,13.976113794954374,10.487117552334944,17.08937198067633,15.888352120236178,5.159688674181428,9.400161030595813,9.98389694041868,8.319914117015566,0.5971551261406334,0.16774020397208803,1.7042404723564144,
159,7.179280730005368,13.747987117552334,10.413311862587225,19.068706387546968,15.546162104133119,4.636339237788513,9.292807300053678,9.494095544820183,8.172302737520129,0.6105743424584005,0.16774020397208803,1.6706924315619969,
160,7.098765432098766,13.593666129898015,10.540794417606012,19.236446591519055,15.53274288781535,4.488727858293076,9.346484165324744,9.634997316156737,8.111916264090176,0.5971551261406334,0.16774020397208803,1.6505636070853462,
161,6.890767579173376,13.613794954374665,10.641438539989265,21.048040794417606,14.9020397208803,4.414922168545357,9.245840042941492,8.76274825550188,8.051529790660226,0.6105743424584005,0.16774020397208803,1.6505636070853462,
162,6.904186795491143,13.627214170692431,10.641438539989265,21.088298443370906,14.848362855609233,4.414922168545357,9.25925925925926,8.76274825550188,8.024691358024691,0.6105743424584005,0.16774020397208803,1.6505636070853462,
163,6.91760601180891,13.47289318303811,10.621309715512615,20.974235104669887,14.935587761674718,4.414922168545357,9.366612989801396,8.836553945249598,8.031400966183575,0.6105743424584005,0.16774020397208803,1.6505636070853462,
164,6.910896403650026,13.439345142243694,10.466988727858293,20.813204508856682,14.888620504562533,4.53569511540526,9.5276435856146,8.917069243156199,8.038110574342458,0.6105743424584005,0.20128824476650564,1.6505636070853462,
165,6.89747718733226,13.479602791196994,10.493827160493828,20.71256038647343,14.828234031132581,4.609500805152979,9.695383789586689,8.883521202361782,7.937466451959206,0.6105743424584005,0.20128824476650564,1.6505636070853462,
166,6.863929146537842,13.539989264626946,10.59447128287708,20.477724100912507,14.861782071927,4.575952764358561,9.681964573268921,8.876811594202898,8.064949006977992,0.6105743424584005,0.20128824476650564,1.6505636070853462,
167,6.6760601180891035,13.150831991411701,10.493827160493828,20.209339774557165,15.53274288781535,4.555823939881911,9.520933977455716,9.406870638754697,7.977724100912507,0.5904455179817498,0.20128824476650564,1.6841116478797638,
168,6.716317767042405,13.043478260869565,10.473698336017177,19.961084272678477,15.559581320450885,4.555823939881911,9.574610842726784,9.453837895866881,8.172302737520129,0.5904455179817498,0.20128824476650564,1.6975308641975309,
169,6.702898550724638,13.056897477187333,10.473698336017177,19.867149758454108,15.559581320450885,4.555823939881911,9.574610842726784,9.453837895866881,8.266237251744498,0.5904455179817498,0.20128824476650564,1.6975308641975309,
170,6.655931293612453,13.023349436392914,10.46027911969941,19.773215244229736,15.559581320450885,4.555823939881911,9.554482018250134,9.46725711218465,8.514492753623188,0.5904455179817498,0.20128824476650564,1.6438539989264627,
171,6.642512077294686,12.084004294149223,10.453569511540525,19.652442297369834,16.5727321524423,4.51556629092861,9.588030059044552,9.426999463231347,8.608427267847558,0.5904455179817498,0.20128824476650564,1.6639828234031133,
172,6.6827697262479875,12.084004294149223,10.648148148148149,19.55179817498658,16.552603327965645,4.555823939881911,9.5276435856146,9.306226516371444,8.682232957595277,0.5904455179817498,0.16774020397208803,1.6505636070853462,
173,6.736446591519055,12.00348899624262,10.607890499194847,19.45115405260333,16.532474503488995,4.542404723564144,9.574610842726784,9.292807300053678,8.796296296296296,0.630703166935051,0.18115942028985507,1.6505636070853462,
174,6.736446591519055,11.969940955448202,10.641438539989265,19.39747718733226,16.364734299516908,4.663177670424047,9.728931830381105,9.292807300053678,8.78287707997853,0.5904455179817498,0.18115942028985507,1.6505636070853462,
175,6.743156199677939,11.741814278046162,10.970209339774557,19.316961889425656,16.27750939345142,4.64975845410628,10.071121846484166,9.212292002147075,8.729200214707461,0.5904455179817498,0.18115942028985507,1.5163714439076759,
176,6.743156199677939,11.674718196457327,11.077563070316694,19.229736983360173,16.243961352657006,4.62962962962963,10.050993022007514,9.272678475577026,8.836553945249598,0.5904455179817498,0.18115942028985507,1.4694041867954912,
177,6.769994632313473,11.647879763821793,11.017176596886742,19.088835212023618,16.438539989264626,4.616210413311863,10.050993022007514,9.192163177670425,8.950617283950617,0.5770263016639828,0.18115942028985507,1.4694041867954912,
178,5.790391841116479,10.63472893183038,10.59447128287708,22.69189479334407,15.72061191626409,4.622920021470746,9.990606548577563,9.104938271604938,8.682232957595277,0.5770263016639828,0.18115942028985507,1.4090177133655395,
179,5.723295759527644,10.63472893183038,10.406602254428341,21.611647879763822,17.371175523349436,4.616210413311863,9.970477724100913,9.078099838969404,8.420558239398819,0.5770263016639828,0.18115942028985507,1.4090177133655395,
