,45,50,51,53,55,52,54,56,57,58
0,93.24342458400429,6.756575415995706,,,,,,,,
1,88.09715512614063,11.902844873859367,,,,,,,,
2,83.70236178207193,16.297638217928075,,,,,,,,
3,73.87278582930757,23.201825013419217,1.4962426194310252,1.42914653784219,,,,,,
4,73.0475040257649,24.053945249597422,1.4962426194310252,1.402308105206656,,,,,,
5,69.39747718733226,23.470209339774556,5.730005367686527,1.402308105206656,,,,,,
6,66.10976918947934,26.268115942028984,5.689747718733226,1.932367149758454,,,,,,
7,48.651368760064415,43.59903381642512,6.447933440687064,1.2144390767579174,0.08722490606548577,,,,,
8,44.30354267310789,45.772946859903385,6.716317767042405,1.2144390767579174,0.08722490606548577,1.90552871712292,,,,
9,42.290660225442835,44.43102522812668,10.178475577026301,1.2144390767579174,0.08722490606548577,1.7981749865807837,,,,
10,42.48523886205046,44.30354267310789,10.111379495437467,1.2144390767579174,0.08722490606548577,1.7981749865807837,,,,
11,42.290660225442835,44.518250134192165,10.091250670960816,1.2144390767579174,0.08722490606548577,1.7981749865807837,,,,
12,41.58615136876006,45.51798174986581,9.796027911969942,1.2144390767579174,0.08722490606548577,1.7981749865807837,,,,
13,40.57971014492754,44.43102522812668,10.742082662372518,2.3617820719269993,0.08722490606548577,1.7981749865807837,,,,
14,40.88164251207729,44.276704240472355,10.654857756307031,2.341653247450349,0.08722490606548577,1.7579173376274826,,,,
15,34.99060654857756,41.75389157273215,18.50509930220075,2.3349436392914655,0.08722490606548577,1.737788513150832,0.5904455179817498,,,
16,35.10466988727858,41.727053140096615,18.47826086956522,2.3349436392914655,0.05367686527106817,1.710950080515298,0.5904455179817498,,,
17,35.057702630166396,41.619699409554485,16.109769189479334,2.3349436392914655,0.05367686527106817,4.247181964573269,0.5770263016639828,,,
18,32.749597423510465,41.83440687063875,15.619967793880837,4.918142780461621,0.05367686527106817,4.247181964573269,0.5770263016639828,,,
19,32.689210950080515,41.87466451959206,15.707192699946322,4.918142780461621,0.05367686527106817,4.180085882984434,0.5770263016639828,,,
20,31.93102522812668,41.75389157273215,16.80756843800322,4.918142780461621,0.05367686527106817,4.166666666666667,0.36902844873859364,,,
21,29.166666666666668,44.55179817498658,16.774020397208805,4.918142780461621,0.05367686527106817,4.166666666666667,0.36902844873859364,,,
22,27.2812667740204,47.02093397745572,16.6935050993022,4.441760601180891,0.05367686527106817,4.139828234031133,0.36902844873859364,,,
23,27.583199141170155,46.745840042941495,16.6935050993022,4.414922168545357,0.05367686527106817,4.139828234031133,0.36902844873859364,,,
24,21.846484165324746,53.26757917337628,15.908480944712828,4.414922168545357,0.05367686527106817,4.139828234031133,0.36902844873859364,,,
25,21.71900161030596,52.37520128824477,16.874664519592056,4.28743961352657,0.23483628556092323,4.139828234031133,0.36902844873859364,,,
26,21.72571121846484,49.241814278046164,15.344873859366613,4.28743961352657,1.328502415458937,7.702630166398282,0.36902844873859364,,,
27,21.162104133118625,44.18947933440687,20.43075684380032,4.28743961352657,1.328502415458937,8.232689210950081,0.36902844873859364,,,
28,16.17686527106817,48.74530327428878,21.443907675791735,4.28743961352657,2.737520128824477,6.239935587761675,0.36902844873859364,,,
29,15.599838969404187,44.947665056360705,27.4020397208803,4.274020397208803,2.737520128824477,4.5893719806763285,0.4495437466451959,,,
30,15.982286634460548,44.73966720343532,27.294685990338163,4.206924315619967,2.737520128824477,4.5893719806763285,0.4495437466451959,,,
31,16.109769189479334,44.20960815888352,27.274557165861513,4.206924315619967,3.1870638754696725,4.562533548040794,0.4495437466451959,,,
32,15.465646806226516,41.6129898013956,28.33467525496511,4.186795491143317,2.771068169618894,7.179280730005368,0.4495437466451959,,,
33,15.203972088030058,41.2842190016103,26.603596349973163,4.51556629092861,2.6637144390767578,9.27938808373591,0.4495437466451959,,,
34,14.848362855609233,36.72168545356951,33.3064949006978,2.147074610842727,2.6637144390767578,9.863123993558776,0.4495437466451959,,,
35,15.042941492216855,36.600912506709605,32.18599033816425,2.0665593129361244,2.6637144390767578,10.990338164251208,0.4495437466451959,,,
36,15.324745034889963,36.460010735373054,32.018250134192165,2.059849704777241,2.717391304347826,10.970209339774557,0.4495437466451959,,,
37,15.398550724637682,36.41975308641975,31.984702093397747,2.059849704777241,2.717391304347826,10.970209339774557,0.4495437466451959,,,
38,13.352120236178207,41.48550724637681,27.24771873322598,1.8451422436929683,3.6366076221148687,11.98336017176597,0.4495437466451959,,,
39,11.58749329039184,29.99194847020934,36.963231347289316,6.642512077294686,3.5762211486849167,10.34621578099839,0.8923778851315083,,,
40,11.305689747718732,28.79092860976919,36.842458400429415,6.622383252818035,3.166935050993022,11.332528180354267,1.9390767579173376,,,
41,11.647879763821793,28.743961352657006,36.822329575952764,6.608964036500268,3.126677402039721,11.158078368223295,1.892109500805153,,,
42,11.90955448201825,28.73725174449812,36.600912506709605,6.588835212023618,3.1199677938808374,11.158078368223295,1.8853998926462694,,,
43,11.990069779924852,28.415190552871714,35.74208266237252,7.447665056360709,3.556092324208266,10.963499731615673,1.8853998926462694,,,
44,8.501073537305421,32.33360171765969,36.12453032742888,7.648953301127214,3.556092324208266,9.822866344605474,1.8853998926462694,0.1274825550187869,,
45,8.776167471819646,32.2463768115942,38.41250670960816,5.609232420826624,3.1199677938808374,9.822866344605474,1.8853998926462694,0.1274825550187869,,
46,8.99087493290392,32.17257112184648,38.41250670960816,5.5756843800322065,3.1199677938808374,9.71551261406334,1.8853998926462694,0.1274825550187869,,
47,8.957326892109501,31.689479334406872,34.91009125067096,11.419753086419753,2.2879763821792807,9.104938271604938,1.5029522275899088,0.1274825550187869,,
48,7.830112721417069,24.382716049382715,40.405260332796566,10.916532474503489,2.2879763821792807,12.915995705850777,1.133923778851315,0.1274825550187869,,
49,7.769726247987117,24.114331723027377,41.23054213633924,10.762211486849168,2.1403650026838434,10.950080515297907,3.0327428878153517,,,
50,7.64224369296833,23.369565217391305,40.4723564143854,11.627750939345143,1.8451422436929683,10.916532474503489,4.126409017713366,,,
51,7.843531937734836,23.020665593129362,37.69457863660762,11.594202898550725,1.8451422436929683,13.875469672571121,4.126409017713366,,,
52,8.004562533548041,22.65834675254965,37.42619431025228,11.580783682232958,2.1940418679549114,13.727858293075684,4.066022544283414,0.3421900161030596,,
53,8.158883521202362,22.65834675254965,37.39264626945786,11.553945249597424,2.1940418679549114,13.633923778851315,4.066022544283414,0.3421900161030596,,
54,6.031937734836285,20.061728395061728,43.646001073537306,9.373322597960279,1.9524959742351047,13.935856146001074,4.656468062265164,0.3421900161030596,,
55,6.3137412775093935,19.961084272678477,42.92807300053677,9.373322597960279,1.9524959742351047,13.922436929683306,4.656468062265164,0.8923778851315083,,
56,6.608964036500268,19.786634460547504,42.8341384863124,9.346484165324744,1.9524959742351047,13.922436929683306,4.656468062265164,0.8923778851315083,,
57,6.850509930220075,19.598765432098766,41.76731078904992,9.326355340848094,1.9524959742351047,13.754696725711218,5.730005367686527,0.8923778851315083,0.1274825550187869,
58,7.185990338164252,18.531937734836287,39.418947933440684,12.31213097155126,2.167203435319377,13.694310252281268,5.669618894256575,0.8923778851315083,0.1274825550187869,
59,7.521470746108427,18.471551261406333,39.18411164787977,12.278582930756844,2.167203435319377,13.694310252281268,5.662909286097692,0.8923778851315083,0.1274825550187869,
60,7.823403113258186,18.431293612453032,39.110305958132045,12.278582930756844,2.167203435319377,13.513150831991412,5.656199677938808,0.8923778851315083,0.1274825550187869,
61,8.064949006977992,18.38432635534085,39.070048309178745,12.245034889962426,2.15378421900161,13.459473966720344,5.60252281266774,0.8923778851315083,0.1274825550187869,
62,8.272946859903382,18.33064949006978,38.98282340311326,12.184648416532475,2.15378421900161,13.45276435856146,5.60252281266774,0.8923778851315083,0.1274825550187869,
63,8.407139023081053,18.297101449275363,38.7614063338701,12.184648416532475,2.15378421900161,13.45276435856146,5.595813204508857,1.0198604401502953,0.1274825550187869,
64,8.53462157809984,18.297101449275363,38.66747181964573,12.184648416532475,2.15378421900161,13.425925925925926,5.589103596349974,1.0198604401502953,0.1274825550187869,
65,8.769457863660762,18.129361245303276,36.82903918411165,12.110842726784755,2.167203435319377,15.324745034889963,5.522007514761138,1.0198604401502953,0.1274825550187869,
66,8.11862587224906,17.941492216854535,36.38620504562534,11.506977992485238,2.167203435319377,17.250402576489535,5.488459473966721,1.0131508319914118,0.1274825550187869,
67,8.252818035426731,17.941492216854535,36.312399355877616,11.473429951690822,2.167203435319377,17.223564143854,5.488459473966721,1.0131508319914118,0.1274825550187869,
68,8.514492753623188,17.887815351583466,36.18491680085883,11.460010735373054,2.167203435319377,17.183306494900698,5.4616210413311865,1.0131508319914118,0.1274825550187869,
69,8.038110574342458,16.894793344068706,42.028985507246375,10.715244229736983,2.0933977455716586,14.163982823403114,4.757112184648417,1.1808910359634996,0.1274825550187869,
70,7.971014492753623,16.384863123993558,41.19028448738594,11.493558776167472,2.9723564143853998,13.955984970477724,4.723564143853999,1.1808910359634996,0.1274825550187869,
71,8.21256038647343,16.35131508319914,41.096349973161566,11.41304347826087,2.9723564143853998,13.922436929683306,4.723564143853999,1.1808910359634996,0.1274825550187869,
72,8.266237251744498,16.304347826086957,40.76086956521739,11.41304347826087,2.9723564143853998,13.47289318303811,4.723564143853999,1.9592055823939882,0.1274825550187869,
73,8.702361782071927,16.1231884057971,40.53945249597424,11.41304347826087,2.9723564143853998,13.459473966720344,4.703435319377348,1.9592055823939882,0.1274825550187869,
74,8.890230810520666,16.0829307568438,40.45893719806763,11.41304347826087,2.945517981749866,13.425925925925926,4.696725711218465,1.9592055823939882,0.1274825550187869,
75,9.386741814278047,14.412238325281804,40.371712292002144,13.16425120772947,2.945517981749866,13.211218464841654,4.502147074610843,1.8786902844873858,0.1274825550187869,
76,9.473966720343531,14.217659688674182,40.00939345142244,13.305152979066023,2.945517981749866,13.667471819645733,4.502147074610843,1.8786902844873858,,
77,9.728931830381105,14.197530864197532,39.87520128824477,13.24476650563607,2.918679549114332,13.654052603327965,4.502147074610843,1.8786902844873858,,
78,9.842995169082126,14.163982823403114,39.86849168008588,13.238056897477188,2.9119699409554483,13.533279656468062,4.488727858293076,1.9524959742351047,,
79,9.581320450885668,12.493290391841116,39.512882447665056,12.795222758990874,2.8381642512077296,16.223832528180353,4.488727858293076,1.9524959742351047,0.11406333870101985,
80,8.756038647342995,10.010735373054214,38.7614063338701,12.171229200214707,2.8113258185721954,21.43719806763285,3.9855072463768115,1.9524959742351047,0.11406333870101985,
81,8.80300590445518,10.010735373054214,38.73456790123457,12.171229200214707,2.8113258185721954,21.423778851315085,3.978797638217928,1.9524959742351047,0.11406333870101985,
82,8.890230810520666,9.970477724100913,38.70101986044015,13.962694578636608,2.804616210413312,19.6256038647343,3.978797638217928,1.9524959742351047,0.11406333870101985,
83,6.944444444444445,7.434245840042942,34.90338164251208,13.285024154589372,3.965378421900161,27.791196994095547,3.6097691894793345,2.0665593129361244,,
84,5.528717122920021,22.128287707997853,30.535426731078903,8.447396672034353,3.515834675254965,25.664251207729468,2.1135265700483092,2.0665593129361244,,
85,5.662909286097692,22.128287707997853,32.95759527643585,7.454374664519592,3.6500268384326353,23.96672034353194,2.1135265700483092,2.0665593129361244,,
86,5.736714975845411,21.048040794417606,32.749597423510465,7.286634460547504,5.12614063338701,23.872785829307567,2.1135265700483092,2.0665593129361244,,
87,5.864197530864198,20.98094471282877,32.72275899087493,7.25979602791197,5.12614063338701,23.872785829307567,2.1068169618894257,2.0665593129361244,,
88,5.991680085882985,20.98094471282877,32.70263016639828,7.25979602791197,5.12614063338701,23.765432098765434,2.1068169618894257,2.0665593129361244,,
89,5.589103596349974,18.4849704777241,35.7487922705314,7.185990338164252,5.12614063338701,22.430220075147613,3.3682232957595275,2.0665593129361244,,
90,5.307300053676865,18.115942028985508,43.65271068169619,7.185990338164252,4.327697262479871,16.80756843800322,2.985775630703167,1.6170155662909287,,
91,5.4549114331723025,18.115942028985508,43.605743424584006,7.185990338164252,4.294149221685454,16.740472356414386,2.985775630703167,1.6170155662909287,,
92,5.475040257648954,17.250402576489535,36.171497584541065,7.051798174986581,4.240472356414386,25.221417069243156,2.9723564143853998,1.6170155662909287,,
93,5.683038110574342,17.136339237788512,36.171497584541065,7.051798174986581,4.206924315619967,25.161030595813205,2.9723564143853998,1.6170155662909287,,
94,5.689747718733226,17.008856682769725,38.466183574879224,7.03166935050993,3.2340311325818574,24.422973698336016,2.9723564143853998,1.1741814278046163,,
95,5.877616747181965,16.97530864197531,38.378958668813745,7.03166935050993,3.2340311325818574,24.396135265700483,2.932098765432099,1.1741814278046163,,
96,6.159420289855072,16.901502952227588,38.177670424047236,7.03166935050993,3.1333870101986045,22.725442834138487,4.555823939881911,1.3150831991411702,,
97,6.340579710144928,16.834406870638755,37.8690284487386,6.937734836285561,3.1333870101986045,23.03408480944713,4.555823939881911,1.2949543746645196,,
98,6.447933440687064,16.794149221685455,37.82206119162641,6.91760601180891,3.1333870101986045,23.03408480944713,4.555823939881911,1.2949543746645196,,
99,6.749865807836822,16.794149221685455,37.6207729468599,6.91760601180891,3.1333870101986045,22.86634460547504,4.53569511540526,1.3821792807300053,,
100,6.850509930220075,16.7337627482555,37.61406333870102,6.91760601180891,3.1333870101986045,22.832796564680624,4.53569511540526,1.3821792807300053,,
101,7.018250134192163,16.552603327965645,37.506709608158886,6.91760601180891,3.2877079978529253,22.799248523886206,4.53569511540526,1.3821792807300053,,
102,7.065217391304348,16.552603327965645,40.43880837359098,5.522007514761138,3.280998389694042,21.235909822866343,4.53569511540526,1.3687600644122384,,
103,6.749865807836822,7.085346215780999,38.446054750402574,18.927804616210413,2.657004830917874,21.141975308641975,3.6231884057971016,1.3687600644122384,,
104,6.696188942565755,6.810252281266774,37.2987117552335,18.887546967257112,2.6301663982823404,22.685185185185187,3.6231884057971016,1.3687600644122384,,
105,6.340579710144928,6.575415995705851,38.499731615673646,18.263553408480945,2.61003757380569,23.141438539989263,3.475577026301664,1.093666129898014,,
106,6.394256575415996,6.501610305958132,40.92860976918948,18.23671497584541,2.563070316693505,21.121846484165324,3.1602254428341383,1.093666129898014,,
107,5.971551261406334,5.837359098228664,50.315351583467525,15.519323671497585,2.677133655394525,15.807836822329575,2.8515834675254963,1.0198604401502953,,
108,6.179549114331723,5.83064949006978,50.275093934514224,15.458937198067632,2.677133655394525,15.734031132581856,2.8247450348899625,1.0198604401502953,,
109,5.46833064949007,3.455448201825013,55.662909286097694,14.110305958132045,2.6637144390767578,14.99597423510467,2.623456790123457,1.0198604401502953,,
110,5.045625335480408,3.361513687600644,57.62211486849168,13.922436929683306,2.6637144390767578,13.741277509393452,2.623456790123457,1.0198604401502953,,
111,5.246913580246914,3.3548040794417604,57.57514761137949,13.781535158346752,2.6637144390767578,13.533279656468062,2.623456790123457,1.1137949543746646,0.10735373054213634,
112,5.0858829844337095,3.3548040794417604,59.05126140633387,13.613794954374665,2.2745571658615136,13.459473966720344,2.1940418679549114,0.7581857219538379,0.20799785292538917,
113,5.347557702630167,3.3548040794417604,58.803005904455176,13.600375738056897,2.2745571658615136,13.150831991411701,2.1940418679549114,1.06682769726248,0.20799785292538917,
114,5.528717122920021,3.3548040794417604,58.72920021470746,13.513150831991412,2.2745571658615136,13.137412775093935,2.187332259796028,1.06682769726248,0.20799785292538917,
115,5.71658615136876,3.33467525496511,58.641975308641975,13.459473966720344,2.2745571658615136,13.110574342458401,2.187332259796028,1.06682769726248,0.20799785292538917,
116,5.917874396135265,3.321256038647343,57.27321524422974,13.425925925925926,2.2745571658615136,12.949543746645196,2.918679549114332,1.710950080515298,0.20799785292538917,
117,6.052066559312936,3.321256038647343,52.41545893719807,13.405797101449275,2.2745571658615136,18.17632850241546,2.4557165861513686,1.6908212560386473,0.20799785292538917,
118,6.260064412238325,3.321256038647343,52.254428341384866,13.405797101449275,2.2745571658615136,18.129361245303276,2.4557165861513686,1.6908212560386473,0.20799785292538917,
119,5.958132045088567,3.3011272141706924,52.643585614600106,13.801663982823403,2.2745571658615136,17.847557702630166,2.4557165861513686,1.5096618357487923,0.20799785292538917,
120,6.119162640901771,3.3011272141706924,52.563070316693505,13.774825550187868,2.2745571658615136,17.840848094471284,2.442297369833602,1.4761137949543746,0.20799785292538917,
121,5.2066559312936125,2.26784755770263,57.360440150295226,12.553676865271068,2.2342995169082127,16.29092860976919,2.24771873322598,1.5096618357487923,0.32877079978529256,
122,5.542136339237788,2.26784755770263,57.10547504025765,12.5402576489533,2.2342995169082127,16.27079978529254,2.2410091250670963,1.4694041867954912,0.32877079978529256,
123,5.9447128287707995,2.26784755770263,56.857219538378956,12.5402576489533,2.2342995169082127,16.203703703703702,2.2074610842726785,1.415727321524423,0.32877079978529256,
124,6.078904991948471,2.26784755770263,56.635802469135804,12.5402576489533,2.3349436392914655,16.190284487385938,2.2074610842726785,1.415727321524423,0.32877079978529256,
125,6.327160493827161,2.26784755770263,56.50831991411702,12.392646269457863,2.3349436392914655,16.076221148684915,2.2074610842726785,1.556629092860977,0.32877079978529256,
126,6.468062265163715,2.26784755770263,56.434514224369295,12.345679012345679,2.3349436392914655,16.056092324208265,2.2074610842726785,1.556629092860977,0.32877079978529256,
127,6.515029522275899,2.26784755770263,56.28690284487386,12.345679012345679,2.4355877616747184,16.056092324208265,2.2074610842726785,1.556629092860977,0.32877079978529256,
128,6.6827697262479875,2.26784755770263,56.18625872249061,12.318840579710145,2.4355877616747184,16.015834675254965,2.2074610842726785,1.556629092860977,0.32877079978529256,
129,6.5485775630703165,2.187332259796028,55.30059044551798,12.318840579710145,2.4221685453569513,15.861513687600644,3.475577026301664,1.556629092860977,0.32877079978529256,
130,6.763285024154589,2.187332259796028,55.139559849704774,12.318840579710145,2.4221685453569513,15.807836822329575,3.475577026301664,1.556629092860977,0.32877079978529256,
131,7.011540526033279,2.187332259796028,54.92485238862051,12.305421363392378,2.4020397208803006,15.807836822329575,3.475577026301664,1.556629092860977,0.32877079978529256,
132,7.1658615136876005,2.187332259796028,54.34111647879764,12.305421363392378,2.3886205045625335,15.03623188405797,4.8376274825550185,1.4090177133655395,0.32877079978529256,
133,7.253086419753086,2.1068169618894257,53.79092860976919,12.13768115942029,3.026033279656468,15.009393451422437,4.8376274825550185,1.5096618357487923,0.32877079978529256,
134,6.494900697799249,1.0265700483091786,64.13714439076757,8.011272141706923,3.113258185721954,10.88298443370907,4.4753086419753085,1.5297906602254427,0.32877079978529256,
135,6.5552871712292005,0.6910896403650026,64.04320987654322,8.011272141706923,3.750670960815888,10.628019323671497,4.461889425657541,1.5297906602254427,0.32877079978529256,
136,6.756575415995706,0.6910896403650026,63.888888888888886,8.011272141706923,3.750670960815888,10.61460010735373,4.435050993022007,1.5230810520665594,0.32877079978529256,
137,6.629092860976919,0.39586688137412773,65.21068169618894,9.306226516371444,3.240740740740741,9.541062801932368,3.8580246913580245,1.4895330112721417,0.32877079978529256,
138,6.716317767042405,0.39586688137412773,64.12372517444982,10.379763821792807,3.240740740740741,9.494095544820183,3.8311862587224907,1.4895330112721417,0.32877079978529256,
139,6.863929146537842,0.39586688137412773,62.69457863660762,11.83574879227053,3.066290928609769,9.494095544820183,3.8311862587224907,1.4895330112721417,0.32877079978529256,
140,7.098765432098766,0.39586688137412773,62.34567901234568,11.829039184111648,3.3279656468062266,9.41358024691358,3.7909286097691894,1.4694041867954912,0.32877079978529256,
141,7.179280730005368,0.3757380568974772,60.55421363392378,11.822329575952764,3.2877079978529253,9.380032206119163,4.374664519592056,2.6972624798711755,0.32877079978529256,
142,6.937734836285561,0.36231884057971014,66.36473429951691,11.802200751476114,3.421900161030596,5.280461621041331,2.945517981749866,2.5563607085346214,0.32877079978529256,
143,7.300053676865271,0.36231884057971014,66.04938271604938,11.77536231884058,3.3950617283950617,5.273752012882448,2.9589371980676327,2.5563607085346214,0.32877079978529256,
144,7.48792270531401,0.36231884057971014,65.92860976918948,11.748523886205046,3.3950617283950617,5.267042404723564,2.9253891572732154,2.5563607085346214,0.32877079978529256,
145,7.830112721417069,0.36231884057971014,65.64009661835749,11.694847020933977,3.3950617283950617,5.267042404723564,2.9253891572732154,2.5563607085346214,0.32877079978529256,
146,8.017981749865807,0.36231884057971014,65.11003757380568,12.714707461084272,2.9589371980676327,5.065754159957058,2.9253891572732154,2.5161030595813205,0.32877079978529256,
147,8.205850778314547,0.36231884057971014,64.96242619431025,12.681159420289855,2.9589371980676327,5.059044551798175,2.9253891572732154,2.5161030595813205,0.32877079978529256,
148,8.454106280193237,0.36231884057971014,63.425925925925924,12.681159420289855,4.280730005367687,5.059044551798175,2.9253891572732154,2.4825550187869028,0.32877079978529256,
149,8.709071390230811,0.36231884057971014,63.05018786902845,12.681159420289855,4.408212560386473,5.052334943639291,2.9253891572732154,2.4825550187869028,0.32877079978529256,
150,8.527911969940956,0.36231884057971014,60.01073537305421,12.661030595813205,5.173107890499195,7.27992485238862,3.1333870101986045,2.522812667740204,0.32877079978529256,
151,8.413848631239935,0.36231884057971014,57.709339774557165,11.379495437466453,6.360708534621578,9.789318303811058,3.1333870101986045,2.522812667740204,0.32877079978529256,
152,8.407139023081053,0.36231884057971014,58.36688137412775,11.29898013955985,6.360708534621578,9.675254965110037,2.690552871712292,2.509393451422437,0.32877079978529256,
153,8.514492753623188,0.3488996242619431,57.56843800322061,11.29898013955985,7.098765432098766,9.64170692431562,2.690552871712292,2.509393451422437,0.32877079978529256,
154,8.722490606548577,0.3488996242619431,57.447665056360705,11.29898013955985,7.0383789586688135,9.614868491680086,2.690552871712292,2.509393451422437,0.32877079978529256,
155,8.863392377885132,0.3488996242619431,57.340311325818575,11.29898013955985,7.0383789586688135,9.581320450885668,2.690552871712292,2.509393451422437,0.32877079978529256,
156,8.957326892109501,0.3421900161030596,57.2866344605475,11.29898013955985,7.0383789586688135,9.54777241009125,2.690552871712292,2.509393451422437,0.32877079978529256,
157,9.131776704240472,0.3421900161030596,57.1658615136876,11.29898013955985,7.011540526033279,9.520933977455716,2.690552871712292,2.509393451422437,0.32877079978529256,
158,9.272678475577026,0.3421900161030596,56.957863660762214,11.245303274288782,7.004830917874396,9.520933977455716,2.690552871712292,2.636876006441224,0.32877079978529256,
159,9.004294149221685,0.3421900161030596,53.97208803005905,10.426731078904991,6.850509930220075,14.325013419216317,2.1135265700483092,2.636876006441224,0.32877079978529256,
160,9.265968867418144,0.3421900161030596,53.88486312399356,10.379763821792807,6.830381105743425,14.217659688674182,2.1135265700483092,2.636876006441224,0.32877079978529256,
161,9.312936124530328,0.3421900161030596,53.797638217928075,10.138217928073,6.830381105743425,14.687332259796028,2.046430488459474,2.636876006441224,0.20799785292538917,
162,9.54777241009125,0.3421900161030596,53.68357487922705,10.111379495437467,6.810252281266774,14.61352657004831,2.046430488459474,2.636876006441224,0.20799785292538917,
163,9.722222222222221,0.3421900161030596,53.56280193236715,10.111379495437467,6.796833064949007,14.600107353730541,2.046430488459474,2.61003757380569,0.20799785292538917,
164,8.735909822866345,0.3421900161030596,52.30810520665593,9.353193773483628,4.180085882984434,20.88030059044552,1.7713365539452497,2.2208803005904456,0.20799785292538917,
165,8.970746108427267,0.3421900161030596,51.878690284487384,10.674986580783683,4.180085882984434,19.753086419753085,1.7713365539452497,2.2208803005904456,0.20799785292538917,
166,9.16532474503489,0.33548040794417605,50.82528180354267,11.721685453569512,4.066022544283414,19.685990338164252,1.7713365539452497,2.2208803005904456,0.20799785292538917,
167,9.192163177670425,0.322061191626409,50.4092860976919,12.218196457326892,4.052603327965647,19.605475040257648,1.7713365539452497,2.2208803005904456,0.20799785292538917,
168,9.447128287707997,0.322061191626409,50.18115942028985,12.191358024691358,4.052603327965647,19.47128287707998,1.7713365539452497,2.3550724637681157,0.20799785292538917,
169,9.520933977455716,0.322061191626409,50.0402576489533,12.191358024691358,4.052603327965647,19.444444444444443,1.7713365539452497,2.4490069779924855,0.20799785292538917,
170,9.722222222222221,0.322061191626409,49.8389694041868,12.151100375738057,4.052603327965647,19.370638754696724,1.7713365539452497,2.563070316693505,0.20799785292538917,
171,9.923510466988727,0.322061191626409,49.724906065485776,12.077294685990339,4.052603327965647,19.35721953837896,1.7713365539452497,2.563070316693505,0.20799785292538917,
172,10.171765968867419,0.322061191626409,49.63768115942029,12.00348899624262,4.052603327965647,19.28341384863124,1.7713365539452497,2.5496511003757383,0.20799785292538917,
173,10.258990874932904,0.322061191626409,49.563875469672574,12.00348899624262,4.052603327965647,19.28341384863124,1.7713365539452497,2.536231884057971,0.20799785292538917,
174,10.326086956521738,0.322061191626409,49.463231347289316,11.976650563607086,4.052603327965647,18.149490069779926,2.985775630703167,2.5161030595813205,0.20799785292538917,
175,10.661567364465915,0.322061191626409,49.21497584541063,11.976650563607086,4.052603327965647,18.115942028985508,2.932098765432099,2.5161030595813205,0.20799785292538917,
176,11.010466988727858,0.322061191626409,48.960010735373054,11.963231347289318,4.052603327965647,18.035426731078903,2.932098765432099,2.5161030595813205,0.20799785292538917,
177,11.325818572195384,0.322061191626409,48.772141706924316,11.916264090177133,4.025764895330113,17.98845947396672,2.932098765432099,2.509393451422437,0.20799785292538917,
178,11.473429951690822,0.322061191626409,48.65807836822329,11.889425657541599,4.025764895330113,17.98174986580784,2.932098765432099,2.509393451422437,0.20799785292538917,
179,11.560654857756306,0.322061191626409,48.62453032742888,11.876006441223833,4.025764895330113,17.941492216854535,2.932098765432099,2.509393451422437,0.20799785292538917,
180,11.674718196457327,0.322061191626409,48.349436392914654,11.064143853998926,3.978797638217928,18.853998926462694,2.932098765432099,2.6167471819645733,0.20799785292538917,
181,12.016908212560386,0.322061191626409,48.2487922705314,11.003757380568974,3.965378421900161,18.78690284487386,2.844873859366613,2.6033279656468062,0.20799785292538917,
182,12.030327428878154,0.17444981213097155,47.987117552334944,10.795759527643586,3.824476650563607,18.06226516371444,4.159957058507783,2.757648953301127,0.20799785292538917,
183,12.265163714439076,0.17444981213097155,47.87976382179281,10.742082662372518,3.7909286097691894,18.02200751476114,4.159957058507783,2.757648953301127,0.20799785292538917,
184,12.305421363392378,0.17444981213097155,48.91975308641975,10.63472893183038,3.770799785292539,18.02200751476114,4.159957058507783,1.8048845947396672,0.20799785292538917,
185,12.5402576489533,0.15432098765432098,48.80568974771873,10.607890499194847,3.7238325281803544,17.995169082125603,4.159957058507783,1.8048845947396672,0.20799785292538917,
186,12.808641975308642,0.15432098765432098,48.631239935587764,10.57434245840043,3.878153515834675,17.800590445517983,4.159957058507783,1.7847557702630166,0.20799785292538917,
187,12.922705314009661,0.15432098765432098,48.55072463768116,10.554213633923778,3.878153515834675,17.800590445517983,4.146537842190016,1.7847557702630166,0.20799785292538917,
188,12.983091787439614,0.15432098765432098,48.51717659688674,10.547504025764896,3.878153515834675,17.780461621041333,4.146537842190016,1.7847557702630166,0.20799785292538917,
189,13.238056897477188,0.15432098765432098,48.37627482555019,10.534084809447128,3.878153515834675,17.76033279656468,4.066022544283414,1.7847557702630166,0.20799785292538917,
190,13.446054750402576,0.15432098765432098,48.22866344605475,10.534084809447128,3.878153515834675,17.713365539452496,4.052603327965647,1.7847557702630166,0.20799785292538917,
191,13.539989264626946,0.15432098765432098,51.02657004830918,10.473698336017177,3.9586688137412773,14.875201288244767,4.052603327965647,1.710950080515298,0.20799785292538917,
192,12.97638217928073,0.14090177133655393,48.96672034353194,10.420021470746109,3.126677402039721,18.646001073537306,3.9586688137412773,1.5633387010198605,0.20128824476650564,
193,13.157541599570585,0.14090177133655393,48.85265700483092,10.38647342995169,3.126677402039721,18.612453032742888,3.9586688137412773,1.5633387010198605,0.20128824476650564,
194,13.177670424047236,0.14090177133655393,48.698336017176594,10.091250670960816,3.126677402039721,18.612453032742888,3.9586688137412773,1.6975308641975309,0.49651100375738055,
195,13.271604938271604,0.14090177133655393,48.671497584541065,10.071121846484166,3.126677402039721,18.5654857756307,3.9586688137412773,1.6975308641975309,0.49651100375738055,
196,13.647342995169081,0.14090177133655393,48.44337090713902,9.957058507783145,3.1065485775630703,18.552066559312937,3.9586688137412773,1.6975308641975309,0.49651100375738055,
197,13.875469672571121,0.14090177133655393,48.349436392914654,9.883252818035427,3.0730005367686526,18.5252281266774,3.9586688137412773,1.6975308641975309,0.49651100375738055,
198,14.27133655394525,0.14090177133655393,48.14143853998927,9.836285560923242,3.0730005367686526,18.411164787976382,3.9318303811057436,1.6975308641975309,0.49651100375738055,
199,14.418947933440688,0.14090177133655393,48.027375201288244,9.829575952764358,3.0730005367686526,18.38432635534085,3.9318303811057436,1.6975308641975309,0.49651100375738055,
200,14.553140096618357,0.14090177133655393,47.96027911969941,9.822866344605474,3.0730005367686526,18.323939881910896,3.9318303811057436,1.6975308641975309,0.49651100375738055,
201,14.935587761674718,0.14090177133655393,47.745571658615134,9.695383789586689,3.0730005367686526,18.263553408480945,3.898282340311326,1.6438539989264627,0.6038647342995169,
202,15.257648953301127,0.14090177133655393,47.557702630166396,9.628287707997853,3.052871712292002,18.263553408480945,3.8714439076757916,1.6438539989264627,0.5837359098228664,
203,15.344873859366613,0.14090177133655393,47.48389694041868,9.614868491680086,3.052871712292002,18.263553408480945,3.8714439076757916,1.6438539989264627,0.5837359098228664,
204,15.60654857756307,0.1274825550187869,47.41009125067096,9.614868491680086,3.0394524959742353,18.10252281266774,3.8714439076757916,1.6438539989264627,0.5837359098228664,
205,15.72061191626409,0.1274825550187869,47.34299516908212,9.614868491680086,3.0394524959742353,18.06897477187332,3.8580246913580245,1.6438539989264627,0.5837359098228664,
206,15.593129361245303,0.0939345142243693,48.289049919484704,9.212292002147075,3.0394524959742353,17.746913580246915,3.797638217928073,1.6438539989264627,0.5837359098228664,
207,15.324745034889963,0.0939345142243693,48.02066559312936,8.454106280193237,3.0394524959742353,19.142512077294686,3.784219001610306,1.6438539989264627,0.49651100375738055,
208,15.640096618357488,0.0939345142243693,47.79253891572732,8.433977455716587,3.0394524959742353,19.07541599570585,3.784219001610306,1.6438539989264627,0.49651100375738055,
209,15.693773483628556,0.0939345142243693,47.75228126677402,8.433977455716587,3.0394524959742353,19.07541599570585,3.784219001610306,1.6304347826086956,0.49651100375738055,
210,15.935319377348362,0.0939345142243693,47.5979602791197,8.3467525496511,3.0394524959742353,19.07541599570585,3.784219001610306,1.6304347826086956,0.49651100375738055,
211,16.11647879763822,0.0939345142243693,47.45034889962426,8.3467525496511,3.0394524959742353,19.04186795491143,3.784219001610306,1.6304347826086956,0.49651100375738055,
212,16.27079978529254,0.0939345142243693,47.40338164251208,8.3467525496511,3.0394524959742353,18.9345142243693,3.784219001610306,1.6304347826086956,0.49651100375738055,
213,16.485507246376812,0.0939345142243693,47.20880300590446,8.340042941492216,3.0394524959742353,18.813741277509394,3.784219001610306,1.737788513150832,0.49651100375738055,
214,16.820987654320987,0.0939345142243693,46.98067632850242,8.32662372517445,3.026033279656468,18.739935587761675,3.784219001610306,1.7310789049919484,0.49651100375738055,
215,17.01556629092861,0.0939345142243693,46.833064949006975,8.32662372517445,3.026033279656468,18.69296833064949,3.784219001610306,1.7310789049919484,0.49651100375738055,
216,17.24369296833065,0.0939345142243693,46.765968867418145,8.28636607622115,3.026033279656468,18.572195383789587,3.784219001610306,1.7310789049919484,0.49651100375738055,
217,17.337627482555018,0.0939345142243693,46.71229200214707,8.279656468062266,3.026033279656468,18.53864734299517,3.784219001610306,1.7310789049919484,0.49651100375738055,
218,17.58588298443371,0.0939345142243693,46.49087493290392,8.259527643585615,3.026033279656468,18.531937734836287,3.784219001610306,1.7310789049919484,0.49651100375738055,
219,17.800590445517983,0.0939345142243693,46.47074610842727,8.199141170155663,3.012614063338701,18.411164787976382,3.784219001610306,1.7310789049919484,0.49651100375738055,
220,17.894524959742352,0.0939345142243693,46.39694041867955,8.199141170155663,3.012614063338701,18.411164787976382,3.784219001610306,1.7310789049919484,0.47638217928073,
221,18.290391841116477,0.0939345142243693,46.23590982286635,8.091787439613526,2.9589371980676327,18.397745571658614,3.784219001610306,1.6706924315619969,0.47638217928073,
222,18.357487922705314,0.0939345142243693,46.10842726784756,8.091787439613526,2.9589371980676327,18.370907139023082,3.784219001610306,1.7579173376274826,0.47638217928073,
223,18.411164787976382,0.0939345142243693,46.101717659688674,8.091787439613526,2.9589371980676327,18.323939881910896,3.784219001610306,1.7579173376274826,0.47638217928073,
224,18.585614600107355,0.0939345142243693,46.02120236178207,8.05823939881911,2.945517981749866,18.276972624798713,3.784219001610306,1.7579173376274826,0.47638217928073,
225,18.733225979602793,0.0939345142243693,46.00107353730542,8.05823939881911,2.945517981749866,18.16290928609769,3.770799785292539,1.7579173376274826,0.47638217928073,
226,18.86070853462158,0.0939345142243693,45.97423510466989,8.044820182501342,2.945517981749866,18.075684380032207,3.770799785292539,1.7579173376274826,0.47638217928073,
227,19.00161030595813,0.0939345142243693,45.8467525496511,8.044820182501342,2.945517981749866,18.06226516371444,3.770799785292539,1.7579173376274826,0.47638217928073,
228,19.162640901771336,0.0939345142243693,45.71926999463231,8.044820182501342,2.945517981749866,18.02871712292002,3.770799785292539,1.7579173376274826,0.47638217928073,
229,19.276704240472355,0.0939345142243693,45.65888352120236,8.044820182501342,2.945517981749866,18.02200751476114,3.730542136339238,1.751207729468599,0.47638217928073,
230,19.363929146537842,0.0939345142243693,45.61862587224906,8.038110574342458,2.945517981749866,17.85426731078905,3.8580246913580245,1.751207729468599,0.47638217928073,
231,19.43773483628556,0.0939345142243693,45.551529790660226,8.038110574342458,2.945517981749866,17.847557702630166,3.8580246913580245,1.751207729468599,0.47638217928073,
232,17.713365539452496,10.044283413848632,41.80085882984434,7.555018786902845,2.7643585614600106,14.492753623188406,3.502415458937198,1.6572732152442298,0.46967257112184646,
233,17.914653784219002,10.017444981213098,41.71363392377885,7.548309178743962,2.7509393451422435,14.472624798711756,3.502415458937198,1.6103059581320451,0.46967257112184646,
234,17.612721417069242,9.98389694041868,42.98845947396672,7.541599570585078,2.7308105206655933,13.58695652173913,3.502415458937198,1.6103059581320451,0.4428341384863124,
235,18.00858829844337,9.98389694041868,42.77375201288245,7.5348899624261945,2.7308105206655933,13.33870101986044,3.488996242619431,1.583467525496511,0.5568974771873323,
236,17.995169082125603,9.957058507783145,42.230273752012884,7.4208266237251745,2.6972624798711755,14.070048309178745,3.488996242619431,1.583467525496511,0.5568974771873323,
237,18.055555555555557,9.930220075147611,42.19672571121846,7.4208266237251745,2.6972624798711755,14.070048309178745,3.488996242619431,1.583467525496511,0.5568974771873323,
238,18.129361245303276,9.930220075147611,42.14975845410628,7.407407407407407,2.6972624798711755,14.070048309178745,3.488996242619431,1.570048309178744,0.5568974771873323,
239,18.230005367686527,9.930220075147611,42.08266237251745,7.407407407407407,2.6972624798711755,14.070048309178745,3.455448201825013,1.570048309178744,0.5568974771873323,
240,18.223295759527645,9.75577026301664,41.720343531937736,7.407407407407407,2.871712292002147,13.902308105206655,3.9989264626945786,1.5633387010198605,0.5568974771873323,
241,18.511808910359633,9.668545356951155,41.43183038110574,7.4006977992485234,2.985775630703167,13.895598497047773,3.9855072463768115,1.5633387010198605,0.5568974771873323,
242,18.57890499194847,9.668545356951155,41.26409017713365,7.387278582930757,2.985775630703167,13.882179280730005,3.9855072463768115,1.6908212560386473,0.5568974771873323,
243,18.5252281266774,9.668545356951155,41.243961352657,7.27992485238862,2.985775630703167,13.83521202361782,4.213633923778851,1.6908212560386473,0.5568974771873323,
244,18.585614600107355,9.66183574879227,41.156736446591516,7.219538378958669,3.099838969404187,13.83521202361782,4.213633923778851,1.6908212560386473,0.5367686527106817,
245,18.753354804079443,9.634997316156737,41.02925389157273,7.219538378958669,3.099838969404187,13.83521202361782,4.200214707461084,1.6908212560386473,0.5367686527106817,
246,18.887546967257112,9.614868491680086,40.87493290391841,7.219538378958669,3.0864197530864197,13.714439076757918,4.200214707461084,1.865271068169619,0.5367686527106817,
247,19.16935050993022,9.574610842726784,40.84138486312399,7.192699946323135,3.066290928609769,13.600375738056897,4.159957058507783,1.8585614600107354,0.5367686527106817,
248,19.296833064949006,9.54777241009125,40.774288781535155,7.192699946323135,3.066290928609769,13.593666129898015,4.146537842190016,1.8451422436929683,0.5367686527106817,
249,19.47799248523886,9.306226516371444,40.61996779388084,7.924047235641439,3.066290928609769,13.16425120772947,4.126409017713366,1.8384326355340848,0.47638217928073,
