,45,50,53,51,54,55,52,56,57,58
0,85.95008051529791,13.714439076757918,0.33548040794417605,,,,,,,
1,85.96349973161567,13.70101986044015,0.33548040794417605,,,,,,,
2,68.67283950617283,29.13311862587225,0.322061191626409,0.8655394524959742,1.0064412238325282,,,,,
3,65.33145464304884,30.52200751476114,0.322061191626409,2.818035426731079,1.0064412238325282,,,,,
4,63.828502415458935,32.06521739130435,0.322061191626409,2.7777777777777777,1.0064412238325282,,,,,
5,60.601180891035966,35.72866344605475,,2.6637144390767578,1.0064412238325282,,,,,
6,58.393719806763286,37.96296296296296,,2.636876006441224,1.0064412238325282,,,,,
7,58.01798174986581,38.33870101986044,,2.636876006441224,1.0064412238325282,,,,,
8,58.42055823939882,37.734836285560924,0.32877079978529256,2.61003757380569,0.8521202361782072,0.05367686527106817,,,,
9,58.3467525496511,37.80864197530864,0.32877079978529256,2.61003757380569,0.8521202361782072,0.05367686527106817,,,,
10,58.4272678475577,37.59393451422437,0.32877079978529256,2.757648953301127,0.8387010198604401,0.05367686527106817,,,,
11,49.90606548577563,30.50858829844337,0.10064412238325282,12.392646269457863,0.4092860976918948,0.05367686527106817,6.400966183574879,0.2281266774020397,,
12,43.545356951154055,36.11782071926999,2.0128824476650564,12.365807836822329,0.4092860976918948,0.05367686527106817,5.267042404723564,0.2281266774020397,,
13,40.4320987654321,34.43370907139023,1.9524959742351047,17.236983360171767,0.4092860976918948,0.05367686527106817,5.253623188405797,0.2281266774020397,,
14,40.82125603864734,34.35990338164251,1.932367149758454,16.955179817498657,0.4092860976918948,0.05367686527106817,5.24020397208803,0.2281266774020397,,
15,36.82903918411165,38.52657004830918,1.9122383252818036,16.80756843800322,0.4092860976918948,0.05367686527106817,5.233494363929147,0.2281266774020397,,
16,36.292270531400966,36.802200751476114,1.9122383252818036,19.129092860976918,0.4092860976918948,0.05367686527106817,5.193236714975845,0.20799785292538917,,
17,31.716317767042405,30.971551261406333,0.7917337627482555,31.95115405260333,0.14090177133655393,,4.2203435319377345,0.20799785292538917,,
18,32.098765432098766,30.703166935050994,0.7581857219538379,31.870638754696724,0.14090177133655393,,4.2203435319377345,0.20799785292538917,,
19,32.10547504025765,30.891035963499732,0.7581857219538379,31.716317767042405,0.14090177133655393,,4.180085882984434,0.20799785292538917,,
20,32.01154052603328,30.52871712292002,1.8853998926462694,30.911164787976382,0.020128824476650563,,4.166666666666667,0.47638217928073,,
21,32.17257112184648,28.5426731078905,2.0128824476650564,30.52871712292002,0.24154589371980675,,6.025228126677402,0.47638217928073,,
22,32.729468599033815,28.247450348899623,1.9927536231884058,30.307300053676865,0.24154589371980675,,6.011808910359635,0.46967257112184646,,
23,32.50805152979066,27.865002683843265,1.9860440150295222,30.96484165324745,0.2281266774020397,,5.958132045088567,0.48980139559849706,,
24,33.011272141706925,27.67042404723564,1.9592055823939882,30.743424584004295,0.2281266774020397,,5.924584004294149,0.46296296296296297,,
25,32.830112721417066,27.28797638217928,1.9122383252818036,31.44122383252818,0.2281266774020397,,5.837359098228664,0.46296296296296297,,
26,33.04482018250134,27.012882447665056,3.079710144927536,31.30703166935051,0.2281266774020397,,4.864465915190553,0.46296296296296297,,
27,32.54159957058508,26.073537305421365,3.0193236714975846,32.86366076221149,0.2281266774020397,,4.824208266237251,0.4495437466451959,,
28,32.95759527643585,25.939345142243692,3.0193236714975846,32.648953301127214,0.2281266774020397,,4.757112184648417,0.4495437466451959,,
29,33.091787439613526,26.362050456253353,2.9924852388620504,32.21953837895867,0.2281266774020397,,4.656468062265164,0.4495437466451959,,
30,33.863392377885134,25.83870101986044,2.9924852388620504,32.09205582393988,0.2281266774020397,,4.53569511540526,0.4495437466451959,,
31,34.15190552871712,25.771604938271604,2.952227589908749,31.830381105743424,0.2281266774020397,0.10064412238325282,4.51556629092861,0.4495437466451959,,
32,30.20665593129361,26.778046162104133,2.952227589908749,33.89694041867955,0.2281266774020397,0.16774020397208803,5.340848094471283,0.4294149221685454,,
33,29.159957058507782,25.77831454643049,1.2748255501878691,39.418947933440684,0.2281266774020397,0.06709608158883522,3.643317230273752,0.4294149221685454,,
34,29.428341384863124,25.677670424047236,1.2748255501878691,39.110305958132045,0.2281266774020397,0.06709608158883522,3.643317230273752,0.5703166935050993,,
35,23.282340311325818,31.11916264090177,6.018518518518518,35.158346752549654,0.15432098765432098,0.06709608158883522,3.589640365002684,0.6105743424584005,,
36,22.262479871175522,30.683038110574344,4.64975845410628,37.466451959205585,0.15432098765432098,0.3824476650563607,3.7909286097691894,0.6105743424584005,,
37,22.745571658615138,30.334138486312398,4.62962962962963,36.58749329039184,0.9259259259259259,0.4562533548040794,3.750670960815888,0.5703166935050993,,
38,22.993827160493826,30.273752012882447,2.7979066022544283,36.32581857219538,0.9259259259259259,0.4562533548040794,5.656199677938808,0.5703166935050993,,
39,22.564412238325282,29.736983360171767,2.791196994095545,34.91009125067096,0.8990874932903918,0.7917337627482555,7.7361782071927,0.5703166935050993,,
40,22.477187332259795,29.394793344068706,2.6972624798711755,31.333870101986044,0.5568974771873323,0.9997316156736447,12.171229200214707,0.36902844873859364,,
41,23.1280193236715,29.274020397208805,2.690552871712292,30.870907139023082,0.5434782608695652,0.9997316156736447,11.990069779924852,0.5032206119162641,,
42,23.617820719269993,29.066022544283413,2.690552871712292,30.60252281266774,0.5434782608695652,1.0735373054213635,11.916264090177133,0.48980139559849706,,
43,24.04723564143854,28.844605475040257,2.690552871712292,30.307300053676865,0.8185721953837896,1.0735373054213635,11.681427804616211,0.5367686527106817,,
44,23.13472893183038,25.825281803542673,2.952227589908749,34.252549651100374,0.8118625872249061,0.8521202361782072,11.634460547504025,0.5367686527106817,,
45,21.490874932903917,27.408749329039185,2.8784219001610305,34.23913043478261,0.8118625872249061,1.107085346215781,11.52710681696189,0.5367686527106817,,
46,21.34326355340848,27.073268921095007,2.8650026838432634,34.80273752012882,0.8051529790660226,1.0869565217391304,11.520397208803006,0.5032206119162641,,
47,21.980676328502415,26.764626945786365,2.844873859366613,34.312936124530324,0.8051529790660226,1.3687600644122384,11.419753086419753,0.5032206119162641,,
48,19.363929146537842,32.23295759527644,2.7844873859366612,29.240472356414386,0.798443370907139,1.247987117552335,13.828502415458937,0.5032206119162641,,
49,19.94766505636071,31.863929146537842,2.7844873859366612,27.865002683843265,0.785024154589372,1.4090177133655395,14.841653247450349,0.5032206119162641,,
50,20.471014492753625,31.508319914117017,2.737520128824477,27.583199141170155,1.0332796564680622,1.4090177133655395,14.754428341384862,0.5032206119162641,,
51,20.611916264090176,30.9447128287708,2.737520128824477,26.898819108964037,2.4892646269457863,1.4559849704777241,14.358561460010735,0.5032206119162641,,
52,19.41760601180891,34.80944712828771,2.6972624798711755,24.778582930756844,2.4892646269457863,1.6035963499731616,13.707729468599034,0.49651100375738055,,
53,19.706119162640903,34.58132045088567,2.6704240472356413,24.651100375738057,2.4892646269457863,1.724369296833065,13.6808910359635,0.49651100375738055,,
54,19.26328502415459,34.07139023081052,4.569243156199678,24.550456253354803,2.791196994095545,1.4090177133655395,12.754965110037574,0.49651100375738055,0.0939345142243693,
55,15.4723564143854,27.603327965646805,2.1068169618894257,33.82984433709071,3.33467525496511,1.3217928073000538,15.868223295759528,0.36902844873859364,0.0939345142243693,
56,15.854804079441761,27.32823403113258,3.2139023081052067,33.031400966183575,3.126677402039721,1.2949543746645196,15.505904455179817,0.5501878690284487,0.0939345142243693,
57,16.384863123993558,27.046430488459475,3.2139023081052067,32.86366076221149,2.831454643048846,1.5901771336553945,15.425389157273216,0.5501878690284487,0.0939345142243693,
58,16.841116478797638,26.65727321524423,3.2004830917874396,32.729468599033815,2.49597423510467,1.724369296833065,15.707192699946322,0.5501878690284487,0.0939345142243693,
59,17.59259259259259,26.25469672571122,3.193773483628556,32.49463231347289,2.4691358024691357,1.778046162104133,15.573000536768653,0.5501878690284487,0.0939345142243693,
60,17.746913580246915,26.039989264626946,2.1403650026838434,34.292807300053674,2.4020397208803006,1.6639828234031133,15.26435856146001,0.35560923242082665,0.0939345142243693,
61,18.183038110574344,25.81857219538379,2.120236178207193,34.19887278582931,2.3349436392914655,1.710950080515298,15.183843263553408,0.35560923242082665,0.0939345142243693,
62,18.666129898013956,25.623993558776167,2.120236178207193,33.682232957595275,2.6502952227589907,1.7042404723564144,14.821524422973699,0.6374127750939346,0.0939345142243693,
63,15.942028985507246,34.19216317767042,2.2745571658615136,29.87788513150832,2.49597423510467,1.2815351583467525,13.251476113794954,0.5904455179817498,0.0939345142243693,
64,16.284219001610307,34.084809447128286,2.2410091250670963,29.78395061728395,2.49597423510467,1.2815351583467525,13.144122383252817,0.5904455179817498,0.0939345142243693,
65,16.056092324208265,33.641975308641975,2.945517981749866,31.622383252818036,1.932367149758454,1.0131508319914118,12.144390767579173,0.5837359098228664,0.06038647342995169,
66,11.741814278046162,42.76704240472356,1.9994632313472893,28.395061728395063,2.086688137412775,1.0198604401502953,11.345947396672035,0.5837359098228664,0.06038647342995169,
67,12.332259796027913,42.48523886205046,1.9726247987117553,28.14680622651637,2.086688137412775,1.0198604401502953,11.312399355877616,0.5837359098228664,0.06038647342995169,
68,11.574074074074074,41.116478797638216,1.8786902844873858,30.421363392377884,1.90552871712292,0.8521202361782072,11.513687600644122,0.6776704240472357,0.06038647342995169,
69,12.298711755233494,40.727321524422976,1.8518518518518519,30.08588298443371,1.90552871712292,0.8521202361782072,11.419753086419753,0.798443370907139,0.06038647342995169,
70,12.889157273215245,40.385131508319915,2.4825550187869028,29.2337627482555,1.892109500805153,1.0265700483091786,11.325818572195384,0.7045088566827697,0.06038647342995169,
71,13.291733762748256,40.25093934514224,2.4490069779924855,28.911701556629094,1.892109500805153,1.2748255501878691,11.16478797638218,0.7045088566827697,0.06038647342995169,
72,13.318572195383789,33.10520665593129,9.54777241009125,28.415190552871714,2.509393451422437,1.261406333870102,11.044015029522276,0.7380568974771873,0.06038647342995169,
73,13.553408480944713,32.92404723564144,9.54777241009125,28.046162104133117,2.509393451422437,1.5901771336553945,11.030595813204508,0.7380568974771873,0.06038647342995169,
74,14.103596349973161,32.7361782071927,9.46725711218465,27.82474503488996,2.509393451422437,1.5901771336553945,10.970209339774557,0.7380568974771873,0.06038647342995169,
75,14.647074610842727,31.95115405260333,9.326355340848094,27.583199141170155,2.509393451422437,2.167203435319377,10.970209339774557,0.785024154589372,0.06038647342995169,
76,13.519860440150294,27.093397745571657,9.057971014492754,22.16183574879227,3.6231884057971016,1.6505636070853462,21.900161030595815,0.7514761137949544,0.06038647342995169,0.18115942028985507
77,14.204240472356414,26.67740203972088,6.884057971014493,21.732420826623724,3.9586688137412773,1.6438539989264627,24.06736446591519,0.7514761137949544,0.06038647342995169,0.020128824476650563
78,14.465915190552872,26.41572732152442,6.843800322061192,21.115136876006442,3.9519592055823938,2.1269457863660763,24.053945249597422,0.9460547504025765,0.06038647342995169,0.020128824476650563
79,14.794685990338165,26.093666129898015,7.7361782071927,20.26972624798712,3.938539989264627,2.3752012882447664,23.89291465378422,0.8185721953837896,0.06038647342995169,0.020128824476650563
80,15.190552871712292,25.89237788513151,7.897208803005904,19.73966720343532,3.911701556629093,2.657004830917874,23.812399355877616,0.8185721953837896,0.06038647342995169,0.020128824476650563
81,14.700751476113794,23.013955984970476,8.742619431025227,18.209876543209877,8.313204508856682,2.791196994095545,23.067632850241544,1.0802469135802468,0.06038647342995169,0.020128824476650563
82,15.291196994095545,22.79253891572732,8.648684916800859,18.12265163714439,8.279656468062266,2.791196994095545,22.913311862587225,1.0802469135802468,0.06038647342995169,0.020128824476650563
83,15.787707997852925,22.63150831991412,8.608427267847558,18.035426731078903,8.239398819108963,2.771068169618894,22.6784755770263,1.1674718196457328,0.06038647342995169,0.020128824476650563
84,16.170155662909288,22.591250670960815,8.588298443370908,17.961621041331185,8.152173913043478,2.7509393451422435,22.550993022007514,1.1540526033279657,0.06038647342995169,0.020128824476650563
85,16.472088030059044,22.544283413848632,8.501073537305421,17.840848094471284,8.199141170155663,2.7509393451422435,22.457058507783145,1.1540526033279657,0.06038647342995169,0.020128824476650563
86,15.901771336553946,19.269994632313473,8.246108427267847,30.139559849704778,7.48792270531401,2.7106816961889426,15.009393451422437,1.1540526033279657,0.06038647342995169,0.020128824476650563
87,16.06280193236715,17.98845947396672,8.225979602791197,27.006172839506174,11.990069779924852,2.6838432635534084,14.821524422973699,1.1406333870101986,0.06038647342995169,0.020128824476650563
88,16.15673644659152,17.941492216854535,8.199141170155663,27.15378421900161,11.956521739130435,2.657004830917874,14.445786366076222,1.415727321524423,0.06038647342995169,0.013419216317767043
89,15.942028985507246,17.693236714975846,7.830112721417069,26.898819108964037,11.694847020933977,2.4691358024691357,16.243961352657006,1.1540526033279657,0.06038647342995169,0.013419216317767043
90,16.53918411164788,17.58588298443371,7.695920558239399,26.744498121309714,11.647879763821793,2.442297369833602,16.13660762211487,1.133923778851315,0.06038647342995169,0.013419216317767043
91,16.485507246376812,17.98174986580784,7.608695652173913,26.65727321524423,11.560654857756306,2.442297369833602,16.056092324208265,1.133923778851315,0.06038647342995169,0.013419216317767043
92,16.210413311862588,17.37788513150832,3.911701556629093,25.684380032206118,11.29898013955985,2.49597423510467,21.564680622651636,1.133923778851315,0.322061191626409,
93,15.28448738593666,14.63365539452496,3.7909286097691894,19.96779388083736,8.675523349436393,3.4151905528717124,33.13204508856683,0.7783145464304885,0.322061191626409,
94,15.673644659151906,14.51959205582394,3.7909286097691894,19.880568974771872,8.655394524959743,3.4151905528717124,32.9777241009125,0.7648953301127214,0.322061191626409,
95,16.150026838432634,14.358561460010735,3.7909286097691894,19.746376811594203,8.61513687600644,3.408480944712829,32.84353193773484,0.7648953301127214,0.322061191626409,
96,16.472088030059044,14.331723027375201,3.7909286097691894,19.672571121846484,8.353462157809984,3.6902844873859366,32.60198604401503,0.7648953301127214,0.322061191626409,
97,16.867954911433173,14.31159420289855,3.9855072463768115,19.35721953837896,8.252818035426731,3.6768652710681695,32.139023081052066,1.0869565217391304,0.322061191626409,
98,17.330917874396135,14.257917337627482,3.851315083199141,19.316961889425656,8.132045088566828,3.643317230273752,31.95115405260333,1.0869565217391304,0.4294149221685454,
99,17.934782608695652,14.049919484702093,3.851315083199141,19.14922168545357,8.085077831454644,3.6366076221148687,31.776704240472355,1.0869565217391304,0.4294149221685454,
100,18.189747718733226,13.875469672571121,3.851315083199141,19.102254428341386,8.299785292538916,3.629898013955985,31.53515834675255,1.0869565217391304,0.4294149221685454,
101,16.029253891572733,11.352657004830919,6.367418142780462,28.421900161030596,4.696725711218465,3.260869565217391,28.442028985507246,0.9997316156736447,0.4294149221685454,
102,12.801932367149758,7.011540526033279,5.810520665593129,40.05636070853462,4.334406870638754,2.2410091250670963,26.080246913580247,1.1808910359634996,0.4294149221685454,0.05367686527106817
103,13.097155126140633,7.011540526033279,5.743424584004294,38.69431025228127,4.327697262479871,2.2410091250670963,26.04669887278583,2.3550724637681157,0.4294149221685454,0.05367686527106817
104,13.539989264626946,7.004830917874396,5.683038110574342,38.30515297906602,4.294149221685454,2.2410091250670963,25.91250670960816,2.536231884057971,0.4294149221685454,0.05367686527106817
105,13.862050456253355,6.971282877079979,5.656199677938808,38.13070316693505,4.17337627482555,2.2410091250670963,25.650831991411703,2.5161030595813205,0.4294149221685454,0.36902844873859364
106,14.123725174449811,6.957863660762212,5.622651637144391,37.446323134728935,4.1129898013955986,2.2410091250670963,25.509930220075148,3.1870638754696725,0.4294149221685454,0.36902844873859364
107,14.626945786366075,6.910896403650026,5.287171229200215,37.25174449812131,4.0995705850778315,2.227589908749329,25.47638217928073,3.321256038647343,0.4294149221685454,0.36902844873859364
108,14.928878153515834,6.910896403650026,5.891035963499732,36.95652173913044,3.8848631239935587,2.187332259796028,25.15432098765432,3.2877079978529253,0.4294149221685454,0.36902844873859364
109,15.646806226516372,6.790123456790123,5.864197530864198,36.191626409017715,4.575952764358561,2.187332259796028,24.436392914653783,3.5091250670960816,0.4294149221685454,0.36902844873859364
110,16.190284487385938,6.528448738593666,5.347557702630167,34.49409554482018,4.388083735909823,2.5026838432635534,25.617283950617285,4.133118625872249,0.4294149221685454,0.36902844873859364
111,16.15673644659152,6.421095008051529,5.307300053676865,33.60842726784756,4.3545356951154055,3.92512077294686,25.301932367149757,4.133118625872249,0.4294149221685454,0.36231884057971014
112,16.129898013955984,6.421095008051529,7.749597423510467,32.729468599033815,4.3545356951154055,3.911701556629093,24.382716049382715,3.5292538915727323,0.4294149221685454,0.36231884057971014
113,16.72705314009662,6.3070316693505095,7.702630166398282,32.23295759527644,4.3478260869565215,3.8915727321524423,24.168008588298445,3.8311862587224907,0.4294149221685454,0.36231884057971014
114,17.03569511540526,6.273483628556092,7.635534084809447,32.018250134192165,4.30756843800322,4.119699409554482,23.993558776167472,3.824476650563607,0.4294149221685454,0.36231884057971014
115,17.3040794417606,6.219806763285024,7.581857219538379,31.80354267310789,4.274020397208803,4.334406870638754,23.61111111111111,4.079441760601181,0.4294149221685454,0.36231884057971014
116,17.820719269994633,6.219806763285024,7.5348899624261945,31.353998926462694,4.26731078904992,4.314278046162104,23.483628556092324,4.213633923778851,0.4294149221685454,0.36231884057971014
117,16.921631776704242,5.763553408480945,16.841116478797638,30.273752012882447,3.717122920021471,4.42163177670424,18.411164787976382,2.85829307568438,0.4294149221685454,0.36231884057971014
118,16.70692431561997,5.736714975845411,16.720343531937736,30.10601180891036,3.5762211486849167,4.736983360171766,18.9345142243693,2.6972624798711755,0.4294149221685454,0.35560923242082665
119,17.183306494900698,5.683038110574342,16.61969940955448,29.676596886741816,3.824476650563607,5.10601180891036,18.59903381642512,2.5496511003757383,0.4294149221685454,0.32877079978529256
120,18.00858829844337,5.609232420826624,12.869028448738593,29.388083735909824,3.7372517444981215,5.0858829844337095,22.007514761137948,2.5496511003757383,0.41599570585077833,0.32877079978529256
121,18.297101449275363,5.595813204508857,12.828770799785293,29.260601180891037,3.730542136339238,5.025496511003757,21.973966720343533,2.5429414922168547,0.41599570585077833,0.32877079978529256
122,18.726516371443907,5.5756843800322065,12.714707461084272,29.012345679012345,3.730542136339238,5.025496511003757,21.85990338164251,2.61003757380569,0.41599570585077833,0.32877079978529256
123,19.0150295222759,5.5756843800322065,12.567096081588835,28.6231884057971,3.8378958668813743,4.99194847020934,21.28287707997853,3.361513687600644,0.41599570585077833,0.32877079978529256
124,17.53220611916264,5.542136339237788,11.949812130971551,33.77616747181965,3.4621578099838968,4.944981213097155,18.90096618357488,3.2139023081052067,0.3488996242619431,0.32877079978529256
125,18.00187869028449,5.441492216854535,11.862587224906065,33.36688137412775,3.44873859366613,5.260332796564681,18.739935587761675,3.2139023081052067,0.33548040794417605,0.32877079978529256
126,16.834406870638755,4.42163177670424,9.91009125067096,37.104133118625874,2.932098765432099,4.87788513150832,20.42404723564144,2.831454643048846,0.33548040794417605,0.32877079978529256
127,17.384594739667204,4.42163177670424,9.829575952764358,36.74852388620504,2.8918411164787976,4.87788513150832,20.356951154052602,2.831454643048846,0.33548040794417605,0.322061191626409
128,17.67981749865808,4.42163177670424,9.809447128287708,36.580783682232955,2.8918411164787976,5.119431025228127,20.021470746108427,2.818035426731079,0.33548040794417605,0.322061191626409
129,14.734299516908212,3.556092324208266,10.050993022007514,48.89291465378422,2.2342995169082127,4.139828234031133,13.714439076757918,2.3617820719269993,,0.3153515834675255
130,11.647879763821793,3.3480944712828773,9.75577026301664,59.816156736446594,1.737788513150832,2.9723564143853998,8.997584541062801,1.4626945786366077,,0.2616747181964573
131,11.372785829307569,3.1199677938808374,10.782340311325818,60.83601717659689,1.6572732152442298,2.757648953301127,8.353462157809984,0.8588298443370908,,0.2616747181964573
132,11.748523886205046,3.1065485775630703,10.742082662372518,60.41331186258722,1.6572732152442298,2.7442297369833604,8.279656468062266,1.0466988727858293,,0.2616747181964573
133,11.674718196457327,3.099838969404187,9.930220075147611,60.92324208266237,1.5767579173376274,4.99194847020934,6.494900697799249,1.0466988727858293,,0.2616747181964573
134,12.037037037037036,3.099838969404187,9.896672034353195,60.601180891035966,1.5767579173376274,4.985238862050457,6.494900697799249,1.0466988727858293,,0.2616747181964573
135,12.600644122383253,3.099838969404187,9.883252818035427,59.326355340848096,1.5767579173376274,5.488459473966721,6.481481481481482,1.1540526033279657,0.1274825550187869,0.2616747181964573
136,12.815351583467525,3.099838969404187,15.53274288781535,52.482555018786904,1.5767579173376274,6.300322061191626,6.447933440687064,1.3553408480944713,0.1274825550187869,0.2616747181964573
137,13.325281803542673,3.0931293612453032,15.45222758990875,52.17391304347826,1.5767579173376274,6.213097155126141,6.4412238325281805,1.3352120236178207,0.1274825550187869,0.2616747181964573
138,13.6406333870102,2.8784219001610305,11.406333870101985,50.87224906065486,1.8853998926462694,6.213097155126141,11.265432098765432,1.4492753623188406,0.1274825550187869,0.2616747181964573
139,13.130703166935051,1.9122383252818036,11.332528180354267,50.6508319914117,1.724369296833065,6.172839506172839,13.378958668813741,1.4492753623188406,0.1274825550187869,0.12077294685990338
140,13.687600644122384,1.9122383252818036,11.05072463768116,50.3690284487386,1.724369296833065,6.159420289855072,13.258185721953838,1.4492753623188406,0.1274825550187869,0.2616747181964573
141,13.077026301663983,1.8786902844873858,11.345947396672035,50.91250670960816,1.9256575415995705,5.917874396135265,13.191089640365004,1.3620504562533549,0.1274825550187869,0.2616747181964573
142,11.600912506709609,1.8786902844873858,8.387010198604402,56.19296833064949,2.7509393451422435,5.3274288781535155,12.157809983896941,1.3150831991411702,0.1274825550187869,0.2616747181964573
143,9.098228663446054,0.6508319914117016,7.742887815351583,63.177670424047236,2.4892646269457863,4.274020397208803,10.950080515297907,1.2278582930756843,0.1274825550187869,0.2616747181964573
144,9.494095544820183,0.6508319914117016,7.716049382716049,62.74825550187869,2.4825550187869028,4.274020397208803,10.896403650026839,1.3486312399355878,0.1274825550187869,0.2616747181964573
145,9.91009125067096,0.6508319914117016,7.716049382716049,62.466451959205585,2.4691358024691357,4.26731078904992,10.782340311325818,1.3486312399355878,0.1274825550187869,0.2616747181964573
146,10.21202361782072,0.6508319914117016,7.615405260332796,62.204777241009126,2.4691358024691357,4.468599033816425,10.7085346215781,1.2949543746645196,0.1274825550187869,0.24825550187869028
147,10.285829307568438,0.6508319914117016,8.400429414922169,61.594202898550726,2.4691358024691357,4.3545356951154055,10.057702630166398,1.6774020397208802,0.2616747181964573,0.24825550187869028
148,11.11111111111111,0.6508319914117016,8.353462157809984,60.47369833601718,2.7442297369833604,4.341116478797638,10.010735373054214,1.8048845947396672,0.2616747181964573,0.24825550187869028
149,11.473429951690822,0.6508319914117016,8.28636607622115,58.65539452495974,2.9052603327965647,4.314278046162104,9.936929683306495,3.2675791733762747,0.2616747181964573,0.24825550187869028
150,12.110842726784755,0.6508319914117016,8.239398819108963,58.12533548040794,2.8381642512077296,4.461889425657541,9.836285560923242,3.227321524422974,0.2616747181964573,0.24825550187869028
151,12.546967257112184,0.6508319914117016,8.232689210950081,57.63553408480945,2.8381642512077296,4.441760601180891,9.77589908749329,3.3682232957595275,0.2616747181964573,0.24825550187869028
152,13.170960815888352,0.644122383252818,8.225979602791197,56.88405797101449,2.831454643048846,4.394793344068707,9.675254965110037,3.6634460547504024,0.2616747181964573,0.24825550187869028
153,13.526570048309178,0.644122383252818,8.809715512614064,56.01180891035963,3.0193236714975846,4.233762748255502,9.581320450885668,3.6634460547504024,0.2616747181964573,0.24825550187869028
154,13.94927536231884,0.644122383252818,8.702361782071927,55.763553408480945,3.0193236714975846,4.2270531400966185,9.574610842726784,3.6097691894793345,0.2616747181964573,0.24825550187869028
155,14.647074610842727,0.644122383252818,8.648684916800859,54.82420826623725,3.0193236714975846,4.428341384863124,9.50751476113795,3.7775093934514223,0.2549651100375738,0.24825550187869028
156,14.647074610842727,0.5434782608695652,8.192431561996779,54.98523886205046,2.985775630703167,4.3545356951154055,10.057702630166398,3.743961352657005,0.2549651100375738,0.23483628556092323
157,14.660493827160494,0.49651100375738055,8.185721953837897,54.730273752012884,2.9790660225442833,4.455179817498658,10.030864197530864,3.978797638217928,0.2549651100375738,0.2281266774020397
158,15.049651100375739,0.49651100375738055,8.07836822329576,54.04589371980676,4.240472356414386,4.455179817498658,9.192163177670425,3.9586688137412773,0.2549651100375738,0.2281266774020397
159,15.552871712292003,0.49651100375738055,8.024691358024691,53.636607622114866,4.213633923778851,4.408212560386473,9.16532474503489,4.019055287171229,0.2549651100375738,0.2281266774020397
160,15.915190552871712,0.48980139559849706,8.024691358024691,53.05958132045089,4.388083735909823,4.408212560386473,9.131776704240472,4.0995705850778315,0.2549651100375738,0.2281266774020397
161,16.29092860976919,0.48980139559849706,7.971014492753623,52.81803542673108,4.388083735909823,4.374664519592056,9.084809447128288,4.0995705850778315,0.2549651100375738,0.2281266774020397
162,16.854535695115406,0.48980139559849706,7.883789586688137,52.482555018786904,4.367954911433173,4.334406870638754,9.03113258185722,4.072732152442297,0.2549651100375738,0.2281266774020397
163,17.324208266237253,0.48980139559849706,7.796564680622652,51.82501341921632,4.294149221685454,4.294149221685454,8.99087493290392,4.502147074610843,0.2549651100375738,0.2281266774020397
164,17.619431025228128,0.47638217928073,7.575147611379496,51.40230810520666,4.28743961352657,4.51556629092861,8.957326892109501,4.683306494900698,0.2549651100375738,0.2281266774020397
165,18.00187869028449,0.47638217928073,7.447665056360709,50.946054750402574,4.609500805152979,4.582662372517445,8.776167471819646,4.676596886741814,0.2549651100375738,0.2281266774020397
166,18.357487922705314,0.47638217928073,7.333601717659689,50.556897477187334,4.555823939881911,4.582662372517445,8.76274825550188,4.824208266237251,0.3421900161030596,0.20799785292538917
167,18.364197530864196,0.47638217928073,7.675791733762749,50.067096081588836,4.790660225442834,4.549114331723027,8.715780998389693,4.824208266237251,0.32877079978529256,0.20799785292538917
168,18.78690284487386,0.47638217928073,7.601986044015029,49.745034889962426,4.864465915190553,4.51556629092861,8.68894256575416,4.783950617283951,0.32877079978529256,0.20799785292538917
169,19.504830917874397,0.47638217928073,7.541599570585078,48.93317230273752,4.8376274825550185,4.4820182501341925,8.635265700483092,5.052334943639291,0.32877079978529256,0.20799785292538917
170,19.847020933977454,0.47638217928073,7.313472893183038,48.37627482555019,4.777241009125067,4.562533548040794,9.131776704240472,4.978529253891573,0.32877079978529256,0.20799785292538917
171,20.081857219538378,0.47638217928073,7.313472893183038,47.55099302200752,5.528717122920021,4.49543746645196,9.057971014492754,4.958400429414922,0.32877079978529256,0.20799785292538917
172,20.209339774557165,0.47638217928073,6.944444444444445,47.34299516908212,5.387815351583468,4.3478260869565215,9.957058507783145,4.938271604938271,0.1878690284487386,0.20799785292538917
173,20.44417606011809,0.47638217928073,6.944444444444445,47.114868491680085,5.320719269994632,4.341116478797638,9.916800858829845,5.059044551798175,0.17444981213097155,0.20799785292538917
174,20.75281803542673,0.47638217928073,6.9310252281266775,46.95383789586688,5.320719269994632,4.320987654320987,9.802737520128824,5.059044551798175,0.17444981213097155,0.20799785292538917
175,20.638754696725712,0.47638217928073,6.863929146537842,46.18894256575416,6.561996779388084,4.314278046162104,9.648416532474503,4.924852388620504,0.17444981213097155,0.20799785292538917
176,20.82662372517445,0.47638217928073,6.823671497584541,45.61862587224906,6.561996779388084,4.690016103059581,9.648416532474503,4.9718196457326895,0.17444981213097155,0.20799785292538917
177,20.947396672034355,0.47638217928073,6.823671497584541,45.450885668276975,6.535158346752549,4.609500805152979,9.829575952764358,4.944981213097155,0.17444981213097155,0.20799785292538917
178,20.813204508856682,0.47638217928073,8.266237251744498,44.61218464841653,6.535158346752549,4.555823939881911,9.151905528717123,5.2066559312936125,0.17444981213097155,0.20799785292538917
179,20.840042941492218,0.47638217928073,8.21256038647343,43.33735909822866,6.508319914117015,5.917874396135265,9.118357487922705,5.2066559312936125,0.17444981213097155,0.20799785292538917
180,19.135802469135804,0.2616747181964573,8.064949006977992,47.71202361782072,6.0654857756307035,4.985238862050457,8.68894256575416,4.703435319377348,0.17444981213097155,0.20799785292538917
181,19.464573268921097,0.2616747181964573,8.051529790660226,47.34970477724101,6.273483628556092,4.884594739667204,8.641975308641975,4.690016103059581,0.17444981213097155,0.20799785292538917
182,19.706119162640903,0.2616747181964573,8.031400966183575,47.0679012345679,6.273483628556092,4.884594739667204,8.621846484165324,4.770531400966184,0.17444981213097155,0.20799785292538917
183,19.83360171765969,0.2616747181964573,8.004562533548041,48.53730542136339,5.10601180891036,4.938271604938271,8.514492753623188,4.51556629092861,0.17444981213097155,0.11406333870101985
184,20.02818035426731,0.2616747181964573,8.105206655931294,48.309178743961354,5.0993022007514766,4.931561996779388,8.460815888352121,4.51556629092861,0.17444981213097155,0.11406333870101985
185,20.21604938271605,0.2616747181964573,8.360171765968868,47.22893183038111,4.951690821256038,4.871175523349437,9.39345142243693,4.428341384863124,0.17444981213097155,0.11406333870101985
186,20.538110574342458,0.2616747181964573,7.830112721417069,46.63848631239936,5.891035963499732,4.810789049919484,9.380032206119163,4.361245303274289,0.17444981213097155,0.11406333870101985
187,20.74610842726785,0.2616747181964573,7.763016639828234,46.47745571658615,5.964841653247451,4.810789049919484,9.346484165324744,4.361245303274289,0.15432098765432098,0.11406333870101985
188,20.73268921095008,0.2616747181964573,7.333601717659689,46.11513687600644,5.964841653247451,4.750402576489533,10.319377348362856,4.327697262479871,0.08051529790660225,0.11406333870101985
189,20.377079978529252,0.2616747181964573,7.27992485238862,45.26301663982824,7.159151905528717,5.065754159957058,10.178475577026301,4.2203435319377345,0.08051529790660225,0.11406333870101985
190,20.725979602791195,0.23483628556092323,7.253086419753086,44.887278582930755,7.105475040257649,5.065754159957058,10.131508319914117,4.40150295222759,0.08051529790660225,0.11406333870101985
191,20.947396672034355,0.23483628556092323,7.212828770799785,44.57192699946323,7.018250134192163,5.347557702630167,10.071121846484166,4.40150295222759,0.08051529790660225,0.11406333870101985
192,20.967525496511005,0.23483628556092323,6.749865807836822,44.357219538378956,7.011540526033279,5.347557702630167,10.701825013419215,4.394793344068707,0.12077294685990338,0.11406333870101985
193,21.14868491680086,0.23483628556092323,6.696188942565755,43.69967793880837,7.232957595276436,5.609232420826624,10.63472893183038,4.549114331723027,0.12077294685990338,0.07380568974771873
194,21.497584541062803,0.23483628556092323,6.6760601180891035,43.53864734299517,7.185990338164252,5.535426731078905,10.587761674718196,4.549114331723027,0.12077294685990338,0.07380568974771873
195,21.987385936661298,0.23483628556092323,6.622383252818035,43.27026301663983,7.118894256575416,5.515297906602254,10.520665593129362,4.53569511540526,0.12077294685990338,0.07380568974771873
196,22.430220075147613,0.23483628556092323,6.588835212023618,42.975040257648956,7.071926999463232,5.4616210413311865,10.527375201288244,4.51556629092861,0.12077294685990338,0.07380568974771873
197,22.63150831991412,0.2281266774020397,6.541867954911433,42.693236714975846,7.071926999463232,5.4616210413311865,10.513955984970478,4.663177670424047,0.12077294685990338,0.07380568974771873
198,22.799248523886206,0.2281266774020397,6.521739130434782,42.3040794417606,7.051798174986581,5.857487922705314,10.46027911969941,4.582662372517445,0.12077294685990338,0.07380568974771873
199,23.121309715512613,0.2281266774020397,6.468062265163715,42.01556629092861,6.991411701556629,5.8239398819108965,10.420021470746109,4.736983360171766,0.12077294685990338,0.07380568974771873
200,20.860171765968868,0.2281266774020397,5.347557702630167,48.25550187869028,6.005099302200751,5.609232420826624,8.997584541062801,4.542404723564144,0.12077294685990338,0.03354804079441761
201,20.933977455716587,0.2281266774020397,5.287171229200215,47.70531400966183,5.844068706387547,5.938003220611916,8.923778851315083,4.985238862050457,0.12077294685990338,0.03354804079441761
202,21.18894256575416,0.2281266774020397,5.280461621041331,47.416800858829845,5.8239398819108965,5.931293612453032,8.856682769726248,5.119431025228127,0.12077294685990338,0.03354804079441761
203,21.4170692431562,0.2281266774020397,5.193236714975845,47.08803005904455,5.776972624798712,6.239935587761675,8.789586688137414,5.112721417069243,0.12077294685990338,0.03354804079441761
204,21.67874396135266,0.2281266774020397,5.152979066022544,46.73913043478261,5.743424584004294,6.468062265163715,8.776167471819646,5.059044551798175,0.12077294685990338,0.03354804079441761
205,21.73913043478261,0.2281266774020397,5.10601180891036,45.289855072463766,5.730005367686527,6.260064412238325,10.487117552334944,5.01207729468599,0.11406333870101985,0.03354804079441761
206,22.007514761137948,0.2281266774020397,5.045625335480408,45.06843800322061,5.609232420826624,6.481481481481482,10.433440687063875,4.978529253891573,0.11406333870101985,0.03354804079441761
207,22.188674181427803,0.2281266774020397,5.032206119162641,44.907407407407405,5.595813204508857,6.662640901771336,10.265700483091788,4.9718196457326895,0.11406333870101985,0.03354804079441761
208,22.477187332259795,0.2281266774020397,5.293880837359098,44.538378958668815,5.340848094471283,6.622383252818035,10.19189479334407,5.159688674181428,0.11406333870101985,0.03354804079441761
209,22.758990874932906,0.20799785292538917,5.267042404723564,44.26328502415459,5.3274288781535155,6.595544820182502,10.285829307568438,5.146269457863661,0.11406333870101985,0.03354804079441761
210,23.1682769726248,0.20799785292538917,5.173107890499195,43.90096618357488,5.280461621041331,6.910896403650026,10.205314009661835,5.005367686527107,0.11406333870101985,0.03354804079441761
211,23.65136876006441,0.20799785292538917,5.119431025228127,43.65942028985507,5.260332796564681,6.843800322061192,10.131508319914117,4.978529253891573,0.11406333870101985,0.03354804079441761
212,24.08749329039184,0.20799785292538917,5.112721417069243,43.35077831454643,5.233494363929147,6.823671497584541,9.91009125067096,5.12614063338701,0.11406333870101985,0.03354804079441761
213,24.342458400429415,0.20799785292538917,5.401234567901234,43.20987654320987,5.193236714975845,6.635802469135802,9.876543209876543,4.985238862050457,0.11406333870101985,0.03354804079441761
214,24.765163714439076,0.20799785292538917,5.401234567901234,42.92807300053677,5.12614063338701,6.602254428341385,9.856414385399892,4.9651100375738055,0.11406333870101985,0.03354804079441761
215,25.120772946859905,0.20799785292538917,5.46833064949007,42.62614063338701,5.119431025228127,6.595544820182502,9.829575952764358,4.884594739667204,0.11406333870101985,0.03354804079441761
216,25.55689747718733,0.20799785292538917,5.407944176060118,42.41814278046162,5.072463768115942,6.521739130434782,9.789318303811058,4.87788513150832,0.11406333870101985,0.03354804079441761
217,25.93263553408481,0.20799785292538917,5.394524959742351,41.95517981749866,5.052334943639291,6.494900697799249,9.722222222222221,5.0993022007514766,0.11406333870101985,0.026838432635534086
218,26.25469672571122,0.20799785292538917,5.367686527106817,41.75389157273215,5.018786902844874,6.447933440687064,9.655126140633387,5.152979066022544,0.11406333870101985,0.026838432635534086
219,26.482823403113258,0.20799785292538917,5.35426731078905,41.606280193236714,5.179817498658078,6.521739130434782,9.41358024691358,5.092592592592593,0.11406333870101985,0.026838432635534086
220,26.8317230273752,0.20799785292538917,5.683038110574342,41.015834675254965,5.119431025228127,6.407675791733762,9.380032206119163,5.213365539452496,0.11406333870101985,0.026838432635534086
221,26.912238325281802,0.14761137949543746,6.582125603864735,40.39855072463768,4.891304347826087,6.407675791733762,9.353193773483628,5.166398282340311,0.11406333870101985,0.026838432635534086
222,27.167203435319376,0.14761137949543746,6.515029522275899,40.103327965646805,5.112721417069243,6.380837359098229,9.292807300053678,5.139559849704777,0.11406333870101985,0.026838432635534086
223,27.147074610842726,0.14761137949543746,6.515029522275899,39.741009125067094,5.052334943639291,6.736446591519055,9.453837895866881,5.065754159957058,0.11406333870101985,0.026838432635534086
224,27.375201288244767,0.14761137949543746,6.796833064949007,39.45920558239399,5.072463768115942,6.6760601180891035,9.39345142243693,4.938271604938271,0.11406333870101985,0.026838432635534086
225,27.42216854535695,0.14761137949543746,6.743156199677939,38.32528180354267,4.817498658078368,7.326892109500805,10.144927536231885,4.931561996779388,0.11406333870101985,0.026838432635534086
226,27.583199141170155,0.14761137949543746,6.729736983360172,38.14412238325282,4.817498658078368,7.4141170155662905,10.091250670960816,4.931561996779388,0.11406333870101985,0.026838432635534086
227,27.87842190016103,0.14761137949543746,6.696188942565755,38.00993022007515,4.783950617283951,7.380568974771873,10.084541062801932,4.87788513150832,0.11406333870101985,0.026838432635534086
