,45,50,51,55,54,52,53,56,57,58
0,96.96725711218465,3.0327428878153517,,,,,,,,
1,78.32796564680622,18.666129898013956,2.898550724637681,0.10735373054213634,,,,,,
2,75.46296296296296,21.537842190016104,2.8918411164787976,0.10735373054213634,,,,,,
3,65.7139023081052,31.13929146537842,2.8918411164787976,0.18115942028985507,0.07380568974771873,,,,,
4,64.8215244229737,25.63070316693505,2.8918411164787976,0.0939345142243693,,4.522275899087493,2.0397208803005906,,,
5,63.94256575415996,26.50966183574879,2.8918411164787976,0.0939345142243693,,4.522275899087493,2.0397208803005906,,,
6,56.70289855072464,34.29951690821256,2.2410091250670963,0.2214170692431562,,4.49543746645196,2.0397208803005906,,,
7,55.3341384863124,32.27992485238862,3.227321524422974,0.12077294685990338,,7.03166935050993,2.006172839506173,,,
8,45.51798174986581,40.82796564680623,3.0394524959742353,0.08051529790660225,,7.03166935050993,3.502415458937198,,,
9,41.45195920558239,42.579173376274824,5.495169082125604,0.08051529790660225,,7.03166935050993,3.361513687600644,,,
10,34.896672034353195,45.511272141706925,5.495169082125604,1.6975308641975309,4.26731078904992,4.62962962962963,3.502415458937198,,,
11,31.280193236714975,49.282071926999464,5.340848094471283,1.6975308641975309,4.26731078904992,4.62962962962963,3.502415458937198,,,
12,31.709608158883523,46.39023081052066,5.293880837359098,2.7777777777777777,3.1535158346752548,7.347020933977456,3.3279656468062266,,,
13,30.535426731078903,35.547504025764894,20.30998389694042,1.7042404723564144,2.5161030595813205,6.0587761674718195,3.3279656468062266,,,
14,30.3743961352657,30.95813204508857,21.91358024691358,0.5636070853462157,3.8378958668813743,6.884057971014493,5.35426731078905,0.11406333870101985,,
15,26.060118089103597,34.46054750402576,23.557434245840042,0.7112184648416533,3.8378958668813743,6.461352657004831,4.797369833601718,0.11406333870101985,,
16,26.442565754159958,34.42028985507246,23.275630703166936,0.8387010198604401,3.6902844873859366,6.447933440687064,4.770531400966184,0.11406333870101985,,
17,26.529790660225444,32.55501878690284,20.893719806763286,0.7313472893183038,3.5091250670960816,8.943907675791733,6.723027375201288,0.11406333870101985,,
18,26.08695652173913,32.37385936661299,20.759527643585614,0.7313472893183038,3.5091250670960816,9.594739667203436,6.716317767042405,0.2281266774020397,,
19,20.8064949006978,34.25925925925926,26.35534084809447,0.8521202361782072,2.100107353730542,8.68894256575416,6.709608158883521,0.2281266774020397,,
20,13.969404186795492,44.880568974771876,24.268652710681696,0.7783145464304885,2.576489533011272,7.320182501341922,5.978260869565218,0.2281266774020397,,
21,9.447128287707997,44.316961889425656,29.54911433172303,0.1274825550187869,0.6575415995705851,12.318840579710145,3.5091250670960816,0.07380568974771873,,
22,7.749597423510467,34.695383789586685,39.84836285560923,0.12077294685990338,0.6575415995705851,12.06387546967257,3.4688674181427803,1.3955984970477724,,
23,7.2933440687063875,34.312936124530324,33.601717659688674,0.2683843263553409,1.8384326355340848,12.04374664519592,9.54777241009125,1.093666129898014,,
24,7.501341921631776,34.23242082662372,34.58132045088567,0.41599570585077833,1.583467525496511,11.211755233494364,9.380032206119163,1.093666129898014,,
25,7.924047235641439,31.092324208266238,34.40016103059581,2.8918411164787976,2.187332259796028,11.171497584541063,9.433709071390231,0.8990874932903918,,
26,8.199141170155663,30.669618894256576,32.31347289318304,3.0193236714975846,2.1806226516371443,13.331991411701557,9.386741814278047,0.8990874932903918,,
27,8.923778851315083,29.528985507246375,32.19269994632314,3.0193236714975846,2.1806226516371443,13.955984970477724,8.628556092324208,0.8789586688137413,0.6910896403650026,
28,8.447396672034353,24.10091250670961,38.81508319914117,3.5426731078904994,2.1806226516371443,16.029253891572733,4.616210413311863,1.4358561460010735,0.8319914117015567,
29,7.803274288781535,20.893719806763286,47.416800858829845,3.569511540526033,2.4825550187869028,10.909822866344605,4.542404723564144,1.5499194847020934,0.8319914117015567,
30,6.977992485238862,14.432367149758454,55.475040257648956,3.7037037037037037,2.046430488459474,10.695115405260333,4.2270531400966185,1.6103059581320451,0.8319914117015567,
31,7.2933440687063875,14.016371443907676,51.15405260332797,6.615673644659152,3.556092324208266,10.507246376811594,3.9519592055823938,1.9793344068706387,0.9259259259259259,
32,7.481213097155126,13.345410628019323,48.409822866344605,7.018250134192163,3.1602254428341383,13.560118089103597,4.51556629092861,1.583467525496511,0.9259259259259259,
33,7.96430488459474,13.24476650563607,47.64492753623188,7.018250134192163,3.1602254428341383,13.499731615673644,4.488727858293076,2.0531400966183573,0.9259259259259259,
34,8.648684916800859,12.801932367149758,45.95410628019324,7.360440150295223,3.066290928609769,13.45276435856146,5.555555555555555,2.1135265700483092,1.0466988727858293,
35,9.212292002147075,12.761674718196458,45.55823939881911,7.27992485238862,2.965646806226516,13.378958668813741,5.535426731078905,2.2611379495437465,1.0466988727858293,
36,9.970477724100913,12.560386473429952,45.1959205582394,7.246376811594203,2.965646806226516,13.345410628019323,5.407944176060118,2.2611379495437465,1.0466988727858293,
37,9.681964573268921,11.480139559849706,33.25952764358561,4.200214707461084,2.965646806226516,28.18035426731079,7.051798174986581,2.13365539452496,1.0466988727858293,
38,10.46027911969941,11.366076221148685,32.971014492753625,4.166666666666667,2.952227589908749,27.3215244229737,6.951154052603328,2.2611379495437465,1.4559849704777241,0.0939345142243693
39,10.929951690821255,11.238593666129898,35.34621578099839,4.019055287171229,2.952227589908749,26.86527106816962,6.166129898013956,1.6304347826086956,0.7581857219538379,0.0939345142243693
40,11.238593666129898,11.20504562533548,35.218733225979605,4.019055287171229,2.952227589908749,26.724369296833064,6.166129898013956,1.6237251744498122,0.7581857219538379,0.0939345142243693
41,11.574074074074074,11.137949543746645,35.07783145464305,4.019055287171229,5.555555555555555,24.402844873859365,5.763553408480945,1.6237251744498122,0.7514761137949544,0.0939345142243693
42,10.554213633923778,7.4006977992485234,34.91009125067096,3.8177670424047236,5.475040257648954,28.609769189479334,6.696188942565755,1.6237251744498122,0.8722490606548577,0.040257648953301126
43,10.084541062801932,5.595813204508857,34.272678475577024,3.556092324208266,4.804079441760601,32.991143317230275,6.655931293612453,1.1473429951690821,0.8521202361782072,0.040257648953301126
44,10.198604401502953,5.528717122920021,37.0101986044015,3.5225442834138487,4.03918411164788,31.816961889425656,5.891035963499732,1.1205045625335481,0.8319914117015567,0.040257648953301126
45,10.621309715512615,5.501878690284487,36.86929683306495,3.5091250670960816,4.03918411164788,31.488191089640367,5.891035963499732,1.2077294685990339,0.8319914117015567,0.040257648953301126
46,10.25228126677402,4.703435319377348,35.869565217391305,2.8515834675254963,3.92512077294686,36.3593666129898,3.9989264626945786,1.2077294685990339,0.8319914117015567,
47,9.749060654857756,4.703435319377348,32.14573268921095,2.898550724637681,6.266774020397209,38.016639828234034,3.4621578099838968,1.9390767579173376,0.8185721953837896,
48,9.796027911969942,4.703435319377348,32.098765432098766,2.898550724637681,6.266774020397209,38.016639828234034,3.4621578099838968,1.9390767579173376,0.8185721953837896,
49,9.091519055287172,4.213633923778851,33.40713902308105,2.3617820719269993,10.185185185185185,36.01717659688674,1.5901771336553945,2.24771873322598,0.8856682769726248,
50,9.380032206119163,4.066022544283414,31.548577563070317,2.49597423510467,10.185185185185185,37.61406333870102,1.5901771336553945,2.2342995169082127,0.8856682769726248,
51,9.514224369296834,2.9388083735909825,42.391304347826086,3.079710144927536,9.822866344605474,28.099838969404185,1.7176596886741815,1.8585614600107354,0.5770263016639828,
52,9.88996242619431,2.9388083735909825,39.67391304347826,3.079710144927536,9.77589908749329,30.475040257648953,1.8250134192163177,1.7646269457863661,0.5770263016639828,
53,10.104669887278583,2.9388083735909825,39.46591519055287,3.079710144927536,9.842995169082126,30.434782608695652,1.8048845947396672,1.7646269457863661,0.5636070853462157,
54,10.399892646269459,2.9052603327965647,39.009661835748794,3.6231884057971016,9.802737520128824,30.152979066022546,1.8048845947396672,1.737788513150832,0.5636070853462157,
55,11.030595813204508,2.9052603327965647,37.30542136339238,3.69699409554482,9.655126140633387,30.515297906602253,2.2208803005904456,2.1068169618894257,0.5636070853462157,
56,11.366076221148685,2.8784219001610305,37.19135802469136,3.69699409554482,9.608158883521202,30.394524959742352,2.2208803005904456,2.0799785292538915,0.5636070853462157,
57,12.184648416532475,2.7844873859366612,37.003488996242616,3.6768652710681695,9.426999463231347,30.139559849704778,2.187332259796028,2.033011272141707,0.5636070853462157,
58,12.72812667740204,2.771068169618894,36.3593666129898,3.3480944712828773,9.312936124530328,29.2337627482555,3.656736446591519,2.0263016639828235,0.5636070853462157,
59,13.22463768115942,2.771068169618894,36.04401502952228,3.435319377348363,9.27938808373591,29.086151368760063,3.656736446591519,1.9390767579173376,0.5636070853462157,
60,13.385668276972625,2.6167471819645733,34.574610842726784,3.260869565217391,9.265968867418144,29.461889425657542,3.643317230273752,3.227321524422974,0.5636070853462157,
61,13.747987117552334,2.61003757380569,34.29951690821256,3.2340311325818574,9.265968867418144,29.401502952227588,3.535963499731616,3.3413848631239937,0.5636070853462157,
62,14.452495974235104,2.5295222758990876,31.910896403650028,3.1602254428341383,9.151905528717123,27.576489533011273,7.226247987117552,3.3145464304884595,0.6776704240472357,
63,15.143585614600108,2.5161030595813205,31.54186795491143,3.1602254428341383,9.125067096081589,27.435587761674718,7.132313472893183,3.2675791733762747,0.6776704240472357,
64,15.787707997852925,2.5026838432635534,31.266774020397207,3.1535158346752548,9.07139023081052,27.214170692431562,6.937734836285561,3.388352120236178,0.6776704240472357,
65,13.788244766505636,2.3886205045625335,40.54616210413312,2.4557165861513686,8.420558239398819,22.36983360171766,6.729736983360172,2.885131508319914,0.41599570585077833,
66,13.157541599570585,2.2611379495437465,46.725711218464845,2.3886205045625335,7.675791733762749,20.437466451959207,4.435050993022007,2.5026838432635534,0.41599570585077833,
67,12.775093934514224,2.2611379495437465,50.09393451422437,2.147074610842727,7.675791733762749,18.625872249060656,3.502415458937198,2.5026838432635534,0.41599570585077833,
68,13.083735909822867,2.2611379495437465,49.61084272678475,2.147074610842727,7.944176060118089,18.297101449275363,3.502415458937198,2.737520128824477,0.41599570585077833,
69,13.41250670960816,2.2611379495437465,48.03408480944713,2.147074610842727,7.944176060118089,18.156199677938808,4.891304347826087,2.737520128824477,0.41599570585077833,
70,12.278582930756844,2.2611379495437465,46.833064949006975,3.1736446591519054,6.561996779388084,19.6256038647343,5.931293612453032,2.932098765432099,0.4025764895330113,
71,12.265163714439076,2.1739130434782608,44.545088566827694,3.1736446591519054,7.742887815351583,20.913848631239937,5.864197530864198,2.918679549114332,0.4025764895330113,
72,12.050456253354804,2.15378421900161,43.45142243692968,3.1736446591519054,7.742887815351583,23.22866344605475,5.045625335480408,2.898550724637681,0.2549651100375738,
73,11.876006441223833,2.1269457863660763,41.666666666666664,3.4688674181427803,10.413311862587225,21.83977455716586,5.045625335480408,3.307836822329576,0.2549651100375738,
74,12.70799785292539,2.100107353730542,42.78046162104133,2.395330112721417,10.245571658615138,21.598228663446054,4.958400429414922,2.9589371980676327,0.2549651100375738,
75,13.043478260869565,2.0799785292538915,42.66639828234031,2.395330112721417,10.205314009661835,21.497584541062803,4.898013955984971,2.9589371980676327,0.2549651100375738,
76,11.956521739130435,5.481749865807837,39.62694578636608,3.207192699946323,10.36634460547504,21.39694041867955,4.898013955984971,2.8113258185721954,0.2549651100375738,
77,12.238325281803542,5.481749865807837,41.599570585077835,3.1199677938808374,9.98389694041868,19.726247987117553,4.804079441760601,2.791196994095545,0.2549651100375738,
78,12.546967257112184,5.199946323134729,41.33118625872249,3.0864197530864197,9.54777241009125,19.585346215780998,5.656199677938808,2.791196994095545,0.2549651100375738,
79,12.399355877616747,5.146269457863661,40.84809447128288,2.8247450348899625,9.131776704240472,21.048040794417606,5.629361245303274,2.6033279656468062,0.36902844873859364,
80,12.47987117552335,5.146269457863661,40.78099838969404,2.7308105206655933,9.118357487922705,21.141975308641975,5.629361245303274,2.6033279656468062,0.36902844873859364,
81,12.775093934514224,5.119431025228127,40.56629092860977,2.7308105206655933,8.950617283950617,21.095008051529792,5.60252281266774,2.791196994095545,0.36902844873859364,
82,13.197799248523886,5.119431025228127,40.385131508319915,2.7308105206655933,8.769457863660762,20.98094471282877,5.60252281266774,2.844873859366613,0.36902844873859364,
83,13.117283950617283,5.032206119162641,39.61352657004831,2.757648953301127,7.695920558239399,19.826892109500804,8.789586688137414,2.7979066022544283,0.36902844873859364,
84,13.365539452495975,4.99194847020934,36.72839506172839,2.7106816961889426,7.239667203435319,23.255501878690286,8.21256038647343,3.126677402039721,0.36902844873859364,
85,13.654052603327965,4.99194847020934,36.46672034353194,2.7106816961889426,7.232957595276436,23.020665593129362,8.21256038647343,3.2340311325818574,0.47638217928073,
86,14.090177133655395,4.978529253891573,36.29898013955985,2.7106816961889426,7.380568974771873,22.725442834138487,8.024691358024691,3.3145464304884595,0.47638217928073,
87,12.4597423510467,4.797369833601718,42.12292002147075,1.865271068169619,7.380568974771873,19.80005367686527,7.729468599033816,3.3682232957595275,0.47638217928073,
88,12.86231884057971,4.797369833601718,41.71363392377885,2.01959205582394,7.360440150295223,19.672571121846484,7.729468599033816,3.3682232957595275,0.47638217928073,
89,13.352120236178207,4.797369833601718,41.337895866881375,2.006172839506173,7.360440150295223,19.632313472893184,7.689210950080516,3.3480944712828773,0.47638217928073,
90,13.875469672571121,4.676596886741814,41.0024154589372,2.0665593129361244,7.313472893183038,19.612184648416534,7.615405260332796,3.3816425120772946,0.4562533548040794,
91,14.04320987654321,4.274020397208803,40.304616210413315,2.932098765432099,7.749597423510467,19.578636607622116,7.1725711218464845,3.488996242619431,0.4562533548040794,
92,14.284755770263017,4.274020397208803,40.063070316693505,2.932098765432099,7.729468599033816,19.424315619967793,7.159151905528717,3.5628019323671496,0.5703166935050993,
93,14.794685990338165,4.247181964573269,39.59339774557166,2.9253891572732154,7.48792270531401,19.32367149758454,7.011540526033279,4.045893719806763,0.5703166935050993,
94,14.88191089640365,4.206924315619967,39.452495974235106,2.9253891572732154,7.454374664519592,17.954911433172303,8.507783145464305,4.045893719806763,0.5703166935050993,
95,14.492753623188406,4.206924315619967,38.439345142243695,2.9119699409554483,8.266237251744498,17.894524959742352,8.59500805152979,4.622920021470746,0.5703166935050993,
96,14.962426194310252,4.186795491143317,38.26489533011272,2.898550724637681,8.205850778314547,17.767042404723565,8.521202361782072,4.622920021470746,0.5703166935050993,
97,15.331454643048845,4.186795491143317,38.05018786902845,2.8515834675254963,8.152173913043478,17.72007514761138,8.514492753623188,4.622920021470746,0.5703166935050993,
98,15.519323671497585,4.186795491143317,37.90257648953301,2.8515834675254963,8.111916264090176,17.72007514761138,8.514492753623188,4.622920021470746,0.5703166935050993,
99,15.485775630703166,4.1532474503489,35.72195383789587,5.428073000536768,8.111916264090176,17.619431025228128,8.400429414922169,4.508856682769726,0.5703166935050993,
100,12.761674718196458,24.59742351046699,24.818840579710145,4.320987654320987,8.105206655931294,13.372249060654857,8.749329039184111,2.703972088030059,0.5703166935050993,
101,13.056897477187333,24.355877616747183,24.40955448201825,4.320987654320987,8.085077831454644,13.922436929683306,8.628556092324208,2.6502952227589907,0.5703166935050993,
102,11.20504562533548,21.504294149221685,33.3064949006978,3.9855072463768115,7.27992485238862,10.554213633923778,10.071121846484166,1.6371443907675791,0.4562533548040794,
103,11.674718196457327,21.35668276972625,32.98443370907139,4.146537842190016,7.1725711218464845,10.527375201288244,10.044283413848632,1.6371443907675791,0.4562533548040794,
104,10.312667740203972,29.844337090713903,28.509125067096083,4.193505099302201,6.266774020397209,8.977455716586151,10.030864197530864,1.4090177133655395,0.4562533548040794,
105,10.21202361782072,26.362050456253353,27.710681696188942,3.0327428878153517,6.179549114331723,14.88191089640365,9.702093397745571,1.4626945786366077,0.4562533548040794,
106,10.795759527643586,26.120504562533547,27.529522275899087,3.099838969404187,6.152710681696189,14.80810520665593,9.581320450885668,1.4626945786366077,0.4495437466451959,
107,10.131508319914117,16.75389157273215,37.466451959205585,3.0059044551798175,8.970746108427267,13.90901771336554,7.971014492753623,1.442565754159957,0.3488996242619431,
108,8.568169618894256,16.686795491143318,45.40391841116479,2.6704240472356413,8.064949006977992,10.46027911969941,6.655931293612453,1.1473429951690821,0.3421900161030596,
109,8.84326355340848,16.35131508319914,43.592324208266234,2.6704240472356413,7.595276435856146,12.989801395598498,6.561996779388084,1.0534084809447128,0.3421900161030596,
110,9.185453569511541,16.183574879227052,43.02871712292002,2.6704240472356413,8.071658615136876,12.969672571121846,6.568706387546968,0.9796027911969941,0.3421900161030596,
111,9.541062801932368,15.405260332796564,40.4723564143854,2.636876006441224,7.977724100912507,12.949543746645196,9.634997316156737,1.0399892646269457,0.3421900161030596,
112,9.796027911969942,15.324745034889963,40.41196994095545,2.636876006441224,7.957595276435856,12.795222758990874,9.581320450885668,1.0399892646269457,0.4562533548040794,
113,9.876543209876543,15.297906602254429,40.264358561460014,2.589908749329039,7.957595276435856,12.788513150831992,9.782608695652174,0.9863123993558777,0.4562533548040794,
114,9.339774557165862,15.257648953301127,43.062265163714436,2.509393451422437,6.353998926462695,12.587224906065487,9.245840042941492,1.1876006441223832,0.4562533548040794,
115,9.802737520128824,15.157004830917874,42.80059044551798,2.5026838432635534,6.253354804079442,12.587224906065487,9.158615136876007,1.2815351583467525,0.4562533548040794,
116,10.21202361782072,15.009393451422437,42.652979066022546,2.395330112721417,6.246645195920558,12.587224906065487,9.158615136876007,1.2815351583467525,0.4562533548040794,
117,10.748792270531402,14.955716586151368,43.25684380032206,2.395330112721417,5.998389694041868,12.278582930756844,8.742619431025227,1.2815351583467525,0.3421900161030596,
118,11.325818572195384,14.80810520665593,42.81400966183575,2.5295222758990876,5.917874396135265,11.956521739130435,8.742619431025227,1.5633387010198605,0.3421900161030596,
119,11.574074074074074,14.754428341384862,42.78717122920021,2.4557165861513686,5.850778314546431,11.929683306494901,8.742619431025227,1.5633387010198605,0.3421900161030596,
120,11.735104669887278,14.130434782608695,40.51932367149758,4.609500805152979,5.837359098228664,11.855877616747183,9.25925925925926,1.710950080515298,0.3421900161030596,
121,12.25174449812131,14.049919484702093,40.08990874932904,4.602791196994096,5.837359098228664,11.855877616747183,9.25925925925926,1.710950080515298,0.3421900161030596,
122,11.990069779924852,9.742351046698873,41.727053140096615,4.314278046162104,5.5689747718733225,10.165056360708535,14.801395598497047,1.3888888888888888,0.30193236714975846,
123,12.245034889962426,9.54777241009125,39.12372517444981,4.53569511540526,5.401234567901234,10.044283413848632,17.60601180891036,1.1943102522812667,0.30193236714975846,
124,11.057434245840042,8.943907675791733,47.06119162640902,3.4957058507783145,4.804079441760601,9.554482018250134,13.741277509393452,1.0399892646269457,0.30193236714975846,
125,11.54723564143854,8.836553945249598,44.77992485238862,3.4822866344605474,4.64975845410628,9.494095544820183,15.72061191626409,1.1876006441223832,0.30193236714975846,
126,12.104133118625873,8.836553945249598,44.477992485238865,3.4822866344605474,4.64975845410628,9.494095544820183,15.4723564143854,1.1808910359634996,0.30193236714975846,
127,12.419484702093397,8.675523349436393,44.29012345679013,3.7238325281803544,4.64975845410628,9.312936124530328,15.445517981749866,1.1808910359634996,0.30193236714975846,
128,12.553676865271068,8.675523349436393,44.26328502415459,3.7238325281803544,4.5960815888352125,9.292807300053678,15.411969940955448,1.1808910359634996,0.30193236714975846,
129,12.560386473429952,8.621846484165324,43.18974771873322,2.7442297369833604,4.569243156199678,8.896940418679549,17.840848094471284,1.1406333870101986,0.30193236714975846,0.13419216317767044
130,13.063607085346217,8.514492753623188,42.941492216854535,2.7442297369833604,4.542404723564144,8.856682769726248,17.76033279656468,1.1406333870101986,0.30193236714975846,0.13419216317767044
131,13.238056897477188,8.501073537305421,41.458668813741276,2.7308105206655933,4.656468062265164,11.513687600644122,16.297638217928075,1.1674718196457328,0.30193236714975846,0.13419216317767044
132,13.271604938271604,8.313204508856682,40.666935050993025,3.0864197530864197,4.502147074610843,11.460010735373054,17.09608158883521,1.1674718196457328,0.30193236714975846,0.13419216317767044
133,13.546698872785829,8.3064949006978,40.371712292002144,3.3682232957595275,4.42163177670424,11.392914653784219,16.988727858293075,1.1674718196457328,0.30193236714975846,0.13419216317767044
134,13.841921631776705,8.3064949006978,40.05636070853462,3.294417606011809,4.582662372517445,11.325818572195384,16.988727858293075,1.1674718196457328,0.30193236714975846,0.13419216317767044
135,13.667471819645733,8.3064949006978,37.42619431025228,3.294417606011809,4.435050993022007,14.023081052066559,16.948470209339774,1.4626945786366077,0.30193236714975846,0.13419216317767044
136,14.123725174449811,8.199141170155663,37.33225979602791,3.180354267310789,4.435050993022007,13.922436929683306,16.908212560386474,1.4626945786366077,0.30193236714975846,0.13419216317767044
137,14.774557165861514,8.199141170155663,37.043746645195924,3.180354267310789,4.435050993022007,13.754696725711218,16.71363392377885,1.4626945786366077,0.30193236714975846,0.13419216317767044
138,15.318035426731079,8.064949006977992,36.802200751476114,3.180354267310789,4.388083735909823,13.654052603327965,16.59957058507783,1.442565754159957,0.41599570585077833,0.13419216317767044
139,15.519323671497585,8.064949006977992,36.71497584541063,3.180354267310789,4.388083735909823,13.633923778851315,16.525764895330113,1.442565754159957,0.39586688137412773,0.13419216317767044
140,15.277777777777779,8.017981749865807,35.668276972624795,3.361513687600644,6.011808910359635,13.123993558776167,16.284219001610307,1.724369296833065,0.39586688137412773,0.13419216317767044
141,15.881642512077295,8.011272141706923,35.31266774020397,3.3413848631239937,5.790391841116479,13.063607085346217,16.21712292002147,1.7176596886741815,0.5300590445517982,0.13419216317767044
142,16.056092324208265,7.930756843800322,35.19189479334407,3.3279656468062266,6.025228126677402,12.86231884057971,16.11647879763822,1.7176596886741815,0.6374127750939346,0.13419216317767044
143,15.895061728395062,7.702630166398282,35.54079441760601,3.3279656468062266,5.8172302737520125,13.298443370907139,16.06280193236715,1.583467525496511,0.6374127750939346,0.13419216317767044
144,13.365539452495975,7.313472893183038,43.23000536768653,2.885131508319914,6.374127750939345,12.70799785292539,12.13768115942029,1.3486312399355878,0.6374127750939346,
145,12.600644122383253,6.622383252818035,47.014224369296834,2.4892646269457863,6.112453032742888,12.084004294149223,11.191626409017713,1.247987117552335,0.6374127750939346,
146,13.077026301663983,6.595544820182502,46.19565217391305,2.368491680085883,6.233225979602791,12.030327428878154,10.95679012345679,1.8250134192163177,0.7179280730005367,
147,13.694310252281268,6.347289318303811,45.98094471282877,2.368491680085883,6.159420289855072,11.956521739130435,10.95679012345679,1.8183038110574343,0.7179280730005367,
148,14.016371443907676,6.3070316693505095,45.860171765968865,2.368491680085883,6.159420289855072,11.808910359634996,10.943370907139023,1.8183038110574343,0.7179280730005367,
149,14.210950080515298,6.266774020397209,45.69914117015566,2.4691358024691357,6.092324208266238,11.808910359634996,10.943370907139023,1.7914653784219001,0.7179280730005367,
150,11.43317230273752,4.213633923778851,61.32581857219538,2.0933977455716586,4.8376274825550185,8.480944712828771,5.522007514761138,1.7713365539452497,0.322061191626409,
151,11.782071926999464,4.133118625872249,61.06414385399893,2.0933977455716586,4.723564143853999,8.588298443370908,5.522007514761138,1.7713365539452497,0.322061191626409,
152,11.916264090177133,4.126409017713366,60.768921095008054,2.0933977455716586,4.7168545356951155,8.588298443370908,5.481749865807837,1.9860440150295222,0.322061191626409,
153,11.60762211486849,3.6366076221148687,60.587761674718195,2.0933977455716586,3.535963499731616,8.427267847557703,7.930756843800322,1.8384326355340848,0.3421900161030596,
154,11.83574879227053,3.616478797638218,60.21202361782072,2.3349436392914655,3.670155662909286,8.266237251744498,7.883789586688137,1.8384326355340848,0.3421900161030596,
155,12.47987117552335,3.616478797638218,59.5679012345679,2.314814814814815,3.549382716049383,8.266237251744498,7.816693505099302,2.046430488459474,0.3421900161030596,
156,13.023349436392914,3.589640365002684,58.93719806763285,2.314814814814815,3.549382716049383,8.266237251744498,7.816693505099302,2.1604938271604937,0.3421900161030596,
157,12.95625335480408,3.1468062265163717,56.78341384863124,2.167203435319377,3.5426731078904994,11.178207192699947,7.749597423510467,2.13365539452496,0.3421900161030596,
158,13.285024154589372,3.1468062265163717,56.52173913043478,2.167203435319377,3.5426731078904994,11.11111111111111,7.749597423510467,2.13365539452496,0.3421900161030596,
159,13.654052603327965,3.1468062265163717,56.28690284487386,2.167203435319377,3.5426731078904994,11.11111111111111,7.615405260332796,2.13365539452496,0.3421900161030596,
160,13.989533011272142,3.1199677938808374,56.072195383789584,2.167203435319377,3.5426731078904994,10.976918947933441,7.568438003220612,2.2208803005904456,0.3421900161030596,
161,14.452495974235104,3.1199677938808374,55.683038110574344,2.1403650026838434,3.5426731078904994,10.950080515297907,7.568438003220612,2.200751476113795,0.3421900161030596,
162,14.566559312936125,3.1199677938808374,54.83762748255502,2.8515834675254963,3.5426731078904994,10.93666129898014,7.501341921631776,2.301395598497048,0.3421900161030596,
163,14.781266774020397,3.1199677938808374,54.71685453569511,2.8515834675254963,3.5426731078904994,10.86285560923242,7.501341921631776,2.281266774020397,0.3421900161030596,
164,15.425389157273216,3.1199677938808374,54.36124530327429,2.771068169618894,3.5091250670960816,10.742082662372518,7.474503488996243,2.254428341384863,0.3421900161030596,
165,15.411969940955448,2.8381642512077296,52.4020397208803,4.636339237788513,3.4621578099838968,10.721953837895867,7.96430488459474,2.2208803005904456,0.3421900161030596,
166,16.183574879227052,2.8381642512077296,51.83843263553408,4.542404723564144,3.435319377348363,10.63472893183038,7.96430488459474,2.2208803005904456,0.3421900161030596,
167,16.378153515834676,2.8381642512077296,51.56333870101986,4.64975845410628,3.4286097691894795,10.587761674718196,7.863660762211487,2.3483628556092326,0.3421900161030596,
168,16.465378421900162,2.737520128824477,50.30864197530864,4.582662372517445,3.603059581320451,11.802200751476114,7.863660762211487,2.2946859903381642,0.3421900161030596,
169,15.619967793880837,2.717391304347826,45.6454643048846,4.569243156199678,3.2541599570585076,18.203166935050994,7.226247987117552,2.314814814814815,0.4495437466451959,
170,15.666935050993022,2.717391304347826,44.316961889425656,4.562533548040794,3.2541599570585076,19.384057971014492,7.212828770799785,2.314814814814815,0.5703166935050993,
171,16.19699409554482,2.717391304347826,44.12238325281803,4.669887278582931,3.2541599570585076,19.196188942565755,7.0383789586688135,2.2611379495437465,0.5434782608695652,
172,16.6532474503489,2.717391304347826,43.833870101986044,4.669887278582931,3.2541599570585076,19.028448738593667,7.0383789586688135,2.2611379495437465,0.5434782608695652,
173,17.04911433172303,2.717391304347826,43.33735909822866,4.636339237788513,3.193773483628556,19.008319914117017,6.971282877079979,2.5429414922168547,0.5434782608695652,
174,16.23725174449812,2.717391304347826,39.01637144390767,4.582662372517445,3.193773483628556,21.443907675791735,9.883252818035427,2.38191089640365,0.5434782608695652,
175,16.63311862587225,2.6838432635534084,38.87546967257112,4.542404723564144,3.193773483628556,21.30300590445518,9.856414385399892,2.38191089640365,0.5300590445517982,
176,16.961889425657542,2.6838432635534084,38.81508319914117,4.4820182501341925,3.099838969404187,21.256038647342994,9.789318303811058,2.38191089640365,0.5300590445517982,
177,16.874664519592056,2.6838432635534084,38.18438003220612,4.582662372517445,3.066290928609769,22.604669887278583,9.158615136876007,2.38191089640365,0.46296296296296297,
178,17.223564143854,2.6704240472356413,38.06360708534621,4.582662372517445,3.052871712292002,22.450348899624263,9.044551798174986,2.3483628556092326,0.5636070853462157,
179,17.45169082125604,2.6704240472356413,38.41250670960816,4.502147074610843,2.9052603327965647,22.208803005904453,8.977455716586151,2.314814814814815,0.5568974771873323,
180,17.820719269994633,2.6704240472356413,38.08373590982286,4.643048845947397,2.9052603327965647,22.041062801932366,8.977455716586151,2.301395598497048,0.5568974771873323,
181,17.995169082125603,2.6704240472356413,37.855609232420825,4.797369833601718,2.9052603327965647,21.85990338164251,8.943907675791733,2.4154589371980677,0.5568974771873323,
182,18.357487922705314,2.636876006441224,37.74825550187869,4.783950617283951,2.9052603327965647,21.67874396135266,8.943907675791733,2.4154589371980677,0.5300590445517982,
183,18.813741277509394,2.5831991411701556,37.31213097155126,4.757112184648417,5.387815351583468,19.83360171765969,8.387010198604402,2.4154589371980677,0.5099302200751477,
184,19.35721953837896,2.5831991411701556,37.17793880837359,4.750402576489533,5.273752012882448,19.672571121846484,8.28636607622115,2.4154589371980677,0.4830917874396135,
185,19.410896403650028,2.5831991411701556,36.36607622114869,4.904723564143854,5.273752012882448,19.64573268921095,8.581588835212024,2.7509393451422435,0.4830917874396135,
186,19.706119162640903,2.576489533011272,35.91653247450349,4.7101449275362315,5.267042404723564,19.524959742351047,8.930488459473967,2.885131508319914,0.4830917874396135,
187,19.961084272678477,2.5026838432635534,35.68840579710145,4.703435319377348,5.367686527106817,19.64573268921095,8.776167471819646,2.871712292002147,0.4830917874396135,
188,20.222758990874933,2.49597423510467,35.45356951154053,4.616210413311863,5.5756843800322065,18.833870101986044,9.447128287707997,2.871712292002147,0.4830917874396135,
189,20.377079978529252,2.462426194310252,35.02415458937198,4.549114331723027,5.723295759527644,18.773483628556093,9.75577026301664,2.8515834675254963,0.4830917874396135,
190,20.74610842726785,2.462426194310252,34.92351046698873,4.542404723564144,5.709876543209877,18.51851851851852,9.71551261406334,2.898550724637681,0.4830917874396135,
191,21.034621578099838,2.462426194310252,34.312936124530324,4.696725711218465,5.756843800322061,18.4044551798175,9.66183574879227,3.1870638754696725,0.4830917874396135,
192,21.235909822866343,2.4490069779924855,34.12506709608159,4.696725711218465,5.756843800322061,18.4044551798175,9.66183574879227,3.1870638754696725,0.4830917874396135,
193,21.658615136876005,2.4490069779924855,33.863392377885134,4.696725711218465,5.931293612453032,18.263553408480945,9.46725711218465,3.1870638754696725,0.4830917874396135,
194,22.19538378958669,2.4490069779924855,33.621846484165324,4.5960815888352125,5.924584004294149,18.06226516371444,9.41358024691358,3.2541599570585076,0.4830917874396135,
195,22.63150831991412,2.4490069779924855,33.1454643048846,4.703435319377348,6.005099302200751,17.995169082125603,9.353193773483628,3.2340311325818574,0.4830917874396135,
196,22.725442834138487,2.4490069779924855,32.78314546430489,4.830917874396135,6.005099302200751,18.270263016639827,9.272678475577026,3.2139023081052067,0.4495437466451959,
197,22.134997316156735,2.254428341384863,29.186795491143318,3.9989264626945786,5.750134192163178,23.081052066559312,10.11808910359635,3.026033279656468,0.4495437466451959,
198,20.987654320987655,2.167203435319377,35.970209339774556,2.395330112721417,5.595813204508857,19.685990338164252,9.762479871175524,3.0059044551798175,0.4294149221685454,
199,21.101717659688674,2.1604938271604937,35.95679012345679,2.3617820719269993,5.595813204508857,19.639023081052066,9.762479871175524,2.9924852388620504,0.4294149221685454,
200,21.309715512614062,2.13365539452496,35.95679012345679,2.328234031132582,5.555555555555555,19.585346215780998,9.708803005904455,2.9924852388620504,0.4294149221685454,
201,21.497584541062803,2.073268921095008,35.829307568438004,2.4221685453569513,5.555555555555555,19.49141170155663,9.708803005904455,2.9924852388620504,0.4294149221685454,
202,21.926999463231347,2.073268921095008,35.45356951154053,2.38191089640365,5.555555555555555,19.43773483628556,9.655126140633387,3.0864197530864197,0.4294149221685454,
203,21.967257112184647,2.033011272141707,32.118894256575416,2.0799785292538915,5.495169082125604,18.16290928609769,14.687332259796028,3.026033279656468,0.4294149221685454,
204,22.396672034353195,2.033011272141707,31.749865807836823,2.0531400966183573,5.58239398819109,18.109232420826622,14.533011272141707,3.113258185721954,0.4294149221685454,
205,22.530864197530864,2.033011272141707,31.54186795491143,2.0531400966183573,5.709876543209877,18.08239398819109,14.51959205582394,3.099838969404187,0.4294149221685454,
206,23.087761674718198,2.033011272141707,31.273483628556093,2.0531400966183573,5.676328502415459,18.00187869028449,14.358561460010735,3.099838969404187,0.41599570585077833,
207,23.470209339774556,1.9659151905528718,31.00509930220075,2.167203435319377,5.622651637144391,17.94820182501342,14.304884594739667,3.099838969404187,0.41599570585077833,
208,23.58427267847558,1.9592055823939882,30.971551261406333,2.167203435319377,5.622651637144391,17.907944176060116,14.2914653784219,3.079710144927536,0.41599570585077833,
209,23.879495437466453,1.932367149758454,30.83064949006978,2.167203435319377,5.528717122920021,17.901234567901234,14.264626945786366,3.079710144927536,0.41599570585077833,
210,24.040526033279658,1.932367149758454,30.495169082125603,2.167203435319377,5.971551261406334,17.834138486312398,14.163982823403114,2.9790660225442833,0.41599570585077833,
211,24.228395061728396,1.932367149758454,30.26033279656468,2.38191089640365,5.911164787976382,17.726784755770264,14.11701556629093,3.066290928609769,0.3757380568974772,
212,24.812130971551262,1.932367149758454,29.911433172302736,2.475845410628019,5.857487922705314,17.538915727321523,13.915727321524423,3.066290928609769,0.48980139559849706,
213,25.731347289318304,1.932367149758454,29.455179817498657,2.462426194310252,5.844068706387547,17.2638217928073,13.79495437466452,3.026033279656468,0.48980139559849706,
214,26.147342995169083,1.9189479334406871,29.21363392377885,2.462426194310252,5.844068706387547,17.196725711218466,13.613794954374665,3.113258185721954,0.48980139559849706,
215,26.382179280730007,1.9189479334406871,29.086151368760063,2.462426194310252,5.844068706387547,17.03569511540526,13.546698872785829,3.2340311325818574,0.48980139559849706,
216,25.865539452495973,1.4626945786366077,28.556092324208265,2.4355877616747184,5.8239398819108965,17.08937198067633,15.136876006441224,3.140096618357488,0.48980139559849706,
217,26.207729468599034,1.4626945786366077,28.073000536768653,2.965646806226516,5.743424584004294,16.881374127750938,14.908749329039184,3.2675791733762747,0.48980139559849706,
218,26.482823403113258,1.4626945786366077,27.938808373590984,2.9388083735909825,5.723295759527644,16.82769726247987,14.875201288244767,3.260869565217391,0.48980139559849706,
219,26.764626945786365,1.4626945786366077,27.65029522275899,3.260869565217391,5.709876543209877,16.63311862587225,14.76784755770263,3.260869565217391,0.48980139559849706,
220,26.912238325281802,1.4626945786366077,27.22758990874933,3.321256038647343,5.864197530864198,16.465378421900162,14.734299516908212,3.4688674181427803,0.5434782608695652,
221,26.85185185185185,1.4626945786366077,27.086688137412775,3.321256038647343,5.877616747181965,16.029253891572733,15.331454643048845,3.4957058507783145,0.5434782608695652,
222,26.536500268384327,1.4626945786366077,25.87224906065486,3.0864197530864197,5.750134192163178,18.4849704777241,15.13016639828234,3.1333870101986045,0.5434782608695652,
223,26.912238325281802,1.4626945786366077,25.677670424047236,3.0730005367686526,5.723295759527644,18.38432635534085,14.969135802469136,3.2541599570585076,0.5434782608695652,
224,27.4020397208803,1.4626945786366077,25.5300590445518,3.0730005367686526,5.71658615136876,18.06897477187332,14.727589908749328,3.3413848631239937,0.6776704240472357,
225,27.851583467525497,1.4626945786366077,25.32206119162641,3.0059044551798175,5.609232420826624,17.96833064949007,14.673913043478262,3.4286097691894795,0.6776704240472357,
226,28.079710144927535,1.4626945786366077,25.11406333870102,3.0864197530864197,5.750134192163178,17.834138486312398,14.593397745571659,3.4017713365539453,0.6776704240472357,
227,28.556092324208265,1.4626945786366077,24.932903918411164,3.046162104133119,5.750134192163178,17.599302200751477,14.579978529253891,3.3950617283950617,0.6776704240472357,
228,28.569511540526033,1.3955984970477724,24.88593666129898,3.066290928609769,5.857487922705314,17.881105743424584,14.27133655394525,3.3950617283950617,0.6776704240472357,
229,28.992216854535695,1.2949543746645196,24.48336017176597,2.932098765432099,6.0587761674718195,17.800590445517983,14.512882447665056,3.2474503488996245,0.6776704240472357,
230,29.186795491143318,1.2748255501878691,24.48336017176597,2.932098765432099,6.078904991948471,17.74020397208803,14.392109500805153,3.2474503488996245,0.6642512077294686,
231,29.012345679012345,1.2748255501878691,23.087761674718198,2.4892646269457863,6.125872249060655,17.54562533548041,16.626409017713364,3.1736446591519054,0.6642512077294686,
232,29.159957058507782,1.2412775093934514,23.060923242082662,2.475845410628019,6.260064412238325,17.54562533548041,16.445249597423512,3.1468062265163717,0.6642512077294686,
233,29.528985507246375,1.1205045625335481,23.027375201288244,2.462426194310252,6.132581857219538,17.485238862050455,16.445249597423512,3.1333870101986045,0.6642512077294686,
234,29.54911433172303,1.1205045625335481,22.852925389157274,2.61003757380569,6.340579710144928,17.45169082125604,16.317767042404725,3.1333870101986045,0.6239935587761675,
235,29.790660225442835,1.06682769726248,22.84621578099839,2.677133655394525,6.152710681696189,17.45169082125604,16.25738056897477,3.1333870101986045,0.6239935587761675,
236,29.106280193236714,1.06682769726248,26.536500268384327,3.0193236714975846,6.233225979602791,16.6129898013956,13.868760064412239,2.932098765432099,0.6239935587761675,
