,45,50,52,53,55,57,51,54,58,59,56,60,62,61,46,47
0,94.73966720343532,5.260332796564681,,,,,,,,,,,,,,
1,65.98899624261944,32.21282877079979,1.6371443907675791,0.03354804079441761,0.11406333870101985,0.013419216317767043,,,,,,,,,,
2,65.42538915727322,32.55501878690284,1.6505636070853462,0.06709608158883522,0.2616747181964573,0.013419216317767043,0.026838432635534086,,,,,,,,,
3,59.225711218464845,38.446054750402574,1.6438539989264627,0.06709608158883522,0.5434782608695652,0.04696725711218465,0.026838432635534086,,,,,,,,,
4,54.26731078904992,34.70880300590446,7.588566827697263,2.509393451422437,0.7112184648416533,0.08722490606548577,0.08051529790660225,0.03354804079441761,0.013419216317767043,,,,,,,
5,51.48282340311326,35.23215244229737,7.561728395061729,2.5295222758990876,0.7514761137949544,0.10735373054213634,0.08722490606548577,2.214170692431562,0.013419216317767043,0.020128824476650563,,,,,,
6,47.02093397745572,29.01905528717123,7.326892109500805,1.6237251744498122,0.7581857219538379,0.14761137949543746,11.77536231884058,2.214170692431562,0.026838432635534086,0.020128824476650563,0.06709608158883522,,,,,
7,42.351046698872786,35.20531400966183,7.2933440687063875,1.6438539989264627,1.221148684916801,0.18115942028985507,9.722222222222221,2.1604938271604937,0.026838432635534086,0.08051529790660225,0.11406333870101985,,,,,
8,42.05582393988191,35.11137949543747,7.340311325818572,1.6908212560386473,1.3150831991411702,0.30864197530864196,9.460547504025765,2.428878153515835,0.026838432635534086,0.08051529790660225,0.18115942028985507,,,,,
9,41.6532474503489,35.17176596886742,7.273215244229737,1.7042404723564144,1.4090177133655395,0.32877079978529256,9.594739667203436,2.3752012882447664,0.026838432635534086,0.24154589371980675,0.2214170692431562,,,,,
10,35.789049919484704,35.77563070316693,7.27992485238862,0.5770263016639828,1.6639828234031133,0.36902844873859364,9.205582393988191,8.749329039184111,0.0067096081588835215,0.3421900161030596,0.24154589371980675,,,,,
11,31.582125603864736,38.1105743424584,7.232957595276436,2.7106816961889426,1.7847557702630166,0.46296296296296297,8.796296296296296,8.53462157809984,0.03354804079441761,0.36902844873859364,0.3824476650563607,,,,,
12,23.201825013419217,37.31884057971015,6.6760601180891035,2.623456790123457,1.8384326355340848,0.4830917874396135,18.035426731078903,8.964036500268385,0.04696725711218465,0.4092860976918948,0.4025764895330113,,,,,
13,23.2085346215781,36.9699409554482,6.045356951154052,3.294417606011809,2.167203435319377,0.4428341384863124,18.055555555555557,8.84326355340848,0.07380568974771873,0.47638217928073,0.4227053140096618,,,,,
14,20.86688137412775,29.455179817498657,4.74369296833065,5.770263016639828,1.9927536231884058,0.4092860976918948,27.529522275899087,8.105206655931294,0.0939345142243693,0.5568974771873323,0.47638217928073,,,,,
15,19.155931293612454,30.9044551798175,4.790660225442834,5.683038110574342,2.1739130434782608,0.39586688137412773,27.395330112721417,8.172302737520129,0.13419216317767044,0.644122383252818,0.5166398282340311,0.03354804079441761,,,,
16,18.853998926462694,28.884863123993558,4.723564143853999,5.676328502415459,2.4557165861513686,0.46967257112184646,29.2337627482555,8.21256038647343,0.16774020397208803,0.644122383252818,0.644122383252818,0.03354804079441761,,,,
17,17.746913580246915,26.08695652173913,15.579710144927537,3.7372517444981215,2.1068169618894257,0.5501878690284487,23.678207192699947,9.29951690821256,0.2214170692431562,0.30193236714975846,0.6910896403650026,,,,,
18,14.06333870101986,31.904186795491142,13.868760064412239,3.6902844873859366,2.4020397208803006,0.46296296296296297,23.362855609232422,8.943907675791733,0.2214170692431562,0.30193236714975846,0.7783145464304885,,,,,
19,13.036768652710682,30.85077831454643,13.821792807300053,3.6231884057971016,2.5026838432635534,0.5434782608695652,25.40257648953301,8.856682769726248,0.2214170692431562,0.32877079978529256,0.8118625872249061,,,,,
20,13.01663982823403,27.49597423510467,14.31159420289855,3.5963499731615673,2.6502952227589907,0.6977992485238862,25.067096081588836,11.3593666129898,0.20799785292538917,0.3421900161030596,1.2546967257112185,,,,,
21,10.93666129898014,29.1935050993022,14.023081052066559,3.864734299516908,2.623456790123457,0.8588298443370908,25.959473966720342,10.648148148148149,0.2214170692431562,0.3153515834675255,1.3150831991411702,0.040257648953301126,,,,
22,9.212292002147075,30.3743961352657,15.203972088030058,3.8311862587224907,2.7979066022544283,0.8521202361782072,25.805152979066023,9.88996242619431,0.33548040794417605,0.28180354267310787,1.3888888888888888,0.026838432635534086,,,,
23,9.131776704240472,29.844337090713903,19.269994632313473,3.898282340311326,2.8918411164787976,0.8655394524959742,22.27589908749329,9.822866344605474,0.3488996242619431,0.32877079978529256,1.2748255501878691,0.04696725711218465,,,,
24,9.111647879763822,29.736983360171767,19.14922168545357,3.9049919484702094,3.046162104133119,0.9326355340848095,22.14170692431562,9.849704777241008,0.3757380568974772,0.322061191626409,1.3821792807300053,0.04696725711218465,,,,
25,9.198872785829307,29.55582393988191,19.03515834675255,3.8915727321524423,3.2675791733762747,1.0064412238325282,21.900161030595815,9.829575952764358,0.36902844873859364,0.3488996242619431,1.5499194847020934,0.04696725711218465,,,,
26,9.03113258185722,27.999194847020934,18.88083735909823,5.656199677938808,3.3145464304884595,1.06682769726248,21.806226516371442,9.782608695652174,0.38915727321524424,0.41599570585077833,1.6103059581320451,0.04696725711218465,,,,
27,8.923778851315083,27.294685990338163,16.056092324208265,5.622651637144391,3.784219001610306,1.1473429951690821,24.731615673644658,9.822866344605474,0.41599570585077833,0.3757380568974772,1.778046162104133,0.04696725711218465,,,,
28,8.984165324745035,27.126945786366075,15.814546430488459,5.642780461621041,3.844605475040258,1.2345679012345678,24.61755233494364,9.836285560923242,0.41599570585077833,0.4495437466451959,1.9860440150295222,0.04696725711218465,,,,
29,9.017713365539452,26.986044015029524,15.747450348899624,5.58239398819109,3.9989264626945786,1.247987117552335,24.476650563607084,9.86983360171766,0.4562533548040794,0.46967257112184646,2.086688137412775,0.06038647342995169,,,,
30,9.057971014492754,25.845410628019323,18.115942028985508,5.58239398819109,4.374664519592056,1.2546967257112185,23.825818572195384,8.413848631239935,0.4562533548040794,0.46967257112184646,2.5429414922168547,0.06038647342995169,,,,
31,8.776167471819646,23.97342995169082,16.53918411164788,5.629361245303274,4.341116478797638,1.133923778851315,30.05233494363929,6.018518518518518,0.38915727321524424,0.4294149221685454,2.7106816961889426,0.0067096081588835215,,,,
32,8.789586688137414,23.79898013955985,16.478797638217927,5.897745571658615,4.502147074610843,1.1876006441223832,29.502147074610843,6.011808910359635,0.4830917874396135,0.47638217928073,2.8650026838432634,0.0067096081588835215,,,,
33,6.837090713902308,30.05233494363929,16.35131508319914,11.533816425120772,3.7372517444981215,1.2748255501878691,20.705850778314545,5.998389694041868,0.5501878690284487,0.5233494363929146,2.4221685453569513,0.013419216317767043,,,,
34,6.910896403650026,29.78395061728395,16.243961352657006,11.513687600644122,3.992216854535695,1.3687600644122384,20.699141170155663,6.011808910359635,0.5703166935050993,0.5099302200751477,2.38191089640365,0.013419216317767043,,,,
35,6.857219538378959,29.602791196994094,16.09634997316157,10.674986580783683,4.193505099302201,1.4090177133655395,18.833870101986044,8.68894256575416,0.6038647342995169,0.5703166935050993,2.4557165861513686,0.013419216317767043,,,,
36,6.756575415995706,29.274020397208805,15.908480944712828,10.607890499194847,4.408212560386473,1.4694041867954912,18.706387546967257,8.749329039184111,0.7716049382716049,0.5703166935050993,2.771068169618894,0.0067096081588835215,,,,
37,6.602254428341385,27.334943639291467,15.083199141170155,9.118357487922705,4.435050993022007,1.4090177133655395,27.30810520665593,5.273752012882448,0.7648953301127214,0.322061191626409,2.341653247450349,0.0067096081588835215,,,,
38,6.4412238325281805,24.57729468599034,19.404186795491142,6.4345142243692965,4.361245303274289,1.4761137949543746,30.897745571658614,3.294417606011809,0.6038647342995169,0.12077294685990338,2.38191089640365,0.0067096081588835215,,,,
39,6.146001073537305,19.847020933977454,8.158883521202362,5.025496511003757,3.8043478260869565,0.6977992485238862,50.0402576489533,3.1736446591519054,0.4562533548040794,0.12077294685990338,2.5295222758990876,,,,,
40,6.146001073537305,19.712828770799785,8.07836822329576,5.025496511003757,4.045893719806763,0.7716049382716049,49.45652173913044,3.207192699946323,0.47638217928073,0.14090177133655393,2.9388083735909825,,,,,
41,4.824208266237251,14.814814814814815,18.50509930220075,1.7713365539452497,2.9052603327965647,0.7648953301127214,52.89855072463768,1.093666129898014,0.2214170692431562,0.026838432635534086,2.1739130434782608,,,,,
42,3.2474503488996245,22.477187332259795,16.1231884057971,1.4895330112721417,2.1739130434782608,0.7783145464304885,50.72463768115942,0.8521202361782072,0.20128824476650564,0.026838432635534086,1.90552871712292,,,,,
43,2.7777777777777777,21.900161030595815,16.002415458937197,1.4694041867954912,2.281266774020397,0.8051529790660226,52.05984970477724,0.785024154589372,0.20128824476650564,0.026838432635534086,1.6908212560386473,,,,,
44,2.6637144390767578,21.69887278582931,36.32581857219538,1.2077294685990339,2.0531400966183573,1.1473429951690821,31.76328502415459,0.7917337627482555,0.18115942028985507,0.040257648953301126,2.1269457863660763,,,,,
45,0.9393451422436929,15.693773483628556,35.57434245840043,1.1674718196457328,1.9256575415995705,1.3620504562533549,40.143585614600106,0.7716049382716049,0.18115942028985507,0.06038647342995169,2.1806226516371443,,,,,
46,1.0265700483091786,15.479066022544284,34.86983360171766,1.1674718196457328,2.4355877616747184,1.7713365539452497,39.78797638217928,0.7581857219538379,0.18115942028985507,0.06038647342995169,2.428878153515835,0.03354804079441761,,,,
47,1.0735373054213635,15.391841116478798,33.9975845410628,1.1808910359634996,2.4557165861513686,1.9256575415995705,40.86822329575953,0.7648953301127214,0.18115942028985507,0.06038647342995169,2.0665593129361244,0.03354804079441761,,,,
48,1.1137949543746646,15.197262479871176,33.70907139023081,1.2144390767579174,2.61003757380569,2.187332259796028,40.25764895330113,0.7581857219538379,0.18115942028985507,0.06038647342995169,2.677133655394525,0.03354804079441761,,,,
49,1.1943102522812667,15.116747181964573,33.50107353730542,1.2278582930756843,2.690552871712292,2.301395598497048,39.85507246376812,0.7917337627482555,0.2281266774020397,0.06038647342995169,2.999194847020934,0.03354804079441761,,,,
50,1.2345679012345678,14.855072463768115,33.69565217391305,1.1674718196457328,2.677133655394525,2.5161030595813205,39.62694578636608,0.7917337627482555,0.2147074610842727,0.06038647342995169,3.126677402039721,0.03354804079441761,,,,
51,1.1808910359634996,13.372249060654857,35.789049919484704,1.1674718196457328,2.5697799248523885,2.24771873322598,36.74852388620504,3.1736446591519054,0.1878690284487386,0.06038647342995169,3.4688674181427803,0.03354804079441761,,,,
52,1.1808910359634996,11.855877616747183,37.13768115942029,1.1473429951690821,2.522812667740204,2.395330112721417,36.480139559849704,3.180354267310789,0.41599570585077833,0.06038647342995169,3.589640365002684,0.03354804079441761,,,,
53,1.221148684916801,11.83574879227053,36.89613526570049,1.1674718196457328,2.589908749329039,2.589908749329039,36.04401502952228,3.079710144927536,0.4227053140096618,0.16774020397208803,3.9519592055823938,0.03354804079441761,,,,
54,1.133923778851315,11.151368760064413,33.80971551261406,5.01207729468599,2.5966183574879227,2.4892646269457863,36.983360171765966,3.0059044551798175,0.4227053140096618,0.14761137949543746,3.2139023081052067,,0.03354804079441761,,,
55,1.1943102522812667,11.097691894793345,26.462694578636608,4.978529253891573,2.341653247450349,1.9927536231884058,44.46457326892109,3.0394524959742353,0.46967257112184646,0.14761137949543746,3.7775093934514223,,0.03354804079441761,,,
56,1.0399892646269457,9.634997316156737,20.41062801932367,4.783950617283951,1.8048845947396672,1.8250134192163177,53.22061191626409,2.8381642512077296,0.46967257112184646,0.14761137949543746,3.7909286097691894,,0.03354804079441761,,,
57,1.0399892646269457,9.541062801932368,20.263016639828233,4.790660225442834,1.8786902844873858,1.8451422436929683,52.804616210413315,2.831454643048846,0.5099302200751477,0.2147074610842727,4.247181964573269,,0.03354804079441761,,,
58,1.1205045625335481,9.500805152979066,20.128824476650564,4.790660225442834,1.9524959742351047,2.0128824476650564,52.10681696188943,2.791196994095545,0.5099302200751477,0.2147074610842727,4.8376274825550185,,0.03354804079441761,,,
59,1.107085346215781,9.460547504025765,18.49838969404187,12.895866881374127,1.9592055823939882,1.932367149758454,46.30971551261406,2.7777777777777777,0.5904455179817498,0.24154589371980675,4.213633923778851,,,0.013419216317767043,,
60,1.1406333870101986,9.151905528717123,18.370907139023082,12.70799785292539,1.90552871712292,2.046430488459474,46.88674181427805,2.7777777777777777,0.6575415995705851,0.24825550187869028,4.05931293612453,0.026838432635534086,,0.020128824476650563,,
61,1.1607622114868492,9.104938271604938,18.209876543209877,12.70799785292539,1.9256575415995705,2.1940418679549114,46.39023081052066,2.717391304347826,0.6843800322061192,0.28180354267310787,4.575952764358561,0.026838432635534086,,0.020128824476650563,,
62,1.1876006441223832,9.044551798174986,18.015297906602253,12.694578636607622,1.9390767579173376,2.38191089640365,45.78636607622115,2.8247450348899625,0.6843800322061192,0.28180354267310787,5.0993022007514766,0.026838432635534086,,0.020128824476650563,0.013419216317767043,
63,1.1205045625335481,8.57487922705314,15.935319377348362,12.627482555018787,1.8115942028985508,2.059849704777241,49.422973698336016,2.6301663982823404,0.6038647342995169,0.3153515834675255,4.810789049919484,0.026838432635534086,,0.04696725711218465,0.013419216317767043,
64,0.9796027911969941,5.394524959742351,18.02200751476114,11.144659151905529,1.0601180891035964,1.9659151905528718,53.14680622651637,2.5831991411701556,0.5501878690284487,0.2952227589908749,4.777241009125067,0.026838432635534086,,0.040257648953301126,0.013419216317767043,
65,1.1003757380568975,5.374396135265701,17.767042404723565,11.144659151905529,1.1003757380568975,2.147074610842727,52.39533011272142,2.6033279656468062,0.5501878690284487,0.33548040794417605,5.401234567901234,0.026838432635534086,,0.040257648953301126,0.013419216317767043,
66,1.093666129898014,5.314009661835748,17.693236714975846,11.084272678475577,1.5499194847020934,2.1604938271604937,51.80488459473967,2.636876006441224,0.6776704240472357,0.30864197530864196,5.595813204508857,0.026838432635534086,,0.040257648953301126,0.013419216317767043,
67,1.0332796564680622,5.314009661835748,21.3768115942029,11.097691894793345,1.4626945786366077,1.8719806763285025,47.63150831991412,4.30756843800322,0.46967257112184646,0.2214170692431562,5.159688674181428,,,0.040257648953301126,0.013419216317767043,
68,1.0802469135802468,5.280461621041331,21.256038647342994,11.044015029522276,1.4895330112721417,2.0128824476650564,47.45034889962426,4.334406870638754,0.4562533548040794,0.2214170692431562,5.293880837359098,0.026838432635534086,,0.040257648953301126,0.013419216317767043,
69,1.1607622114868492,5.186527106816962,21.07487922705314,10.493827160493828,1.6103059581320451,2.1135265700483092,45.61862587224906,4.3545356951154055,0.46296296296296297,0.23483628556092323,7.568438003220612,0.040257648953301126,,0.06709608158883522,0.013419216317767043,
70,1.2010198604401503,5.139559849704777,20.967525496511005,10.34621578099839,1.6304347826086956,2.1739130434782608,45.16237251744498,4.374664519592056,0.6038647342995169,0.2549651100375738,8.011272141706923,0.05367686527106817,,0.06709608158883522,0.013419216317767043,
71,1.261406333870102,5.052334943639291,20.88030059044552,10.352925389157273,1.8250134192163177,2.1135265700483092,44.28341384863124,4.334406870638754,0.6172839506172839,0.28180354267310787,8.829844337090714,0.08051529790660225,,0.07380568974771873,0.013419216317767043,
72,1.3016639828234031,5.038915727321524,20.77294685990338,10.312667740203972,4.367954911433173,2.1806226516371443,42.599302200751474,3.4621578099838968,0.6709608158883521,0.28180354267310787,8.883521202361782,0.040257648953301126,,0.07380568974771873,0.013419216317767043,
73,1.3553408480944713,5.038915727321524,22.926731078904993,10.305958132045088,4.320987654320987,2.2208803005904456,42.391304347826086,1.8250134192163177,0.6508319914117016,0.1610305958132045,8.682232957595277,0.03354804079441761,,0.07380568974771873,0.013419216317767043,
74,1.482823403113258,5.038915727321524,22.819377348362856,10.245571658615138,4.40150295222759,2.187332259796028,42.11621041331186,1.8518518518518519,0.7447665056360708,0.18115942028985507,8.76274825550188,0.06709608158883522,,0.08722490606548577,0.013419216317767043,
75,1.4761137949543746,4.998658078368224,22.5577026301664,10.131508319914117,6.582125603864735,2.214170692431562,40.002683843263554,2.0128824476650564,0.8789586688137413,0.18115942028985507,8.80300590445518,0.08722490606548577,,0.06038647342995169,0.013419216317767043,
76,1.5432098765432098,4.944981213097155,22.50402576489533,9.916800858829845,6.629092860976919,2.24771873322598,39.71417069243156,2.214170692431562,0.9460547504025765,0.2147074610842727,8.890230810520666,0.11406333870101985,0.026838432635534086,0.08051529790660225,0.013419216317767043,
77,1.3150831991411702,0.3421900161030596,20.276435856146,11.023886205045626,5.609232420826624,2.167203435319377,47.47047772410091,1.9256575415995705,0.9326355340848095,0.24825550187869028,8.413848631239935,0.16774020397208803,0.026838432635534086,0.06709608158883522,0.013419216317767043,
78,1.3955984970477724,0.3421900161030596,23.1280193236715,10.721953837895867,4.87788513150832,2.3617820719269993,46.34997316156736,1.9457863660762211,0.8185721953837896,0.20799785292538917,7.62211486849168,0.1610305958132045,0.026838432635534086,0.026838432635534086,0.013419216317767043,
79,1.42914653784219,0.32877079978529256,22.96027911969941,10.507246376811594,4.938271604938271,2.428878153515835,45.98765432098765,2.24771873322598,0.8252818035426731,0.2549651100375738,7.863660762211487,0.1610305958132045,0.026838432635534086,0.026838432635534086,0.013419216317767043,
80,1.442565754159957,0.32877079978529256,28.710413311862588,10.46027911969941,5.501878690284487,2.7509393451422435,39.2512077294686,2.368491680085883,0.9259259259259259,0.2885131508319914,7.742887815351583,0.1610305958132045,0.026838432635534086,0.026838432635534086,0.013419216317767043,
81,1.402308105206656,0.30864197530864196,28.099838969404185,9.688674181427805,7.615405260332796,2.61003757380569,38.35212023617821,2.2879763821792807,0.8655394524959742,0.30193236714975846,8.225979602791197,0.1878690284487386,0.026838432635534086,0.026838432635534086,,
82,1.3955984970477724,0.30864197530864196,25.72463768115942,5.562265163714439,6.273483628556092,2.49597423510467,47.22893183038111,2.301395598497048,0.6776704240472357,0.27509393451422437,7.447665056360709,0.24154589371980675,0.026838432635534086,0.040257648953301126,,
83,1.442565754159957,0.30864197530864196,25.650831991411703,5.548845947396672,6.179549114331723,2.5697799248523885,46.866612989801396,2.3081052066559313,0.7514761137949544,0.27509393451422437,7.709339774557166,0.30864197530864196,0.026838432635534086,0.05367686527106817,,
84,1.482823403113258,0.30864197530864196,25.5703166935051,5.615942028985507,6.146001073537305,2.6033279656468062,46.59151905528717,2.341653247450349,0.7648953301127214,0.3153515834675255,7.823403113258186,0.35560923242082665,0.026838432635534086,0.05367686527106817,,
85,1.3620504562533549,0.30864197530864196,19.108964036500268,5.226784755770263,4.468599033816425,2.281266774020397,56.857219538378956,1.3955984970477724,0.6642512077294686,0.1610305958132045,7.816693505099302,0.2683843263553409,0.026838432635534086,0.05367686527106817,,
86,1.5029522275899088,0.2952227589908749,18.98148148148148,5.287171229200215,4.435050993022007,2.26784755770263,56.23322597960279,1.4492753623188406,0.6910896403650026,0.1610305958132045,8.3467525496511,0.2683843263553409,0.026838432635534086,0.05367686527106817,,
87,1.4224369296833066,0.16774020397208803,16.089640365002683,3.2139023081052067,3.9049919484702094,1.7176596886741815,63.10386473429951,1.1674718196457328,0.47638217928073,0.13419216317767044,8.279656468062266,0.24154589371980675,0.026838432635534086,0.05367686527106817,,
88,1.6035963499731616,0.16774020397208803,15.888352120236178,3.2675791733762747,3.730542136339238,1.8451422436929683,62.795222758990874,1.5029522275899088,0.5099302200751477,0.13419216317767044,8.28636607622115,0.1878690284487386,0.026838432635534086,0.05367686527106817,,
89,1.2412775093934514,12.050456253354804,10.929951690821255,1.7042404723564144,4.62962962962963,1.2748255501878691,59.84299516908212,0.9393451422436929,0.2214170692431562,0.08051529790660225,6.937734836285561,0.08051529790660225,,0.06709608158883522,,
90,1.2815351583467525,11.949812130971551,10.88298443370907,1.7176596886741815,4.757112184648417,1.3352120236178207,59.366612989801396,0.9796027911969941,0.23483628556092323,0.10735373054213634,7.239667203435319,0.08051529790660225,,0.06709608158883522,,
91,1.3553408480944713,11.802200751476114,10.527375201288244,1.6505636070853462,5.448201825013419,1.3955984970477724,58.89694041867955,1.0399892646269457,0.2147074610842727,0.10735373054213634,7.360440150295223,0.10735373054213634,0.013419216317767043,0.08051529790660225,,
92,1.3553408480944713,11.77536231884058,10.151637144390767,1.6908212560386473,4.851046698872786,1.42914653784219,59.98389694041868,1.093666129898014,0.1610305958132045,0.10735373054213634,7.239667203435319,0.06709608158883522,0.013419216317767043,0.08051529790660225,,
93,1.42914653784219,11.621041331186259,10.104669887278583,1.7310789049919484,5.025496511003757,1.415727321524423,58.682232957595275,1.0802469135802468,0.1610305958132045,0.10735373054213634,8.474235104669887,0.06709608158883522,0.013419216317767043,0.08722490606548577,,
94,1.4895330112721417,11.594202898550725,17.814009661835748,1.7310789049919484,4.757112184648417,1.4224369296833066,51.710950080515296,0.7783145464304885,0.10735373054213634,0.08722490606548577,8.333333333333334,0.04696725711218465,0.013419216317767043,0.11406333870101985,,
95,1.5365002683843263,11.158078368223295,16.646537842190018,1.7310789049919484,4.461889425657541,1.2949543746645196,52.74422973698336,2.314814814814815,0.0939345142243693,0.08051529790660225,7.7361782071927,0.06709608158883522,0.013419216317767043,0.10735373054213634,0.013419216317767043,
96,1.5633387010198605,11.151368760064413,16.57944176060118,1.724369296833065,6.716317767042405,1.3486312399355878,50.10064412238325,2.3752012882447664,0.0939345142243693,0.12077294685990338,8.024691358024691,0.06709608158883522,0.013419216317767043,0.10735373054213634,0.013419216317767043,
97,1.6103059581320451,11.084272678475577,16.358024691358025,1.7310789049919484,6.8035426731078905,1.5230810520665594,49.651100375738054,2.408749329039184,0.10735373054213634,0.12077294685990338,8.393719806763285,0.06709608158883522,0.013419216317767043,0.11406333870101985,0.013419216317767043,
98,1.42914653784219,10.963499731615673,15.915190552871712,1.6572732152442298,6.447933440687064,1.4761137949543746,51.590177133655395,3.052871712292002,0.0939345142243693,0.1274825550187869,7.051798174986581,0.06709608158883522,0.013419216317767043,0.10064412238325282,0.013419216317767043,
99,1.5029522275899088,10.889694041867955,15.801127214170693,1.6706924315619969,6.541867954911433,1.5365002683843263,51.1003757380569,3.0595813204508855,0.0939345142243693,0.14090177133655393,7.467793880837359,0.06709608158883522,0.013419216317767043,0.10064412238325282,0.013419216317767043,
100,1.5365002683843263,10.72866344605475,15.687063875469672,3.227321524422974,6.582125603864735,1.6237251744498122,49.49677938808374,3.140096618357488,0.10735373054213634,0.14090177133655393,7.501341921631776,0.06709608158883522,0.013419216317767043,0.13419216317767044,0.013419216317767043,
101,1.5499194847020934,10.420021470746109,15.646806226516372,3.227321524422974,6.78341384863124,1.6505636070853462,48.87949543746645,3.140096618357488,0.10735373054213634,0.2549651100375738,8.05823939881911,0.0939345142243693,0.013419216317767043,0.1610305958132045,0.013419216317767043,
102,1.5230810520665594,10.393183038110575,15.519323671497585,3.2877079978529253,6.890767579173376,1.724369296833065,48.46349973161568,3.140096618357488,0.10735373054213634,0.27509393451422437,8.393719806763285,0.0939345142243693,0.013419216317767043,0.1610305958132045,0.013419216317767043,
103,1.5499194847020934,10.292538915727322,15.45222758990875,3.2474503488996245,7.018250134192163,1.7646269457863661,48.007246376811594,3.126677402039721,0.14090177133655393,0.30193236714975846,8.789586688137414,0.0939345142243693,0.013419216317767043,0.1878690284487386,0.013419216317767043,
104,1.6841116478797638,10.165056360708535,15.26435856146001,3.2206119162640903,7.1725711218464845,1.932367149758454,47.66505636070853,3.1736446591519054,0.16774020397208803,0.30193236714975846,8.923778851315083,0.11406333870101985,0.013419216317767043,0.1878690284487386,0.013419216317767043,
105,1.7646269457863661,10.138217928073,15.103327965646805,3.2206119162640903,7.25979602791197,2.01959205582394,47.195383789586685,3.227321524422974,0.20799785292538917,0.32877079978529256,9.245840042941492,0.10064412238325282,0.013419216317767043,0.1610305958132045,0.013419216317767043,
106,1.7176596886741815,8.380300590445518,15.022812667740205,3.240740740740741,9.07139023081052,2.059849704777241,46.9873859366613,3.3816425120772946,0.2549651100375738,0.35560923242082665,9.23913043478261,0.10064412238325282,0.013419216317767043,0.1610305958132045,0.013419216317767043,
107,1.6371443907675791,8.272946859903382,20.799785292538918,3.099838969404187,9.118357487922705,2.1068169618894257,42.270531400966185,3.2541599570585076,0.2885131508319914,0.35560923242082665,8.53462157809984,0.10064412238325282,0.013419216317767043,0.13419216317767044,0.013419216317767043,
108,1.6639828234031133,8.239398819108963,20.363660762211488,3.099838969404187,9.333064949006978,2.536231884057971,41.666666666666664,3.388352120236178,0.2885131508319914,0.38915727321524424,8.769457863660762,0.10064412238325282,0.013419216317767043,0.13419216317767044,0.013419216317767043,
109,1.6706924315619969,8.179012345679013,20.263016639828233,3.140096618357488,9.400161030595813,2.6502952227589907,41.35131508319914,3.4621578099838968,0.28180354267310787,0.39586688137412773,8.890230810520666,0.14090177133655393,0.013419216317767043,0.14761137949543746,0.013419216317767043,
110,1.6975308641975309,8.031400966183575,20.283145464304884,3.066290928609769,8.789586688137414,2.6167471819645733,41.035963499731615,4.193505099302201,0.30864197530864196,0.46967257112184646,9.145195920558239,0.15432098765432098,0.013419216317767043,0.18115942028985507,0.013419216317767043,
111,1.5365002683843263,3.8915727321524423,16.49892646269458,2.428878153515835,6.837090713902308,2.1135265700483092,53.44873859366613,3.2877079978529253,0.27509393451422437,0.46296296296296297,8.836553945249598,0.14090177133655393,0.013419216317767043,0.2147074610842727,0.013419216317767043,
112,1.6170155662909287,3.851315083199141,16.438539989264626,2.475845410628019,6.863929146537842,2.1135265700483092,52.865002683843265,3.3480944712828773,0.27509393451422437,0.5099302200751477,9.27938808373591,0.14090177133655393,0.013419216317767043,0.19457863660762212,0.013419216317767043,
113,1.4358561460010735,3.515834675254965,10.426731078904991,2.187332259796028,8.709071390230811,1.6841116478797638,59.21229200214707,3.4688674181427803,0.27509393451422437,0.5434782608695652,8.192431561996779,0.14090177133655393,0.013419216317767043,0.18115942028985507,0.013419216317767043,
114,1.5365002683843263,3.515834675254965,10.312667740203972,2.1806226516371443,8.749329039184111,1.7981749865807837,58.72920021470746,3.4822866344605474,0.3488996242619431,0.5837359098228664,8.427267847557703,0.14090177133655393,0.013419216317767043,0.16774020397208803,0.013419216317767043,
115,1.5365002683843263,3.515834675254965,10.23215244229737,2.214170692431562,8.621846484165324,1.8317230273752012,58.3870101986044,3.5225442834138487,0.35560923242082665,0.6374127750939346,8.78287707997853,0.16774020397208803,0.013419216317767043,0.16774020397208803,0.013419216317767043,
116,1.6103059581320451,3.502415458937198,10.124798711755233,2.2342995169082127,8.621846484165324,1.865271068169619,57.971014492753625,3.603059581320451,0.36231884057971014,0.6239935587761675,9.064680622651638,0.19457863660762212,0.013419216317767043,0.19457863660762212,0.013419216317767043,
117,1.6975308641975309,3.502415458937198,9.997316156736447,2.301395598497048,8.641975308641975,1.9793344068706387,57.6154052603328,3.629898013955985,0.3421900161030596,0.6239935587761675,9.219001610305957,0.2281266774020397,0.013419216317767043,0.19457863660762212,0.013419216317767043,
118,1.751207729468599,3.455448201825013,9.96376811594203,2.368491680085883,8.756038647342995,1.9994632313472893,57.15915190552872,3.69699409554482,0.322061191626409,0.6239935587761675,9.433709071390231,0.2281266774020397,0.013419216317767043,0.2147074610842727,0.013419216317767043,
119,1.865271068169619,3.44873859366613,9.842995169082126,2.442297369833602,8.709071390230811,2.0665593129361244,56.87734836285561,3.7104133118625873,0.2952227589908749,0.6977992485238862,9.541062801932368,0.2281266774020397,0.013419216317767043,0.24825550187869028,0.013419216317767043,
120,1.8585614600107354,3.44873859366613,11.426462694578637,2.475845410628019,8.55475040257649,2.033011272141707,55.30730005367686,3.7238325281803544,0.33548040794417605,0.6374127750939346,9.675254965110037,0.20799785292538917,0.013419216317767043,0.2885131508319914,0.013419216317767043,
121,1.8853998926462694,3.435319377348363,10.527375201288244,3.770799785292539,8.55475040257649,1.8719806763285025,54.82420826623725,3.730542136339238,0.41599570585077833,0.6709608158883521,9.796027911969942,0.20799785292538917,0.013419216317767043,0.28180354267310787,0.013419216317767043,
122,1.8988191089640365,3.4151905528717124,10.433440687063875,3.7573805689747717,8.856682769726248,1.90552871712292,54.25389157273215,3.7104133118625873,0.4562533548040794,0.6843800322061192,10.084541062801932,0.20799785292538917,0.013419216317767043,0.30864197530864196,0.013419216317767043,
123,1.8518518518518519,3.3950617283950617,17.485238862050455,3.2877079978529253,8.80300590445518,1.9256575415995705,49.080783682232955,3.4957058507783145,0.4830917874396135,0.6977992485238862,8.930488459473967,0.20128824476650564,0.013419216317767043,0.33548040794417605,0.013419216317767043,
124,1.8317230273752012,3.3950617283950617,17.357756307031668,3.3011272141706924,8.93719806763285,1.9994632313472893,48.772141706924316,3.6366076221148687,0.4830917874396135,0.6977992485238862,9.024422973698336,0.20128824476650564,0.013419216317767043,0.33548040794417605,0.013419216317767043,
125,1.8786902844873858,3.3548040794417604,17.290660225442835,3.3950617283950617,8.930488459473967,2.059849704777241,48.39640365002684,3.6634460547504024,0.5300590445517982,0.6709608158883521,9.225711218464841,0.2147074610842727,0.013419216317767043,0.36231884057971014,0.013419216317767043,
126,1.8518518518518519,3.33467525496511,17.07595276435856,3.44873859366613,8.964036500268385,2.1068169618894257,47.86634460547504,3.784219001610306,0.5971551261406334,0.6709608158883521,9.695383789586689,0.20799785292538917,0.013419216317767043,0.36902844873859364,0.013419216317767043,
127,1.8518518518518519,3.280998389694042,15.995705850778315,4.448470209339774,8.950617283950617,2.200751476113795,47.57783145464305,3.7909286097691894,0.6239935587761675,0.6642512077294686,10.00402576489533,0.2214170692431562,0.013419216317767043,0.36231884057971014,0.013419216317767043,
128,1.9457863660762211,3.2541599570585076,15.874932903918411,4.555823939881911,9.05126140633387,2.1940418679549114,47.27589908749329,3.7775093934514223,0.6709608158883521,0.7045088566827697,10.044283413848632,0.2214170692431562,0.013419216317767043,0.4025764895330113,0.013419216317767043,
129,2.0128824476650564,3.2541599570585076,16.190284487385938,4.159957058507783,9.01100375738057,2.2879763821792807,47.08803005904455,3.8714439076757916,0.6910896403650026,0.7112184648416533,10.071121846484166,0.20799785292538917,0.013419216317767043,0.41599570585077833,0.013419216317767043,
130,2.046430488459474,3.240740740740741,16.056092324208265,4.213633923778851,9.104938271604938,2.3752012882447664,46.65861513687601,3.965378421900161,0.6910896403650026,0.7112184648416533,10.279119699409554,0.2147074610842727,0.013419216317767043,0.41599570585077833,0.013419216317767043,
131,2.120236178207193,3.240740740740741,15.693773483628556,4.17337627482555,9.145195920558239,2.6167471819645733,46.20907139023081,3.992216854535695,0.7581857219538379,0.7045088566827697,10.648148148148149,0.2214170692431562,0.013419216317767043,0.4495437466451959,0.013419216317767043,
132,2.0933977455716586,2.0263016639828235,15.505904455179817,3.9519592055823938,8.621846484165324,2.5966183574879227,42.1833064949007,10.399892646269459,0.7648953301127214,0.7112184648416533,10.46027911969941,0.2214170692431562,0.013419216317767043,0.43612453032742887,0.013419216317767043,
133,2.0128824476650564,2.0263016639828235,9.621578099838969,3.515834675254965,6.964573268921095,2.314814814814815,51.12721417069243,10.305958132045088,0.6776704240472357,0.6709608158883521,10.225442834138486,0.24825550187869028,0.013419216317767043,0.27509393451422437,,
134,2.086688137412775,2.0263016639828235,8.883521202361782,3.549382716049383,6.367418142780462,2.26784755770263,52.49597423510467,10.225442834138486,0.644122383252818,0.7179280730005367,10.25228126677402,0.24825550187869028,0.013419216317767043,0.2214170692431562,,
135,2.13365539452496,2.0263016639828235,8.829844337090714,3.8714439076757916,6.380837359098229,2.301395598497048,52.14036500268384,9.86983360171766,0.644122383252818,0.7648953301127214,10.554213633923778,0.24825550187869028,0.013419216317767043,0.2214170692431562,,
136,2.1940418679549114,2.0263016639828235,8.829844337090714,3.92512077294686,6.400966183574879,2.301395598497048,51.590177133655395,9.91009125067096,0.6508319914117016,0.798443370907139,10.86285560923242,0.2616747181964573,0.026838432635534086,0.2214170692431562,,
137,2.1403650026838434,2.0263016639828235,11.969940955448202,3.9452495974235107,6.327160493827161,2.2410091250670963,49.22168545356951,9.66183574879227,0.6508319914117016,0.798443370907139,10.547504025764896,0.23483628556092323,0.026838432635534086,0.20799785292538917,,
138,2.1269457863660763,2.01959205582394,11.98336017176597,3.9586688137412773,6.333870101986044,2.2208803005904456,48.92646269457864,9.742351046698873,0.6910896403650026,0.8118625872249061,10.735373054213634,0.23483628556092323,0.026838432635534086,0.1878690284487386,,
139,2.167203435319377,2.01959205582394,11.963231347289318,3.9519592055823938,6.3137412775093935,2.2342995169082127,48.731884057971016,9.681964573268921,0.7179280730005367,0.8789586688137413,10.86285560923242,0.2616747181964573,0.026838432635534086,0.1878690284487386,,
140,2.167203435319377,2.01959205582394,11.922973698336017,3.9519592055823938,6.327160493827161,2.3483628556092326,48.41653247450349,9.567901234567902,0.7380568974771873,1.0131508319914118,11.077563070316694,0.2616747181964573,0.026838432635534086,0.1610305958132045,,
141,2.100107353730542,2.01959205582394,11.258722490606548,2.85829307568438,6.206387546967257,2.13365539452496,51.12050456253355,9.541062801932368,0.5904455179817498,1.0265700483091786,10.701825013419215,0.2616747181964573,0.013419216317767043,0.16774020397208803,,
142,2.046430488459474,2.01959205582394,11.258722490606548,4.998658078368224,5.870907139023081,2.0933977455716586,49.22168545356951,9.541062801932368,0.7112184648416533,0.966183574879227,10.815888352120236,0.2952227589908749,0.013419216317767043,0.14761137949543746,,
143,2.1739130434782608,2.01959205582394,11.218464841653248,4.998658078368224,5.924584004294149,2.147074610842727,48.631239935587764,9.494095544820183,0.7648953301127214,1.0198604401502953,11.158078368223295,0.27509393451422437,0.013419216317767043,0.1610305958132045,,
144,2.2208803005904456,2.01959205582394,11.211755233494364,4.958400429414922,6.005099302200751,2.167203435319377,48.43666129898014,9.480676328502415,0.8521202361782072,1.06682769726248,11.137949543746645,0.2683843263553409,0.013419216317767043,0.1610305958132045,,
145,2.214170692431562,2.01959205582394,11.064143853998926,5.092592592592593,6.038647342995169,2.281266774020397,47.61808910359635,9.4873859366613,0.8521202361782072,1.093666129898014,11.782071926999464,0.28180354267310787,0.013419216317767043,0.1610305958132045,,
146,2.2745571658615136,2.01959205582394,10.815888352120236,5.891035963499732,6.159420289855072,2.2745571658615136,46.70558239398819,9.4873859366613,0.8454106280193237,1.2010198604401503,11.855877616747183,0.28180354267310787,0.013419216317767043,0.17444981213097155,,
147,2.3081052066559313,2.01959205582394,10.742082662372518,5.864197530864198,6.1862587224906065,2.3886205045625335,46.39023081052066,9.601449275362318,0.8185721953837896,1.2010198604401503,11.976650563607086,0.28180354267310787,0.013419216317767043,0.20799785292538917,,
148,2.341653247450349,2.01959205582394,10.7085346215781,5.8239398819108965,6.112453032742888,2.4221685453569513,46.03462157809984,9.494095544820183,0.8185721953837896,1.1943102522812667,12.526838432635534,0.28180354267310787,0.013419216317767043,0.20799785292538917,,
149,2.3752012882447664,2.01959205582394,10.59447128287708,5.884326355340848,6.085614600107354,2.4825550187869028,45.799785292538914,9.500805152979066,0.9796027911969941,1.1205045625335481,12.647611379495437,0.2885131508319914,0.013419216317767043,0.20799785292538917,,
150,2.328234031132582,2.01959205582394,10.587761674718196,5.924584004294149,6.166129898013956,2.475845410628019,45.37707997852925,9.5276435856146,1.0198604401502953,1.107085346215781,12.942834138486312,0.2885131508319914,0.013419216317767043,0.2214170692431562,,
151,2.38191089640365,2.01959205582394,10.527375201288244,5.984970477724101,6.769994632313473,2.4825550187869028,44.73966720343532,9.500805152979066,1.0265700483091786,1.1137949543746646,12.86231884057971,0.32877079978529256,0.013419216317767043,0.24825550187869028,,
152,2.408749329039184,1.9994632313472893,10.48040794417606,6.011808910359635,6.796833064949007,2.5295222758990876,44.357219538378956,9.574610842726784,1.0198604401502953,1.1205045625335481,13.123993558776167,0.32877079978529256,0.013419216317767043,0.23483628556092323,,
153,2.395330112721417,1.9390767579173376,10.426731078904991,6.018518518518518,7.0450885668276975,2.5831991411701556,44.0552871712292,9.520933977455716,1.0601180891035964,1.1205045625335481,13.258185721953838,0.32877079978529256,0.013419216317767043,0.23483628556092323,,
154,2.38191089640365,1.9390767579173376,10.352925389157273,6.139291465378422,7.092055823939882,2.5429414922168547,43.914385399892645,9.520933977455716,1.0332796564680622,1.1876006441223832,13.305152979066023,0.32877079978529256,0.013419216317767043,0.23483628556092323,0.013419216317767043,
155,2.3752012882447664,1.9122383252818036,10.352925389157273,6.132581857219538,7.555018786902845,2.522812667740204,43.39103596349973,9.460547504025765,1.1137949543746646,1.1741814278046163,13.41250670960816,0.32877079978529256,0.013419216317767043,0.24154589371980675,0.013419216317767043,
