,45,50,55,51,52,57,53,54,60,56,59,58,46,61,62,63
0,80.31400966183575,19.685990338164252,,,,,,,,,,,,,,
1,79.26060118089103,20.739398819108963,,,,,,,,,,,,,,
2,70.77965646806227,29.1532474503489,0.06709608158883522,,,,,,,,,,,,,
3,69.41089640365003,27.999194847020934,0.2683843263553409,2.3215244229736984,,,,,,,,,,,,
4,69.41760601180891,27.992485238862052,0.2683843263553409,2.3215244229736984,,,,,,,,,,,,
5,58.964036500268385,38.446054750402574,0.2683843263553409,2.3215244229736984,,,,,,,,,,,,
6,58.99087493290392,38.405797101449274,0.2952227589908749,2.3081052066559313,,,,,,,,,,,,
7,58.21926999463231,39.15727321524423,0.322061191626409,2.301395598497048,,,,,,,,,,,,
8,53.72383252818035,42.54562533548041,0.3421900161030596,2.301395598497048,1.0869565217391304,,,,,,,,,,,
9,53.39506172839506,41.6129898013956,0.7179280730005367,2.301395598497048,1.9726247987117553,,,,,,,,,,,
10,52.97906602254428,38.2313472893183,0.7179280730005367,2.328234031132582,5.743424584004294,,,,,,,,,,,
11,52.91867954911433,38.30515297906602,0.7045088566827697,2.328234031132582,5.743424584004294,,,,,,,,,,,
12,52.91867954911433,38.08373590982286,0.9259259259259259,2.328234031132582,5.743424584004294,,,,,,,,,,,
13,44.56521739130435,47.28260869565217,1.0198604401502953,2.301395598497048,4.830917874396135,,,,,,,,,,,
14,43.98819108964037,47.83279656468062,1.0466988727858293,2.301395598497048,4.830917874396135,,,,,,,,,,,
15,43.4447128287708,48.39640365002684,1.0735373054213635,2.301395598497048,4.7638217928073,0.020128824476650563,,,,,,,,,,
16,43.25684380032206,48.23537305421363,1.0735373054213635,2.2879763821792807,3.2675791733762747,0.026838432635534086,1.8518518518518519,,,,,,,,,
17,40.774288781535155,47.376543209876544,0.8185721953837896,4.62962962962963,4.367954911433173,0.026838432635534086,2.006172839506173,,,,,,,,,
18,40.84138486312399,47.30944712828771,0.8454106280193237,4.602791196994096,4.367954911433173,0.026838432635534086,2.006172839506173,,,,,,,,,
19,35.73537305421363,53.14009661835749,0.9997316156736447,3.9519592055823938,4.206924315619967,0.026838432635534086,1.9390767579173376,,,,,,,,,
20,35.279119699409556,51.94578636607622,1.0735373054213635,4.723564143853999,4.206924315619967,0.026838432635534086,1.9390767579173376,0.8051529790660226,,,,,,,,
21,29.965110037573805,55.60923242082662,1.107085346215781,6.957863660762212,4.247181964573269,0.026838432635534086,1.9390767579173376,0.14761137949543746,,,,,,,,
22,30.03220611916264,55.51529790660226,1.133923778851315,6.957863660762212,4.247181964573269,0.026838432635534086,1.9390767579173376,0.14761137949543746,,,,,,,,
23,12.439613526570048,81.44793344068707,0.5367686527106817,2.3215244229736984,,,,3.2541599570585076,,,,,,,,
24,9.688674181427805,84.21229200214708,0.6374127750939346,2.2074610842726785,,,,3.2541599570585076,,,,,,,,
25,9.722222222222221,79.70343531937735,5.005367686527107,2.2074610842726785,0.11406333870101985,,,3.2474503488996245,,,,,,,,
26,9.742351046698873,76.97262479871175,5.320719269994632,2.2074610842726785,3.33467525496511,,,2.4221685453569513,,,,,,,,
27,9.822866344605474,76.87869028448739,5.3341384863123995,2.2074610842726785,3.33467525496511,,,2.4221685453569513,,,,,,,,
28,9.648416532474503,74.92619431025228,5.314009661835748,2.200751476113795,3.4286097691894795,,,4.441760601180891,0.040257648953301126,,,,,,,
29,9.541062801932368,74.10762211486849,5.46833064949007,2.200751476113795,3.4286097691894795,,,5.213365539452496,0.040257648953301126,,,,,,,
30,9.567901234567902,72.63150831991412,5.4616210413311865,2.200751476113795,3.4286097691894795,,,6.66935050993022,0.040257648953301126,,,,,,,
31,9.574610842726784,71.30971551261406,6.260064412238325,2.6637144390767578,3.4286097691894795,0.15432098765432098,,6.568706387546968,0.040257648953301126,,,,,,,
32,9.655126140633387,70.90713902308106,6.602254428341385,2.6502952227589907,3.421900161030596,0.15432098765432098,,6.568706387546968,0.040257648953301126,,,,,,,
33,9.722222222222221,70.84004294149221,6.367418142780462,2.6502952227589907,3.421900161030596,0.15432098765432098,0.17444981213097155,6.568706387546968,0.10064412238325282,,,,,,,
34,9.789318303811058,68.605743424584,8.53462157809984,2.6502952227589907,3.421900161030596,0.15432098765432098,0.17444981213097155,6.568706387546968,0.10064412238325282,,,,,,,
35,9.809447128287708,68.25013419216317,8.76274825550188,2.6502952227589907,3.488996242619431,0.15432098765432098,0.39586688137412773,6.387546967257112,0.10064412238325282,,,,,,,
36,9.836285560923242,68.22329575952764,8.76274825550188,2.6502952227589907,3.488996242619431,0.15432098765432098,0.39586688137412773,6.387546967257112,0.10064412238325282,,,,,,,
37,8.756038647342995,63.378958668813745,13.43263553408481,3.9049919484702094,3.488996242619431,0.15432098765432098,0.39586688137412773,6.387546967257112,0.10064412238325282,,,,,,,
38,8.789586688137414,63.32528180354267,13.600375738056897,3.9049919484702094,3.488996242619431,0.15432098765432098,0.39586688137412773,6.239935587761675,0.10064412238325282,,,,,,,
39,8.917069243156199,63.16425120772947,13.633923778851315,3.9049919484702094,3.488996242619431,0.15432098765432098,0.39586688137412773,6.239935587761675,0.10064412238325282,,,,,,,
40,8.930488459473967,63.10386473429951,13.6808910359635,3.9049919484702094,3.488996242619431,0.15432098765432098,0.39586688137412773,6.239935587761675,0.10064412238325282,,,,,,,
41,8.863392377885132,62.526838432635536,13.727858293075684,3.8915727321524423,4.455179817498658,0.15432098765432098,0.17444981213097155,6.105743424584004,0.10064412238325282,,,,,,,
42,8.99087493290392,62.32555018786903,13.828502415458937,3.8915727321524423,4.455179817498658,0.15432098765432098,0.17444981213097155,6.078904991948471,0.10064412238325282,,,,,,,
43,9.078099838969404,62.07058507783145,14.083467525496511,3.8915727321524423,4.38137412775094,0.15432098765432098,0.17444981213097155,6.052066559312936,0.10064412238325282,0.013419216317767043,,,,,,
44,9.172034353193773,61.922973698336016,14.029790660225443,3.8915727321524423,4.3545356951154055,0.15432098765432098,0.17444981213097155,6.052066559312936,0.10064412238325282,0.14761137949543746,,,,,,
45,9.205582393988191,61.808910359635,14.049919484702093,3.8915727321524423,4.3545356951154055,0.15432098765432098,0.17444981213097155,6.112453032742888,0.10064412238325282,0.14761137949543746,,,,,,
46,9.225711218464841,60.33279656468062,13.573537305421363,3.8177670424047236,4.441760601180891,0.15432098765432098,0.17444981213097155,8.031400966183575,0.10064412238325282,0.14761137949543746,,,,,,
47,9.292807300053678,58.272946859903385,13.6406333870102,3.8177670424047236,4.17337627482555,0.15432098765432098,2.8247450348899625,7.575147611379496,0.10064412238325282,0.14761137949543746,,,,,,
48,9.386741814278047,58.15888352120236,13.325281803542673,3.797638217928073,4.17337627482555,0.18115942028985507,2.8247450348899625,7.575147611379496,0.4294149221685454,0.14761137949543746,,,,,,
49,8.910359634997317,58.63526570048309,13.331991411701557,3.797638217928073,4.17337627482555,0.18115942028985507,2.8247450348899625,7.568438003220612,0.4294149221685454,0.14761137949543746,,,,,,
50,8.856682769726248,55.00536768652711,14.982555018786902,3.797638217928073,4.17337627482555,0.18115942028985507,2.7979066022544283,9.588030059044552,0.4294149221685454,0.14761137949543746,0.040257648953301126,,,,,
51,8.749329039184111,54.0727321524423,15.96886741814278,3.797638217928073,4.17337627482555,0.17444981213097155,2.818035426731079,9.608158883521202,0.4294149221685454,0.14761137949543746,0.040257648953301126,0.020128824476650563,,,,
52,8.829844337090714,53.54938271604938,16.304347826086957,3.797638217928073,4.703435319377348,0.17444981213097155,2.804616210413312,9.198872785829307,0.4294149221685454,0.14761137949543746,0.040257648953301126,0.020128824476650563,,,,
53,7.648953301127214,54.71685453569511,16.29092860976919,3.784219001610306,4.703435319377348,0.17444981213097155,2.804616210413312,9.23913043478261,0.4294149221685454,0.14761137949543746,0.040257648953301126,0.020128824476650563,,,,
54,7.588566827697263,54.53569511540526,16.404991948470208,3.92512077294686,4.690016103059581,0.17444981213097155,2.804616210413312,9.23913043478261,0.4294149221685454,0.14761137949543746,0.040257648953301126,0.020128824476650563,,,,
55,5.689747718733226,52.14036500268384,15.687063875469672,9.265968867418144,4.3478260869565215,0.17444981213097155,2.657004830917874,9.111647879763822,0.4294149221685454,0.20799785292538917,0.15432098765432098,0.13419216317767044,,,,
56,5.797101449275362,52.08668813741278,15.687063875469672,8.05823939881911,5.448201825013419,0.17444981213097155,2.7643585614600106,9.057971014492754,0.4294149221685454,0.20799785292538917,0.15432098765432098,0.13419216317767044,,,,
57,5.904455179817498,51.94578636607622,15.754159957058508,8.051529790660226,5.448201825013419,0.17444981213097155,2.7643585614600106,9.03113258185722,0.4294149221685454,0.20799785292538917,0.15432098765432098,0.13419216317767044,,,,
58,5.964841653247451,51.932367149758456,15.68035426731079,8.051529790660226,5.448201825013419,0.17444981213097155,2.7643585614600106,9.03113258185722,0.4562533548040794,0.20799785292538917,0.15432098765432098,0.13419216317767044,,,,
59,5.958132045088567,50.93263553408481,12.419484702093397,4.4820182501341925,13.291733762748256,0.24154589371980675,2.7643585614600106,8.997584541062801,0.4562533548040794,0.20799785292538917,0.11406333870101985,0.13419216317767044,,,,
60,6.0654857756307035,50.677670424047236,12.754965110037574,4.4820182501341925,13.291733762748256,0.24154589371980675,2.7643585614600106,8.82313472893183,0.4428341384863124,0.20799785292538917,0.11406333870101985,0.13419216317767044,,,,
61,5.978260869565218,49.14117015566291,12.942834138486312,4.51556629092861,14.694041867954912,0.24154589371980675,2.7643585614600106,8.769457863660762,0.4428341384863124,0.20799785292538917,0.16774020397208803,0.13419216317767044,,,,
62,5.938003220611916,47.779119699409556,14.36527106816962,4.51556629092861,14.660493827160494,0.24154589371980675,2.791196994095545,8.756038647342995,0.4428341384863124,0.20799785292538917,0.16774020397208803,0.13419216317767044,,,,
63,5.9514224369296835,47.725442834138484,14.38539989264627,4.51556629092861,14.660493827160494,0.24154589371980675,2.791196994095545,8.756038647342995,0.46296296296296297,0.20799785292538917,0.16774020397208803,0.13419216317767044,,,,
64,6.011808910359635,47.64492753623188,14.412238325281804,4.51556629092861,14.65378421900161,0.24154589371980675,2.791196994095545,8.756038647342995,0.46296296296296297,0.20799785292538917,0.16774020397208803,0.13419216317767044,,,,
65,6.038647342995169,47.62479871175523,14.412238325281804,4.51556629092861,14.65378421900161,0.24154589371980675,2.8113258185721954,8.729200214707461,0.46296296296296297,0.20799785292538917,0.16774020397208803,0.13419216317767044,,,,
66,6.105743424584004,47.56441223832528,14.278046162104133,4.51556629092861,14.620236178207193,0.27509393451422437,2.8113258185721954,8.715780998389693,0.6038647342995169,0.20799785292538917,0.16774020397208803,0.13419216317767044,,,,
67,6.293612453032743,47.52415458937198,14.197530864197532,4.51556629092861,14.606816961889425,0.27509393451422437,2.8113258185721954,8.662104133118627,0.6038647342995169,0.20799785292538917,0.16774020397208803,0.13419216317767044,,,,
68,6.374127750939345,47.49060654857756,14.210950080515298,4.51556629092861,14.546430488459475,0.27509393451422437,2.8113258185721954,8.628556092324208,0.6374127750939346,0.20799785292538917,0.16774020397208803,0.13419216317767044,,,,
69,6.454643048845948,47.34970477724101,13.922436929683306,4.51556629092861,14.325013419216317,0.6642512077294686,2.8113258185721954,7.863660762211487,0.6374127750939346,1.0399892646269457,0.1610305958132045,0.2549651100375738,,,,
70,6.353998926462695,47.0276435856146,13.694310252281268,4.51556629092861,17.337627482555018,0.48980139559849706,2.8113258185721954,5.723295759527644,0.6105743424584005,1.0399892646269457,0.1610305958132045,0.23483628556092323,,,,
71,6.340579710144928,46.05475040257649,13.01663982823403,4.51556629092861,16.639828234031132,1.1473429951690821,2.8113258185721954,7.4141170155662905,0.5770263016639828,1.0869565217391304,0.1610305958132045,0.23483628556092323,,,,
72,6.367418142780462,46.041331186258724,13.01663982823403,4.51556629092861,16.639828234031132,1.1473429951690821,2.8113258185721954,7.4006977992485234,0.5770263016639828,1.0869565217391304,0.1610305958132045,0.23483628556092323,,,,
73,6.353998926462695,43.29710144927536,12.97638217928073,4.51556629092861,20.86688137412775,0.8990874932903918,2.7979066022544283,6.266774020397209,0.5770263016639828,1.0534084809447128,0.1610305958132045,0.23483628556092323,,,,
74,6.461352657004831,42.98845947396672,12.929414922168545,4.51556629092861,22.510735373054214,0.8990874932903918,1.9860440150295222,5.857487922705314,0.5770263016639828,0.8789586688137413,0.1610305958132045,0.23483628556092323,,,,
75,6.595544820182502,42.914653784219,12.93612453032743,4.502147074610843,22.457058507783145,0.8990874932903918,1.9860440150295222,5.857487922705314,0.5770263016639828,0.8789586688137413,0.1610305958132045,0.23483628556092323,,,,
76,6.66935050993022,42.89452495974235,12.922705314009661,4.502147074610843,22.416800858829845,0.8990874932903918,1.9860440150295222,5.857487922705314,0.5770263016639828,0.8789586688137413,0.1610305958132045,0.23483628556092323,,,,
77,6.850509930220075,42.84755770263017,12.76838432635534,4.49543746645196,22.356414385399894,0.8990874932903918,1.9860440150295222,5.857487922705314,0.5770263016639828,0.966183574879227,0.1610305958132045,0.23483628556092323,,,,
78,6.830381105743425,42.659688674181425,12.942834138486312,4.455179817498658,22.342995169082126,0.9125067096081588,1.9659151905528718,5.857487922705314,0.5770263016639828,1.0064412238325282,0.1610305958132045,0.2885131508319914,,,,
79,6.743156199677939,42.33762748255502,12.654320987654321,4.455179817498658,22.034353193773484,0.8990874932903918,4.30756843800322,4.53569511540526,0.5770263016639828,1.0064412238325282,0.1610305958132045,0.2885131508319914,,,,
80,6.769994632313473,42.16317767042405,12.68786902844874,4.455179817498658,22.034353193773484,0.9393451422436929,4.30756843800322,4.388083735909823,0.6172839506172839,1.0064412238325282,0.1610305958132045,0.46967257112184646,,,,
81,6.816961889425658,42.089371980676326,12.721417069243156,4.455179817498658,22.014224369296834,0.9393451422436929,4.280730005367687,4.388083735909823,0.6172839506172839,1.0466988727858293,0.1610305958132045,0.46967257112184646,,,,
82,5.917874396135265,41.176865271068166,12.224906065485776,4.42163177670424,24.4296833064949,1.1741814278046163,4.0995705850778315,4.388083735909823,0.6172839506172839,1.0466988727858293,0.1610305958132045,0.3421900161030596,,,,
83,5.9514224369296835,40.25093934514224,12.191358024691358,4.42163177670424,24.12104133118626,1.1741814278046163,4.126409017713366,4.388083735909823,0.6172839506172839,2.254428341384863,0.1610305958132045,0.3421900161030596,,,,
84,5.146269457863661,38.02334943639291,12.325550187869029,4.414922168545357,23.30246913580247,1.2010198604401503,7.601986044015029,4.770531400966184,0.4562533548040794,2.254428341384863,0.1610305958132045,0.3421900161030596,,,,
85,5.152979066022544,37.76838432635534,12.600644122383253,4.408212560386473,23.282340311325818,1.2278582930756843,7.601986044015029,4.770531400966184,0.4562533548040794,2.227589908749329,0.1610305958132045,0.3421900161030596,,,,
86,5.233494363929147,36.65458937198068,12.04374664519592,4.408212560386473,23.282340311325818,1.2278582930756843,7.548309178743962,6.447933440687064,0.36902844873859364,2.254428341384863,0.1610305958132045,0.36902844873859364,,,,
87,5.12614063338701,35.138217928073,11.81561996779388,4.408212560386473,23.2085346215781,1.2278582930756843,9.634997316156737,6.219806763285024,0.41599570585077833,2.395330112721417,0.08722490606548577,0.322061191626409,,,,
88,5.3274288781535155,35.0979602791197,11.77536231884058,4.408212560386473,23.141438539989263,1.2278582930756843,9.588030059044552,6.213097155126141,0.41599570585077833,2.395330112721417,0.08722490606548577,0.322061191626409,,,,
89,5.347557702630167,35.00402576489533,11.990069779924852,4.408212560386473,23.081052066559312,1.2681159420289856,9.534353193773484,6.146001073537305,0.41599570585077833,2.395330112721417,0.08722490606548577,0.322061191626409,,,,
90,5.401234567901234,34.97047772410091,11.990069779924852,4.40150295222759,23.047504025764894,1.288244766505636,9.534353193773484,6.146001073537305,0.41599570585077833,2.395330112721417,0.08722490606548577,0.322061191626409,,,,
91,5.448201825013419,34.916800858829845,11.990069779924852,4.40150295222759,22.33628556092324,1.442565754159957,10.0979602791197,6.112453032742888,0.41599570585077833,2.395330112721417,0.12077294685990338,0.322061191626409,,,,
92,5.562265163714439,34.88325281803543,11.990069779924852,4.40150295222759,22.269189479334408,1.4694041867954912,10.084541062801932,6.085614600107354,0.41599570585077833,2.395330112721417,0.12077294685990338,0.322061191626409,,,,
93,5.676328502415459,34.80273752012882,11.990069779924852,4.388083735909823,22.269189479334408,1.4626945786366077,10.084541062801932,6.072195383789587,0.41599570585077833,2.395330112721417,0.12077294685990338,0.322061191626409,,,,
94,5.669618894256575,34.68196457326892,12.130971551261407,4.388083735909823,22.25577026301664,1.4626945786366077,9.990606548577563,6.072195383789587,0.41599570585077833,2.395330112721417,0.2147074610842727,0.322061191626409,,,,
95,5.709876543209877,34.6081588835212,12.090713902308105,4.361245303274289,22.249060654857757,1.4626945786366077,9.990606548577563,6.159420289855072,0.41599570585077833,2.4154589371980677,0.2147074610842727,0.322061191626409,,,,
96,5.736714975845411,33.93048845947396,11.889425657541599,4.361245303274289,22.08132045088567,1.6035963499731616,9.990606548577563,7.011540526033279,0.41599570585077833,2.442297369833602,0.2147074610842727,0.322061191626409,,,,
97,5.750134192163178,33.66881374127751,11.882716049382717,4.361245303274289,20.82662372517445,1.4761137949543746,11.641170155662909,6.998121309715513,0.41599570585077833,2.4154589371980677,0.2147074610842727,0.3488996242619431,,,,
98,5.770263016639828,33.64868491680086,11.79549114331723,4.361245303274289,20.799785292538918,1.5029522275899088,11.60762211486849,6.998121309715513,0.5032206119162641,2.4154589371980677,0.2147074610842727,0.3824476650563607,,,,
99,5.622651637144391,31.17283950617284,10.567632850241546,12.077294685990339,16.6129898013956,1.1540526033279657,9.923510466988727,9.453837895866881,0.5032206119162641,2.2879763821792807,0.24154589371980675,0.3824476650563607,,,,
100,5.6964573268921095,31.085614600107355,10.601180891035963,12.077294685990339,16.492216854535695,1.1540526033279657,9.923510466988727,9.453837895866881,0.5032206119162641,2.3886205045625335,0.24154589371980675,0.3824476650563607,,,,
101,5.501878690284487,29.60950080515298,10.513955984970478,12.077294685990339,16.492216854535695,1.1003757380568975,9.923510466988727,11.379495437466453,0.5032206119162641,2.2611379495437465,0.2549651100375738,0.3824476650563607,,,,
102,5.562265163714439,29.025764895330113,10.466988727858293,12.050456253354804,16.492216854535695,1.1741814278046163,9.822866344605474,11.990069779924852,0.5032206119162641,2.2745571658615136,0.2549651100375738,0.3824476650563607,,,,
103,5.555555555555555,27.999194847020934,10.50053676865271,12.02361782071927,17.58588298443371,1.2412775093934514,9.769189479334408,11.976650563607086,0.5166398282340311,2.1940418679549114,0.2549651100375738,0.3824476650563607,,,,
104,5.5756843800322065,27.999194847020934,10.50053676865271,12.02361782071927,17.56575415995706,1.2412775093934514,9.769189479334408,11.976650563607086,0.5166398282340311,2.1940418679549114,0.2549651100375738,0.3824476650563607,,,,
105,5.58239398819109,26.90552871712292,11.003757380568974,10.61460010735373,17.538915727321523,1.2546967257112185,13.486312399355878,10.426731078904991,0.4428341384863124,2.1068169618894257,0.2549651100375738,0.3824476650563607,,,,
106,3.9318303811057436,19.524959742351047,7.14573268921095,40.78770799785293,9.39345142243693,0.7716049382716049,8.474235104669887,8.413848631239935,0.14090177133655393,0.9326355340848095,0.10064412238325282,0.3824476650563607,,,,
107,4.012345679012346,19.524959742351047,7.14573268921095,40.687063875469676,9.359903381642512,0.7716049382716049,8.474235104669887,8.413848631239935,0.14090177133655393,0.9863123993558777,0.10064412238325282,0.3824476650563607,,,,
108,3.6500268384326353,17.94820182501342,6.199677938808374,40.21739130434783,8.870101986044014,0.5971551261406334,12.99651100375738,7.856951154052603,0.14090177133655393,0.9594739667203436,0.10064412238325282,0.46296296296296297,,,,
109,3.797638217928073,17.52549651100376,6.226516371443908,39.53972088030059,8.80300590445518,0.5971551261406334,12.93612453032743,8.387010198604402,0.14090177133655393,1.482823403113258,0.10064412238325282,0.46296296296296297,,,,
110,3.8311862587224907,17.52549651100376,6.1929683306494905,39.439076757917334,8.78287707997853,0.5971551261406334,12.95625335480408,8.279656468062266,0.14090177133655393,1.583467525496511,0.20799785292538917,0.46296296296296297,,,,
111,3.9452495974235107,17.485238862050455,6.1862587224906065,31.655931293612454,16.854535695115406,0.6843800322061192,12.922705314009661,8.232689210950081,0.14090177133655393,1.1808910359634996,0.20799785292538917,0.5032206119162641,,,,
112,3.898282340311326,17.19001610305958,8.84326355340848,29.374664519592056,16.834406870638755,0.7045088566827697,12.869028448738593,8.21256038647343,0.14090177133655393,1.1876006441223832,0.20799785292538917,0.5367686527106817,,,,
113,3.81105743424584,16.935050993022006,8.796296296296296,29.361245303274288,19.290123456790123,0.6776704240472357,12.23161567364466,7.152442297369833,0.14090177133655393,0.9125067096081588,0.13419216317767044,0.5568974771873323,,,,
114,3.864734299516908,16.914922168545356,8.796296296296296,29.166666666666668,19.236446591519055,0.7045088566827697,12.224906065485776,7.152442297369833,0.14090177133655393,1.107085346215781,0.13419216317767044,0.5568974771873323,,,,
115,3.569511540526033,16.75389157273215,8.78287707997853,27.30139559849705,20.840042941492218,0.6977992485238862,12.211486849168008,7.139023081052066,0.18115942028985507,1.8317230273752012,0.13419216317767044,0.5568974771873323,,,,
116,3.6097691894793345,16.284219001610307,8.749329039184111,27.17391304347826,20.74610842726785,0.7045088566827697,12.177938808373591,7.689210950080516,0.18115942028985507,1.9592055823939882,0.13419216317767044,0.5904455179817498,,,,
117,3.643317230273752,16.25738056897477,9.091519055287172,26.268115942028984,20.685721953837895,0.7246376811594203,12.151100375738057,7.367149758454106,0.18115942028985507,2.8784219001610305,0.13419216317767044,0.6172839506172839,,,,
118,3.6634460547504024,16.223832528180353,9.125067096081589,25.503220611916262,18.98148148148148,2.033011272141707,13.325281803542673,7.340311325818572,0.18115942028985507,2.8784219001610305,0.13419216317767044,0.6105743424584005,,,,
119,3.69699409554482,16.223832528180353,9.125067096081589,25.49651100375738,18.95464304884595,2.033011272141707,13.325281803542673,7.340311325818572,0.18115942028985507,2.8784219001610305,0.13419216317767044,0.6105743424584005,,,,
120,3.7104133118625873,16.223832528180353,9.111647879763822,25.429414922168544,18.95464304884595,2.033011272141707,12.915995705850777,7.340311325818572,0.18115942028985507,2.9253891572732154,0.13419216317767044,1.0399892646269457,,,,
121,3.730542136339238,16.203703703703702,9.111647879763822,25.39586688137413,18.95464304884595,2.033011272141707,12.915995705850777,7.340311325818572,0.18115942028985507,2.9589371980676327,0.13419216317767044,1.0399892646269457,,,,
122,3.7775093934514223,16.19699409554482,9.091519055287172,25.37573805689748,18.95464304884595,2.046430488459474,12.882447665056361,7.340311325818572,0.18115942028985507,2.9790660225442833,0.13419216317767044,1.0399892646269457,,,,
123,3.7775093934514223,16.19699409554482,9.091519055287172,25.36231884057971,18.169618894256576,2.187332259796028,12.808641975308642,8.071658615136876,0.18115942028985507,2.9790660225442833,0.13419216317767044,1.0399892646269457,,,,
124,3.730542136339238,15.499194847020934,9.017713365539452,24.65780998389694,20.605206655931294,1.9592055823939882,11.493558776167472,8.071658615136876,0.18115942028985507,3.730542136339238,0.13419216317767044,0.9192163177670424,,,,
125,3.770799785292539,15.5126140633387,9.017713365539452,24.630971551261407,20.585077831454644,1.9592055823939882,11.486849168008588,8.071658615136876,0.18115942028985507,3.730542136339238,0.13419216317767044,0.9192163177670424,,,,
126,3.784219001610306,15.029522275899087,9.73564143853999,24.322329575952764,20.52469135802469,1.9860440150295222,11.473429951690822,8.011272141706923,0.18115942028985507,3.898282340311326,0.13419216317767044,0.9192163177670424,,,,
127,3.824476650563607,15.029522275899087,8.930488459473967,23.007246376811594,20.511272141706925,1.9860440150295222,11.460010735373054,10.299248523886206,0.14090177133655393,3.7640901771336552,0.13419216317767044,0.9125067096081588,,,,
128,3.8177670424047236,13.674181427804616,8.903650026838433,22.993827160493826,18.511808910359633,3.0394524959742353,13.808373590982287,10.245571658615138,0.14090177133655393,3.8177670424047236,0.13419216317767044,0.9125067096081588,,,,
129,3.844605475040258,13.24476650563607,8.581588835212024,22.987117552334944,18.45813204508857,3.0327428878153517,13.747987117552334,11.11111111111111,0.14090177133655393,3.8177670424047236,0.13419216317767044,0.8990874932903918,,,,
130,3.851315083199141,13.056897477187333,9.681964573268921,22.423510466988727,18.45813204508857,3.0327428878153517,13.747987117552334,11.07085346215781,0.14090177133655393,3.502415458937198,0.13419216317767044,0.8990874932903918,,,,
131,3.92512077294686,12.922705314009661,10.171765968867419,22.416800858829845,18.075684380032207,2.7442297369833604,14.61352657004831,10.379763821792807,0.19457863660762212,3.4822866344605474,0.13419216317767044,0.9326355340848095,0.0067096081588835215,,,
132,3.978797638217928,12.909286097691895,9.829575952764358,22.416800858829845,17.85426731078905,2.6704240472356413,15.24422973698336,10.071121846484166,0.19457863660762212,3.7573805689747717,0.13419216317767044,0.9326355340848095,0.0067096081588835215,,,
133,4.032474503488996,12.848899624261943,9.96376811594203,22.396672034353195,17.746913580246915,2.6704240472356413,15.24422973698336,10.071121846484166,0.19457863660762212,3.7573805689747717,0.13419216317767044,0.9326355340848095,0.0067096081588835215,,,
134,4.139828234031133,12.842190016103059,9.936929683306495,22.31615673644659,17.733494363929147,2.6704240472356413,15.177133655394526,10.057702630166398,0.19457863660762212,3.7909286097691894,0.13419216317767044,0.9997316156736447,0.0067096081588835215,,,
135,4.139828234031133,12.842190016103059,9.916800858829845,22.23564143853999,17.733494363929147,2.657004830917874,15.157004830917874,10.037573805689748,0.2214170692431562,3.8714439076757916,0.13419216317767044,1.0332796564680622,0.020128824476650563,,,
136,4.213633923778851,12.828770799785293,9.896672034353195,22.208803005904453,17.70665593129361,2.6838432635534084,15.116747181964573,10.037573805689748,0.2214170692431562,3.898282340311326,0.13419216317767044,1.0332796564680622,0.020128824476650563,,,
137,4.26731078904992,12.828770799785293,9.883252818035427,22.208803005904453,17.70665593129361,2.6838432635534084,15.116747181964573,10.010735373054214,0.2214170692431562,3.8848631239935587,0.13419216317767044,1.0332796564680622,0.020128824476650563,,,
138,4.314278046162104,12.801932367149758,9.883252818035427,22.188674181427803,17.69994632313473,2.6838432635534084,15.096618357487923,10.010735373054214,0.2214170692431562,3.8848631239935587,0.13419216317767044,1.0601180891035964,0.020128824476650563,,,
139,4.3545356951154055,12.795222758990874,9.86983360171766,22.188674181427803,17.69994632313473,2.6838432635534084,15.076489533011273,9.98389694041868,0.2214170692431562,3.8848631239935587,0.1610305958132045,1.0601180891035964,0.020128824476650563,,,
140,4.361245303274289,12.795222758990874,9.86983360171766,22.188674181427803,17.69994632313473,2.6838432635534084,15.076489533011273,9.977187332259795,0.2214170692431562,3.8848631239935587,0.1610305958132045,1.0601180891035964,0.020128824476650563,,,
141,4.394793344068707,12.795222758990874,9.86983360171766,21.712292002147073,17.639559849704778,2.717391304347826,15.076489533011273,9.896672034353195,0.2214170692431562,4.361245303274289,0.23483628556092323,1.0601180891035964,0.020128824476650563,,,
142,4.575952764358561,12.661030595813205,10.071121846484166,21.611647879763822,17.612721417069242,2.717391304347826,14.989264626945786,9.88996242619431,0.2214170692431562,4.361245303274289,0.23483628556092323,1.0332796564680622,0.020128824476650563,,,
143,4.7101449275362315,12.634192163177671,10.044283413848632,21.564680622651636,17.612721417069242,2.690552871712292,14.989264626945786,9.88996242619431,0.2214170692431562,4.3478260869565215,0.23483628556092323,1.0131508319914118,0.020128824476650563,0.026838432635534086,,
144,4.62962962962963,11.876006441223833,9.903381642512077,23.544015029522274,16.478797638217927,2.8113258185721954,14.949006977992486,9.88996242619431,0.2214170692431562,4.40150295222759,0.23483628556092323,1.0131508319914118,0.020128824476650563,0.026838432635534086,,
145,4.723564143853999,11.79549114331723,10.654857756307031,22.973698336017176,16.451959205582394,2.8113258185721954,14.78797638217928,9.863123993558776,0.2214170692431562,4.428341384863124,0.23483628556092323,1.0064412238325282,0.020128824476650563,0.026838432635534086,,
146,4.690016103059581,11.694847020933977,10.38647342995169,22.973698336017176,16.438539989264626,3.1065485775630703,15.257648953301127,9.514224369296834,0.2214170692431562,4.428341384863124,0.2616747181964573,0.9796027911969941,0.020128824476650563,0.026838432635534086,,
147,4.7101449275362315,11.627750939345143,10.420021470746109,22.832796564680624,17.14975845410628,3.1065485775630703,14.660493827160494,9.514224369296834,0.2214170692431562,4.468599033816425,0.2616747181964573,0.9796027911969941,0.020128824476650563,0.026838432635534086,,
148,4.783950617283951,11.627750939345143,10.406602254428341,22.805958132045088,17.12962962962963,3.1065485775630703,14.566559312936125,9.514224369296834,0.2214170692431562,4.468599033816425,0.2616747181964573,1.0601180891035964,0.020128824476650563,0.026838432635534086,,
149,4.851046698872786,11.56736446591519,10.540794417606012,22.79253891572732,17.028985507246375,3.1333870101986045,14.492753623188406,9.386741814278047,0.2214170692431562,4.455179817498658,0.2885131508319914,1.1943102522812667,0.020128824476650563,0.026838432635534086,,
150,4.938271604938271,11.553945249597424,10.540794417606012,22.758990874932906,16.97530864197531,2.918679549114332,14.687332259796028,9.386741814278047,0.2214170692431562,4.488727858293076,0.2885131508319914,1.1943102522812667,0.020128824476650563,0.026838432635534086,,
151,4.87788513150832,11.553945249597424,10.285829307568438,22.550993022007514,16.97530864197531,2.918679549114332,16.545893719806763,8.333333333333334,0.2214170692431562,4.274020397208803,0.2616747181964573,1.1540526033279657,0.020128824476650563,0.026838432635534086,,
152,4.891304347826087,11.553945249597424,10.285829307568438,22.530864197530864,16.935050993022006,2.945517981749866,16.545893719806763,8.333333333333334,0.2214170692431562,4.294149221685454,0.2616747181964573,1.1540526033279657,0.020128824476650563,0.026838432635534086,,
153,5.045625335480408,11.493558776167472,10.279119699409554,22.436929683306495,16.841116478797638,2.945517981749866,16.465378421900162,8.319914117015566,0.2214170692431562,4.26731078904992,0.2616747181964573,1.3754696725711217,0.020128824476650563,0.026838432635534086,,
154,5.193236714975845,11.493558776167472,10.279119699409554,22.436929683306495,16.80756843800322,2.9253891572732154,16.438539989264626,8.313204508856682,0.2214170692431562,4.206924315619967,0.2616747181964573,1.3754696725711217,0.020128824476650563,0.026838432635534086,,
155,5.280461621041331,11.466720343531938,10.285829307568438,22.383252818035427,16.774020397208805,2.9253891572732154,16.364734299516908,8.313204508856682,0.2214170692431562,4.193505099302201,0.2885131508319914,1.442565754159957,0.020128824476650563,0.040257648953301126,,
156,5.179817498658078,11.466720343531938,10.258990874932904,21.450617283950617,18.874127750939344,2.8247450348899625,15.593129361245303,8.293075684380032,0.2214170692431562,4.045893719806763,0.2885131508319914,1.442565754159957,0.020128824476650563,0.040257648953301126,,
157,5.24020397208803,11.466720343531938,10.258990874932904,21.4170692431562,18.853998926462694,2.8247450348899625,15.579710144927537,8.279656468062266,0.2214170692431562,4.03918411164788,0.2885131508319914,1.442565754159957,0.020128824476650563,0.06709608158883522,,
158,5.347557702630167,11.460010735373054,10.272410091250672,21.40365002683843,18.793612453032743,2.8113258185721954,15.344873859366613,8.279656468062266,0.2214170692431562,4.247181964573269,0.2885131508319914,1.442565754159957,0.020128824476650563,0.06709608158883522,,
159,5.4549114331723025,11.352657004830919,10.339506172839506,21.40365002683843,18.753354804079443,2.8113258185721954,15.344873859366613,8.279656468062266,0.19457863660762212,4.247181964573269,0.2885131508319914,1.442565754159957,0.020128824476650563,0.06709608158883522,,
160,5.347557702630167,11.332528180354267,10.299248523886206,21.24261943102523,19.04186795491143,2.7643585614600106,15.318035426731079,8.279656468062266,0.19457863660762212,4.361245303274289,0.2885131508319914,1.442565754159957,0.020128824476650563,0.06709608158883522,,
161,5.3341384863123995,11.332528180354267,10.406602254428341,21.235909822866343,18.907675791733762,2.9119699409554483,15.217391304347826,8.279656468062266,0.19457863660762212,4.361245303274289,0.2885131508319914,1.442565754159957,0.020128824476650563,0.06709608158883522,,
162,5.394524959742351,11.225174449812132,10.50053676865271,21.162104133118625,18.907675791733762,2.9119699409554483,15.183843263553408,8.279656468062266,0.19457863660762212,4.388083735909823,0.322061191626409,1.442565754159957,0.020128824476650563,0.06709608158883522,,
163,5.475040257648954,11.171497584541063,10.493827160493828,21.155394524959743,18.907675791733762,3.2206119162640903,14.841653247450349,8.266237251744498,0.19457863660762212,4.388083735909823,0.322061191626409,1.4761137949543746,0.020128824476650563,0.06709608158883522,,
164,5.501878690284487,11.171497584541063,10.493827160493828,21.155394524959743,18.907675791733762,3.2206119162640903,14.814814814814815,8.266237251744498,0.19457863660762212,4.388083735909823,0.322061191626409,1.4761137949543746,0.020128824476650563,0.06709608158883522,,
165,5.4616210413311865,11.151368760064413,10.507246376811594,21.14868491680086,18.71309715512614,3.240740740740741,15.042941492216855,8.266237251744498,0.19457863660762212,4.388083735909823,0.322061191626409,1.4761137949543746,0.020128824476650563,0.06709608158883522,,
166,5.528717122920021,11.137949543746645,10.50053676865271,21.128556092324207,18.679549114331724,3.2742887815351582,15.418679549114332,7.937466451959206,0.19457863660762212,4.388083735909823,0.24825550187869028,1.4761137949543746,0.020128824476650563,0.06709608158883522,,
167,5.60252281266774,11.11111111111111,10.50053676865271,21.095008051529792,18.646001073537306,3.307836822329576,15.418679549114332,7.924047235641439,0.19457863660762212,4.388083735909823,0.24825550187869028,1.4761137949543746,0.020128824476650563,0.06709608158883522,,
168,5.649490069779925,11.084272678475577,10.527375201288244,21.048040794417606,18.612453032742888,3.321256038647343,15.411969940955448,7.924047235641439,0.19457863660762212,4.42163177670424,0.24825550187869028,1.4694041867954912,0.020128824476650563,0.06709608158883522,,
169,5.642780461621041,11.057434245840042,10.527375201288244,21.048040794417606,18.243424584004295,3.374932903918411,15.74074074074074,7.924047235641439,0.19457863660762212,4.42163177670424,0.24825550187869028,1.4694041867954912,0.040257648953301126,0.06709608158883522,,
170,5.730005367686527,11.023886205045626,10.520665593129362,20.853462157809982,18.209876543209877,3.44873859366613,15.713902308105206,7.917337627482555,0.19457863660762212,4.562533548040794,0.24825550187869028,1.4694041867954912,0.040257648953301126,0.06709608158883522,,
171,5.730005367686527,10.815888352120236,10.433440687063875,20.853462157809982,18.209876543209877,3.44873859366613,15.673644659151906,8.185721953837897,0.19457863660762212,4.562533548040794,0.24825550187869028,1.5365002683843263,0.040257648953301126,0.06709608158883522,,
172,5.736714975845411,10.641438539989265,10.151637144390767,20.82662372517445,18.438003220611915,3.455448201825013,15.633387010198604,8.447396672034353,0.19457863660762212,4.555823939881911,0.24825550187869028,1.5633387010198605,0.040257648953301126,0.06709608158883522,,
173,5.636070853462158,9.77589908749329,9.86983360171766,20.377079978529252,18.411164787976382,3.455448201825013,15.633387010198604,10.158346752549651,0.19457863660762212,4.569243156199678,0.24825550187869028,1.5633387010198605,0.040257648953301126,0.06709608158883522,,
174,5.649490069779925,9.742351046698873,9.836285560923242,20.108695652173914,18.230005367686527,3.488996242619431,15.868223295759528,10.050993022007514,0.19457863660762212,4.918142780461621,0.24825550187869028,1.556629092860977,0.040257648953301126,0.06709608158883522,,
175,5.703166935050993,9.742351046698873,9.829575952764358,20.095276435856146,18.17632850241546,3.488996242619431,15.868223295759528,10.050993022007514,0.19457863660762212,4.918142780461621,0.24825550187869028,1.5767579173376274,0.040257648953301126,0.06709608158883522,,
176,5.703166935050993,9.742351046698873,9.809447128287708,19.162640901771336,18.370907139023082,3.455448201825013,16.42512077294686,9.863123993558776,0.19457863660762212,5.307300053676865,0.24825550187869028,1.6103059581320451,0.040257648953301126,0.06709608158883522,,
177,5.589103596349974,9.668545356951155,9.809447128287708,19.155931293612454,18.54535695115405,3.475577026301664,16.42512077294686,9.863123993558776,0.19457863660762212,5.307300053676865,0.24825550187869028,1.6103059581320451,0.040257648953301126,0.06709608158883522,,
178,5.736714975845411,9.668545356951155,9.782608695652174,19.122383252818036,18.5252281266774,3.4688674181427803,16.364734299516908,9.836285560923242,0.19457863660762212,5.340848094471283,0.24825550187869028,1.6035963499731616,0.040257648953301126,0.06709608158883522,,
179,5.736714975845411,9.668545356951155,9.782608695652174,19.04186795491143,18.5252281266774,3.4621578099838968,16.74718196457327,9.829575952764358,0.19457863660762212,5.340848094471283,0.24825550187869028,1.3150831991411702,0.040257648953301126,0.06709608158883522,,
180,5.770263016639828,9.668545356951155,9.722222222222221,19.0150295222759,18.5252281266774,3.4688674181427803,16.740472356414386,9.842995169082126,0.23483628556092323,5.340848094471283,0.24825550187869028,1.3150831991411702,0.040257648953301126,0.06709608158883522,,
181,5.810520665593129,9.668545356951155,9.836285560923242,18.874127750939344,18.5252281266774,3.4688674181427803,16.740472356414386,9.842995169082126,0.23483628556092323,5.260332796564681,0.3153515834675255,1.3150831991411702,0.040257648953301126,0.06709608158883522,,
182,5.850778314546431,9.668545356951155,9.836285560923242,18.84728931830381,18.49838969404187,3.4688674181427803,16.740472356414386,9.816156736446592,0.23483628556092323,5.273752012882448,0.3421900161030596,1.3150831991411702,0.040257648953301126,0.06709608158883522,,
183,5.917874396135265,9.628287707997853,9.836285560923242,16.6532474503489,18.4447128287708,3.4822866344605474,16.6935050993022,9.789318303811058,0.23483628556092323,7.568438003220612,0.3421900161030596,1.3150831991411702,0.040257648953301126,0.05367686527106817,,
