,45,50,55,51,54,53,52,56,58,57,60,59,61,62,46
0,98.68491680085883,1.3150831991411702,,,,,,,,,,,,,
1,97.98040794417606,2.01959205582394,,,,,,,,,,,,,
2,95.71256038647343,4.260601180891036,0.026838432635534086,,,,,,,,,,,,
3,79.44176060118089,19.14922168545357,1.3955984970477724,0.013419216317767043,,,,,,,,,,,
4,74.7181964573269,23.785560923242084,1.4224369296833066,0.013419216317767043,0.06038647342995169,,,,,,,,,,
5,66.52576489533011,32.63553408480945,0.7246376811594203,0.020128824476650563,0.06038647342995169,0.03354804079441761,,,,,,,,,
6,63.27831454643049,35.77563070316693,0.7246376811594203,0.1274825550187869,0.06038647342995169,0.03354804079441761,,,,,,,,,
7,59.12506709608159,34.17203435319377,0.7447665056360708,5.83064949006978,0.0939345142243693,0.03354804079441761,,,,,,,,,
8,57.776435856146,29.938271604938272,0.7380568974771873,8.433977455716587,0.08722490606548577,3.026033279656468,,,,,,,,,
9,47.014224369296834,40.405260332796566,0.8185721953837896,8.433977455716587,0.08722490606548577,3.207192699946323,0.03354804079441761,,,,,,,,
10,45.35024154589372,41.136607622114866,0.8185721953837896,8.272946859903382,0.08722490606548577,3.1602254428341383,1.133923778851315,0.026838432635534086,0.013419216317767043,,,,,,
11,37.41277509393451,49.28878153515835,1.1003757380568975,6.877348362855609,0.08722490606548577,3.1333870101986045,2.01959205582394,0.040257648953301126,0.040257648953301126,,,,,,
12,37.38593666129898,49.25523349436393,1.133923778851315,6.635802469135802,0.08722490606548577,3.113258185721954,2.0128824476650564,0.3153515834675255,0.06038647342995169,,,,,,
13,35.47369833601718,50.72463768115942,1.2010198604401503,6.635802469135802,0.47638217928073,3.113258185721954,1.9994632313472893,0.3153515834675255,0.06038647342995169,,,,,,
14,35.53408480944713,50.54347826086956,1.288244766505636,6.635802469135802,0.5032206119162641,3.0931293612453032,1.9793344068706387,0.33548040794417605,0.06038647342995169,0.026838432635534086,,,,,
15,22.685185185185187,62.78851315083199,0.9728931830381106,6.588835212023618,0.38915727321524424,2.8381642512077296,3.2742887815351582,0.3757380568974772,0.06038647342995169,0.026838432635534086,,,,,
16,22.604669887278583,60.96349973161568,2.844873859366613,6.588835212023618,0.38915727321524424,2.85829307568438,3.2742887815351582,0.3757380568974772,0.06038647342995169,0.026838432635534086,0.013419216317767043,,,,
17,21.296296296296298,59.252549651100374,3.2206119162640903,6.166129898013956,0.46296296296296297,2.301395598497048,6.790123456790123,0.3757380568974772,0.06038647342995169,0.06038647342995169,0.013419216317767043,,,,
18,20.02818035426731,53.76409017713365,4.958400429414922,16.6129898013956,0.9057971014492754,0.4092860976918948,3.079710144927536,0.12077294685990338,0.0067096081588835215,0.10064412238325282,0.013419216317767043,,,,
19,20.02818035426731,53.12667740203972,5.515297906602254,16.532474503488995,0.9594739667203436,0.4092860976918948,3.079710144927536,0.20128824476650564,0.0067096081588835215,0.10064412238325282,0.040257648953301126,,,,
20,19.92753623188406,52.10010735373054,5.522007514761138,15.519323671497585,0.9594739667203436,0.3757380568974772,5.260332796564681,0.1878690284487386,0.0067096081588835215,0.10064412238325282,0.040257648953301126,,,,
21,19.43773483628556,49.61084272678475,4.891304347826087,15.505904455179817,0.5233494363929146,4.51556629092861,5.179817498658078,0.1878690284487386,0.0067096081588835215,0.10064412238325282,0.040257648953301126,,,,
22,18.840579710144926,43.29710144927536,4.777241009125067,22.396672034353195,0.49651100375738055,4.528985507246377,5.267042404723564,0.1878690284487386,0.020128824476650563,0.13419216317767044,0.05367686527106817,,,,
23,14.338432635534085,41.80085882984434,4.864465915190553,28.22061191626409,0.49651100375738055,4.528985507246377,5.293880837359098,0.2147074610842727,0.05367686527106817,0.13419216317767044,0.05367686527106817,,,,
24,11.473429951690822,30.575684380032207,4.643048845947397,41.928341384863124,0.10735373054213634,7.890499194847021,3.166935050993022,0.06038647342995169,0.05367686527106817,0.06038647342995169,0.040257648953301126,,,,
25,11.453301127214171,30.56226516371444,4.790660225442834,41.76060118089104,0.10735373054213634,7.890499194847021,3.166935050993022,0.08722490606548577,0.05367686527106817,0.06038647342995169,0.06709608158883522,,,,
26,11.473429951690822,30.46833064949007,5.22007514761138,41.27079978529254,0.12077294685990338,7.890499194847021,3.166935050993022,0.20799785292538917,0.04696725711218465,0.04696725711218465,0.08722490606548577,,,,
27,11.520397208803006,30.394524959742352,5.35426731078905,41.096349973161566,0.12077294685990338,7.890499194847021,3.1602254428341383,0.30193236714975846,0.05367686527106817,0.04696725711218465,0.06038647342995169,,,,
28,11.594202898550725,30.193236714975846,5.381105743424584,41.015834675254965,0.12077294685990338,7.917337627482555,3.1602254428341383,0.4562533548040794,0.05367686527106817,0.04696725711218465,0.06038647342995169,,,,
29,11.627750939345143,30.14626945786366,5.4549114331723025,40.915190552871714,0.14761137949543746,7.87037037037037,3.1602254428341383,0.4830917874396135,0.08722490606548577,0.04696725711218465,0.06038647342995169,,,,
30,11.66129898013956,29.770531400966185,5.528717122920021,40.653515834675254,0.7716049382716049,7.615405260332796,3.1468062265163717,0.6910896403650026,0.06709608158883522,0.04696725711218465,0.04696725711218465,,,,
31,11.681427804616211,29.683306494900698,5.636070853462158,40.45893719806763,0.7716049382716049,7.675791733762749,3.1199677938808374,0.8118625872249061,0.06709608158883522,0.04696725711218465,0.04696725711218465,,,,
32,11.647879763821793,26.34863123993559,5.3274288781535155,39.71417069243156,7.9039184111647875,5.488459473966721,2.5697799248523885,0.8387010198604401,0.06709608158883522,0.04696725711218465,0.04696725711218465,,,,
33,11.761943102522812,26.301663982823403,5.179817498658078,38.05018786902845,7.575147611379496,4.455179817498658,5.615942028985507,0.9326355340848095,0.03354804079441761,0.04696725711218465,0.04696725711218465,,,,
34,11.77536231884058,26.281535158346752,5.132850241545894,37.94283413848631,7.575147611379496,4.49543746645196,5.589103596349974,1.0399892646269457,0.03354804079441761,0.04696725711218465,0.04696725711218465,0.013419216317767043,0.026838432635534086,,
35,11.768652710681696,26.247987117552334,5.146269457863661,34.13848631239936,7.541599570585078,8.272946859903382,5.615942028985507,1.0735373054213635,0.03354804079441761,0.04696725711218465,0.04696725711218465,0.040257648953301126,0.026838432635534086,,
36,10.983628556092324,27.140365002683843,5.911164787976382,33.65539452495974,7.541599570585078,7.776435856146001,5.555555555555555,1.2144390767579174,0.04696725711218465,0.04696725711218465,0.04696725711218465,0.05367686527106817,0.026838432635534086,,
37,10.68840579710145,25.657541599570585,8.433977455716587,33.19914117015566,7.4006977992485234,7.561728395061729,5.535426731078905,1.2546967257112185,0.07380568974771873,0.06709608158883522,0.04696725711218465,0.05367686527106817,0.026838432635534086,,
38,9.252549651100376,24.000268384326354,8.420558239398819,36.11782071926999,7.4006977992485234,7.273215244229737,5.938003220611916,1.247987117552335,0.0939345142243693,0.1274825550187869,0.04696725711218465,0.05367686527106817,0.026838432635534086,,
39,9.25925925925926,23.97342995169082,8.447396672034353,36.03730542136339,7.387278582930757,7.239667203435319,5.938003220611916,1.3083735909822867,0.0939345142243693,0.1274825550187869,0.04696725711218465,0.11406333870101985,0.026838432635534086,,
40,9.219001610305957,23.98684916800859,8.514492753623188,35.86285560923242,7.387278582930757,7.273215244229737,5.904455179817498,1.3888888888888888,0.0939345142243693,0.1610305958132045,0.06709608158883522,0.11406333870101985,0.026838432635534086,,
41,7.306763285024155,25.335480407944175,8.601717659688674,36.493558776167475,7.367149758454106,7.206119162640902,5.897745571658615,1.2815351583467525,0.0939345142243693,0.1610305958132045,0.06709608158883522,0.1610305958132045,0.026838432635534086,,
42,7.306763285024155,22.75228126677402,8.3467525496511,36.39291465378422,8.514492753623188,8.662104133118627,5.891035963499732,1.2748255501878691,0.4092860976918948,0.1610305958132045,0.05367686527106817,0.20799785292538917,0.026838432635534086,,
43,7.320182501341922,22.544283413848632,8.870101986044014,35.99704777241009,8.433977455716587,8.635265700483092,5.891035963499732,1.3083735909822867,0.43612453032742887,0.1610305958132045,0.05367686527106817,0.322061191626409,0.026838432635534086,,
44,7.253086419753086,22.477187332259795,8.964036500268385,35.73537305421363,8.433977455716587,8.628556092324208,5.891035963499732,1.4626945786366077,0.43612453032742887,0.17444981213097155,0.19457863660762212,0.322061191626409,0.026838432635534086,,
45,7.098765432098766,20.9272678475577,8.293075684380032,41.720343531937736,7.803274288781535,8.32662372517445,3.0595813204508855,1.8048845947396672,0.43612453032742887,0.10064412238325282,0.17444981213097155,0.2281266774020397,0.026838432635534086,,
46,7.14573268921095,20.840042941492218,8.621846484165324,39.70746108427268,7.917337627482555,8.11862587224906,4.783950617283951,1.751207729468599,0.43612453032742887,0.10064412238325282,0.17444981213097155,0.3757380568974772,0.026838432635534086,,
47,6.984702093397746,20.658883521202362,9.373322597960279,37.09742351046699,7.877079978529254,8.11862587224906,5.562265163714439,3.0193236714975846,0.46296296296296297,0.1274825550187869,0.3153515834675255,0.3757380568974772,0.026838432635534086,,
48,5.723295759527644,17.54562533548041,9.219001610305957,43.67954911433172,7.669082125603865,7.897208803005904,3.9519592055823938,2.7442297369833604,0.48980139559849706,0.1274825550187869,0.32877079978529256,0.5971551261406334,0.026838432635534086,,
49,5.8172302737520125,17.51207729468599,9.23913043478261,43.223295759527645,7.6556629092860975,7.85024154589372,3.8848631239935587,3.113258185721954,0.5233494363929146,0.2281266774020397,0.32877079978529256,0.5971551261406334,0.026838432635534086,,
50,5.850778314546431,17.431561996779386,8.333333333333334,35.89640365002684,11.366076221148685,7.749597423510467,9.225711218464841,2.3886205045625335,0.5367686527106817,0.2147074610842727,0.32877079978529256,0.6374127750939346,0.040257648953301126,,
51,4.38137412775094,21.410359634997317,8.293075684380032,32.84353193773484,11.33923778851315,7.749597423510467,8.910359634997317,3.2877079978529253,0.5367686527106817,0.24154589371980675,0.32877079978529256,0.6374127750939346,0.040257648953301126,,
52,4.388083735909823,21.35668276972625,7.709339774557166,32.669082125603865,11.325818572195384,8.487654320987655,8.896940418679549,3.44873859366613,0.5099302200751477,0.2616747181964573,0.30193236714975846,0.6038647342995169,0.040257648953301126,,
53,4.435050993022007,21.32313472893183,7.716049382716049,31.353998926462694,11.876006441223833,8.467525496511003,8.863392377885132,4.193505099302201,0.5367686527106817,0.2885131508319914,0.30193236714975846,0.6038647342995169,0.040257648953301126,,
54,4.374664519592056,17.216854535695116,6.152710681696189,31.011808910359633,11.768652710681696,8.165593129361245,14.9020397208803,4.200214707461084,0.9326355340848095,0.2885131508319914,0.30864197530864196,0.6642512077294686,0.013419216317767043,,
55,4.448470209339774,17.102791196994094,6.112453032742888,30.9044551798175,12.02361782071927,8.031400966183575,14.888620504562533,4.233762748255502,0.9460547504025765,0.30193236714975846,0.30193236714975846,0.6910896403650026,0.013419216317767043,,
56,4.51556629092861,17.09608158883521,5.978260869565218,30.85077831454643,11.05072463768116,7.997852925389157,15.767579173376275,4.200214707461084,1.0064412238325282,0.4428341384863124,0.41599570585077833,0.6374127750939346,0.040257648953301126,,
57,4.542404723564144,17.09608158883521,5.998389694041868,30.079173376274827,11.446591519055287,7.997852925389157,15.767579173376275,4.575952764358561,1.0064412238325282,0.4428341384863124,0.41599570585077833,0.5904455179817498,0.040257648953301126,,
58,4.5893719806763285,17.082662372517444,5.991680085882985,30.02549651100376,11.426462694578637,7.96430488459474,15.774288781535159,4.569243156199678,1.0064412238325282,0.46967257112184646,0.41599570585077833,0.6105743424584005,0.07380568974771873,,
59,3.8915727321524423,15.24422973698336,5.314009661835748,29.95169082125604,11.399624261943103,10.352925389157273,16.639828234031132,4.5893719806763285,1.0131508319914118,0.46967257112184646,0.4495437466451959,0.6105743424584005,0.07380568974771873,,
60,3.851315083199141,14.002952227589908,4.072732152442297,29.61621041331186,10.064412238325282,11.486849168008588,19.47799248523886,4.49543746645196,0.4495437466451959,1.8317230273752012,,0.5770263016639828,0.07380568974771873,,
61,3.9452495974235107,13.902308105206655,4.139828234031133,29.502147074610843,10.131508319914117,11.473429951690822,19.43102522812668,4.4820182501341925,0.46296296296296297,1.8451422436929683,,0.6105743424584005,0.07380568974771873,,
62,3.92512077294686,13.90901771336554,3.864734299516908,29.03918411164788,10.084541062801932,12.245034889962426,19.390767579173378,4.468599033816425,0.46967257112184646,1.892109500805153,,0.6239935587761675,0.08722490606548577,,
63,3.8311862587224907,13.546698872785829,3.69699409554482,28.468867418142782,8.896940418679549,17.787171229200215,15.465646806226516,5.434782608695652,0.4495437466451959,1.8115942028985508,,0.5233494363929146,0.08722490606548577,,
64,3.8378958668813743,13.459473966720344,3.797638217928073,28.026033279656467,8.84326355340848,15.908480944712828,17.52549651100376,5.46833064949007,0.47638217928073,2.2410091250670963,,0.3421900161030596,0.07380568974771873,,
65,3.878153515834675,13.446054750402576,3.5963499731615673,27.91867954911433,8.836553945249598,15.45222758990875,17.478529253891573,5.555555555555555,0.6843800322061192,2.7643585614600106,,0.3153515834675255,0.07380568974771873,,
66,3.864734299516908,12.600644122383253,3.3145464304884595,26.82501341921632,5.797101449275362,13.6808910359635,26.04669887278583,4.817498658078368,0.3488996242619431,2.3886205045625335,,0.24154589371980675,0.07380568974771873,,
67,3.9989264626945786,12.553676865271068,2.871712292002147,26.663982823403114,5.8172302737520125,11.553945249597424,28.30112721417069,4.978529253891573,0.49651100375738055,2.4355877616747184,0.013419216317767043,0.24154589371980675,0.07380568974771873,,
68,3.9989264626945786,12.473161567364466,2.945517981749866,26.603596349973163,5.8172302737520125,11.553945249597424,28.039452495974235,5.179817498658078,0.49651100375738055,2.563070316693505,0.013419216317767043,0.24154589371980675,0.07380568974771873,,
69,4.052603327965647,12.473161567364466,2.9388083735909825,26.221148684916802,5.803811057434245,11.560654857756306,27.979066022544284,5.481749865807837,0.5300590445517982,2.6167471819645733,0.013419216317767043,0.24154589371980675,0.08722490606548577,,
70,4.086151368760064,12.426194310252281,4.334406870638754,24.872517444981213,5.803811057434245,11.426462694578637,27.85829307568438,5.46833064949007,0.5568974771873323,2.8247450348899625,0.013419216317767043,0.24154589371980675,0.08722490606548577,,
71,3.965378421900161,11.18491680085883,4.240472356414386,23.26892109500805,5.495169082125604,16.35131508319914,26.52308105206656,5.407944176060118,0.5568974771873323,2.6637144390767578,0.013419216317767043,0.24154589371980675,0.08722490606548577,,
72,1.90552871712292,17.76033279656468,4.1532474503489,21.477455716586153,5.448201825013419,16.337895866881375,24.61755233494364,4.817498658078368,0.5300590445517982,2.5966183574879227,0.013419216317767043,0.24154589371980675,0.10064412238325282,,
73,1.9457863660762211,17.72007514761138,4.146537842190016,21.450617283950617,5.434782608695652,16.31105743424584,24.50348899624262,4.864465915190553,0.5300590445517982,2.6704240472356413,0.013419216317767043,0.30864197530864196,0.10064412238325282,,
74,1.9390767579173376,17.67981749865808,3.844605475040258,21.061460010735374,7.37385936661299,15.096618357487923,24.00697799248524,4.958400429414922,0.5367686527106817,3.046162104133119,0.03354804079441761,0.322061191626409,0.10064412238325282,,
75,1.9927536231884058,17.612721417069242,3.8714439076757916,21.061460010735374,7.37385936661299,15.03623188405797,23.852657004830917,4.99194847020934,0.5300590445517982,3.2206119162640903,0.03354804079441761,0.322061191626409,0.10064412238325282,,
76,1.8518518518518519,16.5727321524423,3.8580246913580245,32.21953837895867,6.810252281266774,11.594202898550725,19.26328502415459,4.757112184648417,0.3153515834675255,2.301395598497048,0.03354804079441761,0.322061191626409,0.10064412238325282,,
77,1.8317230273752012,13.667471819645733,3.408480944712829,34.265968867418145,7.5348899624261945,11.20504562533548,20.014761137949545,4.871175523349437,0.3153515834675255,2.4154589371980677,0.03354804079441761,0.33548040794417605,0.10064412238325282,,
78,1.6975308641975309,11.674718196457327,3.0193236714975846,35.567632850241544,8.474235104669887,12.359098228663447,18.947933440687063,4.998658078368224,0.3421900161030596,2.4490069779924855,0.03354804079441761,0.33548040794417605,0.10064412238325282,,
79,1.7444981213097155,11.600912506709609,3.0931293612453032,35.41331186258722,8.474235104669887,12.13768115942029,18.947933440687063,5.3274288781535155,0.3421900161030596,2.4490069779924855,0.03354804079441761,0.33548040794417605,0.10064412238325282,,
80,1.778046162104133,11.54723564143854,3.1199677938808374,34.735641438539986,9.312936124530328,12.090713902308105,18.59903381642512,5.501878690284487,0.35560923242082665,2.4691358024691357,0.03354804079441761,0.35560923242082665,0.10064412238325282,,
81,1.7847557702630166,10.983628556092324,3.3011272141706924,33.72920021470746,9.306226516371444,11.56736446591519,20.283145464304884,5.689747718733226,0.4092860976918948,2.442297369833602,0.03354804079441761,0.36902844873859364,0.10064412238325282,,
82,1.778046162104133,10.661567364465915,3.294417606011809,32.92404723564144,11.681427804616211,11.56736446591519,19.008319914117017,5.776972624798712,0.4092860976918948,2.395330112721417,0.03354804079441761,0.36902844873859364,0.10064412238325282,,
83,1.8786902844873858,10.621309715512615,3.2675791733762747,31.219806763285025,11.641170155662909,13.33870101986044,18.9747718733226,5.703166935050993,0.4092860976918948,2.4154589371980677,0.03354804079441761,0.3824476650563607,0.11406333870101985,,
84,1.9592055823939882,10.59447128287708,3.307836822329576,31.146001073537306,11.627750939345143,13.231347289318304,18.94122383252818,5.770263016639828,0.4227053140096618,2.4825550187869028,0.03354804079441761,0.36902844873859364,0.11406333870101985,,
85,1.9726247987117553,10.413311862587225,3.502415458937198,31.031937734836287,11.634460547504025,13.191089640365004,18.907675791733762,5.8239398819108965,0.46967257112184646,2.509393451422437,0.03354804079441761,0.39586688137412773,0.11406333870101985,,
86,2.0531400966183573,10.11808910359635,3.5091250670960816,32.306763285024154,11.600912506709609,13.177670424047236,18.02871712292002,5.6964573268921095,0.4495437466451959,2.5161030595813205,0.03354804079441761,0.4294149221685454,0.08051529790660225,,
87,0.8319914117015567,3.2877079978529253,0.9728931830381106,59.96376811594203,7.474503488996243,7.702630166398282,15.58641975308642,3.0327428878153517,0.24154589371980675,0.8051529790660226,,0.10064412238325282,,,
88,0.8454106280193237,3.2877079978529253,2.898550724637681,56.40096618357488,7.092055823939882,9.111647879763822,16.0829307568438,3.046162104133119,0.2549651100375738,0.8454106280193237,0.03354804079441761,0.10064412238325282,,,
89,0.8521202361782072,3.2877079978529253,2.9723564143853998,56.30703166935051,7.092055823939882,9.353193773483628,15.921900161030596,2.932098765432099,0.28180354267310787,0.8387010198604401,0.03354804079441761,0.1274825550187869,,,
90,0.9460547504025765,3.2742887815351582,3.0394524959742353,56.166129898013956,7.092055823939882,9.326355340848094,15.881642512077295,2.952227589908749,0.30193236714975846,0.8387010198604401,0.03354804079441761,0.1274825550187869,0.020128824476650563,,
91,1.0869565217391304,3.2742887815351582,4.770531400966184,54.29414922168545,7.092055823939882,9.353193773483628,15.881642512077295,2.918679549114332,0.27509393451422437,0.8454106280193237,0.06038647342995169,0.1274825550187869,0.020128824476650563,,
92,1.1943102522812667,3.2474503488996245,4.750402576489533,51.38217928073001,7.092055823939882,12.191358024691358,15.787707997852925,2.9253891572732154,0.27509393451422437,0.9460547504025765,0.06038647342995169,0.1274825550187869,0.020128824476650563,,
93,1.2748255501878691,3.2474503488996245,4.824208266237251,51.10708534621578,7.112184648416532,12.171229200214707,15.747450348899624,3.0864197530864197,0.2616747181964573,0.9594739667203436,0.06038647342995169,0.1274825550187869,0.020128824476650563,,
94,1.3150831991411702,3.2139023081052067,4.898013955984971,50.82528180354267,7.14573268921095,12.164519592055823,15.72061191626409,3.2139023081052067,0.2683843263553409,0.9863123993558777,0.06038647342995169,0.1274825550187869,0.06038647342995169,,
95,1.3553408480944713,2.187332259796028,4.609500805152979,52.85829307568438,7.14573268921095,12.00348899624262,15.01610305958132,3.280998389694042,0.2952227589908749,0.9863123993558777,0.06038647342995169,0.1274825550187869,0.06038647342995169,0.013419216317767043,
96,1.4224369296833066,2.187332259796028,4.669887278582931,52.683843263553406,6.749865807836822,11.996779388083736,15.378421900161031,3.3413848631239937,0.2952227589908749,0.9863123993558777,0.06038647342995169,0.15432098765432098,0.06038647342995169,0.013419216317767043,
97,1.4895330112721417,2.187332259796028,4.730273752012883,52.361782071927,6.749865807836822,11.822329575952764,15.378421900161031,3.589640365002684,0.2952227589908749,1.0802469135802468,0.06038647342995169,0.18115942028985507,0.06038647342995169,0.013419216317767043,
98,1.3083735909822867,1.8317230273752012,4.488727858293076,61.06414385399893,6.112453032742888,10.554213633923778,10.00402576489533,3.0059044551798175,0.5099302200751477,0.8051529790660226,0.06038647342995169,0.18115942028985507,0.06038647342995169,0.013419216317767043,
99,1.2345679012345678,1.7847557702630166,3.33467525496511,52.321524422973695,5.978260869565218,20.42404723564144,9.88996242619431,3.113258185721954,0.48980139559849706,1.093666129898014,0.06038647342995169,0.2214170692431562,0.040257648953301126,0.013419216317767043,
100,1.288244766505636,1.7847557702630166,3.2877079978529253,50.254965110037574,5.964841653247451,20.323403113258184,9.863123993558776,5.0791733762748255,0.5166398282340311,1.1540526033279657,0.06038647342995169,0.36902844873859364,0.040257648953301126,0.013419216317767043,
101,1.3486312399355878,1.7310789049919484,3.6902844873859366,50.77831454643049,5.0858829844337095,20.209339774557165,9.77589908749329,5.226784755770263,0.5300590445517982,1.2144390767579174,0.06038647342995169,0.2952227589908749,0.040257648953301126,0.013419216317767043,
102,1.4090177133655395,1.7310789049919484,5.280461621041331,49.14787976382179,5.065754159957058,20.155662909286097,9.71551261406334,5.24020397208803,0.5501878690284487,1.2681159420289856,0.06038647342995169,0.2952227589908749,0.06709608158883522,0.013419216317767043,
103,1.3687600644122384,1.5633387010198605,6.3137412775093935,47.1081588835212,5.0791733762748255,18.632581857219538,12.4597423510467,5.186527106816962,0.5501878690284487,1.3016639828234031,0.06038647342995169,0.2952227589908749,0.06709608158883522,0.013419216317767043,
104,1.3754696725711217,1.5633387010198605,6.367418142780462,46.96054750402576,5.092592592592593,18.572195383789587,12.144390767579173,5.589103596349974,0.5904455179817498,1.2949543746645196,0.06038647342995169,0.2952227589908749,0.08051529790660225,0.013419216317767043,
105,1.482823403113258,1.5633387010198605,6.400966183574879,46.73242082662372,5.193236714975845,18.53864734299517,12.097423510466989,5.636070853462158,0.5636070853462157,1.328502415458937,0.06038647342995169,0.30864197530864196,0.08051529790660225,0.013419216317767043,
106,1.5365002683843263,1.5633387010198605,7.568438003220612,45.611916264090176,5.025496511003757,18.4044551798175,12.084004294149223,5.790391841116479,0.6038647342995169,1.328502415458937,0.06038647342995169,0.30864197530864196,0.10064412238325282,0.013419216317767043,
107,1.556629092860977,1.5633387010198605,7.461084272678476,43.73322597960279,4.4753086419753085,20.591787439613526,12.02361782071927,6.078904991948471,0.7045088566827697,1.3352120236178207,0.05367686527106817,0.30864197530864196,0.10064412238325282,0.013419216317767043,
108,1.6438539989264627,1.5633387010198605,7.514761137949543,43.55877616747182,4.4753086419753085,20.43075684380032,11.943102522812667,6.206387546967257,0.785024154589372,1.402308105206656,0.05367686527106817,0.30864197530864196,0.10064412238325282,0.013419216317767043,
109,1.6438539989264627,1.5633387010198605,7.514761137949543,43.41787439613527,4.49543746645196,20.417337627482556,11.902844873859367,6.293612453032743,0.798443370907139,1.4492753623188406,0.08051529790660225,0.30864197530864196,0.10064412238325282,0.013419216317767043,
110,1.778046162104133,1.5633387010198605,7.561728395061729,43.162909286097694,4.4820182501341925,20.316693505099302,11.83574879227053,6.521739130434782,0.8252818035426731,1.4761137949543746,0.05367686527106817,0.30864197530864196,0.10064412238325282,0.013419216317767043,
111,1.8384326355340848,1.5633387010198605,7.581857219538379,43.042136339237786,4.4753086419753085,20.343531937734838,11.81561996779388,6.494900697799249,0.8387010198604401,1.5029522275899088,0.08051529790660225,0.30864197530864196,0.10064412238325282,0.013419216317767043,
112,1.9390767579173376,1.5633387010198605,7.2933440687063875,42.07595276435856,4.522275899087493,21.410359634997317,11.81561996779388,6.528448738593666,0.8722490606548577,1.5029522275899088,0.08051529790660225,0.30864197530864196,0.07380568974771873,0.013419216317767043,
113,2.0128824476650564,1.5633387010198605,7.353730542136339,41.706924315619965,4.4753086419753085,21.410359634997317,12.016908212560386,6.5485775630703165,0.8990874932903918,1.5365002683843263,0.08051529790660225,0.30864197530864196,0.07380568974771873,0.013419216317767043,
114,2.0665593129361244,1.5633387010198605,7.37385936661299,41.63311862587225,4.4753086419753085,21.370101986044016,12.016908212560386,6.5485775630703165,0.9259259259259259,1.5365002683843263,0.08051529790660225,0.30864197530864196,0.08722490606548577,0.013419216317767043,
115,2.1739130434782608,1.5432098765432098,7.4006977992485234,41.55931293612453,4.468599033816425,21.4170692431562,11.969940955448202,6.561996779388084,0.8454106280193237,1.5499194847020934,0.08051529790660225,0.32877079978529256,0.08722490606548577,0.013419216317767043,
116,2.0665593129361244,1.5096618357487923,8.05823939881911,39.680622651637144,4.3545356951154055,20.71256038647343,14.358561460010735,6.380837359098229,0.8856682769726248,1.4492753623188406,0.08051529790660225,0.36231884057971014,0.08722490606548577,0.013419216317767043,
117,2.0665593129361244,1.5096618357487923,7.763016639828234,37.97638217928073,4.1532474503489,20.52469135802469,16.686795491143318,6.360708534621578,0.9192163177670424,1.4694041867954912,0.08051529790660225,0.33548040794417605,0.14090177133655393,0.013419216317767043,
118,2.1068169618894257,1.5096618357487923,8.61513687600644,35.77563070316693,4.159957058507783,19.155931293612454,19.43773483628556,6.380837359098229,0.8923778851315083,1.4626945786366077,0.12077294685990338,0.2281266774020397,0.14090177133655393,0.013419216317767043,
119,2.059849704777241,0.6508319914117016,8.487654320987655,33.9170692431562,4.133118625872249,20.2361782071927,21.960547504025765,5.810520665593129,0.8990874932903918,1.3553408480944713,0.12077294685990338,0.2281266774020397,0.1274825550187869,0.013419216317767043,
120,2.073268921095008,0.6508319914117016,8.896940418679549,33.762748255501876,4.159957058507783,19.961084272678477,21.792807300053678,5.870907139023081,0.9796027911969941,1.3553408480944713,0.0939345142243693,0.2616747181964573,0.1274825550187869,0.013419216317767043,
121,2.0933977455716586,0.6508319914117016,8.380300590445518,33.13204508856683,4.159957058507783,21.584809447128286,21.128556092324207,5.877616747181965,1.0064412238325282,1.42914653784219,0.0939345142243693,0.32877079978529256,0.12077294685990338,0.013419216317767043,
122,2.1739130434782608,0.6508319914117016,9.31964573268921,32.86366076221149,4.676596886741814,21.497584541062803,20.142243692968332,5.535426731078905,1.06682769726248,1.5163714439076759,0.0939345142243693,0.32877079978529256,0.12077294685990338,0.013419216317767043,
123,2.1806226516371443,0.6508319914117016,9.31964573268921,32.82340311325819,4.696725711218465,21.470746108427267,20.128824476650564,5.548845947396672,1.06682769726248,1.5297906602254427,0.0939345142243693,0.35560923242082665,0.12077294685990338,0.013419216317767043,
124,2.1940418679549114,0.6508319914117016,9.353193773483628,32.776435856146,4.663177670424047,21.443907675791735,20.101986044015028,5.58239398819109,1.093666129898014,1.5230810520665594,0.0939345142243693,0.38915727321524424,0.12077294685990338,0.013419216317767043,
125,2.3081052066559313,0.630703166935051,9.353193773483628,32.6959205582394,4.64975845410628,21.370101986044016,20.061728395061728,5.542136339237788,1.093666129898014,1.5901771336553945,0.0939345142243693,0.43612453032742887,0.12077294685990338,0.05367686527106817,
126,2.2342995169082127,0.49651100375738055,9.702093397745571,32.10547504025765,4.985238862050457,21.182232957595275,19.96779388083736,5.756843800322061,1.1406333870101986,1.724369296833065,0.0939345142243693,0.43612453032742887,0.12077294685990338,0.05367686527106817,
127,2.2879763821792807,0.49651100375738055,10.11808910359635,31.884057971014492,5.032206119162641,20.873590982286636,19.806763285024154,5.8239398819108965,1.1406333870101986,1.7914653784219001,0.0939345142243693,0.4495437466451959,0.14761137949543746,0.05367686527106817,
128,2.301395598497048,0.49651100375738055,9.88996242619431,31.83709071390231,5.032206119162641,20.860171765968868,20.04830917874396,5.810520665593129,1.1674718196457328,1.8115942028985508,0.0939345142243693,0.4495437466451959,0.14761137949543746,0.05367686527106817,
129,2.3550724637681157,0.49651100375738055,9.91009125067096,31.78341384863124,5.032206119162641,20.725979602791195,20.021470746108427,5.9447128287707995,1.1674718196457328,1.8183038110574343,0.0939345142243693,0.4495437466451959,0.14761137949543746,0.05367686527106817,
130,2.408749329039184,0.49651100375738055,9.943639291465379,31.709608158883523,5.052334943639291,20.71256038647343,19.981213097155127,5.978260869565218,1.1540526033279657,1.8183038110574343,0.0939345142243693,0.4495437466451959,0.14761137949543746,0.05367686527106817,
131,2.4557165861513686,0.49651100375738055,9.863123993558776,31.635802469135804,5.025496511003757,20.471014492753625,19.940955448201827,6.099033816425121,1.3553408480944713,1.8451422436929683,0.0939345142243693,0.5166398282340311,0.14761137949543746,0.05367686527106817,
132,2.5026838432635534,0.49651100375738055,9.856414385399892,32.64224369296833,5.025496511003757,19.45115405260333,19.90740740740741,6.0587761674718195,1.3955984970477724,1.8585614600107354,0.0939345142243693,0.5166398282340311,0.14090177133655393,0.05367686527106817,
133,2.576489533011272,0.4830917874396135,9.883252818035427,33.7962962962963,4.871175523349437,19.33709071390231,18.719806763285025,6.038647342995169,1.4694041867954912,1.8317230273752012,0.0939345142243693,0.7045088566827697,0.14090177133655393,0.05367686527106817,
134,2.4557165861513686,0.4830917874396135,9.842995169082126,37.714707461084274,4.851046698872786,18.927804616210413,15.734031132581856,6.025228126677402,1.4761137949543746,1.4962426194310252,0.0939345142243693,0.7045088566827697,0.14090177133655393,0.05367686527106817,
135,2.462426194310252,0.4830917874396135,10.044283413848632,37.61406333870102,4.851046698872786,18.887546967257112,15.707192699946322,6.052066559312936,1.42914653784219,1.4694041867954912,0.10064412238325282,0.7045088566827697,0.14090177133655393,0.05367686527106817,
136,2.509393451422437,0.4830917874396135,9.950348899624261,37.39935587761675,4.871175523349437,18.793612453032743,15.707192699946322,6.280193236714976,1.4694041867954912,1.4694041867954912,0.15432098765432098,0.7045088566827697,0.15432098765432098,0.05367686527106817,
137,2.4892646269457863,0.4830917874396135,8.454106280193237,41.0829307568438,4.602791196994096,18.323939881910896,15.291196994095545,5.152979066022544,1.3821792807300053,1.7042404723564144,0.18115942028985507,0.6709608158883521,0.1274825550187869,0.05367686527106817,
138,2.563070316693505,0.47638217928073,7.608695652173913,42.223564143854,4.582662372517445,18.4044551798175,14.512882447665056,5.481749865807837,1.4090177133655395,1.7042404723564144,0.18115942028985507,0.6709608158883521,0.1274825550187869,0.05367686527106817,
139,2.636876006441224,0.47638217928073,7.635534084809447,41.6935050993022,4.508856682769726,18.391035963499732,14.492753623188406,6.038647342995169,1.4090177133655395,1.6841116478797638,0.18115942028985507,0.6709608158883521,0.1274825550187869,0.05367686527106817,
140,2.677133655394525,0.47638217928073,7.628824476650563,41.36473429951691,4.508856682769726,18.337359098228664,14.40552871712292,6.327160493827161,1.42914653784219,1.8048845947396672,0.1878690284487386,0.6709608158883521,0.1274825550187869,0.05367686527106817,
141,2.462426194310252,0.39586688137412773,7.152442297369833,49.27536231884058,3.515834675254965,17.70665593129361,10.399892646269459,4.985238862050457,1.3553408480944713,1.6975308641975309,0.2214170692431562,0.6508319914117016,0.1274825550187869,0.05367686527106817,
142,2.5026838432635534,0.3824476650563607,7.078636607622115,48.91304347826087,3.8714439076757916,17.693236714975846,10.34621578099839,5.052334943639291,1.3553408480944713,1.724369296833065,0.2214170692431562,0.6508319914117016,0.15432098765432098,0.05367686527106817,
143,2.5295222758990876,0.3824476650563607,7.1725711218464845,48.83252818035427,3.7775093934514223,17.639559849704778,10.305958132045088,5.132850241545894,1.3955984970477724,1.724369296833065,0.2214170692431562,0.6776704240472357,0.15432098765432098,0.05367686527106817,
144,2.5429414922168547,0.3824476650563607,7.092055823939882,51.07353730542136,3.6634460547504024,16.867954911433173,9.07139023081052,5.045625335480408,1.5767579173376274,1.6438539989264627,0.2214170692431562,0.6105743424584005,0.15432098765432098,0.05367686527106817,
145,2.589908749329039,0.3824476650563607,7.132313472893183,50.905797101449274,3.911701556629093,16.666666666666668,9.044551798174986,5.059044551798175,1.5096618357487923,1.6841116478797638,0.2214170692431562,0.6843800322061192,0.15432098765432098,0.05367686527106817,
146,2.49597423510467,0.3824476650563607,6.830381105743425,50.47638217928073,3.8848631239935587,18.38432635534085,8.3467525496511,4.9651100375738055,1.5767579173376274,1.5432098765432098,0.2214170692431562,0.6843800322061192,0.15432098765432098,0.05367686527106817,
147,2.5429414922168547,0.3824476650563607,6.830381105743425,50.12748255501879,3.8848631239935587,18.370907139023082,8.32662372517445,5.307300053676865,1.556629092860977,1.5432098765432098,0.2214170692431562,0.6977992485238862,0.15432098765432098,0.05367686527106817,
148,2.38191089640365,0.3824476650563607,7.058507783145465,52.55636070853462,3.2742887815351582,18.4044551798175,6.91760601180891,5.112721417069243,1.4895330112721417,1.3754696725711217,0.2214170692431562,0.630703166935051,0.15432098765432098,0.040257648953301126,
149,2.301395598497048,0.35560923242082665,6.984702093397746,52.52952227589909,3.8378958668813743,18.4044551798175,6.904186795491143,4.783950617283951,1.4694041867954912,1.3821792807300053,0.2214170692431562,0.630703166935051,0.15432098765432098,0.040257648953301126,
150,2.2745571658615136,0.3421900161030596,7.749597423510467,51.15405260332797,3.8378958668813743,18.800322061191626,6.890767579173376,4.938271604938271,1.5230810520665594,1.3955984970477724,0.2214170692431562,0.6776704240472357,0.15432098765432098,0.040257648953301126,
151,2.3752012882447664,0.3421900161030596,7.763016639828234,51.01315083199141,3.8378958668813743,18.739935587761675,6.890767579173376,4.978529253891573,1.5230810520665594,1.415727321524423,0.2214170692431562,0.7045088566827697,0.15432098765432098,0.040257648953301126,
152,2.4221685453569513,0.3421900161030596,7.7831454643048845,50.81186258722491,3.844605475040258,17.364465915190554,8.447396672034353,5.01207729468599,1.4626945786366077,1.42914653784219,0.20799785292538917,0.6776704240472357,0.15432098765432098,0.040257648953301126,
153,2.475845410628019,0.3421900161030596,7.75630703166935,50.54347826086956,3.8177670424047236,17.398013955984972,8.420558239398819,5.293880837359098,1.4626945786366077,1.4559849704777241,0.20799785292538917,0.6239935587761675,0.1610305958132045,0.040257648953301126,
154,2.4557165861513686,0.3421900161030596,7.722758990874933,50.395866881374126,3.8177670424047236,17.351046698872786,8.420558239398819,5.4549114331723025,1.5163714439076759,1.4559849704777241,0.24154589371980675,0.6239935587761675,0.1610305958132045,0.040257648953301126,
155,2.462426194310252,0.3421900161030596,7.729468599033816,50.24825550187869,3.851315083199141,17.270531400966185,8.380300590445518,5.562265163714439,1.5767579173376274,1.4895330112721417,0.2281266774020397,0.6575415995705851,0.1610305958132045,0.040257648953301126,
156,2.5026838432635534,0.3421900161030596,7.716049382716049,50.12748255501879,3.851315083199141,17.2638217928073,8.380300590445518,5.629361245303274,1.583467525496511,1.5163714439076759,0.2281266774020397,0.6575415995705851,0.1610305958132045,0.040257648953301126,
157,2.522812667740204,0.3421900161030596,7.6556629092860975,50.046967257112186,4.166666666666667,17.136339237788512,8.279656468062266,5.676328502415459,1.596886741814278,1.5365002683843263,0.2214170692431562,0.6172839506172839,0.1610305958132045,0.040257648953301126,
158,2.536231884057971,0.3421900161030596,7.675791733762749,49.953032742887814,4.206924315619967,17.08937198067633,8.279656468062266,5.683038110574342,1.6035963499731616,1.596886741814278,0.2147074610842727,0.6172839506172839,0.1610305958132045,0.040257648953301126,
159,2.5563607085346214,0.3421900161030596,7.6556629092860975,48.718464841653244,4.193505099302201,16.988727858293075,9.16532474503489,6.018518518518518,1.6505636070853462,1.6774020397208802,0.2147074610842727,0.644122383252818,0.13419216317767044,0.040257648953301126,
160,2.6033279656468062,0.3421900161030596,7.575147611379496,47.87976382179281,5.253623188405797,16.941760601180892,9.138486312399356,5.857487922705314,1.6572732152442298,1.7176596886741815,0.2147074610842727,0.644122383252818,0.13419216317767044,0.040257648953301126,
161,2.5966183574879227,0.3421900161030596,7.50805152979066,47.537573805689746,5.213365539452496,16.935050993022006,9.125067096081589,6.320450885668277,1.6841116478797638,1.7176596886741815,0.2147074610842727,0.630703166935051,0.13419216317767044,0.040257648953301126,
162,2.6637144390767578,0.3421900161030596,7.50805152979066,47.215512614063336,5.4549114331723025,16.867954911433173,9.125067096081589,6.380837359098229,1.7042404723564144,1.7444981213097155,0.2147074610842727,0.6239935587761675,0.11406333870101985,0.040257648953301126,
163,2.536231884057971,0.23483628556092323,7.004830917874396,49.32903918411165,5.2066559312936125,16.391572732152444,8.809715512614064,6.152710681696189,1.7042404723564144,1.6237251744498122,0.2281266774020397,0.6374127750939346,0.10064412238325282,0.040257648953301126,
164,2.5563607085346214,0.23483628556092323,6.964573268921095,49.22839506172839,5.2066559312936125,16.391572732152444,8.78287707997853,6.1929683306494905,1.7914653784219001,1.6170155662909287,0.2281266774020397,0.6374127750939346,0.1274825550187869,0.040257648953301126,
