,45,50,52,51,54,53,55,57,56
0,98.68491680085883,1.3150831991411702,,,,,,,
1,98.44337090713903,1.556629092860977,,,,,,,
2,97.97369833601718,2.0263016639828235,,,,,,,
3,87.67444981213097,12.325550187869029,,,,,,,
4,87.61406333870102,12.385936661298981,,,,,,,
5,86.84245840042942,12.057165861513688,1.1003757380568975,,,,,,
6,85.60118089103597,13.298443370907139,1.1003757380568975,,,,,,
7,85.27911969940955,11.419753086419753,,3.3011272141706924,,,,,
8,85.13150831991412,11.56736446591519,,3.3011272141706924,,,,,
9,85.15834675254965,11.540526033279656,,3.3011272141706924,,,,,
10,83.54133118625872,13.157541599570585,,3.3011272141706924,,,,,
11,83.81642512077295,13.157541599570585,,3.026033279656468,,,,,
12,83.81642512077295,13.157541599570585,,3.026033279656468,,,,,
13,83.85668276972625,13.117283950617283,,3.026033279656468,,,,,
14,83.93719806763285,13.036768652710682,,3.026033279656468,,,,,
15,82.17928073000537,11.621041331186259,,6.199677938808374,,,,,
16,82.19940955448202,11.600912506709609,,6.199677938808374,,,,,
17,79.28743961352657,14.512882447665056,,6.199677938808374,,,,,
18,75.28851315083199,16.888083735909824,,7.823403113258186,,,,,
19,73.73188405797102,18.203166935050994,0.2616747181964573,7.803274288781535,,,,,
20,60.97691894793344,32.2866344605475,0.7380568974771873,5.998389694041868,,,,,
21,60.889694041867955,32.400697799248526,0.7380568974771873,5.971551261406334,,,,,
22,61.010466988727856,32.27992485238862,0.7380568974771873,5.971551261406334,,,,,
23,60.66156736446592,32.50134192163178,0.7380568974771873,6.099033816425121,,,,,
24,60.37976382179281,32.78314546430489,0.7380568974771873,6.099033816425121,,,,,
25,58.80971551261406,34.35319377348363,0.7380568974771873,6.099033816425121,,,,,
26,58.8365539452496,34.07139023081052,0.7380568974771873,6.099033816425121,0.2549651100375738,,,,
27,55.75013419216318,37.15780998389694,0.7380568974771873,6.099033816425121,0.2549651100375738,,,,
28,55.77697262479871,36.81561996779388,1.093666129898014,6.099033816425121,0.2147074610842727,,,,
29,55.60252281266774,37.0907139023081,1.093666129898014,5.998389694041868,0.2147074610842727,,,,
30,54.64975845410628,38.04347826086956,1.093666129898014,5.998389694041868,0.2147074610842727,,,,
31,52.69055287171229,40.002683843263554,1.093666129898014,5.998389694041868,0.2147074610842727,,,,
32,52.72410091250671,39.98926462694579,1.093666129898014,5.984970477724101,0.20799785292538917,,,,
33,52.851583467525494,39.861782071927,1.093666129898014,5.984970477724101,0.20799785292538917,,,,
34,52.38191089640365,40.33145464304884,1.093666129898014,5.984970477724101,0.20799785292538917,,,,
35,52.502683843263554,39.04320987654321,2.999194847020934,5.246913580246914,0.20799785292538917,,,,
36,51.187600644122384,40.5126140633387,3.140096618357488,4.951690821256038,0.20799785292538917,,,,
37,50.86553945249597,40.83467525496511,3.140096618357488,4.951690821256038,0.20799785292538917,,,,
38,44.176060118089104,47.54428341384863,3.140096618357488,4.931561996779388,0.20799785292538917,,,,
39,42.223564143854,49.49677938808374,3.140096618357488,4.931561996779388,0.20799785292538917,,,,
40,42.632850241545896,49.32903918411165,3.140096618357488,4.690016103059581,0.20799785292538917,,,,
41,42.47852925389157,49.04723564143854,3.140096618357488,5.12614063338701,0.20799785292538917,,,,
42,42.351046698872786,48.752012882447666,3.140096618357488,5.112721417069243,0.20799785292538917,0.43612453032742887,,,
43,42.41814278046162,47.5979602791197,3.140096618357488,5.0791733762748255,0.20799785292538917,1.556629092860977,,,
44,41.80756843800322,48.01395598497048,3.140096618357488,5.0791733762748255,0.20799785292538917,1.751207729468599,,,
45,41.257380568974774,48.56414385399893,3.140096618357488,5.0791733762748255,0.20799785292538917,1.751207729468599,,,
46,41.418411164787976,48.27563070316693,3.140096618357488,5.065754159957058,0.20799785292538917,1.751207729468599,0.14090177133655393,,
47,40.72061191626409,48.47691894793344,3.1333870101986045,4.871175523349437,0.7112184648416533,1.9457863660762211,0.14090177133655393,,
48,39.44578636607622,49.121041331186255,2.8515834675254963,6.0587761674718195,0.5032206119162641,1.8786902844873858,0.14090177133655393,,
49,39.66720343531938,48.74530327428878,3.1199677938808374,5.9447128287707995,0.5032206119162641,1.8786902844873858,0.14090177133655393,,
50,39.734299516908216,48.678207192699944,3.1199677938808374,5.9447128287707995,0.5032206119162641,1.8786902844873858,0.14090177133655393,,
51,37.5402576489533,48.11460010735373,6.146001073537305,5.676328502415459,0.5032206119162641,1.8786902844873858,0.14090177133655393,,
52,36.62775093934514,46.73913043478261,8.521202361782072,5.649490069779925,0.5032206119162641,1.8183038110574343,0.14090177133655393,,
53,34.574610842726784,47.73215244229737,8.521202361782072,6.736446591519055,0.5032206119162641,1.7914653784219001,0.14090177133655393,,
54,33.50107353730542,49.00697799248524,8.474235104669887,6.582125603864735,0.5032206119162641,1.7914653784219001,0.14090177133655393,,
55,33.3467525496511,48.75872249060655,8.447396672034353,7.011540526033279,0.5032206119162641,1.7914653784219001,0.14090177133655393,,
56,33.4272678475577,48.678207192699944,8.447396672034353,7.011540526033279,0.5032206119162641,1.7914653784219001,0.14090177133655393,,
57,33.45410628019324,48.651368760064415,8.447396672034353,7.011540526033279,0.5032206119162641,1.7914653784219001,0.14090177133655393,,
58,33.48094471282877,48.62453032742888,8.447396672034353,7.011540526033279,0.5032206119162641,1.7914653784219001,0.14090177133655393,,
59,33.53462157809984,47.26918947933441,8.340042941492216,8.494363929146537,0.4294149221685454,1.7914653784219001,0.14090177133655393,,
60,33.60842726784756,47.20209339774557,8.333333333333334,8.494363929146537,0.4294149221685454,1.7914653784219001,0.14090177133655393,,
61,33.621846484165324,46.85319377348363,8.930488459473967,8.373590982286634,0.4294149221685454,1.6505636070853462,0.14090177133655393,,
62,33.675523349436396,46.826355340848096,8.903650026838433,8.373590982286634,0.4294149221685454,1.6505636070853462,0.14090177133655393,,
63,33.00456253354804,47.49060654857756,8.876811594202898,8.205850778314547,0.4294149221685454,1.8518518518518519,0.14090177133655393,,
64,33.071658615136876,47.47047772410091,8.849973161567364,8.185721953837897,0.4294149221685454,1.8518518518518519,0.14090177133655393,,
65,32.68250134192163,46.68545356951154,9.88996242619431,8.185721953837897,0.4294149221685454,1.9860440150295222,0.14090177133655393,,
66,32.769726247987116,46.67874396135266,9.88996242619431,8.165593129361245,0.38915727321524424,1.9860440150295222,0.12077294685990338,,
67,32.709339774557165,46.57139023081052,10.057702630166398,8.165593129361245,0.38915727321524424,1.9860440150295222,0.12077294685990338,,
68,32.80327428878154,46.484165324745035,10.057702630166398,8.158883521202362,0.38915727321524424,1.9860440150295222,0.12077294685990338,,
69,32.6959205582394,45.51798174986581,9.73564143853999,9.567901234567902,0.38915727321524424,1.9726247987117553,0.12077294685990338,,
70,31.199677938808374,46.61835748792271,9.73564143853999,9.514224369296834,0.8588298443370908,1.9524959742351047,0.12077294685990338,,
71,31.367418142780462,45.49785292538916,10.68840579710145,9.514224369296834,0.8588298443370908,1.9524959742351047,0.12077294685990338,,
72,31.374127750939344,45.49785292538916,10.681696188942565,9.514224369296834,0.8588298443370908,1.9524959742351047,0.12077294685990338,,
73,31.5955448201825,45.35024154589372,10.607890499194847,9.514224369296834,0.8588298443370908,1.9524959742351047,0.12077294685990338,,
74,29.750402576489535,43.59903381642512,10.38647342995169,13.493022007514762,0.8588298443370908,1.7914653784219001,0.12077294685990338,,
75,23.678207192699947,51.92565754159957,9.816156736446592,9.73564143853999,0.8319914117015567,4.012345679012346,,,
76,23.262211486849168,52.14036500268384,10.420021470746109,9.138486312399356,0.8319914117015567,4.206924315619967,,,
77,23.450080515297905,52.04643048845947,10.326086956521738,9.138486312399356,0.8319914117015567,4.206924315619967,,,
78,23.201825013419217,52.30810520665593,9.997316156736447,8.749329039184111,0.8319914117015567,4.911433172302737,,,
79,23.2085346215781,52.254428341384866,10.044283413848632,8.749329039184111,0.8319914117015567,4.911433172302737,,,
80,22.624798711755233,52.985775630703166,9.91009125067096,8.735909822866345,0.8319914117015567,4.911433172302737,,,
81,23.101180891035963,52.59661835748792,9.86983360171766,8.709071390230811,0.8319914117015567,4.891304347826087,,,
82,23.081052066559312,52.33494363929147,9.856414385399892,9.037842190016104,0.8319914117015567,4.85775630703167,,,
83,23.772141706924316,51.878690284487384,9.856414385399892,9.01100375738057,0.8319914117015567,4.64975845410628,,,
84,23.832528180354267,51.58346752549651,9.836285560923242,8.997584541062801,1.1003757380568975,4.64975845410628,,,
85,23.872785829307567,51.570048309178745,9.836285560923242,8.970746108427267,1.1003757380568975,4.64975845410628,,,
86,23.926462694578635,51.549919484702095,9.802737520128824,8.970746108427267,1.1003757380568975,4.64975845410628,,,
87,23.007246376811594,47.69189479334407,9.77589908749329,10.507246376811594,1.1003757380568975,6.696188942565755,1.221148684916801,,
88,23.060923242082662,47.63150831991412,9.406870638754697,10.507246376811594,1.1003757380568975,6.696188942565755,1.596886741814278,,
89,23.141438539989263,47.57112184648417,9.406870638754697,10.50053676865271,1.0869565217391304,6.696188942565755,1.596886741814278,,
90,22.81266774020397,48.45679012345679,9.272678475577026,10.205314009661835,1.0869565217391304,6.568706387546968,1.596886741814278,,
91,23.027375201288244,48.31588835212023,9.23913043478261,10.198604401502953,1.0869565217391304,6.568706387546968,1.5633387010198605,,
92,23.2487922705314,48.22195383789587,9.23913043478261,10.0979602791197,1.0601180891035964,6.568706387546968,1.5633387010198605,,
93,23.289049919484704,48.18840579710145,9.23913043478261,10.0979602791197,1.0601180891035964,6.561996779388084,1.5633387010198605,,
94,23.55072463768116,48.081052066559316,9.23913043478261,9.98389694041868,1.0466988727858293,6.535158346752549,1.5633387010198605,,
95,23.557434245840042,47.477187332259795,8.890230810520666,10.997047772410092,1.0466988727858293,6.468062265163715,1.5633387010198605,,
96,23.731884057971016,47.316156736446594,8.890230810520666,10.983628556092324,1.0466988727858293,6.468062265163715,1.5633387010198605,,
97,24.44981213097155,46.383521202361784,8.870101986044014,10.950080515297907,1.0466988727858293,6.468062265163715,1.8317230273752012,,
98,24.46323134728932,46.34997316156736,8.870101986044014,10.762211486849168,1.0466988727858293,6.6760601180891035,1.8317230273752012,,
99,23.060923242082662,45.289855072463766,8.769457863660762,12.99651100375738,1.0466988727858293,7.004830917874396,1.8317230273752012,,
100,23.221953837895867,45.14224369296833,8.756038647342995,12.99651100375738,1.0466988727858293,7.004830917874396,1.8317230273752012,,
101,23.2085346215781,43.76006441223833,8.756038647342995,12.97638217928073,1.0466988727858293,7.004830917874396,3.2474503488996245,,
102,23.262211486849168,43.73993558776167,8.729200214707461,12.97638217928073,1.0466988727858293,6.998121309715513,3.2474503488996245,,
103,22.48389694041868,43.39774557165862,8.675523349436393,13.56682769726248,1.6572732152442298,6.971282877079979,3.2474503488996245,,
104,22.6784755770263,43.25013419216318,8.628556092324208,13.56682769726248,1.6572732152442298,6.971282877079979,3.2474503488996245,,
105,21.651905528717123,41.196994095544824,8.454106280193237,20.947396672034355,1.6572732152442298,3.5292538915727323,2.563070316693505,,
106,21.564680622651636,40.27106816961889,8.454106280193237,20.90042941492217,1.6572732152442298,5.434782608695652,1.7176596886741815,,
107,21.618357487922705,40.23081052066559,8.440687063875469,20.90042941492217,1.6572732152442298,5.434782608695652,1.7176596886741815,,
108,21.484165324745035,39.351851851851855,8.561460010735374,21.812936124530328,1.6572732152442298,5.414653784219001,1.7176596886741815,,
109,21.826355340848096,39.26462694578637,8.561460010735374,21.591519055287172,1.6572732152442298,5.381105743424584,1.7176596886741815,,
110,21.880032206119164,39.12372517444981,8.53462157809984,21.464036500268385,1.6572732152442298,5.622651637144391,1.7176596886741815,,
111,21.940418679549115,39.10359634997316,8.521202361782072,21.43719806763285,1.6572732152442298,5.622651637144391,1.7176596886741815,,
112,22.007514761137948,38.989533011272144,8.07836822329576,21.26274825550188,1.7847557702630166,5.622651637144391,2.254428341384863,,
113,22.074610842726784,37.60064412238325,8.07836822329576,21.18894256575416,1.7847557702630166,5.622651637144391,3.6500268384326353,,
114,22.262479871175522,36.71497584541063,8.07836822329576,21.886741814278047,1.7847557702630166,5.622651637144391,3.6500268384326353,,
115,22.21551261406334,36.460010735373054,8.07836822329576,21.880032206119164,1.42914653784219,6.427804616210413,3.5091250670960816,,
116,22.31615673644659,36.3996242619431,8.07836822329576,21.85319377348363,1.42914653784219,6.421095008051529,3.502415458937198,,
117,22.33628556092324,35.53408480944713,7.890499194847021,22.564412238325282,1.2949543746645196,6.877348362855609,3.502415458937198,,
118,22.544283413848632,35.25228126677402,8.413848631239935,22.497316156736446,1.2949543746645196,6.575415995705851,3.421900161030596,,
119,21.027911969940956,38.63392377885131,8.400429414922169,20.75281803542673,1.2949543746645196,6.0654857756307035,3.824476650563607,,
120,21.081588835212024,38.61379495437466,8.400429414922169,20.719269994632313,1.2949543746645196,6.0654857756307035,3.824476650563607,,
121,21.121846484165324,38.57353730542136,8.400429414922169,20.719269994632313,1.2949543746645196,6.0654857756307035,3.824476650563607,,
122,20.491143317230275,37.446323134728935,8.400429414922169,22.973698336017176,1.288244766505636,5.5756843800322065,3.824476650563607,,
123,20.578368223295758,37.41277509393451,8.380300590445518,22.946859903381643,1.288244766505636,5.5756843800322065,3.8177670424047236,,
124,20.90713902308105,37.25845410628019,8.380300590445518,22.77241009125067,1.288244766505636,5.5756843800322065,3.8177670424047236,,
125,20.7662372517445,37.144390767579175,8.3467525496511,22.705314009661837,1.288244766505636,5.978260869565218,3.770799785292539,,
126,19.45786366076221,33.84997316156736,12.795222758990874,23.812399355877616,1.0399892646269457,5.589103596349974,3.455448201825013,,
127,19.41760601180891,33.40713902308105,12.929414922168545,23.691626409017715,1.482823403113258,5.139559849704777,3.9318303811057436,,
128,19.45115405260333,33.40713902308105,12.929414922168545,23.66478797638218,1.482823403113258,5.132850241545894,3.9318303811057436,,
129,19.79334406870639,33.24610842726785,12.915995705850777,23.49704777241009,1.482823403113258,5.132850241545894,3.9318303811057436,,
130,19.920826623725173,33.071658615136876,12.915995705850777,23.450080515297905,1.3888888888888888,4.750402576489533,4.502147074610843,,
131,19.87385936661299,32.95759527643585,13.526570048309178,23.00053676865271,1.3888888888888888,4.750402576489533,4.502147074610843,,
132,20.055018786902846,32.890499194847024,13.493022007514762,22.987117552334944,1.3888888888888888,4.750402576489533,4.435050993022007,,
133,20.26972624798712,32.85024154589372,13.439345142243694,22.86634460547504,1.3888888888888888,4.750402576489533,4.435050993022007,,
134,20.356951154052602,32.83682232957595,13.425925925925926,22.819377348362856,1.3888888888888888,4.736983360171766,4.435050993022007,,
135,20.323403113258184,32.360440150295226,13.405797101449275,22.779119699409556,1.9592055823939882,4.736983360171766,4.435050993022007,,
136,20.068438003220614,31.702898550724637,14.351851851851851,22.745571658615138,1.9592055823939882,4.736983360171766,4.435050993022007,,
137,20.021470746108427,31.186258722490606,14.345142243692969,22.611379495437465,1.9592055823939882,4.904723564143854,4.9718196457326895,,
138,19.390767579173378,30.46833064949007,12.72812667740204,25.91921631776704,1.6975308641975309,4.904723564143854,4.891304347826087,,
139,19.524959742351047,30.347557702630166,12.72812667740204,25.738056897477186,1.6103059581320451,5.159688674181428,4.891304347826087,,
140,19.545088566827697,30.327428878153516,12.72812667740204,25.738056897477186,1.6103059581320451,5.159688674181428,4.891304347826087,,
141,19.632313472893184,30.233494363929147,12.640901771336553,25.59044551798175,1.8853998926462694,5.12614063338701,4.891304347826087,,
142,19.585346215780998,29.70343531937735,12.620772946859903,25.831991411701555,1.8853998926462694,5.481749865807837,4.891304347826087,,
143,19.766505636070853,29.58937198067633,12.580515297906603,25.805152979066023,1.8853998926462694,5.481749865807837,4.891304347826087,,
144,19.961084272678477,29.53569511540526,12.493290391841116,25.758185721953836,1.8853998926462694,5.475040257648954,4.891304347826087,,
145,20.1959205582394,29.528985507246375,12.345679012345679,25.677670424047236,1.8853998926462694,5.475040257648954,4.891304347826087,,
146,20.38378958668814,29.381374127750938,12.338969404186795,25.644122383252817,1.8853998926462694,5.475040257648954,4.891304347826087,,
147,19.786634460547504,27.68384326355341,15.203972088030058,25.47638217928073,1.8853998926462694,6.125872249060655,3.8378958668813743,,
148,19.97450348899624,27.61003757380569,15.552871712292003,25.07380568974772,1.8250134192163177,6.125872249060655,3.8378958668813743,,
149,20.155662909286097,27.469135802469136,15.552871712292003,25.033548040794418,1.8250134192163177,6.125872249060655,3.8378958668813743,,
150,20.377079978529252,27.42216854535695,15.445517981749866,25.0,1.8250134192163177,6.125872249060655,3.8043478260869565,,
151,20.86688137412775,27.28797638217928,15.425389157273216,24.785292538915726,1.8250134192163177,6.005099302200751,3.8043478260869565,,
152,20.913848631239937,27.28797638217928,15.398550724637682,24.785292538915726,1.8250134192163177,5.984970477724101,3.8043478260869565,,
153,20.739398819108963,27.72410091250671,15.398550724637682,24.52361782071927,1.8250134192163177,5.984970477724101,3.8043478260869565,,
154,20.913848631239937,27.58990874932904,15.378421900161031,24.516908212560388,1.8250134192163177,5.971551261406334,3.8043478260869565,,
155,21.021202361782073,27.58990874932904,15.378421900161031,24.44981213097155,1.8250134192163177,5.938003220611916,3.797638217928073,,
156,21.021202361782073,26.96591519055287,15.633387010198604,24.44310252281267,1.8250134192163177,5.938003220611916,4.17337627482555,,
157,21.195652173913043,26.94578636607622,15.633387010198604,24.342458400429415,1.7713365539452497,5.938003220611916,4.17337627482555,,
158,20.954106280193237,27.200751476113794,15.633387010198604,24.335748792270532,1.7713365539452497,5.931293612453032,4.17337627482555,,
159,21.155394524959743,26.94578636607622,15.633387010198604,24.22168545356951,1.7713365539452497,5.891035963499732,4.38137412775094,,
160,21.101717659688674,26.82501341921632,15.626677402039721,23.97342995169082,1.2546967257112185,6.837090713902308,4.38137412775094,,
161,20.055018786902846,28.388352120236178,15.479066022544284,23.60440150295223,1.2546967257112185,6.837090713902308,4.38137412775094,,
162,20.202630166398283,28.33467525496511,15.438808373590982,23.55072463768116,1.2546967257112185,6.837090713902308,4.38137412775094,,
163,20.222758990874933,28.33467525496511,15.418679549114332,23.55072463768116,1.2546967257112185,6.837090713902308,4.38137412775094,,
164,20.45088566827697,28.23403113258186,15.304616210413311,23.537305421363392,1.2546967257112185,6.837090713902308,4.38137412775094,,
165,20.50456253354804,28.20048309178744,14.479334406870638,23.49033816425121,1.2546967257112185,6.837090713902308,4.38137412775094,0.8521202361782072,
166,20.564949006977994,28.187063875469672,14.459205582393988,23.463499731615673,1.2546967257112185,6.837090713902308,4.38137412775094,0.8521202361782072,
167,20.551529790660226,28.046162104133117,14.392109500805153,22.832796564680624,1.2546967257112185,7.4208266237251745,4.64975845410628,0.8521202361782072,
168,20.658883521202362,27.945517981749866,14.392109500805153,22.544283413848632,1.2546967257112185,7.776435856146001,4.575952764358561,0.8521202361782072,
169,20.685721953837895,27.91867954911433,14.392109500805153,22.544283413848632,1.2546967257112185,7.776435856146001,4.575952764358561,0.8521202361782072,
170,20.33011272141707,27.053140096618357,14.016371443907676,24.50348899624262,1.2546967257112185,7.253086419753086,4.736983360171766,0.8521202361782072,
171,20.397208803005906,27.033011272141707,13.989533011272142,24.48336017176597,1.2546967257112185,7.253086419753086,4.736983360171766,0.8521202361782072,
172,20.52469135802469,26.986044015029524,13.976113794954374,24.40955448201825,1.3821792807300053,7.239667203435319,4.62962962962963,0.8521202361782072,
173,19.41760601180891,26.402308105206657,13.150831991411701,27.126945786366075,1.221148684916801,7.239667203435319,4.5893719806763285,0.8521202361782072,
174,19.45115405260333,26.382179280730007,13.150831991411701,27.113526570048307,1.221148684916801,7.239667203435319,4.5893719806763285,0.8521202361782072,
175,19.330381105743424,25.711218464841654,13.130703166935051,27.113526570048307,1.2010198604401503,7.071926999463232,5.589103596349974,0.8521202361782072,
176,19.410896403650028,25.697799248523886,12.842190016103059,27.059849704777243,1.2010198604401503,7.071926999463232,5.589103596349974,1.1272141706924315,
177,19.243156199677937,24.9194847020934,13.311862587224907,27.17391304347826,1.2010198604401503,6.541867954911433,6.481481481481482,1.1272141706924315,
178,19.47128287707998,24.758454106280194,13.278314546430488,27.17391304347826,1.2010198604401503,6.541867954911433,6.481481481481482,1.093666129898014,
179,19.565217391304348,24.724906065485776,13.278314546430488,27.113526570048307,1.2010198604401503,6.541867954911433,6.481481481481482,1.093666129898014,
180,19.672571121846484,24.724906065485776,13.258185721953838,27.046430488459475,1.2010198604401503,6.521739130434782,6.481481481481482,1.093666129898014,
181,19.90740740740741,24.248523886205046,13.258185721953838,26.912238325281802,1.2010198604401503,6.515029522275899,6.863929146537842,1.093666129898014,
182,20.021470746108427,24.235104669887278,13.22463768115942,26.84514224369297,1.2010198604401503,6.515029522275899,6.863929146537842,1.093666129898014,
183,20.081857219538378,24.235104669887278,13.22463768115942,26.78475577026302,1.2010198604401503,6.515029522275899,6.863929146537842,1.093666129898014,
184,20.363660762211488,24.10762211486849,13.18438003220612,26.710950080515296,1.2010198604401503,6.515029522275899,6.823671497584541,1.093666129898014,
185,20.739398819108963,24.10762211486849,13.09044551798175,26.42914653784219,1.2010198604401503,6.515029522275899,6.823671497584541,1.093666129898014,
186,20.79307568438003,24.02710681696189,13.09044551798175,26.093666129898015,1.2010198604401503,6.515029522275899,7.185990338164252,1.093666129898014,
187,20.974235104669887,23.993558776167472,13.050187869028449,25.986312399355878,1.2010198604401503,6.515029522275899,7.185990338164252,1.093666129898014,
188,21.101717659688674,23.93317230273752,13.036768652710682,25.97289318303811,1.2010198604401503,6.515029522275899,7.14573268921095,1.093666129898014,
189,21.108427267847556,22.63150831991412,14.38539989264627,25.91921631776704,1.2010198604401503,6.515029522275899,7.14573268921095,1.093666129898014,
190,21.215780998389693,22.63150831991412,14.38539989264627,25.811862587224905,1.2010198604401503,6.515029522275899,7.14573268921095,1.093666129898014,
191,21.38352120236178,22.32957595276436,14.04320987654321,25.697799248523886,1.2010198604401503,6.863929146537842,7.387278582930757,1.093666129898014,
192,21.162104133118625,22.25577026301664,15.096618357487923,25.697799248523886,1.0265700483091786,6.300322061191626,7.367149758454106,1.093666129898014,
193,21.20907139023081,22.25577026301664,15.083199141170155,25.697799248523886,1.0265700483091786,6.266774020397209,7.367149758454106,1.093666129898014,
194,21.07487922705314,22.17525496511004,15.083199141170155,25.43612453032743,1.0265700483091786,6.266774020397209,7.843531937734836,1.093666129898014,
195,21.007783145464305,21.900161030595815,15.083199141170155,25.328770799785293,1.1272141706924315,6.327160493827161,8.132045088566828,1.093666129898014,
196,21.068169618894256,21.85990338164251,15.083199141170155,25.308641975308642,1.1272141706924315,6.327160493827161,8.132045088566828,1.093666129898014,
197,21.497584541062803,21.833064949006978,14.955716586151368,25.194578636607623,1.1272141706924315,6.166129898013956,8.132045088566828,1.093666129898014,
198,21.26945786366076,21.296296296296298,14.908749329039184,26.053408480944714,1.1272141706924315,6.119162640901771,8.132045088566828,1.093666129898014,
199,21.571390230810522,21.24932903918411,14.841653247450349,25.999731615673646,1.1272141706924315,6.119162640901771,7.997852925389157,1.093666129898014,
200,21.76596886741814,21.16881374127751,14.727589908749328,25.999731615673646,1.1272141706924315,6.119162640901771,7.997852925389157,1.093666129898014,
201,21.833064949006978,21.155394524959743,14.694041867954912,25.979602791196996,1.1272141706924315,6.119162640901771,7.997852925389157,1.093666129898014,
202,21.973966720343533,21.108427267847556,14.673913043478262,25.959473966720342,1.1272141706924315,6.092324208266238,7.971014492753623,1.093666129898014,
203,21.611647879763822,21.578099838969404,14.579978529253891,25.959473966720342,1.1272141706924315,6.092324208266238,7.957595276435856,1.093666129898014,
204,21.24932903918411,21.061460010735374,15.573000536768653,25.805152979066023,1.0534084809447128,6.233225979602791,7.930756843800322,1.093666129898014,
205,21.38352120236178,20.538110574342458,15.53274288781535,25.583735909822867,1.0534084809447128,6.387546967257112,8.427267847557703,1.093666129898014,
206,21.517713365539453,20.52469135802469,15.519323671497585,25.41599570585078,1.0534084809447128,6.474771873322598,8.400429414922169,1.093666129898014,
207,20.967525496511005,20.29656468062265,15.445517981749866,25.91250670960816,1.583467525496511,6.474771873322598,8.225979602791197,1.093666129898014,
208,20.598497047772412,20.1959205582394,15.445517981749866,26.576757917337627,1.583467525496511,6.320450885668277,8.185721953837897,1.093666129898014,
209,20.679012345679013,20.1959205582394,15.425389157273216,26.549919484702095,1.583467525496511,6.286902844873859,8.185721953837897,1.093666129898014,
210,20.719269994632313,20.182501341921633,15.425389157273216,26.549919484702095,1.583467525496511,6.286902844873859,8.158883521202362,1.093666129898014,
211,20.25630703166935,20.00805152979066,14.9020397208803,27.74422973698336,1.583467525496511,6.253354804079442,8.158883521202362,1.093666129898014,
212,20.336822329575952,19.981213097155127,14.9020397208803,27.737520128824478,1.583467525496511,6.239935587761675,8.125335480407944,1.093666129898014,
213,20.538110574342458,19.847020933977454,14.9020397208803,27.67042404723564,1.583467525496511,6.239935587761675,8.125335480407944,1.093666129898014,
214,20.759527643585614,19.840311325818572,14.801395598497047,27.58990874932904,1.583467525496511,6.206387546967257,8.125335480407944,1.093666129898014,
215,20.893719806763286,19.826892109500804,14.76784755770263,27.522812667740205,1.583467525496511,6.1862587224906065,8.125335480407944,1.093666129898014,
216,21.095008051529792,19.732957595276435,14.640365002683843,27.482555018786904,1.583467525496511,6.159420289855072,8.21256038647343,1.093666129898014,
217,21.20907139023081,19.424315619967793,14.841653247450349,27.34836285560923,1.7444981213097155,6.125872249060655,8.21256038647343,1.093666129898014,
218,21.027911969940956,19.424315619967793,14.841653247450349,26.556629092860977,2.717391304347826,6.125872249060655,8.21256038647343,1.093666129898014,
219,21.068169618894256,19.35721953837896,14.841653247450349,26.455984970477726,2.7106816961889426,6.260064412238325,8.21256038647343,1.093666129898014,
220,21.16881374127751,19.35721953837896,14.814814814814815,26.402308105206657,2.690552871712292,6.260064412238325,8.21256038647343,1.093666129898014,
221,21.30300590445518,19.350509930220074,14.814814814814815,26.36876006441224,2.6838432635534084,6.219806763285024,8.165593129361245,1.093666129898014,
222,21.443907675791735,19.296833064949006,14.80810520665593,26.31508319914117,2.6838432635534084,6.219806763285024,8.13875469672571,1.093666129898014,
223,21.571390230810522,19.256575415995705,14.80810520665593,26.227858293075684,2.6838432635534084,6.219806763285024,8.13875469672571,1.093666129898014,
224,21.900161030595815,19.122383252818036,14.80810520665593,26.113794954374665,2.6838432635534084,6.199677938808374,8.07836822329576,1.093666129898014,
225,21.87332259796028,18.94122383252818,15.049651100375739,26.10708534621578,2.657004830917874,6.199677938808374,8.07836822329576,1.093666129898014,
226,22.22222222222222,18.914385399892645,15.049651100375739,26.10708534621578,2.657004830917874,5.978260869565218,7.977724100912507,1.093666129898014,
227,22.363123993558776,18.907675791733762,14.955716586151368,25.939345142243692,2.657004830917874,6.105743424584004,7.977724100912507,1.093666129898014,
228,22.396672034353195,18.90096618357488,14.949006977992486,25.91921631776704,2.657004830917874,6.105743424584004,7.977724100912507,1.093666129898014,
229,22.450348899624263,18.88083735909823,14.949006977992486,25.885668276972623,2.657004830917874,6.105743424584004,7.977724100912507,1.093666129898014,
230,22.5979602791197,18.451422436929683,14.942297369833602,26.080246913580247,2.6502952227589907,6.0654857756307035,8.125335480407944,1.0869565217391304,
231,22.73215244229737,18.089103596349972,14.895330112721417,25.81857219538379,2.7777777777777777,6.595544820182502,8.004562533548041,1.0869565217391304,
232,22.799248523886206,18.075684380032207,14.895330112721417,25.77831454643049,2.7777777777777777,6.595544820182502,7.991143317230274,1.0869565217391304,
233,22.920021470746107,17.941492216854535,14.868491680085883,25.72463768115942,2.945517981749866,6.582125603864735,7.930756843800322,1.0869565217391304,
234,22.953569511540525,17.92807300053677,14.74771873322598,25.697799248523886,2.945517981749866,6.582125603864735,7.917337627482555,1.2278582930756843,
235,22.69189479334407,17.330917874396135,16.029253891572733,26.039989264626946,2.831454643048846,6.4345142243692965,7.4141170155662905,1.2278582930756843,
236,22.81266774020397,17.310789049919485,15.975577026301664,26.039989264626946,2.818035426731079,6.400966183574879,7.4141170155662905,1.2278582930756843,
237,23.007246376811594,17.08937198067633,15.935319377348362,26.113794954374665,2.8113258185721954,6.400966183574879,7.4141170155662905,1.2278582930756843,
238,23.101180891035963,16.70692431561997,16.31105743424584,26.06682769726248,2.8113258185721954,6.360708534621578,7.4141170155662905,1.2278582930756843,
239,23.47691894793344,16.6129898013956,16.25067096081589,25.89237788513151,2.8113258185721954,6.320450885668277,7.407407407407407,1.2278582930756843,
240,23.597691894793343,16.606280193236714,16.25067096081589,25.885668276972623,2.8113258185721954,6.286902844873859,7.333601717659689,1.2278582930756843,
241,23.691626409017715,16.606280193236714,16.002415458937197,26.113794954374665,2.7844873859366612,6.286902844873859,7.286634460547504,1.2278582930756843,
242,23.792270531400966,16.57944176060118,15.98899624261943,26.053408480944714,2.7844873859366612,6.286902844873859,7.286634460547504,1.2278582930756843,
243,23.731884057971016,16.847826086956523,15.868223295759528,26.04669887278583,2.7643585614600106,6.246645195920558,7.266505636070853,1.2278582930756843,
244,24.16129898013956,16.841116478797638,16.398282340311326,25.670960815888353,2.7643585614600106,5.770263016639828,7.1658615136876005,1.2278582930756843,
245,24.248523886205046,16.6532474503489,16.384863123993558,25.603864734299517,2.9589371980676327,6.018518518518518,6.91760601180891,1.2144390767579174,
246,24.476650563607084,16.445249597423512,16.384863123993558,25.603864734299517,2.9589371980676327,5.911164787976382,7.004830917874396,1.2144390767579174,
247,24.731615673644658,16.404991948470208,16.364734299516908,25.47638217928073,2.9589371980676327,6.4345142243692965,6.977992485238862,0.6508319914117016,
248,24.879227053140095,16.371443907675793,16.364734299516908,25.47638217928073,2.9589371980676327,6.4345142243692965,6.863929146537842,0.6508319914117016,
249,25.214707461084274,16.25738056897477,16.358024691358025,25.328770799785293,2.9388083735909825,6.407675791733762,6.843800322061192,0.6508319914117016,
250,25.34219001610306,16.223832528180353,16.344605475040257,25.288513150831992,2.9388083735909825,6.374127750939345,6.837090713902308,0.6508319914117016,
251,24.214975845410628,15.915190552871712,14.888620504562533,28.30112721417069,2.9388083735909825,6.253354804079442,6.837090713902308,0.6508319914117016,
252,23.785560923242084,15.53274288781535,13.734567901234568,27.95222758990875,2.8918411164787976,9.554482018250134,6.112453032742888,0.43612453032742887,
253,23.859366612989803,15.53274288781535,13.7211486849168,27.905260332796566,2.8918411164787976,9.554482018250134,6.099033816425121,0.43612453032742887,
254,23.93317230273752,15.53274288781535,13.694310252281268,27.905260332796566,2.8784219001610305,9.520933977455716,6.099033816425121,0.43612453032742887,
255,24.168008588298445,15.411969940955448,13.694310252281268,27.891841116478798,2.8784219001610305,9.4873859366613,6.031937734836285,0.43612453032742887,
256,24.235104669887278,15.411969940955448,13.694310252281268,27.865002683843265,2.8784219001610305,9.473966720343531,6.005099302200751,0.43612453032742887,
257,24.382716049382715,15.405260332796564,13.647342995169081,27.80461621041331,2.8784219001610305,9.46725711218465,5.978260869565218,0.43612453032742887,
258,24.490069779924852,15.385131508319914,13.6406333870102,27.74422973698336,2.871712292002147,9.460547504025765,5.971551261406334,0.43612453032742887,
259,24.490069779924852,15.385131508319914,13.6406333870102,27.74422973698336,2.871712292002147,9.460547504025765,5.971551261406334,0.43612453032742887,
260,24.838969404186795,15.385131508319914,13.613794954374665,27.462426194310254,2.871712292002147,9.426999463231347,5.964841653247451,0.43612453032742887,
261,24.86580783682233,15.385131508319914,13.613794954374665,27.34165324745035,2.871712292002147,9.520933977455716,5.964841653247451,0.43612453032742887,
262,24.953032742887814,14.834943639291465,13.600375738056897,27.22758990874933,2.85829307568438,9.634997316156737,6.454643048845948,0.43612453032742887,
263,24.986580783682232,14.606816961889425,13.600375738056897,27.15378421900161,3.33467525496511,9.628287707997853,6.253354804079442,0.43612453032742887,
264,25.261674718196456,14.579978529253891,13.553408480944713,27.15378421900161,3.3279656468062266,9.561191626409018,6.125872249060655,0.43612453032742887,
265,25.41599570585078,14.51959205582394,13.808373590982287,26.8719806763285,3.2877079978529253,9.561191626409018,6.099033816425121,0.43612453032742887,
266,25.711218464841654,14.506172839506172,13.6808910359635,26.858561460010737,3.1535158346752548,9.561191626409018,6.092324208266238,0.43612453032742887,
267,25.966183574879228,14.492753623188406,13.526570048309178,26.81159420289855,3.1535158346752548,9.561191626409018,6.052066559312936,0.43612453032742887,
268,25.986312399355878,14.492753623188406,13.526570048309178,26.7914653784219,3.1535158346752548,9.561191626409018,6.052066559312936,0.43612453032742887,
269,26.1808910359635,14.439076757917338,13.526570048309178,26.737788513150832,3.1535158346752548,9.473966720343531,6.052066559312936,0.43612453032742887,
270,26.174181427804616,14.432367149758454,13.620504562533547,26.69753086419753,3.1535158346752548,9.433709071390231,6.052066559312936,0.43612453032742887,
271,26.281535158346752,14.378690284487385,13.620504562533547,26.663982823403114,3.1535158346752548,9.433709071390231,6.031937734836285,0.43612453032742887,
272,26.362050456253353,14.378690284487385,13.593666129898015,26.663982823403114,3.1535158346752548,9.420289855072463,5.991680085882985,0.43612453032742887,
273,26.44927536231884,14.331723027375201,13.56682769726248,26.663982823403114,3.1535158346752548,9.406870638754697,5.991680085882985,0.43612453032742887,
274,26.120504562533547,14.11701556629093,14.398819108964037,26.422436929683307,3.1535158346752548,9.41358024691358,5.991680085882985,0.3824476650563607,
275,26.133923778851315,14.11701556629093,14.298174986580785,26.41572732152442,3.1468062265163717,9.5276435856146,5.978260869565218,0.3824476650563607,
276,26.27482555018787,14.036500268384327,14.298174986580785,26.41572732152442,3.126677402039721,9.4873859366613,5.978260869565218,0.3824476650563607,
277,26.482823403113258,13.895598497047773,14.298174986580785,26.36876006441224,3.126677402039721,9.46725711218465,5.978260869565218,0.3824476650563607,
278,26.52308105206656,13.868760064412239,14.298174986580785,26.35534084809447,3.126677402039721,9.46725711218465,5.978260869565218,0.3824476650563607,
279,26.570048309178745,13.841921631776705,14.2914653784219,26.341921631776703,3.126677402039721,9.46725711218465,5.978260869565218,0.3824476650563607,
280,25.979602791196996,13.298443370907139,13.875469672571121,27.938808373590984,3.113258185721954,9.46725711218465,5.9447128287707995,0.3824476650563607,
281,26.100375738056897,13.291733762748256,13.841921631776705,27.85829307568438,3.113258185721954,9.46725711218465,5.9447128287707995,0.3824476650563607,
282,26.133923778851315,13.291733762748256,13.841921631776705,27.82474503488996,3.113258185721954,9.46725711218465,5.9447128287707995,0.3824476650563607,
283,25.865539452495973,13.09044551798175,14.06333870101986,28.35480407944176,3.113258185721954,9.185453569511541,5.9447128287707995,0.3824476650563607,
284,26.01315083199141,13.070316693505099,14.036500268384327,28.35480407944176,3.046162104133119,9.185453569511541,5.911164787976382,0.3824476650563607,
285,26.10708534621578,13.043478260869565,14.036500268384327,28.30112721417069,3.046162104133119,9.172034353193773,5.911164787976382,0.3824476650563607,
286,26.247987117552334,12.721417069243156,14.036500268384327,28.193773483628558,3.33467525496511,9.172034353193773,5.911164787976382,0.3824476650563607,
287,26.25469672571122,12.473161567364466,14.626945786366075,27.89855072463768,3.280998389694042,9.172034353193773,5.911164787976382,0.3824476650563607,
288,26.39559849704777,12.473161567364466,14.566559312936125,27.89855072463768,3.280998389694042,9.091519055287172,5.911164787976382,0.3824476650563607,
289,26.516371443907676,12.432903918411165,14.472624798711756,27.83816425120773,3.3816425120772946,9.091519055287172,5.884326355340848,0.3824476650563607,
290,26.583467525496513,12.419484702093397,14.472624798711756,27.78448738593666,3.3816425120772946,9.091519055287172,5.884326355340848,0.3824476650563607,
291,26.643853998926463,12.406065485775631,14.472624798711756,27.737520128824478,3.3816425120772946,9.091519055287172,5.884326355340848,0.3824476650563607,
292,26.986044015029524,12.104133118625873,14.170692431561998,27.49597423510467,3.9318303811057436,9.091519055287172,5.837359098228664,0.3824476650563607,
293,27.093397745571657,12.016908212560386,14.170692431561998,27.49597423510467,3.911701556629093,9.091519055287172,5.837359098228664,0.3824476650563607,
294,27.200751476113794,12.00348899624262,14.150563607085346,27.469135802469136,3.911701556629093,9.091519055287172,5.790391841116479,0.3824476650563607,
295,27.408749329039185,11.788781535158346,14.11701556629093,27.469135802469136,4.206924315619967,8.849973161567364,5.783682232957595,0.3757380568974772,
296,27.334943639291467,11.75523349436393,14.076757917337627,27.254428341384862,4.690016103059581,8.756038647342995,5.756843800322061,0.3757380568974772,
297,27.314814814814813,11.748523886205046,14.358561460010735,27.254428341384862,4.4753086419753085,8.735909822866345,5.736714975845411,0.3757380568974772,
