,45,50,54,53,55,51,52,56,57,60,59,58
0,95.83333333333333,4.166666666666667,,,,,,,,,,
1,92.78046162104133,7.219538378958669,,,,,,,,,,
2,92.69323671497584,7.306763285024155,,,,,,,,,,
3,92.48523886205045,7.514761137949543,,,,,,,,,,
4,92.20343531937735,7.763016639828234,0.03354804079441761,,,,,,,,,
5,91.98201825013419,7.98443370907139,0.03354804079441761,,,,,,,,,
6,91.92834138486312,8.038110574342458,0.03354804079441761,,,,,,,,,
7,36.131239935587764,63.20450885668277,0.1274825550187869,0.026838432635534086,0.5099302200751477,,,,,,,
8,36.22517444981213,63.00993022007515,0.1274825550187869,0.026838432635534086,0.6105743424584005,,,,,,,
9,36.08427267847558,62.848899624261946,0.1274825550187869,0.026838432635534086,0.7246376811594203,0.1878690284487386,,,,,,
10,36.131239935587764,62.67444981213097,0.1274825550187869,0.14761137949543746,0.7313472893183038,0.1878690284487386,,,,,,
11,34.366612989801396,61.78878153515835,0.1274825550187869,0.04696725711218465,0.8185721953837896,0.1878690284487386,2.227589908749329,0.43612453032742887,,,,
12,34.44041867954911,61.71497584541063,0.1274825550187869,0.04696725711218465,0.8185721953837896,0.1878690284487386,2.227589908749329,0.43612453032742887,,,,
13,32.46779388083736,60.94337090713902,0.1274825550187869,0.04696725711218465,0.9997316156736447,2.7509393451422435,2.227589908749329,0.43612453032742887,,,,
14,32.32018250134192,60.50053676865271,0.1274825550187869,0.020128824476650563,1.5499194847020934,2.818035426731079,2.227589908749329,0.43612453032742887,,,,
15,32.447665056360705,60.265700483091784,0.1274825550187869,0.020128824476650563,1.6706924315619969,2.818035426731079,2.214170692431562,0.43612453032742887,,,,
16,32.48792270531401,59.48067632850242,0.1274825550187869,0.020128824476650563,2.4490069779924855,2.7844873859366612,2.214170692431562,0.43612453032742887,,,,
17,32.52147074610843,56.21309715512614,0.1274825550187869,0.020128824476650563,5.736714975845411,2.7844873859366612,2.187332259796028,0.4092860976918948,,,,
18,29.797369833601717,55.91787439613527,0.1274825550187869,0.020128824476650563,5.8172302737520125,5.6964573268921095,2.200751476113795,0.4092860976918948,0.013419216317767043,,,
19,29.817498658078367,50.67096081588835,0.1274825550187869,0.020128824476650563,11.09098228663446,5.656199677938808,2.1940418679549114,0.4092860976918948,0.013419216317767043,,,
20,29.74369296833065,48.97342995169082,0.1274825550187869,0.020128824476650563,12.909286097691895,5.622651637144391,2.1806226516371443,0.4092860976918948,0.013419216317767043,,,
21,27.241009125067094,51.14734299516908,0.20799785292538917,0.14090177133655393,13.063607085346217,5.548845947396672,2.0531400966183573,0.4092860976918948,0.14761137949543746,0.040257648953301126,,
22,27.355072463768117,49.282071926999464,2.073268921095008,0.14090177133655393,12.915995705850777,5.515297906602254,2.120236178207193,0.4092860976918948,0.14761137949543746,0.040257648953301126,,
23,22.04777241009125,55.30730005367686,2.1403650026838434,0.07380568974771873,12.86231884057971,4.851046698872786,2.0933977455716586,0.43612453032742887,0.14761137949543746,0.040257648953301126,,
24,22.007514761137948,51.99946323134729,6.011808910359635,0.07380568974771873,10.735373054213634,4.4820182501341925,3.9855072463768115,0.5166398282340311,0.14761137949543746,0.040257648953301126,,
25,22.04777241009125,51.73778851315083,6.0654857756307035,0.07380568974771873,10.809178743961352,4.4820182501341925,3.9855072463768115,0.5166398282340311,0.18115942028985507,0.040257648953301126,0.06038647342995169,
26,22.289318303811058,51.19431025228127,5.938003220611916,0.07380568974771873,11.292270531400966,4.435050993022007,3.9855072463768115,0.5099302200751477,0.18115942028985507,0.040257648953301126,0.06038647342995169,
27,22.65163714439077,50.77831454643049,6.072195383789587,0.07380568974771873,11.3593666129898,4.435050993022007,3.8915727321524423,0.49651100375738055,0.14090177133655393,0.040257648953301126,0.06038647342995169,
28,21.557971014492754,46.544551798174986,6.125872249060655,9.708803005904455,9.286097691894794,2.5563607085346214,3.5628019323671496,0.4830917874396135,0.07380568974771873,0.040257648953301126,0.06038647342995169,
29,21.564680622651636,45.93397745571659,6.085614600107354,9.681964573268921,9.876543209876543,2.5563607085346214,3.5628019323671496,0.4830917874396135,0.15432098765432098,0.040257648953301126,0.06038647342995169,
30,21.68545356951154,45.74610842726785,5.931293612453032,9.675254965110037,9.970477724100913,2.5697799248523885,3.5292538915727323,0.4830917874396135,0.1878690284487386,0.040257648953301126,0.18115942028985507,
31,21.732420826623724,45.63204508856683,5.917874396135265,9.66183574879227,10.077831454643048,2.563070316693505,3.5225442834138487,0.4830917874396135,0.1878690284487386,0.040257648953301126,0.18115942028985507,
32,21.76596886741814,45.44417606011809,6.072195383789587,9.608158883521202,10.124798711755233,2.5563607085346214,3.502415458937198,0.4830917874396135,0.1878690284487386,0.040257648953301126,0.18115942028985507,0.03354804079441761
33,20.491143317230275,43.49838969404187,5.991680085882985,9.581320450885668,10.084541062801932,5.870907139023081,3.5292538915727323,0.4830917874396135,0.2147074610842727,0.040257648953301126,0.18115942028985507,0.03354804079441761
34,20.658883521202362,41.968599033816425,5.978260869565218,11.191626409017713,9.77589908749329,5.850778314546431,3.6231884057971016,0.4830917874396135,0.2147074610842727,0.040257648953301126,0.18115942028985507,0.03354804079441761
35,20.632045088566827,42.01556629092861,5.964841653247451,11.11111111111111,9.77589908749329,5.844068706387547,3.6097691894793345,0.4830917874396135,0.2147074610842727,0.040257648953301126,0.19457863660762212,0.11406333870101985
36,20.705850778314545,41.80085882984434,5.964841653247451,10.829307568438002,9.896672034353195,5.844068706387547,3.5762211486849167,0.8454106280193237,0.1878690284487386,0.040257648953301126,0.19457863660762212,0.11406333870101985
37,20.665593129361245,37.9495437466452,10.044283413848632,10.809178743961352,9.695383789586689,5.884326355340848,3.569511540526033,0.8454106280193237,0.1878690284487386,0.040257648953301126,0.19457863660762212,0.11406333870101985
38,20.779656468062264,37.855609232420825,10.030864197530864,10.809178743961352,9.71551261406334,5.884326355340848,3.455448201825013,0.8185721953837896,0.30193236714975846,0.040257648953301126,0.19457863660762212,0.11406333870101985
39,15.136876006441224,43.525228126677405,10.044283413848632,10.735373054213634,9.708803005904455,5.850778314546431,3.44873859366613,0.8185721953837896,0.3824476650563607,0.040257648953301126,0.19457863660762212,0.11406333870101985
40,15.237520128824476,43.43129361245303,10.044283413848632,10.131508319914117,9.708803005904455,5.683038110574342,4.320987654320987,0.7112184648416533,0.3824476650563607,0.040257648953301126,0.19457863660762212,0.11406333870101985
41,9.896672034353195,29.522275899087493,9.802737520128824,7.494632313472893,10.520665593129362,24.288781535158346,7.4208266237251745,0.4025764895330113,0.32877079978529256,0.040257648953301126,0.19457863660762212,0.08722490606548577
42,10.104669887278583,29.361245303274288,9.829575952764358,7.407407407407407,10.607890499194847,24.16129898013956,7.4208266237251745,0.4227053140096618,0.32877079978529256,0.040257648953301126,0.19457863660762212,0.12077294685990338
43,10.339506172839506,29.28743961352657,9.769189479334408,7.380568974771873,10.607890499194847,24.020397208803004,7.4208266237251745,0.4495437466451959,0.32877079978529256,0.040257648953301126,0.18115942028985507,0.17444981213097155
44,10.527375201288244,29.180085882984432,9.75577026301664,7.380568974771873,10.607890499194847,23.980139559849704,7.39398819108964,0.4495437466451959,0.32877079978529256,0.040257648953301126,0.18115942028985507,0.17444981213097155
45,10.420021470746109,27.925389157273216,9.749060654857756,11.030595813204508,8.467525496511003,23.946591519055286,7.313472893183038,0.4495437466451959,0.2885131508319914,0.08051529790660225,0.15432098765432098,0.17444981213097155
46,10.7085346215781,27.717391304347824,9.574610842726784,10.983628556092324,8.53462157809984,23.872785829307567,7.25979602791197,0.4495437466451959,0.322061191626409,0.10735373054213634,0.2952227589908749,0.17444981213097155
47,9.796027911969942,26.27482555018787,9.574610842726784,9.702093397745571,8.53462157809984,23.731884057971016,10.82259796027912,0.4495437466451959,0.4227053140096618,0.10735373054213634,0.2952227589908749,0.2885131508319914
48,9.816156736446592,26.31508319914117,9.541062801932368,10.50053676865271,8.561460010735374,23.369565217391305,9.829575952764358,0.8387010198604401,0.5166398282340311,0.14090177133655393,0.2952227589908749,0.27509393451422437
49,10.00402576489533,25.979602791196996,9.473966720343531,10.50053676865271,8.742619431025227,23.382984433709073,9.816156736446592,0.8722490606548577,0.5166398282340311,0.14090177133655393,0.2952227589908749,0.27509393451422437
50,10.265700483091788,25.89237788513151,9.400161030595813,10.50053676865271,8.742619431025227,23.081052066559312,9.769189479334408,1.0198604401502953,0.5166398282340311,0.17444981213097155,0.2952227589908749,0.3421900161030596
51,10.473698336017177,24.778582930756844,9.366612989801396,10.466988727858293,8.735909822866345,24.060654857756308,9.675254965110037,1.0198604401502953,0.5971551261406334,0.17444981213097155,0.2952227589908749,0.35560923242082665
52,10.68840579710145,24.550456253354803,9.440418679549115,10.359634997316157,8.776167471819646,23.98684916800859,9.46725711218465,1.0064412238325282,0.8454106280193237,0.17444981213097155,0.2952227589908749,0.4092860976918948
53,10.487117552334944,21.195652173913043,13.70101986044015,10.299248523886206,8.07836822329576,23.872785829307567,9.460547504025765,1.0466988727858293,0.8655394524959742,0.17444981213097155,0.4092860976918948,0.4092860976918948
54,10.809178743961352,21.121846484165324,13.66076221148685,10.299248523886206,7.98443370907139,23.57085346215781,9.433709071390231,1.2345679012345678,0.8655394524959742,0.17444981213097155,0.4092860976918948,0.43612453032742887
55,10.929951690821255,20.276435856146,14.720880300590446,10.299248523886206,7.702630166398282,23.416532474503487,9.27938808373591,1.3016639828234031,1.0131508319914118,0.17444981213097155,0.4495437466451959,0.43612453032742887
56,11.104401502952227,20.041599570585078,14.74771873322598,10.299248523886206,7.6623725174449815,23.356146001073537,9.192163177670425,1.3150831991411702,1.1272141706924315,0.17444981213097155,0.5032206119162641,0.47638217928073
57,11.399624261943103,19.94766505636071,14.781266774020397,10.19189479334407,7.6623725174449815,23.10789049919485,9.192163177670425,1.4492753623188406,1.1272141706924315,0.17444981213097155,0.5032206119162641,0.46296296296296297
58,11.54723564143854,19.83360171765969,14.814814814814815,10.158346752549651,7.689210950080516,23.00053676865271,9.05126140633387,1.6103059581320451,1.133923778851315,0.17444981213097155,0.48980139559849706,0.49651100375738055
59,11.621041331186259,19.773215244229736,14.801395598497047,10.144927536231885,7.5281803542673105,22.987117552334944,9.05126140633387,1.596886741814278,1.133923778851315,0.36231884057971014,0.48980139559849706,0.5099302200751477
60,11.842458400429415,19.692699946323135,14.754428341384862,10.11808910359635,7.5281803542673105,22.946859903381643,9.024422973698336,1.596886741814278,1.133923778851315,0.36231884057971014,0.48980139559849706,0.5099302200751477
61,12.06387546967257,19.679280730005367,14.694041867954912,10.044283413848632,7.494632313472893,22.940150295222757,8.99087493290392,1.596886741814278,1.133923778851315,0.36231884057971014,0.48980139559849706,0.5099302200751477
62,12.238325281803542,19.64573268921095,14.667203435319378,9.990606548577563,7.447665056360709,22.73215244229737,8.964036500268385,1.778046162104133,1.133923778851315,0.36231884057971014,0.48980139559849706,0.5501878690284487
63,12.359098228663447,19.6256038647343,14.640365002683843,9.896672034353195,7.380568974771873,22.69860440150295,8.964036500268385,1.778046162104133,1.133923778851315,0.3153515834675255,0.48980139559849706,0.7179280730005367
64,10.983628556092324,18.833870101986044,15.901771336553946,9.86983360171766,7.232957595276436,24.114331723027377,8.527911969940956,1.8719806763285025,1.0735373054213635,0.3153515834675255,0.48980139559849706,0.785024154589372
65,11.05072463768116,18.746645195920557,15.827965646806227,9.98389694041868,7.25979602791197,24.02710681696189,8.487654320987655,1.8048845947396672,1.0735373054213635,0.3153515834675255,0.6374127750939346,0.785024154589372
66,11.198336017176597,18.706387546967257,15.794417606011809,9.98389694041868,7.239667203435319,23.93317230273752,8.467525496511003,1.865271068169619,1.0735373054213635,0.3153515834675255,0.6374127750939346,0.785024154589372
67,10.849436392914654,18.605743424584006,15.801127214170693,12.667740203972087,7.219538378958669,21.74584004294149,8.387010198604402,1.8988191089640365,1.0869565217391304,0.3153515834675255,0.6374127750939346,0.785024154589372
68,10.889694041867955,17.894524959742352,15.445517981749866,12.915995705850777,8.380300590445518,21.34326355340848,8.387010198604402,1.932367149758454,1.0869565217391304,0.2885131508319914,0.6172839506172839,0.8185721953837896
69,11.097691894793345,17.847557702630166,15.432098765432098,12.902576489533011,8.36688137412775,21.101717659688674,8.373590982286634,2.0665593129361244,1.0869565217391304,0.2885131508319914,0.6172839506172839,0.8185721953837896
70,10.983628556092324,17.297369833601717,15.351583467525497,13.781535158346752,8.313204508856682,21.095008051529792,8.319914117015566,2.059849704777241,1.0869565217391304,0.2885131508319914,0.6172839506172839,0.8051529790660226
71,11.198336017176597,17.330917874396135,15.277777777777779,13.727858293075684,8.313204508856682,21.00107353730542,8.232689210950081,2.059849704777241,1.0869565217391304,0.2885131508319914,0.6172839506172839,0.8655394524959742
72,11.345947396672035,17.28395061728395,15.257648953301127,13.633923778851315,8.313204508856682,20.92055823939882,8.219269994632313,2.1604938271604937,1.1205045625335481,0.2885131508319914,0.6172839506172839,0.8387010198604401
73,10.681696188942565,18.746645195920557,15.24422973698336,13.613794954374665,8.192431561996779,20.21604938271605,8.13875469672571,2.1604938271604937,1.261406333870102,0.2885131508319914,0.6172839506172839,0.8387010198604401
74,10.775630703166936,18.54535695115405,15.438808373590982,13.446054750402576,8.11862587224906,20.202630166398283,8.125335480407944,2.1604938271604937,1.261406333870102,0.2885131508319914,0.630703166935051,1.0064412238325282
75,10.950080515297907,18.4849704777241,15.378421900161031,13.318572195383789,8.132045088566828,20.075147611379496,8.125335480407944,2.2879763821792807,1.261406333870102,0.322061191626409,0.6575415995705851,1.0064412238325282
76,11.010466988727858,18.4849704777241,15.318035426731079,13.298443370907139,8.165593129361245,19.81347289318304,8.152173913043478,2.4892646269457863,1.2815351583467525,0.322061191626409,0.6575415995705851,1.0064412238325282
77,11.20504562533548,18.33064949006978,15.24422973698336,13.298443370907139,8.145464304884594,19.64573268921095,8.13875469672571,2.6301663982823404,1.2815351583467525,0.3153515834675255,0.785024154589372,0.9796027911969941
78,10.923242082662373,17.98174986580784,15.217391304347826,13.271604938271604,8.085077831454644,18.095813204508858,10.701825013419215,2.522812667740204,1.0869565217391304,0.3488996242619431,0.785024154589372,0.9796027911969941
79,11.044015029522276,17.934782608695652,15.217391304347826,13.137412775093935,8.017981749865807,18.06897477187332,10.68840579710145,2.576489533011272,1.0869565217391304,0.3488996242619431,0.8990874932903918,0.9796027911969941
80,11.265432098765432,17.67981749865808,15.190552871712292,13.083735909822867,8.064949006977992,18.00187869028449,10.674986580783683,2.636876006441224,1.0869565217391304,0.3488996242619431,0.95276435856146,1.0131508319914118
81,11.406333870101985,17.599302200751477,15.11003757380569,13.063607085346217,8.07836822329576,17.92807300053677,10.648148148148149,2.6972624798711755,1.0869565217391304,0.3488996242619431,0.9863123993558777,1.0466988727858293
82,11.621041331186259,17.404723564143854,15.083199141170155,13.036768652710682,8.179012345679013,17.85426731078905,10.621309715512615,2.7308105206655933,1.0869565217391304,0.3488996242619431,0.9863123993558777,1.0466988727858293
83,11.674718196457327,17.324208266237253,15.022812667740205,12.526838432635534,8.145464304884594,16.72705314009662,12.5,2.7241009125067097,1.0332796564680622,0.3488996242619431,0.9796027911969941,0.9930220075147611
84,12.016908212560386,17.236983360171767,15.009393451422437,12.5,8.11862587224906,16.63311862587225,12.345679012345679,2.7241009125067097,1.1473429951690821,0.3488996242619431,0.9796027911969941,0.9393451422436929
85,12.171229200214707,17.08937198067633,15.009393451422437,12.5,8.21256038647343,16.63311862587225,12.29200214707461,2.717391304347826,1.1473429951690821,0.30193236714975846,0.95276435856146,0.9728931830381106
86,12.258454106280194,17.01556629092861,15.083199141170155,12.513419216317766,8.179012345679013,16.55931293612453,12.25174449812131,2.717391304347826,1.1406333870101986,0.35560923242082665,0.95276435856146,0.9728931830381106
87,12.513419216317766,16.968599033816425,15.002683843263553,12.486580783682234,8.132045088566828,16.505636070853463,12.218196457326892,2.6972624798711755,1.1406333870101986,0.3824476650563607,0.9796027911969941,0.9728931830381106
88,12.164519592055823,15.344873859366613,16.935050993022006,12.406065485775631,8.299785292538916,16.49892646269458,12.198067632850242,2.690552871712292,1.1406333870101986,0.30864197530864196,0.9728931830381106,1.0399892646269457
89,11.79549114331723,14.371980676328503,16.492216854535695,12.359098228663447,9.29951690821256,17.56575415995706,12.130971551261407,2.623456790123457,1.0601180891035964,0.30864197530864196,0.9728931830381106,1.0198604401502953
90,11.480139559849706,13.56682769726248,19.155931293612454,12.332259796027913,7.991143317230274,16.888083735909824,12.761674718196458,2.522812667740204,1.0332796564680622,0.2885131508319914,0.9594739667203436,1.0198604401502953
91,11.634460547504025,13.553408480944713,18.90096618357488,12.278582930756844,8.185721953837897,16.888083735909824,12.72812667740204,2.522812667740204,1.0064412238325282,0.2885131508319914,0.9594739667203436,1.0534084809447128
92,11.18491680085883,11.855877616747183,18.907675791733762,12.204777241009126,8.111916264090176,19.33709071390231,12.412775093934513,2.657004830917874,1.0399892646269457,0.2885131508319914,0.9460547504025765,1.0534084809447128
93,11.392914653784219,11.79549114331723,18.686258722490606,12.070585077831455,8.199141170155663,19.236446591519055,12.325550187869029,2.804616210413312,1.2077294685990339,0.27509393451422437,0.8856682769726248,1.1205045625335481
94,11.506977992485238,11.761943102522812,18.659420289855074,12.057165861513688,8.192431561996779,19.176060118089104,12.191358024691358,2.871712292002147,1.3352120236178207,0.27509393451422437,0.8856682769726248,1.0869565217391304
95,11.574074074074074,11.75523349436393,18.51851851851852,12.04374664519592,8.192431561996779,19.04186795491143,12.171229200214707,2.9790660225442833,1.3352120236178207,0.27509393451422437,1.0265700483091786,1.0869565217391304
96,11.842458400429415,11.741814278046162,18.46484165324745,12.00348899624262,8.272946859903382,18.914385399892645,12.13768115942029,2.898550724637681,1.3352120236178207,0.27509393451422437,1.0265700483091786,1.0869565217391304
97,12.090713902308105,11.748523886205046,18.263553408480945,11.808910359634996,8.440687063875469,18.746645195920557,12.097423510466989,2.9790660225442833,1.3352120236178207,0.27509393451422437,1.0265700483091786,1.1876006441223832
98,12.164519592055823,11.668008588298443,18.23671497584541,11.788781535158346,8.548040794417606,18.65271068169619,12.097423510466989,2.9723564143853998,1.3821792807300053,0.27509393451422437,1.0265700483091786,1.1876006441223832
99,12.285292538915728,11.66129898013956,18.00858829844337,11.654589371980677,8.53462157809984,18.411164787976382,12.097423510466989,3.0931293612453032,1.4694041867954912,0.27509393451422437,1.133923778851315,1.3754696725711217
100,12.513419216317766,11.60762211486849,17.961621041331185,11.594202898550725,8.53462157809984,18.283682232957595,12.090713902308105,3.1333870101986045,1.4694041867954912,0.30193236714975846,1.133923778851315,1.3754696725711217
101,11.889425657541599,11.305689747718732,18.283682232957595,11.56736446591519,7.125603864734299,22.67176596886742,10.11808910359635,3.0193236714975846,1.2144390767579174,0.2683843263553409,1.247987117552335,1.288244766505636
102,9.796027911969942,6.031937734836285,17.659688674181428,9.333064949006978,6.320450885668277,34.715512614063336,10.111379495437467,2.3886205045625335,1.0802469135802468,0.2683843263553409,1.2144390767579174,1.0802469135802468
103,10.037573805689748,6.011808910359635,17.599302200751477,9.333064949006978,6.266774020397209,34.574610842726784,10.0979602791197,2.4557165861513686,1.093666129898014,0.2683843263553409,1.1808910359634996,1.0802469135802468
104,9.856414385399892,5.877616747181965,20.605206655931294,7.749597423510467,6.139291465378422,34.12506709608159,9.77589908749329,2.3886205045625335,1.1272141706924315,0.30193236714975846,1.1473429951690821,0.9057971014492754
105,10.064412238325282,5.870907139023081,20.48443370907139,7.749597423510467,6.099033816425121,34.004294149221685,9.762479871175524,2.3886205045625335,1.1272141706924315,0.30193236714975846,1.2412775093934514,0.9057971014492754
106,9.796027911969942,5.669618894256575,19.28341384863124,7.246376811594203,4.891304347826087,33.72920021470746,13.231347289318304,2.657004830917874,1.1272141706924315,0.20799785292538917,1.3016639828234031,0.8588298443370908
107,9.970477724100913,5.595813204508857,19.26328502415459,7.246376811594203,4.898013955984971,33.61513687600644,13.211218464841654,2.717391304347826,1.1272141706924315,0.20799785292538917,1.3016639828234031,0.8454106280193237
108,10.359634997316157,5.595813204508857,19.0955448201825,7.246376811594203,4.871175523349437,33.319914117015564,13.150831991411701,2.932098765432099,1.1205045625335481,0.20799785292538917,1.2546967257112185,0.8454106280193237
109,10.466988727858293,5.595813204508857,18.947933440687063,7.232957595276436,4.871175523349437,33.15217391304348,13.137412775093935,3.166935050993022,1.1205045625335481,0.20799785292538917,1.2546967257112185,0.8454106280193237
110,10.601180891035963,5.595813204508857,18.927804616210413,7.232957595276436,4.871175523349437,33.01798174986581,13.137412775093935,3.193773483628556,1.1137949543746646,0.20799785292538917,1.2546967257112185,0.8454106280193237
111,10.715244229736983,5.609232420826624,18.874127750939344,7.232957595276436,4.871175523349437,32.8569511540526,12.714707461084272,3.294417606011809,1.5230810520665594,0.20799785292538917,1.2546967257112185,0.8454106280193237
112,10.929951690821255,5.609232420826624,18.80703166935051,7.179280730005368,4.871175523349437,32.769726247987116,12.573805689747719,3.3682232957595275,1.5230810520665594,0.20799785292538917,1.2546967257112185,0.9057971014492754
113,11.158078368223295,5.595813204508857,18.746645195920557,7.159151905528717,4.998658078368224,32.6154052603328,12.4597423510467,3.3413848631239937,1.5230810520665594,0.20799785292538917,1.2546967257112185,0.9393451422436929
114,11.392914653784219,5.5689747718733225,18.71309715512614,7.098765432098766,4.958400429414922,32.57514761137949,12.432903918411165,3.33467525496511,1.556629092860977,0.20799785292538917,1.221148684916801,0.9393451422436929
115,11.694847020933977,5.555555555555555,18.54535695115405,7.065217391304348,4.958400429414922,32.46108427267848,12.432903918411165,3.3279656468062266,1.556629092860977,0.24154589371980675,1.221148684916801,0.9393451422436929
116,11.896135265700483,5.535426731078905,18.42458400429415,7.065217391304348,4.924852388620504,30.803811057434245,12.412775093934513,4.978529253891573,1.556629092860977,0.24154589371980675,1.221148684916801,0.9393451422436929
117,11.98336017176597,5.522007514761138,18.17632850241546,6.89747718733226,4.864465915190553,30.750134192163177,12.305421363392378,5.045625335480408,1.9457863660762211,0.24154589371980675,1.328502415458937,0.9393451422436929
118,12.077294685990339,5.515297906602254,18.10252281266774,6.9243156199677935,4.864465915190553,30.69645732689211,12.305421363392378,5.059044551798175,1.9457863660762211,0.24154589371980675,1.328502415458937,0.9393451422436929
119,10.534084809447128,4.53569511540526,17.12962962962963,6.4345142243692965,4.602791196994096,38.868760064412236,9.078099838969404,4.609500805152979,1.7176596886741815,0.24154589371980675,1.3083735909822867,0.9393451422436929
120,10.896403650026839,4.42163177670424,17.11621041331186,6.447933440687064,4.53569511540526,38.6406333870102,9.03113258185722,4.683306494900698,1.6841116478797638,0.24154589371980675,1.3083735909822867,0.9930220075147611
121,11.084272678475577,4.414922168545357,17.062533548040793,6.427804616210413,4.622920021470746,38.25147611379496,8.863392377885132,4.87788513150832,1.8183038110574343,0.24154589371980675,1.3419216317767042,0.9930220075147611
122,11.332528180354267,4.408212560386473,16.908212560386474,6.461352657004831,4.555823939881911,38.00993022007515,8.82313472893183,5.01207729468599,1.8183038110574343,0.24154589371980675,1.3217928073000538,1.107085346215781
123,11.372785829307569,4.341116478797638,19.504830917874397,6.6827697262479875,4.53569511540526,35.11808910359635,8.735909822866345,5.059044551798175,1.8853998926462694,0.24154589371980675,1.3217928073000538,1.2010198604401503
124,11.446591519055287,4.327697262479871,19.47128287707998,6.662640901771336,4.602791196994096,34.80944712828771,8.648684916800859,5.300590445517981,1.9793344068706387,0.2281266774020397,1.3217928073000538,1.2010198604401503
125,11.66129898013956,4.327697262479871,19.404186795491142,6.622383252818035,4.602791196994096,34.70209339774557,8.53462157809984,5.414653784219001,1.9793344068706387,0.2281266774020397,1.3217928073000538,1.2010198604401503
126,11.728395061728396,4.327697262479871,19.47128287707998,6.622383252818035,4.602791196994096,34.594739667203434,8.487654320987655,5.421363392377885,1.9860440150295222,0.2281266774020397,1.328502415458937,1.2010198604401503
127,11.808910359634996,4.327697262479871,19.585346215780998,6.615673644659152,4.62962962962963,34.554482018250134,8.36688137412775,5.414653784219001,1.9659151905528718,0.20128824476650564,1.328502415458937,1.2010198604401503
128,11.29898013955985,3.361513687600644,19.51154052603328,6.602254428341385,4.5893719806763285,37.19135802469136,8.36688137412775,4.428341384863124,1.9659151905528718,0.20128824476650564,1.3016639828234031,1.1808910359634996
129,11.553945249597424,3.361513687600644,19.47799248523886,6.575415995705851,4.656468062265164,36.95652173913044,8.360171765968868,4.42163177670424,1.9659151905528718,0.20128824476650564,1.3016639828234031,1.1674718196457328
130,11.75523349436393,3.3548040794417604,19.35721953837896,6.6827697262479875,4.683306494900698,36.761943102522814,8.3467525496511,4.448470209339774,1.9659151905528718,0.23483628556092323,1.2748255501878691,1.133923778851315
131,11.627750939345143,3.3480944712828773,19.343800322061192,7.440955448201825,4.656468062265164,36.68813741277509,7.991143317230274,4.555823939881911,1.751207729468599,0.23483628556092323,1.2748255501878691,1.0869565217391304
132,12.057165861513688,3.321256038647343,19.229736983360173,7.367149758454106,4.663177670424047,36.47342995169082,7.930756843800322,4.5893719806763285,1.8115942028985508,0.23483628556092323,1.2748255501878691,1.0466988727858293
133,12.25174449812131,3.321256038647343,19.135802469135804,7.353730542136339,4.663177670424047,36.38620504562534,7.9039184111647875,4.575952764358561,1.778046162104133,0.2683843263553409,1.2748255501878691,1.0869565217391304
134,12.4597423510467,3.321256038647343,19.07541599570585,7.326892109500805,4.663177670424047,36.22517444981213,7.85024154589372,4.683306494900698,1.7646269457863661,0.2683843263553409,1.2748255501878691,1.0869565217391304
135,12.412775093934513,3.321256038647343,18.746645195920557,7.306763285024155,4.851046698872786,35.93666129898014,7.823403113258186,4.736983360171766,2.2611379495437465,0.2683843263553409,1.2815351583467525,1.0534084809447128
136,12.533548040794418,3.2742887815351582,18.632581857219538,7.092055823939882,4.8376274825550185,35.76221148684917,7.6623725174449815,4.99194847020934,2.395330112721417,0.2683843263553409,1.2815351583467525,1.2681159420289856
137,12.734836285560924,3.2340311325818574,18.605743424584006,7.085346215780999,4.777241009125067,35.668276972624795,7.648953301127214,5.018786902844874,2.408749329039184,0.2683843263553409,1.2815351583467525,1.2681159420289856
138,12.828770799785293,3.2206119162640903,18.54535695115405,7.004830917874396,4.730273752012883,35.71524422973698,7.601986044015029,5.005367686527107,2.5026838432635534,0.2683843263553409,1.2815351583467525,1.2949543746645196
139,12.93612453032743,3.2206119162640903,18.820450885668276,6.837090713902308,4.669887278582931,35.057702630166396,7.575147611379496,5.407944176060118,2.703972088030059,0.23483628556092323,1.2412775093934514,1.2949543746645196
140,13.130703166935051,3.1468062265163717,18.793612453032743,6.823671497584541,4.676596886741814,34.97047772410091,7.561728395061729,5.434782608695652,2.703972088030059,0.23483628556092323,1.2412775093934514,1.2815351583467525
141,13.238056897477188,3.1468062265163717,18.746645195920557,6.78341384863124,4.676596886741814,34.93022007514761,7.595276435856146,5.434782608695652,2.690552871712292,0.23483628556092323,1.2412775093934514,1.2815351583467525
142,13.553408480944713,3.1468062265163717,18.54535695115405,6.776704240472356,4.643048845947397,34.72893183038111,7.568438003220612,5.622651637144391,2.690552871712292,0.23483628556092323,1.221148684916801,1.2681159420289856
143,13.768115942028986,3.1468062265163717,18.61916264090177,6.736446591519055,4.575952764358561,34.56119162640902,7.555018786902845,5.615942028985507,2.6838432635534084,0.24154589371980675,1.2144390767579174,1.2815351583467525
144,13.895598497047773,3.1065485775630703,18.55877616747182,6.635802469135802,4.609500805152979,34.41358024691358,7.555018786902845,5.683038110574342,2.6838432635534084,0.2147074610842727,1.261406333870102,1.3821792807300053
145,13.982823403113258,3.052871712292002,18.46484165324745,6.635802469135802,4.616210413311863,34.35319377348363,7.5348899624261945,5.803811057434245,2.6972624798711755,0.2147074610842727,1.261406333870102,1.3821792807300053
146,14.210950080515298,3.052871712292002,18.370907139023082,6.622383252818035,4.575952764358561,34.272678475577024,7.461084272678476,5.83064949006978,2.6972624798711755,0.2147074610842727,1.2412775093934514,1.4492753623188406
147,14.51959205582394,3.0394524959742353,18.149490069779926,6.595544820182502,4.562533548040794,34.16532474503489,7.461084272678476,5.8172302737520125,2.7844873859366612,0.2147074610842727,1.2412775093934514,1.4492753623188406
148,14.620236178207193,3.0394524959742353,18.075684380032207,6.394256575415996,4.555823939881911,34.05797101449275,7.50805152979066,5.9447128287707995,2.831454643048846,0.2147074610842727,1.2815351583467525,1.4761137949543746
149,14.680622651637144,2.9589371980676327,18.230005367686527,6.380837359098229,4.51556629092861,33.964036500268385,7.50805152979066,5.978260869565218,2.831454643048846,0.2147074610842727,1.2815351583467525,1.4559849704777241
150,14.74771873322598,2.9589371980676327,18.21658615136876,6.333870101986044,4.4820182501341925,33.641975308641975,7.360440150295223,6.461352657004831,2.8113258185721954,0.24825550187869028,1.2815351583467525,1.4559849704777241
151,14.99597423510467,2.9589371980676327,18.270263016639827,6.213097155126141,4.62962962962963,33.293075684380035,7.347020933977456,6.501610305958132,2.804616210413312,0.24825550187869028,1.2815351583467525,1.4559849704777241
152,15.096618357487923,2.952227589908749,18.04884594739667,6.206387546967257,4.770531400966184,33.21926999463231,7.300053676865271,6.588835212023618,2.791196994095545,0.24825550187869028,1.3217928073000538,1.4559849704777241
153,15.331454643048845,2.952227589908749,18.02871712292002,6.206387546967257,4.770531400966184,33.05823939881911,7.2933440687063875,6.541867954911433,2.791196994095545,0.24825550187869028,1.3217928073000538,1.4559849704777241
154,15.559581320450885,2.952227589908749,18.00858829844337,6.206387546967257,4.770531400966184,32.870370370370374,7.273215244229737,6.541867954911433,2.791196994095545,0.24825550187869028,1.3217928073000538,1.4559849704777241
155,15.774288781535159,2.952227589908749,17.941492216854535,6.1929683306494905,4.770531400966184,32.830112721417066,7.239667203435319,6.481481481481482,2.791196994095545,0.24825550187869028,1.3217928073000538,1.4559849704777241
156,15.995705850778315,2.932098765432099,17.941492216854535,6.159420289855072,4.8443370907139025,32.64224369296833,7.266505636070853,6.4345142243692965,2.791196994095545,0.24825550187869028,1.3083735909822867,1.4358561460010735
157,16.25067096081589,2.932098765432099,17.934782608695652,6.146001073537305,4.911433172302737,32.447665056360705,7.212828770799785,6.414385399892646,2.791196994095545,0.24825550187869028,1.2949543746645196,1.415727321524423
158,16.451959205582394,2.932098765432099,17.887815351583466,6.253354804079442,4.790660225442834,32.340311325818575,7.199409554482019,6.380837359098229,2.818035426731079,0.24825550187869028,1.2949543746645196,1.402308105206656
159,16.626409017713364,2.8918411164787976,17.894524959742352,6.253354804079442,4.87788513150832,32.05179817498658,7.199409554482019,6.488191089640365,2.7643585614600106,0.24825550187869028,1.3217928073000538,1.3821792807300053
160,16.914922168545356,2.8918411164787976,17.69994632313473,6.219806763285024,4.924852388620504,31.810252281266774,7.1658615136876005,6.508319914117015,2.7643585614600106,0.24825550187869028,1.42914653784219,1.4224369296833066
161,17.156468062265162,2.8918411164787976,17.659688674181428,6.219806763285024,4.951690821256038,31.622383252818036,7.065217391304348,6.5485775630703165,2.7643585614600106,0.24825550187869028,1.42914653784219,1.442565754159957
162,17.102791196994094,2.8918411164787976,17.72007514761138,6.226516371443908,4.931561996779388,31.608964036500268,7.058507783145465,6.535158346752549,2.7509393451422435,0.24825550187869028,1.4224369296833066,1.5029522275899088
163,17.022275899087493,2.791196994095545,17.793880837359097,6.226516371443908,4.951690821256038,31.253354804079443,7.058507783145465,6.991411701556629,2.7509393451422435,0.23483628556092323,1.4224369296833066,1.5029522275899088
164,17.23027375201288,2.791196994095545,17.74020397208803,6.219806763285024,5.0791733762748255,31.03864734299517,7.024959742351046,6.964573268921095,2.7509393451422435,0.23483628556092323,1.4224369296833066,1.5029522275899088
165,17.250402576489535,2.791196994095545,17.652979066022546,6.038647342995169,5.166398282340311,30.85077831454643,6.857219538378959,7.098765432098766,3.1870638754696725,0.23483628556092323,1.4224369296833066,1.4492753623188406
166,17.444981213097154,2.7844873859366612,17.64626945786366,6.038647342995169,5.152979066022544,30.649490069779926,6.843800322061192,7.112184648416532,3.2206119162640903,0.23483628556092323,1.4224369296833066,1.4492753623188406
167,17.49194847020934,2.7777777777777777,17.60601180891036,6.018518518518518,5.146269457863661,30.461621041331185,6.830381105743425,7.286634460547504,3.294417606011809,0.23483628556092323,1.4224369296833066,1.42914653784219
168,17.579173376274827,2.7777777777777777,17.60601180891036,6.018518518518518,5.12614063338701,30.421363392377884,6.810252281266774,7.27992485238862,3.260869565217391,0.23483628556092323,1.4224369296833066,1.4626945786366077
169,17.814009661835748,2.771068169618894,17.67981749865808,6.018518518518518,5.226784755770263,30.16639828234031,6.776704240472356,7.185990338164252,3.207192699946323,0.2683843263553409,1.4224369296833066,1.4626945786366077
170,17.921363392377884,2.771068169618894,17.66639828234031,6.011808910359635,5.508588298443371,29.871175523349436,6.723027375201288,7.185990338164252,3.2004830917874396,0.2683843263553409,1.3955984970477724,1.4761137949543746
171,17.96833064949007,2.757648953301127,17.66639828234031,6.005099302200751,5.662909286097692,29.66988727858293,6.8035426731078905,7.125603864734299,3.2004830917874396,0.2683843263553409,1.3955984970477724,1.4761137949543746
172,18.06226516371444,2.757648953301127,17.58588298443371,6.246645195920558,5.5756843800322065,29.56924315619968,6.823671497584541,6.971282877079979,3.2004830917874396,0.30193236714975846,1.42914653784219,1.4761137949543746
173,18.12265163714439,2.757648953301127,17.60601180891036,6.152710681696189,5.58239398819109,29.354535695115406,6.937734836285561,7.078636607622115,3.180354267310789,0.322061191626409,1.42914653784219,1.4761137949543746
174,18.38432635534085,2.7509393451422435,17.59259259259259,6.112453032742888,5.508588298443371,29.20692431561997,6.9243156199677935,7.058507783145465,3.2340311325818574,0.322061191626409,1.42914653784219,1.4761137949543746
175,18.53864734299517,2.7442297369833604,17.478529253891573,6.112453032742888,5.501878690284487,29.180085882984432,6.89747718733226,7.03166935050993,3.193773483628556,0.322061191626409,1.5365002683843263,1.4626945786366077
176,18.552066559312937,2.7442297369833604,16.968599033816425,6.0654857756307035,5.46833064949007,29.066022544283413,7.380568974771873,7.199409554482019,3.2541599570585076,0.322061191626409,1.5230810520665594,1.4559849704777241
177,17.76033279656468,2.636876006441224,14.962426194310252,6.038647342995169,4.87788513150832,28.85131508319914,12.04374664519592,6.964573268921095,3.0730005367686526,0.15432098765432098,1.328502415458937,1.3083735909822867
178,17.907944176060116,2.6033279656468062,14.875201288244767,6.078904991948471,5.10601180891036,28.529253891572733,11.922973698336017,7.011540526033279,3.227321524422974,0.15432098765432098,1.2949543746645196,1.288244766505636
179,18.115942028985508,2.6033279656468062,14.801395598497047,5.971551261406334,5.10601180891036,28.435319377348364,11.83574879227053,7.1658615136876005,3.227321524422974,0.15432098765432098,1.2949543746645196,1.288244766505636
180,18.203166935050994,2.5563607085346214,14.640365002683843,5.958132045088567,5.448201825013419,28.25415995705851,11.748523886205046,7.159151905528717,3.260869565217391,0.15432098765432098,1.328502415458937,1.288244766505636
181,18.323939881910896,2.5563607085346214,14.593397745571659,5.931293612453032,5.434782608695652,28.10654857756307,11.748523886205046,7.273215244229737,3.260869565217391,0.15432098765432098,1.328502415458937,1.288244766505636
182,18.471551261406333,2.5563607085346214,14.553140096618357,5.911164787976382,5.434782608695652,28.012614063338702,11.721685453569512,7.306763285024155,3.260869565217391,0.15432098765432098,1.328502415458937,1.288244766505636
183,18.431293612453032,2.6033279656468062,14.49946323134729,5.783682232957595,5.434782608695652,27.87842190016103,11.721685453569512,7.367149758454106,3.408480944712829,0.15432098765432098,1.328502415458937,1.3888888888888888
184,18.57890499194847,2.5966183574879227,14.526301663982823,5.776972624798712,5.394524959742351,27.85829307568438,11.641170155662909,7.340311325818572,3.4151905528717124,0.15432098765432098,1.328502415458937,1.3888888888888888
185,18.605743424584006,2.5966183574879227,14.51959205582394,5.776972624798712,6.0587761674718195,27.234299516908212,11.56736446591519,7.360440150295223,3.408480944712829,0.15432098765432098,1.328502415458937,1.3888888888888888
186,18.625872249060656,2.5966183574879227,14.533011272141707,5.776972624798712,6.0587761674718195,27.086688137412775,11.654589371980677,7.387278582930757,3.408480944712829,0.15432098765432098,1.328502415458937,1.3888888888888888
