,45,50,51,53,52,55,54,56,57
0,98.22195383789587,1.778046162104133,,,,,,,
1,96.38352120236178,3.616478797638218,,,,,,,
2,95.94739667203436,4.052603327965647,,,,,,,
3,96.00107353730542,3.8848631239935587,0.11406333870101985,,,,,,
4,95.1086956521739,4.777241009125067,0.11406333870101985,,,,,,
5,94.39747718733226,5.488459473966721,0.11406333870101985,,,,,,
6,91.23725174449812,8.648684916800859,0.11406333870101985,,,,,,
7,86.32581857219539,13.560118089103597,0.11406333870101985,,,,,,
8,80.10601180891035,19.89398819108964,,,,,,,
9,80.12614063338701,19.87385936661299,,,,,,,
10,60.99704777241009,38.12399355877617,,0.8789586688137413,,,,,
11,59.03113258185722,39.42565754159957,,0.8789586688137413,0.6642512077294686,,,,
12,57.53488996242619,40.92190016103059,,0.8789586688137413,0.6642512077294686,,,,
13,57.57514761137949,39.700751476113794,,0.8789586688137413,1.8451422436929683,,,,
14,57.648953301127214,39.492753623188406,,1.0131508319914118,1.8451422436929683,,,,
15,57.427536231884055,39.71417069243156,,1.0131508319914118,1.8451422436929683,,,,
16,57.380568974771876,39.12372517444981,,1.0131508319914118,2.4825550187869028,,,,
17,53.62989801395599,43.00858829844337,,1.0131508319914118,2.3483628556092326,,,,
18,51.07353730542136,46.16881374127751,,1.0131508319914118,1.7444981213097155,,,,
19,51.16076221148685,46.081588835212024,,1.0131508319914118,1.7444981213097155,,,,
20,51.16076221148685,46.00107353730542,,1.0131508319914118,1.7444981213097155,0.08051529790660225,,,
21,49.121041331186255,46.101717659688674,1.9390767579173376,1.0131508319914118,1.7444981213097155,0.08051529790660225,,,
22,49.31561996779388,45.95410628019324,1.9390767579173376,1.0131508319914118,1.6975308641975309,0.08051529790660225,,,
23,49.308910359635,44.46457326892109,1.9390767579173376,2.509393451422437,1.6975308641975309,0.08051529790660225,,,
24,49.241814278046164,43.82716049382716,1.9122383252818036,3.240740740740741,1.6975308641975309,0.08051529790660225,,,
25,45.269726247987116,48.76543209876543,0.43612453032742887,3.052871712292002,1.6975308641975309,0.08051529790660225,0.6977992485238862,,
26,44.96779388083736,47.30273752012882,0.43612453032742887,4.676596886741814,1.6975308641975309,0.08051529790660225,0.8387010198604401,,
27,45.06172839506173,46.504294149221685,0.43612453032742887,5.381105743424584,1.6975308641975309,0.08051529790660225,0.8387010198604401,,
28,38.24476650563607,48.23537305421363,3.6231884057971016,5.609232420826624,3.3682232957595275,0.08051529790660225,0.8387010198604401,,
29,32.018250134192165,54.508856682769725,3.6231884057971016,5.609232420826624,3.321256038647343,0.08051529790660225,0.8387010198604401,,
30,29.985238862050455,48.470209339774556,11.694847020933977,5.609232420826624,3.321256038647343,0.08051529790660225,0.8387010198604401,,
31,29.985238862050455,48.470209339774556,11.694847020933977,5.609232420826624,3.321256038647343,0.08051529790660225,0.8387010198604401,,
32,30.07246376811594,47.98040794417606,11.681427804616211,5.407944176060118,3.321256038647343,0.6977992485238862,0.8387010198604401,,
33,30.14626945786366,47.90660225442834,11.681427804616211,5.407944176060118,3.321256038647343,0.6977992485238862,0.8387010198604401,,
34,23.98684916800859,53.32125603864734,11.681427804616211,5.367686527106817,3.280998389694042,1.751207729468599,0.6105743424584005,,
35,24.02710681696189,53.30783682232958,11.56736446591519,5.340848094471283,3.280998389694042,1.865271068169619,0.6105743424584005,,
36,24.12104133118626,53.247450348899626,11.56736446591519,5.307300053676865,3.280998389694042,1.865271068169619,0.6105743424584005,,
37,24.02710681696189,53.11996779388084,11.862587224906065,5.307300053676865,3.280998389694042,1.7914653784219001,0.6105743424584005,,
38,24.416264090177133,52.63016639828234,11.560654857756306,5.005367686527107,3.280998389694042,1.7579173376274826,1.3486312399355878,,
39,24.664519592055825,52.200751476113794,11.560654857756306,5.213365539452496,3.2541599570585076,1.7579173376274826,1.3486312399355878,,
40,24.751744498121308,52.12694578636608,11.54723564143854,5.213365539452496,3.2541599570585076,1.7579173376274826,1.3486312399355878,,
41,23.845947396672035,39.59339774557166,25.623993558776167,5.2066559312936125,2.657004830917874,0.7716049382716049,2.301395598497048,,
42,23.96672034353194,38.88217928073001,25.597155126140635,5.2066559312936125,2.657004830917874,0.7716049382716049,2.918679549114332,,
43,24.114331723027377,38.88217928073001,25.315351583467525,5.2066559312936125,2.657004830917874,0.7716049382716049,2.918679549114332,0.13419216317767044,
44,24.550456253354803,38.62050456253355,25.09393451422437,5.2066559312936125,2.804616210413312,0.7716049382716049,2.818035426731079,0.13419216317767044,
45,23.866076221148685,39.05662909286098,24.55716586151369,5.2066559312936125,2.6704240472356413,1.6908212560386473,2.818035426731079,0.13419216317767044,
46,23.919753086419753,39.029790660225444,24.54374664519592,5.2066559312936125,2.6704240472356413,1.6908212560386473,2.804616210413312,0.13419216317767044,
47,23.845947396672035,38.27831454643049,23.62453032742888,7.125603864734299,2.61003757380569,1.6706924315619969,2.7106816961889426,0.13419216317767044,
48,23.91304347826087,37.90257648953301,23.62453032742888,7.809983896940419,2.61003757380569,1.4358561460010735,2.5697799248523885,0.13419216317767044,
49,24.06736446591519,37.855609232420825,23.517176596886742,7.809983896940419,2.61003757380569,1.4358561460010735,2.5697799248523885,0.13419216317767044,
50,24.27536231884058,37.72812667740204,23.503757380568974,7.742887815351583,2.61003757380569,1.4358561460010735,2.5697799248523885,0.13419216317767044,
51,20.840042941492218,35.69511540526033,27.509393451422437,9.212292002147075,2.61003757380569,1.42914653784219,2.5697799248523885,0.13419216317767044,
52,20.947396672034355,35.64143853998927,27.375201288244767,9.212292002147075,2.61003757380569,1.42914653784219,2.5429414922168547,0.24154589371980675,
53,20.96081588835212,35.628019323671495,27.375201288244767,9.212292002147075,2.61003757380569,1.42914653784219,2.5429414922168547,0.24154589371980675,
54,21.014492753623188,35.61460010735373,27.375201288244767,9.172034353193773,2.61003757380569,1.42914653784219,2.5429414922168547,0.24154589371980675,
55,21.115136876006442,35.46027911969941,27.375201288244767,9.172034353193773,2.6033279656468062,1.5633387010198605,2.4691358024691357,0.24154589371980675,
56,21.22920021470746,35.09125067096082,26.8317230273752,9.172034353193773,2.6033279656468062,2.3617820719269993,2.4691358024691357,0.24154589371980675,
57,20.67230273752013,33.353462157809986,29.146537842190018,9.836285560923242,2.2074610842726785,2.2208803005904456,2.3215244229736984,0.24154589371980675,
58,20.82662372517445,33.272946859903385,29.0727321524423,9.836285560923242,2.2074610842726785,2.2208803005904456,2.3215244229736984,0.24154589371980675,
59,20.947396672034355,33.25952764358561,28.985507246376812,9.829575952764358,2.1940418679549114,2.2208803005904456,2.3215244229736984,0.24154589371980675,
60,20.994363929146537,33.25952764358561,28.972088030059044,9.809447128287708,2.1806226516371443,2.2208803005904456,2.3215244229736984,0.24154589371980675,
61,21.235909822866343,33.20585077831455,28.824476650563607,9.769189479334408,2.1806226516371443,2.2208803005904456,2.3215244229736984,0.24154589371980675,
62,21.497584541062803,33.17230273752013,28.63660762211487,9.728931830381105,2.0531400966183573,2.2208803005904456,2.4490069779924855,0.24154589371980675,
63,21.712292002147073,33.3064949006978,28.287707997852927,9.728931830381105,2.0531400966183573,2.2208803005904456,2.4490069779924855,0.24154589371980675,
64,21.74584004294149,33.293075684380035,28.287707997852927,9.722222222222221,2.0531400966183573,2.2208803005904456,2.4355877616747184,0.24154589371980675,
65,20.75281803542673,34.43370907139023,28.16022544283414,9.722222222222221,2.033011272141707,2.2208803005904456,2.4355877616747184,0.24154589371980675,
66,20.316693505099302,34.88325281803543,28.16022544283414,9.722222222222221,2.033011272141707,2.2074610842726785,2.4355877616747184,0.24154589371980675,
67,17.418142780461622,33.272946859903385,34.0378421900161,8.662104133118627,2.771068169618894,1.2681159420289856,2.328234031132582,0.24154589371980675,
68,17.324208266237253,31.830381105743424,35.92324208266237,8.360171765968868,2.771068169618894,1.2278582930756843,2.3215244229736984,0.24154589371980675,
69,17.143048845947398,30.24020397208803,38.077026301663984,7.595276435856146,2.771068169618894,1.2278582930756843,2.3215244229736984,0.6239935587761675,
70,15.801127214170693,27.542941492216855,46.60493827160494,5.300590445517981,1.1473429951690821,1.221148684916801,1.865271068169619,0.5166398282340311,
71,15.814546430488459,27.542941492216855,46.59151905528717,5.300590445517981,1.1473429951690821,1.221148684916801,1.865271068169619,0.5166398282340311,
72,15.921900161030596,27.542941492216855,46.484165324745035,5.300590445517981,1.1473429951690821,1.221148684916801,1.865271068169619,0.5166398282340311,
73,15.619967793880837,27.87842190016103,46.45061728395062,5.300590445517981,1.1473429951690821,1.221148684916801,1.865271068169619,0.5166398282340311,
74,15.734031132581856,27.76435856146001,44.76650563607085,5.300590445517981,1.1473429951690821,1.221148684916801,3.549382716049383,0.5166398282340311,
75,15.774288781535159,27.76435856146001,44.73295759527644,5.293880837359098,1.1473429951690821,1.221148684916801,3.549382716049383,0.5166398282340311,
76,15.982286634460548,27.643585614600106,44.7061191626409,5.293880837359098,1.1473429951690821,1.1876006441223832,3.5225442834138487,0.5166398282340311,
77,16.14331723027375,27.58990874932904,44.618894256575416,5.293880837359098,1.1473429951690821,1.1876006441223832,3.502415458937198,0.5166398282340311,
78,15.935319377348362,27.58990874932904,43.98148148148148,4.797369833601718,2.623456790123457,1.1876006441223832,3.502415458937198,0.3824476650563607,
79,16.183574879227052,27.556360708534623,42.7938808373591,4.797369833601718,2.623456790123457,1.1876006441223832,3.435319377348363,1.4224369296833066,
80,16.25738056897477,27.542941492216855,41.74718196457327,4.797369833601718,2.623456790123457,2.1739130434782608,3.435319377348363,1.4224369296833066,
81,16.27079978529254,27.542941492216855,41.74718196457327,4.797369833601718,2.623456790123457,2.1604938271604937,3.435319377348363,1.4224369296833066,
82,16.760601180891037,27.34165324745035,41.15002683843264,4.736983360171766,3.0394524959742353,2.147074610842727,3.4017713365539453,1.4224369296833066,
83,16.505636070853463,27.697262479871174,41.04938271604938,4.736983360171766,3.0394524959742353,2.147074610842727,3.4017713365539453,1.4224369296833066,
84,16.586151368760063,27.643585614600106,41.02254428341385,4.736983360171766,3.0394524959742353,2.147074610842727,3.4017713365539453,1.4224369296833066,
85,16.505636070853463,27.70397208803006,40.88164251207729,4.736983360171766,3.0394524959742353,2.3081052066559313,3.4017713365539453,1.4224369296833066,
86,17.042404723564143,27.388620504562535,40.59983896940419,4.683306494900698,3.0394524959742353,2.4221685453569513,3.4017713365539453,1.4224369296833066,
87,16.109769189479334,24.832259796027913,37.5,3.965378421900161,10.34621578099839,2.677133655394525,3.1468062265163717,1.4224369296833066,
88,16.297638217928075,24.771873322597962,37.4597423510467,3.965378421900161,10.265700483091788,2.6704240472356413,3.1468062265163717,1.4224369296833066,
89,16.760601180891037,24.745034889962426,36.78878153515835,3.7238325281803544,10.225442834138486,3.5963499731615673,3.1468062265163717,1.0131508319914118,
90,16.720343531937736,24.590713902308106,36.178207192699944,4.528985507246377,10.258990874932904,3.5829307568438002,3.1468062265163717,0.9930220075147611,
91,16.72705314009662,24.590713902308106,36.312399355877616,4.528985507246377,10.23215244229737,3.5829307568438002,3.0327428878153517,0.9930220075147611,
92,17.08937198067633,24.44310252281267,33.95061728395062,4.528985507246377,13.264895330112722,2.214170692431562,3.878153515834675,0.630703166935051,
93,16.056092324208265,33.111916264090176,27.126945786366075,3.9989264626945786,12.76838432635534,2.8381642512077296,3.4688674181427803,0.630703166935051,
94,16.089640365002683,33.091787439613526,27.126945786366075,3.9855072463768115,12.76838432635534,2.8381642512077296,3.4688674181427803,0.630703166935051,
95,16.089640365002683,33.091787439613526,27.126945786366075,3.9855072463768115,12.76838432635534,2.8381642512077296,3.4688674181427803,0.630703166935051,
96,16.089640365002683,33.091787439613526,27.126945786366075,3.9855072463768115,12.76838432635534,2.8381642512077296,3.4688674181427803,0.630703166935051,
97,15.210681696188942,34.044551798174986,26.39559849704777,3.9855072463768115,12.72812667740204,2.657004830917874,4.394793344068707,0.5837359098228664,
98,15.03623188405797,33.57487922705314,27.47584541062802,3.9855072463768115,12.721417069243156,2.301395598497048,4.320987654320987,0.5837359098228664,
99,15.190552871712292,33.52120236178207,27.435587761674718,3.9855072463768115,12.661030595813205,2.301395598497048,4.320987654320987,0.5837359098228664,
100,15.24422973698336,33.50107353730542,27.428878153515836,3.9855072463768115,12.640901771336553,2.2946859903381642,4.320987654320987,0.5837359098228664,
101,15.210681696188942,32.80327428878154,27.428878153515836,4.0995705850778315,12.640901771336553,2.2074610842726785,5.025496511003757,0.5837359098228664,
102,15.271068169618895,32.80327428878154,27.415458937198068,4.072732152442297,12.640901771336553,2.2074610842726785,5.01207729468599,0.5770263016639828,
103,15.365002683843263,32.789855072463766,27.334943639291467,4.072732152442297,12.640901771336553,2.2074610842726785,5.01207729468599,0.5770263016639828,
104,15.458937198067632,32.769726247987116,27.2812667740204,4.072732152442297,12.640901771336553,2.187332259796028,5.01207729468599,0.5770263016639828,
105,15.727321524422974,32.64224369296833,27.274557165861513,4.072732152442297,12.560386473429952,2.187332259796028,4.958400429414922,0.5770263016639828,
106,14.439076757917338,32.52147074610843,36.41975308641975,4.072732152442297,4.7638217928073,1.7713365539452497,5.555555555555555,0.4562533548040794,
107,14.237788513150832,32.00483091787439,36.191626409017715,5.018786902844874,4.7638217928073,1.7713365539452497,5.555555555555555,0.4562533548040794,
108,14.36527106816962,31.93102522812668,36.13794954374664,5.018786902844874,4.7638217928073,1.7713365539452497,5.555555555555555,0.4562533548040794,
109,14.378690284487385,31.91760601180891,36.13794954374664,5.018786902844874,4.7638217928073,1.7713365539452497,5.555555555555555,0.4562533548040794,
110,14.80810520665593,31.716317767042405,35.909822866344605,5.018786902844874,4.7638217928073,1.7713365539452497,5.555555555555555,0.4562533548040794,
111,14.338432635534085,30.877616747181964,39.982555018786904,5.005367686527107,4.38137412775094,2.3215244229736984,2.636876006441224,0.4562533548040794,
112,14.566559312936125,30.776972624798713,38.0703166935051,4.938271604938271,4.374664519592056,2.3215244229736984,3.4151905528717124,1.5365002683843263,
113,14.741009125067096,29.21363392377885,37.996511003757384,4.924852388620504,5.6964573268921095,2.3215244229736984,3.4151905528717124,1.5365002683843263,0.15432098765432098
114,14.794685990338165,28.891572732152444,37.57380568974772,5.260332796564681,5.360976918947934,2.3215244229736984,3.4151905528717124,1.5230810520665594,0.8588298443370908
115,14.969135802469136,28.85131508319914,37.466451959205585,5.260332796564681,5.360976918947934,2.2946859903381642,3.4151905528717124,1.5230810520665594,0.8588298443370908
116,15.177133655394526,28.65673644659152,37.466451959205585,5.340848094471283,5.360976918947934,2.2946859903381642,3.321256038647343,1.5230810520665594,0.8588298443370908
117,15.083199141170155,29.05931293612453,37.35909822866345,5.173107890499195,5.340848094471283,2.281266774020397,3.321256038647343,1.5230810520665594,0.8588298443370908
118,15.217391304347826,29.05931293612453,37.184648416532475,5.166398282340311,5.340848094471283,2.341653247450349,3.321256038647343,1.5096618357487923,0.8588298443370908
119,15.237520128824476,28.938539989264626,37.17793880837359,5.166398282340311,5.448201825013419,2.341653247450349,3.321256038647343,1.5096618357487923,0.8588298443370908
120,15.4723564143854,28.844605475040257,37.03703703703704,5.166398282340311,5.448201825013419,2.341653247450349,3.321256038647343,1.5096618357487923,0.8588298443370908
121,15.499194847020934,28.650026838432634,37.01690821256039,5.166398282340311,5.448201825013419,2.563070316693505,3.321256038647343,1.4761137949543746,0.8588298443370908
122,15.68035426731079,28.556092324208265,36.93639291465379,5.159688674181428,5.448201825013419,2.563070316693505,3.321256038647343,1.4761137949543746,0.8588298443370908
123,15.767579173376275,27.106816961889425,36.842458400429415,5.159688674181428,5.441492216854535,4.025764895330113,3.321256038647343,1.4761137949543746,0.8588298443370908
124,15.83467525496511,26.972624798711756,36.822329575952764,5.159688674181428,5.5756843800322065,3.978797638217928,3.321256038647343,1.4761137949543746,0.8588298443370908
125,15.841384863123993,26.972624798711756,35.11808910359635,5.159688674181428,5.555555555555555,4.3478260869565215,2.7643585614600106,3.3816425120772946,0.8588298443370908
126,16.0829307568438,26.402308105206657,34.977187332259795,5.159688674181428,5.555555555555555,4.200214707461084,3.3950617283950617,3.3816425120772946,0.8454106280193237
127,16.1231884057971,26.38888888888889,34.977187332259795,5.159688674181428,5.555555555555555,4.200214707461084,3.3950617283950617,3.3548040794417604,0.8454106280193237
128,16.297638217928075,26.36876006441224,34.95034889962426,5.159688674181428,5.609232420826624,4.05931293612453,3.3950617283950617,3.3548040794417604,0.8051529790660226
129,16.404991948470208,26.33521202361782,34.92351046698873,5.112721417069243,5.609232420826624,4.05931293612453,3.3950617283950617,3.3548040794417604,0.8051529790660226
130,16.485507246376812,26.33521202361782,34.84299516908212,5.112721417069243,5.609232420826624,4.05931293612453,3.3950617283950617,3.3548040794417604,0.8051529790660226
131,13.868760064412239,18.94122383252818,44.04857756307032,5.0993022007514766,7.132313472893183,3.938539989264627,2.8113258185721954,3.3548040794417604,0.8051529790660226
132,14.170692431561998,18.894256575415994,43.88083735909823,5.0993022007514766,7.132313472893183,3.938539989264627,2.7241009125067097,3.3548040794417604,0.8051529790660226
133,14.231078904991948,18.894256575415994,43.82045088566828,5.0993022007514766,7.132313472893183,3.938539989264627,2.7241009125067097,3.3548040794417604,0.8051529790660226
134,14.439076757917338,18.766774020397207,42.80059044551798,5.2066559312936125,6.991411701556629,4.200214707461084,2.7241009125067097,4.066022544283414,0.8051529790660226
135,14.553140096618357,18.766774020397207,42.74020397208803,5.2066559312936125,6.991411701556629,4.17337627482555,2.6972624798711755,4.066022544283414,0.8051529790660226
136,14.600107353730541,18.766774020397207,42.20343531937735,5.2066559312936125,6.977992485238862,4.17337627482555,2.6972624798711755,4.569243156199678,0.8051529790660226
137,14.667203435319378,18.766774020397207,42.14975845410628,5.2066559312936125,6.964573268921095,4.17337627482555,2.6972624798711755,4.569243156199678,0.8051529790660226
138,14.99597423510467,18.625872249060656,41.96188942565754,5.2066559312936125,6.964573268921095,4.17337627482555,2.6972624798711755,4.569243156199678,0.8051529790660226
139,15.28448738593666,18.149490069779926,41.84111647879764,5.2066559312936125,6.709608158883521,4.736983360171766,2.6972624798711755,4.569243156199678,0.8051529790660226
140,15.458937198067632,18.12265163714439,41.76060118089104,5.2066559312936125,6.642512077294686,4.736983360171766,2.6972624798711755,4.569243156199678,0.8051529790660226
141,15.465646806226516,18.00858829844337,41.45195920558239,5.2066559312936125,6.421095008051529,4.62962962962963,3.44873859366613,4.569243156199678,0.798443370907139
142,15.579710144927537,17.98845947396672,41.39157273215244,5.186527106816962,6.421095008051529,4.616210413311863,3.44873859366613,4.569243156199678,0.798443370907139
143,15.579710144927537,17.847557702630166,41.358024691358025,5.4616210413311865,6.421095008051529,4.74369296833065,3.2206119162640903,4.569243156199678,0.798443370907139
144,15.210681696188942,16.955179817498657,40.84138486312399,7.729468599033816,5.9514224369296835,4.723564143853999,3.2206119162640903,4.569243156199678,0.798443370907139
145,15.398550724637682,16.928341384863124,39.070048309178745,7.729468599033816,5.9514224369296835,4.723564143853999,4.985238862050457,4.414922168545357,0.798443370907139
146,15.485775630703166,16.901502952227588,39.02308105206656,7.729468599033816,5.9514224369296835,4.723564143853999,4.985238862050457,4.40150295222759,0.798443370907139
147,15.539452495974235,16.901502952227588,38.97611379495437,7.722758990874933,5.9514224369296835,4.723564143853999,4.985238862050457,4.40150295222759,0.798443370907139
148,15.33816425120773,16.71363392377885,38.24476650563607,7.219538378958669,5.938003220611916,4.723564143853999,6.6827697262479875,4.341116478797638,0.798443370907139
149,15.653515834675256,16.67337627482555,38.191089640365,7.219538378958669,5.931293612453032,4.656468062265164,6.535158346752549,4.341116478797638,0.798443370907139
150,15.177133655394526,16.59286097691895,33.803005904455176,6.213097155126141,13.385668276972625,4.602791196994096,6.481481481481482,2.945517981749866,0.798443370907139
151,14.714170692431562,15.68035426731079,34.286097691894796,6.011808910359635,13.271604938271604,4.38137412775094,7.944176060118089,2.945517981749866,0.7648953301127214
152,14.566559312936125,15.465646806226516,32.60198604401503,5.971551261406334,14.673913043478262,4.247181964573269,7.85024154589372,3.8580246913580245,0.7648953301127214
153,14.593397745571659,15.465646806226516,32.58185721953838,5.971551261406334,14.673913043478262,4.247181964573269,7.85024154589372,3.8580246913580245,0.7581857219538379
154,14.660493827160494,15.465646806226516,32.367149758454104,5.971551261406334,14.163982823403114,4.3545356951154055,8.299785292538916,3.9586688137412773,0.7581857219538379
155,14.707461084272678,15.398550724637682,32.27321524422974,6.085614600107354,14.163982823403114,4.3545356951154055,8.299785292538916,3.9586688137412773,0.7581857219538379
156,14.855072463768115,15.391841116478798,32.1658615136876,6.085614600107354,14.143853998926463,4.341116478797638,8.299785292538916,3.9586688137412773,0.7581857219538379
157,14.895330112721417,15.378421900161031,32.1658615136876,6.085614600107354,14.11701556629093,4.341116478797638,8.299785292538916,3.9586688137412773,0.7581857219538379
158,15.190552871712292,15.237520128824476,32.078636607622116,6.085614600107354,13.955984970477724,4.341116478797638,8.272946859903382,3.9586688137412773,0.8789586688137413
159,15.069779924852389,15.237520128824476,30.911164787976382,6.850509930220075,13.868760064412239,4.341116478797638,9.212292002147075,3.629898013955985,0.8789586688137413
160,15.183843263553408,15.183843263553408,30.891035963499732,6.850509930220075,13.868760064412239,4.341116478797638,9.172034353193773,3.629898013955985,0.8789586688137413
161,15.009393451422437,15.116747181964573,30.246913580246915,7.548309178743962,13.848631239935587,4.341116478797638,9.380032206119163,3.629898013955985,0.8789586688137413
162,15.056360708534621,15.116747181964573,30.226784755770264,7.890499194847021,13.647342995169081,4.327697262479871,9.225711218464841,3.629898013955985,0.8789586688137413
163,15.190552871712292,14.908749329039184,30.421363392377884,7.890499194847021,13.479602791196994,4.28743961352657,9.333064949006978,3.6097691894793345,0.8789586688137413
164,15.217391304347826,14.908749329039184,30.421363392377884,7.890499194847021,13.45276435856146,4.28743961352657,9.333064949006978,3.6097691894793345,0.8789586688137413
165,15.26435856146001,14.908749329039184,30.401234567901234,7.890499194847021,13.439345142243694,4.28743961352657,9.31964573268921,3.6097691894793345,0.8789586688137413
166,15.378421900161031,14.908749329039184,30.35426731078905,7.890499194847021,13.425925925925926,4.28743961352657,9.286097691894794,3.589640365002684,0.8789586688137413
167,15.378421900161031,14.908749329039184,30.35426731078905,7.890499194847021,13.425925925925926,4.28743961352657,9.286097691894794,3.589640365002684,0.8789586688137413
168,15.458937198067632,14.908749329039184,30.35426731078905,7.890499194847021,13.39237788513151,4.240472356414386,9.286097691894794,3.589640365002684,0.8789586688137413
169,15.593129361245303,14.88191089640365,30.327428878153516,7.890499194847021,13.325281803542673,4.240472356414386,9.286097691894794,3.5762211486849167,0.8789586688137413
170,15.821256038647343,14.88191089640365,30.119431025228128,7.87037037037037,13.325281803542673,4.240472356414386,9.286097691894794,3.5762211486849167,0.8789586688137413
171,15.888352120236178,14.868491680085883,29.871175523349436,8.407139023081053,12.95625335480408,4.341116478797638,9.286097691894794,3.502415458937198,0.8789586688137413
172,16.022544283413847,14.841653247450349,29.851046698872786,8.407139023081053,12.95625335480408,4.314278046162104,9.286097691894794,3.502415458937198,0.8185721953837896
173,16.284219001610307,14.841653247450349,29.683306494900698,8.407139023081053,12.95625335480408,4.314278046162104,9.192163177670425,3.502415458937198,0.8185721953837896
174,16.21712292002147,14.828234031132581,28.16022544283414,9.681964573268921,12.942834138486312,4.26731078904992,9.594739667203436,3.488996242619431,0.8185721953837896
175,15.5126140633387,15.546162104133119,27.294685990338163,9.5276435856146,12.47987117552335,5.072463768115942,10.258990874932904,3.488996242619431,0.8185721953837896
176,15.485775630703166,15.150295222758992,27.294685990338163,10.030864197530864,12.47987117552335,5.01207729468599,10.238862050456254,3.488996242619431,0.8185721953837896
177,15.458937198067632,14.99597423510467,26.798174986580783,10.017444981213098,13.20450885668277,5.005367686527107,10.238862050456254,3.488996242619431,0.7917337627482555
178,15.5126140633387,14.982555018786902,26.78475577026302,9.990606548577563,13.20450885668277,5.005367686527107,10.238862050456254,3.488996242619431,0.7917337627482555
179,15.734031132581856,14.982555018786902,26.670692431561996,9.990606548577563,12.95625335480408,5.005367686527107,10.21202361782072,3.488996242619431,0.9594739667203436
180,15.935319377348362,14.949006977992486,26.610305958132045,9.943639291465379,12.929414922168545,5.005367686527107,10.198604401502953,3.4688674181427803,0.9594739667203436
181,16.109769189479334,14.9020397208803,26.496242619431026,9.930220075147611,12.929414922168545,5.005367686527107,10.198604401502953,3.4688674181427803,0.9594739667203436
182,16.49892646269458,14.875201288244767,26.496242619431026,9.769189479334408,12.902576489533011,5.005367686527107,10.02415458937198,3.4688674181427803,0.9594739667203436
183,16.881374127750938,14.861782071927,26.462694578636608,9.614868491680086,12.775093934514224,5.005367686527107,9.98389694041868,3.455448201825013,0.9594739667203436
184,15.076489533011273,17.485238862050455,26.261406333870102,9.614868491680086,12.157809983896941,5.005367686527107,9.98389694041868,3.455448201825013,0.9594739667203436
185,15.257648953301127,17.465110037573805,25.301932367149757,9.5276435856146,12.084004294149223,5.971551261406334,9.977187332259795,3.455448201825013,0.9594739667203436
186,15.5126140633387,17.418142780461622,25.207997852925388,9.473966720343531,12.06387546967257,5.964841653247451,9.943639291465379,3.455448201825013,0.9594739667203436
187,15.573000536768653,17.08937198067633,25.10064412238325,9.473966720343531,12.06387546967257,6.112453032742888,10.198604401502953,3.4286097691894795,0.9594739667203436
188,15.613258185721953,17.08937198067633,25.067096081588836,9.473966720343531,11.75523349436393,6.078904991948471,10.534084809447128,3.4286097691894795,0.9594739667203436
189,15.666935050993022,17.04911433172303,25.067096081588836,9.473966720343531,11.741814278046162,6.078904991948471,10.534084809447128,3.4286097691894795,0.9594739667203436
190,15.72061191626409,17.04911433172303,25.067096081588836,9.46725711218465,11.741814278046162,6.078904991948471,10.493827160493828,3.421900161030596,0.9594739667203436
191,15.801127214170693,17.04911433172303,25.026838432635532,9.46725711218465,11.728395061728396,6.052066559312936,10.493827160493828,3.421900161030596,0.9594739667203436
192,15.821256038647343,17.04911433172303,25.026838432635532,9.46725711218465,11.721685453569512,6.052066559312936,10.48040794417606,3.421900161030596,0.9594739667203436
193,16.009125067096083,17.03569511540526,24.97987117552335,9.46725711218465,11.721685453569512,6.052066559312936,10.466988727858293,3.307836822329576,0.9594739667203436
194,16.243961352657006,17.03569511540526,24.798711755233494,9.46725711218465,11.694847020933977,6.052066559312936,10.44015029522276,3.307836822329576,0.9594739667203436
195,16.29092860976919,16.988727858293075,24.751744498121308,9.608158883521202,11.694847020933977,5.964841653247451,10.433440687063875,3.307836822329576,0.9594739667203436
196,16.525764895330113,16.921631776704242,24.62426194310252,9.608158883521202,11.694847020933977,5.924584004294149,10.433440687063875,3.307836822329576,0.9594739667203436
197,16.53918411164788,16.908212560386474,24.62426194310252,9.608158883521202,11.694847020933977,5.924584004294149,10.433440687063875,3.307836822329576,0.9594739667203436
198,16.700214707461082,16.854535695115406,24.550456253354803,9.608158883521202,11.681427804616211,5.904455179817498,10.433440687063875,3.307836822329576,0.9594739667203436
199,16.834406870638755,16.78743961352657,24.550456253354803,9.594739667203436,11.647879763821793,5.884326355340848,10.433440687063875,3.307836822329576,0.9594739667203436
200,17.136339237788512,16.686795491143318,24.516908212560388,9.588030059044552,11.473429951690822,5.904455179817498,10.433440687063875,3.3011272141706924,0.9594739667203436
201,17.23027375201288,16.666666666666668,24.516908212560388,9.541062801932368,11.446591519055287,5.904455179817498,10.433440687063875,3.3011272141706924,0.9594739667203436
202,17.465110037573805,16.666666666666668,24.496779388083738,9.353193773483628,11.419753086419753,5.904455179817498,10.433440687063875,3.3011272141706924,0.9594739667203436
203,17.53220611916264,16.666666666666668,24.496779388083738,9.286097691894794,11.419753086419753,5.904455179817498,10.433440687063875,3.3011272141706924,0.9594739667203436
204,17.538915727321523,16.659957058507782,24.436392914653783,9.286097691894794,11.325818572195384,5.9514224369296835,10.540794417606012,3.3011272141706924,0.9594739667203436
205,17.673107890499196,16.606280193236714,24.436392914653783,9.272678475577026,11.325818572195384,5.911164787976382,10.513955984970478,3.3011272141706924,0.9594739667203436
206,17.834138486312398,16.586151368760063,24.14117015566291,9.245840042941492,11.312399355877616,5.884326355340848,10.426731078904991,3.6097691894793345,0.9594739667203436
207,18.04213633923779,16.451959205582394,23.919753086419753,9.265968867418144,11.292270531400966,5.884326355340848,10.34621578099839,3.8378958668813743,0.9594739667203436
208,18.04884594739667,16.451959205582394,23.91304347826087,9.265968867418144,11.292270531400966,5.884326355340848,10.34621578099839,3.8378958668813743,0.9594739667203436
209,18.276972624798713,16.378153515834676,23.906333870101985,9.198872785829307,11.265432098765432,5.83064949006978,10.34621578099839,3.8378958668813743,0.9594739667203436
210,18.344068706387546,16.364734299516908,23.825818572195384,9.185453569511541,11.265432098765432,5.917874396135265,10.299248523886206,3.8378958668813743,0.9594739667203436
211,18.47826086956522,16.35131508319914,23.79898013955985,9.172034353193773,11.198336017176597,5.904455179817498,10.299248523886206,3.8378958668813743,0.9594739667203436
212,18.54535695115405,16.23725174449812,23.785560923242084,9.172034353193773,11.198336017176597,6.0587761674718195,10.265700483091788,3.8378958668813743,0.8990874932903918
213,18.67283950617284,16.183574879227052,23.785560923242084,9.158615136876007,11.158078368223295,5.938003220611916,10.36634460547504,3.8378958668813743,0.8990874932903918
214,16.022544283413847,32.971014492753625,19.236446591519055,7.03166935050993,8.601717659688674,2.4154589371980677,8.984165324745035,3.8378958668813743,0.8990874932903918
215,16.029253891572733,32.95759527643585,19.11567364465915,7.03166935050993,8.601717659688674,2.4154589371980677,8.984165324745035,3.965378421900161,0.8990874932903918
216,16.190284487385938,32.628824476650564,18.99490069779925,7.03166935050993,8.57487922705314,2.3886205045625335,9.346484165324744,3.9586688137412773,0.8856682769726248
217,16.183574879227052,32.628824476650564,18.867418142780462,7.03166935050993,8.57487922705314,2.3349436392914655,9.588030059044552,3.9049919484702094,0.8856682769726248
218,16.170155662909288,32.427536231884055,19.45115405260333,6.837090713902308,8.57487922705314,2.3349436392914655,9.534353193773484,3.784219001610306,0.8856682769726248
219,16.445249597423512,32.26650563607085,19.33709071390231,6.977992485238862,8.433977455716587,2.3349436392914655,9.534353193773484,3.784219001610306,0.8856682769726248
220,16.6532474503489,32.10547504025765,19.196188942565755,6.971282877079979,8.433977455716587,2.3349436392914655,9.514224369296834,3.9049919484702094,0.8856682769726248
221,16.720343531937736,32.07192699946323,19.16935050993022,6.971282877079979,8.433977455716587,2.3349436392914655,9.514224369296834,3.898282340311326,0.8856682769726248
222,16.774020397208805,31.07890499194847,19.02173913043478,6.971282877079979,8.433977455716587,3.421900161030596,9.514224369296834,3.898282340311326,0.8856682769726248
223,16.841116478797638,31.052066559312937,19.008319914117017,6.971282877079979,8.433977455716587,3.421900161030596,9.4873859366613,3.898282340311326,0.8856682769726248
224,16.982018250134193,30.96484165324745,18.99490069779925,6.971282877079979,8.407139023081053,3.421900161030596,9.473966720343531,3.898282340311326,0.8856682769726248
225,16.881374127750938,30.96484165324745,18.99490069779925,6.971282877079979,8.353462157809984,3.421900161030596,9.675254965110037,3.898282340311326,0.8387010198604401
226,17.042404723564143,30.931293612453032,18.96135265700483,6.944444444444445,8.32662372517445,3.408480944712829,9.675254965110037,3.8714439076757916,0.8387010198604401
227,16.961889425657542,30.703166935050994,18.947933440687063,7.306763285024155,8.313204508856682,3.408480944712829,9.648416532474503,3.8714439076757916,0.8387010198604401
228,17.008856682769725,30.703166935050994,18.92109500805153,7.306763285024155,8.313204508856682,3.408480944712829,9.64170692431562,3.8580246913580245,0.8387010198604401
229,16.955179817498657,30.689747718733226,18.753354804079443,7.306763285024155,8.313204508856682,3.408480944712829,9.876543209876543,3.8580246913580245,0.8387010198604401
230,17.163177670424048,30.56226516371444,18.67283950617284,7.306763285024155,8.313204508856682,3.408480944712829,9.876543209876543,3.8580246913580245,0.8387010198604401
231,17.324208266237253,30.52871712292002,18.59903381642512,7.300053676865271,8.266237251744498,3.408480944712829,9.876543209876543,3.8580246913580245,0.8387010198604401
232,17.465110037573805,30.50187869028449,18.592324208266238,7.192699946323135,8.266237251744498,3.408480944712829,9.876543209876543,3.8580246913580245,0.8387010198604401
233,17.498658078368223,30.50187869028449,18.592324208266238,7.192699946323135,8.266237251744498,3.408480944712829,9.856414385399892,3.844605475040258,0.8387010198604401
234,17.62614063338701,30.46833064949007,18.5654857756307,7.179280730005368,8.246108427267847,3.408480944712829,9.822866344605474,3.844605475040258,0.8387010198604401
235,17.793880837359097,30.26033279656468,18.51851851851852,7.1725711218464845,8.246108427267847,3.502415458937198,9.822866344605474,3.844605475040258,0.8387010198604401
236,17.847557702630166,29.320987654320987,18.4849704777241,7.1725711218464845,9.688674181427805,3.683574879227053,9.118357487922705,3.844605475040258,0.8387010198604401
237,17.901234567901234,29.30756843800322,18.4849704777241,7.1725711218464845,9.66183574879227,3.683574879227053,9.118357487922705,3.844605475040258,0.8252818035426731
238,18.17632850241546,29.294149221685455,18.310520665593128,7.071926999463232,9.66183574879227,3.683574879227053,9.158615136876007,3.8177670424047236,0.8252818035426731
239,18.055555555555557,29.26731078904992,17.92807300053677,7.6556629092860975,9.66183574879227,3.629898013955985,9.158615136876007,3.8177670424047236,0.8252818035426731
240,18.23671497584541,29.1129898013956,17.901234567901234,7.6556629092860975,9.66183574879227,3.629898013955985,9.158615136876007,3.8177670424047236,0.8252818035426731
241,18.297101449275363,29.07944176060118,17.8743961352657,7.6556629092860975,9.66183574879227,3.629898013955985,9.158615136876007,3.8177670424047236,0.8252818035426731
242,18.310520665593128,29.07944176060118,17.8743961352657,7.6556629092860975,9.648416532474503,3.629898013955985,9.158615136876007,3.8177670424047236,0.8252818035426731
243,18.276972624798713,28.64331723027375,17.840848094471284,7.6556629092860975,9.494095544820183,4.374664519592056,9.145195920558239,3.743961352657005,0.8252818035426731
244,18.605743424584006,28.287707997852927,17.834138486312398,7.635534084809447,9.494095544820183,4.367954911433173,9.212292002147075,3.7372517444981215,0.8252818035426731
245,18.96135265700483,28.227321524422972,17.814009661835748,7.595276435856146,9.494095544820183,4.367954911433173,9.037842190016104,3.6768652710681695,0.8252818035426731
246,19.07541599570585,28.187063875469672,17.800590445517983,7.595276435856146,9.4873859366613,4.327697262479871,9.024422973698336,3.6768652710681695,0.8252818035426731
247,19.243156199677937,28.166935050993022,17.72007514761138,7.561728395061729,9.460547504025765,4.327697262479871,9.017713365539452,3.6768652710681695,0.8252818035426731
248,19.26328502415459,28.166935050993022,17.72007514761138,7.561728395061729,9.460547504025765,4.30756843800322,9.017713365539452,3.6768652710681695,0.8252818035426731
249,19.37734836285561,28.166935050993022,17.659688674181428,7.561728395061729,9.447128287707997,4.294149221685454,9.017713365539452,3.6500268384326353,0.8252818035426731
250,19.605475040257648,28.10654857756307,17.54562533548041,7.5348899624261945,9.420289855072463,4.294149221685454,9.017713365539452,3.6500268384326353,0.8252818035426731
251,19.93424584004294,27.932098765432098,17.418142780461622,7.5348899624261945,9.41358024691358,4.280730005367687,9.01100375738057,3.6500268384326353,0.8252818035426731
252,20.014761137949545,27.932098765432098,17.391304347826086,7.5348899624261945,9.41358024691358,4.280730005367687,9.01100375738057,3.6231884057971016,0.798443370907139
253,19.719538378958667,27.4020397208803,18.317230273752013,7.440955448201825,9.406870638754697,4.280730005367687,9.01100375738057,3.6231884057971016,0.798443370907139
254,19.719538378958667,27.4020397208803,18.317230273752013,7.440955448201825,9.406870638754697,4.280730005367687,9.01100375738057,3.6231884057971016,0.798443370907139
255,19.89398819108964,27.4020397208803,18.21658615136876,7.434245840042942,9.380032206119163,4.280730005367687,9.004294149221685,3.589640365002684,0.798443370907139
256,20.128824476650564,27.3215244229737,18.21658615136876,7.434245840042942,9.359903381642512,4.280730005367687,8.917069243156199,3.589640365002684,0.7514761137949544
257,20.28985507246377,27.3215244229737,18.17632850241546,7.407407407407407,9.292807300053678,4.280730005367687,8.890230810520666,3.589640365002684,0.7514761137949544
258,20.45088566827697,27.18733225979603,18.015297906602253,7.407407407407407,9.265968867418144,4.280730005367687,8.890230810520666,3.750670960815888,0.7514761137949544
