,45,50,52,55,51,56,54,53,57,60,58,59,64,46,63,61,66,47,62
0,97.53086419753086,2.4691358024691357,,,,,,,,,,,,,,,,,
1,97.24235104669887,2.757648953301127,,,,,,,,,,,,,,,,,
2,91.50563607085346,8.494363929146537,,,,,,,,,,,,,,,,,
3,91.0829307568438,8.917069243156199,,,,,,,,,,,,,,,,,
4,90.86151368760065,8.950617283950617,0.10735373054213634,0.08051529790660225,,,,,,,,,,,,,,,
5,90.4723564143854,9.306226516371444,0.10735373054213634,0.11406333870101985,,,,,,,,,,,,,,,
6,90.26435856146001,9.514224369296834,0.10735373054213634,0.11406333870101985,,,,,,,,,,,,,,,
7,90.11674718196457,9.66183574879227,0.10735373054213634,0.11406333870101985,,,,,,,,,,,,,,,
8,82.56172839506173,16.881374127750938,0.3757380568974772,0.18115942028985507,,,,,,,,,,,,,,,
9,82.50805152979066,16.908212560386474,0.3757380568974772,0.20799785292538917,,,,,,,,,,,,,,,
10,82.11889425657542,17.297369833601717,0.3757380568974772,0.20799785292538917,,,,,,,,,,,,,,,
11,77.38191089640365,17.773752012882447,0.3757380568974772,0.5099302200751477,3.9049919484702094,0.05367686527106817,,,,,,,,,,,,,
12,76.87869028448739,18.109232420826622,0.3757380568974772,0.5166398282340311,4.066022544283414,0.05367686527106817,,,,,,,,,,,,,
13,74.38271604938272,20.571658615136876,0.3757380568974772,0.5501878690284487,4.066022544283414,0.05367686527106817,,,,,,,,,,,,,
14,68.94793344068707,21.135265700483092,0.3757380568974772,0.5300590445517982,8.957326892109501,0.05367686527106817,,,,,,,,,,,,,
15,68.82045088566828,21.155394524959743,0.38915727321524424,0.6038647342995169,8.964036500268385,0.06709608158883522,,,,,,,,,,,,,
16,68.73322597960279,21.24932903918411,0.38915727321524424,0.6172839506172839,8.80300590445518,0.20799785292538917,,,,,,,,,,,,,
17,68.67283950617283,21.28287707997853,0.38915727321524424,0.6172839506172839,8.80300590445518,0.20799785292538917,0.026838432635534086,,,,,,,,,,,,
18,68.30381105743425,21.66532474503489,0.38915727321524424,0.6172839506172839,8.695652173913043,0.30193236714975846,0.026838432635534086,,,,,,,,,,,,
19,62.0907139023081,27.925389157273216,0.38915727321524424,0.5703166935050993,8.695652173913043,0.30193236714975846,0.026838432635534086,,,,,,,,,,,,
20,61.99006977992485,27.28797638217928,0.38915727321524424,0.5971551261406334,8.601717659688674,0.39586688137412773,0.7112184648416533,0.026838432635534086,,,,,,,,,,,
21,59.366612989801396,29.24718196457327,0.9796027911969941,0.644122383252818,8.601717659688674,0.39586688137412773,0.7112184648416533,0.05367686527106817,,,,,,,,,,,
22,20.182501341921633,66.25067096081588,1.247987117552335,3.8714439076757916,7.4006977992485234,0.3488996242619431,0.6843800322061192,,0.013419216317767043,,,,,,,,,,
23,18.753354804079443,67.58588298443371,1.2278582930756843,3.965378421900161,7.4006977992485234,0.3488996242619431,0.6843800322061192,,0.03354804079441761,,,,,,,,,,
24,18.659420289855074,67.61272141706924,1.2077294685990339,4.052603327965647,7.4006977992485234,0.3488996242619431,0.6843800322061192,,0.03354804079441761,,,,,,,,,,
25,18.659420289855074,67.46511003757381,1.2077294685990339,4.200214707461084,7.4006977992485234,0.3488996242619431,0.6843800322061192,,0.03354804079441761,,,,,,,,,,
26,18.625872249060656,67.23698336017176,1.2077294685990339,4.461889425657541,7.387278582930757,0.36231884057971014,0.6843800322061192,,0.03354804079441761,,,,,,,,,,
27,18.585614600107355,67.16317767042405,1.2077294685990339,4.575952764358561,7.387278582930757,0.36231884057971014,0.6843800322061192,,0.03354804079441761,,,,,,,,,,
28,18.438003220611915,67.16988727858293,1.2077294685990339,4.736983360171766,7.367149758454106,0.3757380568974772,0.6709608158883521,,0.03354804079441761,,,,,,,,,,
29,18.4447128287708,67.02227589908749,1.2077294685990339,4.87788513150832,7.367149758454106,0.3757380568974772,0.6709608158883521,,0.03354804079441761,,,,,,,,,,
30,18.42458400429415,66.88137412775095,1.2077294685990339,5.038915727321524,7.367149758454106,0.3757380568974772,0.6709608158883521,,0.03354804079441761,,,,,,,,,,
31,18.364197530864196,66.31105743424584,1.2077294685990339,5.629361245303274,7.367149758454106,0.3757380568974772,0.6709608158883521,,0.03354804079441761,0.040257648953301126,,,,,,,,,
32,16.70692431561997,64.93558776167473,6.052066559312936,5.844068706387547,5.475040257648954,0.2549651100375738,0.6709608158883521,,0.020128824476650563,0.040257648953301126,,,,,,,,,
33,16.6129898013956,64.72088030059045,6.078904991948471,5.891035963499732,5.475040257648954,0.2549651100375738,0.6709608158883521,0.23483628556092323,0.020128824476650563,0.040257648953301126,,,,,,,,,
34,16.5727321524423,62.35238862050456,6.078904991948471,4.327697262479871,5.475040257648954,0.2549651100375738,4.64975845410628,0.2147074610842727,0.020128824476650563,0.05367686527106817,,,,,,,,,
35,16.5727321524423,62.33225979602791,6.078904991948471,4.3478260869565215,5.475040257648954,0.2549651100375738,4.616210413311863,0.2147074610842727,0.020128824476650563,0.08722490606548577,,,,,,,,,
36,16.5727321524423,61.983360171765966,6.078904991948471,4.690016103059581,5.475040257648954,0.2549651100375738,4.616210413311863,0.2214170692431562,0.020128824476650563,0.08722490606548577,,,,,,,,,
37,16.586151368760063,59.75577026301664,6.045356951154052,4.05931293612453,5.441492216854535,0.2885131508319914,7.273215244229737,0.2214170692431562,0.28180354267310787,0.04696725711218465,,,,,,,,,
38,16.076221148684915,58.00456253354804,8.487654320987655,3.9318303811057436,5.4616210413311865,0.2885131508319914,7.1725711218464845,0.2214170692431562,0.28180354267310787,0.07380568974771873,,,,,,,,,
39,15.962157809983896,58.071658615136876,8.487654320987655,3.978797638217928,5.4616210413311865,0.2885131508319914,7.139023081052066,0.2214170692431562,0.28180354267310787,0.10735373054213634,,,,,,,,,
40,15.693773483628556,54.1129898013956,8.59500805152979,8.11862587224906,5.421363392377885,0.2885131508319914,7.139023081052066,0.24154589371980675,0.28180354267310787,0.10735373054213634,,,,,,,,,
41,15.593129361245303,54.106280193236714,8.668813741277509,8.219269994632313,5.414653784219001,0.2885131508319914,7.14573268921095,0.11406333870101985,0.3421900161030596,0.10735373054213634,,,,,,,,,
42,15.566290928609769,54.04589371980676,8.668813741277509,8.3064949006978,5.414653784219001,0.2885131508319914,7.14573268921095,0.11406333870101985,0.3421900161030596,0.10735373054213634,,,,,,,,,
43,15.566290928609769,53.0931293612453,8.655394524959743,9.25925925925926,5.387815351583468,0.3153515834675255,7.14573268921095,0.11406333870101985,0.35560923242082665,0.10735373054213634,,,,,,,,,
44,15.573000536768653,53.04616210413312,8.655394524959743,9.29951690821256,5.387815351583468,0.3153515834675255,7.14573268921095,0.11406333870101985,0.35560923242082665,0.10735373054213634,,,,,,,,,
45,15.485775630703166,53.01932367149758,8.655394524959743,9.292807300053678,5.501878690284487,0.3153515834675255,7.14573268921095,0.11406333870101985,0.35560923242082665,0.11406333870101985,,,,,,,,,
46,15.13016639828234,53.247450348899626,8.588298443370908,9.447128287707997,5.481749865807837,0.3153515834675255,7.212828770799785,0.10735373054213634,0.35560923242082665,0.11406333870101985,,,,,,,,,
47,15.116747181964573,53.213902308105204,8.57487922705314,9.433709071390231,5.515297906602254,0.3153515834675255,7.212828770799785,0.10735373054213634,0.36902844873859364,0.14090177133655393,,,,,,,,,
48,15.096618357487923,52.9320987654321,8.57487922705314,9.73564143853999,5.495169082125604,0.33548040794417605,7.185990338164252,0.10735373054213634,0.36902844873859364,0.16774020397208803,,,,,,,,,
49,15.08990874932904,52.925389157273216,8.57487922705314,9.782608695652174,5.4616210413311865,0.33548040794417605,7.185990338164252,0.10735373054213634,0.36902844873859364,0.16774020397208803,,,,,,,,,
50,14.97584541062802,52.945517981749866,8.568169618894256,9.849704777241008,5.4616210413311865,0.33548040794417605,7.185990338164252,0.10735373054213634,0.4025764895330113,0.16774020397208803,,,,,,,,,
51,14.97584541062802,52.885131508319915,8.527911969940956,9.91009125067096,5.394524959742351,0.4025764895330113,7.185990338164252,0.10735373054213634,0.4428341384863124,0.16774020397208803,,,,,,,,,
52,14.97584541062802,51.85856146001073,8.413848631239935,11.05072463768116,5.394524959742351,0.4025764895330113,7.185990338164252,0.10735373054213634,0.4428341384863124,0.16774020397208803,,,,,,,,,
53,14.432367149758454,48.29575952764358,8.628556092324208,9.54777241009125,5.414653784219001,0.4025764895330113,12.560386473429952,0.10735373054213634,0.4428341384863124,0.16774020397208803,,,,,,,,,
54,14.278046162104133,48.35614600107354,8.608427267847558,9.64170692431562,5.414653784219001,0.4025764895330113,12.533548040794418,0.10735373054213634,0.46296296296296297,0.19457863660762212,,,,,,,,,
55,14.257917337627482,47.69189479334407,8.548040794417606,9.695383789586689,5.10601180891036,0.39586688137412773,12.533548040794418,1.0399892646269457,0.5367686527106817,0.19457863660762212,,,,,,,,,
56,12.983091787439614,40.11674718196457,8.521202361782072,9.73564143853999,5.072463768115942,0.39586688137412773,12.513419216317766,9.91009125067096,0.5367686527106817,0.2147074610842727,,,,,,,,,
57,12.962962962962964,33.41384863123994,8.514492753623188,5.448201825013419,5.112721417069243,0.39586688137412773,23.544015029522274,9.91009125067096,0.5434782608695652,0.15432098765432098,,,,,,,,,
58,12.895866881374127,32.018250134192165,8.514492753623188,5.314009661835748,5.112721417069243,0.39586688137412773,20.48443370907139,14.546430488459475,0.5434782608695652,0.08722490606548577,0.06709608158883522,0.020128824476650563,,,,,,,
59,12.801932367149758,31.796833064949006,8.501073537305421,5.273752012882448,5.199946323134729,0.41599570585077833,20.437466451959207,14.647074610842727,0.6910896403650026,0.12077294685990338,0.08051529790660225,0.03354804079441761,,,,,,,
60,12.714707461084272,31.568706387546968,8.501073537305421,5.300590445517981,5.199946323134729,0.41599570585077833,19.994632313472895,14.935587761674718,0.6910896403650026,0.5636070853462157,0.08051529790660225,0.03354804079441761,,,,,,,
61,12.741545893719806,30.99838969404187,8.447396672034353,8.648684916800859,5.199946323134729,0.43612453032742887,19.887278582930758,12.13768115942029,0.7380568974771873,0.6575415995705851,0.07380568974771873,0.03354804079441761,,,,,,,
62,12.734836285560924,30.60252281266774,8.447396672034353,9.104938271604938,5.199946323134729,0.43612453032742887,19.82018250134192,12.084004294149223,0.7380568974771873,0.6575415995705851,0.08722490606548577,0.08722490606548577,,,,,,,
63,12.734836285560924,30.589103596349972,8.460815888352121,9.104938271604938,5.199946323134729,0.43612453032742887,19.77992485238862,12.084004294149223,0.7380568974771873,0.6977992485238862,0.08722490606548577,0.08722490606548577,,,,,,,
64,12.23161567364466,30.018786902844873,8.460815888352121,8.829844337090714,6.991411701556629,1.3754696725711217,19.77992485238862,10.715244229736983,0.7380568974771873,0.6977992485238862,0.07380568974771873,0.08722490606548577,,,,,,,
65,12.224906065485776,29.938271604938272,8.454106280193237,8.870101986044014,6.984702093397746,1.4492753623188406,19.706119162640903,10.681696188942565,0.7313472893183038,0.7246376811594203,0.14761137949543746,0.08722490606548577,,,,,,,
66,12.224906065485776,29.95169082125604,8.433977455716587,8.863392377885132,6.984702093397746,1.4492753623188406,19.692699946323135,10.681696188942565,0.7514761137949544,0.7313472893183038,0.14761137949543746,0.08722490606548577,,,,,,,
67,11.896135265700483,26.140633387010197,19.28341384863124,6.984702093397746,6.91760601180891,1.4090177133655395,15.687063875469672,10.38647342995169,0.36902844873859364,0.7045088566827697,0.13419216317767044,0.08722490606548577,,,,,,,
68,11.621041331186259,25.87224906065486,19.236446591519055,7.0450885668276975,7.387278582930757,1.4224369296833066,15.660225442834138,10.373054213633925,0.41599570585077833,0.7045088566827697,0.17444981213097155,0.08722490606548577,,,,,,,
69,11.594202898550725,25.87224906065486,19.236446591519055,7.03166935050993,7.387278582930757,1.4224369296833066,15.626677402039721,10.359634997316157,0.4428341384863124,0.7313472893183038,0.1878690284487386,0.10735373054213634,,,,,,,
70,11.506977992485238,25.939345142243692,19.108964036500268,7.03166935050993,7.387278582930757,1.4224369296833066,15.45222758990875,10.352925389157273,0.8252818035426731,0.6105743424584005,0.19457863660762212,0.16774020397208803,,,,,,,
71,11.453301127214171,25.79844337090714,19.008319914117017,7.004830917874396,7.434245840042942,1.4224369296833066,15.579710144927537,10.23215244229737,0.9259259259259259,0.6105743424584005,0.30193236714975846,0.2281266774020397,,,,,,,
72,11.211755233494364,25.925925925925927,18.874127750939344,7.018250134192163,7.4208266237251745,1.7579173376274826,15.539452495974235,10.077831454643048,1.0332796564680622,0.6105743424584005,0.30193236714975846,0.2281266774020397,,,,,,,
73,10.742082662372518,25.697799248523886,20.135534084809446,6.89747718733226,7.152442297369833,1.7579173376274826,15.539452495974235,10.077831454643048,0.8588298443370908,0.6105743424584005,0.30193236714975846,0.2281266774020397,,,,,,,
74,10.742082662372518,25.711218464841654,20.095276435856146,6.796833064949007,7.139023081052066,1.7579173376274826,15.445517981749866,10.044283413848632,1.0064412238325282,0.6105743424584005,0.2952227589908749,0.35560923242082665,,,,,,,
75,10.473698336017177,25.966183574879228,20.095276435856146,6.810252281266774,7.139023081052066,1.7579173376274826,15.24422973698336,10.044283413848632,0.966183574879227,0.6642512077294686,0.3153515834675255,0.48980139559849706,0.03354804079441761,,,,,,
76,10.359634997316157,26.080246913580247,19.87385936661299,6.749865807836822,7.139023081052066,1.7579173376274826,15.217391304347826,9.98389694041868,1.2546967257112185,0.7514761137949544,0.30864197530864196,0.48980139559849706,0.03354804079441761,,,,,,
77,10.359634997316157,26.080246913580247,19.03515834675255,6.749865807836822,7.132313472893183,1.7579173376274826,15.217391304347826,9.96376811594203,2.100107353730542,0.7514761137949544,0.32877079978529256,0.48980139559849706,0.03354804079441761,,,,,,
78,8.709071390230811,25.55689747718733,18.65271068169619,6.716317767042405,9.708803005904455,1.7579173376274826,15.203972088030058,9.943639291465379,2.100107353730542,0.7648953301127214,0.3488996242619431,0.5032206119162641,0.03354804079441761,,,,,,
79,8.709071390230811,25.55689747718733,18.511808910359633,6.716317767042405,9.655126140633387,1.8115942028985508,15.203972088030058,9.930220075147611,2.2410091250670963,0.7648953301127214,0.36231884057971014,0.5032206119162641,0.03354804079441761,,,,,,
80,8.68894256575416,24.56387546967257,18.511808910359633,6.454643048845948,9.655126140633387,1.8115942028985508,16.465378421900162,9.930220075147611,2.2410091250670963,0.7783145464304885,0.36231884057971014,0.5032206119162641,0.03354804079441761,,,,,,
81,8.715780998389693,24.50348899624262,18.035426731078903,6.461352657004831,9.64170692431562,2.576489533011272,16.42512077294686,9.433709071390231,2.49597423510467,0.7783145464304885,0.3824476650563607,0.5032206119162641,0.03354804079441761,0.013419216317767043,,,,,
82,8.715780998389693,24.476650563607084,18.02871712292002,6.508319914117015,9.614868491680086,2.576489533011272,16.29092860976919,9.440418679549115,2.475845410628019,0.785024154589372,0.39586688137412773,0.644122383252818,0.03354804079441761,0.013419216317767043,,,,,
83,8.68894256575416,24.4296833064949,18.04213633923779,6.481481481481482,9.648416532474503,2.576489533011272,16.27079978529254,9.440418679549115,2.5026838432635534,0.798443370907139,0.39586688137412773,0.6776704240472357,0.03354804079441761,0.013419216317767043,,,,,
84,7.991143317230274,25.046967257112186,18.075684380032207,6.481481481481482,9.648416532474503,2.576489533011272,16.297638217928075,9.426999463231347,2.5026838432635534,0.798443370907139,0.4092860976918948,0.6977992485238862,0.03354804079441761,0.013419216317767043,,,,,
85,7.85024154589372,25.0805152979066,18.015297906602253,6.629092860976919,9.554482018250134,2.509393451422437,16.33118625872249,9.380032206119163,2.5697799248523885,0.798443370907139,0.5032206119162641,0.7246376811594203,0.040257648953301126,0.013419216317767043,,,,,
86,7.7361782071927,24.973161567364468,17.66639828234031,6.561996779388084,10.165056360708535,2.5161030595813205,16.25067096081589,9.380032206119163,2.5496511003757383,0.785024154589372,0.5367686527106817,0.8118625872249061,0.040257648953301126,0.013419216317767043,0.013419216317767043,,,,
87,7.7361782071927,24.932903918411164,17.60601180891036,6.575415995705851,10.084541062801932,2.509393451422437,16.284219001610307,9.460547504025765,2.61003757380569,0.785024154589372,0.5367686527106817,0.8118625872249061,0.040257648953301126,0.013419216317767043,0.013419216317767043,,,,
88,7.239667203435319,25.91250670960816,12.050456253354804,6.199677938808374,16.33118625872249,2.3550724637681157,16.170155662909288,9.346484165324744,2.13365539452496,0.8118625872249061,0.5837359098228664,0.8118625872249061,0.040257648953301126,,0.013419216317767043,,,,
89,6.830381105743425,25.664251207729468,11.956521739130435,6.166129898013956,17.51207729468599,2.100107353730542,15.915190552871712,9.41358024691358,2.13365539452496,0.8252818035426731,0.6038647342995169,0.8252818035426731,0.040257648953301126,,0.013419216317767043,,,,
90,6.837090713902308,25.650831991411703,11.822329575952764,6.219806763285024,17.505367686527105,2.100107353730542,15.915190552871712,9.39345142243693,2.214170692431562,0.8252818035426731,0.6374127750939346,0.8252818035426731,0.040257648953301126,,0.013419216317767043,,,,
91,5.273752012882448,22.57783145464305,9.326355340848094,5.226784755770263,16.404991948470208,2.13365539452496,15.848094471282877,18.99490069779925,1.865271068169619,0.8252818035426731,0.6374127750939346,0.8319914117015567,0.040257648953301126,,0.013419216317767043,,,,
92,5.307300053676865,22.52415458937198,9.29951690821256,5.293880837359098,16.358024691358025,2.1604938271604937,15.821256038647343,18.95464304884595,1.865271068169619,0.798443370907139,0.6642512077294686,0.8588298443370908,0.040257648953301126,,0.013419216317767043,0.026838432635534086,0.013419216317767043,,
93,5.260332796564681,22.41009125067096,14.566559312936125,5.367686527106817,13.47289318303811,2.1604938271604937,13.862050456253355,18.92109500805153,1.8988191089640365,0.8051529790660226,0.6642512077294686,0.49651100375738055,0.040257648953301126,0.020128824476650563,0.013419216317767043,0.026838432635534086,0.013419216317767043,,
94,5.273752012882448,22.396672034353195,14.452495974235104,5.381105743424584,13.47289318303811,2.1604938271604937,13.781535158346752,18.840579710144926,2.0799785292538915,0.8051529790660226,0.6642512077294686,0.5770263016639828,0.040257648953301126,0.020128824476650563,0.013419216317767043,0.026838432635534086,0.013419216317767043,,
95,5.253623188405797,22.356414385399894,14.284755770263017,5.428073000536768,13.466183574879228,2.1604938271604937,13.761406333870102,18.833870101986044,2.24771873322598,0.8051529790660226,0.6910896403650026,0.5971551261406334,0.040257648953301126,0.020128824476650563,0.013419216317767043,0.026838432635534086,0.013419216317767043,,
96,5.246913580246914,22.302737520128826,14.284755770263017,5.4549114331723025,13.466183574879228,2.227589908749329,13.714439076757918,18.625872249060656,2.395330112721417,0.8051529790660226,0.7648953301127214,0.5971551261406334,0.040257648953301126,0.020128824476650563,0.013419216317767043,0.026838432635534086,0.013419216317767043,,
97,5.233494363929147,22.269189479334408,13.694310252281268,6.166129898013956,13.459473966720344,2.2410091250670963,13.714439076757918,18.61916264090177,2.3215244229736984,0.8051529790660226,0.7648953301127214,0.5971551261406334,0.040257648953301126,0.020128824476650563,0.013419216317767043,0.026838432635534086,0.013419216317767043,,
98,5.246913580246914,22.262479871175522,13.593666129898015,6.166129898013956,13.358829844337091,2.3752012882447664,13.6808910359635,18.55877616747182,2.4221685453569513,0.8051529790660226,0.8185721953837896,0.5971551261406334,0.040257648953301126,0.020128824476650563,0.013419216317767043,0.026838432635534086,0.013419216317767043,,
99,5.24020397208803,22.228931830381107,13.560118089103597,6.152710681696189,13.231347289318304,2.3752012882447664,13.600375738056897,18.61916264090177,2.4221685453569513,0.8051529790660226,0.95276435856146,0.6977992485238862,0.040257648953301126,0.020128824476650563,0.013419216317767043,0.026838432635534086,0.013419216317767043,,
100,5.253623188405797,21.64519592055824,13.553408480944713,7.132313472893183,13.231347289318304,2.1940418679549114,13.372249060654857,18.61916264090177,2.4221685453569513,0.8118625872249061,0.95276435856146,0.6977992485238862,0.040257648953301126,0.020128824476650563,0.013419216317767043,0.026838432635534086,0.013419216317767043,,
101,5.253623188405797,21.631776704240472,13.425925925925926,7.125603864734299,13.20450885668277,2.1940418679549114,13.271604938271604,18.54535695115405,2.6704240472356413,0.8118625872249061,1.0265700483091786,0.7246376811594203,0.040257648953301126,0.020128824476650563,0.013419216317767043,0.026838432635534086,0.013419216317767043,,
102,5.179817498658078,21.55126140633387,15.096618357487923,7.199409554482019,11.493558776167472,2.1739130434782608,13.258185721953838,18.45813204508857,2.8650026838432634,0.8118625872249061,1.0534084809447128,0.7313472893183038,0.040257648953301126,0.020128824476650563,0.013419216317767043,0.040257648953301126,0.013419216317767043,,
103,5.193236714975845,21.55126140633387,15.056360708534621,7.185990338164252,11.473429951690822,2.1604938271604937,13.258185721953838,18.438003220611915,2.932098765432099,0.8118625872249061,1.0534084809447128,0.7581857219538379,0.040257648953301126,0.020128824476650563,0.013419216317767043,0.040257648953301126,0.013419216317767043,,
104,5.186527106816962,21.4573268921095,15.042941492216855,7.27992485238862,11.439881910896403,2.1604938271604937,13.231347289318304,18.438003220611915,2.9790660225442833,0.8051529790660226,1.0869565217391304,0.7648953301127214,0.040257648953301126,0.020128824476650563,0.013419216317767043,0.040257648953301126,0.013419216317767043,,
105,5.186527106816962,21.336553945249598,14.479334406870638,6.078904991948471,11.439881910896403,2.1604938271604937,14.606816961889425,18.417874396135264,3.569511540526033,0.7380568974771873,1.093666129898014,0.7648953301127214,0.040257648953301126,0.020128824476650563,0.013419216317767043,0.040257648953301126,0.013419216317767043,,
106,5.2066559312936125,21.329844337090712,17.57246376811594,6.092324208266238,11.426462694578637,2.1739130434782608,12.406065485775631,18.297101449275363,3.066290928609769,0.7313472893183038,1.2010198604401503,0.36902844873859364,0.040257648953301126,0.020128824476650563,0.013419216317767043,0.040257648953301126,0.013419216317767043,,
107,5.179817498658078,21.349973161567366,17.505367686527105,6.132581857219538,11.33923778851315,2.227589908749329,12.406065485775631,18.183038110574344,3.2004830917874396,0.7313472893183038,1.247987117552335,0.36902844873859364,0.040257648953301126,0.020128824476650563,0.013419216317767043,0.040257648953301126,0.013419216317767043,,
108,5.193236714975845,21.349973161567366,17.47181964573269,6.132581857219538,11.33923778851315,2.227589908749329,12.406065485775631,18.075684380032207,3.207192699946323,0.7313472893183038,1.3687600644122384,0.36902844873859364,0.040257648953301126,0.020128824476650563,0.013419216317767043,0.040257648953301126,0.013419216317767043,,
109,5.2066559312936125,21.26945786366076,17.438271604938272,6.112453032742888,11.3191089640365,3.5292538915727323,12.406065485775631,16.955179817498657,3.1333870101986045,0.7045088566827697,1.42914653784219,0.36902844873859364,0.040257648953301126,0.020128824476650563,0.013419216317767043,0.040257648953301126,0.013419216317767043,,
110,5.12614063338701,21.30300590445518,17.384594739667204,6.1862587224906065,11.292270531400966,3.5426731078904994,12.406065485775631,16.948470209339774,3.1602254428341383,0.7246376811594203,1.42914653784219,0.36902844873859364,0.040257648953301126,0.020128824476650563,0.013419216317767043,0.040257648953301126,0.013419216317767043,,
111,5.0791733762748255,21.28287707997853,18.189747718733226,6.213097155126141,10.950080515297907,3.556092324208266,12.406065485775631,16.505636070853463,3.1736446591519054,0.7246376811594203,1.4224369296833066,0.36902844873859364,0.040257648953301126,0.020128824476650563,0.013419216317767043,0.040257648953301126,0.013419216317767043,,
112,5.059044551798175,21.30300590445518,18.156199677938808,6.213097155126141,10.950080515297907,3.502415458937198,12.385936661298981,16.505636070853463,3.207192699946323,0.7447665056360708,1.4224369296833066,0.36902844873859364,0.040257648953301126,0.020128824476650563,0.013419216317767043,0.0939345142243693,0.013419216317767043,,
113,5.005367686527107,20.437466451959207,19.598765432098766,6.092324208266238,10.628019323671497,3.4688674181427803,12.352388620504563,16.478797638217927,3.207192699946323,0.7447665056360708,1.4358561460010735,0.36902844873859364,0.040257648953301126,0.020128824476650563,0.013419216317767043,0.0939345142243693,0.013419216317767043,,
114,4.99194847020934,20.40391841116479,19.585346215780998,6.125872249060655,10.628019323671497,3.4688674181427803,12.352388620504563,16.478797638217927,3.207192699946323,0.7447665056360708,1.4626945786366077,0.36902844873859364,0.040257648953301126,0.020128824476650563,0.013419216317767043,0.0939345142243693,0.013419216317767043,,
115,5.005367686527107,20.40391841116479,19.545088566827697,6.099033816425121,10.628019323671497,3.4688674181427803,12.325550187869029,16.472088030059044,3.2206119162640903,0.8252818035426731,1.4358561460010735,0.3757380568974772,0.040257648953301126,0.03354804079441761,0.013419216317767043,0.0939345142243693,0.013419216317767043,,
116,5.005367686527107,20.40391841116479,19.53166935050993,6.099033816425121,10.628019323671497,3.4688674181427803,12.285292538915728,16.472088030059044,3.260869565217391,0.8252818035426731,1.4358561460010735,0.41599570585077833,0.040257648953301126,0.03354804079441761,0.013419216317767043,0.06709608158883522,0.013419216317767043,,
117,5.092592592592593,20.38378958668814,19.41760601180891,6.092324208266238,10.607890499194847,3.3950617283950617,12.25174449812131,16.478797638217927,3.321256038647343,0.8252818035426731,1.415727321524423,0.5501878690284487,0.040257648953301126,0.03354804079441761,0.013419216317767043,0.06709608158883522,0.013419216317767043,,
118,5.0791733762748255,19.920826623725173,19.41760601180891,6.776704240472356,10.567632850241546,3.3950617283950617,12.090713902308105,16.451959205582394,3.321256038647343,0.8252818035426731,1.4090177133655395,0.5770263016639828,0.040257648953301126,0.03354804079441761,0.013419216317767043,0.06709608158883522,0.013419216317767043,,
119,5.119431025228127,19.900697799248523,19.350509930220074,6.863929146537842,10.527375201288244,3.408480944712829,12.06387546967257,16.317767042404725,3.4151905528717124,0.8521202361782072,1.4090177133655395,0.6038647342995169,0.040257648953301126,0.03354804079441761,0.013419216317767043,0.06709608158883522,0.013419216317767043,,
120,5.132850241545894,19.85373054213634,19.33709071390231,6.850509930220075,10.473698336017177,3.435319377348363,12.06387546967257,16.29092860976919,3.44873859366613,0.9192163177670424,1.3888888888888888,0.6374127750939346,0.040257648953301126,0.03354804079441761,0.013419216317767043,0.06709608158883522,0.013419216317767043,,
121,5.132850241545894,19.85373054213634,19.30354267310789,6.991411701556629,10.332796564680622,3.435319377348363,12.06387546967257,16.27079978529254,3.4621578099838968,0.9192163177670424,1.4090177133655395,0.6575415995705851,0.040257648953301126,0.03354804079441761,0.013419216317767043,0.06709608158883522,0.013419216317767043,,
122,5.092592592592593,18.887546967257112,19.176060118089104,6.474771873322598,10.279119699409554,3.4688674181427803,13.754696725711218,16.170155662909288,3.5292538915727323,0.8588298443370908,1.482823403113258,0.6575415995705851,0.040257648953301126,0.03354804079441761,0.013419216317767043,0.06709608158883522,0.013419216317767043,,
123,5.0791733762748255,18.874127750939344,19.176060118089104,6.481481481481482,10.299248523886206,3.4688674181427803,13.734567901234568,16.170155662909288,3.5292538915727323,0.8789586688137413,1.482823403113258,0.6575415995705851,0.040257648953301126,0.03354804079441761,0.013419216317767043,0.06709608158883522,0.013419216317767043,,
124,5.059044551798175,18.55877616747182,19.867149758454108,6.461352657004831,10.017444981213098,3.4621578099838968,13.714439076757918,16.14331723027375,3.5292538915727323,0.8990874932903918,1.482823403113258,0.6374127750939346,0.040257648953301126,0.03354804079441761,0.013419216317767043,0.06709608158883522,0.013419216317767043,,
125,5.065754159957058,18.5252281266774,19.867149758454108,6.488191089640365,10.017444981213098,3.4621578099838968,13.714439076757918,16.11647879763822,3.5292538915727323,0.8990874932903918,1.5096618357487923,0.6374127750939346,0.040257648953301126,0.03354804079441761,0.013419216317767043,0.06709608158883522,0.013419216317767043,,
126,5.059044551798175,18.411164787976382,19.81347289318304,6.508319914117015,9.98389694041868,3.4822866344605474,13.647342995169081,16.23054213633924,3.5829307568438002,0.9393451422436929,1.5365002683843263,0.6374127750939346,0.040257648953301126,0.03354804079441761,0.013419216317767043,0.06709608158883522,0.013419216317767043,,
127,5.059044551798175,18.38432635534085,19.732957595276435,6.488191089640365,9.957058507783145,3.4822866344605474,13.647342995169081,16.23054213633924,3.5829307568438002,0.9863123993558777,1.6438539989264627,0.6374127750939346,0.040257648953301126,0.03354804079441761,0.013419216317767043,0.06709608158883522,0.013419216317767043,,
128,5.032206119162641,18.297101449275363,19.732957595276435,6.468062265163715,9.957058507783145,4.62962962962963,13.633923778851315,15.257648953301127,3.5829307568438002,0.9997316156736447,1.6237251744498122,0.6172839506172839,0.040257648953301126,0.03354804079441761,0.013419216317767043,0.06709608158883522,0.013419216317767043,,
129,4.609500805152979,18.605743424584006,19.692699946323135,6.743156199677939,9.923510466988727,4.5960815888352125,13.539989264626946,15.190552871712292,3.629898013955985,1.0332796564680622,1.6237251744498122,0.6172839506172839,0.040257648953301126,0.03354804079441761,0.013419216317767043,0.0939345142243693,0.013419216317767043,,
130,4.575952764358561,18.59903381642512,19.363929146537842,6.729736983360172,10.46027911969941,4.549114331723027,13.533279656468062,15.177133655394526,3.535963499731616,1.0399892646269457,1.6237251744498122,0.6172839506172839,0.040257648953301126,0.03354804079441761,0.013419216317767043,0.0939345142243693,0.013419216317767043,,
131,4.549114331723027,18.276972624798713,19.51825013419216,6.655931293612453,10.165056360708535,4.542404723564144,13.862050456253355,15.458937198067632,3.5225442834138487,1.0131508319914118,1.6237251744498122,0.6172839506172839,0.040257648953301126,0.03354804079441761,0.013419216317767043,0.0939345142243693,0.013419216317767043,,
132,4.549114331723027,18.256843800322063,19.410896403650028,6.736446591519055,10.104669887278583,4.7101449275362315,13.58695652173913,15.458937198067632,3.603059581320451,1.1406333870101986,1.6304347826086956,0.6172839506172839,0.040257648953301126,0.03354804079441761,0.013419216317767043,0.0939345142243693,0.013419216317767043,,
133,4.549114331723027,18.19645732689211,19.41760601180891,6.736446591519055,9.903381642512077,4.7638217928073,13.788244766505636,15.45222758990875,3.5829307568438002,1.1406333870101986,1.6304347826086956,0.644122383252818,0.040257648953301126,0.03354804079441761,0.013419216317767043,0.0939345142243693,0.013419216317767043,,
134,4.441760601180891,17.894524959742352,19.786634460547504,6.756575415995706,9.876543209876543,4.797369833601718,13.781535158346752,15.45222758990875,3.603059581320451,1.1406333870101986,1.6304347826086956,0.644122383252818,0.040257648953301126,0.03354804079441761,0.013419216317767043,0.0939345142243693,0.013419216317767043,,
135,4.394793344068707,17.257112184648417,19.712828770799785,6.421095008051529,9.601449275362318,4.797369833601718,15.009393451422437,15.45222758990875,3.7037037037037037,1.1272141706924315,1.6304347826086956,0.6977992485238862,0.040257648953301126,0.03354804079441761,0.013419216317767043,0.0939345142243693,0.013419216317767043,,
136,4.38137412775094,17.21014492753623,19.712828770799785,6.4412238325281805,9.614868491680086,4.790660225442834,15.009393451422437,15.411969940955448,3.7037037037037037,1.1272141706924315,1.6304347826086956,0.7716049382716049,0.040257648953301126,0.03354804079441761,0.013419216317767043,0.0939345142243693,0.013419216317767043,,
137,4.38137412775094,17.21014492753623,19.612184648416534,6.4412238325281805,9.614868491680086,4.690016103059581,15.009393451422437,15.411969940955448,3.8311862587224907,1.1272141706924315,1.7042404723564144,0.7716049382716049,0.040257648953301126,0.03354804079441761,0.013419216317767043,0.0939345142243693,0.013419216317767043,,
138,4.2203435319377345,16.80756843800322,19.753086419753085,6.468062265163715,9.608158883521202,4.7101449275362315,14.821524422973699,15.982286634460548,3.8311862587224907,1.1272141706924315,1.7042404723564144,0.7716049382716049,0.040257648953301126,0.03354804079441761,0.013419216317767043,0.0939345142243693,0.013419216317767043,,
139,4.2203435319377345,16.70692431561997,19.73966720343532,6.508319914117015,9.608158883521202,4.7101449275362315,15.60654857756307,15.995705850778315,3.616478797638218,0.48980139559849706,1.7042404723564144,0.9930220075147611,,0.03354804079441761,,0.06709608158883522,,,
140,4.2203435319377345,16.485507246376812,19.753086419753085,6.4345142243692965,9.608158883521202,4.7101449275362315,15.814546430488459,16.015834675254965,3.670155662909286,0.48980139559849706,1.7042404723564144,0.9930220075147611,,0.03354804079441761,,0.06709608158883522,,,
141,4.186795491143317,16.472088030059044,19.424315619967793,5.9514224369296835,10.990338164251208,4.602791196994096,15.411969940955448,16.069511540526033,3.643317230273752,0.48980139559849706,1.6639828234031133,0.9930220075147611,,0.03354804079441761,,0.06709608158883522,,,
142,4.186795491143317,16.472088030059044,19.424315619967793,5.984970477724101,10.990338164251208,4.602791196994096,15.378421900161031,16.049382716049383,3.643317230273752,0.48980139559849706,1.6841116478797638,0.9930220075147611,,0.03354804079441761,,0.06709608158883522,,,
143,4.213633923778851,16.19699409554482,19.209608158883523,6.9243156199677935,10.990338164251208,4.602791196994096,15.271068169618895,15.593129361245303,3.643317230273752,0.5166398282340311,1.6841116478797638,1.0534084809447128,,0.03354804079441761,,0.06709608158883522,,,
144,4.247181964573269,16.19699409554482,19.196188942565755,6.9310252281266775,10.916532474503489,4.616210413311863,15.26435856146001,15.5126140633387,3.656736446591519,0.5434782608695652,1.7646269457863661,1.0534084809447128,,0.03354804079441761,,0.06709608158883522,,,
145,4.247181964573269,16.09634997316157,19.182769726247987,7.03166935050993,10.916532474503489,4.616210413311863,15.26435856146001,15.5126140633387,3.670155662909286,0.5434782608695652,1.7646269457863661,1.0534084809447128,,0.03354804079441761,,0.06709608158883522,,,
146,4.247181964573269,16.09634997316157,19.290123456790123,7.03166935050993,10.903113258185721,4.5893719806763285,15.22410091250671,15.485775630703166,3.5426731078904994,0.5837359098228664,1.7981749865807837,1.0802469135802468,,0.03354804079441761,,0.0939345142243693,,,
147,4.260601180891036,16.09634997316157,19.290123456790123,7.058507783145465,10.82259796027912,4.636339237788513,15.22410091250671,15.485775630703166,3.5426731078904994,0.5837359098228664,1.7914653784219001,1.0802469135802468,,0.03354804079441761,,0.0939345142243693,,,
148,4.253891572732153,15.982286634460548,19.229736983360173,7.185990338164252,10.674986580783683,4.777241009125067,15.177133655394526,15.465646806226516,3.603059581320451,0.6172839506172839,1.7914653784219001,1.1137949543746646,,0.03354804079441761,,0.0939345142243693,,,
149,4.119699409554482,14.801395598497047,19.0150295222759,7.152442297369833,12.218196457326892,4.783950617283951,14.9020397208803,15.425389157273216,3.616478797638218,0.6172839506172839,1.8317230273752012,1.3888888888888888,,0.03354804079441761,,0.0939345142243693,,,
150,4.139828234031133,14.801395598497047,18.471551261406333,7.152442297369833,11.90955448201825,5.689747718733226,14.895330112721417,15.425389157273216,3.549382716049383,0.6172839506172839,1.8317230273752012,1.3888888888888888,,0.03354804079441761,,0.0939345142243693,,,
151,4.17337627482555,14.647074610842727,20.538110574342458,7.300053676865271,10.674986580783683,5.347557702630167,14.31159420289855,15.5126140633387,3.5426731078904994,0.6843800322061192,1.8317230273752012,1.3083735909822867,,0.03354804079441761,,0.0939345142243693,,,
152,4.213633923778851,14.647074610842727,20.497852925389157,7.286634460547504,10.674986580783683,5.340848094471283,14.264626945786366,15.485775630703166,3.5628019323671496,0.7112184648416533,1.8585614600107354,1.328502415458937,,0.03354804079441761,,0.0939345142243693,,,
153,4.233762748255502,14.61352657004831,20.48443370907139,7.320182501341922,10.654857756307031,5.367686527106817,14.204240472356414,15.45222758990875,3.5762211486849167,0.7045088566827697,1.9122383252818036,1.3486312399355878,,0.03354804079441761,,0.0939345142243693,,,
154,4.260601180891036,14.465915190552872,20.45088566827697,7.595276435856146,10.540794417606012,5.35426731078905,14.204240472356414,15.405260332796564,3.603059581320451,0.7045088566827697,1.9390767579173376,1.3486312399355878,,0.03354804079441761,,0.0939345142243693,,,
155,4.320987654320987,14.439076757917338,20.38378958668814,7.595276435856146,10.540794417606012,5.35426731078905,13.902308105206655,15.405260332796564,3.603059581320451,0.7045088566827697,2.2745571658615136,1.3486312399355878,,0.03354804079441761,,0.0939345142243693,,,
156,4.334406870638754,14.331723027375201,20.38378958668814,7.548309178743962,10.540794417606012,5.662909286097692,13.969404186795492,15.13016639828234,3.603059581320451,0.7045088566827697,2.26784755770263,1.3955984970477724,,0.03354804079441761,,0.0939345142243693,,,
157,4.3545356951154055,14.331723027375201,20.336822329575952,7.494632313472893,10.507246376811594,5.609232420826624,13.868760064412239,15.13016639828234,3.864734299516908,0.7112184648416533,2.2946859903381642,1.3687600644122384,,0.03354804079441761,,0.0939345142243693,,,
158,4.3545356951154055,14.318303811057435,20.336822329575952,7.50805152979066,10.50053676865271,5.60252281266774,13.868760064412239,15.13016639828234,3.864734299516908,0.7112184648416533,2.3081052066559313,1.3687600644122384,,0.03354804079441761,,0.0939345142243693,,,
159,4.367954911433173,14.257917337627482,20.075147611379496,7.628824476650563,10.50053676865271,5.810520665593129,13.868760064412239,15.13016639828234,3.844605475040258,0.7112184648416533,2.3081052066559313,1.3687600644122384,,0.03354804079441761,,0.0939345142243693,,,
160,4.367954911433173,14.251207729468598,20.068438003220614,7.628824476650563,10.44015029522276,5.884326355340848,13.875469672571121,15.083199141170155,3.8177670424047236,0.7112184648416533,2.3550724637681157,1.3888888888888888,,0.03354804079441761,,0.0939345142243693,,,
161,4.361245303274289,14.184111647879764,20.068438003220614,7.803274288781535,10.373054213633925,5.870907139023081,13.868760064412239,15.042941492216855,3.8177670424047236,0.7112184648416533,2.3550724637681157,1.415727321524423,,0.03354804079441761,,0.0939345142243693,,,
162,4.394793344068707,14.04320987654321,20.061728395061728,7.796564680622652,10.359634997316157,5.897745571658615,13.848631239935587,15.143585614600108,3.8177670424047236,0.7112184648416533,2.368491680085883,1.42914653784219,,0.03354804079441761,,0.0939345142243693,,,
