,45,50,55,54,53,56,51,52,58,60,57,59,61,63,46,62
0,98.59098228663446,1.4090177133655395,,,,,,,,,,,,,,
1,98.28234031132583,1.7176596886741815,,,,,,,,,,,,,,
2,97.70531400966183,2.2946859903381642,,,,,,,,,,,,,,
3,94.19618894256575,5.790391841116479,0.013419216317767043,,,,,,,,,,,,,
4,92.04911433172303,7.937466451959206,0.013419216317767043,,,,,,,,,,,,,
5,84.03113258185722,15.955448201825014,0.013419216317767043,,,,,,,,,,,,,
6,65.73403113258186,34.15861513687601,0.10735373054213634,,,,,,,,,,,,,
7,65.60654857756307,33.883521202361784,0.3824476650563607,0.1274825550187869,,,,,,,,,,,,
8,64.78797638217928,34.56119162640902,0.5233494363929146,0.1274825550187869,,,,,,,,,,,,
9,64.2914653784219,35.00402576489533,0.5501878690284487,0.1274825550187869,0.026838432635534086,,,,,,,,,,,
10,64.12372517444982,34.74906065485776,0.9728931830381106,0.1274825550187869,0.026838432635534086,,,,,,,,,,,
11,63.747987117552334,34.628287707997856,1.442565754159957,0.1274825550187869,0.026838432635534086,0.026838432635534086,,,,,,,,,,
12,62.97638217928073,33.70907139023081,1.482823403113258,0.07380568974771873,1.7310789049919484,0.026838432635534086,,,,,,,,,,
13,62.754965110037574,33.641975308641975,1.5767579173376274,0.24825550187869028,1.7310789049919484,0.026838432635534086,0.020128824476650563,,,,,,,,,
14,62.31213097155126,33.702361782071925,1.6505636070853462,0.24825550187869028,2.0397208803005906,0.026838432635534086,0.020128824476650563,,,,,,,,,
15,61.81561996779388,34.17203435319377,1.6304347826086956,0.24825550187869028,2.073268921095008,0.026838432635534086,0.020128824476650563,0.013419216317767043,,,,,,,,
16,61.60762211486849,34.27938808373591,1.7310789049919484,0.24825550187869028,2.073268921095008,0.026838432635534086,0.020128824476650563,0.013419216317767043,,,,,,,,
17,61.29898013955985,34.50080515297907,1.8183038110574343,0.24825550187869028,2.073268921095008,0.026838432635534086,0.020128824476650563,0.013419216317767043,,,,,,,,
18,48.21524422973698,50.4495437466452,0.7447665056360708,0.17444981213097155,0.36902844873859364,0.026838432635534086,0.020128824476650563,,,,,,,,,
19,48.04079441760601,50.34219001610306,1.0265700483091786,0.17444981213097155,0.36902844873859364,0.026838432635534086,0.020128824476650563,,,,,,,,,
20,45.7662372517445,43.4447128287708,1.3083735909822867,0.10735373054213634,0.36902844873859364,0.026838432635534086,0.020128824476650563,8.923778851315083,0.03354804079441761,,,,,,,
21,45.48443370907139,43.47155126140633,1.5633387010198605,0.10735373054213634,0.36902844873859364,0.026838432635534086,0.020128824476650563,8.923778851315083,0.03354804079441761,,,,,,,
22,45.189210950080515,43.51180891035963,1.8183038110574343,0.10735373054213634,0.36902844873859364,0.026838432635534086,0.020128824476650563,8.923778851315083,0.03354804079441761,,,,,,,
23,43.914385399892645,44.53166935050993,2.073268921095008,0.10735373054213634,0.36902844873859364,0.026838432635534086,0.020128824476650563,8.923778851315083,0.03354804079441761,,,,,,,
24,42.86768652710682,44.20289855072464,2.1068169618894257,0.10735373054213634,0.36902844873859364,0.026838432635534086,0.020128824476650563,10.265700483091788,0.03354804079441761,,,,,,,
25,42.53891572732152,43.833870101986044,2.254428341384863,0.3757380568974772,0.36902844873859364,0.026838432635534086,0.020128824476650563,10.527375201288244,0.05367686527106817,,,,,,,
26,42.391304347826086,42.981749865807835,3.240740740740741,0.3757380568974772,0.36902844873859364,0.026838432635534086,0.03354804079441761,10.352925389157273,0.2281266774020397,,,,,,,
27,42.16317767042405,42.81400966183575,3.6366076221148687,0.3757380568974772,0.36902844873859364,0.026838432635534086,0.03354804079441761,10.339506172839506,0.24154589371980675,,,,,,,
28,41.98201825013419,41.38486312399356,5.246913580246914,0.3757380568974772,0.36902844873859364,0.20128824476650564,0.03354804079441761,10.138217928073,0.24154589371980675,0.026838432635534086,,,,,,
29,41.87466451959206,41.1231884057971,5.615942028985507,0.3757380568974772,0.36902844873859364,0.20128824476650564,0.03354804079441761,10.111379495437467,0.2683843263553409,0.026838432635534086,,,,,,
30,41.50563607085346,41.14331723027375,5.958132045088567,0.39586688137412773,0.35560923242082665,0.20128824476650564,0.03354804079441761,10.111379495437467,0.2683843263553409,0.026838432635534086,,,,,,
31,41.30434782608695,41.10976918947934,6.166129898013956,0.39586688137412773,0.35560923242082665,0.20128824476650564,0.03354804079441761,10.11808910359635,0.2885131508319914,0.026838432635534086,,,,,,
32,41.136607622114866,41.217122920021474,6.005099302200751,0.39586688137412773,0.35560923242082665,0.20128824476650564,0.06038647342995169,10.11808910359635,0.2885131508319914,0.026838432635534086,0.19457863660762212,,,,,
33,39.23778851315083,42.88781535158347,6.239935587761675,0.39586688137412773,0.35560923242082665,0.20128824476650564,0.05367686527106817,10.11808910359635,0.2885131508319914,0.026838432635534086,0.19457863660762212,,,,,
34,38.84192163177671,42.66639828234031,6.863929146537842,0.39586688137412773,0.35560923242082665,0.20128824476650564,0.05367686527106817,10.0979602791197,0.2885131508319914,0.040257648953301126,0.19457863660762212,,,,,
35,38.43263553408481,42.72007514761138,6.9243156199677935,0.41599570585077833,0.3421900161030596,0.20128824476650564,0.05367686527106817,10.373054213633925,0.2885131508319914,0.040257648953301126,0.20799785292538917,,,,,
36,38.31857219538379,42.673107890499196,6.9310252281266775,0.5032206119162641,0.3757380568974772,0.2214170692431562,0.05367686527106817,10.272410091250672,0.2952227589908749,0.040257648953301126,0.3153515834675255,,,,,
37,37.513419216317764,42.67981749865808,7.367149758454106,0.7783145464304885,0.6642512077294686,0.2214170692431562,0.05367686527106817,10.030864197530864,0.33548040794417605,0.040257648953301126,0.3153515834675255,,,,,
38,36.272141706924316,41.59286097691895,9.64170692431562,0.798443370907139,0.6642512077294686,0.2214170692431562,0.05367686527106817,9.88996242619431,0.46967257112184646,0.040257648953301126,0.35560923242082665,,,,,
39,35.339506172839506,42.109500805152976,9.172034353193773,0.5568974771873323,1.1272141706924315,0.2147074610842727,0.06709608158883522,10.560923242082662,0.4428341384863124,0.013419216317767043,0.35560923242082665,0.040257648953301126,,,,
40,35.178475577026305,42.05582393988191,9.31964573268921,0.5971551261406334,1.1272141706924315,0.2147074610842727,0.06709608158883522,10.513955984970478,0.47638217928073,0.05367686527106817,0.35560923242082665,0.040257648953301126,,,,
41,34.94363929146538,42.16317767042405,9.426999463231347,0.5971551261406334,1.1473429951690821,0.2147074610842727,0.06709608158883522,10.352925389157273,0.46296296296296297,0.05367686527106817,0.5300590445517982,0.040257648953301126,,,,
42,33.621846484165324,43.06897477187332,9.561191626409018,0.5971551261406334,1.1473429951690821,0.3488996242619431,0.13419216317767044,10.326086956521738,0.5703166935050993,0.05367686527106817,0.5300590445517982,0.040257648953301126,,,,
43,33.65539452495974,42.981749865807835,9.494095544820183,0.6776704240472357,1.1674718196457328,0.36231884057971014,0.13419216317767044,10.272410091250672,0.6038647342995169,0.05367686527106817,0.5367686527106817,0.040257648953301126,0.020128824476650563,,,
44,33.393719806763286,42.92807300053677,9.614868491680086,0.6776704240472357,1.1674718196457328,0.36231884057971014,0.18115942028985507,10.426731078904991,0.5971551261406334,0.05367686527106817,0.5367686527106817,0.040257648953301126,0.020128824476650563,,,
45,29.69001610305958,42.64626945786366,9.272678475577026,2.536231884057971,1.0869565217391304,0.38915727321524424,2.7777777777777777,10.352925389157273,0.5971551261406334,0.05367686527106817,0.5367686527106817,0.040257648953301126,0.020128824476650563,,,
46,28.911701556629094,41.93505099302201,8.57487922705314,4.213633923778851,1.0869565217391304,0.30864197530864196,2.7777777777777777,11.023886205045626,0.5971551261406334,0.05367686527106817,0.4562533548040794,0.040257648953301126,0.020128824476650563,,,
47,28.844605475040257,41.908212560386474,8.635265700483092,4.186795491143317,1.0869565217391304,0.30864197530864196,2.8113258185721954,10.943370907139023,0.6776704240472357,0.05367686527106817,0.4562533548040794,0.06709608158883522,0.020128824476650563,,,
48,28.61647879763822,41.90150295222759,8.836553945249598,4.1129898013955986,1.1540526033279657,0.30193236714975846,2.791196994095545,10.809178743961352,0.6776704240472357,0.05367686527106817,0.5032206119162641,0.2214170692431562,0.020128824476650563,,,
49,28.468867418142782,41.6532474503489,8.856682769726248,4.139828234031133,1.2010198604401503,0.41599570585077833,2.9388083735909825,10.789049919484702,0.7447665056360708,0.05367686527106817,0.49651100375738055,0.2214170692431562,0.020128824476650563,,,
50,28.415190552871714,41.2842190016103,9.004294149221685,4.139828234031133,1.3620504562533549,0.41599570585077833,3.0595813204508855,10.782340311325818,0.7447665056360708,0.05367686527106817,0.49651100375738055,0.2214170692431562,0.020128824476650563,,,
51,27.61003757380569,42.78717122920021,9.078099838969404,4.0995705850778315,1.6438539989264627,0.46967257112184646,2.1739130434782608,10.493827160493828,0.7447665056360708,0.13419216317767044,0.5233494363929146,0.2214170692431562,0.020128824476650563,,,
52,27.549651100375737,42.351046698872786,9.091519055287172,4.092860976918948,1.8988191089640365,0.46967257112184646,2.1739130434782608,10.668276972624799,0.7783145464304885,0.10735373054213634,0.5770263016639828,0.2214170692431562,0.020128824476650563,,,
53,27.482555018786904,41.948470209339774,9.286097691894794,4.3478260869565215,1.9189479334406871,0.46967257112184646,2.1739130434782608,10.63472893183038,0.8118625872249061,0.10735373054213634,0.5770263016639828,0.2214170692431562,0.020128824476650563,,,
54,27.375201288244767,41.59286097691895,9.366612989801396,4.3478260869565215,1.9457863660762211,0.46967257112184646,2.395330112721417,10.768921095008052,0.8118625872249061,0.10735373054213634,0.5770263016639828,0.2214170692431562,0.020128824476650563,,,
55,27.194041867954912,41.76731078904992,9.373322597960279,4.3478260869565215,1.9592055823939882,0.46967257112184646,2.38191089640365,10.755501878690284,0.8252818035426731,0.10735373054213634,0.5770263016639828,0.2214170692431562,0.020128824476650563,,,
56,25.63070316693505,40.693773483628554,9.420289855072463,4.247181964573269,1.710950080515298,0.46967257112184646,2.38191089640365,13.694310252281268,0.8252818035426731,0.10735373054213634,0.5770263016639828,0.2214170692431562,0.020128824476650563,,,
57,25.5703166935051,40.59983896940419,9.473966720343531,4.575952764358561,1.710950080515298,0.46967257112184646,2.4020397208803006,13.539989264626946,0.7514761137949544,0.10735373054213634,0.5568974771873323,0.2214170692431562,0.020128824476650563,,,
58,25.288513150831992,40.425389157273216,9.688674181427805,4.824208266237251,1.6908212560386473,0.46967257112184646,2.2879763821792807,13.654052603327965,0.7514761137949544,0.10735373054213634,0.5703166935050993,0.2214170692431562,0.020128824476650563,,,
59,24.56387546967257,39.60681696188943,9.816156736446592,4.723564143853999,1.6908212560386473,0.46967257112184646,3.8714439076757916,13.533279656468062,0.7514761137949544,0.13419216317767044,0.5971551261406334,0.2214170692431562,0.020128824476650563,,,
60,24.228395061728396,39.64707461084273,10.044283413848632,4.723564143853999,1.7713365539452497,0.46967257112184646,3.797638217928073,13.513150831991412,0.8319914117015567,0.13419216317767044,0.5971551261406334,0.2214170692431562,0.020128824476650563,,,
61,24.10762211486849,39.12372517444981,10.138217928073,4.864465915190553,2.187332259796028,0.46967257112184646,3.730542136339238,13.573537305421363,0.8319914117015567,0.13419216317767044,0.5971551261406334,0.2214170692431562,0.020128824476650563,,,
62,24.020397208803004,38.58695652173913,9.957058507783145,4.87788513150832,4.40150295222759,0.46967257112184646,3.730542136339238,12.29200214707461,0.6843800322061192,0.13419216317767044,0.5971551261406334,0.2281266774020397,0.020128824476650563,,,
63,22.269189479334408,40.995705850778315,9.997316156736447,4.824208266237251,4.542404723564144,0.46967257112184646,3.730542136339238,11.439881910896403,0.6843800322061192,0.13419216317767044,0.6642512077294686,0.2281266774020397,0.020128824476650563,,,
64,22.020933977455716,40.123456790123456,9.849704777241008,4.5960815888352125,6.139291465378422,0.4562533548040794,3.743961352657005,11.292270531400966,0.644122383252818,0.1610305958132045,0.6977992485238862,0.2616747181964573,0.013419216317767043,,,
65,21.940418679549115,39.95571658615137,9.769189479334408,4.555823939881911,6.152710681696189,0.6239935587761675,3.9519592055823938,11.16478797638218,0.7716049382716049,0.1610305958132045,0.6776704240472357,0.2616747181964573,0.013419216317767043,,,
66,20.94068706387547,40.49248523886205,10.144927536231885,4.522275899087493,6.152710681696189,0.6508319914117016,4.0995705850778315,10.983628556092324,0.7581857219538379,0.16774020397208803,0.8118625872249061,0.2616747181964573,0.013419216317767043,,,
67,20.182501341921633,40.61325818572195,10.453569511540525,4.448470209339774,6.119162640901771,0.8990874932903918,4.394793344068707,10.923242082662373,0.7917337627482555,0.15432098765432098,0.7447665056360708,0.2616747181964573,0.013419216317767043,,,
68,19.746376811594203,40.747450348899626,10.507246376811594,4.28743961352657,6.266774020397209,0.8990874932903918,4.4753086419753085,10.721953837895867,0.8789586688137413,0.3153515834675255,0.8789586688137413,0.2616747181964573,0.013419216317767043,,,
69,19.068706387546968,38.84192163177671,10.661567364465915,4.341116478797638,6.078904991948471,0.7783145464304885,7.253086419753086,10.373054213633925,0.8252818035426731,0.3153515834675255,1.1876006441223832,0.2616747181964573,0.013419216317767043,,,
70,19.008319914117017,38.66747181964573,10.829307568438002,4.341116478797638,6.099033816425121,0.7648953301127214,7.239667203435319,10.34621578099839,0.9259259259259259,0.3153515834675255,1.1876006441223832,0.2616747181964573,0.013419216317767043,,,
71,18.189747718733226,39.50617283950617,10.983628556092324,4.435050993022007,6.045356951154052,0.7648953301127214,7.078636607622115,10.265700483091788,0.9259259259259259,0.3153515834675255,1.1876006441223832,0.2885131508319914,0.013419216317767043,,,
72,18.015297906602253,39.110305958132045,11.151368760064413,4.602791196994096,6.045356951154052,0.7648953301127214,7.078636607622115,10.104669887278583,0.8923778851315083,0.3153515834675255,1.6170155662909287,0.2885131508319914,0.013419216317767043,,,
73,17.478529253891573,39.52630166398282,11.11111111111111,4.669887278582931,6.045356951154052,0.7648953301127214,6.998121309715513,10.205314009661835,0.9393451422436929,0.3421900161030596,1.6170155662909287,0.2885131508319914,0.013419216317767043,,,
74,17.47181964573269,39.110305958132045,11.137949543746645,4.750402576489533,6.421095008051529,0.8051529790660226,6.91760601180891,10.205314009661835,0.95276435856146,0.33548040794417605,1.5297906602254427,0.36231884057971014,,,,
75,17.411433172302736,39.090177133655395,11.225174449812132,4.783950617283951,6.400966183574879,0.8051529790660226,6.904186795491143,10.138217928073,0.9728931830381106,0.33548040794417605,1.570048309178744,0.36231884057971014,,,,
76,17.270531400966185,38.99624261943102,11.366076221148685,4.783950617283951,6.286902844873859,0.8051529790660226,7.051798174986581,10.138217928073,0.9728931830381106,0.33548040794417605,1.570048309178744,0.4227053140096618,,,,
77,17.11621041331186,38.26489533011272,10.903113258185721,6.280193236714976,6.112453032742888,0.7179280730005367,7.192699946323135,10.044283413848632,0.95276435856146,0.33548040794417605,1.6572732152442298,0.4227053140096618,,,,
78,16.49892646269458,37.17122920021471,10.990338164251208,6.300322061191626,6.085614600107354,0.7581857219538379,8.80300590445518,10.00402576489533,0.9728931830381106,0.33548040794417605,1.6572732152442298,0.4227053140096618,,,,
79,15.693773483628556,38.08373590982286,11.09098228663446,6.380837359098229,6.139291465378422,0.7112184648416533,8.480944712828771,9.970477724100913,0.9728931830381106,0.33548040794417605,1.7176596886741815,0.4227053140096618,,,,
80,15.653515834675256,38.117283950617285,10.95679012345679,6.380837359098229,6.146001073537305,1.0064412238325282,8.32662372517445,9.957058507783145,0.9728931830381106,0.33548040794417605,1.724369296833065,0.4227053140096618,,,,
81,15.58641975308642,37.97638217928073,11.037305421363392,6.568706387546968,6.0587761674718195,1.0064412238325282,8.340042941492216,9.923510466988727,1.0064412238325282,0.3488996242619431,1.724369296833065,0.4227053140096618,,,,
82,15.566290928609769,37.92941492216855,11.05072463768116,6.568706387546968,6.085614600107354,1.0064412238325282,8.36688137412775,9.883252818035427,1.0064412238325282,0.3488996242619431,1.7646269457863661,0.4227053140096618,,,,
83,15.519323671497585,36.93639291465379,10.976918947933441,6.823671497584541,7.387278582930757,0.9930220075147611,8.387010198604402,9.628287707997853,1.0198604401502953,0.3488996242619431,1.556629092860977,0.4227053140096618,,,,
84,15.411969940955448,36.64117015566291,11.171497584541063,7.0383789586688135,7.461084272678476,0.9997316156736447,8.427267847557703,9.406870638754697,1.1272141706924315,0.3488996242619431,1.5432098765432098,0.4227053140096618,,,,
85,15.22410091250671,36.3996242619431,11.211755233494364,7.058507783145465,7.5348899624261945,0.9997316156736447,8.608427267847558,9.426999463231347,1.107085346215781,0.3488996242619431,1.6103059581320451,0.46967257112184646,,,,
86,15.217391304347826,36.151368760064415,11.084272678475577,7.286634460547504,7.648953301127214,0.9728931830381106,8.588298443370908,9.286097691894794,1.1943102522812667,0.3757380568974772,1.724369296833065,0.46967257112184646,,,,
87,15.076489533011273,35.94337090713902,11.16478797638218,7.286634460547504,7.635534084809447,0.9930220075147611,8.581588835212024,9.5276435856146,1.1943102522812667,0.3757380568974772,1.751207729468599,0.46967257112184646,,,,
88,14.801395598497047,35.87627482555019,11.372785829307569,7.27992485238862,7.615405260332796,1.0265700483091786,8.729200214707461,9.4873859366613,1.2144390767579174,0.3757380568974772,1.751207729468599,0.46967257112184646,,,,
89,14.828234031132581,35.79575952764358,11.392914653784219,7.1725711218464845,7.729468599033816,1.0265700483091786,8.59500805152979,9.574610842726784,1.2144390767579174,0.3757380568974772,1.751207729468599,0.5434782608695652,,,,
90,14.78797638217928,35.45356951154053,11.560654857756306,7.306763285024155,7.729468599033816,1.2412775093934514,8.474235104669887,9.561191626409018,1.2144390767579174,0.3757380568974772,1.751207729468599,0.5434782608695652,,,,
91,14.78797638217928,35.44685990338164,11.708266237251744,7.306763285024155,7.729468599033816,1.2412775093934514,8.474235104669887,9.500805152979066,1.1741814278046163,0.3757380568974772,1.710950080515298,0.5434782608695652,,,,
92,14.754428341384862,33.782877079978526,10.299248523886206,7.944176060118089,7.87037037037037,1.1808910359634996,8.333333333333334,12.412775093934513,1.1003757380568975,0.2952227589908749,1.778046162104133,0.24825550187869028,,,,
93,14.700751476113794,33.65539452495974,10.258990874932904,7.971014492753623,7.85024154589372,1.1808910359634996,8.474235104669887,12.439613526570048,1.1473429951690821,0.2952227589908749,1.778046162104133,0.24825550187869028,,,,
94,14.42565754159957,33.58829844337091,10.453569511540525,8.051529790660226,7.548309178743962,1.2077294685990339,8.82313472893183,12.392646269457863,1.1808910359634996,0.2952227589908749,1.7847557702630166,0.24825550187869028,,,,
95,14.42565754159957,33.52791196994095,10.326086956521738,8.05823939881911,7.64224369296833,1.2278582930756843,8.80300590445518,12.372517444981213,1.1741814278046163,0.2952227589908749,1.8988191089640365,0.24825550187869028,,,,
96,14.432367149758454,33.52120236178207,10.279119699409554,7.96430488459474,7.635534084809447,1.133923778851315,8.816425120772946,12.47987117552335,1.2949543746645196,0.2952227589908749,1.8988191089640365,0.24825550187869028,,,,
97,13.607085346215781,33.353462157809986,10.305958132045088,8.246108427267847,7.635534084809447,1.133923778851315,9.588030059044552,12.385936661298981,1.2949543746645196,0.30193236714975846,1.8988191089640365,0.24825550187869028,,,,
98,13.546698872785829,32.98443370907139,10.238862050456254,8.165593129361245,7.561728395061729,1.261406333870102,8.628556092324208,13.821792807300053,1.3419216317767042,0.30193236714975846,1.8988191089640365,0.24825550187869028,,,,
99,13.365539452495975,32.789855072463766,10.57434245840043,8.132045088566828,7.729468599033816,1.1741814278046163,8.36688137412775,14.009661835748792,1.2949543746645196,0.30193236714975846,2.0128824476650564,0.24825550187869028,,,,
100,13.211218464841654,31.723027375201287,10.50053676865271,8.13875469672571,7.601986044015029,1.1741814278046163,8.125335480407944,15.666935050993022,1.2949543746645196,0.30193236714975846,2.0128824476650564,0.24825550187869028,,,,
101,13.18438003220612,31.696188942565755,10.560923242082662,8.205850778314547,7.326892109500805,1.1943102522812667,8.125335480407944,15.619967793880837,1.2681159420289856,0.2952227589908749,2.301395598497048,0.2214170692431562,,,,
102,12.754965110037574,30.152979066022546,10.554213633923778,7.9039184111647875,7.300053676865271,1.1808910359634996,10.701825013419215,15.297906602254429,1.3352120236178207,0.2952227589908749,2.301395598497048,0.2214170692431562,,,,
103,12.754965110037574,30.132850241545892,10.57434245840043,7.890499194847021,7.300053676865271,1.2077294685990339,10.668276972624799,15.291196994095545,1.3620504562533549,0.2952227589908749,2.2946859903381642,0.2214170692431562,,0.0067096081588835215,,
104,12.473161567364466,30.18652710681696,10.7085346215781,7.7831454643048845,7.37385936661299,1.2077294685990339,10.68840579710145,15.344873859366613,1.3620504562533549,0.3153515834675255,2.3349436392914655,0.2214170692431562,,,,
105,12.285292538915728,30.35426731078905,10.7085346215781,7.917337627482555,7.353730542136339,1.2412775093934514,10.668276972624799,15.22410091250671,1.3888888888888888,0.3153515834675255,2.3215244229736984,0.2214170692431562,,,,
106,12.245034889962426,29.864465915190554,10.513955984970478,8.091787439613526,7.481213097155126,1.3083735909822867,10.903113258185721,15.331454643048845,1.3888888888888888,0.3153515834675255,2.3349436392914655,0.2214170692431562,,,,
107,12.164519592055823,29.643048845947398,10.601180891035963,8.11862587224906,7.689210950080516,1.3821792807300053,10.869565217391305,15.257648953301127,1.3888888888888888,0.3153515834675255,2.3215244229736984,0.24825550187869028,,,,
108,12.110842726784755,29.562533548040793,10.809178743961352,8.038110574342458,7.695920558239399,1.3821792807300053,10.84272678475577,15.210681696188942,1.3888888888888888,0.35560923242082665,2.26784755770263,0.33548040794417605,,,,
109,12.06387546967257,28.784219001610307,11.003757380568974,8.09849704777241,7.709339774557166,1.4224369296833066,11.453301127214171,15.083199141170155,1.3553408480944713,0.35560923242082665,2.3349436392914655,0.33548040794417605,,,,
110,11.963231347289318,28.488996242619432,10.124798711755233,6.474771873322598,7.514761137949543,1.2077294685990339,11.446591519055287,19.088835212023618,1.2144390767579174,0.04696725711218465,2.0933977455716586,0.33548040794417605,,,,
111,11.882716049382717,28.482286634460547,10.131508319914117,6.5552871712292005,7.48792270531401,1.2278582930756843,11.406333870101985,19.108964036500268,1.2412775093934514,0.04696725711218465,2.0933977455716586,0.33548040794417605,,,,
112,11.493558776167472,28.797638217928075,10.379763821792807,6.521739130434782,7.514761137949543,1.2278582930756843,11.379495437466453,18.94122383252818,1.2077294685990339,0.07380568974771873,2.1269457863660763,0.33548040794417605,,,,
113,11.493558776167472,28.797638217928075,10.487117552334944,6.521739130434782,7.514761137949543,1.2278582930756843,11.366076221148685,18.800322061191626,1.2077294685990339,0.07380568974771873,2.1739130434782608,0.33548040794417605,,,,
114,9.916800858829845,30.810520665593128,10.493827160493828,6.515029522275899,7.729468599033816,1.2681159420289856,10.84272678475577,18.53864734299517,1.247987117552335,0.07380568974771873,2.227589908749329,0.33548040794417605,,,,
115,9.883252818035427,30.770263016639827,10.34621578099839,6.213097155126141,9.514224369296834,1.3016639828234031,10.654857756307031,17.72007514761138,1.1876006441223832,0.07380568974771873,2.0128824476650564,0.322061191626409,,,,
116,9.896672034353195,30.683038110574344,10.433440687063875,6.213097155126141,9.514224369296834,1.3016639828234031,10.641438539989265,17.652979066022546,1.2546967257112185,0.07380568974771873,2.0128824476650564,0.322061191626409,,,,
117,9.836285560923242,29.602791196994094,9.970477724100913,5.01207729468599,13.546698872785829,1.3955984970477724,10.61460010735373,16.492216854535695,1.2278582930756843,0.04696725711218465,1.90552871712292,0.3488996242619431,,,,
118,9.782608695652174,29.636339237788512,9.91009125067096,5.092592592592593,13.519860440150294,1.4090177133655395,10.601180891035963,16.505636070853463,1.2412775093934514,0.04696725711218465,1.90552871712292,0.3488996242619431,,,,
119,9.762479871175524,29.146537842190018,9.648416532474503,5.132850241545894,14.895330112721417,1.3217928073000538,10.601180891035963,15.861513687600644,1.2412775093934514,0.04696725711218465,1.9927536231884058,0.3488996242619431,,,,
120,9.73564143853999,28.784219001610307,9.722222222222221,5.24020397208803,15.143585614600108,1.4224369296833066,10.581052066559312,15.707192699946322,1.247987117552335,0.04696725711218465,2.01959205582394,0.3488996242619431,,,,
121,9.380032206119163,28.670155662909288,9.856414385399892,5.22007514761138,15.076489533011273,1.4761137949543746,11.044015029522276,15.673644659151906,1.1674718196457328,0.04696725711218465,2.0397208803005906,0.3488996242619431,,,,
122,9.037842190016104,28.193773483628558,10.077831454643048,5.199946323134729,15.136876006441224,1.4761137949543746,11.694847020933977,15.526033279656469,1.1808910359634996,0.04696725711218465,2.0799785292538915,0.3488996242619431,,,,
123,9.017713365539452,28.039452495974235,10.077831454643048,5.226784755770263,15.33816425120773,1.4761137949543746,11.681427804616211,15.499194847020934,1.1808910359634996,0.04696725711218465,2.1068169618894257,0.30864197530864196,,,,
124,9.044551798174986,27.811325818572197,10.272410091250672,5.293880837359098,15.331454643048845,1.4895330112721417,11.634460547504025,15.4723564143854,1.1808910359634996,0.04696725711218465,2.1135265700483092,0.30864197530864196,,,,
125,8.152173913043478,29.28743961352657,10.36634460547504,5.3341384863123995,15.271068169618895,1.5029522275899088,11.285560923242082,15.076489533011273,1.2681159420289856,0.04696725711218465,2.100107353730542,0.30864197530864196,,,,
126,8.064949006977992,28.64331723027375,10.279119699409554,5.273752012882448,16.056092324208265,1.6035963499731616,11.131239935587761,15.056360708534621,1.2681159420289856,0.04696725711218465,2.214170692431562,0.36231884057971014,,,,
127,8.071658615136876,28.475577026301664,10.36634460547504,5.35426731078905,15.962157809983896,1.6505636070853462,11.097691894793345,14.962426194310252,1.247987117552335,0.05367686527106817,2.428878153515835,0.32877079978529256,,,,
128,8.071658615136876,28.468867418142782,10.352925389157273,5.314009661835748,16.0426731078905,1.6505636070853462,11.077563070316694,14.9020397208803,1.261406333870102,0.05367686527106817,2.4825550187869028,0.2952227589908749,0.026838432635534086,,,
129,8.051529790660226,28.31454643048846,10.36634460547504,5.360976918947934,16.150026838432634,1.6304347826086956,10.976918947933441,14.982555018786902,1.2412775093934514,0.04696725711218465,2.5831991411701556,0.2683843263553409,0.026838432635534086,,,
130,7.977724100912507,28.25415995705851,10.238862050456254,5.367686527106817,16.27079978529254,1.6639828234031133,10.943370907139023,15.103327965646805,1.261406333870102,0.04696725711218465,2.576489533011272,0.2683843263553409,0.026838432635534086,,,
131,7.930756843800322,28.193773483628558,10.312667740203972,5.394524959742351,16.243961352657006,1.6774020397208802,10.943370907139023,15.022812667740205,1.261406333870102,0.04696725711218465,2.677133655394525,0.2683843263553409,0.026838432635534086,,,
132,7.917337627482555,28.187063875469672,10.285829307568438,5.387815351583468,16.31105743424584,1.6975308641975309,10.93666129898014,14.99597423510467,1.247987117552335,0.04696725711218465,2.6972624798711755,0.2616747181964573,0.026838432635534086,,,
133,7.917337627482555,28.10654857756307,10.272410091250672,5.528717122920021,16.0829307568438,1.932367149758454,10.93666129898014,14.928878153515834,1.3553408480944713,0.04696725711218465,2.576489533011272,0.2885131508319914,0.026838432635534086,,,
134,7.823403113258186,27.999194847020934,10.433440687063875,5.515297906602254,16.23725174449812,1.8988191089640365,10.856146001073537,14.9020397208803,1.3553408480944713,0.04696725711218465,2.6435856146001075,0.2885131508319914,,,,
135,7.823403113258186,27.76435856146001,10.359634997316157,5.441492216854535,16.61969940955448,2.147074610842727,10.782340311325818,14.841653247450349,1.2546967257112185,0.04696725711218465,2.6301663982823404,0.2885131508319914,,,,
136,7.85024154589372,27.435587761674718,10.695115405260333,5.683038110574342,16.431830381105744,2.254428341384863,10.681696188942565,14.707461084272678,1.2949543746645196,0.04696725711218465,2.6301663982823404,0.2885131508319914,,,,
137,7.803274288781535,27.32823403113258,10.654857756307031,5.709876543209877,16.243961352657006,2.1604938271604937,11.017176596886742,14.774557165861514,1.288244766505636,0.04696725711218465,2.6838432635534084,0.2885131508319914,,,,
138,7.514761137949543,26.247987117552334,10.426731078904991,5.636070853462158,15.633387010198604,2.1135265700483092,13.781535158346752,14.331723027375201,1.2949543746645196,0.04696725711218465,2.6838432635534084,0.2885131508319914,,,,
139,7.434245840042942,24.892646269457863,10.064412238325282,5.615942028985507,17.652979066022546,2.1269457863660763,13.801663982823403,14.17740203972088,1.2949543746645196,0.04696725711218465,2.6033279656468062,0.2885131508319914,,,,
140,7.320182501341922,24.758454106280194,10.218733225979603,5.609232420826624,17.53220611916264,2.1269457863660763,14.049919484702093,14.130434782608695,1.3217928073000538,0.04696725711218465,2.563070316693505,0.322061191626409,,,,
141,7.27992485238862,23.980139559849704,11.292270531400966,5.401234567901234,17.3040794417606,2.073268921095008,13.996242619431026,14.418947933440688,1.3217928073000538,0.04696725711218465,2.563070316693505,0.322061191626409,,,,
142,7.266505636070853,23.49033816425121,11.198336017176597,5.273752012882448,17.002147074610843,2.073268921095008,14.65378421900161,14.533011272141707,1.3553408480944713,0.10735373054213634,2.6033279656468062,0.4428341384863124,,,,
143,7.273215244229737,23.336017176596886,11.023886205045626,5.495169082125604,17.54562533548041,1.892109500805153,14.459205582393988,14.465915190552872,1.442565754159957,0.10064412238325282,2.522812667740204,0.4428341384863124,,,,
144,7.192699946323135,20.665593129361245,10.674986580783683,5.434782608695652,17.458400429414922,1.865271068169619,13.788244766505636,18.344068706387546,1.4559849704777241,0.08051529790660225,2.5966183574879227,0.4428341384863124,,,,
145,7.132313472893183,20.558239398819108,10.668276972624799,5.475040257648954,17.398013955984972,1.865271068169619,13.922436929683306,18.095813204508858,1.5163714439076759,0.08051529790660225,2.844873859366613,0.4428341384863124,,,,
146,7.139023081052066,20.544820182501343,10.661567364465915,5.475040257648954,17.297369833601717,2.0397208803005906,13.922436929683306,18.06897477187332,1.5096618357487923,0.08722490606548577,2.844873859366613,0.4092860976918948,,,,
147,7.1658615136876005,20.43075684380032,10.795759527643586,5.5689747718733225,17.250402576489535,2.0263016639828235,13.895598497047773,18.04213633923779,1.4761137949543746,0.08722490606548577,2.85829307568438,0.4025764895330113,,,,
148,7.112184648416532,20.25630703166935,10.88298443370907,5.991680085882985,17.062533548040793,2.120236178207193,14.002952227589908,17.840848094471284,1.4761137949543746,0.08722490606548577,2.7643585614600106,0.4025764895330113,,,,
149,7.092055823939882,20.1959205582394,10.876274825550189,6.360708534621578,16.76731078904992,2.046430488459474,14.083467525496511,17.8743961352657,1.4895330112721417,0.1274825550187869,2.6704240472356413,0.41599570585077833,,,,
150,7.125603864734299,19.95437466451959,10.976918947933441,6.488191089640365,16.888083735909824,2.0397208803005906,14.002952227589908,17.827428878153516,1.482823403113258,0.1274825550187869,2.6704240472356413,0.41599570585077833,,,,
151,7.139023081052066,19.880568974771872,10.84272678475577,6.649221685453569,16.914922168545356,2.1806226516371443,13.969404186795492,17.673107890499196,1.4626945786366077,0.1274825550187869,2.7308105206655933,0.41599570585077833,,,0.013419216317767043,
152,6.998121309715513,19.652442297369834,11.312399355877616,6.461352657004831,16.586151368760063,2.046430488459474,14.418947933440688,17.478529253891573,1.4559849704777241,0.1274825550187869,3.0059044551798175,0.4428341384863124,,,0.013419216317767043,
153,7.004830917874396,19.57192699946323,11.460010735373054,6.4345142243692965,16.680085882984432,2.046430488459474,14.418947933440688,17.324208266237253,1.442565754159957,0.1274825550187869,3.0059044551798175,0.46967257112184646,,,0.013419216317767043,
154,6.944444444444445,19.276704240472355,11.43317230273752,6.427804616210413,16.774020397208805,2.100107353730542,14.593397745571659,17.364465915190554,1.4358561460010735,0.13419216317767044,3.0327428878153517,0.46967257112184646,,,0.013419216317767043,
155,6.749865807836822,19.129092860976918,11.372785829307569,6.528448738593666,16.908212560386474,2.13365539452496,14.526301663982823,17.485238862050455,1.5163714439076759,0.13419216317767044,3.0327428878153517,0.46967257112184646,,,0.013419216317767043,
156,6.729736983360172,18.96135265700483,11.386205045625335,6.615673644659152,16.928341384863124,2.1739130434782608,14.479334406870638,17.371175523349436,1.6639828234031133,0.13419216317767044,3.0730005367686526,0.46967257112184646,,,0.013419216317767043,
157,6.696188942565755,18.780193236714975,11.332528180354267,6.696188942565755,16.847826086956523,2.254428341384863,14.774557165861514,17.19001610305958,1.7042404723564144,0.13419216317767044,3.1065485775630703,0.46967257112184646,,,0.013419216317767043,
158,6.696188942565755,18.780193236714975,11.332528180354267,6.810252281266774,16.841116478797638,2.254428341384863,14.774557165861514,17.05582393988191,1.7042404723564144,0.13419216317767044,3.1333870101986045,0.46967257112184646,,,0.013419216317767043,
159,6.723027375201288,18.54535695115405,11.017176596886742,6.843800322061192,17.787171229200215,2.059849704777241,14.640365002683843,17.022275899087493,1.556629092860977,0.13419216317767044,3.2139023081052067,0.4428341384863124,,,0.013419216317767043,
160,6.729736983360172,18.4447128287708,11.11111111111111,6.863929146537842,17.907944176060116,2.086688137412775,14.593397745571659,16.874664519592056,1.5499194847020934,0.13419216317767044,3.2474503488996245,0.4428341384863124,,,0.013419216317767043,
161,6.729736983360172,18.344068706387546,11.064143853998926,7.058507783145465,17.713365539452496,2.200751476113795,14.76784755770263,16.7337627482555,1.5499194847020934,0.13419216317767044,3.2474503488996245,0.4428341384863124,,,0.013419216317767043,
162,6.729736983360172,17.753623188405797,10.84272678475577,6.776704240472356,18.927804616210413,2.2342995169082127,14.868491680085883,16.55931293612453,1.3955984970477724,0.13419216317767044,3.294417606011809,0.46967257112184646,,,0.013419216317767043,
163,6.454643048845948,17.478529253891573,10.520665593129362,6.709608158883521,18.94122383252818,2.2342995169082127,16.59286097691895,15.921900161030596,1.4626945786366077,0.13419216317767044,3.052871712292002,0.4830917874396135,,,0.013419216317767043,
164,6.454643048845948,17.424852388620504,10.57434245840043,6.837090713902308,18.94122383252818,2.2342995169082127,16.566022544283413,15.868223295759528,1.4626945786366077,0.13419216317767044,2.985775630703167,0.4830917874396135,0.020128824476650563,,0.013419216317767043,
165,6.421095008051529,17.28395061728395,10.61460010735373,6.857219538378959,19.028448738593667,2.2946859903381642,16.243961352657006,16.15673644659152,1.4626945786366077,0.13419216317767044,2.985775630703167,0.4830917874396135,0.020128824476650563,,0.013419216317767043,
166,6.353998926462695,17.310789049919485,11.05072463768116,6.6827697262479875,19.11567364465915,2.24771873322598,16.09634997316157,15.874932903918411,1.4895330112721417,0.13419216317767044,3.126677402039721,0.4830917874396135,0.020128824476650563,,0.013419216317767043,
167,6.273483628556092,17.257112184648417,11.117820719269995,6.66935050993022,19.008319914117017,2.38191089640365,16.183574879227052,15.76086956521739,1.5297906602254427,0.12077294685990338,3.1199677938808374,0.5434782608695652,0.020128824476650563,,0.013419216317767043,
168,6.273483628556092,17.11621041331186,11.272141706924316,6.515029522275899,19.236446591519055,2.395330112721417,16.10305958132045,15.74074074074074,1.5297906602254427,0.12077294685990338,3.099838969404187,0.5636070853462157,0.020128824476650563,,0.013419216317767043,
169,6.253354804079442,17.10950080515298,11.29898013955985,6.535158346752549,19.223027375201287,2.3617820719269993,16.129898013955984,15.660225442834138,1.5767579173376274,0.12077294685990338,3.1468062265163717,0.5501878690284487,0.020128824476650563,,0.013419216317767043,
170,6.213097155126141,17.008856682769725,11.245303274288782,6.655931293612453,19.243156199677937,2.3617820719269993,16.10305958132045,15.707192699946322,1.5767579173376274,0.12077294685990338,3.180354267310789,0.5501878690284487,0.020128824476650563,,0.013419216317767043,
171,6.125872249060655,16.888083735909824,11.332528180354267,6.857219538378959,18.98148148148148,2.3886205045625335,16.297638217928075,15.687063875469672,1.5633387010198605,0.12077294685990338,3.1736446591519054,0.5501878690284487,0.020128824476650563,,0.013419216317767043,
172,6.139291465378422,16.774020397208805,11.419753086419753,6.91760601180891,18.96135265700483,2.475845410628019,16.129898013955984,15.633387010198604,1.5297906602254427,0.12077294685990338,3.227321524422974,0.6374127750939346,0.020128824476650563,,0.013419216317767043,
173,6.119162640901771,16.7337627482555,11.466720343531938,6.884057971014493,18.874127750939344,2.5161030595813205,16.06280193236715,15.633387010198604,1.7042404723564144,0.12077294685990338,3.2139023081052067,0.6374127750939346,0.020128824476650563,,0.013419216317767043,
174,6.132581857219538,16.7337627482555,11.480139559849706,6.850509930220075,18.820450885668276,2.6502952227589907,16.029253891572733,15.5126140633387,1.6774020397208802,0.1274825550187869,3.240740740740741,0.7112184648416533,0.020128824476650563,,0.013419216317767043,
175,6.172839506172839,16.666666666666668,11.453301127214171,6.850509930220075,18.625872249060656,2.6502952227589907,16.06280193236715,15.727321524422974,1.6774020397208802,0.1274825550187869,3.240740740740741,0.7112184648416533,0.020128824476650563,,0.013419216317767043,
176,6.172839506172839,16.626409017713364,11.41304347826087,6.823671497584541,18.820450885668276,2.6502952227589907,15.995705850778315,15.707192699946322,1.6774020397208802,0.1274825550187869,3.240740740740741,0.7112184648416533,0.020128824476650563,,0.013419216317767043,
177,6.166129898013956,16.59957058507783,11.325818572195384,6.823671497584541,18.820450885668276,2.965646806226516,15.68035426731079,15.774288781535159,1.7176596886741815,0.1274825550187869,3.240740740740741,0.7246376811594203,0.020128824476650563,,0.013419216317767043,
