,45,50,53,52,51,55,54,56,58,57
0,100.0,,,,,,,,,
1,98.15485775630704,1.8451422436929683,,,,,,,,
2,97.92002147074611,2.0799785292538915,,,,,,,,
3,95.50456253354804,4.49543746645196,,,,,,,,
4,94.8671497584541,5.132850241545894,,,,,,,,
5,94.00831991411701,5.991680085882985,,,,,,,,
6,93.73993558776168,6.085614600107354,0.17444981213097155,,,,,,,
7,93.73993558776168,6.085614600107354,0.17444981213097155,,,,,,,
8,93.75335480407944,6.072195383789587,0.17444981213097155,,,,,,,
9,93.80032206119162,6.025228126677402,0.17444981213097155,,,,,,,
10,93.7265163714439,6.099033816425121,0.17444981213097155,,,,,,,
11,92.50536768652711,7.320182501341922,0.17444981213097155,,,,,,,
12,92.02898550724638,7.796564680622652,0.17444981213097155,,,,,,,
13,92.17659688674182,7.648953301127214,0.17444981213097155,,,,,,,
14,89.59339774557166,10.171765968867419,0.17444981213097155,0.06038647342995169,,,,,,
15,87.17122920021471,12.593934514224369,0.17444981213097155,0.06038647342995169,,,,,,
16,87.16451959205583,12.359098228663447,0.41599570585077833,0.06038647342995169,,,,,,
17,85.61460010735372,13.90901771336554,0.41599570585077833,0.06038647342995169,,,,,,
18,85.47369833601718,14.049919484702093,0.41599570585077833,0.06038647342995169,,,,,,
19,79.05931293612453,18.592324208266238,0.41599570585077833,0.06038647342995169,1.8719806763285025,,,,,
20,78.72383252818035,18.94122383252818,0.41599570585077833,0.06038647342995169,1.8585614600107354,,,,,
21,78.57622114868492,19.088835212023618,0.41599570585077833,0.06038647342995169,1.8585614600107354,,,,,
22,78.60305958132045,18.9345142243693,0.41599570585077833,0.06038647342995169,1.9860440150295222,,,,,
23,78.40848094471284,19.129092860976918,0.41599570585077833,0.06038647342995169,1.9860440150295222,,,,,
24,71.79951690821257,25.738056897477186,0.41599570585077833,0.06038647342995169,1.9860440150295222,,,,,
25,71.59151905528716,25.97289318303811,0.41599570585077833,0.06038647342995169,1.9592055823939882,,,,,
26,71.61835748792271,25.925925925925927,0.41599570585077833,0.06038647342995169,1.9793344068706387,,,,,
27,69.88056897477188,27.26113794954375,0.8252818035426731,0.06038647342995169,1.9726247987117553,,,,,
28,66.53918411164788,30.56226516371444,0.7380568974771873,0.06038647342995169,1.9726247987117553,0.1274825550187869,,,,
29,66.82098765432099,29.851046698872786,0.7380568974771873,0.36902844873859364,1.9726247987117553,0.1274825550187869,0.12077294685990338,,,
30,66.86124530327429,29.62962962962963,0.7380568974771873,0.5501878690284487,1.9726247987117553,0.1274825550187869,0.12077294685990338,,,
31,66.27750939345142,29.528985507246375,0.7380568974771873,0.8454106280193237,2.086688137412775,0.1274825550187869,0.39586688137412773,,,
32,65.74074074074075,29.97181964573269,0.7380568974771873,0.8454106280193237,2.1806226516371443,0.1274825550187869,0.39586688137412773,,,
33,65.72061191626409,29.636339237788512,0.7380568974771873,1.4761137949543746,1.90552871712292,0.1274825550187869,0.39586688137412773,,,
34,65.76086956521739,29.622920021470748,0.7380568974771873,1.4761137949543746,1.90552871712292,0.10064412238325282,0.39586688137412773,,,
35,65.74745034889962,29.468599033816425,0.7380568974771873,1.4761137949543746,1.90552871712292,0.10064412238325282,0.5636070853462157,,,
36,65.64680622651638,27.85829307568438,0.7380568974771873,3.1870638754696725,1.90552871712292,0.10064412238325282,0.5636070853462157,,,
37,64.31159420289855,28.046162104133117,0.7380568974771873,3.1870638754696725,2.932098765432099,0.10064412238325282,0.6843800322061192,,,
38,64.07675791733763,27.958937198067634,0.8319914117015567,3.180354267310789,2.932098765432099,0.10064412238325282,0.9192163177670424,,,
39,64.05662909286097,27.89855072463768,0.8319914117015567,3.180354267310789,3.012614063338701,0.10064412238325282,0.9192163177670424,,,
40,63.91572732152442,28.039452495974235,0.8319914117015567,3.180354267310789,3.012614063338701,0.10064412238325282,0.9192163177670424,,,
41,63.55340848094471,28.119967793880836,0.8319914117015567,3.180354267310789,3.012614063338701,0.3824476650563607,0.9192163177670424,,,
42,60.7487922705314,29.012345679012345,0.8319914117015567,3.1602254428341383,4.944981213097155,0.3824476650563607,0.9192163177670424,,,
43,60.70182501341922,29.045893719806763,0.8185721953837896,3.1602254428341383,4.924852388620504,0.3824476650563607,0.966183574879227,,,
44,59.286097691894796,30.58239398819109,0.8185721953837896,3.1602254428341383,4.804079441760601,0.3824476650563607,0.966183574879227,,,
45,58.32662372517445,31.54186795491143,0.8185721953837896,3.1602254428341383,4.804079441760601,0.3824476650563607,0.966183574879227,,,
46,57.07192699946323,31.662640901771336,0.8185721953837896,2.831454643048846,6.367418142780462,0.3824476650563607,0.8655394524959742,,,
47,56.615673644659154,31.863929146537842,0.966183574879227,2.7844873859366612,6.072195383789587,0.49651100375738055,1.2010198604401503,,,
48,56.30032206119163,32.085346215781,0.966183574879227,2.9790660225442833,5.971551261406334,0.49651100375738055,1.2010198604401503,,,
49,55.14626945786366,33.12533548040794,0.966183574879227,2.965646806226516,6.112453032742888,0.49651100375738055,1.1876006441223832,,,
50,54.032474503489,34.31964573268921,0.966183574879227,3.294417606011809,5.703166935050993,0.49651100375738055,1.1876006441223832,,,
51,46.765968867418145,41.606280193236714,0.966183574879227,3.294417606011809,5.703166935050993,0.49651100375738055,1.1674718196457328,,,
52,46.02791196994095,42.028985507246375,0.966183574879227,3.294417606011809,5.924584004294149,0.5904455179817498,1.1674718196457328,,,
53,45.91384863123994,42.14975845410628,0.966183574879227,3.294417606011809,5.917874396135265,0.5904455179817498,1.1674718196457328,,,
54,45.63875469672571,42.43827160493827,0.966183574879227,3.294417606011809,5.904455179817498,0.5904455179817498,1.1674718196457328,,,
55,45.74610842726785,42.35775630703167,0.966183574879227,3.294417606011809,5.877616747181965,0.5904455179817498,1.1674718196457328,,,
56,45.491143317230275,42.45169082125604,0.9997316156736447,3.294417606011809,5.83064949006978,0.7648953301127214,1.1674718196457328,,,
57,43.10923242082662,43.19645732689211,0.9997316156736447,3.0931293612453032,7.669082125603865,0.7648953301127214,1.1674718196457328,,,
58,43.16961889425657,42.94820182501342,0.9460547504025765,3.3682232957595275,7.669082125603865,0.7313472893183038,1.1674718196457328,,,
59,43.17632850241546,42.391304347826086,1.093666129898014,3.515834675254965,7.648953301127214,1.0064412238325282,1.1674718196457328,,,
60,43.142780461621044,42.44498121309716,1.093666129898014,3.515834675254965,7.628824476650563,1.0064412238325282,1.1674718196457328,,,
61,43.07568438003221,42.0625335480408,1.093666129898014,3.965378421900161,7.628824476650563,1.0064412238325282,1.1674718196457328,,,
62,42.659688674181425,41.71363392377885,1.3016639828234031,4.4753086419753085,7.675791733762749,1.0064412238325282,1.1674718196457328,,,
63,42.62614063338701,41.5727321524423,1.3016639828234031,4.4753086419753085,7.64224369296833,0.9863123993558777,1.3955984970477724,,,
64,41.50563607085346,43.934514224369295,1.2077294685990339,4.206924315619967,7.232957595276436,0.9863123993558777,0.9259259259259259,,,
65,39.774557165861516,45.06843800322061,1.1205045625335481,4.341116478797638,7.7831454643048845,0.9863123993558777,0.9259259259259259,,,
66,39.38539989264627,45.75281803542673,1.0064412238325282,4.334406870638754,7.608695652173913,0.9863123993558777,0.9259259259259259,,,
67,39.418947933440684,45.71926999463231,1.0064412238325282,4.334406870638754,7.608695652173913,0.9863123993558777,0.9259259259259259,,,
68,37.76838432635534,47.738862050456255,0.8521202361782072,4.334406870638754,7.608695652173913,0.5367686527106817,1.1607622114868492,,,
69,36.48684916800859,49.013687600644126,0.8521202361782072,4.703435319377348,7.152442297369833,0.5367686527106817,1.2546967257112185,,,
70,35.607890499194845,46.37010198604401,2.1269457863660763,4.602791196994096,8.628556092324208,1.0735373054213635,1.5901771336553945,,,
71,35.158346752549654,46.363392377885134,3.1065485775630703,4.549114331723027,7.320182501341922,1.0265700483091786,2.475845410628019,,,
72,35.299248523886206,46.162104133118625,3.0730005367686526,4.549114331723027,7.273215244229737,1.1674718196457328,2.475845410628019,,,
73,34.99060654857756,45.93397745571659,2.898550724637681,4.783950617283951,7.434245840042942,1.5029522275899088,2.4557165861513686,,,
74,34.76247987117552,45.35024154589372,3.33467525496511,4.864465915190553,7.675791733762749,1.556629092860977,2.4557165861513686,,,
75,34.96376811594203,44.545088566827694,3.307836822329576,5.025496511003757,7.561728395061729,2.15378421900161,2.442297369833602,,,
76,34.936929683306495,44.37734836285561,3.1535158346752548,5.025496511003757,7.776435856146001,2.2879763821792807,2.442297369833602,,,
77,34.97047772410091,44.16264090177134,3.1535158346752548,5.025496511003757,7.98443370907139,2.2879763821792807,2.4154589371980677,,,
78,34.936929683306495,43.894256575415994,3.455448201825013,5.025496511003757,7.98443370907139,2.2879763821792807,2.4154589371980677,,,
79,34.68196457326892,43.46484165324745,3.455448201825013,4.683306494900698,9.01100375738057,2.2879763821792807,2.4154589371980677,,,
80,34.554482018250134,43.65271068169619,3.44873859366613,4.5960815888352125,8.997584541062801,2.2879763821792807,2.462426194310252,,,
81,34.514224369296834,43.4447128287708,3.4151905528717124,4.8443370907139025,8.997584541062801,2.2410091250670963,2.5429414922168547,,,
82,33.380300590445515,41.26409017713365,2.952227589908749,4.830917874396135,12.694578636607622,2.3617820719269993,2.5161030595813205,,,
83,32.29334406870639,42.00214707461084,3.026033279656468,4.206924315619967,13.600375738056897,2.3550724637681157,2.5161030595813205,,,
84,32.27321524422974,42.04240472356415,3.026033279656468,4.206924315619967,13.580246913580247,2.3550724637681157,2.5161030595813205,,,
85,32.35373054213634,42.01556629092861,3.026033279656468,4.206924315619967,13.560118089103597,2.3550724637681157,2.4825550187869028,,,
86,32.1256038647343,41.90150295222759,3.026033279656468,4.206924315619967,13.6808910359635,2.301395598497048,2.757648953301127,,,
87,32.15915190552872,41.888083735909824,3.026033279656468,4.206924315619967,13.6808910359635,2.301395598497048,2.737520128824477,,,
88,32.31347289318304,41.458668813741276,3.012614063338701,4.448470209339774,13.727858293075684,2.301395598497048,2.737520128824477,,,
89,32.33360171765969,41.035963499731615,2.985775630703167,4.7168545356951155,13.727858293075684,2.2946859903381642,2.9052603327965647,,,
90,32.11218464841653,40.955448201825014,3.240740740740741,4.7168545356951155,13.560118089103597,2.509393451422437,2.9052603327965647,,,
91,31.320450885668276,41.74047235641439,3.0730005367686526,4.508856682769726,13.935856146001074,2.5026838432635534,2.918679549114332,,,
92,31.280193236714975,41.75389157273215,3.066290928609769,4.508856682769726,13.915727321524423,2.5026838432635534,2.9723564143853998,,,
93,30.629361245303276,42.33762748255502,3.0595813204508855,4.508856682769726,13.90901771336554,2.475845410628019,3.079710144927536,,,
94,30.756843800322063,42.210144927536234,3.0595813204508855,4.4820182501341925,13.90901771336554,2.475845410628019,3.1065485775630703,,,
95,30.50187869028449,42.32420826623725,3.0595813204508855,4.4753086419753085,13.90901771336554,2.623456790123457,3.1065485775630703,,,
96,30.038915727321523,41.47879763821793,3.0595813204508855,4.730273752012883,14.962426194310252,2.623456790123457,3.1065485775630703,,,
97,29.857756307031668,41.48550724637681,3.0595813204508855,4.730273752012883,15.136876006441224,2.623456790123457,3.1065485775630703,,,
98,29.810789049919485,40.5931293612453,2.5563607085346214,5.508588298443371,15.935319377348362,2.636876006441224,2.9589371980676327,,,
99,29.354535695115406,41.0024154589372,2.5563607085346214,5.3341384863123995,15.821256038647343,2.9723564143853998,2.9589371980676327,,,
100,29.334406870638755,40.96886741814278,2.5563607085346214,5.3341384863123995,15.874932903918411,2.9723564143853998,2.9589371980676327,,,
101,29.643048845947398,40.52603327965647,2.623456790123457,5.421363392377885,15.868223295759528,2.9723564143853998,2.945517981749866,,,
102,29.871175523349436,40.33816425120773,2.623456790123457,5.421363392377885,15.841384863123993,3.012614063338701,2.8918411164787976,,,
103,29.810789049919485,40.465646806226516,2.703972088030059,5.421363392377885,15.693773483628556,3.012614063338701,2.8918411164787976,,,
104,29.998658078368223,40.344873859366615,2.690552871712292,5.421363392377885,15.640096618357488,3.012614063338701,2.8918411164787976,,,
105,30.059044551798173,39.861782071927,3.0327428878153517,5.421363392377885,15.566290928609769,3.2139023081052067,2.844873859366613,,,
106,30.099302200751477,39.74771873322598,2.999194847020934,5.555555555555555,15.566290928609769,3.1870638754696725,2.844873859366613,,,
107,29.508856682769725,38.888888888888886,3.1333870101986045,7.051798174986581,15.526033279656469,2.985775630703167,2.8247450348899625,0.08051529790660225,,
108,29.777241009125067,38.64734299516908,3.1333870101986045,7.051798174986581,15.304616210413311,2.9119699409554483,2.999194847020934,0.17444981213097155,,
109,29.8040794417606,38.54669887278583,3.1333870101986045,7.051798174986581,15.304616210413311,2.985775630703167,2.999194847020934,0.17444981213097155,,
110,29.95169082125604,38.27160493827161,3.1199677938808374,6.984702093397746,15.257648953301127,2.9723564143853998,3.2675791733762747,0.17444981213097155,,
111,29.857756307031668,38.177670424047236,3.113258185721954,6.984702093397746,15.45222758990875,2.9723564143853998,3.2675791733762747,0.17444981213097155,,
112,29.54911433172303,38.499731615673646,3.3011272141706924,6.951154052603328,15.203972088030058,3.052871712292002,3.2675791733762747,0.17444981213097155,,
113,29.57595276435856,38.506441223832525,3.294417606011809,6.910896403650026,14.74771873322598,3.052871712292002,3.7372517444981215,0.17444981213097155,,
114,29.676596886741816,38.405797101449274,3.294417606011809,6.910896403650026,14.74771873322598,3.052871712292002,3.7372517444981215,0.17444981213097155,,
115,28.488996242619432,39.64036500268384,3.2877079978529253,6.870638754696726,14.640365002683843,3.1602254428341383,3.7372517444981215,0.17444981213097155,,
116,28.29441760601181,39.55984970477724,3.2877079978529253,7.0383789586688135,14.432367149758454,3.1602254428341383,4.052603327965647,0.17444981213097155,,
117,27.730810520665592,38.405797101449274,3.2877079978529253,7.749597423510467,15.499194847020934,3.1602254428341383,4.03918411164788,0.1274825550187869,,
118,27.053140096618357,37.8690284487386,3.2474503488996245,7.749597423510467,16.75389157273215,3.1602254428341383,4.03918411164788,0.1274825550187869,,
119,26.617015566290927,37.33225979602791,3.2474503488996245,7.742887815351583,17.639559849704778,3.1602254428341383,4.133118625872249,0.1274825550187869,,
120,25.147611379495437,37.56038647342995,3.066290928609769,9.41358024691358,17.310789049919485,3.4621578099838968,3.911701556629093,0.1274825550187869,,
121,25.15432098765432,37.104133118625874,3.0595813204508855,9.386741814278047,17.431561996779386,3.502415458937198,4.233762748255502,0.1274825550187869,,
122,25.214707461084274,37.05716586151369,3.166935050993022,9.272678475577026,17.351046698872786,3.502415458937198,4.30756843800322,0.1274825550187869,,
123,24.825550187869027,36.52710681696189,3.2004830917874396,8.702361782071927,17.894524959742352,3.9586688137412773,4.7638217928073,0.1274825550187869,,
124,24.859098228663445,36.38620504562534,3.193773483628556,8.695652173913043,17.881105743424584,3.9452495974235107,4.911433172302737,0.1274825550187869,,
125,24.798711755233494,35.79575952764358,3.1065485775630703,10.0979602791197,17.619431025228128,3.938539989264627,4.51556629092861,0.1274825550187869,,
126,22.859634997316157,42.48523886205046,2.1403650026838434,8.293075684380032,16.411701556629094,3.6500268384326353,4.032474503488996,0.1274825550187869,,
127,22.6784755770263,41.10976918947934,2.15378421900161,9.789318303811058,16.304347826086957,3.6500268384326353,4.213633923778851,0.10064412238325282,,
128,22.71202361782072,40.85480407944176,2.4154589371980677,9.842995169082126,16.29092860976919,3.5762211486849167,4.206924315619967,0.10064412238325282,,
129,22.779119699409556,40.103327965646805,2.1135265700483092,9.769189479334408,17.391304347826086,3.5628019323671496,4.180085882984434,0.10064412238325282,,
130,22.564412238325282,39.79468599033817,2.1135265700483092,11.60762211486849,16.445249597423512,3.5091250670960816,3.864734299516908,0.10064412238325282,,
131,18.230005367686527,48.13472893183038,2.1068169618894257,11.030595813204508,12.694578636607622,3.5091250670960816,3.8915727321524423,0.4025764895330113,,
132,17.54562533548041,48.83923778851315,2.3886205045625335,10.628019323671497,12.593934514224369,3.7238325281803544,3.8915727321524423,0.38915727321524424,,
133,17.64626945786366,48.76543209876543,2.3886205045625335,10.621309715512615,12.587224906065487,3.7238325281803544,3.878153515834675,0.38915727321524424,,
134,15.53274288781535,50.85212023617821,2.61003757380569,10.077831454643048,13.030059044551798,3.6366076221148687,3.8714439076757916,0.38915727321524424,,
135,15.297906602254429,46.162104133118625,2.5966183574879227,6.951154052603328,21.906870638754697,3.166935050993022,3.5292538915727323,0.38915727321524424,,
136,15.371712292002147,45.793075684380035,2.8650026838432634,6.910896403650026,21.85990338164251,3.408480944712829,3.4017713365539453,0.38915727321524424,,
137,15.49248523886205,45.591787439613526,2.8650026838432634,6.910896403650026,21.826355340848096,3.535963499731616,3.388352120236178,0.38915727321524424,,
138,15.660225442834138,44.900697799248526,2.804616210413312,7.152442297369833,21.792807300053678,3.9318303811057436,3.3682232957595275,0.38915727321524424,,
139,15.210681696188942,43.86070853462158,3.0394524959742353,8.641975308641975,21.584809447128286,3.9318303811057436,3.3413848631239937,0.38915727321524424,,
140,15.499194847020934,43.67283950617284,3.0394524959742353,8.608427267847558,21.215780998389693,3.9855072463768115,3.589640365002684,0.38915727321524424,,
141,15.734031132581856,43.484970477724104,3.0394524959742353,8.57487922705314,21.215780998389693,3.9720880300590444,3.589640365002684,0.38915727321524424,,
142,15.794417606011809,43.33064949006978,3.0394524959742353,8.675523349436393,21.115136876006442,3.9720880300590444,3.683574879227053,0.38915727321524424,,
143,15.901771336553946,43.283682232957595,3.1333870101986045,8.581588835212024,21.007783145464305,4.019055287171229,3.683574879227053,0.38915727321524424,,
144,15.955448201825014,42.69994632313473,3.1333870101986045,8.568169618894256,20.1959205582394,5.320719269994632,3.7372517444981215,0.38915727321524424,,
145,16.163446054750402,42.572463768115945,3.1333870101986045,8.55475040257649,19.961084272678477,5.320719269994632,3.7372517444981215,0.5568974771873323,,
146,15.458937198067632,41.96188942565754,3.1333870101986045,8.36688137412775,21.464036500268385,5.320719269994632,3.7372517444981215,0.5568974771873323,,
147,15.526033279656469,41.96188942565754,3.1333870101986045,8.353462157809984,21.410359634997317,5.320719269994632,3.7372517444981215,0.5568974771873323,,
148,15.687063875469672,41.82769726247987,3.1333870101986045,8.32662372517445,21.410359634997317,5.320719269994632,3.7372517444981215,0.5568974771873323,,
149,15.747450348899624,41.324476650563604,3.361513687600644,8.293075684380032,21.410359634997317,5.314009661835748,3.992216854535695,0.5568974771873323,,
150,15.821256038647343,41.26409017713365,3.361513687600644,8.279656468062266,21.410359634997317,5.314009661835748,3.992216854535695,0.5568974771873323,,
151,15.915190552871712,41.0426731078905,3.6768652710681695,8.044820182501342,21.32313472893183,5.367686527106817,4.072732152442297,0.5568974771873323,,
152,15.962157809983896,41.02925389157273,3.6768652710681695,8.044820182501342,21.296296296296298,5.360976918947934,4.072732152442297,0.5568974771873323,,
153,16.022544283413847,41.0024154589372,3.6500268384326353,8.071658615136876,20.853462157809982,5.360976918947934,4.388083735909823,0.6508319914117016,,
154,16.06280193236715,41.04938271604938,3.6500268384326353,8.031400966183575,20.813204508856682,5.360976918947934,4.38137412775094,0.6508319914117016,,
155,16.27750939345142,40.88835212023618,3.6500268384326353,8.011272141706923,20.699141170155663,5.441492216854535,4.38137412775094,0.6508319914117016,,
156,16.21712292002147,40.371712292002144,3.5829307568438002,8.668813741277509,20.685721953837895,5.441492216854535,4.38137412775094,0.6508319914117016,,
157,16.21712292002147,40.183843263553406,3.435319377348363,9.091519055287172,20.625335480407944,5.441492216854535,4.3545356951154055,0.6508319914117016,,
158,15.546162104133119,39.090177133655395,3.435319377348363,9.084809447128288,22.228931830381107,5.609232420826624,4.3545356951154055,0.6508319914117016,,
159,15.58641975308642,38.85534084809447,3.421900161030596,8.99087493290392,22.15512614063339,5.750134192163178,4.528985507246377,0.7112184648416533,,
160,15.881642512077295,38.39237788513151,3.6902844873859366,9.198872785829307,21.611647879763822,5.998389694041868,4.51556629092861,0.7112184648416533,,
161,16.06280193236715,38.217928073000536,3.6768652710681695,9.172034353193773,21.584809447128286,5.938003220611916,4.636339237788513,0.7112184648416533,,
162,16.170155662909288,38.21121846484165,4.327697262479871,9.172034353193773,20.9272678475577,5.938003220611916,4.636339237788513,0.6172839506172839,,
163,16.223832528180353,37.9495437466452,4.327697262479871,9.292807300053678,20.8870101986044,6.213097155126141,4.488727858293076,0.6172839506172839,,
164,16.418411164787976,37.875738056897475,4.320987654320987,9.245840042941492,20.8467525496511,6.206387546967257,4.468599033816425,0.6172839506172839,,
165,14.304884594739667,44.69940955448202,3.9989264626945786,8.32662372517445,18.02871712292002,5.763553408480945,4.26731078904992,0.6105743424584005,,
166,14.298174986580785,44.29012345679013,3.9855072463768115,8.279656468062266,18.256843800322063,5.964841653247451,4.314278046162104,0.6105743424584005,,
167,14.298174986580785,44.10225442834138,4.294149221685454,8.279656468062266,18.14278046162104,5.978260869565218,4.294149221685454,0.6105743424584005,,
168,14.278046162104133,42.250402576489535,4.28743961352657,8.272946859903382,18.115942028985508,5.783682232957595,6.400966183574879,0.6105743424584005,,
169,13.325281803542673,43.05555555555556,4.2270531400966185,8.272946859903382,17.726784755770264,6.146001073537305,6.635802469135802,0.6105743424584005,,
170,13.513150831991412,42.981749865807835,4.2270531400966185,8.272946859903382,17.67981749865808,6.146001073537305,6.568706387546968,0.6105743424584005,,
171,13.600375738056897,42.914653784219,4.2270531400966185,8.313204508856682,17.632850241545892,6.146001073537305,6.5552871712292005,0.6105743424584005,,
172,13.747987117552334,42.860976918947934,4.200214707461084,8.28636607622115,17.518786902844873,6.146001073537305,6.515029522275899,0.7246376811594203,,
173,13.882179280730005,42.74691358024691,4.200214707461084,8.28636607622115,17.498658078368223,6.146001073537305,6.515029522275899,0.7246376811594203,,
174,13.955984970477724,42.72007514761138,4.200214707461084,8.28636607622115,17.418142780461622,6.112453032742888,6.515029522275899,0.7917337627482555,,
175,14.076757917337627,42.3443370907139,4.394793344068707,8.132045088566828,17.23027375201288,6.112453032742888,6.91760601180891,0.7917337627482555,,
176,13.90901771336554,41.324476650563604,4.394793344068707,9.373322597960279,17.12962962962963,6.4345142243692965,6.642512077294686,0.7917337627482555,,
177,14.023081052066559,41.12989801395599,4.616210413311863,9.373322597960279,17.09608158883521,6.327160493827161,6.642512077294686,0.7917337627482555,,
178,14.036500268384327,41.056092324208265,4.918142780461621,9.326355340848094,16.99543746645196,6.333870101986044,6.541867954911433,0.7917337627482555,,
179,14.070048309178745,40.80783682232958,4.911433172302737,9.326355340848094,16.988727858293075,6.333870101986044,6.769994632313473,0.7917337627482555,,
180,14.090177133655395,40.54616210413312,5.119431025228127,9.346484165324744,16.888083735909824,6.729736983360172,6.488191089640365,0.7917337627482555,,
181,13.868760064412239,40.754159957058505,5.025496511003757,9.333064949006978,16.67337627482555,7.065217391304348,6.488191089640365,0.7917337627482555,,
182,14.036500268384327,40.11003757380569,5.025496511003757,9.29951690821256,16.451959205582394,6.796833064949007,7.48792270531401,0.7917337627482555,,
183,14.318303811057435,39.95571658615137,5.025496511003757,9.29951690821256,16.391572732152444,6.749865807836822,7.467793880837359,0.7917337627482555,,
184,14.465915190552872,39.89533011272142,4.978529253891573,9.29951690821256,16.297638217928075,6.843800322061192,7.427536231884058,0.7917337627482555,,
185,14.579978529253891,39.761137949543745,4.978529253891573,9.433709071390231,16.203703703703702,6.823671497584541,7.427536231884058,0.7917337627482555,,
186,14.51959205582394,39.210950080515296,5.877616747181965,9.292807300053678,16.10305958132045,6.998121309715513,7.253086419753086,0.7447665056360708,,
187,14.53972088030059,39.07675791733763,5.864197530864198,9.359903381642512,16.10305958132045,7.065217391304348,7.246376811594203,0.7447665056360708,,
188,14.660493827160494,38.909017713365536,5.864197530864198,9.353193773483628,16.076221148684915,7.152442297369833,7.239667203435319,0.7447665056360708,,
189,14.626945786366075,38.66076221148685,6.172839506172839,9.353193773483628,15.767579173376275,7.440955448201825,7.239667203435319,0.7380568974771873,,
190,14.774557165861514,38.466183574879224,6.159420289855072,9.326355340848094,15.774288781535159,7.568438003220612,7.192699946323135,0.7380568974771873,,
191,14.88191089640365,38.35882984433709,6.159420289855072,9.265968867418144,15.774288781535159,7.628824476650563,7.192699946323135,0.7380568974771873,,
192,14.989264626945786,38.24476650563607,6.159420289855072,9.265968867418144,15.405260332796564,7.628824476650563,7.568438003220612,0.7380568974771873,,
193,15.425389157273216,38.09044551798175,6.159420289855072,9.225711218464841,15.01610305958132,7.628824476650563,7.716049382716049,0.7380568974771873,,
194,15.666935050993022,37.795222758990874,6.367418142780462,8.970746108427267,14.949006977992486,7.749597423510467,7.675791733762749,0.8252818035426731,,
195,15.344873859366613,38.016639828234034,6.367418142780462,8.943907675791733,14.928878153515834,7.803274288781535,7.669082125603865,0.9259259259259259,,
196,15.365002683843263,37.9495437466452,6.367418142780462,8.930488459473967,14.908749329039184,7.7361782071927,7.816693505099302,0.9259259259259259,,
197,15.28448738593666,36.32581857219538,6.474771873322598,8.93719806763285,15.069779924852389,9.16532474503489,7.816693505099302,0.9259259259259259,,
198,15.432098765432098,35.93666129898014,6.4345142243692965,8.957326892109501,15.063070316693505,9.46725711218465,7.7831454643048845,0.9259259259259259,,
199,15.49248523886205,35.59447128287708,6.421095008051529,9.104938271604938,14.9020397208803,9.903381642512077,7.6556629092860975,0.9259259259259259,,
200,15.566290928609769,35.53408480944713,6.421095008051529,9.104938271604938,14.895330112721417,9.903381642512077,7.648953301127214,0.9259259259259259,,
201,15.713902308105206,35.44685990338164,6.387546967257112,9.078099838969404,14.781266774020397,9.903381642512077,7.588566827697263,1.0399892646269457,0.06038647342995169,
202,15.687063875469672,35.0979602791197,6.374127750939345,9.05126140633387,14.781266774020397,9.789318303811058,8.11862587224906,1.0399892646269457,0.06038647342995169,
203,15.767579173376275,34.96376811594203,6.374127750939345,10.084541062801932,14.103596349973161,9.628287707997853,8.004562533548041,1.0131508319914118,0.06038647342995169,
204,15.371712292002147,33.97074610842727,6.468062265163715,10.869565217391305,13.79495437466452,9.66183574879227,8.789586688137414,1.0131508319914118,0.06038647342995169,
205,15.465646806226516,33.81642512077295,6.468062265163715,10.869565217391305,13.694310252281268,9.655126140633387,8.970746108427267,1.0064412238325282,0.05367686527106817,
206,15.445517981749866,33.23268921095008,7.4141170155662905,10.63472893183038,13.761406333870102,9.608158883521202,8.695652173913043,1.0064412238325282,0.20128824476650564,
207,15.24422973698336,32.47450348899624,7.4141170155662905,10.540794417606012,14.720880300590446,9.722222222222221,8.675523349436393,1.0064412238325282,0.20128824476650564,
208,15.351583467525497,32.2061191626409,7.548309178743962,10.789049919484702,14.526301663982823,9.695383789586689,8.675523349436393,1.0064412238325282,0.20128824476650564,
209,15.432098765432098,32.085346215781,7.695920558239399,11.044015029522276,14.278046162104133,9.634997316156737,8.621846484165324,1.0064412238325282,0.20128824476650564,
210,15.485775630703166,31.984702093397747,7.7898550724637685,11.044015029522276,14.231078904991948,9.634997316156737,8.621846484165324,1.0064412238325282,0.20128824476650564,
211,13.519860440150294,28.911701556629094,7.326892109500805,9.863123993558776,22.32957595276436,8.668813741277509,8.32662372517445,0.8521202361782072,0.20128824476650564,
212,13.66076221148685,28.683574879227052,7.326892109500805,9.856414385399892,22.21551261406334,8.78287707997853,8.32662372517445,0.9460547504025765,0.20128824476650564,
213,13.79495437466452,28.468867418142782,7.306763285024155,9.943639291465379,22.168545356951153,8.870101986044014,8.313204508856682,0.9326355340848095,0.20128824476650564,
214,14.15727321524423,28.16022544283414,7.25979602791197,9.997316156736447,22.168545356951153,8.816425120772946,8.3064949006978,0.9326355340848095,0.20128824476650564,
215,12.285292538915728,35.70182501341922,6.8035426731078905,7.883789586688137,19.87385936661299,8.232689210950081,8.085077831454644,0.9326355340848095,0.20128824476650564,
216,12.385936661298981,35.319377348362856,6.8035426731078905,8.085077831454644,19.83360171765969,8.36688137412775,8.071658615136876,0.9326355340848095,0.20128824476650564,
217,11.614331723027375,34.46725711218465,6.723027375201288,8.044820182501342,21.517713365539453,8.28636607622115,8.064949006977992,0.9326355340848095,0.3488996242619431,
218,11.77536231884058,34.346484165324746,6.702898550724638,8.044820182501342,21.464036500268385,8.340042941492216,8.024691358024691,0.9326355340848095,0.36902844873859364,
219,11.963231347289318,34.004294149221685,6.702898550724638,7.977724100912507,21.26945786366076,8.205850778314547,8.433977455716587,1.0735373054213635,0.36902844873859364,
220,12.077294685990339,33.69565217391305,6.756575415995706,7.843531937734836,20.9272678475577,8.205850778314547,8.789586688137414,1.3888888888888888,0.3153515834675255,
221,12.285292538915728,33.2662372517445,6.662640901771336,8.051529790660226,20.8467525496511,8.427267847557703,8.756038647342995,1.3888888888888888,0.3153515834675255,
222,12.412775093934513,33.23268921095008,6.615673644659152,8.051529790660226,20.8064949006978,8.420558239398819,8.756038647342995,1.3888888888888888,0.3153515834675255,
223,12.419484702093397,32.94417606011809,6.615673644659152,8.527911969940956,20.759527643585614,8.413848631239935,8.61513687600644,1.3888888888888888,0.3153515834675255,
224,12.580515297906603,32.75630703166935,6.615673644659152,8.521202361782072,20.73268921095008,8.393719806763285,8.695652173913043,1.3888888888888888,0.3153515834675255,
225,12.68786902844874,32.67579173376275,6.655931293612453,8.460815888352121,20.705850778314545,8.340042941492216,8.776167471819646,1.3821792807300053,0.3153515834675255,
226,12.842190016103059,32.50805152979066,6.655931293612453,8.635265700483092,20.638754696725712,8.293075684380032,8.662104133118627,1.4492753623188406,0.3153515834675255,
227,13.003220611916264,32.43424584004294,6.655931293612453,8.635265700483092,20.471014492753625,8.380300590445518,8.662104133118627,1.442565754159957,0.3153515834675255,
228,13.097155126140633,32.39398819108964,6.655931293612453,8.608427267847558,20.44417606011809,8.380300590445518,8.662104133118627,1.442565754159957,0.3153515834675255,
229,13.070316693505099,32.13231347289318,6.535158346752549,8.735909822866345,20.44417606011809,8.662104133118627,8.662104133118627,1.442565754159957,0.3153515834675255,
230,13.144122383252817,31.964573268921097,6.535158346752549,8.735909822866345,20.417337627482556,8.809715512614064,8.635265700483092,1.442565754159957,0.3153515834675255,
231,12.855609232420827,31.166129898013956,6.528448738593666,8.729200214707461,20.69243156199678,9.742351046698873,8.527911969940956,1.442565754159957,0.3153515834675255,
232,12.882447665056361,31.04535695115405,6.528448738593666,8.729200214707461,20.69243156199678,9.863123993558776,8.501073537305421,1.442565754159957,0.3153515834675255,
233,13.01663982823403,30.991680085882983,6.508319914117015,8.682232957595277,20.69243156199678,9.863123993558776,8.487654320987655,1.442565754159957,0.3153515834675255,
234,13.083735909822867,30.951422436929683,6.474771873322598,8.682232957595277,20.67230273752013,9.88996242619431,8.487654320987655,1.442565754159957,0.3153515834675255,
235,13.157541599570585,30.917874396135264,6.468062265163715,8.662104133118627,20.658883521202362,9.88996242619431,8.487654320987655,1.442565754159957,0.3153515834675255,
236,13.191089640365004,30.66290928609769,6.468062265163715,8.641975308641975,20.618625872249062,9.856414385399892,8.80300590445518,1.442565754159957,0.3153515834675255,
237,13.33870101986044,30.56897477187332,6.468062265163715,8.601717659688674,20.611916264090176,9.856414385399892,8.796296296296296,1.442565754159957,0.3153515834675255,
238,13.446054750402576,30.441492216854535,6.588835212023618,8.601717659688674,20.591787439613526,9.809447128287708,8.76274825550188,1.442565754159957,0.3153515834675255,
239,13.385668276972625,30.213365539452496,6.857219538378959,8.601717659688674,20.517981749865807,9.977187332259795,8.68894256575416,1.442565754159957,0.3153515834675255,
240,13.405797101449275,30.018786902844873,6.696188942565755,8.742619431025227,20.471014492753625,9.977187332259795,8.930488459473967,1.442565754159957,0.3153515834675255,
241,13.493022007514762,29.898013955984972,6.9310252281266775,8.722490606548577,20.35024154589372,9.96376811594203,8.883521202361782,1.442565754159957,0.3153515834675255,
242,13.654052603327965,29.824208266237253,6.890767579173376,8.68894256575416,20.336822329575952,9.96376811594203,8.984165324745035,1.3419216317767042,0.3153515834675255,
243,13.7211486849168,29.8040794417606,6.890767579173376,8.68894256575416,20.095276435856146,9.96376811594203,8.984165324745035,1.5365002683843263,0.3153515834675255,
244,14.023081052066559,29.643048845947398,6.776704240472356,8.588298443370908,20.075147611379496,9.957058507783145,9.084809447128288,1.5365002683843263,0.3153515834675255,
245,13.92914653784219,29.49543746645196,7.132313472893183,8.890230810520666,19.786634460547504,9.923510466988727,9.03113258185722,1.4962426194310252,0.3153515834675255,
246,13.976113794954374,29.47530864197531,7.125603864734299,8.890230810520666,19.77992485238862,9.91009125067096,9.03113258185722,1.4962426194310252,0.3153515834675255,
247,14.304884594739667,29.354535695115406,7.118894256575416,8.870101986044014,19.565217391304348,9.88996242619431,9.084809447128288,1.4962426194310252,0.3153515834675255,
248,14.418947933440688,29.300858829844337,7.434245840042942,8.856682769726248,19.249865807836823,9.842995169082126,9.084809447128288,1.4962426194310252,0.3153515834675255,
249,14.579978529253891,29.045893719806763,7.434245840042942,9.145195920558239,19.229736983360173,9.675254965110037,9.078099838969404,1.4962426194310252,0.3153515834675255,
250,14.579978529253891,28.871443907675793,7.4006977992485234,9.111647879763822,19.176060118089104,9.702093397745571,9.346484165324744,1.4962426194310252,0.3153515834675255,
251,14.673913043478262,28.462157809983896,7.286634460547504,9.373322597960279,18.968062265163713,9.71551261406334,9.73564143853999,1.4694041867954912,0.3153515834675255,
252,14.868491680085883,28.099838969404185,7.48792270531401,9.272678475577026,18.84728931830381,9.923510466988727,9.73564143853999,1.4694041867954912,0.2952227589908749,
253,14.908749329039184,28.073000536768653,7.1658615136876005,9.25925925925926,18.84728931830381,9.923510466988727,10.057702630166398,1.4694041867954912,0.2952227589908749,
254,14.942297369833602,28.005904455179817,7.058507783145465,9.406870638754697,18.800322061191626,9.977187332259795,10.044283413848632,1.4694041867954912,0.2952227589908749,
255,15.01610305958132,27.932098765432098,7.058507783145465,9.406870638754697,18.800322061191626,9.977187332259795,10.044283413848632,1.4694041867954912,0.2952227589908749,
256,15.163714439076758,28.012614063338702,7.018250134192163,9.366612989801396,18.766774020397207,9.863123993558776,10.044283413848632,1.4694041867954912,0.2952227589908749,
257,15.28448738593666,27.999194847020934,6.971282877079979,9.366612989801396,18.632581857219538,9.782608695652174,10.084541062801932,1.6035963499731616,0.27509393451422437,
258,15.331454643048845,27.925389157273216,6.971282877079979,9.426999463231347,18.632581857219538,9.782608695652174,10.050993022007514,1.6035963499731616,0.27509393451422437,
259,15.552871712292003,27.636876006441224,6.964573268921095,9.312936124530328,18.572195383789587,9.957058507783145,10.124798711755233,1.6035963499731616,0.27509393451422437,
260,15.787707997852925,27.4020397208803,6.964573268921095,9.125067096081589,18.54535695115405,10.34621578099839,9.950348899624261,1.6035963499731616,0.27509393451422437,
261,15.841384863123993,27.3215244229737,7.058507783145465,9.111647879763822,18.54535695115405,10.339506172839506,9.903381642512077,1.6035963499731616,0.27509393451422437,
262,16.163446054750402,27.274557165861513,7.058507783145465,9.057971014492754,18.397745571658614,10.299248523886206,9.86983360171766,1.6035963499731616,0.27509393451422437,
263,16.27750939345142,27.274557165861513,7.058507783145465,9.057971014492754,18.303811057434245,10.279119699409554,9.86983360171766,1.6035963499731616,0.27509393451422437,
264,16.27750939345142,27.234299516908212,7.03166935050993,9.004294149221685,18.19645732689211,10.265700483091788,10.111379495437467,1.6035963499731616,0.27509393451422437,
265,16.284219001610307,26.96591519055287,7.092055823939882,9.004294149221685,18.156199677938808,10.507246376811594,10.111379495437467,1.6035963499731616,0.27509393451422437,
266,16.398282340311326,26.90552871712292,7.152442297369833,8.99087493290392,18.109232420826622,10.507246376811594,10.071121846484166,1.5901771336553945,0.27509393451422437,
267,16.472088030059044,26.78475577026302,7.273215244229737,8.943907675791733,18.06226516371444,10.50053676865271,10.0979602791197,1.5901771336553945,0.27509393451422437,
268,16.55931293612453,26.65727321524423,7.25979602791197,8.970746108427267,18.02200751476114,10.567632850241546,10.0979602791197,1.5901771336553945,0.27509393451422437,
269,16.532474503488995,26.56333870101986,7.326892109500805,9.125067096081589,17.69994632313473,10.849436392914654,10.037573805689748,1.5901771336553945,0.27509393451422437,
270,15.465646806226516,29.294149221685455,6.837090713902308,8.769457863660762,16.70692431561997,11.09098228663446,9.970477724100913,1.5901771336553945,0.27509393451422437,
271,15.458937198067632,29.1935050993022,7.011540526033279,8.769457863660762,16.646537842190018,11.231884057971014,9.849704777241008,1.5633387010198605,0.27509393451422437,
272,15.593129361245303,29.09286097691895,6.977992485238862,10.111379495437467,15.801127214170693,11.178207192699947,9.782608695652174,1.1876006441223832,0.27509393451422437,
273,15.693773483628556,28.81105743424584,6.957863660762212,10.050993022007514,15.713902308105206,11.419753086419753,9.88996242619431,1.1876006441223832,0.27509393451422437,
274,15.780998389694043,28.77750939345142,6.843800322061192,10.198604401502953,15.70048309178744,11.41304347826087,9.822866344605474,1.1876006441223832,0.27509393451422437,
