,45,50,51,56,55,52,53,54,57,59,58,61,60,46,48
0,97.50402576489533,2.49597423510467,,,,,,,,,,,,,
1,97.21551261406334,2.7844873859366612,,,,,,,,,,,,,
2,95.74610842726784,4.253891572732153,,,,,,,,,,,,,
3,95.43075684380032,4.569243156199678,,,,,,,,,,,,,
4,89.85507246376811,10.144927536231885,,,,,,,,,,,,,
5,82.92404723564144,14.358561460010735,2.7106816961889426,0.0067096081588835215,,,,,,,,,,,
6,80.32071926999463,16.941760601180892,2.6972624798711755,0.0067096081588835215,0.03354804079441761,,,,,,,,,,
7,79.92485238862051,17.10950080515298,2.7643585614600106,0.0067096081588835215,0.04696725711218465,0.14761137949543746,,,,,,,,,
8,79.75711218464842,17.12962962962963,2.791196994095545,0.0067096081588835215,0.14090177133655393,0.14761137949543746,0.026838432635534086,,,,,,,,
9,79.49543746645196,17.37788513150832,2.791196994095545,0.0067096081588835215,0.15432098765432098,0.14761137949543746,0.026838432635534086,,,,,,,,
10,78.56951154052604,16.874664519592056,3.8378958668813743,0.04696725711218465,0.2214170692431562,0.4495437466451959,,,,,,,,,
11,69.77992485238862,23.336017176596886,6.1929683306494905,0.08051529790660225,0.14761137949543746,0.46296296296296297,,,,,,,,,
12,69.67928073000537,23.382984433709073,6.1929683306494905,0.08051529790660225,0.20128824476650564,0.46296296296296297,,,,,,,,,
13,69.51154052603329,23.49704777241009,6.213097155126141,0.08051529790660225,0.23483628556092323,0.46296296296296297,,,,,,,,,
14,69.43773483628556,23.517176596886742,6.146001073537305,0.14761137949543746,0.2683843263553409,0.46296296296296297,0.020128824476650563,,,,,,,,
15,58.541331186258724,32.88378958668814,6.132581857219538,0.1878690284487386,0.2214170692431562,1.4626945786366077,0.020128824476650563,0.5501878690284487,,,,,,,
16,58.360171765968865,32.890499194847024,6.132581857219538,0.1878690284487386,0.39586688137412773,1.4626945786366077,0.020128824476650563,0.5501878690284487,,,,,,,
17,58.06494900697799,33.031400966183575,6.139291465378422,0.2214170692431562,0.4495437466451959,1.4694041867954912,0.020128824476650563,0.5501878690284487,0.05367686527106817,,,,,,
18,57.950885668276975,32.98443370907139,6.179549114331723,0.2214170692431562,0.5568974771873323,1.482823403113258,0.020128824476650563,0.5501878690284487,0.05367686527106817,,,,,,
19,57.48121309715513,33.340042941492214,6.206387546967257,0.2214170692431562,0.5770263016639828,1.482823403113258,0.06038647342995169,0.5770263016639828,0.05367686527106817,,,,,,
20,52.885131508319915,37.80193236714976,6.206387546967257,0.2214170692431562,0.7112184648416533,1.482823403113258,0.06038647342995169,0.5770263016639828,0.05367686527106817,,,,,,
21,52.58990874932904,37.848899624261946,6.206387546967257,0.2214170692431562,0.9728931830381106,1.4694041867954912,0.06038647342995169,0.5770263016639828,0.05367686527106817,,,,,,
22,50.79844337090714,36.93639291465379,8.82313472893183,0.24154589371980675,1.0399892646269457,1.4694041867954912,0.06038647342995169,0.5770263016639828,0.05367686527106817,,,,,,
23,50.637412775093935,37.003488996242616,8.82313472893183,0.2549651100375738,1.06682769726248,1.4694041867954912,0.06038647342995169,0.630703166935051,0.05367686527106817,,,,,,
24,48.309178743961354,39.28475577026302,8.715780998389693,0.36902844873859364,1.1003757380568975,1.4694041867954912,0.06709608158883522,0.630703166935051,0.05367686527106817,,,,,,
25,48.148148148148145,39.38539989264627,8.662104133118627,0.4025764895330113,1.1808910359634996,1.4694041867954912,0.06709608158883522,0.6038647342995169,0.05367686527106817,0.026838432635534086,,,,,
26,48.04079441760601,39.130434782608695,8.641975308641975,0.43612453032742887,1.4895330112721417,1.4694041867954912,0.06709608158883522,0.644122383252818,0.05367686527106817,0.026838432635534086,,,,,
27,48.007246376811594,39.009661835748794,8.635265700483092,0.43612453032742887,1.6371443907675791,1.4694041867954912,0.06709608158883522,0.6575415995705851,0.05367686527106817,0.026838432635534086,,,,,
28,47.148416532474506,37.42619431025228,8.628556092324208,0.4562533548040794,1.6639828234031133,3.8714439076757916,0.06709608158883522,0.6575415995705851,0.05367686527106817,0.026838432635534086,,,,,
29,46.96725711218465,36.44659151905529,9.581320450885668,0.4294149221685454,1.8585614600107354,3.911701556629093,0.06038647342995169,0.6374127750939346,0.05367686527106817,0.026838432635534086,0.026838432635534086,,,,
30,44.98792270531401,38.43263553408481,9.50751476113795,0.47638217928073,1.865271068169619,3.911701556629093,0.06038647342995169,0.6508319914117016,0.05367686527106817,0.026838432635534086,0.026838432635534086,,,,
31,42.19672571121846,41.015834675254965,9.46725711218465,0.5099302200751477,2.033011272141707,3.9318303811057436,0.06038647342995169,0.6575415995705851,0.07380568974771873,0.026838432635534086,0.026838432635534086,,,,
32,42.12292002147075,39.57326892109501,10.916532474503489,0.5300590445517982,2.01959205582394,3.9318303811057436,0.12077294685990338,0.6575415995705851,0.07380568974771873,0.026838432635534086,0.026838432635534086,,,,
33,40.92860976918948,32.52147074610843,17.444981213097154,0.5434782608695652,1.3754696725711217,3.9318303811057436,0.13419216317767044,2.9790660225442833,0.07380568974771873,0.040257648953301126,0.026838432635534086,,,,
34,40.00939345142244,34.46054750402576,17.3040794417606,0.5904455179817498,1.442565754159957,2.952227589908749,0.13419216317767044,2.9790660225442833,0.06038647342995169,0.040257648953301126,0.026838432635534086,,,,
35,39.84836285560923,34.49409554482018,17.24369296833065,0.6038647342995169,1.5767579173376274,2.945517981749866,0.1878690284487386,2.9790660225442833,0.05367686527106817,0.040257648953301126,0.026838432635534086,,,,
36,39.82823403113258,34.42699946323135,17.216854535695116,0.630703166935051,1.6639828234031133,2.945517981749866,0.1878690284487386,2.9790660225442833,0.05367686527106817,0.040257648953301126,0.026838432635534086,,,,
37,39.781266774020395,34.346484165324746,17.250402576489535,0.630703166935051,1.7579173376274826,2.945517981749866,0.1878690284487386,2.9790660225442833,0.05367686527106817,0.040257648953301126,0.026838432635534086,,,,
38,38.768115942028984,34.07809983896941,19.122383252818036,0.7112184648416533,1.8786902844873858,2.1269457863660763,0.2147074610842727,2.9790660225442833,0.05367686527106817,0.040257648953301126,0.026838432635534086,,,,
39,38.5601180891036,32.769726247987116,20.96081588835212,0.785024154589372,1.5297906602254427,2.1269457863660763,0.2147074610842727,2.932098765432099,0.05367686527106817,0.040257648953301126,0.026838432635534086,,,,
40,36.151368760064415,35.16505636070853,20.860171765968868,0.9259259259259259,1.596886741814278,2.0128824476650564,0.23483628556092323,2.932098765432099,0.05367686527106817,0.040257648953301126,0.026838432635534086,,,,
41,35.869565217391305,35.03086419753087,21.18894256575416,0.9728931830381106,1.6371443907675791,2.0128824476650564,0.23483628556092323,2.918679549114332,0.05367686527106817,0.05367686527106817,0.026838432635534086,,,,
42,35.70182501341922,34.76247987117552,21.531132581857218,0.95276435856146,1.751207729468599,2.0263016639828235,0.24154589371980675,2.898550724637681,0.05367686527106817,0.05367686527106817,0.026838432635534086,,,,
43,35.319377348362856,34.07139023081052,21.544551798174986,1.0332796564680622,1.8048845947396672,1.7646269457863661,0.2683843263553409,4.05931293612453,0.026838432635534086,0.05367686527106817,0.05367686527106817,,,,
44,35.28582930756844,33.984165324745035,21.517713365539453,1.1272141706924315,1.8115942028985508,1.7847557702630166,0.322061191626409,4.032474503488996,0.026838432635534086,0.05367686527106817,0.05367686527106817,,,,
45,33.52120236178207,36.41304347826087,21.39694041867955,1.2144390767579174,1.8988191089640365,1.2278582930756843,0.322061191626409,3.8714439076757916,0.026838432635534086,0.05367686527106817,0.05367686527106817,,,,
46,33.43397745571659,36.42646269457864,21.296296296296298,1.3150831991411702,1.9390767579173376,1.2412775093934514,0.322061191626409,3.878153515834675,0.026838432635534086,0.06709608158883522,0.05367686527106817,,,,
47,33.360171765968865,35.50053676865271,21.175523349436393,1.3083735909822867,2.0263016639828235,1.2412775093934514,0.322061191626409,4.864465915190553,0.026838432635534086,0.12077294685990338,0.05367686527106817,,,,
48,33.293075684380035,35.32608695652174,21.162104133118625,1.3217928073000538,2.254428341384863,1.2412775093934514,0.322061191626409,4.87788513150832,0.026838432635534086,0.12077294685990338,0.05367686527106817,,,,
49,31.729736983360173,42.1430488459474,16.06280193236715,1.0399892646269457,2.4221685453569513,1.1943102522812667,0.3153515834675255,4.85775630703167,0.026838432635534086,0.15432098765432098,0.05367686527106817,,,,
50,30.005367686527105,46.98067632850242,12.922705314009661,0.9997316156736447,2.4557165861513686,1.1943102522812667,0.33548040794417605,4.8443370907139025,0.06038647342995169,0.14761137949543746,0.05367686527106817,,,,
51,29.965110037573805,46.83977455716586,12.909286097691895,1.0131508319914118,2.61003757380569,1.221148684916801,0.33548040794417605,4.817498658078368,0.08722490606548577,0.14761137949543746,0.05367686527106817,,,,
52,29.824208266237253,46.63177670424047,12.922705314009661,0.9930220075147611,3.0394524959742353,1.1205045625335481,0.36902844873859364,4.8376274825550185,0.08722490606548577,0.12077294685990338,0.05367686527106817,,,,
53,29.844337090713903,46.49087493290392,12.909286097691895,1.0064412238325282,3.1602254428341383,1.1205045625335481,0.36902844873859364,4.8376274825550185,0.08722490606548577,0.12077294685990338,0.05367686527106817,,,,
54,29.87788513150832,46.262748255501876,12.513419216317766,1.0198604401502953,3.1602254428341383,1.1272141706924315,0.39586688137412773,5.394524959742351,0.07380568974771873,0.12077294685990338,0.05367686527106817,,,,
55,29.851046698872786,46.23590982286635,12.506709608158884,1.0802469135802468,3.207192699946323,1.107085346215781,0.3824476650563607,5.35426731078905,0.07380568974771873,0.1610305958132045,0.040257648953301126,,,,
56,29.851046698872786,46.16881374127751,12.47987117552335,1.1473429951690821,3.2742887815351582,1.107085346215781,0.3824476650563607,5.314009661835748,0.07380568974771873,0.1610305958132045,0.040257648953301126,,,,
57,29.810789049919485,46.12855609232421,12.466451959205582,1.1205045625335481,3.455448201825013,1.1272141706924315,0.3824476650563607,5.233494363929147,0.07380568974771873,0.1610305958132045,0.040257648953301126,,,,
58,29.777241009125067,46.0077831454643,12.466451959205582,1.1205045625335481,3.44873859366613,1.1272141706924315,0.48980139559849706,5.260332796564681,0.10064412238325282,0.1610305958132045,0.040257648953301126,,,,
59,28.267579173376276,44.900697799248526,15.405260332796564,0.8387010198604401,3.4286097691894795,1.1205045625335481,0.46967257112184646,5.213365539452496,0.10064412238325282,0.2147074610842727,0.040257648953301126,,,,
60,28.06629092860977,44.900697799248526,15.405260332796564,0.8454106280193237,3.4017713365539453,1.1674718196457328,0.46967257112184646,5.394524959742351,0.07380568974771873,0.23483628556092323,0.040257648953301126,,,,
61,28.012614063338702,44.7866344605475,15.398550724637682,0.8588298443370908,3.5091250670960816,1.1674718196457328,0.48980139559849706,5.394524959742351,0.07380568974771873,0.2683843263553409,0.040257648953301126,,,,
62,27.911969940955448,44.7866344605475,15.271068169618895,0.9460547504025765,3.535963499731616,1.1674718196457328,0.6038647342995169,5.394524959742351,0.07380568974771873,0.2683843263553409,0.040257648953301126,,,,
63,27.3215244229737,44.28341384863124,16.27750939345142,0.9863123993558777,3.5225442834138487,1.1808910359634996,0.6172839506172839,5.428073000536768,0.07380568974771873,0.2683843263553409,0.040257648953301126,,,,
64,27.30810520665593,43.90096618357488,16.17686527106817,1.0534084809447128,3.9049919484702094,1.2144390767579174,0.644122383252818,5.414653784219001,0.07380568974771873,0.2683843263553409,0.040257648953301126,,,,
65,27.274557165861513,43.67954911433172,16.13660762211487,1.0869565217391304,4.072732152442297,1.2949543746645196,0.644122383252818,5.428073000536768,0.07380568974771873,0.2683843263553409,0.040257648953301126,,,,
66,27.20746108427268,43.61916264090177,16.1231884057971,1.0869565217391304,4.180085882984434,1.2949543746645196,0.6776704240472357,5.428073000536768,0.07380568974771873,0.2683843263553409,0.040257648953301126,,,,
67,27.126945786366075,43.565485775630705,16.09634997316157,1.0869565217391304,4.300858829844337,1.3083735909822867,0.6843800322061192,5.448201825013419,0.07380568974771873,0.2683843263553409,0.040257648953301126,,,,
68,27.073268921095007,43.47155126140633,16.089640365002683,1.1137949543746646,4.30756843800322,1.3553408480944713,0.7112184648416533,5.495169082125604,0.07380568974771873,0.2683843263553409,0.040257648953301126,,,,
69,26.321792807300053,39.99597423510467,19.229736983360173,1.1473429951690821,5.394524959742351,1.3486312399355878,0.7313472893183038,5.46833064949007,0.07380568974771873,0.24825550187869028,0.040257648953301126,,,,
70,26.160762211486848,39.40552871712292,19.088835212023618,1.1473429951690821,5.723295759527644,1.3620504562533549,0.7313472893183038,6.005099302200751,0.08722490606548577,0.24825550187869028,0.040257648953301126,,,,
71,25.77831454643049,39.70746108427268,19.082125603864736,1.1137949543746646,5.736714975845411,1.4224369296833066,0.7112184648416533,6.038647342995169,0.12077294685990338,0.24825550187869028,0.040257648953301126,,,,
72,25.758185721953836,39.70746108427268,18.760064412238325,1.107085346215781,6.052066559312936,1.4224369296833066,0.7447665056360708,6.038647342995169,0.12077294685990338,0.24825550187869028,0.040257648953301126,,,,
73,25.72463768115942,39.64036500268384,18.780193236714975,1.1205045625335481,6.0654857756307035,1.4224369296833066,0.7716049382716049,6.038647342995169,0.12077294685990338,0.27509393451422437,0.040257648953301126,,,,
74,25.738056897477186,39.61352657004831,18.780193236714975,1.1473429951690821,6.072195383789587,1.4090177133655395,0.7917337627482555,6.038647342995169,0.12077294685990338,0.24825550187869028,0.040257648953301126,,,,
75,25.335480407944175,37.5805152979066,21.3768115942029,1.133923778851315,5.978260869565218,1.4090177133655395,0.8789586688137413,5.884326355340848,0.12077294685990338,0.2616747181964573,0.040257648953301126,,,,
76,25.07380568974772,37.2987117552335,21.349973161567366,1.133923778851315,5.998389694041868,1.4358561460010735,1.3687600644122384,5.917874396135265,0.12077294685990338,0.2616747181964573,0.040257648953301126,,,,
77,24.973161567364468,37.29200214707461,21.40365002683843,1.1607622114868492,6.005099302200751,1.4358561460010735,1.3955984970477724,5.911164787976382,0.12077294685990338,0.2616747181964573,0.040257648953301126,,,,
78,24.89935587761675,37.21148684916801,21.370101986044016,1.2144390767579174,6.0587761674718195,1.4761137949543746,1.4224369296833066,5.924584004294149,0.12077294685990338,0.2616747181964573,0.040257648953301126,,,,
79,24.550456253354803,37.03032742887815,21.712292002147073,1.6103059581320451,5.864197530864198,1.4694041867954912,1.4224369296833066,5.917874396135265,0.12077294685990338,0.2616747181964573,0.040257648953301126,,,,
80,24.58400429414922,36.9699409554482,21.66532474503489,1.596886741814278,6.125872249060655,1.4694041867954912,1.4090177133655395,5.743424584004294,0.13419216317767044,0.2616747181964573,0.040257648953301126,,,,
81,24.59742351046699,36.94981213097155,21.598228663446054,1.6505636070853462,6.119162640901771,1.4559849704777241,1.4090177133655395,5.783682232957595,0.13419216317767044,0.2616747181964573,0.040257648953301126,,,,
82,22.52415458937198,38.74127750939345,21.79951690821256,1.6438539989264627,6.172839506172839,1.442565754159957,1.402308105206656,5.783682232957595,0.14761137949543746,0.2616747181964573,0.08051529790660225,,,,
83,22.5577026301664,38.52657004830918,21.752549651100377,1.6774020397208802,6.3137412775093935,1.4895330112721417,1.4358561460010735,5.730005367686527,0.14761137949543746,0.27509393451422437,0.0939345142243693,,,,
84,22.48389694041868,38.459473966720346,21.752549651100377,1.6908212560386473,6.421095008051529,1.5096618357487923,1.4358561460010735,5.730005367686527,0.14761137949543746,0.27509393451422437,0.0939345142243693,,,,
85,22.490606548577563,38.399087493290395,21.651905528717123,1.6774020397208802,6.494900697799249,1.5365002683843263,1.5029522275899088,5.730005367686527,0.14761137949543746,0.27509393451422437,0.0939345142243693,,,,
86,22.477187332259795,38.31857219538379,21.62506709608159,1.6908212560386473,6.541867954911433,1.5633387010198605,1.5163714439076759,5.750134192163178,0.14761137949543746,0.27509393451422437,0.0939345142243693,,,,
87,22.490606548577563,38.0300590445518,21.638486312399355,1.6841116478797638,6.776704240472356,1.5901771336553945,1.5163714439076759,5.743424584004294,0.14761137949543746,0.2885131508319914,0.0939345142243693,,,,
88,21.70558239398819,37.07058507783145,23.637949543746647,1.6639828234031133,6.769994632313473,1.5163714439076759,1.3553408480944713,5.736714975845411,0.1610305958132045,0.2885131508319914,0.0939345142243693,,,,
89,21.557971014492754,37.07058507783145,23.443370907139023,1.6774020397208802,7.085346215780999,1.5230810520665594,1.3352120236178207,5.790391841116479,0.1610305958132045,0.2616747181964573,0.0939345142243693,,,,
90,19.363929146537842,37.42619431025228,25.677670424047236,1.5432098765432098,6.615673644659152,1.3486312399355878,1.3620504562533549,6.112453032742888,0.19457863660762212,0.2616747181964573,0.0939345142243693,,,,
91,19.370638754696724,37.34567901234568,25.583735909822867,1.5767579173376274,6.743156199677939,1.3352120236178207,1.402308105206656,6.0654857756307035,0.23483628556092323,0.24825550187869028,0.0939345142243693,,,,
92,19.35721953837896,37.31884057971015,25.583735909822867,1.5767579173376274,6.756575415995706,1.3553408480944713,1.3821792807300053,6.052066559312936,0.23483628556092323,0.2885131508319914,0.0939345142243693,,,,
93,19.269994632313473,36.82903918411165,25.248255501878692,1.5297906602254427,6.763285024154589,1.3687600644122384,1.9927536231884058,6.353998926462695,0.2616747181964573,0.2885131508319914,0.0939345142243693,,,,
94,19.269994632313473,36.61433172302738,25.234836285560924,1.5029522275899088,6.977992485238862,1.3687600644122384,1.9793344068706387,6.407675791733762,0.2616747181964573,0.2885131508319914,0.0939345142243693,,,,
95,19.162640901771336,35.18518518518518,27.730810520665592,1.5163714439076759,6.615673644659152,1.4224369296833066,2.0799785292538915,5.743424584004294,0.17444981213097155,0.27509393451422437,0.0939345142243693,,,,
96,19.129092860976918,35.07783145464305,27.79790660225443,1.5029522275899088,6.595544820182502,1.4358561460010735,2.1135265700483092,5.790391841116479,0.17444981213097155,0.2885131508319914,0.0939345142243693,,,,
97,19.129092860976918,35.017444981213096,27.750939345142243,1.570048309178744,6.602254428341385,1.4358561460010735,2.100107353730542,5.837359098228664,0.17444981213097155,0.2885131508319914,0.0939345142243693,,,,
98,19.088835212023618,34.94363929146538,27.66371443907676,1.6035963499731616,6.729736983360172,1.4358561460010735,2.100107353730542,5.837359098228664,0.1878690284487386,0.2885131508319914,0.12077294685990338,,,,
99,18.9747718733226,34.94363929146538,27.65029522275899,1.6035963499731616,6.837090713902308,1.4358561460010735,2.100107353730542,5.857487922705314,0.1878690284487386,0.2885131508319914,0.12077294685990338,,,,
100,19.00161030595813,34.856414385399894,27.61003757380569,1.6639828234031133,6.857219538378959,1.4358561460010735,2.1403650026838434,5.857487922705314,0.1878690284487386,0.2683843263553409,0.12077294685990338,,,,
101,19.03515834675255,34.74906065485776,27.569779924852387,1.6908212560386473,6.91760601180891,1.4626945786366077,2.1403650026838434,5.857487922705314,0.1878690284487386,0.2683843263553409,0.12077294685990338,,,,
102,18.4849704777241,34.60144927536232,23.443370907139023,1.1943102522812667,6.756575415995706,4.186795491143317,5.005367686527107,5.797101449275362,0.1878690284487386,0.2616747181964573,0.08051529790660225,,,,
103,18.417874396135264,34.35990338164251,23.450080515297905,1.1943102522812667,6.796833064949007,4.394793344068707,5.005367686527107,5.770263016639828,0.24154589371980675,0.2616747181964573,0.08051529790660225,0.026838432635534086,,,
104,18.42458400429415,34.245840042941495,23.349436392914654,1.1943102522812667,6.91760601180891,4.253891572732153,5.045625335480408,5.917874396135265,0.2683843263553409,0.2616747181964573,0.08051529790660225,0.040257648953301126,,,
105,18.417874396135264,34.225711218464845,23.34272678475577,1.1943102522812667,6.951154052603328,4.253891572732153,5.045625335480408,5.917874396135265,0.2683843263553409,0.2616747181964573,0.08051529790660225,0.040257648953301126,,,
106,18.431293612453032,34.11164787976382,23.30246913580247,1.1943102522812667,7.105475040257649,4.253891572732153,5.018786902844874,5.9514224369296835,0.24825550187869028,0.23483628556092323,0.10735373054213634,0.040257648953301126,,,
107,18.370907139023082,32.8166935050993,23.2487922705314,1.2010198604401503,7.219538378958669,4.2270531400966185,5.065754159957058,7.185990338164252,0.24825550187869028,0.2616747181964573,0.10735373054213634,0.04696725711218465,,,
108,17.216854535695116,30.06575415995706,27.502683843263554,1.2345679012345678,6.743156199677939,5.535426731078905,4.045893719806763,6.964573268921095,0.30193236714975846,0.2616747181964573,0.08051529790660225,0.04696725711218465,,,
109,17.236983360171767,30.038915727321523,27.502683843263554,1.261406333870102,6.723027375201288,5.542136339237788,4.03918411164788,6.964573268921095,0.30193236714975846,0.2616747181964573,0.08051529790660225,0.04696725711218465,,,
110,17.16988727858293,30.005367686527105,27.449006977992486,1.288244766505636,6.729736983360172,5.273752012882448,4.408212560386473,6.944444444444445,0.3153515834675255,0.2616747181964573,0.10735373054213634,0.04696725711218465,,,
111,11.963231347289318,45.55823939881911,21.584809447128286,1.1272141706924315,4.810789049919484,3.7238325281803544,3.8378958668813743,6.716317767042405,0.28180354267310787,0.2616747181964573,0.10735373054213634,0.026838432635534086,,,
112,11.963231347289318,45.02818035426731,20.974235104669887,1.1272141706924315,4.864465915190553,3.730542136339238,4.898013955984971,6.702898550724638,0.2885131508319914,0.2885131508319914,0.10735373054213634,0.026838432635534086,,,
113,11.922973698336017,44.95437466451959,20.840042941492218,1.1808910359634996,5.092592592592593,3.7104133118625873,4.871175523349437,6.6760601180891035,0.27509393451422437,0.2885131508319914,0.1610305958132045,0.026838432635534086,,,
114,11.90955448201825,44.524959742351044,18.733225979602793,1.1741814278046163,5.179817498658078,3.7104133118625873,7.675791733762749,6.380837359098229,0.2683843263553409,0.28180354267310787,0.13419216317767044,0.026838432635534086,,,
115,11.936392914653783,44.45115405260333,18.706387546967257,1.1876006441223832,5.186527106816962,3.7104133118625873,7.669082125603865,6.414385399892646,0.2952227589908749,0.28180354267310787,0.13419216317767044,0.026838432635534086,,,
116,11.969940955448202,44.24315619967794,18.699677938808374,1.2144390767579174,5.3274288781535155,3.7104133118625873,7.615405260332796,6.400966183574879,0.36231884057971014,0.2683843263553409,0.1610305958132045,0.026838432635534086,,,
117,11.929683306494901,44.03515834675255,18.706387546967257,1.2546967257112185,5.508588298443371,3.683574879227053,7.615405260332796,6.427804616210413,0.3824476650563607,0.2683843263553409,0.1610305958132045,0.026838432635534086,,,
118,11.956521739130435,43.98819108964037,18.612453032742888,1.2949543746645196,5.555555555555555,3.683574879227053,7.628824476650563,6.427804616210413,0.39586688137412773,0.2683843263553409,0.1610305958132045,0.026838432635534086,,,
119,11.929683306494901,43.86741814278046,18.531937734836287,1.3888888888888888,5.662909286097692,3.683574879227053,7.628824476650563,6.454643048845948,0.39586688137412773,0.2683843263553409,0.1610305958132045,0.026838432635534086,,,
120,11.889425657541599,43.78019323671498,18.54535695115405,1.402308105206656,5.689747718733226,3.656736446591519,7.615405260332796,6.4412238325281805,0.4562533548040794,0.27509393451422437,0.2214170692431562,0.026838432635534086,,,
121,11.842458400429415,43.545356951154055,18.531937734836287,1.3955984970477724,6.031937734836285,3.656736446591519,7.548309178743962,6.367418142780462,0.4562533548040794,0.27509393451422437,0.2885131508319914,0.026838432635534086,0.03354804079441761,,
122,11.849168008588299,43.39103596349973,18.511808910359633,1.4090177133655395,6.132581857219538,3.6500268384326353,7.595276435856146,6.340579710144928,0.4830917874396135,0.27509393451422437,0.2885131508319914,0.040257648953301126,0.03354804079441761,,
123,11.822329575952764,43.27026301663983,18.42458400429415,1.482823403113258,6.199677938808374,3.683574879227053,7.62211486849168,6.360708534621578,0.4830917874396135,0.27509393451422437,0.2885131508319914,0.040257648953301126,0.04696725711218465,,
124,11.439881910896403,42.0222758990875,17.907944176060116,1.5365002683843263,6.052066559312936,3.4822866344605474,10.373054213633925,6.092324208266238,0.4092860976918948,0.2616747181964573,0.33548040794417605,0.040257648953301126,0.04696725711218465,,
125,11.43317230273752,41.95517981749866,17.894524959742352,1.5230810520665594,6.052066559312936,3.3480944712828773,10.540794417606012,6.159420289855072,0.4092860976918948,0.24825550187869028,0.3488996242619431,0.040257648953301126,0.04696725711218465,,
126,11.43317230273752,41.74047235641439,17.787171229200215,1.5096618357487923,6.179549114331723,3.321256038647343,10.540794417606012,6.367418142780462,0.43612453032742887,0.24825550187869028,0.3488996242619431,0.040257648953301126,0.04696725711218465,,
127,10.63472893183038,39.412238325281805,21.571390230810522,1.5096618357487923,5.636070853462158,3.3011272141706924,10.352925389157273,6.380837359098229,0.43612453032742887,0.2549651100375738,0.4227053140096618,0.040257648953301126,0.04696725711218465,,
128,10.654857756307031,39.378690284487384,21.55126140633387,1.5096618357487923,5.60252281266774,3.307836822329576,10.339506172839506,6.427804616210413,0.4495437466451959,0.2549651100375738,0.43612453032742887,0.040257648953301126,0.04696725711218465,,
129,10.628019323671497,39.378690284487384,21.544551798174986,1.5230810520665594,5.60252281266774,3.307836822329576,10.299248523886206,6.447933440687064,0.4495437466451959,0.2549651100375738,0.47638217928073,0.040257648953301126,0.04696725711218465,,
130,9.789318303811058,38.989533011272144,24.315619967793882,1.4895330112721417,5.555555555555555,2.15378421900161,10.272410091250672,6.280193236714976,0.322061191626409,0.2549651100375738,0.48980139559849706,0.040257648953301126,0.04696725711218465,,
131,9.681964573268921,38.57353730542136,24.255233494363928,1.5297906602254427,6.072195383789587,2.2208803005904456,10.218733225979603,6.273483628556092,0.322061191626409,0.2549651100375738,0.5099302200751477,0.040257648953301126,0.04696725711218465,,
132,9.66183574879227,37.63419216317767,24.20155662909286,1.6170155662909287,6.984702093397746,2.24771873322598,10.144927536231885,6.3070316693505095,0.322061191626409,0.2549651100375738,0.5367686527106817,0.040257648953301126,0.04696725711218465,,
133,9.66183574879227,37.453032742887814,24.228395061728396,1.6572732152442298,7.071926999463232,2.24771873322598,10.185185185185185,6.253354804079442,0.3153515834675255,0.27509393451422437,0.5636070853462157,0.040257648953301126,0.04696725711218465,,
134,9.634997316156737,37.40606548577563,24.168008588298445,1.7176596886741815,7.139023081052066,2.24771873322598,10.178475577026301,6.219806763285024,0.33548040794417605,0.27509393451422437,0.5904455179817498,0.040257648953301126,0.04696725711218465,,
135,9.64170692431562,37.3389694041868,24.094202898550726,1.7713365539452497,7.185990338164252,2.24771873322598,10.178475577026301,6.219806763285024,0.33548040794417605,0.27509393451422437,0.6038647342995169,0.040257648953301126,0.06709608158883522,,
136,9.675254965110037,37.25845410628019,23.899624261943103,1.7847557702630166,7.333601717659689,2.2611379495437465,10.151637144390767,6.286902844873859,0.33548040794417605,0.27509393451422437,0.630703166935051,0.040257648953301126,0.06709608158883522,,
137,9.655126140633387,37.224906065485776,23.866076221148685,1.7981749865807837,7.4208266237251745,2.301395598497048,10.131508319914117,6.3070316693505095,0.33548040794417605,0.27509393451422437,0.6038647342995169,0.040257648953301126,0.040257648953301126,,
138,9.64170692431562,37.09742351046699,23.812399355877616,1.8518518518518519,7.4141170155662905,2.301395598497048,10.104669887278583,6.407675791733762,0.3757380568974772,0.30864197530864196,0.6038647342995169,0.040257648953301126,0.040257648953301126,,
139,9.668545356951155,36.9699409554482,23.758722490606548,1.8853998926462694,7.447665056360709,2.341653247450349,10.0979602791197,6.414385399892646,0.3757380568974772,0.33548040794417605,0.6239935587761675,0.040257648953301126,0.040257648953301126,,
140,9.608158883521202,36.60762211486849,24.510198604401502,1.9927536231884058,7.360440150295223,2.254428341384863,9.856414385399892,6.380837359098229,0.4025764895330113,0.33548040794417605,0.6239935587761675,0.026838432635534086,0.040257648953301126,,
141,9.628287707997853,36.46672034353194,24.335748792270532,2.1604938271604937,7.427536231884058,2.2410091250670963,9.77589908749329,6.474771873322598,0.4428341384863124,0.33548040794417605,0.644122383252818,0.026838432635534086,0.040257648953301126,,
142,9.668545356951155,36.29898013955985,23.91304347826087,2.187332259796028,7.877079978529254,2.2410091250670963,9.816156736446592,6.380837359098229,0.5367686527106817,0.36231884057971014,0.6508319914117016,0.026838432635534086,0.040257648953301126,,
143,9.554482018250134,35.97691894793344,23.980139559849704,2.187332259796028,8.225979602791197,2.254428341384863,9.829575952764358,6.374127750939345,0.5367686527106817,0.36231884057971014,0.6508319914117016,0.026838432635534086,0.040257648953301126,,
144,9.574610842726784,35.869565217391305,23.946591519055286,2.147074610842727,8.340042941492216,2.254428341384863,9.829575952764358,6.380837359098229,0.5367686527106817,0.36231884057971014,0.6910896403650026,0.026838432635534086,0.040257648953301126,,
145,9.520933977455716,33.23268921095008,23.866076221148685,2.200751476113795,8.420558239398819,2.281266774020397,9.668545356951155,9.212292002147075,0.5099302200751477,0.36231884057971014,0.6575415995705851,0.026838432635534086,0.040257648953301126,,
146,9.534353193773484,33.20585077831455,23.825818572195384,2.254428341384863,8.407139023081053,2.281266774020397,9.655126140633387,9.225711218464841,0.5434782608695652,0.3488996242619431,0.6508319914117016,0.026838432635534086,0.040257648953301126,,
147,9.286097691894794,32.66237251744498,24.745034889962426,2.2745571658615136,8.3467525496511,2.2745571658615136,9.581320450885668,9.192163177670425,0.5434782608695652,0.3488996242619431,0.6776704240472357,0.026838432635534086,0.040257648953301126,,
148,9.27938808373591,32.66237251744498,24.724906065485776,2.2745571658615136,8.36688137412775,2.2879763821792807,9.5276435856146,9.205582393988191,0.5568974771873323,0.3488996242619431,0.6977992485238862,0.026838432635534086,0.040257648953301126,,
149,9.27938808373591,31.769994632313473,24.745034889962426,2.254428341384863,9.23913043478261,2.2745571658615136,9.541062801932368,9.219001610305957,0.5568974771873323,0.3488996242619431,0.7045088566827697,0.026838432635534086,0.040257648953301126,,
150,9.292807300053678,31.655931293612454,24.60413311862587,2.38191089640365,9.252549651100376,2.24771873322598,9.554482018250134,9.306226516371444,0.5568974771873323,0.3757380568974772,0.7045088566827697,0.026838432635534086,0.040257648953301126,,
151,9.31964573268921,31.61567364465915,24.516908212560388,2.3886205045625335,9.292807300053678,2.2410091250670963,9.54777241009125,9.346484165324744,0.5837359098228664,0.3757380568974772,0.7045088566827697,0.026838432635534086,0.040257648953301126,,
152,9.312936124530328,31.608964036500268,24.416264090177133,2.38191089640365,9.29951690821256,2.254428341384863,9.574610842726784,9.366612989801396,0.5703166935050993,0.4092860976918948,0.7380568974771873,0.026838432635534086,0.040257648953301126,,
153,9.31964573268921,31.44122383252818,24.4296833064949,2.3886205045625335,9.400161030595813,2.227589908749329,9.554482018250134,9.366612989801396,0.5971551261406334,0.41599570585077833,0.7917337627482555,0.026838432635534086,0.040257648953301126,,
154,9.272678475577026,31.320450885668276,24.40955448201825,2.4020397208803006,9.339774557165862,2.227589908749329,9.541062801932368,9.574610842726784,0.5971551261406334,0.46967257112184646,0.7783145464304885,0.026838432635534086,0.040257648953301126,,
155,9.29951690821256,31.21309715512614,24.376006441223833,2.4020397208803006,9.494095544820183,2.227589908749329,9.5276435856146,9.541062801932368,0.5971551261406334,0.47638217928073,0.7783145464304885,0.026838432635534086,0.040257648953301126,,
156,9.286097691894794,31.186258722490606,24.342458400429415,2.4020397208803006,9.5276435856146,2.2410091250670963,9.50751476113795,9.554482018250134,0.630703166935051,0.47638217928073,0.7783145464304885,0.026838432635534086,0.040257648953301126,,
157,9.359903381642512,31.031937734836287,24.315619967793882,2.395330112721417,9.541062801932368,2.2410091250670963,9.4873859366613,9.655126140633387,0.5971551261406334,0.5099302200751477,0.798443370907139,0.026838432635534086,0.040257648953301126,,
158,9.339774557165862,30.73671497584541,24.248523886205046,2.442297369833602,9.876543209876543,2.2410091250670963,9.460547504025765,9.681964573268921,0.5971551261406334,0.5032206119162641,0.8051529790660226,0.026838432635534086,0.040257648953301126,,
159,9.306226516371444,30.743424584004295,24.248523886205046,2.442297369833602,9.816156736446592,2.254428341384863,9.426999463231347,9.681964573268921,0.7045088566827697,0.5032206119162641,0.8051529790660226,0.026838432635534086,0.040257648953301126,,
160,9.359903381642512,30.649490069779926,24.18142780461621,2.4557165861513686,9.849704777241008,2.2745571658615136,9.46725711218465,9.675254965110037,0.7045088566827697,0.5032206119162641,0.8118625872249061,0.026838432635534086,0.040257648953301126,,
161,9.373322597960279,30.609232420826622,24.134460547504027,2.4892646269457863,9.863123993558776,2.2611379495437465,9.46725711218465,9.688674181427805,0.6977992485238862,0.5032206119162641,0.8118625872249061,0.026838432635534086,0.07380568974771873,,
162,9.39345142243693,30.58239398819109,24.000268384326354,2.536231884057971,9.903381642512077,2.281266774020397,9.39345142243693,9.695383789586689,0.7313472893183038,0.5032206119162641,0.8655394524959742,0.026838432635534086,0.08722490606548577,,
163,9.41358024691358,30.50187869028449,23.93317230273752,2.576489533011272,9.96376811594203,2.254428341384863,9.41358024691358,9.708803005904455,0.7313472893183038,0.5501878690284487,0.8387010198604401,0.026838432635534086,0.08722490606548577,,
164,9.400161030595813,30.287171229200215,23.839237788513152,2.5697799248523885,9.957058507783145,2.2410091250670963,9.608158883521202,9.796027911969942,0.7313472893183038,0.5837359098228664,0.8722490606548577,0.026838432635534086,0.08722490606548577,,
165,9.433709071390231,30.246913580246915,23.752012882447666,2.6301663982823404,9.990606548577563,2.227589908749329,9.594739667203436,9.782608695652174,0.7313472893183038,0.6105743424584005,0.8856682769726248,0.026838432635534086,0.08722490606548577,,
166,9.460547504025765,30.173107890499196,23.698336017176597,2.636876006441224,10.0979602791197,2.227589908749329,9.608158883521202,9.796027911969942,0.7045088566827697,0.5971551261406334,0.8856682769726248,0.026838432635534086,0.08722490606548577,,
167,9.440418679549115,30.06575415995706,23.597691894793343,2.7442297369833604,10.158346752549651,2.24771873322598,9.601449275362318,9.796027911969942,0.7112184648416533,0.5971551261406334,0.9259259259259259,0.026838432635534086,0.08722490606548577,,
168,9.151905528717123,27.355072463768117,25.02012882447665,2.7442297369833604,12.72812667740204,2.2342995169082127,9.312936124530328,9.145195920558239,0.6910896403650026,0.5501878690284487,0.95276435856146,0.026838432635534086,0.08722490606548577,,
169,9.185453569511541,27.334943639291467,24.912775093934513,2.8113258185721954,12.761674718196458,2.2342995169082127,9.272678475577026,9.125067096081589,0.6910896403650026,0.5703166935050993,0.9863123993558777,0.026838432635534086,0.08722490606548577,,
170,9.178743961352657,27.254428341384862,24.84567901234568,2.844873859366613,12.781803542673108,2.2342995169082127,9.333064949006978,9.16532474503489,0.6910896403650026,0.5703166935050993,0.9863123993558777,0.026838432635534086,0.08722490606548577,,
171,9.16532474503489,27.140365002683843,24.818840579710145,2.932098765432099,12.761674718196458,2.26784755770263,9.312936124530328,9.232420826623725,0.7112184648416533,0.5703166935050993,0.9728931830381106,0.026838432635534086,0.08722490606548577,,
172,9.185453569511541,27.106816961889425,24.698067632850243,3.0394524959742353,12.734836285560924,2.24771873322598,9.27938808373591,9.245840042941492,0.7112184648416533,0.6239935587761675,0.9997316156736447,0.026838432635534086,0.10064412238325282,,
173,9.16532474503489,27.046430488459475,24.718196457326894,3.026033279656468,12.775093934514224,2.2611379495437465,9.098228663446054,9.23913043478261,0.8387010198604401,0.6575415995705851,1.0466988727858293,0.026838432635534086,0.10064412238325282,,
174,8.588298443370908,26.34863123993559,26.918947933440688,2.7844873859366612,12.325550187869029,2.2745571658615136,9.118357487922705,9.078099838969404,0.7246376811594203,0.6642512077294686,1.0466988727858293,0.026838432635534086,0.10064412238325282,,
175,8.588298443370908,26.308373590982285,26.90552871712292,2.757648953301127,12.379227053140097,2.26784755770263,9.353193773483628,8.870101986044014,0.7246376811594203,0.6575415995705851,1.0466988727858293,0.026838432635534086,0.11406333870101985,,
176,8.59500805152979,26.241277509393452,26.878690284487387,2.7844873859366612,12.453032742887816,2.2410091250670963,9.339774557165862,8.870101986044014,0.7514761137949544,0.6575415995705851,1.0466988727858293,0.026838432635534086,0.11406333870101985,,
177,8.601717659688674,24.14787976382179,26.717659688674182,2.8784219001610305,11.889425657541599,2.227589908749329,9.245840042941492,11.688137412775093,0.7246376811594203,0.7045088566827697,1.0131508319914118,0.026838432635534086,0.13419216317767044,,
178,8.57487922705314,23.98684916800859,26.610305958132045,2.885131508319914,11.855877616747183,2.2410091250670963,8.910359634997317,12.191358024691358,0.8588298443370908,0.6843800322061192,1.0131508319914118,0.026838432635534086,0.1610305958132045,,
179,8.57487922705314,23.96672034353194,26.603596349973163,2.9052603327965647,11.862587224906065,2.227589908749329,8.93719806763285,12.164519592055823,0.8588298443370908,0.6977992485238862,1.0131508319914118,0.026838432635534086,0.1610305958132045,,
180,8.581588835212024,23.906333870101985,26.422436929683307,3.052871712292002,11.969940955448202,2.227589908749329,8.917069243156199,12.164519592055823,0.8588298443370908,0.6977992485238862,0.9863123993558777,0.026838432635534086,0.1878690284487386,,
181,8.561460010735374,23.839237788513152,25.85882984433709,3.0394524959742353,11.936392914653783,2.9723564143853998,8.903650026838433,12.130971551261407,0.8588298443370908,0.6977992485238862,0.9863123993558777,0.026838432635534086,0.1878690284487386,,
182,8.588298443370908,23.825818572195384,25.72463768115942,3.0595813204508855,12.117552334943639,2.9052603327965647,8.930488459473967,12.06387546967257,0.8588298443370908,0.7514761137949544,0.9594739667203436,0.026838432635534086,0.1878690284487386,,
