,45,50,53,51,54,55,52,56
0,100.0,,,,,,,
1,91.94176060118089,8.05823939881911,,,,,,
2,85.83601717659688,13.533279656468062,0.630703166935051,,,,,
3,85.86285560923243,13.506441223832528,0.630703166935051,,,,,
4,78.81105743424584,20.558239398819108,0.630703166935051,,,,,
5,68.70638754696726,30.66290928609769,0.630703166935051,,,,,
6,58.97074610842727,40.39855072463768,0.630703166935051,,,,,
7,58.63526570048309,37.88915727321525,0.6172839506172839,2.85829307568438,,,,
8,52.824745034889965,46.27616747181965,0.6172839506172839,0.28180354267310787,,,,
9,49.75174449812131,39.02308105206656,0.6172839506172839,10.171765968867419,0.43612453032742887,,,
10,49.75174449812131,39.02308105206656,0.6172839506172839,10.171765968867419,0.43612453032742887,,,
11,48.31588835212023,38.539989264626946,0.6172839506172839,12.090713902308105,0.43612453032742887,,,
12,40.747450348899626,51.1406333870102,,7.796564680622652,0.2683843263553409,0.04696725711218465,,
13,40.49919484702093,49.5907139023081,,7.702630166398282,0.2683843263553409,0.04696725711218465,1.892109500805153,
14,39.93558776167472,48.752012882447666,,9.198872785829307,0.2683843263553409,,1.8451422436929683,
15,33.45410628019324,55.139559849704774,,9.41358024691358,0.020128824476650563,0.1274825550187869,1.8451422436929683,
16,32.25979602791197,53.743961352657,,12.04374664519592,0.020128824476650563,0.1274825550187869,1.8048845947396672,
17,32.74288781535159,53.415190552871714,,11.889425657541599,0.020128824476650563,0.1274825550187869,1.8048845947396672,
18,32.709339774557165,51.590177133655395,0.2683843263553409,11.889425657541599,0.020128824476650563,1.8115942028985508,1.710950080515298,
19,30.991680085882983,48.490338164251206,0.2683843263553409,16.935050993022006,0.020128824476650563,1.6103059581320451,1.6841116478797638,
20,27.334943639291467,45.471014492753625,2.8918411164787976,21.034621578099838,0.14761137949543746,1.4358561460010735,1.6841116478797638,
21,24.9194847020934,47.88647342995169,2.8918411164787976,20.8064949006978,0.14761137949543746,1.6639828234031133,1.6841116478797638,
22,19.826892109500804,52.97906602254428,2.8918411164787976,20.8064949006978,0.14761137949543746,1.6639828234031133,1.6841116478797638,
23,19.98792270531401,51.489533011272144,4.2270531400966185,20.799785292538918,0.14761137949543746,1.6639828234031133,1.6841116478797638,
24,20.222758990874933,51.42914653784219,4.2270531400966185,20.625335480407944,0.14761137949543746,1.6639828234031133,1.6841116478797638,
25,20.42404723564144,51.019860440150296,4.2270531400966185,20.833333333333332,0.14761137949543746,1.6639828234031133,1.6841116478797638,
26,19.545088566827697,41.17015566290929,4.2270531400966185,28.938539989264626,0.14761137949543746,4.28743961352657,1.6841116478797638,
27,19.786634460547504,41.015834675254965,6.099033816425121,26.979334406870638,0.14761137949543746,4.28743961352657,1.6841116478797638,
28,19.77992485238862,40.96886741814278,6.488191089640365,26.643853998926463,0.14761137949543746,4.28743961352657,1.6841116478797638,
29,18.760064412238325,38.28502415458937,6.400966183574879,27.576489533011273,,4.05931293612453,4.918142780461621,
30,18.773483628556093,37.4597423510467,5.8172302737520125,28.972088030059044,,4.05931293612453,4.918142780461621,
31,19.0552871712292,37.11755233494364,5.8172302737520125,28.945249597423512,,4.17337627482555,4.891304347826087,
32,18.531937734836287,36.44659151905529,5.12614063338701,31.34728931830381,,3.656736446591519,4.891304347826087,
33,15.083199141170155,29.683306494900698,3.556092324208266,42.619431025228124,,0.5300590445517982,8.527911969940956,
34,14.325013419216317,28.099838969404185,8.09849704777241,39.11701556629093,,0.27509393451422437,10.084541062801932,
35,13.117283950617283,25.489801395598498,7.179280730005368,41.17015566290929,,0.27509393451422437,12.76838432635534,
36,13.365539452495975,25.43612453032743,7.179280730005368,40.995705850778315,,0.27509393451422437,12.74825550187869,
37,13.446054750402576,25.301932367149757,7.065217391304348,39.31159420289855,1.8585614600107354,0.27509393451422437,12.741545893719806,
38,13.459473966720344,24.852388620504563,7.018250134192163,39.97584541062802,1.8585614600107354,0.27509393451422437,12.560386473429952,
39,13.6808910359635,24.825550187869027,7.018250134192163,39.81481481481482,1.8585614600107354,0.27509393451422437,12.526838432635534,
40,13.298443370907139,24.308910359634996,7.018250134192163,40.713902308105204,1.8585614600107354,0.27509393451422437,12.526838432635534,
41,13.734567901234568,24.268652710681696,5.783682232957595,38.378958668813745,1.8585614600107354,0.27509393451422437,15.70048309178744,
42,13.647342995169081,22.363123993558776,5.783682232957595,38.191089640365,1.8585614600107354,0.27509393451422437,17.881105743424584,
43,13.694310252281268,22.31615673644659,5.783682232957595,38.191089640365,1.8585614600107354,0.27509393451422437,17.881105743424584,
44,13.761406333870102,22.302737520128826,5.783682232957595,38.191089640365,1.8585614600107354,0.27509393451422437,17.827428878153516,
45,13.694310252281268,20.779656468062264,5.783682232957595,37.72141706924316,1.8585614600107354,2.38191089640365,17.780461621041333,
46,13.7211486849168,20.75281803542673,5.783682232957595,37.72141706924316,1.8585614600107354,2.38191089640365,17.780461621041333,
47,13.81508319914117,20.75281803542673,5.783682232957595,37.68786902844874,1.8585614600107354,2.3349436392914655,17.767042404723565,
48,13.841921631776705,19.712828770799785,5.783682232957595,34.265968867418145,1.8384326355340848,1.4895330112721417,23.067632850241544,
49,13.58695652173913,18.256843800322063,6.937734836285561,31.93102522812668,1.415727321524423,1.4895330112721417,26.382179280730007,
50,11.52710681696189,15.566290928609769,6.937734836285561,38.60708534621578,1.415727321524423,1.4895330112721417,24.456521739130434,
51,11.647879763821793,15.505904455179817,6.937734836285561,38.55340848094471,1.415727321524423,1.4895330112721417,24.44981213097155,
52,11.83574879227053,15.391841116478798,6.937734836285561,37.204777241009126,1.415727321524423,1.4895330112721417,25.72463768115942,
53,12.218196457326892,15.203972088030058,9.138486312399356,37.05716586151369,1.415727321524423,1.6706924315619969,23.295759527643586,
54,11.674718196457327,13.620504562533547,9.138486312399356,36.72839506172839,1.415727321524423,1.6706924315619969,25.751476113794954,
55,11.688137412775093,13.620504562533547,9.138486312399356,36.72839506172839,1.415727321524423,1.6706924315619969,25.738056897477186,
56,11.75523349436393,13.58695652173913,9.138486312399356,36.42646269457864,1.415727321524423,1.6706924315619969,25.72463768115942,0.28180354267310787
57,11.782071926999464,13.325281803542673,12.090713902308105,34.35319377348363,1.415727321524423,1.6706924315619969,25.0805152979066,0.28180354267310787
58,11.600912506709609,12.04374664519592,11.392914653784219,39.418947933440684,0.41599570585077833,1.4626945786366077,23.382984433709073,0.28180354267310787
59,10.23215244229737,11.231884057971014,10.540794417606012,42.652979066022546,0.28180354267310787,1.3150831991411702,23.463499731615673,0.28180354267310787
60,10.426731078904991,11.211755233494364,10.44015029522276,42.639559849704774,0.28180354267310787,1.3150831991411702,23.403113258185723,0.28180354267310787
61,10.453569511540525,11.20504562533548,10.124798711755233,42.21685453569511,1.0198604401502953,1.3150831991411702,23.382984433709073,0.28180354267310787
62,10.715244229736983,11.07085346215781,10.11808910359635,42.19672571121846,1.0198604401502953,1.288244766505636,23.309178743961354,0.28180354267310787
63,10.493827160493828,10.72866344605475,7.950885668276973,46.242619431025226,0.644122383252818,0.24825550187869028,23.409822866344605,0.28180354267310787
64,10.742082662372518,10.695115405260333,7.930756843800322,46.2157809983897,0.644122383252818,0.24825550187869028,23.242082662372518,0.28180354267310787
65,10.836017176596886,10.695115405260333,7.930756843800322,46.162104133118625,0.644122383252818,0.24825550187869028,23.201825013419217,0.28180354267310787
66,10.929951690821255,10.695115405260333,7.930756843800322,46.06816961889426,0.644122383252818,0.24825550187869028,23.201825013419217,0.28180354267310787
67,11.211755233494364,10.695115405260333,7.877079978529254,45.94068706387547,0.644122383252818,0.24825550187869028,23.101180891035963,0.28180354267310787
68,11.292270531400966,10.661567364465915,7.877079978529254,45.893719806763286,0.644122383252818,0.24825550187869028,23.101180891035963,0.28180354267310787
69,11.453301127214171,10.661567364465915,7.877079978529254,45.75952764358561,0.644122383252818,0.24825550187869028,23.07434245840043,0.28180354267310787
70,11.580783682232958,10.661567364465915,7.863660762211487,45.69914117015566,0.644122383252818,0.24825550187869028,23.020665593129362,0.28180354267310787
71,9.172034353193773,16.451959205582394,7.890499194847021,45.491143317230275,0.644122383252818,0.24825550187869028,19.82018250134192,0.28180354267310787
72,7.702630166398282,14.969135802469136,6.649221685453569,54.13311862587225,0.2885131508319914,0.24825550187869028,15.727321524422974,0.28180354267310787
73,7.286634460547504,11.104401502952227,10.124798711755233,46.9873859366613,0.2885131508319914,0.24825550187869028,23.336017176596886,0.6239935587761675
74,7.628824476650563,10.93666129898014,10.104669887278583,46.947128287708,0.2885131508319914,0.24825550187869028,23.221953837895867,0.6239935587761675
75,7.9106280193236715,10.93666129898014,9.950348899624261,46.93370907139023,0.2885131508319914,0.24825550187869028,23.10789049919485,0.6239935587761675
76,6.293612453032743,9.272678475577026,7.689210950080516,51.187600644122384,0.2885131508319914,0.24825550187869028,24.396135265700483,0.6239935587761675
77,6.333870101986044,9.272678475577026,7.689210950080516,51.16076221148685,0.2885131508319914,0.24825550187869028,24.382716049382715,0.6239935587761675
78,6.380837359098229,9.272678475577026,7.689210950080516,51.14734299516908,0.2885131508319914,0.24825550187869028,24.349168008588297,0.6239935587761675
79,6.414385399892646,9.272678475577026,7.689210950080516,51.14734299516908,0.2885131508319914,0.24825550187869028,24.315619967793882,0.6239935587761675
80,6.5485775630703165,9.272678475577026,7.689210950080516,50.02012882447665,1.3016639828234031,0.24825550187869028,24.295491143317232,0.6239935587761675
81,6.944444444444445,9.232420826623725,7.689210950080516,49.85909822866345,1.415727321524423,0.24825550187869028,23.98684916800859,0.6239935587761675
82,6.984702093397746,9.232420826623725,7.62211486849168,49.44981213097155,1.415727321524423,0.24825550187869028,23.98684916800859,1.0601180891035964
83,5.267042404723564,22.067901234567902,7.62211486849168,40.70048309178744,0.9326355340848095,0.24825550187869028,22.269189479334408,0.8923778851315083
84,5.522007514761138,21.866612989801396,7.816693505099302,37.2987117552335,0.9326355340848095,0.24825550187869028,25.42270531400966,0.8923778851315083
85,5.5689747718733225,21.85319377348363,7.816693505099302,37.265163714439076,0.9326355340848095,0.24825550187869028,25.42270531400966,0.8923778851315083
86,5.83064949006978,21.85319377348363,7.816693505099302,37.03032742887815,0.9326355340848095,0.4092860976918948,25.107353730542137,1.0198604401502953
87,5.971551261406334,21.85319377348363,7.816693505099302,36.95652173913044,0.9326355340848095,0.4092860976918948,25.0402576489533,1.0198604401502953
88,6.105743424584004,21.83977455716586,7.749597423510467,36.922973698336016,0.9326355340848095,0.4092860976918948,25.02012882447665,1.0198604401502953
89,6.481481481481482,21.81964573268921,7.749597423510467,36.7686527106817,0.9326355340848095,0.4092860976918948,24.818840579710145,1.0198604401502953
90,5.166398282340311,31.246645195920557,7.514761137949543,42.659688674181425,0.47638217928073,,11.943102522812667,0.9930220075147611
91,5.24020397208803,31.239935587761675,7.50805152979066,42.60601180891036,0.47638217928073,,11.936392914653783,0.9930220075147611
92,5.421363392377885,28.83118625872249,7.50805152979066,42.47852925389157,2.898550724637681,,11.869296833064949,0.9930220075147611
93,5.501878690284487,28.817767042404725,7.50805152979066,42.411433172302736,2.898550724637681,,11.869296833064949,0.9930220075147611
94,5.5756843800322065,28.817767042404725,7.461084272678476,42.3845947396672,2.898550724637681,,11.869296833064949,0.9930220075147611
95,5.924584004294149,28.703703703703702,7.347020933977456,38.35882984433709,2.898550724637681,,15.546162104133119,1.221148684916801
96,6.025228126677402,28.703703703703702,7.347020933977456,38.28502415458937,2.898550724637681,,15.519323671497585,1.221148684916801
97,6.152710681696189,28.67686527106817,7.347020933977456,38.17096081588835,2.898550724637681,,15.485775630703166,1.2681159420289856
98,6.333870101986044,28.650026838432634,7.347020933977456,38.04347826086956,2.898550724637681,,15.458937198067632,1.2681159420289856
99,6.400966183574879,28.6231884057971,7.347020933977456,38.0300590445518,2.898550724637681,,15.432098765432098,1.2681159420289856
100,5.347557702630167,24.214975845410628,7.347020933977456,43.934514224369295,2.898550724637681,,14.989264626945786,1.2681159420289856
101,5.595813204508857,24.174718196457327,7.273215244229737,43.86741814278046,2.898550724637681,,14.922168545356952,1.2681159420289856
102,5.750134192163178,24.174718196457327,7.273215244229737,43.71309715512614,2.898550724637681,,14.922168545356952,1.2681159420289856
103,6.166129898013956,23.919753086419753,7.253086419753086,43.572195383789584,2.898550724637681,,14.922168545356952,1.2681159420289856
104,6.273483628556092,23.906333870101985,7.226247987117552,43.505099302200755,2.898550724637681,,14.922168545356952,1.2681159420289856
105,6.333870101986044,23.845947396672035,7.226247987117552,43.20987654320987,2.898550724637681,,14.922168545356952,1.5633387010198605
106,6.4412238325281805,23.812399355877616,7.226247987117552,43.142780461621044,2.898550724637681,,14.922168545356952,1.556629092860977
107,6.729736983360172,23.765432098765434,7.139023081052066,43.00858829844337,2.8784219001610305,,14.922168545356952,1.556629092860977
108,6.776704240472356,23.765432098765434,7.139023081052066,43.001878690284485,2.8784219001610305,,14.895330112721417,1.5432098765432098
109,7.03166935050993,23.517176596886742,7.085346215780999,39.33843263553408,2.8784219001610305,,18.65271068169619,1.4962426194310252
110,7.058507783145465,23.503757380568974,7.085346215780999,39.32501341921632,2.8784219001610305,,18.65271068169619,1.4962426194310252
111,7.300053676865271,23.503757380568974,7.085346215780999,39.10359634997316,2.8784219001610305,,18.632581857219538,1.4962426194310252
112,7.387278582930757,23.503757380568974,7.085346215780999,39.10359634997316,2.8784219001610305,,18.54535695115405,1.4962426194310252
113,7.548309178743962,23.47691894793344,6.977992485238862,39.09688674181428,2.8784219001610305,,18.5252281266774,1.4962426194310252
114,7.729468599033816,23.47691894793344,6.977992485238862,38.92243692968331,2.8784219001610305,,18.51851851851852,1.4962426194310252
115,7.823403113258186,23.416532474503487,6.977992485238862,38.91572732152442,2.8784219001610305,,18.491680085882983,1.4962426194310252
116,8.380300590445518,23.07434245840043,6.971282877079979,38.86205045625336,2.8784219001610305,,18.337359098228664,1.4962426194310252
117,8.561460010735374,22.82608695652174,6.971282877079979,38.58024691358025,2.8784219001610305,0.36902844873859364,18.323939881910896,1.4895330112721417
118,6.159420289855072,17.236983360171767,5.636070853462158,47.18196457326892,2.7643585614600106,0.36902844873859364,19.94766505636071,0.7045088566827697
119,6.219806763285024,17.04911433172303,5.636070853462158,47.08803005904455,2.7643585614600106,0.7313472893183038,19.806763285024154,0.7045088566827697
120,6.494900697799249,16.894793344068706,5.636070853462158,47.034353193773484,2.6972624798711755,0.7313472893183038,19.806763285024154,0.7045088566827697
121,6.515029522275899,16.894793344068706,5.636070853462158,47.014224369296834,2.6972624798711755,0.7313472893183038,19.806763285024154,0.7045088566827697
122,6.66935050993022,16.814278046162105,5.636070853462158,46.96054750402576,2.6972624798711755,0.7313472893183038,19.786634460547504,0.7045088566827697
123,6.716317767042405,16.814278046162105,5.636070853462158,46.95383789586688,2.6972624798711755,0.7313472893183038,19.746376811594203,0.7045088566827697
124,6.910896403650026,16.814278046162105,6.347289318303811,46.45061728395062,2.6972624798711755,0.7313472893183038,19.41760601180891,0.630703166935051
125,7.085346215780999,16.75389157273215,6.347289318303811,46.30971551261406,2.8515834675254963,0.7313472893183038,19.290123456790123,0.630703166935051
126,7.14573268921095,16.586151368760063,6.347289318303811,45.7662372517445,4.4753086419753085,0.7313472893183038,18.317230273752013,0.630703166935051
127,6.488191089640365,13.211218464841654,5.964841653247451,53.39506172839506,4.394793344068707,0.3757380568974772,15.780998389694043,0.38915727321524424
128,6.6827697262479875,13.211218464841654,5.924584004294149,53.24074074074074,4.394793344068707,0.3757380568974772,15.780998389694043,0.38915727321524424
129,6.743156199677939,13.177670424047236,5.911164787976382,53.24074074074074,4.38137412775094,0.3757380568974772,15.780998389694043,0.38915727321524424
130,6.219806763285024,11.178207192699947,5.877616747181965,49.18813741277509,8.038110574342458,0.3757380568974772,18.733225979602793,0.38915727321524424
131,5.790391841116479,11.16478797638218,5.877616747181965,48.9398819108964,8.024691358024691,0.3757380568974772,18.646001073537306,1.1808910359634996
132,6.005099302200751,11.16478797638218,5.877616747181965,48.90633387010199,8.004562533548041,0.3757380568974772,18.4849704777241,1.1808910359634996
133,6.260064412238325,11.05072463768116,5.877616747181965,48.76543209876543,8.004562533548041,0.3757380568974772,18.4849704777241,1.1808910359634996
134,6.5485775630703165,11.05072463768116,5.844068706387547,48.590982286634464,8.004562533548041,0.3757380568974772,18.4044551798175,1.1808910359634996
135,6.843800322061192,10.997047772410092,5.770263016639828,48.450080515297905,8.004562533548041,0.3757380568974772,18.4044551798175,1.1540526033279657
136,6.910896403650026,10.963499731615673,5.756843800322061,48.450080515297905,8.004562533548041,0.3757380568974772,18.38432635534085,1.1540526033279657
137,6.608964036500268,10.218733225979603,9.816156736446592,48.309178743961354,7.997852925389157,,15.895061728395062,1.1540526033279657
138,6.810252281266774,10.218733225979603,9.782608695652174,48.14143853998927,7.997852925389157,,15.895061728395062,1.1540526033279657
139,6.810252281266774,10.218733225979603,9.782608695652174,48.14143853998927,7.997852925389157,,15.895061728395062,1.1540526033279657
140,7.085346215780999,10.218733225979603,9.782608695652174,47.89989264626946,7.96430488459474,,15.895061728395062,1.1540526033279657
141,7.1658615136876005,10.21202361782072,9.782608695652174,47.82608695652174,7.96430488459474,,15.895061728395062,1.1540526033279657
142,7.521470746108427,10.138217928073,9.742351046698873,47.58454106280193,7.96430488459474,,15.895061728395062,1.1540526033279657
143,7.716049382716049,10.131508319914117,9.742351046698873,47.44363929146538,7.924047235641439,,15.888352120236178,1.1540526033279657
144,7.434245840042942,7.232957595276436,9.71551261406334,56.474771873322595,5.991680085882985,,12.016908212560386,1.133923778851315
145,7.25979602791197,7.1658615136876005,8.460815888352121,59.634997316156735,5.991680085882985,,10.352925389157273,1.133923778851315
146,7.64224369296833,7.1658615136876005,10.393183038110575,56.98470209339774,5.495169082125604,,11.18491680085883,1.133923778851315
147,7.856951154052603,7.004830917874396,10.393183038110575,56.98470209339774,5.495169082125604,,11.131239935587761,1.133923778851315
148,7.977724100912507,7.004830917874396,10.393183038110575,56.86392914653784,5.495169082125604,,11.131239935587761,1.133923778851315
149,8.031400966183575,7.004830917874396,10.393183038110575,56.816961889425656,5.495169082125604,,11.124530327428879,1.133923778851315
150,8.031400966183575,6.112453032742888,10.373054213633925,55.67632850241546,7.548309178743962,,11.124530327428879,1.133923778851315
151,8.179012345679013,6.112453032742888,10.359634997316157,55.542136339237786,7.548309178743962,,11.124530327428879,1.133923778851315
152,8.433977455716587,6.112453032742888,10.312667740203972,55.22007514761138,7.5348899624261945,,11.09098228663446,1.2949543746645196
153,8.568169618894256,6.112453032742888,10.312667740203972,55.112721417069245,7.50805152979066,,11.09098228663446,1.2949543746645196
154,8.722490606548577,6.112453032742888,10.19189479334407,55.723295759527645,7.501341921631776,,10.453569511540525,1.2949543746645196
155,8.80300590445518,6.085614600107354,10.19189479334407,55.723295759527645,7.474503488996243,,10.426731078904991,1.2949543746645196
156,9.125067096081589,6.085614600107354,10.19189479334407,55.42807300053677,7.474503488996243,,10.426731078904991,1.2681159420289856
157,7.836822329575953,4.435050993022007,7.635534084809447,62.23832528180354,6.977992485238862,,9.608158883521202,1.2681159420289856
158,7.474503488996243,3.9720880300590444,7.615405260332796,54.51556629092861,6.340579710144928,,18.813741277509394,1.2681159420289856
159,7.548309178743962,3.9720880300590444,7.615405260332796,54.468599033816425,6.340579710144928,,18.78690284487386,1.2681159420289856
160,7.823403113258186,3.9720880300590444,7.407407407407407,54.41492216854536,6.340579710144928,,18.773483628556093,1.2681159420289856
161,7.957595276435856,3.9720880300590444,7.407407407407407,54.30756843800322,6.340579710144928,,18.746645195920557,1.2681159420289856
162,8.259527643585615,3.9049919484702094,7.407407407407407,53.88486312399356,6.3070316693505095,,18.63929146537842,1.596886741814278
163,8.279656468062266,3.9049919484702094,7.407407407407407,53.5829307568438,6.629092860976919,,18.59903381642512,1.596886741814278
164,8.36688137412775,3.9049919484702094,7.407407407407407,53.535963499731615,6.629092860976919,,18.55877616747182,1.596886741814278
165,8.548040794417606,3.9049919484702094,7.407407407407407,53.515834675254965,6.575415995705851,,18.451422436929683,1.596886741814278
166,8.756038647342995,3.8848631239935587,7.4006977992485234,53.34809447128288,6.575415995705851,,18.438003220611915,1.596886741814278
167,8.997584541062801,3.844605475040258,7.353730542136339,53.234031132581855,6.575415995705851,,18.397745571658614,1.596886741814278
168,9.131776704240472,3.844605475040258,7.27992485238862,53.234031132581855,6.5485775630703165,,18.364197530864196,1.596886741814278
169,9.219001610305957,3.81105743424584,7.27992485238862,53.18035426731079,6.5485775630703165,,18.364197530864196,1.596886741814278
170,9.373322597960279,3.81105743424584,7.27992485238862,53.07300053676865,6.5485775630703165,,18.317230273752013,1.596886741814278
171,9.66183574879227,3.7640901771336552,7.27992485238862,52.945517981749866,6.5485775630703165,,18.203166935050994,1.596886741814278
172,9.809447128287708,3.7640901771336552,7.27992485238862,52.81132581857219,6.5485775630703165,,18.189747718733226,1.596886741814278
173,9.943639291465379,3.7640901771336552,7.27992485238862,52.81132581857219,6.5485775630703165,,18.10252281266774,1.5499194847020934
174,10.064412238325282,3.7640901771336552,7.246376811594203,52.74422973698336,6.6827697262479875,,17.94820182501342,1.5499194847020934
175,10.124798711755233,3.7640901771336552,7.246376811594203,52.683843263553406,6.6827697262479875,,17.94820182501342,1.5499194847020934
176,10.205314009661835,3.3950617283950617,7.246376811594203,52.31481481481482,6.6827697262479875,0.6910896403650026,17.914653784219002,1.5499194847020934
177,10.641438539989265,3.3950617283950617,7.246376811594203,51.992753623188406,6.6827697262479875,0.6910896403650026,17.800590445517983,1.5499194847020934
178,10.507246376811594,2.999194847020934,7.246376811594203,55.75013419216318,5.045625335480408,0.6910896403650026,16.210413311862588,1.5499194847020934
179,10.896403650026839,2.999194847020934,7.232957595276436,55.65619967793881,5.045625335480408,0.5770263016639828,16.0426731078905,1.5499194847020934
180,10.601180891035963,2.985775630703167,7.232957595276436,58.07836822329576,4.609500805152979,0.5770263016639828,14.392109500805153,1.5230810520665594
181,10.695115405260333,2.9790660225442833,7.206119162640902,58.031400966183575,4.609500805152979,0.5770263016639828,14.378690284487385,1.5230810520665594
182,10.775630703166936,2.9790660225442833,7.192699946323135,57.91733762748255,4.978529253891573,0.5770263016639828,14.378690284487385,1.2010198604401503
183,11.11111111111111,2.9790660225442833,7.1725711218464845,57.62211486849168,4.9718196457326895,0.5770263016639828,14.36527106816962,1.2010198604401503
184,11.3191089640365,2.9790660225442833,7.1725711218464845,57.19940955448202,4.9718196457326895,0.5770263016639828,14.36527106816962,1.415727321524423
185,11.426462694578637,2.965646806226516,7.1658615136876005,57.11218464841653,4.9718196457326895,0.5770263016639828,14.36527106816962,1.415727321524423
186,11.426462694578637,2.965646806226516,7.1658615136876005,57.11218464841653,4.9718196457326895,0.5770263016639828,14.36527106816962,1.415727321524423
187,11.560654857756306,2.918679549114332,7.152442297369833,57.078636607622116,4.9718196457326895,0.5770263016639828,14.325013419216317,1.415727321524423
188,11.735104669887278,2.918679549114332,6.998121309715513,57.058507783145465,4.9718196457326895,0.5770263016639828,14.325013419216317,1.415727321524423
189,12.117552334943639,2.918679549114332,6.998121309715513,56.816961889425656,4.944981213097155,0.5770263016639828,14.210950080515298,1.415727321524423
190,12.157809983896941,2.9052603327965647,6.964573268921095,56.716317767042405,4.944981213097155,0.6843800322061192,14.210950080515298,1.415727321524423
191,12.23161567364466,2.9052603327965647,6.964573268921095,56.64251207729468,4.944981213097155,0.6843800322061192,14.210950080515298,1.415727321524423
192,12.285292538915728,2.9052603327965647,6.964573268921095,56.045356951154055,4.944981213097155,1.1272141706924315,14.197530864197532,1.5297906602254427
193,12.593934514224369,2.898550724637681,6.910896403650026,55.81052066559313,4.938271604938271,1.1272141706924315,14.190821256038648,1.5297906602254427
194,12.72812667740204,2.871712292002147,6.910896403650026,55.63607085346216,4.938271604938271,1.2412775093934514,14.190821256038648,1.482823403113258
195,12.93612453032743,2.8515834675254963,6.89747718733226,55.2133655394525,4.817498658078368,1.5029522275899088,14.184111647879764,1.596886741814278
196,13.056897477187333,2.8515834675254963,6.89747718733226,55.132850241545896,4.817498658078368,1.5029522275899088,14.143853998926463,1.596886741814278
197,13.231347289318304,2.8515834675254963,6.857219538378959,55.10601180891036,4.810789049919484,1.5029522275899088,14.04320987654321,1.596886741814278
198,13.378958668813741,2.8515834675254963,6.857219538378959,55.02549651100376,4.770531400966184,1.4962426194310252,14.04320987654321,1.5767579173376274
199,13.493022007514762,2.8515834675254963,6.823671497584541,54.97181964573269,4.770531400966184,1.4962426194310252,14.016371443907676,1.5767579173376274
200,13.533279656468062,2.8515834675254963,6.823671497584541,54.93156199677939,4.770531400966184,1.4962426194310252,14.016371443907676,1.5767579173376274
201,13.754696725711218,2.8381642512077296,6.823671497584541,54.79736983360172,4.74369296833065,1.4626945786366077,14.002952227589908,1.5767579173376274
202,13.788244766505636,2.8381642512077296,6.810252281266774,54.77724100912507,4.74369296833065,1.4626945786366077,14.002952227589908,1.5767579173376274
203,13.862050456253355,2.8381642512077296,6.810252281266774,54.730273752012884,4.74369296833065,1.4626945786366077,13.976113794954374,1.5767579173376274
204,14.096886741814279,2.8381642512077296,6.810252281266774,54.6027911969941,4.74369296833065,1.4626945786366077,13.868760064412239,1.5767579173376274
205,14.278046162104133,2.8381642512077296,6.810252281266774,54.3142780461621,4.74369296833065,1.4626945786366077,13.855340848094471,1.6975308641975309
206,14.486044015029522,2.8381642512077296,6.8035426731078905,54.09286097691895,4.7101449275362315,1.4626945786366077,13.79495437466452,1.8115942028985508
207,14.579978529253891,2.8381642512077296,6.769994632313473,54.032474503489,4.7101449275362315,1.4626945786366077,13.79495437466452,1.8115942028985508
208,14.841653247450349,2.8381642512077296,6.749865807836822,53.62989801395599,5.005367686527107,1.4626945786366077,13.6808910359635,1.7914653784219001
209,15.063070316693505,2.8381642512077296,6.736446591519055,53.435319377348364,5.005367686527107,1.4626945786366077,13.667471819645733,1.7914653784219001
210,15.365002683843263,2.8381642512077296,6.709608158883521,53.133387010198604,4.99194847020934,1.3754696725711217,13.654052603327965,1.932367149758454
211,15.5126140633387,2.8381642512077296,6.709608158883521,53.04616210413312,4.99194847020934,1.3754696725711217,13.593666129898015,1.932367149758454
212,15.687063875469672,2.791196994095545,6.575415995705851,52.75093934514224,5.35426731078905,1.3687600644122384,13.546698872785829,1.9256575415995705
213,15.807836822329575,2.791196994095545,6.561996779388084,52.56977992485239,5.35426731078905,2.3886205045625335,12.600644122383253,1.9256575415995705
214,15.92860976918948,2.791196994095545,6.561996779388084,52.563070316693505,5.347557702630167,2.3886205045625335,12.513419216317766,1.90552871712292
215,16.029253891572733,2.791196994095545,6.561996779388084,52.51610305958132,5.347557702630167,2.3886205045625335,12.47987117552335,1.8853998926462694
216,16.150026838432634,2.791196994095545,6.541867954911433,52.42216854535695,5.347557702630167,2.4490069779924855,12.412775093934513,1.8853998926462694
217,16.29092860976919,2.791196994095545,6.535158346752549,52.36849168008588,5.293880837359098,2.4221685453569513,12.412775093934513,1.8853998926462694
218,16.586151368760063,2.791196994095545,6.535158346752549,52.24771873322598,5.287171229200215,2.4221685453569513,12.27187332259796,1.8585614600107354
219,16.6935050993022,2.791196994095545,6.535158346752549,52.14036500268384,5.287171229200215,2.4221685453569513,12.27187332259796,1.8585614600107354
220,16.867954911433173,2.791196994095545,6.535158346752549,52.03972088030059,5.260332796564681,2.4020397208803006,12.245034889962426,1.8585614600107354
221,16.774020397208805,2.7106816961889426,6.481481481481482,51.10708534621578,6.568706387546968,2.4020397208803006,12.097423510466989,1.8585614600107354
222,16.31105743424584,2.7106816961889426,6.394256575415996,50.86553945249597,6.4412238325281805,2.4020397208803006,13.01663982823403,1.8585614600107354
223,16.42512077294686,2.6033279656468062,6.367418142780462,50.597155126140635,6.4412238325281805,2.7241009125067097,12.983091787439614,1.8585614600107354
224,16.505636070853463,2.6033279656468062,6.367418142780462,50.5300590445518,6.4412238325281805,2.7241009125067097,12.983091787439614,1.8451422436929683
225,17.062533548040793,2.5026838432635534,6.367418142780462,50.348899624261946,6.4412238325281805,2.5563607085346214,12.875738056897477,1.8451422436929683
226,17.183306494900698,2.5026838432635534,6.367418142780462,50.26167471819646,6.4412238325281805,2.5563607085346214,12.842190016103059,1.8451422436929683
227,17.330917874396135,2.5026838432635534,6.367418142780462,50.11406333870102,6.4412238325281805,2.5563607085346214,12.842190016103059,1.8451422436929683
228,17.485238862050455,2.5026838432635534,6.353998926462695,49.90606548577563,6.427804616210413,2.5563607085346214,12.788513150831992,1.9793344068706387
229,17.68652710681696,2.5026838432635534,6.347289318303811,49.80542136339238,6.340579710144928,2.5563607085346214,12.781803542673108,1.9793344068706387
230,15.848094471282877,10.111379495437467,6.3137412775093935,45.410628019323674,5.542136339237788,2.5295222758990876,12.265163714439076,1.9793344068706387
231,15.854804079441761,10.111379495437467,6.3137412775093935,45.40391841116479,5.542136339237788,2.5295222758990876,12.265163714439076,1.9793344068706387
232,16.009125067096083,10.084541062801932,6.300322061191626,45.289855072463766,5.448201825013419,2.6704240472356413,12.25174449812131,1.9457863660762211
233,16.317767042404725,9.970477724100913,6.273483628556092,45.169082125603865,5.434782608695652,2.6704240472356413,12.218196457326892,1.9457863660762211
234,16.512345679012345,9.96376811594203,6.273483628556092,45.148953301127214,5.394524959742351,2.6704240472356413,12.090713902308105,1.9457863660762211
235,16.478797638217927,9.936929683306495,6.273483628556092,44.867149758454104,5.394524959742351,2.6704240472356413,11.956521739130435,2.4221685453569513
236,16.525764895330113,9.91009125067096,6.273483628556092,44.847020933977454,5.394524959742351,2.6704240472356413,11.956521739130435,2.4221685453569513
237,16.74718196457327,9.91009125067096,6.273483628556092,44.71282877079979,5.394524959742351,2.5831991411701556,11.956521739130435,2.4221685453569513
238,16.982018250134193,9.836285560923242,6.273483628556092,44.64573268921095,5.394524959742351,2.5831991411701556,11.956521739130435,2.328234031132582
239,17.3040794417606,9.836285560923242,6.072195383789587,44.55179817498658,5.387815351583468,2.5831991411701556,11.936392914653783,2.328234031132582
240,17.424852388620504,9.71551261406334,6.072195383789587,44.55179817498658,5.387815351583468,2.5831991411701556,11.936392914653783,2.328234031132582
241,17.431561996779386,9.71551261406334,6.072195383789587,44.55179817498658,5.387815351583468,2.5831991411701556,11.936392914653783,2.3215244229736984
242,17.47181964573269,9.71551261406334,6.072195383789587,44.55179817498658,5.387815351583468,2.5831991411701556,11.896135265700483,2.3215244229736984
243,17.53220611916264,9.708803005904455,6.072195383789587,44.524959742351044,5.360976918947934,2.5831991411701556,11.896135265700483,2.3215244229736984
244,17.753623188405797,9.594739667203436,6.038647342995169,44.46457326892109,5.360976918947934,2.5831991411701556,11.882716049382717,2.3215244229736984
245,17.881105743424584,9.594739667203436,6.038647342995169,44.39076757917338,5.360976918947934,2.5697799248523885,11.842458400429415,2.3215244229736984
246,18.12265163714439,9.594739667203436,6.038647342995169,44.33038110574343,5.3274288781535155,2.5563607085346214,11.708266237251744,2.3215244229736984
247,17.337627482555018,8.896940418679549,8.836553945249598,43.344068706387546,5.233494363929147,2.3215244229736984,11.708266237251744,2.3215244229736984
248,17.51207729468599,8.789586688137414,8.836553945249598,43.27697262479871,5.233494363929147,2.3215244229736984,11.708266237251744,2.3215244229736984
249,17.659688674181428,8.655394524959743,8.836553945249598,43.183038110574344,5.233494363929147,2.4490069779924855,11.66129898013956,2.3215244229736984
250,17.807300053676865,8.541331186258722,8.836553945249598,43.17632850241546,5.233494363929147,2.4490069779924855,11.634460547504025,2.3215244229736984
251,17.954911433172303,8.541331186258722,8.76274825550188,43.13607085346216,5.233494363929147,2.4490069779924855,11.600912506709609,2.3215244229736984
252,18.256843800322063,8.541331186258722,8.668813741277509,43.00858829844337,5.233494363929147,2.4490069779924855,11.540526033279656,2.301395598497048
253,18.297101449275363,8.541331186258722,8.668813741277509,43.00858829844337,5.233494363929147,2.4490069779924855,11.500268384326356,2.301395598497048
254,18.297101449275363,8.541331186258722,8.668813741277509,43.00858829844337,5.233494363929147,2.4490069779924855,11.500268384326356,2.301395598497048
255,18.276972624798713,8.541331186258722,8.668813741277509,42.84084809447128,5.233494363929147,2.636876006441224,11.500268384326356,2.301395598497048
256,18.411164787976382,8.527911969940956,8.796296296296296,42.73349436392915,5.213365539452496,2.636876006441224,11.379495437466453,2.301395598497048
257,18.46484165324745,8.501073537305421,8.796296296296296,42.70665593129361,5.213365539452496,2.636876006441224,11.379495437466453,2.301395598497048
258,18.59903381642512,8.501073537305421,8.668813741277509,42.42485238862051,5.213365539452496,2.9119699409554483,11.379495437466453,2.301395598497048
259,18.632581857219538,8.487654320987655,9.936929683306495,41.176865271068166,5.213365539452496,2.9119699409554483,11.33923778851315,2.301395598497048
260,18.95464304884595,8.387010198604402,9.916800858829845,40.975577026301664,5.213365539452496,2.9119699409554483,11.33923778851315,2.301395598497048
261,19.182769726247987,8.387010198604402,9.796027911969942,40.78099838969404,5.776972624798712,2.49597423510467,11.285560923242082,2.2946859903381642
262,19.37734836285561,8.319914117015566,9.77589908749329,40.70048309178744,5.776972624798712,2.49597423510467,11.258722490606548,2.2946859903381642
263,19.504830917874397,8.319914117015566,9.762479871175524,40.61325818572195,5.776972624798712,2.49597423510467,11.231884057971014,2.2946859903381642
264,19.732957595276435,8.3064949006978,9.742351046698873,40.4320987654321,5.776972624798712,2.49597423510467,11.231884057971014,2.281266774020397
265,19.77992485238862,8.293075684380032,9.742351046698873,40.304616210413315,6.052066559312936,2.4221685453569513,11.231884057971014,2.1739130434782608
266,19.880568974771872,8.293075684380032,9.722222222222221,40.23752012882448,6.052066559312936,2.4221685453569513,11.231884057971014,2.1604938271604937
267,20.00805152979066,8.293075684380032,9.668545356951155,40.163714439076756,6.052066559312936,2.4221685453569513,11.231884057971014,2.1604938271604937
268,20.088566827697264,8.293075684380032,9.668545356951155,40.083199141170155,6.052066559312936,2.4221685453569513,11.231884057971014,2.1604938271604937
269,20.25630703166935,8.232689210950081,9.668545356951155,39.99597423510467,6.052066559312936,2.4221685453569513,11.211755233494364,2.1604938271604937
270,20.30998389694042,8.232689210950081,9.66183574879227,39.94900697799248,6.052066559312936,2.4221685453569513,11.211755233494364,2.1604938271604937
271,20.30998389694042,8.232689210950081,9.66183574879227,39.94900697799248,6.052066559312936,2.4221685453569513,11.211755233494364,2.1604938271604937
272,20.363660762211488,8.232689210950081,9.66183574879227,39.93558776167472,6.038647342995169,2.4221685453569513,11.18491680085883,2.1604938271604937
273,20.44417606011809,8.232689210950081,9.634997316156737,39.92887815351583,6.005099302200751,2.408749329039184,11.18491680085883,2.1604938271604937
274,20.571658615136876,8.232689210950081,9.567901234567902,39.86849168008588,6.005099302200751,2.408749329039184,11.18491680085883,2.1604938271604937
275,20.618625872249062,8.232689210950081,9.567901234567902,39.821524422973695,6.005099302200751,2.408749329039184,11.18491680085883,2.1604938271604937
276,20.8467525496511,8.232689210950081,9.520933977455716,39.700751476113794,5.9447128287707995,2.408749329039184,11.18491680085883,2.1604938271604937
277,21.081588835212024,8.152173913043478,9.520933977455716,39.55314009661836,5.917874396135265,2.408749329039184,11.11111111111111,2.254428341384863
278,21.35668276972625,8.152173913043478,9.473966720343531,39.06333870101986,6.031937734836285,2.563070316693505,11.104401502952227,2.254428341384863
279,21.40365002683843,8.132045088566828,9.473966720343531,39.04320987654321,6.031937734836285,2.563070316693505,11.104401502952227,2.24771873322598
280,21.537842190016104,8.132045088566828,9.353193773483628,39.04320987654321,6.031937734836285,2.5563607085346214,11.104401502952227,2.2410091250670963
281,21.900161030595815,8.071658615136876,9.306226516371444,38.85534084809447,6.031937734836285,2.49597423510467,11.104401502952227,2.2342995169082127
282,22.020933977455716,8.071658615136876,9.292807300053678,38.747987117552334,6.031937734836285,2.49597423510467,11.104401502952227,2.2342995169082127
283,22.074610842726784,8.071658615136876,9.272678475577026,38.71443907675792,6.031937734836285,2.49597423510467,11.104401502952227,2.2342995169082127
