,45,50,55,51,52,53,54,56,57,60,59,58,61
0,93.98819108964037,6.011808910359635,,,,,,,,,,,
1,90.70048309178743,9.29951690821256,,,,,,,,,,,
2,89.81481481481481,10.185185185185185,,,,,,,,,,,
3,89.51959205582394,10.413311862587225,0.06709608158883522,,,,,,,,,,
4,89.31830381105743,10.61460010735373,0.06709608158883522,,,,,,,,,,
5,81.54186795491144,18.391035963499732,0.06709608158883522,,,,,,,,,,
6,80.62265163714439,19.229736983360173,0.06709608158883522,0.08051529790660225,,,,,,,,,
7,76.4224369296833,23.349436392914654,0.14761137949543746,0.08051529790660225,,,,,,,,,
8,76.1406333870102,23.63123993558776,0.14761137949543746,0.08051529790660225,,,,,,,,,
9,75.61728395061728,23.349436392914654,0.14761137949543746,0.08051529790660225,0.8051529790660226,,,,,,,,
10,74.597423510467,24.228395061728396,0.14761137949543746,0.2214170692431562,0.8051529790660226,,,,,,,,
11,74.2619431025228,24.261943102522814,0.14761137949543746,0.2214170692431562,1.107085346215781,,,,,,,,
12,73.52388620504563,24.416264090177133,0.2214170692431562,0.2214170692431562,1.6170155662909287,,,,,,,,
13,71.3768115942029,26.56333870101986,0.2214170692431562,0.2214170692431562,1.6170155662909287,,,,,,,,
14,70.49785292538915,27.408749329039185,0.2214170692431562,0.2214170692431562,1.6170155662909287,0.03354804079441761,,,,,,,
15,70.20263016639828,27.623456790123456,0.2214170692431562,0.2214170692431562,1.6975308641975309,0.03354804079441761,,,,,,,
16,70.08856682769726,27.408749329039185,0.2214170692431562,0.2214170692431562,1.6975308641975309,0.2214170692431562,0.14090177133655393,,,,,,
17,69.37063875469673,28.12667740203972,0.2214170692431562,0.2214170692431562,1.6975308641975309,0.2214170692431562,0.14090177133655393,,,,,,
18,68.9747718733226,27.2812667740204,0.2549651100375738,0.5032206119162641,1.5432098765432098,1.2748255501878691,0.16774020397208803,,,,,,
19,68.75335480407944,27.26784755770263,0.36902844873859364,0.5971551261406334,1.570048309178744,1.2748255501878691,0.16774020397208803,,,,,,
20,67.86097691894793,26.20101986044015,0.36902844873859364,2.589908749329039,1.5365002683843263,1.2748255501878691,0.16774020397208803,,,,,,
21,67.76704240472357,26.29495437466452,0.36902844873859364,2.589908749329039,1.5365002683843263,1.2748255501878691,0.16774020397208803,,,,,,
22,67.63955984970478,26.42914653784219,0.36902844873859364,2.5831991411701556,1.5365002683843263,1.2748255501878691,0.16774020397208803,,,,,,
23,66.96188942565755,27.01959205582394,0.4562533548040794,2.5831991411701556,1.5365002683843263,1.2748255501878691,0.16774020397208803,,,,,,
24,66.74718196457327,27.093397745571657,0.4562533548040794,2.5831991411701556,1.4090177133655395,1.415727321524423,0.2952227589908749,,,,,,
25,66.59286097691894,27.24771873322598,0.48980139559849706,2.5831991411701556,1.4492753623188406,1.3888888888888888,0.24825550187869028,,,,,,
26,65.74074074074075,27.95222758990875,0.48980139559849706,2.7308105206655933,1.4492753623188406,1.3888888888888888,0.24825550187869028,,,,,,
27,65.61325818572196,28.005904455179817,0.5166398282340311,2.7308105206655933,1.4492753623188406,1.3888888888888888,0.2952227589908749,,,,,,
28,65.55958132045089,27.932098765432098,0.5166398282340311,2.771068169618894,1.4492753623188406,1.4761137949543746,0.2952227589908749,,,,,,
29,64.7410091250671,28.06629092860977,0.5166398282340311,3.374932903918411,1.4492753623188406,1.4761137949543746,0.3757380568974772,,,,,,
30,63.74127750939345,28.67686527106817,0.5703166935050993,3.7104133118625873,1.4492753623188406,1.4761137949543746,0.3757380568974772,,,,,,
31,62.63419216317767,29.696725711218466,0.5703166935050993,3.7104133118625873,1.5365002683843263,1.4761137949543746,0.3757380568974772,,,,,,
32,60.567632850241544,27.086688137412775,0.3824476650563607,8.192431561996779,1.5365002683843263,1.4761137949543746,0.7581857219538379,,,,,,
33,59.876543209876544,27.616747181964573,0.47638217928073,8.179012345679013,1.6170155662909287,1.4761137949543746,0.7581857219538379,,,,,,
34,50.14090177133655,37.446323134728935,0.4495437466451959,8.091787439613526,1.5297906602254427,1.3620504562533549,0.9796027911969941,,,,,,
35,50.0402576489533,37.25174449812131,0.4495437466451959,8.091787439613526,1.6438539989264627,1.2949543746645196,1.2278582930756843,,,,,,
36,49.45652173913044,37.3389694041868,0.5032206119162641,8.28636607622115,1.8988191089640365,1.2949543746645196,1.221148684916801,,,,,,
37,48.993558776167475,37.526838432635536,0.5032206119162641,8.272946859903382,1.8988191089640365,1.2949543746645196,1.5096618357487923,,,,,,
38,47.57112184648417,39.50617283950617,0.5636070853462157,7.776435856146001,1.7310789049919484,1.221148684916801,1.6035963499731616,0.026838432635534086,,,,,
39,47.557702630166396,38.65405260332797,0.5636070853462157,7.682501341921632,2.408749329039184,1.3620504562533549,1.7444981213097155,0.026838432635534086,,,,,
40,47.04106280193237,35.19189479334407,0.5032206119162641,9.198872785829307,5.139559849704777,1.3150831991411702,1.583467525496511,0.026838432635534086,,,,,
41,46.89345142243693,35.02415458937198,0.5434782608695652,9.534353193773484,5.139559849704777,1.2546967257112185,1.583467525496511,0.026838432635534086,,,,,
42,46.423778851315085,34.936929683306495,0.6508319914117016,9.923510466988727,5.199946323134729,1.3486312399355878,1.4895330112721417,0.026838432635534086,,,,,
43,46.242619431025226,34.916800858829845,0.6642512077294686,9.668545356951155,5.441492216854535,1.5499194847020934,1.4895330112721417,0.026838432635534086,,,,,
44,45.94068706387547,35.138217928073,0.7380568974771873,9.655126140633387,5.374396135265701,1.5633387010198605,1.5633387010198605,0.026838432635534086,,,,,
45,39.472624798711756,44.41760601180891,0.5703166935050993,8.856682769726248,5.0993022007514766,0.4830917874396135,1.0735373054213635,0.026838432635534086,,,,,
46,39.38539989264627,44.33038110574343,0.5703166935050993,9.01100375738057,5.166398282340311,0.5367686527106817,0.9728931830381106,0.026838432635534086,,,,,
47,37.23161567364466,39.81481481481482,0.6642512077294686,16.532474503488995,4.28743961352657,0.5032206119162641,0.8319914117015567,0.13419216317767044,,,,,
48,37.144390767579175,39.398819108964034,1.0534084809447128,16.646537842190018,4.28743961352657,0.5032206119162641,0.8319914117015567,0.13419216317767044,,,,,
49,37.21148684916801,39.36527106816962,1.1607622114868492,16.55931293612453,4.233762748255502,0.5032206119162641,0.8319914117015567,0.13419216317767044,,,,,
50,36.66129898013956,39.60681696188943,1.3821792807300053,16.532474503488995,4.320987654320987,0.5434782608695652,0.8185721953837896,0.13419216317767044,,,,,
51,36.74852388620504,39.36527106816962,1.4224369296833066,16.438539989264626,4.253891572732153,0.8185721953837896,0.8185721953837896,0.13419216317767044,,,,,
52,35.218733225979605,39.741009125067094,1.8585614600107354,17.19001610305958,4.2203435319377345,0.8185721953837896,0.8185721953837896,0.13419216317767044,,,,,
53,34.574610842726784,39.14385399892646,1.9793344068706387,17.12962962962963,5.401234567901234,0.8185721953837896,0.8185721953837896,0.13419216317767044,,,,,
54,34.64170692431562,38.727858293075684,1.8988191089640365,17.122920021470748,5.481749865807837,1.1741814278046163,0.8185721953837896,0.13419216317767044,,,,,
55,34.004294149221685,39.392109500805155,1.7914653784219001,17.042404723564143,5.253623188405797,1.1674718196457328,1.2144390767579174,0.13419216317767044,,,,,
56,33.803005904455176,39.24449812130972,1.751207729468599,17.60601180891036,5.0791733762748255,1.1674718196457328,1.2144390767579174,0.13419216317767044,,,,,
57,33.24610842726785,39.62694578636608,2.033011272141707,17.418142780461622,5.132850241545894,1.1674718196457328,1.2412775093934514,0.13419216317767044,,,,,
58,33.19243156199678,39.24449812130972,1.9927536231884058,17.559044551798173,5.173107890499195,1.1473429951690821,1.556629092860977,0.13419216317767044,,,,,
59,33.12533548040794,39.231078904991946,2.1135265700483092,17.45169082125604,5.139559849704777,1.247987117552335,1.556629092860977,0.13419216317767044,,,,,
60,32.971014492753625,38.62050456253355,2.086688137412775,17.404723564143854,5.877616747181965,1.2412775093934514,1.556629092860977,0.24154589371980675,,,,,
61,32.72275899087493,38.73456790123457,2.086688137412775,17.458400429414922,5.9447128287707995,1.2815351583467525,1.5297906602254427,0.24154589371980675,,,,,
62,32.52818035426731,38.7614063338701,2.26784755770263,17.444981213097154,5.9447128287707995,1.2815351583467525,1.5297906602254427,0.24154589371980675,,,,,
63,32.60198604401503,38.7614063338701,2.254428341384863,17.23027375201288,6.052066559312936,1.2815351583467525,1.5297906602254427,0.2885131508319914,,,,,
64,32.56172839506173,38.69431025228127,2.4154589371980677,17.06924315619968,6.052066559312936,1.2815351583467525,1.6639828234031133,0.2616747181964573,,,,,
65,32.52818035426731,38.519860440150296,2.522812667740204,17.05582393988191,6.052066559312936,1.247987117552335,1.8115942028985508,0.2616747181964573,,,,,
66,32.35373054213634,38.29844337090714,2.636876006441224,17.223564143854,5.924584004294149,1.4492753623188406,1.8115942028985508,0.30193236714975846,,,,,
67,32.31347289318304,37.88244766505636,2.952227589908749,17.183306494900698,6.166129898013956,1.3888888888888888,1.8115942028985508,0.30193236714975846,,,,,
68,32.360440150295226,37.734836285560924,2.952227589908749,17.12962962962963,6.092324208266238,1.3888888888888888,2.0397208803005906,0.30193236714975846,,,,,
69,32.367149758454104,37.7012882447665,2.952227589908749,17.11621041331186,6.092324208266238,1.3888888888888888,2.0799785292538915,0.30193236714975846,,,,,
70,32.46108427267848,37.33225979602791,2.918679549114332,17.08937198067633,6.380837359098229,1.3888888888888888,2.1269457863660763,0.30193236714975846,,,,,
71,32.07192699946323,36.231884057971016,2.918679549114332,17.351046698872786,7.561728395061729,1.3016639828234031,2.368491680085883,0.19457863660762212,,,,,
72,31.582125603864736,35.68169618894257,3.1468062265163717,19.659151905528716,6.125872249060655,1.3016639828234031,2.3081052066559313,0.19457863660762212,,,,,
73,31.676060118089104,35.04428341384863,3.0394524959742353,19.16935050993022,7.246376811594203,1.442565754159957,2.187332259796028,0.19457863660762212,,,,,
74,31.320450885668276,34.50751476113795,3.0931293612453032,19.90740740740741,7.212828770799785,1.5767579173376274,2.1739130434782608,0.20799785292538917,,,,,
75,30.991680085882983,34.58132045088567,3.0931293612453032,20.095276435856146,7.212828770799785,1.5767579173376274,2.1739130434782608,0.27509393451422437,,,,,
76,30.96484165324745,34.09822866344606,3.8177670424047236,19.880568974771872,7.212828770799785,1.5767579173376274,2.1739130434782608,0.27509393451422437,,,,,
77,30.917874396135264,34.024422973698336,3.8177670424047236,19.840311325818572,7.199409554482019,1.6572732152442298,2.26784755770263,0.27509393451422437,,,,,
78,30.837359098228664,34.044551798174986,4.0995705850778315,19.618894256575416,7.1725711218464845,1.5767579173376274,2.3483628556092326,0.27509393451422437,0.026838432635534086,,,,
79,28.710413311862588,38.466183574879224,4.206924315619967,17.538915727321523,6.890767579173376,1.5365002683843263,2.3483628556092326,0.27509393451422437,0.026838432635534086,,,,
80,28.710413311862588,38.466183574879224,4.206924315619967,17.538915727321523,6.890767579173376,1.5365002683843263,2.3483628556092326,0.27509393451422437,0.026838432635534086,,,,
81,28.468867418142782,38.59366612989801,4.200214707461084,17.538915727321523,6.810252281266774,1.6975308641975309,2.3886205045625335,0.27509393451422437,0.026838432635534086,,,,
82,28.5426731078905,37.9495437466452,4.388083735909823,17.51207729468599,6.756575415995706,1.9927536231884058,2.5563607085346214,0.27509393451422437,0.026838432635534086,,,,
83,28.401771336553946,37.97638217928073,4.575952764358561,17.424852388620504,6.756575415995706,2.006172839506173,2.5563607085346214,0.27509393451422437,0.026838432635534086,,,,
84,26.86527106816962,40.02952227589909,4.575952764358561,17.136339237788512,6.635802469135802,1.9390767579173376,2.5161030595813205,0.27509393451422437,0.026838432635534086,,,,
85,26.99946323134729,39.66720343531938,4.824208266237251,17.08937198067633,6.635802469135802,1.9659151905528718,2.5161030595813205,0.27509393451422437,0.026838432635534086,,,,
86,25.63070316693505,41.27079978529254,4.871175523349437,16.961889425657542,6.427804616210413,2.033011272141707,2.5026838432635534,0.27509393451422437,0.026838432635534086,,,,
87,25.583735909822867,40.23081052066559,4.817498658078368,16.948470209339774,6.394256575415996,2.033011272141707,3.6902844873859366,0.27509393451422437,0.026838432635534086,,,,
88,25.583735909822867,40.04965110037574,5.025496511003757,16.935050993022006,6.327160493827161,2.033011272141707,3.6902844873859366,0.32877079978529256,0.026838432635534086,,,,
89,25.785024154589372,39.92887815351583,5.0791733762748255,16.901502952227588,6.327160493827161,2.006172839506173,3.616478797638218,0.32877079978529256,0.026838432635534086,,,,
90,25.805152979066023,39.81481481481482,5.3341384863123995,16.774020397208805,6.293612453032743,2.006172839506173,3.616478797638218,0.32877079978529256,0.026838432635534086,,,,
91,25.811862587224905,39.64036500268384,5.267042404723564,16.586151368760063,6.468062265163715,2.0933977455716586,3.7775093934514223,0.32877079978529256,0.026838432635534086,,,,
92,25.845410628019323,39.60681696188943,5.267042404723564,16.478797638217927,6.367418142780462,2.254428341384863,3.81105743424584,0.3421900161030596,0.026838432635534086,,,,
93,25.45625335480408,39.982555018786904,5.253623188405797,16.324476650563607,6.380837359098229,2.6972624798711755,3.535963499731616,0.3421900161030596,0.026838432635534086,,,,
94,24.751744498121308,40.74074074074074,5.22007514761138,16.304347826086957,6.340579710144928,2.737520128824477,3.535963499731616,0.3421900161030596,0.026838432635534086,,,,
95,24.751744498121308,40.653515834675254,5.159688674181428,16.404991948470208,6.253354804079442,2.737520128824477,3.5963499731615673,0.4227053140096618,0.020128824476650563,,,,
96,24.792002147074612,40.485775630703166,4.9651100375738055,16.163446054750402,6.253354804079442,2.85829307568438,4.03918411164788,0.4227053140096618,0.020128824476650563,,,,
97,24.798711755233494,40.37842190016103,4.7638217928073,15.901771336553946,6.239935587761675,2.9924852388620504,4.4820182501341925,0.4227053140096618,0.020128824476650563,,,,
98,24.832259796027913,40.143585614600106,4.911433172302737,15.827965646806227,6.233225979602791,2.9924852388620504,4.616210413311863,0.4227053140096618,0.020128824476650563,,,,
99,24.953032742887814,40.083199141170155,4.884594739667204,15.640096618357488,6.226516371443908,3.1333870101986045,4.636339237788513,0.4227053140096618,0.020128824476650563,,,,
100,24.97987117552335,40.07648953301127,4.884594739667204,15.640096618357488,6.018518518518518,3.1333870101986045,4.636339237788513,0.48980139559849706,0.14090177133655393,,,,
101,24.879227053140095,39.71417069243156,4.884594739667204,15.539452495974235,6.3137412775093935,3.1333870101986045,4.730273752012883,0.6642512077294686,0.14090177133655393,,,,
102,24.765163714439076,39.83494363929147,4.783950617283951,15.49248523886205,6.206387546967257,3.1736446591519054,4.898013955984971,0.7045088566827697,0.14090177133655393,,,,
103,24.61755233494364,39.64707461084273,4.783950617283951,15.626677402039721,6.239935587761675,3.1736446591519054,5.038915727321524,0.7045088566827697,0.16774020397208803,,,,
104,24.342458400429415,39.06333870101986,4.87788513150832,16.525764895330113,6.239935587761675,3.0931293612453032,4.85775630703167,0.7045088566827697,0.2952227589908749,,,,
105,24.295491143317232,39.03650026838432,4.770531400966184,16.72705314009662,6.119162640901771,3.0931293612453032,4.851046698872786,0.8118625872249061,0.2952227589908749,,,,
106,24.10762211486849,38.51315083199141,4.676596886741814,16.70692431561997,7.098765432098766,2.965646806226516,4.824208266237251,0.8118625872249061,0.2952227589908749,,,,
107,24.235104669887278,37.80193236714976,4.750402576489533,16.545893719806763,7.058507783145465,2.9589371980676327,5.542136339237788,0.8118625872249061,0.2952227589908749,,,,
108,23.047504025764894,34.78260869565217,3.7238325281803544,22.906602254428343,6.904186795491143,2.623456790123457,4.703435319377348,1.0131508319914118,0.2952227589908749,,,,
109,22.6784755770263,32.99785292538916,3.4822866344605474,25.87224906065486,6.763285024154589,2.5831991411701556,4.374664519592056,0.9796027911969941,0.2683843263553409,,,,
110,21.55126140633387,33.722490606548575,3.7640901771336552,24.88593666129898,6.622383252818035,3.9989264626945786,4.206924315619967,0.9796027911969941,0.2683843263553409,,,,
111,21.611647879763822,33.662104133118625,3.7640901771336552,24.630971551261407,6.608964036500268,3.9452495974235107,4.206924315619967,1.3016639828234031,0.2683843263553409,,,,
112,21.464036500268385,33.843263553408484,3.7573805689747717,24.335748792270532,6.541867954911433,4.045893719806763,4.180085882984434,1.5633387010198605,0.2683843263553409,,,,
113,20.82662372517445,34.594739667203434,3.7573805689747717,24.308910359634996,6.233225979602791,3.878153515834675,4.280730005367687,1.5633387010198605,0.5568974771873323,,,,
114,20.155662909286097,33.99087493290392,3.7640901771336552,24.342458400429415,7.313472893183038,4.066022544283414,4.367954911433173,1.442565754159957,0.5568974771873323,,,,
115,20.175791733762747,33.9573268921095,3.9586688137412773,24.255233494363928,7.313472893183038,3.978797638217928,4.361245303274289,1.442565754159957,0.5568974771873323,,,,
116,20.169082125603865,33.641975308641975,3.851315083199141,24.308910359634996,7.427536231884058,3.978797638217928,4.4820182501341925,1.583467525496511,0.5568974771873323,,,,
117,20.202630166398283,33.621846484165324,3.851315083199141,24.261943102522814,7.427536231884058,3.965378421900161,4.4820182501341925,1.6304347826086956,0.5568974771873323,,,,
118,20.26972624798712,33.3064949006978,3.4621578099838968,24.000268384326354,7.367149758454106,4.562533548040794,4.891304347826087,1.583467525496511,0.5568974771873323,,,,
119,20.034889962426195,33.293075684380035,3.5091250670960816,24.08749329039184,7.25979602791197,4.723564143853999,4.864465915190553,1.6706924315619969,0.5568974771873323,,,,
120,20.04830917874396,33.19243156199678,3.5091250670960816,24.08078368223296,7.25979602791197,4.757112184648417,4.924852388620504,1.6706924315619969,0.5568974771873323,,,,
121,20.263016639828233,32.52818035426731,3.502415458937198,24.60413311862587,7.071926999463232,4.757112184648417,4.924852388620504,1.7914653784219001,0.5568974771873323,,,,
122,20.336822329575952,32.43424584004294,3.44873859366613,24.63768115942029,7.071926999463232,4.810789049919484,4.911433172302737,1.7914653784219001,0.5568974771873323,,,,
123,20.37037037037037,32.45437466451959,3.435319377348363,24.61755233494364,7.065217391304348,4.810789049919484,4.891304347826087,1.7981749865807837,0.5568974771873323,,,,
124,20.41062801932367,32.09205582393988,3.4151905528717124,24.704777241009126,7.286634460547504,4.804079441760601,4.931561996779388,1.7981749865807837,0.5568974771873323,,,,
125,20.202630166398283,31.80354267310789,3.421900161030596,24.10762211486849,7.320182501341922,5.917874396135265,4.884594739667204,1.7847557702630166,0.5568974771873323,,,,
126,19.444444444444443,31.87734836285561,3.361513687600644,25.288513150831992,7.273215244229737,5.595813204508857,4.817498658078368,1.7847557702630166,0.5568974771873323,,,,
127,19.6256038647343,31.716317767042405,3.361513687600644,25.174449812130973,7.273215244229737,5.595813204508857,4.810789049919484,1.8853998926462694,0.5568974771873323,,,,
128,13.969404186795492,49.2686527106817,2.3886205045625335,19.712828770799785,5.971551261406334,4.468599033816425,2.871712292002147,1.221148684916801,0.1274825550187869,,,,
129,13.399087493290391,49.651100375738054,2.5966183574879227,19.57192699946323,6.092324208266238,4.468599033816425,2.871712292002147,1.221148684916801,0.1274825550187869,,,,
130,13.425925925925926,49.43639291465379,2.791196994095545,19.444444444444443,6.219806763285024,4.40150295222759,2.932098765432099,1.221148684916801,0.1274825550187869,,,,
131,13.446054750402576,49.261943102522814,2.945517981749866,19.444444444444443,6.219806763285024,4.40150295222759,2.932098765432099,1.221148684916801,0.1274825550187869,,,,
132,13.526570048309178,49.16800858829844,3.0394524959742353,19.404186795491142,6.1862587224906065,4.394793344068707,2.932098765432099,1.221148684916801,0.1274825550187869,,,,
133,13.56682769726248,48.812399355877616,3.2206119162640903,19.350509930220074,6.1862587224906065,4.394793344068707,3.2206119162640903,1.1205045625335481,0.1274825550187869,,,,
134,13.6406333870102,48.48362855609233,3.307836822329576,19.49812130971551,6.132581857219538,4.616210413311863,3.1736446591519054,1.0198604401502953,0.1274825550187869,,,,
135,13.714439076757918,48.18840579710145,3.307836822329576,19.444444444444443,6.427804616210413,4.616210413311863,3.140096618357488,1.0332796564680622,0.1274825550187869,,,,
136,13.855340848094471,47.94685990338164,3.321256038647343,19.39747718733226,6.615673644659152,4.609500805152979,3.0931293612453032,1.0332796564680622,0.1274825550187869,,,,
137,13.942565754159958,47.89318303811057,3.3413848631239937,19.410896403650028,6.582125603864735,4.5893719806763285,3.079710144927536,1.0332796564680622,0.1274825550187869,,,,
138,14.029790660225443,47.59125067096082,3.4420289855072466,19.370638754696724,6.582125603864735,4.750402576489533,3.0730005367686526,1.0332796564680622,0.1274825550187869,,,,
139,13.94927536231884,47.43022007514761,3.6902844873859366,19.196188942565755,6.810252281266774,4.690016103059581,3.0730005367686526,1.0332796564680622,0.1274825550187869,,,,
140,14.029790660225443,47.36983360171766,3.7238325281803544,19.07541599570585,6.78341384863124,4.643048845947397,3.2139023081052067,1.0332796564680622,0.1274825550187869,,,,
141,13.687600644122384,47.36312399355877,3.9318303811057436,19.75979602791197,6.689479334406871,4.086151368760064,3.3682232957595275,0.9863123993558777,0.1274825550187869,,,,
142,13.694310252281268,47.195383789586685,3.965378421900161,19.659151905528716,6.622383252818035,4.2270531400966185,3.361513687600644,1.1473429951690821,0.1274825550187869,,,,
143,13.727858293075684,46.765968867418145,4.334406870638754,19.672571121846484,6.6760601180891035,4.200214707461084,3.3480944712828773,1.1473429951690821,0.1274825550187869,,,,
144,13.47289318303811,46.94041867954911,4.441760601180891,19.464573268921097,6.66935050993022,4.092860976918948,3.683574879227053,1.107085346215781,0.1274825550187869,,,,
145,13.466183574879228,46.96054750402576,4.428341384863124,19.464573268921097,6.689479334406871,4.092860976918948,3.6634460547504024,1.107085346215781,0.1274825550187869,,,,
146,13.821792807300053,46.403650026838434,4.663177670424047,19.290123456790123,6.6760601180891035,4.186795491143317,3.6634460547504024,1.1674718196457328,0.1274825550187869,,,,
147,13.882179280730005,46.202361782071925,4.7168545356951155,19.51154052603328,6.588835212023618,4.139828234031133,3.6634460547504024,1.1674718196457328,0.1274825550187869,,,,
148,13.855340848094471,45.893719806763286,4.951690821256038,19.538378958668815,6.629092860976919,4.17337627482555,3.6634460547504024,1.1674718196457328,0.1274825550187869,,,,
149,13.969404186795492,45.71926999463231,5.065754159957058,19.49812130971551,6.642512077294686,4.1532474503489,3.656736446591519,1.1674718196457328,0.1274825550187869,,,,
150,14.056629092860977,45.471014492753625,5.24020397208803,19.49812130971551,6.642512077294686,4.1532474503489,3.643317230273752,1.1674718196457328,0.1274825550187869,,,,
151,13.895598497047773,45.611916264090176,5.24020397208803,19.45786366076221,6.736446591519055,4.119699409554482,3.643317230273752,1.1674718196457328,0.1274825550187869,,,,
152,13.976113794954374,45.4777241009125,5.314009661835748,19.404186795491142,6.723027375201288,4.166666666666667,3.643317230273752,1.1674718196457328,0.1274825550187869,,,,
153,13.94927536231884,45.44417606011809,5.314009661835748,18.10252281266774,7.930756843800322,4.314278046162104,3.488996242619431,1.328502415458937,0.1274825550187869,,,,
154,13.81508319914117,43.79361245303274,7.098765432098766,18.10252281266774,7.930756843800322,4.314278046162104,3.488996242619431,1.328502415458937,0.1274825550187869,,,,
155,13.754696725711218,43.42458400429415,7.568438003220612,17.98845947396672,7.930756843800322,4.314278046162104,3.569511540526033,1.3217928073000538,0.1274825550187869,,,,
156,13.781535158346752,43.4044551798175,7.568438003220612,17.94820182501342,7.930756843800322,4.314278046162104,3.569511540526033,1.3553408480944713,0.1274825550187869,,,,
157,13.828502415458937,43.29710144927536,7.702630166398282,17.746913580246915,8.145464304884594,4.28743961352657,3.5091250670960816,1.3553408480944713,0.1274825550187869,,,,
158,13.781535158346752,42.69994632313473,8.051529790660226,17.68652710681696,8.132045088566828,4.669887278582931,3.4957058507783145,1.3553408480944713,0.1274825550187869,,,,
159,13.70101986044015,42.371175523349436,8.111916264090176,17.398013955984972,8.085077831454644,4.9651100375738055,3.8848631239935587,1.3553408480944713,0.1274825550187869,,,,
160,13.137412775093935,41.59286097691895,7.883789586688137,19.223027375201287,7.763016639828234,4.904723564143854,3.992216854535695,1.3754696725711217,0.1274825550187869,,,,
161,13.365539452495975,41.41170155662909,7.877079978529254,19.108964036500268,7.856951154052603,4.884594739667204,3.992216854535695,1.3754696725711217,0.1274825550187869,,,,
162,13.519860440150294,41.17015566290929,8.05823939881911,19.00161030595813,7.843531937734836,4.85775630703167,4.045893719806763,1.3754696725711217,0.1274825550187869,,,,
163,13.479602791196994,40.72061191626409,8.427267847557703,18.92109500805153,7.742887815351583,4.797369833601718,4.314278046162104,1.4694041867954912,0.1274825550187869,,,,
164,13.539989264626946,39.781266774020395,9.453837895866881,18.625872249060656,7.742887815351583,4.797369833601718,4.4753086419753085,1.4559849704777241,0.1274825550187869,,,,
165,13.613794954374665,39.76784755770263,9.339774557165862,18.625872249060656,7.695920558239399,4.783950617283951,4.4753086419753085,1.4559849704777241,0.24154589371980675,,,,
166,13.372249060654857,39.62694578636608,9.54777241009125,18.766774020397207,7.695920558239399,4.757112184648417,4.455179817498658,1.4559849704777241,0.322061191626409,,,,
167,13.352120236178207,39.47933440687064,9.722222222222221,18.780193236714975,7.695920558239399,4.757112184648417,4.327697262479871,1.4358561460010735,0.3153515834675255,0.13419216317767044,,,
168,13.533279656468062,39.16398282340311,9.936929683306495,18.766774020397207,7.669082125603865,4.736983360171766,4.30756843800322,1.4358561460010735,0.3153515834675255,0.13419216317767044,,,
169,13.593666129898015,38.81508319914117,10.21202361782072,18.753354804079443,7.474503488996243,4.9718196457326895,4.294149221685454,1.4358561460010735,0.3153515834675255,0.13419216317767044,,,
170,13.848631239935587,38.17096081588835,10.57434245840043,18.887546967257112,7.387278582930757,4.891304347826087,4.3545356951154055,1.4358561460010735,0.3153515834675255,0.13419216317767044,,,
171,13.687600644122384,37.58722490606549,10.876274825550189,19.176060118089104,7.387278582930757,4.884594739667204,4.522275899087493,1.42914653784219,0.3153515834675255,0.13419216317767044,,,
172,13.83521202361782,37.57380568974772,10.849436392914654,19.155931293612454,7.300053676865271,4.884594739667204,4.522275899087493,1.42914653784219,0.3153515834675255,0.13419216317767044,,,
173,14.036500268384327,37.01690821256039,10.762211486849168,18.907675791733762,8.031400966183575,4.884594739667204,4.4820182501341925,1.42914653784219,0.3153515834675255,0.13419216317767044,,,
174,14.04320987654321,36.922973698336016,10.789049919484702,18.894256575415994,8.071658615136876,4.884594739667204,4.4820182501341925,1.4626945786366077,0.3153515834675255,0.13419216317767044,,,
175,14.029790660225443,36.69484702093398,10.876274825550189,18.887546967257112,8.192431561996779,4.884594739667204,4.522275899087493,1.4626945786366077,0.3153515834675255,0.13419216317767044,,,
176,14.083467525496511,36.37949543746645,11.030595813204508,18.887546967257112,8.11862587224906,4.998658078368224,4.5893719806763285,1.4626945786366077,0.3153515834675255,0.13419216317767044,,,
177,14.076757917337627,36.171497584541065,10.943370907139023,18.874127750939344,8.11862587224906,5.199946323134729,4.643048845947397,1.5499194847020934,0.2885131508319914,0.13419216317767044,,,
178,14.27133655394525,36.030595813204506,10.909822866344605,18.753354804079443,8.085077831454644,5.193236714975845,4.783950617283951,1.5499194847020934,0.2885131508319914,0.13419216317767044,,,
179,14.318303811057435,35.950080515297905,10.983628556092324,18.733225979602793,8.051529790660226,5.193236714975845,4.783950617283951,1.5633387010198605,0.2885131508319914,0.13419216317767044,,,
180,14.392109500805153,35.91653247450349,11.023886205045626,18.69296833064949,7.997852925389157,5.3341384863123995,4.656468062265164,1.5633387010198605,0.2885131508319914,0.13419216317767044,,,
181,13.157541599570585,27.583199141170155,8.454106280193237,26.422436929683307,15.5126140633387,3.9586688137412773,3.2206119162640903,1.4694041867954912,0.08722490606548577,0.13419216317767044,,,
182,13.331991411701557,27.536231884057973,8.447396672034353,26.247987117552334,15.378421900161031,4.079441760601181,3.1736446591519054,1.4492753623188406,0.2214170692431562,0.13419216317767044,,,
183,13.405797101449275,27.509393451422437,8.447396672034353,26.147342995169083,15.378421900161031,4.052603327965647,3.1736446591519054,1.5297906602254427,0.2214170692431562,0.13419216317767044,,,
184,13.372249060654857,27.033011272141707,8.185721953837897,26.01315083199141,15.378421900161031,3.9989264626945786,4.133118625872249,1.5297906602254427,0.2214170692431562,0.13419216317767044,,,
185,13.499731615673644,26.992753623188406,8.199141170155663,25.885668276972623,15.28448738593666,4.066022544283414,4.03918411164788,1.5297906602254427,0.36902844873859364,0.13419216317767044,,,
186,13.70101986044015,26.992753623188406,8.165593129361245,25.650831991411703,15.297906602254429,4.066022544283414,4.025764895330113,1.5297906602254427,0.43612453032742887,0.13419216317767044,,,
187,13.895598497047773,26.8719806763285,8.199141170155663,25.55018786902845,15.297906602254429,4.032474503488996,4.025764895330113,1.556629092860977,0.43612453032742887,0.13419216317767044,,,
188,13.828502415458937,26.556629092860977,8.333333333333334,25.644122383252817,15.458937198067632,4.032474503488996,4.025764895330113,1.5499194847020934,0.43612453032742887,0.13419216317767044,,,
189,13.305152979066023,26.120504562533547,8.527911969940956,26.42914653784219,15.183843263553408,4.092860976918948,4.126409017713366,1.4761137949543746,0.39586688137412773,0.13419216317767044,0.20799785292538917,,
190,13.493022007514762,25.91250670960816,8.621846484165324,26.174181427804616,15.150295222758992,4.26731078904992,4.119699409554482,1.5230810520665594,0.39586688137412773,0.13419216317767044,0.20799785292538917,,
191,13.58695652173913,25.905797101449274,8.581588835212024,26.039989264626946,15.136876006441224,4.26731078904992,4.106280193236715,1.6371443907675791,0.39586688137412773,0.13419216317767044,0.20799785292538917,,
192,13.674181427804616,25.81857219538379,8.695652173913043,25.966183574879228,15.116747181964573,4.247181964573269,4.106280193236715,1.6371443907675791,0.39586688137412773,0.13419216317767044,0.20799785292538917,,
193,13.687600644122384,25.55689747718733,9.192163177670425,25.764895330112722,14.875201288244767,4.247181964573269,4.334406870638754,1.6035963499731616,0.39586688137412773,0.13419216317767044,0.20799785292538917,,
194,13.6808910359635,25.32206119162641,9.406870638754697,25.684380032206118,14.821524422973699,4.38137412775094,4.327697262479871,1.6035963499731616,0.39586688137412773,0.16774020397208803,0.20799785292538917,,
195,13.607085346215781,25.201288244766506,9.359903381642512,25.684380032206118,14.774557165861514,4.468599033816425,4.334406870638754,1.6438539989264627,0.5501878690284487,0.16774020397208803,0.20799785292538917,,
196,13.6406333870102,25.161030595813205,9.292807300053678,25.43612453032743,14.774557165861514,4.542404723564144,4.334406870638754,1.892109500805153,0.5501878690284487,0.16774020397208803,0.20799785292538917,,
197,13.654052603327965,24.973161567364468,9.608158883521202,25.295222758990874,14.74771873322598,4.542404723564144,4.30756843800322,1.892109500805153,0.6038647342995169,0.16774020397208803,0.20799785292538917,,
198,13.754696725711218,24.966451959205582,9.581320450885668,25.147611379495437,14.74771873322598,4.542404723564144,4.294149221685454,1.9860440150295222,0.6038647342995169,0.16774020397208803,0.20799785292538917,,
199,13.768115942028986,24.684648416532475,9.655126140633387,25.758185721953836,14.445786366076222,4.414922168545357,4.294149221685454,1.9726247987117553,0.6038647342995169,0.16774020397208803,0.23483628556092323,,
200,13.902308105206655,24.590713902308106,9.675254965110037,25.711218464841654,14.418947933440688,4.455179817498658,4.26731078904992,1.9726247987117553,0.6038647342995169,0.16774020397208803,0.23483628556092323,,
201,13.627214170692431,24.355877616747183,9.88996242619431,25.79844337090714,14.204240472356414,4.5893719806763285,4.30756843800322,2.2208803005904456,0.6038647342995169,0.16774020397208803,0.23483628556092323,,
202,13.781535158346752,24.335748792270532,9.856414385399892,25.449543746645197,14.11701556629093,4.636339237788513,4.30756843800322,2.475845410628019,0.6374127750939346,0.16774020397208803,0.23483628556092323,,
203,13.79495437466452,24.322329575952764,9.856414385399892,25.34219001610306,14.056629092860977,4.636339237788513,4.30756843800322,2.6435856146001075,0.6374127750939346,0.16774020397208803,0.23483628556092323,,
204,13.875469672571121,23.98684916800859,10.0979602791197,24.46323134728932,13.378958668813741,4.736983360171766,5.481749865807837,2.6435856146001075,0.7514761137949544,0.16774020397208803,0.23483628556092323,0.18115942028985507,
205,13.841921631776705,23.886205045625335,9.849704777241008,24.329039184111647,13.39237788513151,5.24020397208803,5.481749865807837,2.6435856146001075,0.7514761137949544,0.16774020397208803,0.23483628556092323,0.18115942028985507,
206,13.882179280730005,23.872785829307567,9.849704777241008,24.329039184111647,13.352120236178207,5.226784755770263,5.481749865807837,2.6435856146001075,0.7783145464304885,0.16774020397208803,0.23483628556092323,0.18115942028985507,
207,14.002952227589908,23.72517444981213,9.762479871175524,23.89291465378422,13.419216317767042,5.22007514761138,5.5756843800322065,3.0394524959742353,0.7783145464304885,0.16774020397208803,0.23483628556092323,0.18115942028985507,
208,14.002952227589908,23.577563070316693,9.634997316156737,23.866076221148685,13.405797101449275,5.307300053676865,5.803811057434245,3.0394524959742353,0.7783145464304885,0.16774020397208803,0.23483628556092323,0.18115942028985507,
209,14.123725174449811,23.47691894793344,9.46725711218465,23.866076221148685,13.446054750402576,5.179817498658078,6.005099302200751,3.0595813204508855,0.7648953301127214,0.16774020397208803,0.2616747181964573,0.18115942028985507,
210,14.251207729468598,23.369565217391305,9.39345142243693,23.64465915190553,13.345410628019323,5.428073000536768,6.031937734836285,3.079710144927536,0.7648953301127214,0.16774020397208803,0.3421900161030596,0.18115942028985507,
211,14.345142243692969,23.295759527643586,9.440418679549115,23.423242082662373,13.291733762748256,5.414653784219001,6.219806763285024,3.113258185721954,0.7648953301127214,0.16774020397208803,0.3421900161030596,0.18115942028985507,
212,14.452495974235104,23.1682769726248,9.192163177670425,23.255501878690286,13.24476650563607,5.555555555555555,6.622383252818035,3.0059044551798175,0.8118625872249061,0.16774020397208803,0.3421900161030596,0.18115942028985507,
213,14.398819108964037,22.987117552334944,9.373322597960279,23.2487922705314,13.251476113794954,5.589103596349974,6.642512077294686,3.0059044551798175,0.8118625872249061,0.16774020397208803,0.3421900161030596,0.18115942028985507,
214,14.734299516908212,22.819377348362856,9.366612989801396,23.07434245840043,13.251476113794954,5.522007514761138,6.743156199677939,2.985775630703167,0.8118625872249061,0.16774020397208803,0.3421900161030596,0.18115942028985507,
215,14.694041867954912,22.758990874932906,9.359903381642512,23.020665593129362,13.144122383252817,5.475040257648954,6.843800322061192,3.2139023081052067,0.798443370907139,0.16774020397208803,0.3421900161030596,0.18115942028985507,
216,14.794685990338165,22.571121846484164,9.380032206119163,22.886473429951693,13.083735909822867,5.689747718733226,6.9243156199677935,3.1870638754696725,0.798443370907139,0.16774020397208803,0.33548040794417605,0.18115942028985507,
217,14.801395598497047,22.457058507783145,9.41358024691358,23.013955984970476,12.95625335480408,5.709876543209877,6.904186795491143,3.260869565217391,0.798443370907139,0.16774020397208803,0.33548040794417605,0.18115942028985507,
218,14.875201288244767,22.289318303811058,9.41358024691358,22.96027911969941,13.16425120772947,5.6964573268921095,6.870638754696726,3.2474503488996245,0.798443370907139,0.16774020397208803,0.33548040794417605,0.18115942028985507,
219,14.962426194310252,22.23564143853999,9.453837895866881,22.899892646269457,13.16425120772947,5.6964573268921095,6.857219538378959,3.2474503488996245,0.798443370907139,0.16774020397208803,0.33548040794417605,0.18115942028985507,
220,15.143585614600108,22.020933977455716,9.138486312399356,22.75228126677402,13.16425120772947,5.991680085882985,6.857219538378959,3.44873859366613,0.798443370907139,0.16774020397208803,0.33548040794417605,0.18115942028985507,
221,15.183843263553408,22.020933977455716,9.138486312399356,22.73886205045625,13.137412775093935,5.991680085882985,6.857219538378959,3.44873859366613,0.798443370907139,0.16774020397208803,0.33548040794417605,0.18115942028985507,
222,15.297906602254429,21.87332259796028,9.198872785829307,22.544283413848632,13.063607085346217,6.085614600107354,6.843800322061192,3.7037037037037037,0.798443370907139,0.16774020397208803,0.33548040794417605,0.08722490606548577,
223,15.331454643048845,21.826355340848096,8.917069243156199,22.31615673644659,13.050187869028449,6.119162640901771,7.39398819108964,3.656736446591519,0.798443370907139,0.16774020397208803,0.33548040794417605,0.08722490606548577,
224,15.391841116478798,21.68545356951154,9.004294149221685,22.262479871175522,13.050187869028449,6.179549114331723,7.353730542136339,3.683574879227053,0.798443370907139,0.16774020397208803,0.33548040794417605,0.08722490606548577,
225,15.385131508319914,21.631776704240472,8.984165324745035,22.19538378958669,13.251476113794954,6.105743424584004,7.353730542136339,3.730542136339238,0.7716049382716049,0.16774020397208803,0.33548040794417605,0.08722490606548577,
226,15.405260332796564,21.430488459473967,9.286097691894794,22.490606548577563,13.18438003220612,6.005099302200751,7.112184648416532,3.7238325281803544,0.7716049382716049,0.16774020397208803,0.33548040794417605,0.08722490606548577,
227,15.5126140633387,21.32313472893183,9.373322597960279,22.208803005904453,13.298443370907139,5.877616747181965,7.139023081052066,3.9184111647879765,0.7581857219538379,0.16774020397208803,0.33548040794417605,0.08722490606548577,
228,15.5126140633387,21.296296296296298,9.373322597960279,22.061191626409016,13.251476113794954,6.253354804079442,7.0383789586688135,3.878153515834675,0.7447665056360708,0.16774020397208803,0.33548040794417605,0.08722490606548577,
229,15.640096618357488,21.20907139023081,9.312936124530328,22.054482018250134,13.056897477187333,6.253354804079442,7.139023081052066,3.9989264626945786,0.7447665056360708,0.16774020397208803,0.33548040794417605,0.08722490606548577,
