,45,50,53,52,55,54,51,56,57
0,100.0,,,,,,,,
1,100.0,,,,,,,,
2,90.40526033279656,9.460547504025765,0.13419216317767044,,,,,,
3,88.4393451422437,11.426462694578637,0.13419216317767044,,,,,,
4,88.64734299516908,11.218464841653248,0.13419216317767044,,,,,,
5,88.76811594202898,11.124530327428879,0.10735373054213634,,,,,,
6,87.68786902844874,11.446591519055287,0.013419216317767043,0.8521202361782072,,,,,
7,83.82984433709072,15.304616210413311,0.013419216317767043,0.8521202361782072,,,,,
8,83.93048845947396,15.203972088030058,0.013419216317767043,0.8521202361782072,,,,,
9,84.05126140633386,15.083199141170155,0.013419216317767043,0.8521202361782072,,,,,
10,84.11164787976382,15.022812667740205,0.013419216317767043,0.8521202361782072,,,,,
11,84.21229200214708,14.922168545356952,0.013419216317767043,0.8521202361782072,,,,,
12,77.73752012882447,21.40365002683843,0.013419216317767043,0.8454106280193237,,,,,
13,77.4020397208803,21.73913043478261,0.013419216317767043,0.8454106280193237,,,,,
14,77.54294149221685,21.349973161567366,0.013419216317767043,0.8454106280193237,0.24825550187869028,,,,
15,77.67042404723564,21.26945786366076,0.013419216317767043,0.798443370907139,0.24825550187869028,,,,
16,53.07971014492754,44.75308641975309,,,0.46967257112184646,1.6975308641975309,,,
17,53.42190016103059,44.437734836285564,,,0.46296296296296297,1.6774020397208802,,,
18,52.75093934514224,45.128824476650564,,,0.46296296296296297,1.6572732152442298,,,
19,53.02603327965647,44.87385936661299,,,0.46296296296296297,1.6371443907675791,,,
20,51.76462694578637,46.13526570048309,,,0.46296296296296297,1.6371443907675791,,,
21,32.689210950080515,65.17713365539453,,,1.8317230273752012,0.30193236714975846,,,
22,33.10520665593129,64.76113794954375,,,1.8317230273752012,0.30193236714975846,,,
23,33.48765432098765,64.06333870101986,0.8118625872249061,,1.3352120236178207,0.30193236714975846,,,
24,33.77616747181965,63.801663982823406,0.798443370907139,,1.3217928073000538,0.30193236714975846,,,
25,33.3870101986044,59.42028985507246,6.072195383789587,,0.8185721953837896,0.30193236714975846,,,
26,31.884057971014492,59.977187332259795,6.005099302200751,1.0131508319914118,0.8185721953837896,0.30193236714975846,,,
27,32.33360171765969,59.574610842726784,5.964841653247451,1.0064412238325282,0.8185721953837896,0.30193236714975846,,,
28,32.75630703166935,59.23913043478261,5.891035963499732,0.9930220075147611,0.8185721953837896,0.30193236714975846,,,
29,33.2662372517445,58.782877079978526,5.850778314546431,0.9796027911969941,0.8185721953837896,0.30193236714975846,,,
30,33.62855609232421,56.60225442834138,5.850778314546431,0.9796027911969941,2.636876006441224,0.30193236714975846,,,
31,33.66881374127751,55.42807300053677,4.810789049919484,3.1535158346752548,2.636876006441224,0.30193236714975846,,,
32,34.38674181427805,54.81749865807837,4.74369296833065,3.113258185721954,2.636876006441224,0.30193236714975846,,,
33,34.92351046698873,54.28743961352657,4.74369296833065,3.113258185721954,2.6301663982823404,0.30193236714975846,,,
34,35.12479871175523,54.146537842190014,4.696725711218465,3.099838969404187,2.6301663982823404,0.30193236714975846,,,
35,35.44015029522276,53.95195920558239,4.64975845410628,3.0730005367686526,2.5831991411701556,0.30193236714975846,,,
36,35.99704777241009,53.227321524422976,4.602791196994096,3.0730005367686526,2.8113258185721954,0.2885131508319914,,,
37,36.33923778851315,51.7512077294686,4.602791196994096,3.0730005367686526,3.965378421900161,0.2683843263553409,,,
38,36.72168545356951,51.51637144390767,4.5893719806763285,3.0394524959742353,3.864734299516908,0.2683843263553409,,,
39,36.87600644122383,50.395866881374126,4.562533548040794,3.0394524959742353,4.87788513150832,0.24825550187869028,,,
40,34.58132045088567,45.893719806763286,4.562533548040794,3.012614063338701,4.703435319377348,0.38915727321524424,6.857219538378959,,
41,34.96376811594203,45.66559312936125,4.549114331723027,3.0059044551798175,4.663177670424047,0.38915727321524424,6.763285024154589,,
42,35.39989264626946,45.330112721417066,4.53569511540526,2.9924852388620504,4.62962962962963,0.38915727321524424,6.723027375201288,,
43,35.64143853998927,44.97450348899624,4.53569511540526,2.9924852388620504,4.797369833601718,0.36231884057971014,6.696188942565755,,
44,34.98389694041868,45.70585077831455,4.508856682769726,2.9790660225442833,4.7638217928073,0.36231884057971014,6.696188942565755,,
45,35.017444981213096,44.880568974771876,4.334406870638754,2.9589371980676327,4.7638217928073,1.3687600644122384,6.6760601180891035,,
46,35.42002147074611,44.65244229736983,4.30756843800322,2.932098765432099,4.74369296833065,1.3553408480944713,6.588835212023618,,
47,35.79575952764358,44.37734836285561,4.294149221685454,2.8515834675254963,4.74369296833065,1.3553408480944713,6.582125603864735,,
48,36.40633387010199,43.914385399892645,4.247181964573269,2.8515834675254963,4.690016103059581,1.3553408480944713,6.535158346752549,,
49,36.64117015566291,43.42458400429415,4.978529253891573,2.8113258185721954,4.42163177670424,1.1876006441223832,6.535158346752549,,
50,36.85587761674718,43.23000536768653,4.978529253891573,2.8113258185721954,4.42163177670424,1.1876006441223832,6.515029522275899,,
51,37.07058507783145,43.04884594739667,4.911433172302737,2.7643585614600106,4.528985507246377,1.1876006441223832,6.488191089640365,,
52,37.35909822866345,42.88781535158347,4.911433172302737,2.7308105206655933,4.461889425657541,1.1876006441223832,6.461352657004831,,
53,37.78180354267311,42.62614063338701,4.871175523349437,2.703972088030059,4.428341384863124,1.1607622114868492,6.427804616210413,,
54,37.74154589371981,41.33118625872249,4.851046698872786,2.690552871712292,4.240472356414386,2.7106816961889426,6.347289318303811,0.08722490606548577,
55,38.197799248523886,41.04938271604938,4.790660225442834,2.6704240472356413,4.180085882984434,2.7106816961889426,6.3137412775093935,0.08722490606548577,
56,38.399087493290395,40.92190016103059,4.783950617283951,2.657004830917874,4.139828234031133,2.7106816961889426,6.300322061191626,0.08722490606548577,
57,38.2313472893183,40.56629092860977,4.703435319377348,3.3413848631239937,4.119699409554482,2.7106816961889426,6.239935587761675,0.08722490606548577,
58,38.55340848094471,40.31803542673108,4.703435319377348,3.3413848631239937,4.086151368760064,2.677133655394525,6.233225979602791,0.08722490606548577,
59,38.808373590982285,40.11003757380569,4.703435319377348,3.3145464304884595,4.086151368760064,2.677133655394525,6.213097155126141,0.08722490606548577,
60,37.68786902844874,41.44524959742351,4.669887278582931,3.1736446591519054,4.072732152442297,2.6502952227589907,6.213097155126141,0.08722490606548577,
61,37.96296296296296,41.25067096081589,4.64975845410628,3.140096618357488,4.072732152442297,2.623456790123457,6.213097155126141,0.08722490606548577,
62,38.32528180354267,41.015834675254965,4.64975845410628,3.126677402039721,4.052603327965647,2.589908749329039,6.152710681696189,0.08722490606548577,
63,38.71443907675792,40.89506172839506,4.643048845947397,3.079710144927536,3.9989264626945786,2.4892646269457863,6.092324208266238,0.08722490606548577,
64,38.98282340311326,40.713902308105204,4.636339237788513,3.079710144927536,3.9586688137412773,2.475845410628019,6.0654857756307035,0.08722490606548577,
65,39.190821256038646,40.29790660225443,4.636339237788513,3.079710144927536,4.2203435319377345,2.442297369833602,6.045356951154052,0.08722490606548577,
66,38.097155126140635,40.163714439076756,4.622920021470746,3.0394524959742353,5.535426731078905,2.442297369833602,6.011808910359635,0.08722490606548577,
67,38.43263553408481,39.942297369833604,4.575952764358561,2.9723564143853998,5.535426731078905,2.442297369833602,6.011808910359635,0.08722490606548577,
68,38.788244766505635,39.734299516908216,4.508856682769726,2.952227589908749,5.535426731078905,2.4221685453569513,5.971551261406334,0.08722490606548577,
69,39.190821256038646,39.472624798711756,4.508856682769726,2.945517981749866,5.428073000536768,2.4154589371980677,5.9514224369296835,0.08722490606548577,
70,39.24449812130972,39.48604401502952,4.508856682769726,2.945517981749866,5.394524959742351,2.4154589371980677,5.9514224369296835,0.05367686527106817,
71,39.53972088030059,39.29817498658078,4.455179817498658,2.9119699409554483,5.394524959742351,2.4154589371980677,5.931293612453032,0.05367686527106817,
72,39.78797638217928,39.12372517444981,4.428341384863124,2.9052603327965647,5.394524959742351,2.4154589371980677,5.891035963499732,0.05367686527106817,
73,40.13016639828234,38.86205045625336,4.408212560386473,2.9052603327965647,5.394524959742351,2.3886205045625335,5.857487922705314,0.05367686527106817,
74,40.53274288781535,38.60708534621578,4.38137412775094,2.871712292002147,5.3274288781535155,2.3886205045625335,5.837359098228664,0.05367686527106817,
75,40.774288781535155,38.49302200751476,4.361245303274289,2.717391304347826,5.4616210413311865,2.3886205045625335,5.756843800322061,0.04696725711218465,
76,41.04938271604938,38.31186258722491,4.361245303274289,2.717391304347826,5.394524959742351,2.3617820719269993,5.756843800322061,0.04696725711218465,
77,41.27079978529254,38.1508319914117,4.314278046162104,2.703972088030059,5.394524959742351,2.3617820719269993,5.756843800322061,0.04696725711218465,
78,41.599570585077835,38.06360708534621,4.253891572732153,2.677133655394525,5.3274288781535155,2.3215244229736984,5.709876543209877,0.04696725711218465,
79,41.74047235641439,37.94283413848631,4.240472356414386,2.677133655394525,5.3274288781535155,2.314814814814815,5.709876543209877,0.04696725711218465,
80,41.92163177670424,37.848899624261946,4.233762748255502,2.677133655394525,5.287171229200215,2.314814814814815,5.669618894256575,0.04696725711218465,
81,41.44524959742351,37.224906065485776,4.2270531400966185,3.7775093934514223,5.273752012882448,2.2745571658615136,5.730005367686527,0.04696725711218465,
82,41.8545356951154,36.983360171765966,4.2203435319377345,3.750670960815888,5.24020397208803,2.2410091250670963,5.662909286097692,0.04696725711218465,
83,42.1027911969941,36.81561996779388,4.200214707461084,3.750670960815888,5.24020397208803,2.1806226516371443,5.662909286097692,0.04696725711218465,
84,42.3845947396672,36.68813741277509,4.146537842190016,3.7238325281803544,5.24020397208803,2.15378421900161,5.615942028985507,0.04696725711218465,
85,42.632850241545896,36.574074074074076,4.1129898013955986,3.7104133118625873,5.2066559312936125,2.1403650026838434,5.5756843800322065,0.04696725711218465,
86,42.901234567901234,36.42646269457864,3.938539989264627,3.69699409554482,5.320719269994632,2.1135265700483092,5.555555555555555,0.04696725711218465,
87,43.12265163714439,36.30568974771873,3.9184111647879765,3.683574879227053,5.260332796564681,2.1135265700483092,5.548845947396672,0.04696725711218465,
88,43.35077831454643,36.07756307031669,3.9184111647879765,3.1602254428341383,5.260332796564681,2.636876006441224,5.548845947396672,0.04696725711218465,
89,42.20343531937735,37.29200214707461,3.9184111647879765,3.1468062265163717,5.233494363929147,2.6301663982823404,5.528717122920021,0.04696725711218465,
90,42.43827160493827,37.19806763285024,3.9184111647879765,3.1468062265163717,5.179817498658078,2.6301663982823404,5.441492216854535,0.04696725711218465,
91,42.639559849704774,37.02361782071927,3.9184111647879765,3.1468062265163717,5.173107890499195,2.6301663982823404,5.421363392377885,0.04696725711218465,
92,42.954911433172306,36.65458937198068,3.9184111647879765,3.1468062265163717,5.253623188405797,2.6301663982823404,5.394524959742351,0.04696725711218465,
93,43.29710144927536,36.38620504562534,3.9049919484702094,3.0931293612453032,5.267042404723564,2.6301663982823404,5.374396135265701,0.04696725711218465,
94,42.673107890499196,35.74208266237252,3.9452495974235107,4.280730005367687,5.522007514761138,2.5966183574879227,5.193236714975845,0.04696725711218465,
95,42.72678475577026,35.42673107890499,3.9452495974235107,4.26731078904992,5.407944176060118,2.5966183574879227,5.193236714975845,0.43612453032742887,
96,42.84755770263017,35.37305421363392,3.9318303811057436,4.26731078904992,5.35426731078905,2.5966183574879227,5.193236714975845,0.43612453032742887,
97,42.14975845410628,33.279656468062264,3.92512077294686,4.2203435319377345,5.246913580246914,5.5689747718733225,5.173107890499195,0.43612453032742887,
98,42.371175523349436,33.2259796027912,3.878153515834675,4.193505099302201,5.233494363929147,5.488459473966721,5.173107890499195,0.43612453032742887,
99,42.659688674181425,33.03811057434246,3.824476650563607,4.166666666666667,5.213365539452496,5.488459473966721,5.173107890499195,0.43612453032742887,
100,43.07568438003221,32.90391841116479,3.616478797638218,4.166666666666667,5.193236714975845,5.46833064949007,5.139559849704777,0.43612453032742887,
101,43.42458400429415,32.74288781535159,3.616478797638218,4.1532474503489,5.152979066022544,5.414653784219001,5.059044551798175,0.43612453032742887,
102,43.80032206119163,32.52818035426731,3.5963499731615673,4.1129898013955986,5.139559849704777,5.3274288781535155,5.059044551798175,0.43612453032742887,
103,44.115673644659154,32.306763285024154,3.549382716049383,4.1129898013955986,5.10601180891036,5.314009661835748,5.059044551798175,0.43612453032742887,
104,44.337090713902306,32.139023081052066,3.549382716049383,4.106280193236715,5.10601180891036,5.273752012882448,5.059044551798175,0.4294149221685454,
105,38.51315083199141,36.22517444981213,3.616478797638218,4.079441760601181,4.636339237788513,7.568438003220612,4.931561996779388,0.4294149221685454,
106,39.27133655394525,35.88298443370907,3.616478797638218,4.066022544283414,4.602791196994096,7.467793880837359,4.663177670424047,0.4294149221685454,
107,39.29817498658078,35.64143853998927,3.616478797638218,4.03918411164788,3.7573805689747717,8.581588835212024,4.636339237788513,0.4294149221685454,
108,38.89559849704777,35.258990874932906,3.616478797638218,6.018518518518518,3.475577026301664,7.695920558239399,4.616210413311863,0.4227053140096618,
109,39.22436929683307,35.07112184648417,3.589640365002684,5.978260869565218,3.455448201825013,7.669082125603865,4.5893719806763285,0.4227053140096618,
110,39.61352657004831,34.86312399355877,3.589640365002684,5.958132045088567,3.4286097691894795,7.608695652173913,4.51556629092861,0.4227053140096618,
111,39.841653247450346,34.58132045088567,3.5829307568438002,5.938003220611916,3.5628019323671496,7.561728395061729,4.51556629092861,0.41599570585077833,
112,39.65378421900161,34.306226516371446,3.556092324208266,5.938003220611916,3.556092324208266,7.5281803542673105,4.1532474503489,1.3083735909822867,
113,39.95571658615137,34.16532474503489,3.556092324208266,5.924584004294149,3.5292538915727323,7.434245840042942,4.139828234031133,1.2949543746645196,
114,40.19055287171229,34.01771336553945,3.556092324208266,5.904455179817498,3.5225442834138487,7.407407407407407,4.126409017713366,1.2748255501878691,
115,40.485775630703166,33.89023081052066,3.5292538915727323,7.219538378958669,3.515834675254965,6.011808910359635,4.126409017713366,1.221148684916801,
116,40.25093934514224,33.48094471282877,3.6902844873859366,7.098765432098766,3.502415458937198,5.844068706387547,4.911433172302737,1.221148684916801,
117,40.103327965646805,33.299785292538914,3.6902844873859366,7.092055823939882,3.502415458937198,5.844068706387547,5.246913580246914,1.221148684916801,
118,40.35829307568438,33.15888352120236,3.683574879227053,7.051798174986581,3.488996242619431,5.803811057434245,5.233494363929147,1.221148684916801,
119,40.62667740203972,33.04482018250134,3.683574879227053,7.03166935050993,3.4621578099838968,5.750134192163178,5.2066559312936125,1.1943102522812667,
120,41.015834675254965,32.6959205582394,3.9049919484702094,7.004830917874396,3.4286097691894795,5.548845947396672,5.24020397208803,1.1607622114868492,
121,41.40499194847021,32.51476113794954,3.8848631239935587,6.9310252281266775,3.4151905528717124,5.522007514761138,5.186527106816962,1.1406333870101986,
122,41.53918411164788,32.29334406870639,3.8580246913580245,6.91760601180891,3.3950617283950617,5.522007514761138,5.3341384863123995,1.1406333870101986,
123,41.6935050993022,32.17928073000537,3.844605475040258,6.850509930220075,3.535963499731616,5.495169082125604,5.267042404723564,1.133923778851315,
124,41.84782608695652,32.10547504025765,3.8378958668813743,6.790123456790123,3.535963499731616,5.488459473966721,5.260332796564681,1.133923778851315,
125,42.0625335480408,32.085346215781,3.8378958668813743,6.702898550724638,3.5292538915727323,5.441492216854535,5.233494363929147,1.107085346215781,
126,42.049114331723025,31.924315619967793,3.81105743424584,6.6827697262479875,3.5292538915727323,5.414653784219001,5.481749865807837,1.107085346215781,
127,40.17042404723564,29.26731078904992,3.7037037037037037,6.602254428341385,3.5292538915727323,5.381105743424584,10.238862050456254,1.107085346215781,
128,40.43880837359098,29.146537842190018,3.7037037037037037,6.602254428341385,3.515834675254965,5.314009661835748,10.171765968867419,1.107085346215781,
129,40.88164251207729,28.951959205582394,3.6902844873859366,6.5552871712292005,3.5091250670960816,5.24020397208803,10.104669887278583,1.06682769726248,
130,41.02254428341385,28.784219001610307,3.6902844873859366,6.5552871712292005,3.475577026301664,5.401234567901234,10.00402576489533,1.06682769726248,
131,41.15002683843264,28.710413311862588,3.6902844873859366,6.535158346752549,3.475577026301664,5.394524959742351,9.977187332259795,1.06682769726248,
132,41.37144390767579,28.650026838432634,3.6902844873859366,6.508319914117015,3.4621578099838968,5.347557702630167,9.903381642512077,1.06682769726248,
133,41.720343531937736,28.44873859366613,3.6902844873859366,6.481481481481482,3.421900161030596,5.3341384863123995,9.849704777241008,1.0534084809447128,
134,41.97530864197531,28.37493290391841,3.6902844873859366,6.481481481481482,3.374932903918411,5.246913580246914,9.802737520128824,1.0534084809447128,
135,42.270531400966185,28.247450348899623,3.6768652710681695,6.387546967257112,3.374932903918411,5.22007514761138,9.769189479334408,1.0534084809447128,
136,42.47852925389157,28.18035426731079,3.6231884057971016,6.340579710144928,3.374932903918411,5.22007514761138,9.728931830381105,1.0534084809447128,
137,42.67981749865808,28.153515834675254,3.6231884057971016,6.340579710144928,3.361513687600644,5.22007514761138,9.567901234567902,1.0534084809447128,
138,42.901234567901234,28.08641975308642,3.616478797638218,6.293612453032743,3.361513687600644,5.2066559312936125,9.480676328502415,1.0534084809447128,
139,43.14949006977992,27.999194847020934,3.616478797638218,6.239935587761675,3.361513687600644,5.139559849704777,9.440418679549115,1.0534084809447128,
140,42.84755770263017,27.583199141170155,4.555823939881911,6.239935587761675,3.2675791733762747,5.12614063338701,9.326355340848094,1.0534084809447128,
141,43.022007514761135,27.49597423510467,4.53569511540526,6.219806763285024,3.260869565217391,5.12614063338701,9.312936124530328,1.0265700483091786,
142,43.23000536768653,27.42216854535695,4.528985507246377,6.1862587224906065,3.2541599570585076,5.072463768115942,9.27938808373591,1.0265700483091786,
143,43.384326355340846,27.375201288244767,4.528985507246377,6.119162640901771,3.2474503488996245,5.065754159957058,9.252549651100376,1.0265700483091786,
144,43.525228126677405,27.294685990338163,4.528985507246377,6.085614600107354,3.240740740740741,5.065754159957058,9.232420826623725,1.0265700483091786,
145,43.67283950617284,27.254428341384862,4.51556629092861,6.045356951154052,3.240740740740741,5.018786902844874,9.225711218464841,1.0265700483091786,
146,43.96135265700483,27.147074610842726,4.51556629092861,6.018518518518518,3.2206119162640903,4.944981213097155,9.16532474503489,1.0265700483091786,
147,44.07541599570585,27.073268921095007,4.51556629092861,6.005099302200751,3.2206119162640903,4.931561996779388,9.151905528717123,1.0265700483091786,
148,43.06897477187332,26.053408480944714,4.4753086419753085,4.904723564143854,2.7241009125067097,4.7101449275362315,13.036768652710682,1.0265700483091786,
149,43.303811057434245,25.959473966720342,4.448470209339774,4.904723564143854,2.7241009125067097,4.690016103059581,12.949543746645196,1.0198604401502953,
150,43.47155126140633,25.91921631776704,4.448470209339774,4.87788513150832,2.7241009125067097,4.683306494900698,12.855609232420827,1.0198604401502953,
151,43.666129898013956,25.825281803542673,4.448470209339774,4.851046698872786,2.7241009125067097,4.636339237788513,12.828770799785293,1.0198604401502953,
152,43.954643048845945,25.744766505636072,4.428341384863124,4.8443370907139025,2.7241009125067097,4.636339237788513,12.681159420289855,0.9863123993558777,
153,44.135802469135804,25.583735909822867,4.428341384863124,4.830917874396135,2.9119699409554483,4.555823939881911,12.593934514224369,0.9594739667203436,
154,44.33038110574343,25.503220611916262,4.428341384863124,4.824208266237251,2.9052603327965647,4.528985507246377,12.52012882447665,0.9594739667203436,
155,44.524959742351044,25.469672571121848,4.428341384863124,4.824208266237251,2.9052603327965647,4.502147074610843,12.385936661298981,0.9594739667203436,
156,44.578636607622116,25.355609232420825,4.394793344068707,4.817498658078368,2.9052603327965647,4.49543746645196,12.493290391841116,0.9594739667203436,
157,44.73966720343532,25.295222758990874,4.394793344068707,4.810789049919484,2.8650026838432634,4.49543746645196,12.439613526570048,0.9594739667203436,
158,44.920826623725176,25.234836285560924,4.394793344068707,4.804079441760601,2.8515834675254963,4.49543746645196,12.338969404186795,0.9594739667203436,
159,43.484970477724104,23.66478797638218,4.2203435319377345,8.883521202361782,2.2745571658615136,4.247181964573269,12.265163714439076,0.9594739667203436,
160,43.67283950617284,23.61111111111111,4.200214707461084,8.856682769726248,2.254428341384863,4.233762748255502,12.211486849168008,0.9594739667203436,
161,43.974771873322595,23.53059581320451,4.159957058507783,8.80300590445518,2.254428341384863,4.186795491143317,12.144390767579173,0.9460547504025765,
162,44.18947933440687,23.416532474503487,4.139828234031133,8.80300590445518,2.254428341384863,4.1532474503489,12.104133118625873,0.9393451422436929,
163,44.45115405260333,23.18840579710145,4.139828234031133,8.870101986044014,2.2410091250670963,4.146537842190016,12.030327428878154,0.9326355340848095,
164,44.63231347289318,23.141438539989263,4.139828234031133,8.856682769726248,2.2342995169082127,4.146537842190016,11.916264090177133,0.9326355340848095,
165,44.826892109500804,23.03408480944713,4.139828234031133,8.849973161567364,2.2342995169082127,4.106280193236715,11.882716049382717,0.9259259259259259,
166,44.920826623725176,23.013955984970476,4.139828234031133,8.816425120772946,2.2342995169082127,4.106280193236715,11.842458400429415,0.9259259259259259,
167,45.08185721953838,22.946859903381643,4.1129898013955986,8.816425120772946,2.2342995169082127,4.106280193236715,11.77536231884058,0.9259259259259259,
168,44.60547504025765,22.457058507783145,5.636070853462158,8.682232957595277,2.2342995169082127,3.683574879227053,11.77536231884058,0.9259259259259259,
169,44.73295759527644,22.443639291465377,5.595813204508857,8.675523349436393,2.2208803005904456,3.670155662909286,11.735104669887278,0.9259259259259259,
170,44.89398819108964,22.363123993558776,5.5756843800322065,8.61513687600644,2.2208803005904456,3.670155662909286,11.735104669887278,0.9259259259259259,
171,45.02147074610843,22.33628556092324,5.548845947396672,8.588298443370908,2.2208803005904456,3.670155662909286,11.688137412775093,0.9259259259259259,
172,44.7866344605475,21.557971014492754,5.4549114331723025,9.789318303811058,2.214170692431562,3.670155662909286,11.600912506709609,0.9259259259259259,
173,44.94095544820183,21.524422973698336,5.4549114331723025,9.769189479334408,2.214170692431562,3.6500268384326353,11.520397208803006,0.9259259259259259,
174,45.189210950080515,21.43719806763285,5.441492216854535,9.668545356951155,2.214170692431562,3.643317230273752,11.480139559849706,0.9259259259259259,
175,45.3166935050993,21.256038647342994,5.441492216854535,9.628287707997853,2.3550724637681157,3.643317230273752,11.43317230273752,0.9259259259259259,
176,43.954643048845945,22.886473429951693,5.441492216854535,9.494095544820183,2.3349436392914655,3.616478797638218,11.345947396672035,0.9259259259259259,
177,44.28341384863124,22.79253891572732,5.441492216854535,9.286097691894794,2.3349436392914655,3.616478797638218,11.3191089640365,0.9259259259259259,
178,44.457863660762214,22.69860440150295,5.441492216854535,9.286097691894794,2.3349436392914655,3.603059581320451,11.252012882447666,0.9259259259259259,
179,44.47128287707998,22.65163714439077,5.441492216854535,9.219001610305957,2.3349436392914655,3.730542136339238,11.252012882447666,0.8990874932903918,
180,44.69269994632314,22.584541062801932,5.421363392377885,9.212292002147075,2.3349436392914655,3.730542136339238,11.124530327428879,0.8990874932903918,
181,44.91411701556629,22.530864197530864,5.421363392377885,9.125067096081589,2.3349436392914655,3.717122920021471,11.057434245840042,0.8990874932903918,
182,44.67257112184648,22.376543209876544,6.608964036500268,8.621846484165324,2.3349436392914655,3.7104133118625873,10.782340311325818,0.8923778851315083,
183,45.00134192163178,22.322866344605476,6.575415995705851,8.514492753623188,2.314814814814815,3.6902844873859366,10.68840579710145,0.8923778851315083,
184,42.673107890499196,21.490874932903917,6.5552871712292005,8.232689210950081,2.2879763821792807,4.40150295222759,13.466183574879228,0.8923778851315083,
185,42.881105743424584,21.38352120236178,6.508319914117015,8.21256038647343,2.2745571658615136,4.388083735909823,13.459473966720344,0.8923778851315083,
186,42.23698336017176,22.805958132045088,6.508319914117015,8.172302737520129,2.2611379495437465,4.388083735909823,12.734836285560924,0.8923778851315083,
187,42.43827160493827,22.73886205045625,6.407675791733762,8.13875469672571,2.2611379495437465,4.3545356951154055,12.070585077831455,1.5901771336553945,
188,42.51207729468599,22.584541062801932,6.360708534621578,8.09849704777241,2.2611379495437465,4.5960815888352125,12.00348899624262,1.583467525496511,
189,42.659688674181425,22.571121846484164,6.347289318303811,8.05823939881911,2.254428341384863,4.575952764358561,11.949812130971551,1.583467525496511,
190,42.86768652710682,22.537573805689746,6.3137412775093935,8.017981749865807,2.254428341384863,4.542404723564144,11.916264090177133,1.5499194847020934,
191,43.03542673107891,22.450348899624263,6.3137412775093935,7.991143317230274,2.254428341384863,4.53569511540526,11.902844873859367,1.5163714439076759,
192,43.29039184111648,22.342995169082126,6.300322061191626,7.950885668276973,2.254428341384863,4.53569511540526,11.808910359634996,1.5163714439076759,
193,43.484970477724104,22.282608695652176,6.300322061191626,7.897208803005904,2.254428341384863,4.51556629092861,11.748523886205046,1.5163714439076759,
194,43.79361245303274,22.228931830381107,6.266774020397209,7.856951154052603,2.227589908749329,4.51556629092861,11.634460547504025,1.4761137949543746,
195,43.994900697799245,22.17525496511004,6.253354804079442,7.7898550724637685,2.227589908749329,4.51556629092861,11.580783682232958,1.4626945786366077,
196,43.914385399892645,22.15512614063339,6.239935587761675,8.735909822866345,2.073268921095008,4.146537842190016,11.399624261943103,1.3352120236178207,
197,43.69296833064949,21.973966720343533,7.689210950080516,7.883789586688137,2.059849704777241,3.992216854535695,11.372785829307569,1.3352120236178207,
198,43.69967793880837,21.786097691894792,7.682501341921632,7.843531937734836,2.059849704777241,4.38137412775094,11.325818572195384,1.221148684916801,
199,43.29039184111648,21.20907139023081,7.682501341921632,7.709339774557166,1.8988191089640365,5.783682232957595,11.231884057971014,1.1943102522812667,
200,43.47826086956522,21.095008051529792,7.669082125603865,7.695920558239399,1.8988191089640365,5.770263016639828,11.198336017176597,1.1943102522812667,
201,43.68625872249061,21.068169618894256,7.581857219538379,7.682501341921632,1.8853998926462694,5.730005367686527,11.171497584541063,1.1943102522812667,
202,43.86741814278046,21.054750402576488,7.5281803542673105,7.635534084809447,1.8786902844873858,5.689747718733226,11.158078368223295,1.1876006441223832,
203,44.10225442834138,20.98094471282877,7.521470746108427,7.62211486849168,1.8786902844873858,5.629361245303274,11.077563070316694,1.1876006441223832,
204,44.22302737520129,20.86688137412775,7.340311325818572,7.568438003220612,2.1806226516371443,5.5689747718733225,11.064143853998926,1.1876006441223832,
205,44.39076757917338,20.82662372517445,7.300053676865271,7.568438003220612,2.1806226516371443,5.5689747718733225,10.976918947933441,1.1876006441223832,
206,44.28341384863124,20.719269994632313,7.253086419753086,7.555018786902845,2.1806226516371443,5.884326355340848,10.93666129898014,1.1876006441223832,
207,44.36392914653784,20.705850778314545,7.253086419753086,7.5281803542673105,2.1806226516371443,5.884326355340848,10.896403650026839,1.1876006441223832,
208,44.34380032206119,20.538110574342458,7.689210950080516,7.440955448201825,2.1806226516371443,5.797101449275362,10.836017176596886,1.1741814278046163,
209,44.60547504025765,20.46430488459474,7.635534084809447,7.347020933977456,2.1806226516371443,5.756843800322061,10.836017176596886,1.1741814278046163,
210,44.7463768115942,20.397208803005906,7.601986044015029,7.340311325818572,2.1739130434782608,5.756843800322061,10.809178743961352,1.1741814278046163,
211,44.82018250134192,20.35024154589372,7.588566827697263,7.340311325818572,2.1604938271604937,5.756843800322061,10.809178743961352,1.1741814278046163,
212,45.24288781535159,20.26972624798712,7.521470746108427,7.266505636070853,2.1135265700483092,5.662909286097692,10.748792270531402,1.1741814278046163,
213,45.46430488459474,20.229468599033815,7.494632313472893,7.179280730005368,2.1135265700483092,5.656199677938808,10.701825013419215,1.1607622114868492,
214,45.34353193773484,20.46430488459474,7.427536231884058,7.1658615136876005,2.1135265700483092,5.656199677938808,10.674986580783683,1.1540526033279657,
215,44.95437466451959,19.98792270531401,7.313472893183038,7.159151905528717,2.1135265700483092,6.662640901771336,10.654857756307031,1.1540526033279657,
216,45.08185721953838,19.940955448201827,7.306763285024155,7.152442297369833,2.1135265700483092,6.622383252818035,10.628019323671497,1.1540526033279657,
217,45.30327428878154,19.91411701556629,7.25979602791197,7.14573268921095,2.1135265700483092,6.541867954911433,10.567632850241546,1.1540526033279657,
218,45.36366076221149,19.900697799248523,7.239667203435319,7.125603864734299,2.1135265700483092,6.541867954911433,10.560923242082662,1.1540526033279657,
219,45.53811057434246,19.880568974771872,7.226247987117552,7.25979602791197,2.100107353730542,6.447933440687064,10.393183038110575,1.1540526033279657,
220,45.611916264090176,19.880568974771872,7.219538378958669,7.239667203435319,2.100107353730542,6.400966183574879,10.393183038110575,1.1540526033279657,
221,45.8870101986044,19.773215244229736,7.192699946323135,7.206119162640902,2.0799785292538915,6.367418142780462,10.339506172839506,1.1540526033279657,
222,45.860171765968865,19.692699946323135,6.89747718733226,7.185990338164252,2.563070316693505,6.360708534621578,10.305958132045088,1.133923778851315,
223,46.07487922705314,19.545088566827697,6.89747718733226,7.159151905528717,2.563070316693505,6.320450885668277,10.305958132045088,1.133923778851315,
224,46.262748255501876,19.51154052603328,6.89747718733226,7.092055823939882,2.563070316693505,6.286902844873859,10.25228126677402,1.133923778851315,
225,46.303005904455176,19.47128287707998,6.810252281266774,7.078636607622115,2.6972624798711755,6.286902844873859,10.25228126677402,1.1003757380568975,
226,46.403650026838434,19.45786366076221,6.769994632313473,7.078636607622115,2.6972624798711755,6.253354804079442,10.238862050456254,1.1003757380568975,
227,46.504294149221685,19.41760601180891,6.729736983360172,6.884057971014493,2.6972624798711755,6.239935587761675,10.198604401502953,1.1003757380568975,0.2281266774020397
228,46.63177670424047,19.39747718733226,6.729736983360172,6.857219538378959,2.6972624798711755,6.172839506172839,10.185185185185185,1.1003757380568975,0.2281266774020397
229,46.752549651100374,19.33709071390231,6.716317767042405,6.857219538378959,2.6838432635534084,6.139291465378422,10.185185185185185,1.1003757380568975,0.2281266774020397
230,45.94068706387547,19.316961889425656,6.226516371443908,6.374127750939345,2.6301663982823404,6.099033816425121,11.949812130971551,1.2345679012345678,0.2281266774020397
231,46.081588835212024,19.269994632313473,6.226516371443908,6.320450885668277,2.6301663982823404,6.099033816425121,11.90955448201825,1.2345679012345678,0.2281266774020397
232,46.222490606548575,19.229736983360173,6.199677938808374,6.320450885668277,2.6167471819645733,6.099033816425121,11.849168008588299,1.2345679012345678,0.2281266774020397
233,46.24932903918411,19.155931293612454,6.3137412775093935,6.286902844873859,2.6167471819645733,6.085614600107354,11.829039184111648,1.2345679012345678,0.2281266774020397
234,46.423778851315085,19.07541599570585,6.407675791733762,6.286902844873859,2.5697799248523885,6.072195383789587,11.701556629092861,1.2345679012345678,0.2281266774020397
235,46.121846484165324,18.9345142243693,6.360708534621578,6.286902844873859,2.5563607085346214,6.031937734836285,12.258454106280194,1.221148684916801,0.2281266774020397
236,46.175523349436396,18.92109500805153,6.347289318303811,6.286902844873859,2.5563607085346214,6.031937734836285,12.23161567364466,1.221148684916801,0.2281266774020397
237,46.303005904455176,18.88083735909823,6.300322061191626,6.286902844873859,2.5563607085346214,6.031937734836285,12.198067632850242,1.2144390767579174,0.2281266774020397
238,46.43048845947396,18.833870101986044,6.266774020397209,6.286902844873859,2.5563607085346214,6.031937734836285,12.151100375738057,1.2144390767579174,0.2281266774020397
239,46.5378421900161,18.78690284487386,6.172839506172839,6.239935587761675,2.6637144390767578,6.031937734836285,12.124261943102523,1.2144390767579174,0.2281266774020397
240,46.71229200214707,18.71309715512614,6.172839506172839,6.226516371443908,2.6502952227589907,6.011808910359635,12.070585077831455,1.2144390767579174,0.2281266774020397
241,46.792807300053674,18.71309715512614,6.132581857219538,6.226516371443908,2.6502952227589907,5.991680085882985,12.050456253354804,1.2144390767579174,0.2281266774020397
242,46.947128287708,18.699677938808374,6.132581857219538,6.226516371443908,2.6502952227589907,5.9514224369296835,11.98336017176597,1.2010198604401503,0.20799785292538917
243,47.18196457326892,18.67283950617284,6.078904991948471,6.199677938808374,2.6502952227589907,5.877616747181965,11.929683306494901,1.2010198604401503,0.20799785292538917
244,47.24235104669887,18.666129898013956,6.072195383789587,6.179549114331723,2.623456790123457,5.877616747181965,11.929683306494901,1.2010198604401503,0.20799785292538917
245,47.34970477724101,18.511808910359633,6.045356951154052,6.152710681696189,2.623456790123457,6.005099302200751,11.902844873859367,1.2010198604401503,0.20799785292538917
246,47.42351046698873,18.49838969404187,6.045356951154052,6.139291465378422,2.6167471819645733,5.964841653247451,11.902844873859367,1.2010198604401503,0.20799785292538917
247,47.43022007514761,18.337359098228664,6.045356951154052,6.112453032742888,2.6167471819645733,6.199677938808374,11.849168008588299,1.2010198604401503,0.20799785292538917
248,47.53086419753087,18.317230273752013,6.045356951154052,6.112453032742888,2.6167471819645733,6.1862587224906065,11.788781535158346,1.1943102522812667,0.20799785292538917
249,47.745571658615134,18.209876543209877,6.005099302200751,6.112453032742888,2.6167471819645733,6.172839506172839,11.735104669887278,1.1943102522812667,0.20799785292538917
250,47.819377348362856,18.16290928609769,5.891035963499732,6.092324208266238,2.6167471819645733,6.3137412775093935,11.701556629092861,1.1943102522812667,0.20799785292538917
251,47.89318303811057,18.16290928609769,5.870907139023081,6.092324208266238,2.6167471819645733,6.293612453032743,11.668008588298443,1.1943102522812667,0.20799785292538917
252,48.05421363392378,18.136070853462158,5.864197530864198,6.072195383789587,2.6167471819645733,6.246645195920558,11.60762211486849,1.1943102522812667,0.20799785292538917
253,48.21524422973698,18.06226516371444,5.844068706387547,6.072195383789587,2.61003757380569,6.213097155126141,11.60762211486849,1.1674718196457328,0.20799785292538917
254,48.37627482555019,17.921363392377884,5.844068706387547,6.052066559312936,2.703972088030059,6.1929683306494905,11.553945249597424,1.1473429951690821,0.20799785292538917
255,48.62453032742888,17.881105743424584,5.803811057434245,6.025228126677402,2.703972088030059,6.152710681696189,11.453301127214171,1.1473429951690821,0.20799785292538917
256,48.75872249060655,17.881105743424584,5.803811057434245,5.991680085882985,2.690552871712292,6.112453032742888,11.406333870101985,1.1473429951690821,0.20799785292538917
257,48.86607622114869,17.881105743424584,5.763553408480945,5.991680085882985,2.6838432635534084,6.085614600107354,11.379495437466453,1.1406333870101986,0.20799785292538917
258,49.06736446591519,17.881105743424584,5.743424584004294,5.938003220611916,2.677133655394525,6.085614600107354,11.258722490606548,1.1406333870101986,0.20799785292538917
259,49.20155662909286,17.860976918947934,5.743424584004294,5.884326355340848,2.677133655394525,6.072195383789587,11.211755233494364,1.1406333870101986,0.20799785292538917
260,49.342458400429415,17.834138486312398,5.743424584004294,5.857487922705314,2.677133655394525,6.011808910359635,11.18491680085883,1.1406333870101986,0.20799785292538917
261,49.45652173913044,17.807300053676865,5.723295759527644,5.83064949006978,2.6704240472356413,5.984970477724101,11.044015029522276,1.2748255501878691,0.20799785292538917
262,49.27536231884058,17.780461621041333,6.045356951154052,5.83064949006978,2.6704240472356413,5.904455179817498,11.010466988727858,1.2748255501878691,0.20799785292538917
263,49.53032742887815,17.746913580246915,6.005099302200751,5.783682232957595,2.6704240472356413,5.9447128287707995,10.836017176596886,1.2748255501878691,0.20799785292538917
264,49.65780998389694,17.726784755770264,5.938003220611916,5.783682232957595,2.6704240472356413,5.904455179817498,10.836017176596886,1.2748255501878691,0.20799785292538917
265,49.77858293075684,17.726784755770264,5.938003220611916,5.763553408480945,2.6704240472356413,5.844068706387547,10.795759527643586,1.2748255501878691,0.20799785292538917
266,49.053945249597426,17.652979066022546,5.428073000536768,5.71658615136876,2.3349436392914655,5.8172302737520125,12.526838432635534,1.261406333870102,0.20799785292538917
267,49.080783682232955,17.579173376274827,5.428073000536768,5.71658615136876,2.301395598497048,5.904455179817498,12.52012882447665,1.261406333870102,0.20799785292538917
268,49.00697799248524,17.57246376811594,5.387815351583468,5.71658615136876,2.717391304347826,5.662909286097692,12.466451959205582,1.261406333870102,0.20799785292538917
269,48.98684916800859,17.55233494363929,5.387815351583468,5.71658615136876,2.717391304347826,5.924584004294149,12.332259796027913,1.1741814278046163,0.20799785292538917
270,49.18142780461621,17.52549651100376,5.320719269994632,5.709876543209877,2.6704240472356413,5.924584004294149,12.285292538915728,1.1741814278046163,0.20799785292538917
271,49.39613526570049,17.52549651100376,5.314009661835748,5.6964573268921095,2.636876006441224,5.803811057434245,12.245034889962426,1.1741814278046163,0.20799785292538917
272,49.4296833064949,17.518786902844873,5.314009661835748,5.669618894256575,2.636876006441224,5.803811057434245,12.245034889962426,1.1741814278046163,0.20799785292538917
273,49.422973698336016,17.404723564143854,5.273752012882448,5.669618894256575,2.623456790123457,6.005099302200751,12.218196457326892,1.1741814278046163,0.20799785292538917
