,45,50,55,52,53,58,59,60,54,56,57,51
0,99.6779388083736,0.322061191626409,,,,,,,,,,
1,95.98765432098766,4.012345679012346,,,,,,,,,,
2,95.91384863123993,4.05931293612453,0.026838432635534086,,,,,,,,,
3,95.7259796027912,4.247181964573269,0.026838432635534086,,,,,,,,,
4,95.53811057434245,4.435050993022007,0.026838432635534086,,,,,,,,,
5,91.94176060118089,8.031400966183575,0.026838432635534086,,,,,,,,,
6,91.09634997316157,8.876811594202898,0.026838432635534086,,,,,,,,,
7,90.10332796564681,9.842995169082126,0.05367686527106817,,,,,,,,,
8,86.4398819108964,13.506441223832528,0.05367686527106817,,,,,,,,,
9,29.817498658078367,70.08856682769726,0.0939345142243693,,,,,,,,,
10,29.898013955984972,68.63258185721953,1.4694041867954912,,,,,,,,,
11,29.824208266237253,68.63258185721953,1.5029522275899088,0.040257648953301126,,,,,,,,
12,29.441760601180892,64.67391304347827,5.844068706387547,0.040257648953301126,,,,,,,,
13,29.56924315619968,64.2109500805153,6.152710681696189,0.040257648953301126,0.026838432635534086,,,,,,,
14,29.21363392377885,61.24530327428878,9.433709071390231,0.040257648953301126,0.026838432635534086,0.040257648953301126,,,,,,
15,29.146537842190018,60.90311325818572,9.473966720343531,0.4092860976918948,0.026838432635534086,0.040257648953301126,,,,,,
16,29.435050993022006,60.42002147074611,9.145195920558239,0.4092860976918948,0.026838432635534086,0.04696725711218465,0.5166398282340311,,,,,
17,29.522275899087493,58.360171765968865,11.084272678475577,0.4092860976918948,0.026838432635534086,0.04696725711218465,0.5166398282340311,0.03354804079441761,,,,
18,29.64975845410628,58.21256038647343,11.104401502952227,0.4092860976918948,0.026838432635534086,0.04696725711218465,0.5166398282340311,0.03354804079441761,,,,
19,27.771068169618893,59.76247987117552,9.078099838969404,2.7979066022544283,0.026838432635534086,0.04696725711218465,0.5166398282340311,,,,,
20,27.885131508319915,58.99087493290392,9.749060654857756,2.7844873859366612,0.026838432635534086,0.04696725711218465,0.5166398282340311,,,,,
21,28.113258185721953,58.78958668813741,9.749060654857756,2.771068169618894,0.026838432635534086,0.04696725711218465,0.5032206119162641,,,,,
22,28.455448201825014,57.8166935050993,10.399892646269459,2.7509393451422435,0.026838432635534086,0.04696725711218465,0.5032206119162641,,,,,
23,28.817767042404725,57.46108427267848,10.393183038110575,2.7509393451422435,0.026838432635534086,0.04696725711218465,0.5032206119162641,,,,,
24,24.590713902308106,52.15378421900161,9.5276435856146,12.828770799785293,0.026838432635534086,,,,0.8387010198604401,0.03354804079441761,,
25,24.912775093934513,51.932367149758456,9.272678475577026,12.788513150831992,0.026838432635534086,,,,0.9192163177670424,0.03354804079441761,0.11406333870101985,
26,24.59742351046699,50.38244766505636,8.447396672034353,12.661030595813205,0.026838432635534086,,,,3.475577026301664,0.14090177133655393,0.2683843263553409,
27,24.711486849168008,50.28851315083199,8.581588835212024,12.506709608158884,0.026838432635534086,,,,3.475577026301664,0.14090177133655393,0.2683843263553409,
28,25.0402576489533,50.006709608158886,8.527911969940956,12.453032742887816,0.026838432635534086,,,,3.4688674181427803,0.14090177133655393,0.33548040794417605,
29,25.509930220075148,49.6309715512614,8.413848631239935,12.332259796027913,0.026838432635534086,,,,3.5225442834138487,0.16774020397208803,0.39586688137412773,
30,24.58400429414922,50.5300590445518,8.413848631239935,12.332259796027913,0.08722490606548577,,0.13419216317767044,,3.3548040794417604,0.16774020397208803,0.39586688137412773,
31,24.704777241009126,50.44283413848631,8.420558239398819,12.29200214707461,0.08722490606548577,,0.13419216317767044,,3.3548040794417604,0.16774020397208803,0.39586688137412773,
32,24.792002147074612,50.3690284487386,8.420558239398819,12.258454106280194,0.08722490606548577,,0.13419216317767044,,3.3548040794417604,0.16774020397208803,0.41599570585077833,
33,24.9597423510467,50.254965110037574,8.420558239398819,12.258454106280194,0.08722490606548577,,0.13419216317767044,,3.3011272141706924,0.16774020397208803,0.41599570585077833,
34,25.10064412238325,49.5907139023081,9.017713365539452,12.218196457326892,0.08722490606548577,,0.1610305958132045,,3.240740740740741,0.16774020397208803,0.41599570585077833,
35,25.181159420289855,49.45652173913044,9.01100375738057,12.151100375738057,0.08722490606548577,,0.1610305958132045,,3.207192699946323,0.16774020397208803,0.4428341384863124,0.13419216317767044
36,25.207997852925388,49.39613526570049,9.104938271604938,12.110842726784755,0.08722490606548577,,0.1610305958132045,,3.193773483628556,0.16774020397208803,0.43612453032742887,0.13419216317767044
37,25.254965110037574,46.282877079978526,12.298711755233494,12.037037037037036,0.12077294685990338,,0.1610305958132045,,3.1065485775630703,0.16774020397208803,0.43612453032742887,0.13419216317767044
38,25.51663982823403,46.06816961889426,12.278582930756844,12.030327428878154,0.12077294685990338,,0.20128824476650564,,3.046162104133119,0.16774020397208803,0.43612453032742887,0.13419216317767044
39,25.89237788513151,45.779656468062264,12.23161567364466,11.976650563607086,0.12077294685990338,,0.23483628556092323,,3.026033279656468,0.16774020397208803,0.43612453032742887,0.13419216317767044
40,25.85212023617821,44.55179817498658,13.170960815888352,11.862587224906065,0.12077294685990338,,0.23483628556092323,,3.4151905528717124,0.2214170692431562,0.43612453032742887,0.13419216317767044
41,25.81857219538379,43.833870101986044,13.962694578636608,11.822329575952764,0.12077294685990338,,0.23483628556092323,,3.4151905528717124,0.2214170692431562,0.43612453032742887,0.13419216317767044
42,25.85882984433709,43.80032206119163,13.962694578636608,11.822329575952764,0.12077294685990338,,0.23483628556092323,,3.408480944712829,0.2214170692431562,0.43612453032742887,0.13419216317767044
43,26.01315083199141,43.53193773483628,13.902308105206655,11.79549114331723,0.12077294685990338,,0.23483628556092323,,3.515834675254965,0.3421900161030596,0.4092860976918948,0.13419216317767044
44,26.073537305421365,43.27026301663983,14.036500268384327,11.614331723027375,0.12077294685990338,,0.23483628556092323,,3.629898013955985,0.3421900161030596,0.5434782608695652,0.13419216317767044
45,25.523349436392916,43.853998926462694,14.11701556629093,11.58749329039184,0.14761137949543746,,0.23483628556092323,,3.5762211486849167,0.3824476650563607,0.5367686527106817,0.040257648953301126
46,25.523349436392916,43.73322597960279,14.11701556629093,11.627750939345143,0.14761137949543746,,0.23483628556092323,,3.589640365002684,0.4227053140096618,0.5636070853462157,0.040257648953301126
47,25.805152979066023,43.484970477724104,14.110305958132045,11.614331723027375,0.14761137949543746,,0.2281266774020397,,3.556092324208266,0.4227053140096618,0.5636070853462157,0.06709608158883522
48,25.563607085346217,43.76677402039721,14.110305958132045,11.540526033279656,0.14761137949543746,,0.2281266774020397,,3.549382716049383,0.4428341384863124,0.5837359098228664,0.06709608158883522
49,25.677670424047236,43.67283950617284,14.103596349973161,11.513687600644122,0.14761137949543746,,0.2281266774020397,,3.549382716049383,0.4428341384863124,0.5971551261406334,0.06709608158883522
50,25.85882984433709,43.47826086956522,14.130434782608695,11.513687600644122,0.14761137949543746,,0.2281266774020397,,3.535963499731616,0.4428341384863124,0.5971551261406334,0.06709608158883522
51,26.187600644122384,43.243424584004295,14.04320987654321,11.506977992485238,0.14761137949543746,,0.2281266774020397,,3.535963499731616,0.4428341384863124,0.5971551261406334,0.06709608158883522
52,26.435856146001072,43.02871712292002,14.056629092860977,11.493558776167472,0.14761137949543746,,0.2281266774020397,,3.502415458937198,0.4428341384863124,0.5971551261406334,0.06709608158883522
53,26.637144390767578,42.860976918947934,13.90901771336554,11.466720343531938,0.14761137949543746,,0.2281266774020397,0.03354804079441761,3.5829307568438002,0.4428341384863124,0.6239935587761675,0.06709608158883522
54,26.80488459473967,42.77375201288245,13.774825550187868,11.399624261943103,0.14761137949543746,,0.2281266774020397,0.03354804079441761,3.5628019323671496,0.5300590445517982,0.6776704240472357,0.06709608158883522
55,27.01959205582394,41.727053140096615,14.224369296833064,11.18491680085883,0.48980139559849706,,0.2281266774020397,0.06709608158883522,3.589640365002684,0.5568974771873323,0.8185721953837896,0.0939345142243693
56,26.617015566290927,38.888888888888886,17.444981213097154,10.352925389157273,0.48980139559849706,,0.2281266774020397,0.06709608158883522,3.4957058507783145,0.5568974771873323,1.7646269457863661,0.0939345142243693
57,25.046967257112186,34.91009125067096,17.59259259259259,10.25228126677402,0.48980139559849706,,0.2616747181964573,0.10064412238325282,8.796296296296296,0.6776704240472357,1.778046162104133,0.0939345142243693
58,24.56387546967257,32.11218464841653,16.35131508319914,8.742619431025227,6.756575415995706,0.03354804079441761,0.2616747181964573,0.13419216317767044,8.796296296296296,0.5367686527106817,1.6170155662909287,0.0939345142243693
59,24.58400429414922,32.25979602791197,16.317767042404725,8.487654320987655,6.66935050993022,0.14090177133655393,0.30193236714975846,0.13419216317767044,8.984165324745035,0.7246376811594203,1.3217928073000538,0.07380568974771873
60,24.818840579710145,32.09205582393988,16.210413311862588,7.6556629092860975,6.005099302200751,0.14090177133655393,0.322061191626409,0.13419216317767044,8.950617283950617,2.301395598497048,1.2949543746645196,0.07380568974771873
61,25.07380568974772,31.642512077294686,16.51905528717123,7.628824476650563,5.991680085882985,0.14090177133655393,0.322061191626409,0.13419216317767044,8.896940418679549,2.301395598497048,1.2748255501878691,0.07380568974771873
62,25.37573805689748,31.49490069779925,16.378153515834676,7.601986044015029,5.897745571658615,0.14090177133655393,0.35560923242082665,0.2683843263553409,8.863392377885132,2.2745571658615136,1.2748255501878691,0.07380568974771873
63,25.55018786902845,31.353998926462694,16.243961352657006,7.595276435856146,5.897745571658615,0.14090177133655393,0.35560923242082665,0.2683843263553409,8.964036500268385,2.281266774020397,1.2748255501878691,0.07380568974771873
64,25.758185721953836,31.30703166935051,16.163446054750402,7.595276435856146,5.8239398819108965,0.14090177133655393,0.35560923242082665,0.2683843263553409,8.957326892109501,2.281266774020397,1.2748255501878691,0.07380568974771873
65,25.91250670960816,30.857487922705314,16.961889425657542,7.5348899624261945,5.797101449275362,0.14090177133655393,0.49651100375738055,0.2683843263553409,8.427267847557703,2.254428341384863,1.2748255501878691,0.07380568974771873
66,25.825281803542673,29.74369296833065,15.619967793880837,7.5348899624261945,7.447665056360709,0.14090177133655393,0.46967257112184646,0.39586688137412773,9.232420826623725,2.254428341384863,1.261406333870102,0.07380568974771873
67,26.039989264626946,29.64975845410628,15.579710144927537,7.454374664519592,7.427536231884058,0.14090177133655393,0.5099302200751477,0.39586688137412773,9.151905528717123,2.3349436392914655,1.2412775093934514,0.07380568974771873
68,26.214439076757916,29.59608158883521,15.539452495974235,7.427536231884058,7.4006977992485234,0.14090177133655393,0.5099302200751477,0.39586688137412773,9.125067096081589,2.3349436392914655,1.2412775093934514,0.07380568974771873
69,25.301932367149757,29.562533548040793,15.009393451422437,7.4141170155662905,7.347020933977456,0.14090177133655393,0.5636070853462157,0.39586688137412773,9.634997316156737,2.3349436392914655,1.2412775093934514,1.0534084809447128
70,25.107353730542137,28.44873859366613,14.566559312936125,7.387278582930757,7.313472893183038,0.14090177133655393,0.5434782608695652,0.4294149221685454,11.473429951690822,2.2879763821792807,1.2681159420289856,1.0332796564680622
71,24.053945249597422,29.381374127750938,14.472624798711756,5.4549114331723025,10.379763821792807,0.14090177133655393,0.5703166935050993,0.4294149221685454,11.352657004830919,1.42914653784219,1.3352120236178207,0.9997316156736447
72,24.188137412775095,28.958668813741276,14.358561460010735,5.428073000536768,10.339506172839506,0.14090177133655393,0.630703166935051,0.46296296296296297,11.728395061728396,1.42914653784219,1.3352120236178207,0.9997316156736447
73,22.309447128287708,27.469135802469136,13.439345142243694,9.4873859366613,10.299248523886206,0.14090177133655393,0.630703166935051,0.46296296296296297,12.04374664519592,1.4090177133655395,1.3083735909822867,0.9997316156736447
74,22.470477724100913,27.22758990874933,12.661030595813205,9.460547504025765,11.54723564143854,0.1878690284487386,0.630703166935051,0.46296296296296297,11.90955448201825,1.133923778851315,1.3083735909822867,0.9997316156736447
75,22.644927536231883,27.194041867954912,12.634192163177671,9.460547504025765,11.486849168008588,0.1878690284487386,0.630703166935051,0.46296296296296297,11.862587224906065,1.133923778851315,1.3083735909822867,0.9930220075147611
76,22.81266774020397,27.066559312936125,12.546967257112184,9.172034353193773,11.386205045625335,0.2952227589908749,0.630703166935051,0.46296296296296297,12.238325281803542,1.133923778851315,1.2681159420289856,0.9863123993558777
77,22.98040794417606,27.03972088030059,12.453032742887816,9.158615136876007,11.3593666129898,0.32877079978529256,0.630703166935051,0.46967257112184646,12.191358024691358,1.133923778851315,1.2681159420289856,0.9863123993558777
78,23.13472893183038,26.932367149758456,12.419484702093397,9.118357487922705,11.305689747718732,0.32877079978529256,0.6172839506172839,0.46967257112184646,11.399624261943103,1.1674718196457328,2.120236178207193,0.9863123993558777
79,23.03408480944713,25.677670424047236,11.580783682232958,9.064680622651638,11.023886205045626,0.3153515834675255,0.6374127750939346,0.46296296296296297,13.734567901234568,1.3620504562533549,2.120236178207193,0.9863123993558777
80,23.181696188942567,25.41599570585078,11.735104669887278,9.05126140633387,11.010466988727858,0.3153515834675255,0.7313472893183038,0.46296296296296297,13.627214170692431,1.3620504562533549,2.120236178207193,0.9863123993558777
81,23.121309715512613,25.221417069243156,11.701556629092861,9.03113258185722,11.003757380568974,0.30193236714975846,0.7179280730005367,0.46296296296296297,13.466183574879228,1.3486312399355878,2.120236178207193,1.5029522275899088
82,23.221953837895867,25.127482555018787,11.614331723027375,9.03113258185722,10.916532474503489,0.47638217928073,0.7648953301127214,0.46296296296296297,13.459473966720344,1.3486312399355878,2.120236178207193,1.4559849704777241
83,23.309178743961354,25.046967257112186,11.614331723027375,8.997584541062801,11.285560923242082,0.47638217928073,0.8722490606548577,0.46296296296296297,13.318572195383789,1.3486312399355878,2.13365539452496,1.133923778851315
84,21.3768115942029,24.65780998389694,11.66129898013956,8.145464304884594,11.245303274288782,0.47638217928073,0.8722490606548577,0.46296296296296297,13.070316693505099,1.3486312399355878,2.120236178207193,4.562533548040794
85,21.054750402576488,24.402844873859365,11.446591519055287,7.62211486849168,9.494095544820183,0.47638217928073,0.8319914117015567,0.4428341384863124,12.647611379495437,0.8789586688137413,2.0128824476650564,8.68894256575416
86,21.24261943102523,24.308910359634996,11.312399355877616,7.575147611379496,9.520933977455716,0.47638217928073,0.8319914117015567,0.4830917874396135,12.607353730542137,0.9057971014492754,2.046430488459474,8.68894256575416
87,21.30300590445518,24.214975845410628,11.990069779924852,7.219538378958669,9.50751476113795,0.47638217928073,0.8588298443370908,0.5233494363929146,12.506709608158884,0.9057971014492754,1.8518518518518519,8.641975308641975
88,21.578099838969404,24.168008588298445,11.83574879227053,7.199409554482019,9.373322597960279,0.5904455179817498,0.9259259259259259,0.5568974771873323,12.399355877616747,0.8990874932903918,1.8518518518518519,8.621846484165324
89,21.792807300053678,24.14117015566291,11.829039184111648,7.1725711218464845,9.353193773483628,0.5904455179817498,0.9259259259259259,0.5568974771873323,12.285292538915728,0.8789586688137413,1.8518518518518519,8.621846484165324
90,19.652442297369834,26.03327965646806,11.79549114331723,7.159151905528717,9.312936124530328,0.5904455179817498,0.9259259259259259,0.5568974771873323,12.258454106280194,0.8789586688137413,1.8518518518518519,8.984165324745035
91,19.82018250134192,25.87224906065486,11.75523349436393,7.071926999463232,9.225711218464841,0.5770263016639828,0.9259259259259259,0.5568974771873323,12.352388620504563,0.9728931830381106,1.9256575415995705,8.943907675791733
92,20.00805152979066,25.825281803542673,12.151100375738057,7.058507783145465,9.212292002147075,0.5770263016639828,0.9259259259259259,0.5904455179817498,12.325550187869029,0.9728931830381106,1.90552871712292,8.447396672034353
93,20.068438003220614,25.691089640365004,12.265163714439076,7.0450885668276975,8.628556092324208,0.5770263016639828,0.9594739667203436,0.5904455179817498,12.298711755233494,1.5499194847020934,1.9189479334406871,8.407139023081053
94,17.793880837359097,23.403113258185723,11.003757380568974,4.663177670424047,9.41358024691358,0.5770263016639828,1.0332796564680622,0.4092860976918948,11.721685453569512,1.482823403113258,1.7914653784219001,16.70692431561997
95,18.02871712292002,23.329307568438004,10.923242082662373,4.0995705850778315,8.776167471819646,0.5770263016639828,1.0198604401502953,0.4092860976918948,11.580783682232958,1.3955984970477724,1.6304347826086956,18.230005367686527
96,18.149490069779926,22.725442834138487,10.896403650026839,4.0995705850778315,8.648684916800859,0.5770263016639828,1.0198604401502953,0.38915727321524424,12.305421363392378,1.3955984970477724,1.6304347826086956,18.16290928609769
97,18.276972624798713,22.50402576489533,10.93666129898014,4.092860976918948,8.601717659688674,0.5770263016639828,1.0466988727858293,0.38915727321524424,12.406065485775631,1.4090177133655395,1.6304347826086956,18.129361245303276
98,18.4447128287708,22.25577026301664,10.990338164251208,4.079441760601181,8.454106280193237,0.7313472893183038,1.0399892646269457,0.38915727321524424,12.486580783682234,1.4090177133655395,1.7042404723564144,18.015297906602253
99,18.572195383789587,22.27589908749329,10.916532474503489,4.066022544283414,8.192431561996779,0.7648953301127214,1.0064412238325282,0.3824476650563607,12.379227053140097,1.4358561460010735,2.0531400966183573,17.954911433172303
100,18.874127750939344,22.188674181427803,10.909822866344605,4.025764895330113,8.165593129361245,0.7648953301127214,1.0064412238325282,0.3824476650563607,12.345679012345679,1.4626945786366077,2.0263016639828235,17.847557702630166
101,18.357487922705314,21.826355340848096,9.668545356951155,7.467793880837359,7.991143317230274,0.7648953301127214,0.9594739667203436,0.36231884057971014,11.735104669887278,1.4626945786366077,1.583467525496511,17.820719269994633
102,18.46484165324745,21.752549651100377,9.64170692431562,7.440955448201825,7.897208803005904,0.7112184648416533,0.9594739667203436,0.4025764895330113,11.876006441223833,1.4626945786366077,1.583467525496511,17.807300053676865
103,18.69296833064949,21.672034353193773,9.64170692431562,7.4141170155662905,7.883789586688137,0.7112184648416533,0.9594739667203436,0.4025764895330113,12.761674718196458,1.42914653784219,1.570048309178744,16.861245303274288
104,18.95464304884595,21.611647879763822,9.655126140633387,7.37385936661299,7.863660762211487,0.7112184648416533,1.0265700483091786,0.38915727321524424,12.701288244766506,1.415727321524423,1.5163714439076759,16.780730005367687
105,18.92109500805153,21.3768115942029,9.916800858829845,7.313472893183038,7.890499194847021,0.7112184648416533,1.0265700483091786,0.38915727321524424,12.909286097691895,1.415727321524423,1.5767579173376274,16.552603327965645
106,19.102254428341386,21.34326355340848,9.863123993558776,7.313472893183038,7.890499194847021,0.7112184648416533,1.0064412238325282,0.38915727321524424,12.909286097691895,1.415727321524423,1.5767579173376274,16.478797638217927
107,19.444444444444443,21.26274825550188,9.829575952764358,7.286634460547504,7.776435856146001,0.7112184648416533,1.0466988727858293,0.38915727321524424,12.788513150831992,1.4694041867954912,1.570048309178744,16.42512077294686
108,19.786634460547504,21.18894256575416,9.728931830381105,7.286634460547504,7.7361782071927,0.7380568974771873,0.9930220075147611,0.38915727321524424,12.734836285560924,1.5029522275899088,1.570048309178744,16.344605475040257
109,19.847020933977454,20.974235104669887,9.728931830381105,7.1658615136876005,7.7361782071927,0.7380568974771873,0.9930220075147611,0.38915727321524424,12.822061191626409,1.5365002683843263,1.7310789049919484,16.337895866881375
110,20.101986044015028,20.873590982286636,10.02415458937198,7.159151905528717,7.675791733762749,0.7380568974771873,0.9930220075147611,0.38915727321524424,12.848899624261943,1.6572732152442298,1.7310789049919484,15.807836822329575
111,20.202630166398283,20.75281803542673,10.010735373054214,7.27992485238862,7.628824476650563,0.7380568974771873,1.0265700483091786,0.38915727321524424,12.842190016103059,1.6572732152442298,1.7176596886741815,15.754159957058508
112,20.343531937734838,20.67230273752013,10.165056360708535,7.085346215780999,7.6556629092860975,0.7648953301127214,0.9863123993558777,0.38915727321524424,12.822061191626409,1.6438539989264627,1.7176596886741815,15.754159957058508
113,20.377079978529252,20.517981749865807,9.903381642512077,6.998121309715513,7.950885668276973,0.7648953301127214,0.9594739667203436,0.38915727321524424,12.775093934514224,2.046430488459474,1.7310789049919484,15.58641975308642
114,20.477724100912507,20.35024154589372,9.876543209876543,6.944444444444445,8.179012345679013,0.7648953301127214,0.9326355340848095,0.38915727321524424,12.721417069243156,2.0799785292538915,1.7310789049919484,15.552871712292003
115,20.69243156199678,20.222758990874933,9.930220075147611,6.9310252281266775,8.13875469672571,0.7648953301127214,0.9326355340848095,0.38915727321524424,12.68786902844874,2.120236178207193,1.7310789049919484,15.458937198067632
116,20.78636607622115,20.202630166398283,9.883252818035427,6.9310252281266775,8.132045088566828,0.7648953301127214,0.9728931830381106,0.38915727321524424,12.681159420289855,2.120236178207193,1.7310789049919484,15.405260332796564
117,20.9272678475577,20.162372517444982,9.856414385399892,6.9310252281266775,8.05823939881911,0.7648953301127214,1.0064412238325282,0.38915727321524424,12.634192163177671,2.120236178207193,1.7713365539452497,15.378421900161031
118,20.544820182501343,19.75979602791197,9.681964573268921,6.790123456790123,11.097691894793345,0.7648953301127214,0.9997316156736447,0.38915727321524424,11.044015029522276,1.8719806763285025,1.751207729468599,15.304616210413311
119,20.551529790660226,19.685990338164252,9.681964573268921,6.870638754696726,11.05072463768116,0.7917337627482555,0.9997316156736447,0.38915727321524424,11.057434245840042,1.8719806763285025,1.778046162104133,15.271068169618895
120,20.77294685990338,19.632313472893184,9.64170692431562,6.850509930220075,11.023886205045626,0.7917337627482555,0.9997316156736447,0.38915727321524424,11.003757380568974,1.8719806763285025,1.778046162104133,15.24422973698336
121,20.88030059044552,19.57192699946323,9.567901234567902,6.850509930220075,10.997047772410092,0.7783145464304885,1.0869565217391304,0.38915727321524424,10.943370907139023,1.90552871712292,1.778046162104133,15.250939345142244
122,20.92055823939882,19.404186795491142,9.655126140633387,6.830381105743425,10.849436392914654,0.7783145464304885,1.1741814278046163,0.38915727321524424,10.916532474503489,2.01959205582394,1.778046162104133,15.28448738593666
123,21.135265700483092,19.343800322061192,9.621578099838969,6.8035426731078905,10.836017176596886,0.7447665056360708,1.1607622114868492,0.38915727321524424,10.903113258185721,2.0531400966183573,1.778046162104133,15.230810520665592
124,21.235909822866343,19.229736983360173,9.648416532474503,6.776704240472356,10.82259796027912,0.7447665056360708,1.1607622114868492,0.35560923242082665,10.990338164251208,2.0799785292538915,1.7713365539452497,15.183843263553408
125,21.34326355340848,19.216317767042405,9.561191626409018,6.816961889425658,10.795759527643586,0.7783145464304885,1.1607622114868492,0.35560923242082665,10.943370907139023,2.0799785292538915,1.778046162104133,15.170424047235642
126,21.423778851315085,19.122383252818036,9.561191626409018,6.796833064949007,10.768921095008052,0.7783145464304885,1.1272141706924315,0.35560923242082665,11.137949543746645,2.073268921095008,1.7579173376274826,15.096618357487923
127,21.55126140633387,19.07541599570585,9.601449275362318,6.749865807836822,10.715244229736983,0.7783145464304885,1.1272141706924315,0.35560923242082665,11.144659151905529,2.059849704777241,1.7579173376274826,15.083199141170155
128,21.651905528717123,19.07541599570585,9.567901234567902,6.729736983360172,10.681696188942565,0.7783145464304885,1.0601180891035964,0.35560923242082665,11.238593666129898,2.0933977455716586,1.751207729468599,15.01610305958132
129,21.316425120772948,17.995169082125603,9.23913043478261,6.723027375201288,10.654857756307031,0.7783145464304885,1.0534084809447128,0.35560923242082665,13.123993558776167,2.167203435319377,1.751207729468599,14.841653247450349
130,21.497584541062803,17.92807300053677,9.29951690821256,6.689479334406871,10.601180891035963,0.7783145464304885,1.0534084809447128,0.3824476650563607,13.063607085346217,2.167203435319377,1.7310789049919484,14.80810520665593
131,21.611647879763822,17.840848094471284,9.07139023081052,6.689479334406871,11.211755233494364,0.644122383252818,1.0131508319914118,0.3421900161030596,12.895866881374127,2.1940418679549114,1.7310789049919484,14.754428341384862
132,21.792807300053678,17.69994632313473,9.07139023081052,6.723027375201288,11.20504562533548,0.630703166935051,1.0131508319914118,0.3421900161030596,12.835480407944177,2.2208803005904456,1.710950080515298,14.754428341384862
133,21.947128287707997,17.60601180891036,9.29951690821256,6.723027375201288,11.097691894793345,0.630703166935051,0.9997316156736447,0.33548040794417605,12.808641975308642,2.13365539452496,1.6706924315619969,14.74771873322598
134,22.061191626409016,17.371175523349436,9.306226516371444,6.689479334406871,10.88298443370907,0.7313472893183038,1.0198604401502953,0.322061191626409,13.506441223832528,2.13365539452496,1.7713365539452497,14.204240472356414
135,22.08132045088567,17.45169082125604,9.286097691894794,6.689479334406871,10.829307568438002,0.7313472893183038,1.0198604401502953,0.322061191626409,13.553408480944713,2.13365539452496,1.737788513150832,14.163982823403114
136,22.25577026301664,17.384594739667204,9.232420826623725,6.6827697262479875,10.82259796027912,0.7313472893183038,1.0064412238325282,0.322061191626409,13.466183574879228,2.2611379495437465,1.6975308641975309,14.13714439076758
137,22.007514761137948,17.371175523349436,9.453837895866881,6.414385399892646,11.506977992485238,0.7313472893183038,1.0064412238325282,0.322061191626409,13.419216317767042,2.227589908749329,1.5633387010198605,13.976113794954374
138,22.134997316156735,17.3040794417606,9.453837895866881,6.333870101986044,11.493558776167472,0.7313472893183038,1.0064412238325282,0.322061191626409,13.399087493290391,2.314814814814815,1.5432098765432098,13.962694578636608
139,22.31615673644659,17.136339237788512,9.447128287707997,6.327160493827161,11.41304347826087,0.798443370907139,1.0064412238325282,0.322061191626409,13.345410628019323,2.3215244229736984,1.5432098765432098,14.023081052066559
140,22.38996242619431,16.97530864197531,9.588030059044552,6.327160493827161,11.446591519055287,0.8252818035426731,1.0064412238325282,0.322061191626409,13.278314546430488,2.3081052066559313,1.570048309178744,13.962694578636608
141,22.48389694041868,16.700214707461082,9.554482018250134,6.3137412775093935,11.473429951690822,0.8252818035426731,0.9930220075147611,0.322061191626409,13.533279656468062,2.3081052066559313,1.570048309178744,13.922436929683306
142,22.611379495437465,16.63311862587225,9.594739667203436,6.260064412238325,11.392914653784219,0.8923778851315083,0.9728931830381106,0.322061191626409,13.533279656468062,2.3081052066559313,1.556629092860977,13.922436929683306
143,22.758990874932906,16.5727321524423,9.514224369296834,6.253354804079442,11.600912506709609,0.8856682769726248,0.9728931830381106,0.322061191626409,13.519860440150294,2.301395598497048,1.402308105206656,13.895598497047773
144,22.933440687063875,16.532474503488995,9.50751476113795,6.253354804079442,11.56736446591519,0.8856682769726248,0.966183574879227,0.322061191626409,13.479602791196994,2.301395598497048,1.402308105206656,13.848631239935587
145,23.181696188942567,16.472088030059044,9.50751476113795,6.219806763285024,11.493558776167472,0.8856682769726248,0.966183574879227,0.322061191626409,13.446054750402576,2.2745571658615136,1.3888888888888888,13.841921631776705
146,23.26892109500805,16.358024691358025,9.50751476113795,6.219806763285024,11.60762211486849,0.8856682769726248,0.9460547504025765,0.322061191626409,13.439345142243694,2.2410091250670963,1.3888888888888888,13.81508319914117
147,23.21524422973698,16.297638217928075,9.420289855072463,6.615673644659152,11.614331723027375,0.8856682769726248,0.9393451422436929,0.3153515834675255,13.291733762748256,2.2410091250670963,1.3687600644122384,13.79495437466452
148,23.315888352120236,16.23054213633924,9.426999463231347,6.615673644659152,11.594202898550725,0.8856682769726248,0.966183574879227,0.3153515834675255,13.24476650563607,2.2410091250670963,1.3821792807300053,13.781535158346752
149,22.81266774020397,17.05582393988191,9.41358024691358,6.474771873322598,11.426462694578637,0.8856682769726248,0.966183574879227,0.3153515834675255,13.325281803542673,2.2208803005904456,1.3754696725711217,13.727858293075684
150,23.007246376811594,17.03569511540526,9.380032206119163,6.454643048845948,11.453301127214171,0.8856682769726248,1.1272141706924315,0.3153515834675255,13.097155126140633,2.2208803005904456,1.3888888888888888,13.633923778851315
151,23.09447128287708,16.961889425657542,9.333064949006978,6.4412238325281805,11.426462694578637,1.0131508319914118,1.1272141706924315,0.3153515834675255,13.003220611916264,2.2208803005904456,1.42914653784219,13.633923778851315
152,23.336017176596886,16.854535695115406,9.333064949006978,6.4412238325281805,11.372785829307569,1.0198604401502953,1.1003757380568975,0.3153515834675255,12.949543746645196,2.2208803005904456,1.42914653784219,13.627214170692431
153,23.49704777241009,16.774020397208805,9.306226516371444,6.4412238325281805,11.399624261943103,1.0802469135802468,1.1003757380568975,0.3153515834675255,12.882447665056361,2.1604938271604937,1.4559849704777241,13.58695652173913
154,23.60440150295223,16.7337627482555,9.306226516371444,6.427804616210413,11.366076221148685,1.107085346215781,1.1003757380568975,0.3153515834675255,12.855609232420827,2.187332259796028,1.4559849704777241,13.539989264626946
155,23.396403650026837,16.7337627482555,8.964036500268385,7.286634460547504,11.191626409017713,1.093666129898014,1.0802469135802468,0.28180354267310787,12.815351583467525,2.187332259796028,1.4358561460010735,13.533279656468062
156,23.483628556092324,15.982286634460548,8.964036500268385,8.064949006977992,11.144659151905529,1.0802469135802468,1.0802469135802468,0.2683843263553409,12.828770799785293,2.2074610842726785,1.4358561460010735,13.459473966720344
157,23.544015029522274,15.921900161030596,8.930488459473967,8.091787439613526,11.117820719269995,1.0802469135802468,1.1406333870101986,0.2683843263553409,12.754965110037574,2.314814814814815,1.4358561460010735,13.399087493290391
158,23.53059581320451,15.895061728395062,8.99087493290392,8.044820182501342,11.044015029522276,1.06682769726248,1.1607622114868492,0.2683843263553409,12.741545893719806,2.3081052066559313,1.6371443907675791,13.311862587224907
159,23.617820719269993,15.619967793880837,8.984165324745035,8.044820182501342,10.990338164251208,1.06682769726248,1.1607622114868492,0.30193236714975846,12.86231884057971,2.3081052066559313,1.6706924315619969,13.372249060654857
160,23.63123993558776,15.378421900161031,8.903650026838433,8.038110574342458,10.976918947933441,1.06682769726248,1.1607622114868492,0.30193236714975846,13.258185721953838,2.2946859903381642,1.6706924315619969,13.318572195383789
161,23.64465915190553,14.955716586151368,8.655394524959743,7.239667203435319,10.876274825550189,1.0332796564680622,1.133923778851315,0.27509393451422437,14.928878153515834,2.301395598497048,1.6304347826086956,13.325281803542673
162,23.718464841653248,14.761137949543746,8.601717659688674,7.481213097155126,10.970209339774557,1.0332796564680622,1.1406333870101986,0.27509393451422437,14.78797638217928,2.301395598497048,1.6304347826086956,13.298443370907139
163,23.95330112721417,14.74771873322598,8.715780998389693,7.481213097155126,10.916532474503489,1.0869565217391304,1.1406333870101986,0.27509393451422437,14.553140096618357,2.328234031132582,1.6237251744498122,13.177670424047236
164,24.08078368223296,14.694041867954912,8.749329039184111,7.481213097155126,10.809178743961352,1.0869565217391304,1.1272141706924315,0.27509393451422437,14.51959205582394,2.328234031132582,1.7713365539452497,13.077026301663983
165,23.752012882447666,14.13714439076758,8.53462157809984,8.21256038647343,10.782340311325818,1.0802469135802468,1.1003757380568975,0.27509393451422437,15.24422973698336,2.3550724637681157,1.6371443907675791,12.889157273215245
166,23.89291465378422,14.096886741814279,8.561460010735374,8.165593129361245,10.755501878690284,1.107085346215781,1.1003757380568975,0.27509393451422437,15.177133655394526,2.3550724637681157,1.6371443907675791,12.875738056897477
167,23.993558776167472,13.94927536231884,8.413848631239935,8.682232957595277,10.674986580783683,1.107085346215781,1.0735373054213635,0.27509393451422437,15.170424047235642,2.3349436392914655,1.6237251744498122,12.701288244766506
168,23.57085346215781,13.741277509393452,8.266237251744498,11.117820719269995,10.607890499194847,0.95276435856146,0.8856682769726248,0.27509393451422437,14.002952227589908,2.475845410628019,1.5767579173376274,12.526838432635534
169,23.537305421363392,13.7211486849168,8.21256038647343,10.82259796027912,11.520397208803006,0.95276435856146,0.8856682769726248,0.27509393451422437,13.654052603327965,2.3752012882447664,1.5767579173376274,12.466451959205582
170,23.752012882447666,13.674181427804616,8.199141170155663,10.775630703166936,11.506977992485238,0.95276435856146,0.8856682769726248,0.27509393451422437,13.654052603327965,2.3752012882447664,1.5767579173376274,12.372517444981213
171,23.859366612989803,13.654052603327965,8.199141170155663,10.742082662372518,11.453301127214171,0.95276435856146,0.8789586688137413,0.27509393451422437,13.647342995169081,2.428878153515835,1.5767579173376274,12.332259796027913
172,24.14787976382179,13.627214170692431,8.132045088566828,10.742082662372518,11.379495437466453,0.95276435856146,0.8655394524959742,0.27509393451422437,13.493022007514762,2.428878153515835,1.7176596886741815,12.238325281803542
173,23.839237788513152,13.20450885668277,7.96430488459474,10.668276972624799,11.855877616747183,0.9259259259259259,0.8923778851315083,0.27509393451422437,13.123993558776167,2.522812667740204,1.6774020397208802,13.050187869028449
174,23.805689747718734,13.130703166935051,7.997852925389157,10.84272678475577,11.882716049382717,0.9259259259259259,0.8923778851315083,0.27509393451422437,13.043478260869565,2.522812667740204,1.6774020397208802,13.003220611916264
175,23.832528180354267,13.063607085346217,7.971014492753623,10.272410091250672,12.795222758990874,0.8722490606548577,0.8521202361782072,0.27509393451422437,12.869028448738593,2.5161030595813205,1.6774020397208802,13.003220611916264
176,24.000268384326354,12.99651100375738,7.957595276435856,10.258990874932904,12.734836285560924,0.8722490606548577,0.8521202361782072,0.3488996242619431,12.801932367149758,2.5563607085346214,1.6706924315619969,12.949543746645196
177,24.315619967793882,12.983091787439614,7.957595276435856,10.225442834138486,12.721417069243156,0.8521202361782072,0.8319914117015567,0.3488996242619431,12.761674718196458,2.475845410628019,1.6639828234031133,12.86231884057971
178,24.402844873859365,13.023349436392914,7.930756843800322,10.21202361782072,12.580515297906603,0.95276435856146,0.8319914117015567,0.3488996242619431,12.761674718196458,2.4825550187869028,1.6639828234031133,12.808641975308642
179,24.456521739130434,12.989801395598498,7.85024154589372,10.158346752549651,12.546967257112184,0.95276435856146,0.8252818035426731,0.32877079978529256,12.761674718196458,2.7442297369833604,1.6639828234031133,12.721417069243156
180,24.63768115942029,12.949543746645196,7.816693505099302,10.144927536231885,12.52012882447665,0.95276435856146,0.8521202361782072,0.32877079978529256,12.70799785292539,2.7442297369833604,1.6371443907675791,12.70799785292539
181,24.630971551261407,12.902576489533011,7.7361782071927,10.131508319914117,12.473161567364466,1.0601180891035964,0.8454106280193237,0.32877079978529256,12.681159420289855,2.8784219001610305,1.6304347826086956,12.701288244766506
182,24.771873322597962,12.848899624261943,7.722758990874933,10.104669887278583,12.4597423510467,1.0601180891035964,0.8454106280193237,0.32877079978529256,12.694578636607622,2.8650026838432634,1.6505636070853462,12.647611379495437
183,24.731615673644658,12.848899624261943,7.769726247987117,10.077831454643048,12.5402576489533,1.0601180891035964,0.8722490606548577,0.32877079978529256,12.661030595813205,3.099838969404187,1.6035963499731616,12.406065485775631
184,24.86580783682233,12.848899624261943,7.87037037037037,10.044283413848632,12.5,1.0534084809447128,0.8722490606548577,0.32877079978529256,12.634192163177671,3.0394524959742353,1.6035963499731616,12.338969404186795
185,25.087224906065487,12.822061191626409,7.830112721417069,10.037573805689748,12.426194310252281,0.95276435856146,0.8990874932903918,0.32877079978529256,12.553676865271068,3.166935050993022,1.5901771336553945,12.305421363392378
186,25.221417069243156,12.801932367149758,7.823403113258186,10.017444981213098,12.412775093934513,0.95276435856146,0.8990874932903918,0.32877079978529256,12.5,3.1468062265163717,1.5901771336553945,12.305421363392378
187,25.44283413848631,12.795222758990874,7.803274288781535,9.957058507783145,12.338969404186795,0.95276435856146,0.8990874932903918,0.32877079978529256,12.587224906065487,3.1065485775630703,1.5365002683843263,12.25174449812131
188,25.704508856682768,12.76838432635534,7.7898550724637685,9.88996242619431,12.29200214707461,0.95276435856146,0.8990874932903918,0.32877079978529256,12.560386473429952,3.0864197530864197,1.5163714439076759,12.211486849168008
189,25.744766505636072,12.734836285560924,7.709339774557166,9.842995169082126,12.359098228663447,0.9863123993558777,0.8990874932903918,0.32877079978529256,12.620772946859903,3.1333870101986045,1.5163714439076759,12.124261943102523
190,25.764895330112722,12.681159420289855,7.689210950080516,10.601180891035963,11.876006441223833,0.9192163177670424,0.8990874932903918,0.30864197530864196,12.52012882447665,3.099838969404187,1.5230810520665594,12.117552334943639
191,25.966183574879228,12.661030595813205,7.62211486849168,10.587761674718196,11.896135265700483,0.9192163177670424,0.8990874932903918,0.30864197530864196,12.473161567364466,3.0931293612453032,1.5230810520665594,12.050456253354804
192,25.865539452495973,12.553676865271068,7.615405260332796,10.50053676865271,11.761943102522812,1.0332796564680622,0.8588298443370908,0.30864197530864196,12.5402576489533,3.0931293612453032,1.8451422436929683,12.02361782071927
193,26.006441223832528,12.493290391841116,7.648953301127214,10.50053676865271,11.768652710681696,1.0265700483091786,0.8588298443370908,0.30864197530864196,12.5,3.0931293612453032,1.8048845947396672,11.990069779924852
