,45,50,51,53,55,54,52,56,57,58
0,91.14331723027375,8.856682769726248,,,,,,,,
1,67.81400966183575,18.46484165324745,13.47289318303811,0.11406333870101985,0.13419216317767044,,,,,
2,59.0378421900161,25.577026301663984,13.446054750402576,0.06038647342995169,0.32877079978529256,1.5499194847020934,,,,
3,56.62238325281803,26.94578636607622,13.425925925925926,0.06038647342995169,0.32877079978529256,1.7042404723564144,0.9125067096081588,,,
4,56.57541599570585,27.066559312936125,13.39237788513151,0.06038647342995169,0.32877079978529256,1.6639828234031133,0.9125067096081588,,,
5,47.155126140633385,36.493558776167475,13.325281803542673,0.06038647342995169,0.41599570585077833,1.6371443907675791,0.9125067096081588,,,
6,43.84728931830381,28.28099838969404,23.389694041867955,0.020128824476650563,0.28180354267310787,2.38191089640365,1.7981749865807837,,,
7,44.00831991411702,28.193773483628558,23.315888352120236,0.020128824476650563,0.28180354267310787,2.38191089640365,1.7981749865807837,,,
8,42.68652710681696,28.073000536768653,17.60601180891036,2.214170692431562,0.35560923242082665,2.475845410628019,6.588835212023618,,,
9,4.871175523349437,66.532474503489,17.53220611916264,3.5292538915727323,0.3757380568974772,1.8384326355340848,4.260601180891036,1.0601180891035964,,
10,5.226784755770263,65.56629092860977,17.49194847020934,3.5292538915727323,1.0131508319914118,1.8384326355340848,4.072732152442297,1.0601180891035964,0.20128824476650564,
11,5.3341384863123995,65.37171229200214,16.089640365002683,3.4420289855072466,2.200751476113795,1.8384326355340848,3.388352120236178,2.3349436392914655,,
12,5.810520665593129,62.59393451422437,15.908480944712828,2.757648953301127,4.575952764358561,1.7981749865807837,4.186795491143317,2.368491680085883,,
13,6.394256575415996,62.11084272678475,15.861513687600644,2.7442297369833604,4.549114331723027,1.6505636070853462,4.186795491143317,2.408749329039184,,0.0939345142243693
14,7.474503488996243,60.970209339774556,15.552871712292003,2.6972624798711755,4.978529253891573,1.6505636070853462,4.17337627482555,2.408749329039184,,0.0939345142243693
15,7.085346215780999,54.00563607085346,15.445517981749866,10.547504025764896,4.5893719806763285,1.6505636070853462,4.17337627482555,2.408749329039184,,0.0939345142243693
16,7.924047235641439,53.415190552871714,15.277777777777779,10.466988727858293,4.609500805152979,1.6505636070853462,4.1532474503489,2.408749329039184,,0.0939345142243693
17,7.427536231884058,43.59903381642512,14.694041867954912,21.423778851315085,3.878153515834675,1.7981749865807837,4.1532474503489,2.932098765432099,,0.0939345142243693
18,7.7361782071927,43.49168008588298,14.694041867954912,21.34326355340848,3.878153515834675,1.7981749865807837,4.1532474503489,2.8113258185721954,,0.0939345142243693
19,7.407407407407407,37.39264626945786,14.734299516908212,15.26435856146001,4.804079441760601,1.7981749865807837,15.693773483628556,2.8113258185721954,,0.0939345142243693
20,7.548309178743962,29.159957058507782,14.378690284487385,12.29200214707461,3.7104133118625873,2.475845410628019,27.241009125067094,3.099838969404187,,0.0939345142243693
21,7.588566827697263,27.4020397208803,12.285292538915728,12.144390767579173,3.535963499731616,2.85829307568438,31.85721953837896,2.1269457863660763,,0.20128824476650564
22,7.118894256575416,24.06736446591519,22.302737520128826,11.124530327428879,1.5901771336553945,7.219538378958669,25.087224906065487,1.3687600644122384,,0.12077294685990338
23,7.253086419753086,21.651905528717123,21.987385936661298,11.084272678475577,1.0534084809447128,6.823671497584541,28.683574879227052,1.3419216317767042,,0.12077294685990338
24,6.723027375201288,19.773215244229736,15.063070316693505,11.07085346215781,2.8113258185721954,7.950885668276973,36.312399355877616,0.17444981213097155,,0.12077294685990338
25,6.904186795491143,18.927804616210413,24.490069779924852,9.789318303811058,1.2144390767579174,5.428073000536768,31.293612453032743,1.7042404723564144,0.1274825550187869,0.12077294685990338
26,7.246376811594203,18.927804616210413,24.235104669887278,9.769189479334408,2.690552871712292,5.522007514761138,29.58937198067633,1.7713365539452497,0.1274825550187869,0.12077294685990338
27,7.601986044015029,18.90096618357488,23.698336017176597,9.614868491680086,2.690552871712292,5.501878690284487,29.367954911433173,2.2342995169082127,0.1274825550187869,0.2616747181964573
28,7.367149758454106,15.861513687600644,23.255501878690286,18.276972624798713,2.522812667740204,3.321256038647343,26.590177133655395,2.3081052066559313,0.23483628556092323,0.2616747181964573
29,6.991411701556629,12.647611379495437,28.052871712292003,18.089103596349972,2.38191089640365,2.677133655394525,26.133923778851315,2.5295222758990876,0.23483628556092323,0.2616747181964573
30,7.051798174986581,11.003757380568974,32.71604938271605,16.867954911433173,2.3215244229736984,2.677133655394525,24.355877616747183,2.0665593129361244,0.6776704240472357,0.2616747181964573
31,7.1658615136876005,10.876274825550189,29.1935050993022,16.74718196457327,8.57487922705314,2.677133655394525,21.70558239398819,2.0665593129361244,0.7514761137949544,0.24154589371980675
32,7.581857219538379,10.815888352120236,29.09286097691895,16.6532474503489,8.487654320987655,2.6435856146001075,21.531132581857218,2.200751476113795,0.7514761137949544,0.24154589371980675
33,7.125603864734299,10.453569511540525,24.020397208803004,14.04320987654321,8.57487922705314,4.549114331723027,28.59634997316157,1.9994632313472893,0.49651100375738055,0.14090177133655393
34,7.7361782071927,10.124798711755233,22.31615673644659,12.842190016103059,8.568169618894256,5.179817498658078,30.17981749865808,2.4892646269457863,0.4227053140096618,0.14090177133655393
35,8.031400966183575,10.071121846484166,22.15512614063339,12.788513150831992,7.709339774557166,5.179817498658078,30.917874396135264,2.4892646269457863,0.5233494363929146,0.13419216317767044
36,8.749329039184111,9.648416532474503,22.074610842726784,11.77536231884058,8.420558239398819,5.179817498658078,30.44820182501342,3.046162104133119,0.5233494363929146,0.13419216317767044
37,8.984165324745035,9.54777241009125,22.020933977455716,11.741814278046162,8.420558239398819,5.179817498658078,30.407944176060116,3.0394524959742353,0.5233494363929146,0.13419216317767044
38,9.406870638754697,9.118357487922705,21.309715512614062,12.238325281803542,8.333333333333334,4.30756843800322,31.44122383252818,3.455448201825013,0.2549651100375738,0.13419216317767044
39,9.842995169082126,9.091519055287172,21.195652173913043,12.157809983896941,8.21256038647343,4.28743961352657,30.931293612453032,3.455448201825013,0.6910896403650026,0.13419216317767044
40,10.50053676865271,8.997584541062801,21.088298443370906,11.996779388083736,8.192431561996779,4.28743961352657,30.515297906602253,3.5963499731615673,0.6910896403650026,0.13419216317767044
41,10.963499731615673,8.917069243156199,21.07487922705314,11.996779388083736,8.172302737520129,4.28743961352657,30.059044551798173,3.5963499731615673,0.798443370907139,0.13419216317767044
42,11.05072463768116,8.816425120772946,16.847826086956523,13.291733762748256,7.581857219538379,3.938539989264627,34.45383789586688,3.2474503488996245,0.6508319914117016,0.12077294685990338
43,11.506977992485238,8.621846484165324,16.458668813741276,12.553676865271068,7.581857219538379,4.830917874396135,34.35319377348363,3.240740740740741,0.6508319914117016,0.20128824476650564
44,10.487117552334944,7.179280730005368,25.72463768115942,11.768652710681696,6.461352657004831,7.139023081052066,27.241009125067094,3.2004830917874396,0.5971551261406334,0.20128824476650564
45,11.16478797638218,7.085346215780999,25.637412775093935,11.668008588298443,6.3137412775093935,7.125603864734299,26.89210950080515,3.1870638754696725,0.7246376811594203,0.20128824476650564
46,11.044015029522276,5.5756843800322065,25.55018786902845,12.184648416532475,8.192431561996779,7.239667203435319,26.227858293075684,3.0730005367686526,0.7112184648416533,0.20128824476650564
47,11.137949543746645,5.5756843800322065,25.43612453032743,12.184648416532475,8.185721953837897,7.239667203435319,26.154052603327965,3.1736446591519054,0.7112184648416533,0.20128824476650564
48,11.654589371980677,5.367686527106817,25.033548040794418,12.130971551261407,8.293075684380032,7.105475040257649,25.389157273215243,4.005636070853462,0.8185721953837896,0.20128824476650564
49,10.869565217391305,3.643317230273752,20.517981749865807,24.033816425120772,5.877616747181965,7.018250134192163,22.940150295222757,3.9586688137412773,0.7783145464304885,0.36231884057971014
50,10.789049919484702,3.5628019323671496,20.189210950080515,25.32206119162641,5.850778314546431,6.984702093397746,21.591519055287172,4.569243156199678,0.7783145464304885,0.36231884057971014
51,11.506977992485238,3.5091250670960816,19.753086419753085,25.02012882447665,5.984970477724101,6.984702093397746,21.22920021470746,4.528985507246377,1.1205045625335481,0.36231884057971014
52,11.98336017176597,3.502415458937198,19.276704240472355,24.9597423510467,6.078904991948471,7.246376811594203,21.021202361782073,4.448470209339774,1.1205045625335481,0.36231884057971014
53,9.916800858829845,2.522812667740204,31.508319914117017,18.129361245303276,4.8443370907139025,7.87037037037037,20.853462157809982,3.240740740740741,0.7514761137949544,0.36231884057971014
54,10.319377348362856,2.522812667740204,30.877616747181964,18.015297906602253,4.274020397208803,7.803274288781535,21.598228663446054,3.2877079978529253,0.9393451422436929,0.36231884057971014
55,10.748792270531402,2.522812667740204,30.64278046162104,18.015297906602253,4.274020397208803,7.776435856146001,21.3768115942029,3.3548040794417604,0.9259259259259259,0.36231884057971014
56,8.80300590445518,2.4020397208803006,38.41250670960816,16.948470209339774,4.03918411164788,6.515029522275899,18.491680085882983,2.9790660225442833,1.0466988727858293,0.36231884057971014
57,9.23913043478261,2.4020397208803006,38.29844337090714,16.908212560386474,4.012345679012346,6.515029522275899,18.035426731078903,2.952227589908749,1.2748255501878691,0.36231884057971014
58,9.836285560923242,2.4020397208803006,38.00993022007515,16.57944176060118,3.992216854535695,6.515029522275899,17.773752012882447,2.999194847020934,1.2949543746645196,0.5971551261406334
59,9.916800858829845,2.4020397208803006,36.25872249060655,18.344068706387546,3.965378421900161,6.481481481481482,17.52549651100376,3.2139023081052067,1.2949543746645196,0.5971551261406334
60,10.326086956521738,2.4020397208803006,36.06414385399893,18.270263016639827,3.965378421900161,6.971282877079979,16.894793344068706,3.2139023081052067,1.2949543746645196,0.5971551261406334
61,10.809178743961352,2.3752012882447664,34.56119162640902,18.04884594739667,3.92512077294686,6.937734836285561,18.4044551798175,3.066290928609769,1.2949543746645196,0.5770263016639828
62,11.225174449812132,2.3752012882447664,34.41358024691358,17.914653784219002,3.911701556629093,6.937734836285561,18.283682232957595,3.066290928609769,1.2949543746645196,0.5770263016639828
63,11.16478797638218,2.227589908749329,40.17042404723564,17.458400429414922,3.388352120236178,6.340579710144928,15.170424047235642,2.3550724637681157,1.1473429951690821,0.5770263016639828
64,11.386205045625335,2.1604938271604937,40.103327965646805,17.941492216854535,3.388352120236178,5.2066559312936125,15.418679549114332,2.6502952227589907,1.107085346215781,0.6374127750939346
65,11.144659151905529,2.13365539452496,36.37949543746645,19.00161030595813,4.314278046162104,4.676596886741814,18.23671497584541,2.462426194310252,1.0131508319914118,0.6374127750939346
66,11.694847020933977,2.0933977455716586,36.030595813204506,18.592324208266238,4.314278046162104,4.656468062265164,18.129361245303276,2.522812667740204,1.328502415458937,0.6374127750939346
67,11.916264090177133,2.0933977455716586,35.99704777241009,18.397745571658614,4.314278046162104,4.656468062265164,17.907944176060116,2.462426194310252,1.4761137949543746,0.7783145464304885
68,11.721685453569512,2.0665593129361244,35.37976382179281,17.8743961352657,4.824208266237251,4.40150295222759,19.028448738593667,2.509393451422437,1.4694041867954912,0.7246376811594203
69,11.882716049382717,2.0665593129361244,34.93022007514761,18.572195383789587,4.5893719806763285,4.40150295222759,18.94122383252818,2.563070316693505,1.4694041867954912,0.5837359098228664
70,12.104133118625873,2.046430488459474,34.4873859366613,18.572195383789587,4.797369833601718,4.38137412775094,18.760064412238325,2.7979066022544283,1.4694041867954912,0.5837359098228664
71,12.399355877616747,1.9860440150295222,34.18545356951154,18.49838969404187,4.797369833601718,4.38137412775094,18.65271068169619,3.046162104133119,1.4694041867954912,0.5837359098228664
72,13.22463768115942,1.9524959742351047,33.82984433709071,18.33064949006978,4.797369833601718,4.367954911433173,18.38432635534085,3.066290928609769,1.4626945786366077,0.5837359098228664
73,13.479602791196994,1.892109500805153,32.910628019323674,18.115942028985508,5.22007514761138,4.30756843800322,18.00187869028449,4.025764895330113,1.4626945786366077,0.5837359098228664
74,13.486312399355878,1.892109500805153,32.32018250134192,18.055555555555557,5.904455179817498,5.119431025228127,17.2638217928073,3.9989264626945786,1.3754696725711217,0.5837359098228664
75,13.862050456253355,1.8317230273752012,32.07192699946323,17.914653784219002,6.011808910359635,5.038915727321524,17.257112184648417,4.052603327965647,1.3754696725711217,0.5837359098228664
76,14.251207729468598,1.8317230273752012,31.64922168545357,17.881105743424584,6.119162640901771,4.9651100375738055,17.04911433172303,4.300858829844337,1.3687600644122384,0.5837359098228664
77,14.251207729468598,1.8317230273752012,31.313741277509394,17.70665593129361,7.300053676865271,4.931561996779388,16.438539989264626,4.274020397208803,1.3687600644122384,0.5837359098228664
78,12.513419216317766,1.8317230273752012,22.82608695652174,18.746645195920557,5.636070853462158,3.8043478260869565,29.408212560386474,3.2877079978529253,1.3687600644122384,0.5770263016639828
79,12.815351583467525,1.8250134192163177,22.544283413848632,19.659151905528716,5.636070853462158,3.797638217928073,28.361513687600645,3.44873859366613,1.3352120236178207,0.5770263016639828
80,13.258185721953838,1.7176596886741815,22.463768115942027,19.32367149758454,5.636070853462158,3.7640901771336552,28.27428878153516,3.4420289855072466,1.4492753623188406,0.6709608158883521
81,13.808373590982287,1.7176596886741815,21.651905528717123,19.236446591519055,6.125872249060655,3.7640901771336552,27.992485238862052,3.4420289855072466,1.5901771336553945,0.6709608158883521
82,14.083467525496511,1.6103059581320451,21.578099838969404,19.0552871712292,6.099033816425121,3.730542136339238,26.94578636607622,4.736983360171766,1.4895330112721417,0.6709608158883521
83,14.546430488459475,1.5901771336553945,21.26274825550188,18.9345142243693,6.226516371443908,3.656736446591519,26.77133655394525,4.851046698872786,1.583467525496511,0.5770263016639828
84,14.922168545356952,1.5901771336553945,21.014492753623188,18.853998926462694,6.226516371443908,3.656736446591519,26.84514224369297,4.730273752012883,1.583467525496511,0.5770263016639828
85,15.24422973698336,1.5901771336553945,25.885668276972623,18.706387546967257,6.213097155126141,3.656736446591519,21.692163177670423,4.85775630703167,1.5767579173376274,0.5770263016639828
86,15.009393451422437,1.5633387010198605,23.926462694578635,21.537842190016104,6.213097155126141,3.8311862587224907,21.101717659688674,4.609500805152979,1.7042404723564144,0.5032206119162641
87,15.136876006441224,1.5633387010198605,23.47691894793344,22.208803005904453,6.166129898013956,3.824476650563607,21.095008051529792,4.656468062265164,1.415727321524423,0.4562533548040794
88,15.640096618357488,1.5096618357487923,23.97342995169082,21.141975308641975,5.656199677938808,3.824476650563607,22.19538378958669,4.26731078904992,1.3352120236178207,0.4562533548040794
89,15.311325818572195,1.5096618357487923,31.48148148148148,21.041331186258724,5.548845947396672,3.784219001610306,16.170155662909288,3.361513687600644,1.3352120236178207,0.4562533548040794
90,15.713902308105206,1.482823403113258,30.233494363929147,20.947396672034355,4.931561996779388,3.7573805689747717,17.894524959742352,3.3279656468062266,1.2681159420289856,0.4428341384863124
91,15.432098765432098,1.4761137949543746,29.334406870638755,19.981213097155127,4.602791196994096,4.38137412775094,19.89398819108964,3.260869565217391,1.2681159420289856,0.36902844873859364
92,16.0426731078905,1.4761137949543746,29.005636070853463,19.699409554482017,4.602791196994096,4.314278046162104,19.867149758454108,3.3548040794417604,1.2681159420289856,0.36902844873859364
93,16.049382716049383,1.4559849704777241,28.743961352657006,19.0955448201825,4.602791196994096,4.3478260869565215,21.22249060654858,2.737520128824477,1.3754696725711217,0.36902844873859364
94,16.297638217928075,1.4559849704777241,27.529522275899087,17.827428878153516,4.609500805152979,6.655931293612453,20.967525496511005,2.636876006441224,1.6505636070853462,0.36902844873859364
95,16.35131508319914,1.4559849704777241,26.69753086419753,19.92753623188406,4.5960815888352125,5.508588298443371,20.873590982286636,2.5697799248523885,1.6505636070853462,0.36902844873859364
96,17.257112184648417,1.4559849704777241,26.42914653784219,19.712828770799785,4.374664519592056,5.428073000536768,20.531400966183575,2.428878153515835,2.0128824476650564,0.36902844873859364
97,17.67981749865808,1.4559849704777241,26.25469672571122,19.45115405260333,4.408212560386473,5.481749865807837,20.477724100912507,2.428878153515835,2.0128824476650564,0.3488996242619431
98,18.06226516371444,1.4559849704777241,26.10708534621578,19.33709071390231,4.38137412775094,5.448201825013419,20.417337627482556,2.428878153515835,2.0128824476650564,0.3488996242619431
99,17.485238862050455,1.2077294685990339,21.390230810520666,20.041599570585078,5.4616210413311865,5.381105743424584,24.355877616747183,2.3617820719269993,1.9659151905528718,0.3488996242619431
100,16.492216854535695,1.2077294685990339,26.56333870101986,20.544820182501343,5.213365539452496,5.810520665593129,20.034889962426195,2.301395598497048,1.5499194847020934,0.28180354267310787
101,16.566022544283413,1.2077294685990339,25.261674718196456,21.960547504025765,5.146269457863661,5.750134192163178,19.900697799248523,2.4355877616747184,1.5499194847020934,0.2214170692431562
102,17.223564143854,1.2077294685990339,25.127482555018787,21.712292002147073,5.119431025228127,5.723295759527644,19.753086419753085,2.3886205045625335,1.5230810520665594,0.2214170692431562
103,16.71363392377885,1.2010198604401503,30.689747718733226,20.679012345679013,4.8443370907139025,5.6964573268921095,15.995705850778315,2.4020397208803006,1.556629092860977,0.2214170692431562
104,17.01556629092861,1.1607622114868492,30.629361245303276,20.625335480407944,4.804079441760601,5.683038110574342,15.901771336553946,2.4020397208803006,1.556629092860977,0.2214170692431562
105,16.961889425657542,1.107085346215781,25.87224906065486,20.417337627482556,4.804079441760601,5.60252281266774,20.9272678475577,2.5295222758990876,1.556629092860977,0.2214170692431562
106,16.720343531937736,1.0131508319914118,25.617283950617285,22.228931830381107,4.4820182501341925,5.381105743424584,20.263016639828233,2.7509393451422435,1.3217928073000538,0.2214170692431562
107,17.102791196994094,1.0131508319914118,24.208266237251745,22.007514761137948,4.455179817498658,6.763285024154589,20.1959205582394,2.7241009125067097,1.3083735909822867,0.2214170692431562
108,17.726784755770264,0.9930220075147611,23.960010735373054,22.21551261406334,4.146537842190016,6.877348362855609,19.685990338164252,2.8247450348899625,1.3486312399355878,0.2214170692431562
109,17.236983360171767,0.9796027911969941,27.999194847020934,20.169082125603865,4.294149221685454,5.186527106816962,19.6256038647343,2.9790660225442833,1.3083735909822867,0.2214170692431562
110,17.424852388620504,0.9796027911969941,27.911969940955448,20.055018786902846,4.367954911433173,5.186527106816962,19.504830917874397,2.932098765432099,1.415727321524423,0.2214170692431562
111,17.72007514761138,0.9393451422436929,27.314814814814813,19.940955448201827,4.28743961352657,5.515297906602254,19.712828770799785,2.999194847020934,1.3486312399355878,0.2214170692431562
112,17.69994632313473,0.9393451422436929,27.18733225979603,20.169082125603865,4.213633923778851,5.515297906602254,19.558507783145465,3.1468062265163717,1.3486312399355878,0.2214170692431562
113,17.92807300053677,0.9393451422436929,26.939076757917338,20.088566827697264,4.213633923778851,5.381105743424584,19.558507783145465,3.4151905528717124,1.3486312399355878,0.1878690284487386
114,18.411164787976382,0.8923778851315083,26.637144390767578,20.108695652173914,4.200214707461084,5.381105743424584,19.43773483628556,3.515834675254965,1.2278582930756843,0.1878690284487386
115,15.351583467525497,10.68840579710145,29.482018250134193,17.934782608695652,3.717122920021471,4.106280193236715,14.566559312936125,3.0864197530864197,0.8789586688137413,0.1878690284487386
116,15.807836822329575,10.567632850241546,29.24718196457327,18.035426731078903,3.743961352657005,4.0995705850778315,14.358561460010735,3.0864197530864197,0.8655394524959742,0.1878690284487386
117,13.050187869028449,9.104938271604938,39.52630166398282,16.304347826086957,3.5292538915727323,5.038915727321524,9.628287707997853,2.804616210413312,0.8252818035426731,0.1878690284487386
118,13.466183574879228,9.044551798174986,39.22436929683307,16.19699409554482,3.5292538915727323,5.038915727321524,9.554482018250134,2.8650026838432634,0.8923778851315083,0.1878690284487386
119,13.747987117552334,8.957326892109501,39.18411164787977,16.06280193236715,3.4151905528717124,5.152979066022544,9.554482018250134,2.844873859366613,0.8923778851315083,0.1878690284487386
120,13.882179280730005,8.957326892109501,38.909017713365536,15.787707997852925,3.4151905528717124,5.837359098228664,9.460547504025765,2.844873859366613,0.7179280730005367,0.1878690284487386
121,14.331723027375201,8.749329039184111,38.63392377885131,15.666935050993022,3.6634460547504024,5.776972624798712,9.453837895866881,2.844873859366613,0.6910896403650026,0.1878690284487386
122,14.741009125067096,8.729200214707461,38.39237788513151,15.552871712292003,3.717122920021471,5.743424584004294,9.359903381642512,2.932098765432099,0.6910896403650026,0.14090177133655393
123,14.915458937198068,8.695652173913043,37.473161567364464,14.694041867954912,4.542404723564144,5.6964573268921095,10.071121846484166,3.0864197530864197,0.6843800322061192,0.14090177133655393
124,15.291196994095545,8.695652173913043,37.27187332259796,14.586688137412775,4.4753086419753085,5.6964573268921095,10.071121846484166,3.0864197530864197,0.6843800322061192,0.14090177133655393
125,15.177133655394526,8.57487922705314,38.137412775093935,14.445786366076222,4.253891572732153,6.6827697262479875,9.078099838969404,2.8515834675254963,0.6709608158883521,0.1274825550187869
126,14.13714439076758,4.508856682769726,46.59822866344606,12.446323134728932,3.603059581320451,6.515029522275899,8.816425120772946,2.589908749329039,0.6575415995705851,0.1274825550187869
127,14.244498121309716,4.488727858293076,45.48443370907139,12.419484702093397,3.7037037037037037,7.192699946323135,9.131776704240472,2.5496511003757383,0.6575415995705851,0.1274825550187869
128,14.868491680085883,4.367954911433173,44.96108427267848,12.379227053140097,3.824476650563607,7.266505636070853,8.997584541062801,2.5496511003757383,0.6575415995705851,0.1274825550187869
129,14.754428341384862,4.334406870638754,43.63929146537842,12.345679012345679,4.180085882984434,7.105475040257649,9.400161030595813,3.455448201825013,0.6575415995705851,0.1274825550187869
130,14.868491680085883,4.334406870638754,42.901234567901234,12.285292538915728,4.300858829844337,7.0450885668276975,10.393183038110575,3.0864197530864197,0.6575415995705851,0.1274825550187869
131,12.869028448738593,10.158346752549651,42.07595276435856,11.023886205045626,4.28743961352657,6.085614600107354,9.648416532474503,3.1870638754696725,0.5636070853462157,0.10064412238325282
132,13.217928073000536,10.044283413848632,41.30434782608695,10.869565217391305,4.019055287171229,6.166129898013956,10.426731078904991,3.2877079978529253,0.5636070853462157,0.10064412238325282
133,13.285024154589372,10.044283413848632,41.277509393451425,10.7085346215781,4.019055287171229,6.3070316693505095,10.413311862587225,3.280998389694042,0.5636070853462157,0.10064412238325282
134,13.47289318303811,10.017444981213098,40.5931293612453,10.641438539989265,4.200214707461084,6.910896403650026,10.25228126677402,3.2474503488996245,0.5636070853462157,0.10064412238325282
135,13.24476650563607,10.044283413848632,38.87546967257112,12.298711755233494,3.603059581320451,6.830381105743425,11.252012882447666,3.2474503488996245,0.5636070853462157,0.040257648953301126
136,13.714439076757918,10.010735373054214,38.439345142243695,12.298711755233494,3.7909286097691894,6.8035426731078905,11.124530327428879,3.2139023081052067,0.5636070853462157,0.040257648953301126
137,14.371980676328503,9.896672034353195,37.956253354804076,12.27187332259796,3.7640901771336552,6.8035426731078905,10.990338164251208,3.3413848631239937,0.5636070853462157,0.040257648953301126
138,14.727589908749328,9.883252818035427,37.70799785292539,12.238325281803542,3.670155662909286,6.8035426731078905,10.929951690821255,3.435319377348363,0.5636070853462157,0.040257648953301126
139,14.579978529253891,9.883252818035427,35.98362855609233,12.097423510466989,4.602791196994096,5.837359098228664,12.86231884057971,3.549382716049383,0.5636070853462157,0.040257648953301126
140,14.761137949543746,9.883252818035427,35.83601717659689,12.090713902308105,4.602791196994096,5.810520665593129,12.86231884057971,3.549382716049383,0.5636070853462157,0.040257648953301126
141,15.143585614600108,9.883252818035427,35.64143853998927,12.057165861513688,4.602791196994096,5.750134192163178,12.76838432635534,3.549382716049383,0.5636070853462157,0.040257648953301126
142,15.915190552871712,9.86983360171766,34.024422973698336,11.949812130971551,5.931293612453032,5.71658615136876,12.614063338701019,3.374932903918411,0.5636070853462157,0.040257648953301126
143,16.25738056897477,9.749060654857756,33.722490606548575,11.949812130971551,6.011808910359635,5.810520665593129,12.52012882447665,3.374932903918411,0.5636070853462157,0.040257648953301126
144,16.0829307568438,9.749060654857756,33.111916264090176,11.855877616747183,6.119162640901771,7.192699946323135,11.936392914653783,3.3480944712828773,0.5636070853462157,0.040257648953301126
145,16.955179817498657,9.655126140633387,32.88378958668814,11.83574879227053,6.052066559312936,7.125603864734299,11.641170155662909,3.2474503488996245,0.5636070853462157,0.040257648953301126
146,17.458400429414922,9.520933977455716,32.25979602791197,11.714975845410628,6.125872249060655,7.118894256575416,11.600912506709609,3.5426731078904994,0.6172839506172839,0.040257648953301126
147,17.934782608695652,9.520933977455716,31.904186795491142,11.694847020933977,6.119162640901771,7.232957595276436,11.426462694578637,3.5091250670960816,0.6172839506172839,0.040257648953301126
148,18.06226516371444,9.520933977455716,31.810252281266774,11.674718196457327,6.119162640901771,7.232957595276436,11.345947396672035,3.5762211486849167,0.6172839506172839,0.040257648953301126
149,17.404723564143854,9.380032206119163,31.246645195920557,11.07085346215781,6.119162640901771,5.8239398819108965,14.969135802469136,3.488996242619431,0.46967257112184646,0.026838432635534086
150,17.51207729468599,9.380032206119163,31.166129898013956,10.990338164251208,6.233225979602791,5.803811057434245,14.928878153515834,3.488996242619431,0.46967257112184646,0.026838432635534086
151,16.961889425657542,7.575147611379496,29.944981213097154,15.297906602254429,6.219806763285024,5.891035963499732,14.707461084272678,2.9052603327965647,0.46967257112184646,0.026838432635534086
152,17.08937198067633,7.555018786902845,29.736983360171767,15.203972088030058,6.427804616210413,5.971551261406334,14.533011272141707,2.985775630703167,0.46967257112184646,0.026838432635534086
153,17.28395061728395,7.326892109500805,29.64975845410628,15.203972088030058,6.394256575415996,5.01207729468599,15.68035426731079,2.952227589908749,0.46967257112184646,0.026838432635534086
154,18.149490069779926,7.266505636070853,29.20692431561997,14.76784755770263,6.394256575415996,5.005367686527107,15.599838969404187,3.113258185721954,0.46967257112184646,0.026838432635534086
155,18.438003220611915,7.206119162640902,29.0727321524423,14.814814814814815,6.400966183574879,5.005367686527107,15.425389157273216,3.140096618357488,0.46967257112184646,0.026838432635534086
156,18.71309715512614,7.185990338164252,28.65673644659152,14.53972088030059,6.347289318303811,4.274020397208803,16.552603327965645,3.2340311325818574,0.46967257112184646,0.026838432635534086
157,18.813741277509394,7.185990338164252,28.455448201825014,15.271068169618895,6.152710681696189,3.9989264626945786,16.478797638217927,3.1468062265163717,0.46967257112184646,0.026838432635534086
158,19.04186795491143,7.105475040257649,28.368223295759528,15.22410091250671,6.239935587761675,3.9989264626945786,16.378153515834676,3.1468062265163717,0.46967257112184646,0.026838432635534086
159,19.33709071390231,7.092055823939882,28.26086956521739,15.049651100375739,6.286902844873859,4.0995705850778315,16.23054213633924,3.1468062265163717,0.46967257112184646,0.026838432635534086
160,19.51825013419216,7.065217391304348,27.89855072463768,15.687063875469672,6.286902844873859,3.9452495974235107,15.935319377348362,3.166935050993022,0.46967257112184646,0.026838432635534086
161,19.75979602791197,7.0383789586688135,27.294685990338163,15.673644659151906,6.964573268921095,3.7372517444981215,15.848094471282877,3.1870638754696725,0.46967257112184646,0.026838432635534086
162,19.135802469135804,6.9310252281266775,25.650831991411703,15.438808373590982,6.400966183574879,3.535963499731616,19.538378958668815,2.9723564143853998,0.36902844873859364,0.026838432635534086
163,19.51825013419216,6.870638754696726,25.36231884057971,15.438808373590982,6.400966183574879,3.4420289855072466,19.524959742351047,3.046162104133119,0.36902844873859364,0.026838432635534086
164,20.095276435856146,6.823671497584541,25.120772946859905,15.26435856146001,6.528448738593666,3.4420289855072466,19.209608158883523,3.046162104133119,0.4428341384863124,0.026838432635534086
165,20.209339774557165,6.823671497584541,25.05367686527107,15.217391304347826,6.662640901771336,3.421900161030596,19.189479334406872,2.952227589908749,0.4428341384863124,0.026838432635534086
166,20.511272141706925,6.723027375201288,25.013419216317768,15.069779924852389,6.662640901771336,3.421900161030596,18.92109500805153,2.945517981749866,0.7045088566827697,0.026838432635534086
167,20.7662372517445,6.629092860976919,24.953032742887814,15.042941492216855,6.702898550724638,3.4286097691894795,18.853998926462694,2.8918411164787976,0.7045088566827697,0.026838432635534086
168,20.840042941492218,6.575415995705851,24.745034889962426,14.452495974235104,6.6827697262479875,3.207192699946323,19.90740740740741,2.85829307568438,0.7045088566827697,0.026838432635534086
169,21.40365002683843,6.575415995705851,24.510198604401502,14.432367149758454,6.608964036500268,3.207192699946323,19.732957595276435,2.7979066022544283,0.7045088566827697,0.026838432635534086
170,21.71900161030596,6.575415995705851,24.349168008588297,14.392109500805153,6.608964036500268,3.1736446591519054,19.524959742351047,2.9253891572732154,0.7045088566827697,0.026838432635534086
171,22.061191626409016,6.273483628556092,24.134460547504027,14.325013419216317,6.810252281266774,3.1736446591519054,19.39747718733226,3.0059044551798175,0.7917337627482555,0.026838432635534086
172,21.973966720343533,6.273483628556092,23.329307568438004,14.210950080515298,8.064949006977992,3.140096618357488,19.269994632313473,2.918679549114332,0.7917337627482555,0.026838432635534086
173,22.430220075147613,6.246645195920558,22.852925389157274,14.210950080515298,7.991143317230274,3.260869565217391,19.0150295222759,3.1736446591519054,0.7917337627482555,0.026838432635534086
174,22.624798711755233,6.246645195920558,22.75228126677402,14.083467525496511,8.132045088566828,3.260869565217391,18.9345142243693,3.1736446591519054,0.7648953301127214,0.026838432635534086
175,21.464036500268385,6.132581857219538,27.657004830917874,13.459473966720344,7.300053676865271,3.240740740740741,17.028985507246375,3.052871712292002,0.6374127750939346,0.026838432635534086
176,21.947128287707997,5.911164787976382,27.469135802469136,13.425925925925926,7.4006977992485234,3.2139023081052067,16.941760601180892,3.026033279656468,0.6374127750939346,0.026838432635534086
177,22.16183574879227,5.870907139023081,27.22758990874933,13.519860440150294,7.37385936661299,3.1602254428341383,16.881374127750938,3.026033279656468,0.7514761137949544,0.026838432635534086
178,21.578099838969404,5.870907139023081,30.475040257648953,11.580783682232958,7.273215244229737,3.113258185721954,16.304347826086957,3.026033279656468,0.7514761137949544,0.026838432635534086
179,22.094739667203434,5.810520665593129,29.998658078368223,11.473429951690822,7.387278582930757,3.0864197530864197,16.170155662909288,3.1333870101986045,0.8185721953837896,0.026838432635534086
180,22.61808910359635,5.810520665593129,29.508856682769725,11.379495437466453,7.763016639828234,3.046162104133119,15.901771336553946,3.1333870101986045,0.8118625872249061,0.026838432635534086
181,22.899892646269457,5.810520665593129,29.25389157273215,11.238593666129898,7.763016639828234,3.046162104133119,15.901771336553946,3.2474503488996245,0.8118625872249061,0.026838432635534086
182,22.208803005904453,5.750134192163178,27.100107353730543,10.970209339774557,7.333601717659689,3.166935050993022,19.384057971014492,3.2877079978529253,0.7716049382716049,0.026838432635534086
183,22.77241009125067,5.750134192163178,26.77133655394525,10.84272678475577,7.4141170155662905,3.166935050993022,19.209608158883523,3.2742887815351582,0.7716049382716049,0.026838432635534086
184,23.027375201288244,5.662909286097692,26.710950080515296,10.84272678475577,7.37385936661299,3.280998389694042,19.04186795491143,3.2742887815351582,0.7581857219538379,0.026838432635534086
185,23.2487922705314,5.636070853462158,26.630434782608695,10.775630703166936,7.246376811594203,3.2742887815351582,18.99490069779925,3.408480944712829,0.7581857219538379,0.026838432635534086
186,19.350509930220074,5.522007514761138,39.89533011272142,8.507783145464305,5.917874396135265,3.3145464304884595,15.28448738593666,1.6237251744498122,0.5837359098228664,
187,17.485238862050455,3.2541599570585076,46.65190552871712,8.997584541062801,5.649490069779925,3.012614063338701,12.781803542673108,1.6975308641975309,0.46967257112184646,
188,17.67981749865808,3.2541599570585076,45.90713902308105,8.903650026838433,6.119162640901771,3.1065485775630703,12.667740203972087,1.892109500805153,0.46967257112184646,
189,18.17632850241546,3.1199677938808374,45.44417606011809,8.84326355340848,6.072195383789587,3.099838969404187,12.614063338701019,2.1604938271604937,0.46967257112184646,
190,18.49838969404187,3.1199677938808374,45.02147074610843,8.749329039184111,6.0587761674718195,3.099838969404187,12.600644122383253,2.38191089640365,0.46967257112184646,
191,18.88083735909823,3.1065485775630703,44.45115405260333,8.896940418679549,5.991680085882985,3.046162104133119,12.439613526570048,2.6301663982823404,0.5568974771873323,
192,19.243156199677937,3.099838969404187,44.196188942565755,8.487654320987655,5.83064949006978,3.589640365002684,12.245034889962426,2.7777777777777777,0.5300590445517982,
193,19.236446591519055,3.0864197530864197,44.71953837895867,8.527911969940956,6.213097155126141,3.4420289855072466,11.56736446591519,2.703972088030059,0.5032206119162641,
194,19.350509930220074,3.079710144927536,44.524959742351044,8.568169618894256,6.172839506172839,3.4420289855072466,11.52710681696189,2.831454643048846,0.5032206119162641,
195,19.672571121846484,3.0193236714975846,44.316961889425656,8.568169618894256,6.159420289855072,3.388352120236178,11.540526033279656,2.831454643048846,0.5032206119162641,
196,19.672571121846484,3.0193236714975846,43.69296833064949,8.467525496511003,6.085614600107354,3.4822866344605474,11.668008588298443,3.408480944712829,0.5032206119162641,
197,20.108695652173914,3.012614063338701,43.17632850241546,8.373590982286634,6.052066559312936,3.4621578099838968,11.56736446591519,3.7775093934514223,0.46967257112184646,
198,20.618625872249062,3.012614063338701,42.84755770263017,8.340042941492216,6.038647342995169,3.4621578099838968,11.54723564143854,3.6634460547504024,0.46967257112184646,
199,20.73268921095008,3.012614063338701,42.09608158883521,8.232689210950081,5.978260869565218,3.4621578099838968,11.943102522812667,3.9452495974235107,0.46296296296296297,0.13419216317767044
200,20.86688137412775,3.012614063338701,41.7740203972088,8.57487922705314,5.964841653247451,3.3950617283950617,11.869296833064949,3.9452495974235107,0.46296296296296297,0.13419216317767044
201,21.175523349436393,3.012614063338701,39.660493827160494,8.400429414922169,7.601986044015029,3.388352120236178,11.842458400429415,4.320987654320987,0.46296296296296297,0.13419216317767044
202,21.470746108427267,2.9388083735909825,39.54643048845947,8.225979602791197,7.541599570585078,3.388352120236178,11.842458400429415,4.455179817498658,0.4562533548040794,0.13419216317767044
203,21.786097691894792,2.804616210413312,39.17740203972088,8.125335480407944,7.749597423510467,3.388352120236178,11.735104669887278,4.643048845947397,0.4562533548040794,0.13419216317767044
204,19.538378958668815,2.3081052066559313,44.96108427267848,7.702630166398282,6.387546967257112,2.9388083735909825,11.379495437466453,4.200214707461084,0.4495437466451959,0.13419216317767044
205,19.786634460547504,2.3081052066559313,43.68625872249061,8.890230810520666,6.427804616210413,2.918679549114332,11.379495437466453,4.019055287171229,0.4495437466451959,0.13419216317767044
206,20.075147611379496,2.2946859903381642,43.545356951154055,8.890230810520666,6.367418142780462,2.918679549114332,11.379495437466453,3.9452495974235107,0.4495437466451959,0.13419216317767044
207,20.323403113258184,2.2946859903381642,42.69994632313473,8.890230810520666,6.998121309715513,2.918679549114332,11.3593666129898,3.9452495974235107,0.4495437466451959,0.12077294685990338
208,16.304347826086957,16.465378421900162,36.67471819645733,5.857487922705314,6.796833064949007,2.5697799248523885,11.641170155662909,3.2206119162640903,0.3488996242619431,0.12077294685990338
209,16.646537842190018,15.92860976918948,36.05743424584004,5.83064949006978,7.776435856146001,2.5697799248523885,11.52710681696189,3.2004830917874396,0.3421900161030596,0.12077294685990338
210,16.680085882984432,14.40552871712292,35.30595813204509,5.790391841116479,8.722490606548577,2.7509393451422435,12.694578636607622,3.1870638754696725,0.3421900161030596,0.12077294685990338
211,17.24369296833065,14.284755770263017,34.66183574879227,5.750134192163178,8.709071390230811,2.7509393451422435,12.546967257112184,3.589640365002684,0.3421900161030596,0.12077294685990338
212,17.58588298443371,14.244498121309716,34.46725711218465,5.709876543209877,8.68894256575416,2.7308105206655933,12.392646269457863,3.730542136339238,0.32877079978529256,0.12077294685990338
213,17.793880837359097,14.150563607085346,34.35319377348363,5.669618894256575,8.756038647342995,2.7308105206655933,12.379227053140097,3.717122920021471,0.32877079978529256,0.12077294685990338
214,18.203166935050994,14.04320987654321,31.884057971014492,7.776435856146001,8.695652173913043,2.771068169618894,12.332259796027913,3.844605475040258,0.32877079978529256,0.12077294685990338
215,18.726516371443907,13.955984970477724,31.548577563070317,7.776435856146001,8.514492753623188,2.771068169618894,12.285292538915728,3.9720880300590444,0.32877079978529256,0.12077294685990338
