,45,50,51,53,54,55,52,56,58,57
0,99.8792270531401,0.12077294685990338,,,,,,,,
1,97.59125067096082,2.408749329039184,,,,,,,,
2,95.83333333333333,4.166666666666667,,,,,,,,
3,93.5252281266774,6.474771873322598,,,,,,,,
4,93.01529790660226,6.984702093397746,,,,,,,,
5,86.3593666129898,13.6406333870102,,,,,,,,
6,85.13150831991412,14.63365539452496,0.12077294685990338,0.11406333870101985,,,,,,
7,85.10466988727859,14.660493827160494,0.12077294685990338,0.11406333870101985,,,,,,
8,84.48067632850241,15.291196994095545,0.12077294685990338,0.10735373054213634,,,,,,
9,84.54106280193237,15.002683843263553,0.12077294685990338,0.33548040794417605,,,,,,
10,80.71658615136876,18.61916264090177,0.2549651100375738,0.2683843263553409,0.14090177133655393,,,,,
11,73.53059581320451,25.87895866881374,0.18115942028985507,0.2683843263553409,0.14090177133655393,,,,,
12,69.4645732689211,29.87788513150832,0.18115942028985507,0.2683843263553409,0.14090177133655393,0.06709608158883522,,,,
13,53.11996779388084,46.504294149221685,0.13419216317767044,0.0939345142243693,0.08051529790660225,0.06709608158883522,,,,
14,53.455448201825014,46.02791196994095,0.27509393451422437,0.0939345142243693,0.08051529790660225,0.06709608158883522,,,,
15,52.77777777777778,46.57139023081052,0.27509393451422437,0.0939345142243693,0.08051529790660225,0.20128824476650564,,,,
16,52.9723564143854,46.3768115942029,0.27509393451422437,0.0939345142243693,0.08051529790660225,0.20128824476650564,,,,
17,52.81132581857219,46.47074610842727,0.27509393451422437,0.0939345142243693,0.08051529790660225,0.2683843263553409,,,,
18,51.60359634997316,47.678475577026305,0.27509393451422437,0.0939345142243693,0.08051529790660225,0.2683843263553409,,,,
19,51.871980676328505,47.12157809983897,0.27509393451422437,0.2281266774020397,0.23483628556092323,0.2683843263553409,,,,
20,52.29468599033817,46.69887278582931,0.27509393451422437,0.2281266774020397,0.23483628556092323,0.2683843263553409,,,,
21,52.563070316693505,46.11513687600644,0.27509393451422437,0.5568974771873323,0.2214170692431562,0.2683843263553409,,,,
22,52.43558776167472,46.242619431025226,0.27509393451422437,0.5568974771873323,0.2214170692431562,0.2683843263553409,,,,
23,51.570048309178745,47.1081588835212,0.27509393451422437,0.5568974771873323,0.2214170692431562,0.2683843263553409,,,,
24,51.570048309178745,46.94041867954911,0.27509393451422437,0.5501878690284487,0.2214170692431562,0.4428341384863124,,,,
25,50.32877079978529,48.19511540526033,0.27509393451422437,0.5367686527106817,0.2214170692431562,0.4428341384863124,,,,
26,50.6508319914117,47.745571658615134,0.27509393451422437,0.5367686527106817,0.2214170692431562,0.5703166935050993,,,,
27,41.79414922168545,56.01851851851852,0.27509393451422437,1.5767579173376274,0.14090177133655393,0.19457863660762212,,,,
28,41.337895866881375,56.34057971014493,0.2147074610842727,1.5499194847020934,0.2885131508319914,0.2683843263553409,,,,
29,41.41170155662909,52.75764895330113,0.2147074610842727,1.9927536231884058,3.3548040794417604,0.2683843263553409,,,,
30,38.37224906065486,56.21309715512614,0.2147074610842727,1.7579173376274826,3.2004830917874396,0.24154589371980675,,,,
31,37.9495437466452,47.356414385399894,0.2147074610842727,1.778046162104133,3.0059044551798175,0.24154589371980675,9.453837895866881,,,
32,38.45276435856146,46.18894256575416,0.2147074610842727,1.7579173376274826,2.952227589908749,0.24154589371980675,8.568169618894256,1.6237251744498122,,
33,39.07675791733763,43.17632850241546,0.2147074610842727,1.6908212560386473,2.932098765432099,0.2952227589908749,10.990338164251208,1.6237251744498122,,
34,39.13714439076758,42.901234567901234,0.2147074610842727,1.8786902844873858,3.0193236714975846,0.4227053140096618,10.856146001073537,1.570048309178744,,
35,39.52630166398282,42.31749865807837,0.2147074610842727,1.9457863660762211,2.9723564143853998,0.6910896403650026,10.802469135802468,1.5297906602254427,,
36,39.89533011272142,42.210144927536234,0.2147074610842727,1.9122383252818036,2.9589371980676327,0.6910896403650026,10.61460010735373,1.5029522275899088,,
37,38.868760064412236,39.392109500805155,4.690016103059581,1.9122383252818036,2.9589371980676327,0.6843800322061192,9.997316156736447,1.4962426194310252,,
38,38.88217928073001,37.65432098765432,4.690016103059581,1.90552871712292,4.87788513150832,0.5367686527106817,9.957058507783145,1.4962426194310252,,
39,38.58695652173913,37.0101986044015,5.924584004294149,1.3419216317767042,4.85775630703167,0.8655394524959742,9.916800858829845,1.4962426194310252,,
40,38.85534084809447,36.83574879227053,5.884326355340848,1.3419216317767042,4.8443370907139025,0.8655394524959742,9.883252818035427,1.4895330112721417,,
41,39.26462694578637,36.60762211486849,5.810520665593129,1.3419216317767042,4.770531400966184,0.8454106280193237,9.86983360171766,1.4895330112721417,,
42,39.68733225979603,36.29898013955985,5.810520665593129,1.3419216317767042,4.770531400966184,1.0198604401502953,9.594739667203436,1.4761137949543746,,
43,40.15029522275899,36.171497584541065,5.662909286097692,1.4358561460010735,4.555823939881911,1.1473429951690821,9.406870638754697,1.3754696725711217,0.0939345142243693,
44,35.889694041867955,41.156736446591516,5.0858829844337095,1.4358561460010735,4.3545356951154055,1.1674718196457328,8.997584541062801,1.3754696725711217,0.0939345142243693,0.4428341384863124
45,32.72275899087493,33.87010198604401,16.210413311862588,1.4358561460010735,2.4825550187869028,2.6301663982823404,8.84326355340848,1.3352120236178207,0.05367686527106817,0.41599570585077833
46,33.13875469672571,33.621846484165324,16.150026838432634,1.4224369296833066,2.4490069779924855,2.6301663982823404,8.80300590445518,1.3352120236178207,0.05367686527106817,0.39586688137412773
47,33.641975308641975,33.467525496511,16.015834675254965,1.415727321524423,2.328234031132582,2.623456790123457,8.729200214707461,1.3352120236178207,0.05367686527106817,0.38915727321524424
48,34.13848631239936,33.19914117015566,15.868223295759528,1.415727321524423,2.24771873322598,2.623456790123457,8.729200214707461,1.3352120236178207,0.05367686527106817,0.38915727321524424
49,34.66854535695116,32.930756843800324,15.734031132581856,1.415727321524423,2.24771873322598,2.5831991411701556,8.57487922705314,1.3352120236178207,0.05367686527106817,0.4562533548040794
50,35.11137949543747,32.60198604401503,15.526033279656469,1.4090177133655395,2.536231884057971,2.5295222758990876,8.474235104669887,1.3352120236178207,0.05367686527106817,0.4227053140096618
51,34.21229200214707,31.03864734299517,16.438539989264626,1.4090177133655395,2.5295222758990876,4.2203435319377345,8.36688137412775,1.3083735909822867,0.05367686527106817,0.4227053140096618
52,34.41358024691358,31.031937734836287,16.25738056897477,1.4090177133655395,2.4490069779924855,4.294149221685454,8.272946859903382,1.4224369296833066,0.026838432635534086,0.4227053140096618
53,34.40016103059581,30.95813204508857,16.19699409554482,1.3352120236178207,2.5429414922168547,4.4753086419753085,8.219269994632313,1.4224369296833066,0.026838432635534086,0.4227053140096618
54,34.93022007514761,30.743424584004295,15.975577026301664,1.3217928073000538,2.5429414922168547,4.42163177670424,8.044820182501342,1.3955984970477724,0.026838432635534086,0.5971551261406334
55,35.19189479334407,30.750134192163177,15.861513687600644,1.2815351583467525,2.5295222758990876,4.414922168545357,7.950885668276973,1.3955984970477724,0.026838432635534086,0.5971551261406334
56,35.581052066559316,30.495169082125603,15.83467525496511,1.2681159420289856,2.4892646269457863,4.4820182501341925,7.75630703166935,1.3754696725711217,0.026838432635534086,0.6910896403650026
57,34.70880300590446,29.790660225442835,17.23027375201288,1.556629092860977,2.4892646269457863,4.38137412775094,7.749597423510467,1.3754696725711217,0.026838432635534086,0.6910896403650026
58,34.84299516908212,29.622920021470748,15.74074074074074,1.556629092860977,2.4892646269457863,5.917874396135265,7.7361782071927,1.3754696725711217,0.026838432635534086,0.6910896403650026
59,35.35292538915727,29.374664519592056,15.499194847020934,1.5432098765432098,2.462426194310252,5.864197530864198,7.809983896940419,1.3754696725711217,0.026838432635534086,0.6910896403650026
60,35.75550187869028,29.21363392377885,15.01610305958132,1.5365002683843263,2.4020397208803006,5.320719269994632,8.722490606548577,1.3150831991411702,0.026838432635534086,0.6910896403650026
61,36.01717659688674,28.871443907675793,15.116747181964573,1.5163714439076759,2.4020397208803006,5.307300053676865,8.648684916800859,1.3150831991411702,0.026838432635534086,0.7783145464304885
62,34.534353193773484,26.617015566290927,14.640365002683843,1.4962426194310252,2.9924852388620504,3.1199677938808374,15.787707997852925,0.2147074610842727,0.026838432635534086,0.5703166935050993
63,34.76918947933441,26.48953301127214,14.553140096618357,1.4962426194310252,2.9924852388620504,3.1199677938808374,15.633387010198604,0.2147074610842727,0.026838432635534086,0.7045088566827697
64,35.03086419753087,26.362050456253353,14.492753623188406,1.596886741814278,2.9924852388620504,3.1199677938808374,15.458937198067632,0.2147074610842727,0.026838432635534086,0.7045088566827697
65,35.32608695652174,26.321792807300053,14.392109500805153,1.5901771336553945,2.9589371980676327,3.1736446591519054,15.237520128824476,0.2147074610842727,0.026838432635534086,0.7581857219538379
66,32.86366076221149,23.960010735373054,19.51154052603328,1.4090177133655395,2.918679549114332,3.1065485775630703,15.11003757380569,0.33548040794417605,0.026838432635534086,0.7581857219538379
67,33.05823939881911,23.79898013955985,19.685990338164252,1.4090177133655395,2.898550724637681,3.0595813204508855,14.969135802469136,0.33548040794417605,0.026838432635534086,0.7581857219538379
68,33.52120236178207,23.64465915190553,19.538378958668815,1.3888888888888888,2.831454643048846,3.0595813204508855,14.801395598497047,0.33548040794417605,0.026838432635534086,0.8521202361782072
69,33.72920021470746,23.66478797638218,19.49141170155663,1.3888888888888888,2.804616210413312,3.026033279656468,14.61352657004831,0.4025764895330113,0.026838432635534086,0.8521202361782072
70,34.13177670424047,23.49704777241009,19.343800322061192,1.3754696725711217,2.871712292002147,3.012614063338701,14.486044015029522,0.4025764895330113,0.026838432635534086,0.8521202361782072
71,34.514224369296834,23.376274825550187,19.256575415995705,1.3754696725711217,2.871712292002147,2.985775630703167,14.36527106816962,0.3757380568974772,0.026838432635534086,0.8521202361782072
72,34.735641438539986,23.289049919484704,19.00161030595813,1.4761137949543746,2.8381642512077296,3.0864197530864197,14.338432635534085,0.35560923242082665,0.026838432635534086,0.8521202361782072
73,33.55475040257649,26.77133655394525,16.820987654320987,1.402308105206656,2.8381642512077296,3.227321524422974,13.989533011272142,0.5233494363929146,0.026838432635534086,0.8454106280193237
74,33.621846484165324,26.704240472356414,16.686795491143318,1.7176596886741815,2.804616210413312,3.2206119162640903,13.895598497047773,0.5233494363929146,0.026838432635534086,0.798443370907139
75,33.82984433709071,26.590177133655395,16.59286097691895,1.7176596886741815,2.7509393451422435,3.2206119162640903,13.848631239935587,0.6239935587761675,0.026838432635534086,0.798443370907139
76,34.14519592055824,26.402308105206657,16.545893719806763,1.7176596886741815,2.7509393451422435,3.2004830917874396,13.788244766505636,0.6239935587761675,0.026838432635534086,0.798443370907139
77,34.574610842726784,26.100375738056897,16.505636070853463,1.710950080515298,2.7308105206655933,3.180354267310789,13.747987117552334,0.6239935587761675,0.026838432635534086,0.798443370907139
78,34.93022007514761,25.91921631776704,16.371443907675793,1.6841116478797638,2.7308105206655933,3.3279656468062266,13.58695652173913,0.6239935587761675,0.026838432635534086,0.798443370907139
79,31.870638754696724,34.77589908749329,12.889157273215245,1.6572732152442298,2.717391304347826,2.1806226516371443,12.674449812130971,0.5166398282340311,0.013419216317767043,0.7045088566827697
80,32.23295759527644,34.44041867954911,12.801932367149758,1.6438539989264627,2.7106816961889426,2.2946859903381642,12.661030595813205,0.49651100375738055,0.013419216317767043,0.7045088566827697
81,32.62211486849168,34.17203435319377,12.72812667740204,1.6438539989264627,2.7106816961889426,2.281266774020397,12.580515297906603,0.5434782608695652,0.013419216317767043,0.7045088566827697
82,33.13875469672571,33.97745571658615,12.667740203972087,1.6304347826086956,2.6838432635534084,2.281266774020397,12.379227053140097,0.5233494363929146,0.013419216317767043,0.7045088566827697
83,33.2662372517445,33.82984433709071,12.567096081588835,1.6304347826086956,2.7308105206655933,2.281266774020397,12.466451959205582,0.5233494363929146,0.013419216317767043,0.6910896403650026
84,32.68250134192163,34.648416532474506,12.245034889962426,1.6304347826086956,2.9253891572732154,2.2342995169082127,12.406065485775631,0.5233494363929146,0.013419216317767043,0.6910896403650026
85,31.5552871712292,35.849436392914654,12.27187332259796,1.6304347826086956,2.9119699409554483,2.227589908749329,12.325550187869029,0.5233494363929146,0.013419216317767043,0.6910896403650026
86,31.166129898013956,35.017444981213096,13.633923778851315,1.6304347826086956,2.898550724637681,2.227589908749329,12.198067632850242,0.5233494363929146,0.013419216317767043,0.6910896403650026
87,31.38083735909823,34.78260869565217,13.580246913580247,1.6103059581320451,2.898550724637681,2.368491680085883,12.030327428878154,0.644122383252818,0.013419216317767043,0.6910896403650026
88,26.684111647879764,17.216854535695116,12.016908212560386,1.2748255501878691,1.3888888888888888,1.9390767579173376,38.238056897477186,0.5501878690284487,,0.6910896403650026
89,27.140365002683843,17.12962962962963,11.963231347289318,1.2546967257112185,1.3687600644122384,2.0799785292538915,37.88915727321525,0.4830917874396135,,0.6910896403650026
90,27.549651100375737,16.928341384863124,11.876006441223833,1.2546967257112185,1.3620504562533549,2.1739130434782608,37.64090177133655,0.4830917874396135,,0.7313472893183038
91,27.932098765432098,16.505636070853463,11.855877616747183,1.2546967257112185,1.3553408480944713,2.61003757380569,37.01690821256039,0.7380568974771873,,0.7313472893183038
92,25.87224906065486,15.331454643048845,17.156468062265162,1.1741814278046163,1.3352120236178207,2.5697799248523885,34.96376811594203,0.7380568974771873,,0.8588298443370908
93,26.34863123993559,15.22410091250671,17.022275899087493,1.1741814278046163,1.3352120236178207,2.5697799248523885,34.74906065485776,0.7246376811594203,,0.8521202361782072
94,26.482823403113258,12.815351583467525,16.921631776704242,1.1540526033279657,1.3352120236178207,2.4557165861513686,37.25845410628019,0.7246376811594203,,0.8521202361782072
95,26.979334406870638,12.761674718196458,16.820987654320987,1.1808910359634996,1.328502415458937,2.428878153515835,36.93639291465379,0.7179280730005367,,0.8454106280193237
96,22.108158883521202,21.021202361782073,16.404991948470208,0.7716049382716049,1.1473429951690821,2.428878153515835,34.628287707997856,0.5837359098228664,,0.9057971014492754
97,22.470477724100913,20.994363929146537,16.27079978529254,0.7716049382716049,1.1272141706924315,2.428878153515835,33.93719806763285,0.5837359098228664,,1.415727321524423
98,22.819377348362856,20.853462157809982,16.183574879227052,0.7447665056360708,1.1272141706924315,2.408749329039184,33.903650026838434,0.5770263016639828,,1.3821792807300053
99,23.22866344605475,20.625335480407944,16.09634997316157,0.7313472893183038,1.1272141706924315,2.522812667740204,33.73590982286635,0.5770263016639828,,1.3553408480944713
100,23.711755233494365,20.437466451959207,16.049382716049383,0.7246376811594203,1.1272141706924315,2.522812667740204,33.49436392914654,0.5770263016639828,,1.3553408480944713
101,24.154589371980677,20.26972624798712,15.98899624261943,0.7246376811594203,1.1272141706924315,2.5161030595813205,33.28636607622115,0.5770263016639828,,1.3553408480944713
102,24.86580783682233,20.1959205582394,15.754159957058508,0.7246376811594203,1.1205045625335481,2.4892646269457863,32.91733762748255,0.5770263016639828,,1.3553408480944713
103,25.194578636607623,19.96779388083736,15.713902308105206,2.0665593129361244,1.2345679012345678,2.4892646269457863,31.50161030595813,0.5770263016639828,,1.2546967257112185
104,25.617283950617285,19.87385936661299,15.60654857756307,2.0665593129361244,1.221148684916801,2.462426194310252,31.179549114331724,0.5770263016639828,,1.3955984970477724
105,26.006441223832528,19.679280730005367,15.076489533011273,2.0531400966183573,1.5365002683843263,2.462426194310252,30.96484165324745,0.7045088566827697,,1.5163714439076759
106,26.496242619431026,19.538378958668815,14.969135802469136,2.120236178207193,1.5365002683843263,2.4557165861513686,30.66290928609769,0.7045088566827697,,1.5163714439076759
107,26.99946323134729,19.37734836285561,14.922168545356952,2.120236178207193,1.5230810520665594,2.4355877616747184,30.293880837359097,0.7045088566827697,,1.6237251744498122
108,27.274557165861513,19.243156199677937,14.868491680085883,2.120236178207193,1.5230810520665594,2.4355877616747184,29.938271604938272,0.9728931830381106,,1.6237251744498122
109,26.99946323134729,18.391035963499732,14.42565754159957,3.965378421900161,1.710950080515298,2.24771873322598,29.62962962962963,0.9259259259259259,,1.7042404723564144
110,25.335480407944175,25.40257648953301,10.265700483091788,3.515834675254965,1.3553408480944713,2.328234031132582,29.354535695115406,0.7783145464304885,,1.6639828234031133
111,24.93961352657005,22.779119699409556,10.265700483091788,5.615942028985507,1.3553408480944713,2.1806226516371443,30.454911433172303,0.7716049382716049,,1.6371443907675791
112,25.221417069243156,22.5577026301664,10.265700483091788,5.609232420826624,1.3553408480944713,2.167203435319377,30.253623188405797,0.9326355340848095,,1.6371443907675791
113,25.543478260869566,22.477187332259795,10.218733225979603,5.555555555555555,1.3553408480944713,2.167203435319377,30.12614063338701,0.9192163177670424,,1.6371443907675791
114,25.89908749329039,22.20209339774557,10.218733225979603,5.535426731078905,1.3486312399355878,2.3483628556092326,29.898013955984972,0.9125067096081588,,1.6371443907675791
115,24.86580783682233,21.578099838969404,18.438003220611915,5.381105743424584,1.3352120236178207,2.328234031132582,24.12775093934514,0.7380568974771873,,1.2077294685990339
116,23.886205045625335,21.497584541062803,17.901234567901234,5.24020397208803,0.785024154589372,2.918679549114332,26.174181427804616,0.6105743424584005,,0.9863123993558777
117,24.114331723027377,21.410359634997317,17.693236714975846,5.24020397208803,0.785024154589372,3.0193236714975846,25.717928073000536,1.0399892646269457,,0.9796027911969941
118,19.880568974771872,26.82501341921632,17.12962962962963,5.072463768115942,0.6239935587761675,2.932098765432099,25.55689747718733,0.9997316156736447,,0.9796027911969941
119,20.263016639828233,26.724369296833064,17.223564143854,5.045625335480408,0.36231884057971014,2.9052603327965647,25.254965110037574,1.2681159420289856,,0.95276435856146
120,20.90713902308105,26.570048309178745,17.102791196994094,5.045625335480408,0.36231884057971014,2.9052603327965647,24.89935587761675,1.2681159420289856,,0.9393451422436929
121,21.215780998389693,26.462694578636608,16.97530864197531,5.226784755770263,0.322061191626409,2.898550724637681,24.724906065485776,1.2345679012345678,,0.9393451422436929
122,21.826355340848096,26.288244766505635,16.901502952227588,5.10601180891036,0.322061191626409,2.885131508319914,24.516908212560388,1.2278582930756843,,0.9259259259259259
123,22.38996242619431,26.060118089103597,16.78743961352657,5.10601180891036,0.322061191626409,2.85829307568438,24.322329575952764,1.2278582930756843,,0.9259259259259259
124,22.758990874932906,25.885668276972623,16.686795491143318,5.10601180891036,0.322061191626409,2.9388083735909825,24.08078368223296,1.3016639828234031,,0.9192163177670424
125,22.779119699409556,22.34970477724101,20.46430488459474,4.985238862050457,0.2952227589908749,2.918679549114332,23.845947396672035,1.442565754159957,,0.9192163177670424
126,23.221953837895867,22.262479871175522,20.135534084809446,4.951690821256038,0.41599570585077833,2.7844873859366612,23.752012882447666,1.556629092860977,,0.9192163177670424
127,23.577563070316693,21.91358024691358,20.075147611379496,4.87788513150832,0.5501878690284487,2.9052603327965647,23.62453032742888,1.556629092860977,,0.9192163177670424
128,23.879495437466453,21.826355340848096,19.98792270531401,4.817498658078368,0.5501878690284487,2.9052603327965647,23.557434245840042,1.556629092860977,,0.9192163177670424
129,24.329039184111647,21.638486312399355,19.83360171765969,4.804079441760601,0.5434782608695652,3.2474503488996245,23.141438539989263,1.5432098765432098,,0.9192163177670424
130,23.141438539989263,21.470746108427267,26.7512077294686,4.636339237788513,0.5233494363929146,3.0864197530864197,18.089103596349972,1.4962426194310252,,0.8051529790660226
131,23.60440150295223,21.316425120772948,26.603596349973163,4.569243156199678,0.5099302200751477,3.046162104133119,18.04884594739667,1.4962426194310252,,0.8051529790660226
132,23.886205045625335,21.14868491680086,26.442565754159958,4.555823939881911,0.5099302200751477,3.33467525496511,17.860976918947934,1.4962426194310252,,0.7648953301127214
133,24.396135265700483,20.913848631239937,26.288244766505635,4.528985507246377,0.5032206119162641,3.307836822329576,17.800590445517983,1.4962426194310252,,0.7648953301127214
134,24.785292538915726,20.725979602791195,26.01315083199141,4.522275899087493,0.630703166935051,3.307836822329576,17.753623188405797,1.4962426194310252,,0.7648953301127214
135,24.966451959205582,20.71256038647343,25.925925925925927,4.502147074610843,0.630703166935051,3.3011272141706924,17.659688674181428,1.5365002683843263,,0.7648953301127214
136,25.315351583467525,20.585077831454644,25.83870101986044,4.502147074610843,0.630703166935051,3.3011272141706924,17.55233494363929,1.5297906602254427,,0.7447665056360708
137,25.704508856682768,20.43075684380032,25.704508856682768,4.4753086419753085,0.630703166935051,3.3548040794417604,17.485238862050455,1.5096618357487923,,0.7045088566827697
138,25.87895866881374,20.25630703166935,25.462962962962962,4.4753086419753085,0.7514761137949544,3.3413848631239937,17.619431025228128,1.5096618357487923,,0.7045088566827697
139,26.27482555018787,20.169082125603865,25.295222758990874,4.38137412775094,0.7514761137949544,3.455448201825013,17.458400429414922,1.5096618357487923,,0.7045088566827697
140,26.684111647879764,20.02818035426731,25.107353730542137,4.3545356951154055,0.7514761137949544,3.44873859366613,17.424852388620504,1.4962426194310252,,0.7045088566827697
141,26.898819108964037,19.826892109500804,24.805421363392377,4.334406870638754,0.7514761137949544,3.7104133118625873,17.411433172302736,1.556629092860977,,0.7045088566827697
142,23.34272678475577,18.54535695115405,35.829307568438004,2.6435856146001075,0.7514761137949544,2.85829307568438,14.190821256038648,1.0802469135802468,,0.7581857219538379
143,24.00697799248524,18.4447128287708,35.279119699409556,2.6435856146001075,0.7514761137949544,2.898550724637681,14.009661835748792,1.2077294685990339,,0.7581857219538379
144,24.805421363392377,18.297101449275363,34.78931830381106,2.4825550187869028,0.7514761137949544,2.9723564143853998,13.942565754159958,1.2010198604401503,,0.7581857219538379
145,25.140901771336555,17.767042404723565,34.48067632850242,2.4825550187869028,0.7514761137949544,3.5091250670960816,13.90901771336554,1.2010198604401503,,0.7581857219538379
146,25.563607085346217,17.67981749865808,34.12506709608159,2.38191089640365,0.7514761137949544,3.5091250670960816,13.841921631776705,1.2949543746645196,,0.8521202361782072
147,25.91921631776704,17.55233494363929,33.85668276972625,2.368491680085883,0.7917337627482555,3.455448201825013,13.774825550187868,1.42914653784219,,0.8521202361782072
148,26.455984970477726,17.37788513150832,33.61513687600644,2.368491680085883,0.7917337627482555,3.435319377348363,13.6808910359635,1.4224369296833066,,0.8521202361782072
149,26.85185185185185,17.3040794417606,33.380300590445515,2.3483628556092326,0.7783145464304885,3.4286097691894795,13.633923778851315,1.4224369296833066,,0.8521202361782072
150,27.241009125067094,16.955179817498657,33.00456253354804,2.2611379495437465,0.7783145464304885,3.8311862587224907,13.593666129898015,1.4090177133655395,,0.9259259259259259
151,27.522812667740205,16.75389157273215,32.749597423510465,2.2410091250670963,0.7783145464304885,4.086151368760064,13.533279656468062,1.4090177133655395,,0.9259259259259259
152,27.925389157273216,16.63311862587225,32.52147074610843,2.214170692431562,0.7648953301127214,4.126409017713366,13.493022007514762,1.4090177133655395,,0.9125067096081588
153,28.032742887815353,16.109769189479334,32.367149758454104,2.4221685453569513,1.2681159420289856,4.079441760601181,13.425925925925926,1.3821792807300053,,0.9125067096081588
154,25.275093934514224,16.035963499731615,27.603327965646805,1.583467525496511,1.2546967257112185,3.7372517444981215,22.785829307568438,0.8252818035426731,,0.8990874932903918
155,25.650831991411703,15.921900161030596,27.415458937198068,1.583467525496511,1.2546967257112185,3.7775093934514223,22.67176596886742,0.8252818035426731,,0.8990874932903918
156,25.99302200751476,15.841384863123993,27.26113794954375,1.5767579173376274,1.247987117552335,3.7640901771336552,22.5979602791197,0.8185721953837896,,0.8990874932903918
157,26.281535158346752,15.687063875469672,27.026301663982824,1.5767579173376274,1.221148684916801,3.864734299516908,22.497316156736446,0.9460547504025765,,0.8990874932903918
158,26.549919484702095,15.626677402039721,26.757917337627482,1.6841116478797638,1.221148684916801,3.8915727321524423,22.423510466988727,0.9460547504025765,,0.8990874932903918
159,26.858561460010737,15.573000536768653,26.516371443907676,1.6841116478797638,1.3888888888888888,3.824476650563607,22.262479871175522,0.9930220075147611,,0.8990874932903918
160,27.15378421900161,15.539452495974235,26.39559849704777,1.6706924315619969,1.3821792807300053,3.911701556629093,22.074610842726784,0.9930220075147611,,0.8789586688137413
161,27.26784755770263,15.418679549114332,26.187600644122384,1.6371443907675791,1.7042404723564144,3.9049919484702094,22.007514761137948,0.9930220075147611,,0.8789586688137413
162,27.24771873322598,15.378421900161031,25.986312399355878,1.6371443907675791,1.7042404723564144,4.213633923778851,21.920289855072465,1.0332796564680622,,0.8789586688137413
163,27.449006977992486,15.197262479871176,26.02657004830918,1.6304347826086956,1.7042404723564144,4.253891572732153,21.833064949006978,1.0265700483091786,,0.8789586688137413
164,27.63016639828234,15.170424047235642,25.785024154589372,1.6304347826086956,1.9793344068706387,4.247181964573269,21.651905528717123,1.0265700483091786,,0.8789586688137413
165,27.999194847020934,15.049651100375739,25.55018786902845,1.6304347826086956,1.9793344068706387,4.327697262479871,21.557971014492754,1.0265700483091786,,0.8789586688137413
166,28.193773483628558,14.962426194310252,25.301932367149757,1.6304347826086956,1.9659151905528718,4.428341384863124,21.517713365539453,1.1205045625335481,,0.8789586688137413
167,26.576757917337627,14.36527106816962,28.073000536768653,1.42914653784219,1.6774020397208802,4.468599033816425,21.28287707997853,1.247987117552335,,0.8789586688137413
168,27.113526570048307,14.184111647879764,27.717391304347824,1.4090177133655395,1.6774020397208802,4.502147074610843,21.175523349436393,1.3486312399355878,,0.8722490606548577
169,27.616747181964573,14.11701556629093,27.51610305958132,1.4090177133655395,1.6706924315619969,4.502147074610843,20.947396672034355,1.3486312399355878,,0.8722490606548577
170,27.945517981749866,13.996242619431026,27.462426194310254,1.4090177133655395,1.6639828234031133,4.502147074610843,20.8064949006978,1.3486312399355878,,0.8655394524959742
171,28.22061191626409,13.955984970477724,27.241009125067094,1.4090177133655395,1.6639828234031133,4.468599033816425,20.82662372517445,1.3486312399355878,,0.8655394524959742
172,28.421900161030596,13.841921631776705,27.046430488459475,1.3754696725711217,1.6505636070853462,4.663177670424047,20.679012345679013,1.402308105206656,,0.9192163177670424
173,28.71712292002147,13.821792807300053,26.744498121309714,1.4895330112721417,1.6103059581320451,4.616210413311863,20.50456253354804,1.5767579173376274,,0.9192163177670424
174,29.106280193236714,13.821792807300053,26.422436929683307,1.4895330112721417,1.6103059581320451,4.609500805152979,20.44417606011809,1.5767579173376274,,0.9192163177670424
175,29.220343531937736,13.747987117552334,24.664519592055825,1.4895330112721417,1.583467525496511,4.53569511540526,22.134997316156735,1.7042404723564144,,0.9192163177670424
176,29.51556629092861,13.734567901234568,24.550456253354803,1.4895330112721417,1.583467525496511,4.502147074610843,22.000805152979066,1.7042404723564144,,0.9192163177670424
177,29.938271604938272,13.627214170692431,24.329039184111647,1.4626945786366077,1.570048309178744,4.4753086419753085,21.987385936661298,1.6908212560386473,,0.9192163177670424
178,29.864465915190554,13.580246913580247,22.987117552334944,1.4626945786366077,3.166935050993022,4.582662372517445,21.752549651100377,1.5499194847020934,,1.0534084809447128
179,30.193236714975846,13.459473966720344,22.879763821792807,1.4626945786366077,3.166935050993022,4.555823939881911,21.43719806763285,1.7914653784219001,,1.0534084809447128
180,30.656199677938808,13.419216317767042,22.69189479334407,1.556629092860977,3.1333870101986045,4.49543746645196,21.289586688137412,1.7042404723564144,,1.0534084809447128
181,30.763553408480945,13.39237788513151,22.604669887278583,1.6170155662909287,3.1333870101986045,4.49543746645196,21.155394524959743,1.7847557702630166,,1.0534084809447128
182,30.911164787976382,13.285024154589372,21.658615136876005,2.737520128824477,3.1065485775630703,4.42163177670424,21.068169618894256,1.7579173376274826,,1.0534084809447128
183,31.219806763285025,13.157541599570585,21.557971014492754,2.737520128824477,3.1065485775630703,4.528985507246377,20.913848631239937,1.7579173376274826,,1.0198604401502953
184,31.54186795491143,13.050187869028449,21.215780998389693,3.0327428878153517,3.099838969404187,4.502147074610843,20.779656468062264,1.7579173376274826,,1.0198604401502953
185,28.59634997316157,11.238593666129898,17.96833064949007,2.9253891572732154,2.9052603327965647,4.106280193236715,30.06575415995706,1.2144390767579174,,0.9796027911969941
186,28.951959205582394,11.231884057971014,17.881105743424584,3.046162104133119,2.871712292002147,4.032474503488996,29.797369833601717,1.2077294685990339,,0.9796027911969941
187,29.441760601180892,11.191626409017713,17.814009661835748,3.046162104133119,2.85829307568438,4.012345679012346,29.522275899087493,1.1741814278046163,,0.9393451422436929
188,29.71014492753623,11.097691894793345,17.612721417069242,3.0394524959742353,3.140096618357488,4.240472356414386,29.066022544283413,1.1741814278046163,,0.9192163177670424
189,30.119431025228128,11.017176596886742,17.538915727321523,3.0193236714975846,3.140096618357488,4.2270531400966185,28.85131508319914,1.1674718196457328,,0.9192163177670424
190,30.360976918947934,10.990338164251208,17.404723564143854,3.0193236714975846,3.9452495974235107,4.2270531400966185,27.84487385936661,1.288244766505636,,0.9192163177670424
191,30.770263016639827,10.95679012345679,17.324208266237253,2.9723564143853998,3.9452495974235107,4.2270531400966185,27.623456790123456,1.2815351583467525,,0.8990874932903918
192,31.085614600107355,10.88298443370907,17.21014492753623,2.9723564143853998,3.9184111647879765,4.30756843800322,27.4422973698336,1.2815351583467525,,0.8990874932903918
193,31.4345142243693,10.809178743961352,17.082662372517444,2.932098765432099,3.965378421900161,4.240472356414386,27.26113794954375,1.3821792807300053,,0.8923778851315083
194,31.622383252818036,10.802469135802468,17.05582393988191,2.932098765432099,3.9586688137412773,4.240472356414386,27.113526570048307,1.3821792807300053,,0.8923778851315083
195,31.904186795491142,10.775630703166936,17.028985507246375,2.804616210413312,3.9452495974235107,4.240472356414386,27.046430488459475,1.3620504562533549,,0.8923778851315083
196,32.306763285024154,10.748792270531402,16.894793344068706,2.7979066022544283,3.92512077294686,4.206924315619967,26.86527106816962,1.3620504562533549,,0.8923778851315083
197,32.53488996242619,10.701825013419215,16.820987654320987,2.8381642512077296,3.8915727321524423,4.206924315619967,26.7512077294686,1.3620504562533549,,0.8923778851315083
198,32.78314546430489,10.487117552334944,16.760601180891037,2.818035426731079,3.864734299516908,4.320987654320987,26.710950080515296,1.3620504562533549,,0.8923778851315083
199,33.06494900697799,10.487117552334944,16.72705314009662,2.7106816961889426,3.851315083199141,4.3545356951154055,26.549919484702095,1.3620504562533549,,0.8923778851315083
200,33.24610842726785,10.487117552334944,16.6935050993022,2.6972624798711755,3.851315083199141,4.42163177670424,26.321792807300053,1.3888888888888888,,0.8923778851315083
201,33.61513687600644,10.466988727858293,16.57944176060118,2.6838432635534084,3.844605475040258,4.40150295222759,26.127214170692433,1.3888888888888888,,0.8923778851315083
202,33.621846484165324,10.420021470746109,16.57944176060118,2.6838432635534084,3.9519592055823938,4.367954911433173,26.006441223832528,1.4761137949543746,,0.8923778851315083
203,33.72920021470746,10.406602254428341,16.485507246376812,2.6637144390767578,4.045893719806763,4.367954911433173,25.691089640365004,1.4492753623188406,,1.1607622114868492
204,34.05126140633387,10.399892646269459,16.438539989264626,2.6167471819645733,4.025764895330113,4.367954911433173,25.503220611916262,1.4358561460010735,,1.1607622114868492
205,34.52093397745572,10.299248523886206,16.31105743424584,2.5831991411701556,3.9720880300590444,4.455179817498658,25.15432098765432,1.4358561460010735,,1.2681159420289856
206,34.54777241009125,10.285829307568438,16.465378421900162,2.522812667740204,3.9720880300590444,4.408212560386473,24.973161567364468,1.556629092860977,,1.2681159420289856
207,34.99060654857756,10.084541062801932,16.344605475040257,2.5026838432635534,3.9720880300590444,4.488727858293076,24.792002147074612,1.556629092860977,,1.2681159420289856
208,35.18518518518518,10.071121846484166,16.25738056897477,2.4691358024691357,3.9720880300590444,4.468599033816425,24.476650563607084,1.8451422436929683,,1.2546967257112185
209,35.68840579710145,10.071121846484166,16.0829307568438,2.4691358024691357,3.9519592055823938,4.42163177670424,24.228395061728396,1.8317230273752012,,1.2546967257112185
210,35.90311325818572,10.057702630166398,16.002415458937197,2.4557165861513686,3.992216854535695,4.42163177670424,24.12104133118626,1.7914653784219001,,1.2546967257112185
211,36.11782071926999,10.02415458937198,15.868223295759528,2.442297369833602,3.938539989264627,4.555823939881911,24.033816425120772,1.7713365539452497,,1.247987117552335
212,36.24530327428878,10.02415458937198,15.814546430488459,2.442297369833602,4.253891572732153,4.448470209339774,23.812399355877616,1.7713365539452497,,1.1876006441223832
213,36.35265700483092,9.91009125067096,15.747450348899624,2.428878153515835,4.394793344068707,4.441760601180891,23.772141706924316,1.7646269457863661,,1.1876006441223832
214,36.580783682232955,9.896672034353195,15.713902308105206,2.4154589371980677,4.374664519592056,4.428341384863124,23.658078368223297,1.7444981213097155,,1.1876006441223832
215,36.78878153515835,9.883252818035427,15.68035426731079,2.4154589371980677,4.367954911433173,4.408212560386473,23.57085346215781,1.710950080515298,,1.1741814278046163
216,37.144390767579175,9.675254965110037,15.579710144927537,2.4020397208803006,4.320987654320987,4.562533548040794,23.450080515297905,1.6908212560386473,,1.1741814278046163
217,37.39935587761675,9.621578099838969,15.573000536768653,2.4020397208803006,4.300858829844337,4.4820182501341925,23.396403650026837,1.6505636070853462,,1.1741814278046163
218,37.734836285560924,9.621578099838969,15.546162104133119,2.4020397208803006,4.253891572732153,4.414922168545357,23.2487922705314,1.6035963499731616,,1.1741814278046163
219,37.875738056897475,9.614868491680086,15.49248523886205,2.4020397208803006,4.253891572732153,4.414922168545357,23.1682769726248,1.6035963499731616,,1.1741814278046163
220,38.17096081588835,9.54777241009125,15.351583467525497,2.3550724637681157,4.253891572732153,4.38137412775094,23.1682769726248,1.596886741814278,,1.1741814278046163
221,37.815351583467525,8.735909822866345,15.22410091250671,2.6637144390767578,5.837359098228664,4.280730005367687,22.67176596886742,1.596886741814278,,1.1741814278046163
222,38.177670424047236,8.648684916800859,15.123456790123457,2.757648953301127,5.803811057434245,4.260601180891036,22.457058507783145,1.596886741814278,,1.1741814278046163
223,38.53327965646806,8.541331186258722,15.049651100375739,2.757648953301127,5.770263016639828,4.2270531400966185,22.34970477724101,1.596886741814278,,1.1741814278046163
224,38.781535158346756,8.454106280193237,14.99597423510467,2.7442297369833604,5.803811057434245,4.166666666666667,22.282608695652176,1.596886741814278,,1.1741814278046163
225,38.58695652173913,8.427267847557703,14.801395598497047,3.9049919484702094,5.850778314546431,4.119699409554482,21.69887278582931,1.4626945786366077,,1.1473429951690821
226,38.727858293075684,8.427267847557703,14.754428341384862,3.9049919484702094,5.844068706387547,4.119699409554482,21.618357487922705,1.4559849704777241,,1.1473429951690821
227,39.02308105206656,8.407139023081053,14.640365002683843,3.878153515834675,5.8239398819108965,4.106280193236715,21.517713365539453,1.4559849704777241,,1.1473429951690821
228,39.27804616210413,8.360171765968868,14.586688137412775,3.8714439076757916,5.8172302737520125,4.086151368760064,21.430488459473967,1.4559849704777241,,1.1137949543746646
229,39.351851851851855,8.3064949006978,14.55984970477724,4.045893719806763,5.622651637144391,4.079441760601181,21.477455716586153,1.442565754159957,,1.1137949543746646
230,39.55314009661836,8.299785292538916,14.55984970477724,4.045893719806763,5.555555555555555,4.05931293612453,21.43719806763285,1.3955984970477724,,1.093666129898014
231,39.741009125067094,8.239398819108963,14.526301663982823,3.9989264626945786,5.555555555555555,4.045893719806763,21.40365002683843,1.3955984970477724,,1.093666129898014
232,39.82823403113258,8.179012345679013,14.452495974235104,3.9989264626945786,5.555555555555555,4.166666666666667,21.215780998389693,1.5096618357487923,,1.093666129898014
233,39.861782071927,8.13875469672571,14.445786366076222,3.992216854535695,5.803811057434245,4.126409017713366,21.027911969940956,1.5096618357487923,,1.093666129898014
234,40.25093934514224,8.09849704777241,14.304884594739667,3.9855072463768115,5.776972624798712,4.119699409554482,20.860171765968868,1.5096618357487923,,1.093666129898014
235,40.21068169618894,7.9039184111647875,14.298174986580785,3.9855072463768115,5.776972624798712,4.455179817498658,20.779656468062264,1.5029522275899088,,1.0869565217391304
236,40.351583467525494,7.9039184111647875,14.170692431561998,3.965378421900161,5.924584004294149,4.51556629092861,20.618625872249062,1.5029522275899088,,1.0466988727858293
237,40.60654857756307,7.9039184111647875,14.150563607085346,3.911701556629093,5.924584004294149,4.51556629092861,20.471014492753625,1.4694041867954912,,1.0466988727858293
238,41.02254428341385,7.87037037037037,14.090177133655395,3.8714439076757916,5.911164787976382,4.508856682769726,20.26972624798712,1.4358561460010735,,1.0198604401502953
239,41.2037037037037,7.87037037037037,14.06333870101986,3.7909286097691894,5.897745571658615,4.508856682769726,20.222758990874933,1.42914653784219,,1.0131508319914118
240,41.30434782608695,7.87037037037037,13.976113794954374,3.8378958668813743,5.837359098228664,4.5893719806763285,20.182501341921633,1.3888888888888888,,1.0131508319914118
