,45,50,53,55,51,52,56,54,58,59,57,61,60,46,47
0,99.31561996779388,0.6843800322061192,,,,,,,,,,,,,
1,99.25523349436394,0.7447665056360708,,,,,,,,,,,,,
2,90.07648953301127,9.923510466988727,,,,,,,,,,,,,
3,83.25952764358561,16.740472356414386,,,,,,,,,,,,,
4,77.20746108427268,22.79253891572732,,,,,,,,,,,,,
5,70.67901234567901,29.28743961352657,0.03354804079441761,,,,,,,,,,,,
6,69.67257112184649,30.293880837359097,0.03354804079441761,,,,,,,,,,,,
7,55.89103596349973,42.99516908212561,0.13419216317767044,0.9796027911969941,,,,,,,,,,,
8,49.4296833064949,36.47342995169082,0.12077294685990338,0.5032206119162641,13.47289318303811,,,,,,,,,,
9,45.853462157809986,39.92887815351583,0.12077294685990338,0.6239935587761675,13.47289318303811,,,,,,,,,,
10,31.427804616210413,54.09286097691895,0.12077294685990338,1.1540526033279657,13.20450885668277,,,,,,,,,,
11,30.132850241545892,49.79200214707461,0.12077294685990338,1.2077294685990339,16.505636070853463,2.200751476113795,0.040257648953301126,,,,,,,,
12,20.833333333333332,60.87627482555019,0.12077294685990338,1.2077294685990339,14.465915190552872,2.200751476113795,0.040257648953301126,0.2549651100375738,,,,,,,
13,20.88030059044552,59.50080515297907,0.12077294685990338,1.2949543746645196,14.465915190552872,2.200751476113795,0.040257648953301126,1.4962426194310252,,,,,,,
14,19.57192699946323,62.62748255501879,2.1269457863660763,1.442565754159957,11.218464841653248,2.200751476113795,,0.8118625872249061,,,,,,,
15,19.088835212023618,57.52147074610843,2.0933977455716586,1.596886741814278,16.29092860976919,2.254428341384863,,1.1137949543746646,0.040257648953301126,,,,,,
16,19.129092860976918,57.09205582393988,2.0933977455716586,1.9390767579173376,16.284219001610307,2.3081052066559313,,1.1137949543746646,0.040257648953301126,,,,,,
17,17.659688674181428,55.723295759527645,1.9390767579173376,1.9994632313472893,19.216317767042405,2.3081052066559313,,1.1137949543746646,0.040257648953301126,,,,,,
18,13.761406333870102,53.96537842190016,1.90552871712292,2.8381642512077296,19.14922168545357,7.273215244229737,,1.0332796564680622,0.07380568974771873,,,,,,
19,13.117283950617283,33.15217391304348,1.8048845947396672,1.7176596886741815,36.252012882447666,7.273215244229737,,6.588835212023618,0.07380568974771873,0.020128824476650563,,,,,
20,10.02415458937198,32.03166935050993,1.8048845947396672,1.5029522275899088,44.10225442834138,4.30756843800322,0.06709608158883522,6.0654857756307035,0.07380568974771873,0.020128824476650563,,,,,
21,8.433977455716587,27.542941492216855,1.8048845947396672,2.442297369833602,51.39559849704777,2.0531400966183573,0.36231884057971014,5.870907139023081,0.07380568974771873,0.020128824476650563,,,,,
22,7.702630166398282,27.026301663982824,1.8048845947396672,2.4355877616747184,51.38217928073001,3.6097691894793345,0.36231884057971014,5.58239398819109,0.07380568974771873,0.020128824476650563,,,,,
23,7.836822329575953,26.84514224369297,1.8048845947396672,2.5161030595813205,51.348631239935585,3.6097691894793345,0.36231884057971014,5.58239398819109,0.07380568974771873,0.020128824476650563,,,,,
24,7.75630703166935,26.174181427804616,1.8048845947396672,2.462426194310252,52.180622651637144,3.5829307568438002,0.36231884057971014,5.58239398819109,0.07380568974771873,0.020128824476650563,,,,,
25,7.75630703166935,26.174181427804616,1.8048845947396672,2.462426194310252,52.14036500268384,3.5829307568438002,0.4025764895330113,5.58239398819109,0.07380568974771873,0.020128824476650563,,,,,
26,5.9514224369296835,19.49141170155663,1.5029522275899088,0.9326355340848095,52.15378421900161,18.250134192163177,0.4025764895330113,1.2412775093934514,0.07380568974771873,,,,,,
27,6.011808910359635,19.464573268921097,1.5029522275899088,1.0466988727858293,52.03301127214171,18.223295759527645,0.4025764895330113,1.2412775093934514,0.07380568974771873,,,,,,
28,5.434782608695652,14.358561460010735,1.5029522275899088,0.8118625872249061,60.67498658078368,16.002415458937197,0.4025764895330113,0.7380568974771873,0.07380568974771873,,,,,,
29,5.522007514761138,14.304884594739667,1.5029522275899088,0.9057971014492754,60.560923242082666,16.002415458937197,0.38915727321524424,0.7380568974771873,0.07380568974771873,,,,,,
30,5.273752012882448,13.24476650563607,1.4962426194310252,1.1473429951690821,66.07622114868492,11.553945249597424,0.38915727321524424,0.7380568974771873,0.07380568974771873,,0.0067096081588835215,,,,
31,5.320719269994632,12.962962962962964,1.4962426194310252,1.4626945786366077,65.08319914117016,11.325818572195384,1.1205045625335481,1.1473429951690821,0.07380568974771873,,0.0067096081588835215,,,,
32,5.340848094471283,12.962962962962964,1.4962426194310252,1.4626945786366077,64.69404186795491,11.325818572195384,1.4895330112721417,1.1473429951690821,0.07380568974771873,,0.0067096081588835215,,,,
33,5.421363392377885,12.949543746645196,1.0399892646269457,1.4962426194310252,64.41894793344069,10.715244229736983,1.7981749865807837,2.0799785292538915,0.07380568974771873,,0.0067096081588835215,,,,
34,5.448201825013419,12.875738056897477,1.0399892646269457,1.4694041867954912,64.170692431562,10.63472893183038,2.200751476113795,2.0799785292538915,0.07380568974771873,,0.0067096081588835215,,,,
35,5.522007514761138,12.198067632850242,1.0399892646269457,1.3687600644122384,59.715512614063336,16.09634997316157,2.254428341384863,1.724369296833065,0.07380568974771873,,0.0067096081588835215,,,,
36,5.629361245303274,12.164519592055823,1.288244766505636,1.5365002683843263,59.31964573268921,16.002415458937197,2.254428341384863,1.724369296833065,0.07380568974771873,,0.0067096081588835215,,,,
37,5.797101449275362,12.157809983896941,1.288244766505636,1.5029522275899088,59.084809447128286,15.901771336553946,2.475845410628019,1.710950080515298,0.07380568974771873,,0.0067096081588835215,,,,
38,5.689747718733226,9.749060654857756,1.288244766505636,1.5029522275899088,62.07729468599034,15.58641975308642,2.61003757380569,1.3888888888888888,0.07380568974771873,,0.03354804079441761,,,,
39,5.897745571658615,9.73564143853999,1.288244766505636,1.5230810520665594,61.93639291465379,15.5126140633387,2.61003757380569,1.3888888888888888,0.07380568974771873,,0.03354804079441761,,,,
40,5.548845947396672,9.614868491680086,2.509393451422437,1.133923778851315,66.39157273215244,11.064143853998926,2.442297369833602,1.1943102522812667,0.07380568974771873,,0.026838432635534086,,,,
41,5.615942028985507,9.574610842726784,2.509393451422437,1.133923778851315,65.3113258185722,11.003757380568974,2.6502952227589907,2.0397208803005906,0.07380568974771873,,0.08722490606548577,,,,
42,5.179817498658078,9.219001610305957,2.509393451422437,1.133923778851315,63.52657004830918,13.41250670960816,2.818035426731079,2.0397208803005906,0.07380568974771873,,0.08722490606548577,,,,
43,5.152979066022544,7.112184648416532,8.3064949006978,0.966183574879227,60.39989264626946,13.378958668813741,2.6301663982823404,1.932367149758454,0.03354804079441761,,0.08722490606548577,,,,
44,5.112721417069243,6.877348362855609,7.890499194847021,0.9997316156736447,56.25335480407944,18.02871712292002,2.368491680085883,2.3483628556092326,0.03354804079441761,,0.08722490606548577,,,,
45,4.643048845947397,5.897745571658615,7.883789586688137,0.9259259259259259,59.82286634460547,15.98899624261943,2.368491680085883,2.3483628556092326,0.03354804079441761,,0.08722490606548577,,,,
46,4.7168545356951155,5.897745571658615,7.883789586688137,1.0466988727858293,58.7157809983897,15.975577026301664,3.3480944712828773,2.2946859903381642,0.03354804079441761,,0.08722490606548577,,,,
47,4.757112184648417,5.931293612453032,7.883789586688137,1.0466988727858293,58.59500805152979,15.955448201825014,3.4286097691894795,2.281266774020397,0.03354804079441761,,0.08722490606548577,,,,
48,4.804079441760601,5.931293612453032,7.863660762211487,1.0466988727858293,58.42055823939882,15.76086956521739,3.743961352657005,2.281266774020397,0.03354804079441761,,0.11406333870101985,,,,
49,4.864465915190553,5.931293612453032,7.863660762211487,1.0466988727858293,58.373590982286636,15.76086956521739,3.730542136339238,2.281266774020397,0.03354804079441761,,0.11406333870101985,,,,
50,4.7168545356951155,5.931293612453032,7.856951154052603,1.0466988727858293,63.43263553408481,10.889694041867955,3.7573805689747717,2.281266774020397,0.03354804079441761,,0.05367686527106817,,,,
51,4.783950617283951,5.931293612453032,7.856951154052603,1.3620504562533549,62.936124530327426,10.889694041867955,3.8714439076757916,2.281266774020397,0.03354804079441761,,0.05367686527106817,,,,
52,4.616210413311863,5.870907139023081,7.669082125603865,1.133923778851315,65.49919484702093,9.91009125067096,3.535963499731616,1.6774020397208802,0.03354804079441761,,0.05367686527106817,,,,
53,4.3478260869565215,5.837359098228664,7.669082125603865,1.1205045625335481,65.43880837359099,9.802737520128824,4.019055287171229,1.6774020397208802,0.03354804079441761,,0.05367686527106817,,,,
54,4.361245303274289,5.837359098228664,10.124798711755233,1.1205045625335481,65.66022544283413,8.82313472893183,2.3081052066559313,1.6774020397208802,0.03354804079441761,,0.05367686527106817,,,,
55,4.42163177670424,5.837359098228664,10.124798711755233,1.107085346215781,65.61996779388083,8.82313472893183,2.3081052066559313,1.6706924315619969,0.03354804079441761,,0.05367686527106817,,,,
56,4.388083735909823,5.870907139023081,10.124798711755233,1.107085346215781,65.60654857756307,8.82313472893183,2.3215244229736984,1.6706924315619969,0.03354804079441761,,0.05367686527106817,,,,
57,4.448470209339774,5.844068706387547,10.037573805689748,1.133923778851315,65.41196994095544,8.80300590445518,2.509393451422437,1.6706924315619969,0.06709608158883522,,0.07380568974771873,,,,
58,4.388083735909823,5.743424584004294,9.77589908749329,1.0198604401502953,68.5654857756307,6.286902844873859,2.6301663982823404,1.4492753623188406,0.06709608158883522,,0.07380568974771873,,,,
59,4.461889425657541,5.743424584004294,9.77589908749329,1.0198604401502953,68.1159420289855,6.0587761674718195,2.690552871712292,1.9927536231884058,0.06709608158883522,,0.07380568974771873,,,,
60,4.636339237788513,5.743424584004294,9.681964573268921,1.288244766505636,67.6328502415459,6.0587761674718195,2.9052603327965647,1.9122383252818036,0.06709608158883522,,0.07380568974771873,,,,
61,4.327697262479871,5.186527106816962,9.681964573268921,2.9253891572732154,64.25791733762749,8.789586688137414,2.7777777777777777,1.9122383252818036,0.06709608158883522,,0.07380568974771873,,,,
62,4.200214707461084,5.12614063338701,9.681964573268921,2.8918411164787976,58.20585077831455,16.324476650563607,2.1604938271604937,1.2681159420289856,0.06709608158883522,,0.07380568974771873,,,,
63,4.146537842190016,4.341116478797638,7.078636607622115,2.5161030595813205,58.41384863123994,19.79334406870639,2.301395598497048,1.2681159420289856,0.06709608158883522,,0.07380568974771873,,,,
64,4.17337627482555,4.341116478797638,7.078636607622115,2.5161030595813205,58.3870101986044,19.618894256575416,2.301395598497048,1.2681159420289856,0.06709608158883522,,0.24825550187869028,,,,
65,4.280730005367687,4.314278046162104,7.078636607622115,2.509393451422437,57.94417606011809,19.545088566827697,2.703972088030059,1.2681159420289856,0.06709608158883522,,0.2885131508319914,,,,
66,4.320987654320987,4.314278046162104,6.246645195920558,2.509393451422437,54.159957058507786,24.06736446591519,2.7844873859366612,1.2681159420289856,0.06709608158883522,,0.2616747181964573,,,,
67,4.341116478797638,4.314278046162104,6.213097155126141,2.509393451422437,53.616478797638216,23.544015029522274,3.683574879227053,1.2681159420289856,0.06709608158883522,,0.4428341384863124,,,,
68,4.3545356951154055,4.280730005367687,6.159420289855072,2.4557165861513686,56.84380032206119,20.974235104669887,3.3548040794417604,1.0802469135802468,0.06709608158883522,,0.4294149221685454,,,,
69,2.985775630703167,12.332259796027913,4.314278046162104,2.1940418679549114,54.64975845410628,18.773483628556093,3.4017713365539453,0.7648953301127214,0.040257648953301126,,0.5434782608695652,,,,
70,2.2342995169082127,11.211755233494364,4.314278046162104,2.0933977455716586,56.13258185721954,18.61916264090177,4.045893719806763,0.7648953301127214,0.040257648953301126,,0.5434782608695652,,,,
71,2.1068169618894257,11.191626409017713,4.314278046162104,2.0263016639828235,61.16478797638218,14.553140096618357,3.3548040794417604,0.8454106280193237,0.040257648953301126,,0.4025764895330113,,,,
72,2.1739130434782608,11.191626409017713,4.30756843800322,2.0263016639828235,60.889694041867955,14.553140096618357,3.569511540526033,0.8454106280193237,0.040257648953301126,,0.4025764895330113,,,,
73,2.0933977455716586,11.191626409017713,4.30756843800322,2.0263016639828235,61.54723564143854,13.493022007514762,3.9184111647879765,0.8454106280193237,0.040257648953301126,,0.5367686527106817,,,,
74,2.100107353730542,9.896672034353195,5.71658615136876,1.9994632313472893,61.40633387010199,13.479602791196994,4.045893719806763,0.7917337627482555,0.026838432635534086,,0.5367686527106817,,,,
75,2.1940418679549114,9.883252818035427,5.71658615136876,1.9994632313472893,61.312399355877616,13.47289318303811,4.066022544283414,0.7917337627482555,0.026838432635534086,,0.5367686527106817,,,,
76,2.200751476113795,9.883252818035427,5.615942028985507,1.9994632313472893,58.541331186258724,13.47289318303811,6.830381105743425,0.7917337627482555,0.1274825550187869,,0.5367686527106817,,,,
77,2.2879763821792807,9.863123993558776,5.615942028985507,1.9994632313472893,58.48094471282877,13.439345142243694,6.857219538378959,0.7917337627482555,0.1274825550187869,,0.5367686527106817,,,,
78,2.38191089640365,9.863123993558776,5.615942028985507,1.9994632313472893,58.04482018250134,13.41250670960816,7.226247987117552,0.7917337627482555,0.1274825550187869,,0.5367686527106817,,,,
79,2.5697799248523885,9.816156736446592,5.60252281266774,1.9994632313472893,57.63553408480945,13.385668276972625,7.521470746108427,0.7917337627482555,0.14090177133655393,,0.5367686527106817,,,,
80,2.5563607085346214,9.816156736446592,7.300053676865271,2.408749329039184,55.58239398819109,13.211218464841654,7.6556629092860975,0.7917337627482555,0.14090177133655393,,0.5367686527106817,,,,
81,2.6704240472356413,9.749060654857756,7.266505636070853,2.408749329039184,55.59581320450886,13.197799248523886,7.64224369296833,0.7917337627482555,0.14090177133655393,,0.5367686527106817,,,,
82,2.3550724637681157,7.709339774557166,7.266505636070853,1.06682769726248,62.895866881374126,10.218733225979603,7.118894256575416,0.7917337627482555,0.14090177133655393,,0.43612453032742887,,,,
83,2.4020397208803006,7.709339774557166,7.14573268921095,1.2681159420289856,62.78180354267311,10.00402576489533,7.199409554482019,0.7917337627482555,0.14090177133655393,,0.5568974771873323,,,,
84,2.4691358024691357,7.682501341921632,7.092055823939882,1.2949543746645196,62.72812667740204,10.00402576489533,7.199409554482019,0.7917337627482555,0.14090177133655393,,0.5568974771873323,0.040257648953301126,,,
85,2.589908749329039,7.628824476650563,7.092055823939882,1.6505636070853462,61.782071926999464,10.00402576489533,7.353730542136339,0.7917337627482555,0.14090177133655393,,0.9259259259259259,0.040257648953301126,,,
86,2.6435856146001075,7.628824476650563,8.923778851315083,1.6505636070853462,60.20531400966183,9.943639291465379,7.125603864734299,0.7917337627482555,0.2147074610842727,,0.8319914117015567,0.040257648953301126,,,
87,2.771068169618894,7.628824476650563,8.890230810520666,1.6505636070853462,60.01073537305421,9.842995169082126,7.118894256575416,0.9259259259259259,0.2147074610842727,,0.9057971014492754,0.040257648953301126,,,
88,2.8113258185721954,7.628824476650563,8.608427267847558,1.8250134192163177,59.50751476113795,9.829575952764358,7.018250134192163,1.5029522275899088,0.2147074610842727,,1.0399892646269457,0.013419216317767043,,,
89,2.8113258185721954,7.447665056360709,8.608427267847558,2.006172839506173,59.4873859366613,9.822866344605474,7.0450885668276975,1.5029522275899088,0.2147074610842727,,1.0399892646269457,0.013419216317767043,,,
90,2.7442297369833604,7.447665056360709,8.024691358024691,1.570048309178744,62.82206119162641,9.742351046698873,4.958400429414922,1.5029522275899088,0.2147074610842727,,0.9728931830381106,,,,
91,2.7979066022544283,7.4141170155662905,8.017981749865807,2.120236178207193,62.38593666129898,9.742351046698873,4.85775630703167,1.5029522275899088,0.1878690284487386,,0.9728931830381106,,,,
92,2.791196994095545,7.387278582930757,9.064680622651638,2.147074610842727,61.198336017176594,9.722222222222221,5.025496511003757,1.5029522275899088,0.1878690284487386,,0.9728931830381106,,,,
93,2.8650026838432634,7.387278582930757,9.064680622651638,2.147074610842727,61.09769189479334,9.681964573268921,5.0791733762748255,1.5029522275899088,0.1878690284487386,,0.9863123993558777,,,,
94,2.952227589908749,7.387278582930757,9.037842190016104,3.556092324208266,59.75577026301664,9.4873859366613,5.0791733762748255,1.5029522275899088,0.1878690284487386,,1.0534084809447128,,,,
95,2.9790660225442833,5.897745571658615,11.466720343531938,3.4957058507783145,58.863392377885134,9.339774557165862,5.199946323134729,1.5029522275899088,0.1610305958132045,,1.093666129898014,,,,
96,3.052871712292002,5.891035963499732,11.439881910896403,3.4957058507783145,58.682232957595275,9.339774557165862,5.340848094471283,1.5029522275899088,0.1610305958132045,,1.093666129898014,,,,
97,2.9119699409554483,5.844068706387547,11.439881910896403,2.1940418679549114,63.16425120772947,6.984702093397746,5.12614063338701,1.1808910359634996,0.1610305958132045,,0.9930220075147611,,,,
98,2.918679549114332,5.844068706387547,11.439881910896403,2.147074610842727,60.75550187869028,9.453837895866881,5.10601180891036,1.1808910359634996,0.1610305958132045,,0.9930220075147611,,,,
99,3.0595813204508855,5.83064949006978,11.426462694578637,2.1403650026838434,60.64143853998927,9.406870638754697,5.132850241545894,1.1808910359634996,0.1610305958132045,,1.0198604401502953,,,,
100,3.1065485775630703,5.83064949006978,11.426462694578637,2.1403650026838434,60.560923242082666,9.406870638754697,5.166398282340311,1.1808910359634996,0.1610305958132045,,1.0198604401502953,,,,
101,2.9119699409554483,5.8172302737520125,11.399624261943103,2.1403650026838434,55.23349436392915,15.116747181964573,4.998658078368224,1.1607622114868492,0.20128824476650564,,1.0198604401502953,,,,
102,3.0059044551798175,5.810520665593129,11.29898013955985,2.1403650026838434,54.91814278046162,15.103327965646805,5.186527106816962,1.1607622114868492,0.20128824476650564,,1.1741814278046163,,,,
103,3.026033279656468,5.803811057434245,11.29898013955985,2.13365539452496,54.41492216854536,15.049651100375739,5.709876543209877,1.1607622114868492,0.20128824476650564,,1.2010198604401503,,,,
104,3.0864197530864197,5.803811057434245,11.158078368223295,1.9592055823939882,53.777509393451425,15.53274288781535,6.159420289855072,1.1607622114868492,0.20128824476650564,,1.1607622114868492,,,,
105,3.227321524422974,5.803811057434245,11.07085346215781,1.9592055823939882,53.6634460547504,15.4723564143854,6.280193236714976,1.1607622114868492,0.20128824476650564,,1.1607622114868492,,,,
106,3.1535158346752548,4.045893719806763,11.037305421363392,2.1403650026838434,52.10010735373054,17.310789049919485,6.400966183574879,2.38191089640365,0.20128824476650564,,1.2278582930756843,,,,
107,3.2139023081052067,4.019055287171229,10.997047772410092,2.3483628556092326,51.388888888888886,17.28395061728395,6.884057971014493,2.38191089640365,0.20128824476650564,0.03354804079441761,1.247987117552335,,,,
108,3.1870638754696725,3.92512077294686,10.970209339774557,2.2208803005904456,50.16774020397209,18.511808910359633,7.14573268921095,2.38191089640365,0.1878690284487386,0.03354804079441761,1.2681159420289856,,,,
109,3.1199677938808374,2.1604938271604937,10.48040794417606,2.1806226516371443,50.0402576489533,20.853462157809982,7.2933440687063875,2.38191089640365,0.1878690284487386,0.03354804079441761,1.2681159420289856,,,,
110,3.113258185721954,2.1604938271604937,10.466988727858293,2.1806226516371443,49.785292538915726,20.611916264090176,7.830112721417069,2.3617820719269993,0.1878690284487386,0.03354804079441761,1.2681159420289856,,,,
111,3.066290928609769,2.1403650026838434,11.29898013955985,2.0531400966183573,49.39613526570049,20.014761137949545,7.823403113258186,2.3617820719269993,0.20128824476650564,0.03354804079441761,1.6103059581320451,,,,
112,3.1333870101986045,2.1403650026838434,11.29898013955985,2.0397208803005906,49.282071926999464,20.014761137949545,7.883789586688137,2.3617820719269993,0.20128824476650564,0.03354804079441761,1.6103059581320451,,,,
113,3.2139023081052067,2.1403650026838434,11.366076221148685,1.9994632313472893,49.19484702093398,19.98792270531401,7.64224369296833,2.61003757380569,0.20128824476650564,0.03354804079441761,1.6103059581320451,,,,
114,3.3413848631239937,2.1403650026838434,11.366076221148685,1.9994632313472893,48.631239935587764,19.961084272678477,7.581857219538379,3.140096618357488,0.20128824476650564,0.03354804079441761,1.6035963499731616,,,,
115,3.44873859366613,2.1269457863660763,11.3593666129898,1.9927536231884058,48.148148148148145,19.94766505636071,7.9106280193236715,3.1535158346752548,0.20128824476650564,0.03354804079441761,1.6774020397208802,,,,
116,3.5225442834138487,2.1269457863660763,11.305689747718732,2.38191089640365,47.89318303811057,19.90740740740741,7.87037037037037,3.0327428878153517,0.20128824476650564,0.03354804079441761,1.7042404723564144,,0.020128824476650563,,
117,3.3480944712828773,2.1269457863660763,10.695115405260333,1.8048845947396672,48.490338164251206,21.692163177670423,7.232957595276436,2.7844873859366612,0.20128824476650564,0.03354804079441761,1.570048309178744,,0.020128824476650563,,
118,3.4151905528717124,2.1269457863660763,10.332796564680622,1.8250134192163177,48.148148148148145,21.584809447128286,7.447665056360709,3.1468062265163717,0.36231884057971014,0.03354804079441761,1.556629092860977,,0.020128824476650563,,
119,3.4957058507783145,2.1269457863660763,10.332796564680622,1.8250134192163177,48.04079441760601,21.477455716586153,7.494632313472893,3.1468062265163717,0.36231884057971014,0.03354804079441761,1.6438539989264627,,0.020128824476650563,,
120,3.629898013955985,2.1269457863660763,10.305958132045088,1.8250134192163177,47.839506172839506,21.423778851315085,7.39398819108964,3.5292538915727323,0.36231884057971014,0.03354804079441761,1.5096618357487923,,0.020128824476650563,,
121,3.6097691894793345,2.073268921095008,10.19189479334407,1.9994632313472893,47.30944712828771,21.40365002683843,7.98443370907139,3.5292538915727323,0.36231884057971014,0.03354804079441761,1.482823403113258,,0.020128824476650563,,
122,3.5829307568438002,2.073268921095008,10.19189479334407,2.24771873322598,44.33038110574343,24.396135265700483,7.7898550724637685,3.488996242619431,0.36231884057971014,0.03354804079441761,1.482823403113258,,0.020128824476650563,,
123,3.5628019323671496,2.0665593129361244,10.131508319914117,2.2410091250670963,44.316961889425656,24.194847020933977,8.09849704777241,3.488996242619431,0.36231884057971014,0.03354804079441761,1.482823403113258,,0.020128824476650563,,
124,3.670155662909286,2.0397208803005906,10.091250670960816,2.522812667740204,43.81374127750939,24.16129898013956,7.890499194847021,3.92512077294686,0.36231884057971014,0.03354804079441761,1.4694041867954912,,0.020128824476650563,,
125,0.8252818035426731,78.43531937734836,5.622651637144391,0.798443370907139,6.78341384863124,4.8443370907139025,1.1205045625335481,0.8252818035426731,0.10064412238325282,,0.644122383252818,,,,
126,1.0064412238325282,78.2139023081052,5.562265163714439,0.8655394524959742,6.78341384863124,4.8443370907139025,1.1205045625335481,0.8252818035426731,0.13419216317767044,,0.644122383252818,,,,
127,1.0735373054213635,64.9422973698336,5.535426731078905,13.734567901234568,6.78341384863124,4.8443370907139025,1.1205045625335481,0.8252818035426731,0.1610305958132045,,0.644122383252818,,0.33548040794417605,,
128,1.1741814278046163,64.83494363929147,5.522007514761138,13.714439076757918,6.723027375201288,4.8443370907139025,1.221148684916801,0.8252818035426731,0.1610305958132045,,0.644122383252818,,0.33548040794417605,,
129,1.2077294685990339,62.848899624261946,5.522007514761138,15.68035426731079,6.723027375201288,4.8443370907139025,1.2077294685990339,0.8252818035426731,0.1610305958132045,,0.644122383252818,,0.33548040794417605,,
130,1.0534084809447128,59.76247987117552,3.4017713365539453,15.546162104133119,6.347289318303811,11.252012882447666,1.093666129898014,0.7447665056360708,0.1274825550187869,,0.30864197530864196,0.026838432635534086,0.33548040794417605,,
131,1.1406333870101986,59.68867418142781,3.3950617283950617,15.546162104133119,6.3137412775093935,11.245303274288782,1.1272141706924315,0.7447665056360708,0.1274825550187869,,0.30864197530864196,0.026838432635534086,0.33548040794417605,,
132,1.1876006441223832,55.73671497584541,3.421900161030596,19.464573268921097,6.3137412775093935,11.238593666129898,1.1137949543746646,0.7246376811594203,0.1274825550187869,,0.30864197530864196,0.026838432635534086,0.33548040794417605,,
133,1.221148684916801,55.66961889425657,3.421900161030596,19.49812130971551,6.3137412775093935,11.238593666129898,1.1137949543746646,0.7246376811594203,0.1274825550187869,,0.30864197530864196,0.026838432635534086,0.33548040794417605,,
134,1.288244766505636,55.62265163714439,3.421900161030596,19.51154052603328,6.280193236714976,11.151368760064413,1.2010198604401503,0.7246376811594203,0.1274825550187869,,0.30864197530864196,0.026838432635534086,0.33548040794417605,,
135,1.3352120236178207,55.562265163714436,3.421900161030596,19.49141170155663,6.239935587761675,10.970209339774557,1.2412775093934514,0.7246376811594203,0.1274825550187869,,0.48980139559849706,0.06038647342995169,0.33548040794417605,,
136,1.3553408480944713,55.49516908212561,3.388352120236178,19.45786366076221,6.1862587224906065,10.715244229736983,1.2077294685990339,0.9259259259259259,0.1274825550187869,,0.7447665056360708,0.06038647342995169,0.33548040794417605,,
137,1.3888888888888888,55.475040257648956,3.388352120236178,19.45786366076221,6.1862587224906065,10.701825013419215,1.2077294685990339,0.9259259259259259,0.1274825550187869,,0.7447665056360708,0.06038647342995169,0.33548040794417605,,
138,1.42914653784219,55.3743961352657,3.388352120236178,19.545088566827697,6.159420289855072,10.701825013419215,1.2077294685990339,0.9259259259259259,0.1274825550187869,,0.7447665056360708,0.06038647342995169,0.33548040794417605,,
139,1.442565754159957,55.23349436392915,3.388352120236178,19.672571121846484,6.146001073537305,10.567632850241546,1.221148684916801,0.9259259259259259,0.1274825550187869,,0.8789586688137413,0.06038647342995169,0.33548040794417605,,
140,1.5365002683843263,55.112721417069245,3.388352120236178,19.33709071390231,6.146001073537305,10.547504025764896,1.2077294685990339,1.3217928073000538,0.1274825550187869,,0.8789586688137413,0.06038647342995169,0.33548040794417605,,
141,1.5365002683843263,54.69672571121846,3.81105743424584,19.370638754696724,6.146001073537305,10.547504025764896,1.1674718196457328,1.3217928073000538,0.1274825550187869,,0.8789586688137413,0.06038647342995169,0.33548040794417605,,
142,1.556629092860977,54.51556629092861,3.81105743424584,19.444444444444443,6.132581857219538,10.46027911969941,1.2681159420289856,1.4090177133655395,0.1274825550187869,,0.8789586688137413,0.06038647342995169,0.33548040794417605,,
143,1.5767579173376274,54.40150295222759,3.81105743424584,19.404186795491142,6.132581857219538,10.46027911969941,1.2681159420289856,1.4090177133655395,0.2616747181964573,,0.8789586688137413,0.06038647342995169,0.33548040794417605,,
144,1.6841116478797638,54.2740203972088,3.81105743424584,19.444444444444443,6.005099302200751,9.822866344605474,1.3553408480944713,2.0665593129361244,0.2616747181964573,,0.8521202361782072,0.08722490606548577,0.33548040794417605,,
145,1.8048845947396672,53.7037037037037,3.81105743424584,19.90740740740741,5.991680085882985,9.822866344605474,1.3553408480944713,2.0665593129361244,0.2616747181964573,,0.8521202361782072,0.08722490606548577,0.33548040794417605,,
146,1.8317230273752012,53.52254428341385,3.81105743424584,20.04830917874396,5.991680085882985,9.822866344605474,1.3687600644122384,2.0665593129361244,0.2616747181964573,,0.8521202361782072,0.08722490606548577,0.33548040794417605,,
147,1.90552871712292,53.153515834675254,3.81105743424584,20.356951154052602,5.810520665593129,9.816156736446592,1.5499194847020934,2.0665593129361244,0.2616747181964573,,0.8454106280193237,0.08722490606548577,0.33548040794417605,,
148,1.9793344068706387,52.663714439076756,3.81105743424584,20.283145464304884,5.609232420826624,9.816156736446592,2.1403650026838434,2.0665593129361244,0.2616747181964573,0.1274825550187869,0.8454106280193237,0.06038647342995169,0.33548040794417605,,
149,1.8048845947396672,45.52469135802469,12.526838432635534,20.50456253354804,3.6366076221148687,9.816156736446592,2.341653247450349,2.100107353730542,0.2616747181964573,0.1274825550187869,0.8454106280193237,0.17444981213097155,0.33548040794417605,,
150,1.8719806763285025,45.450885668276975,12.526838432635534,20.517981749865807,3.6097691894793345,9.816156736446592,2.341653247450349,2.0799785292538915,0.2616747181964573,0.16774020397208803,0.8454106280193237,0.17444981213097155,0.33548040794417605,,
151,1.8988191089640365,45.450885668276975,12.526838432635534,20.491143317230275,3.556092324208266,9.816156736446592,2.395330112721417,2.0799785292538915,0.2616747181964573,0.16774020397208803,0.8454106280193237,0.17444981213097155,0.33548040794417605,,
152,1.9659151905528718,45.390499194847024,12.5,20.457595276435857,3.556092324208266,9.809447128287708,2.395330112721417,2.0799785292538915,0.322061191626409,0.16774020397208803,0.8454106280193237,0.17444981213097155,0.33548040794417605,,
153,1.9927536231884058,45.3569511540526,12.466451959205582,20.162372517444982,3.556092324208266,9.749060654857756,2.4691358024691357,2.0799785292538915,0.644122383252818,0.16774020397208803,0.8454106280193237,0.17444981213097155,0.33548040794417605,,
154,2.0263016639828235,45.30327428878154,12.466451959205582,20.182501341921633,3.556092324208266,9.749060654857756,2.4691358024691357,2.0799785292538915,0.644122383252818,0.16774020397208803,0.8454106280193237,0.17444981213097155,0.33548040794417605,,
155,2.0531400966183573,45.289855072463766,12.466451959205582,20.169082125603865,3.556092324208266,9.749060654857756,2.4691358024691357,2.0799785292538915,0.644122383252818,0.16774020397208803,0.8454106280193237,0.17444981213097155,0.33548040794417605,,
156,2.086688137412775,44.99463231347289,12.365807836822329,20.088566827697264,3.556092324208266,9.722222222222221,2.4691358024691357,2.589908749329039,0.7447665056360708,0.16774020397208803,0.8655394524959742,0.17444981213097155,0.17444981213097155,,
157,2.147074610842727,44.96108427267848,12.305421363392378,20.075147611379496,3.556092324208266,9.473966720343531,2.4691358024691357,2.589908749329039,0.7783145464304885,0.16774020397208803,1.1137949543746646,0.1878690284487386,0.17444981213097155,,
158,2.2342995169082127,44.71282877079979,12.265163714439076,20.28985507246377,3.556092324208266,9.460547504025765,2.4691358024691357,2.589908749329039,0.7783145464304885,0.16774020397208803,1.1137949543746646,0.1878690284487386,0.17444981213097155,,
159,2.15378421900161,44.22973698336017,12.265163714439076,21.155394524959743,3.556092324208266,8.99087493290392,2.4691358024691357,2.757648953301127,0.7783145464304885,0.16774020397208803,1.1137949543746646,0.1878690284487386,0.17444981213097155,,
160,2.1940418679549114,44.03515834675255,12.25174449812131,21.296296296296298,3.556092324208266,8.957326892109501,2.4691358024691357,2.7643585614600106,0.7783145464304885,0.2214170692431562,1.1137949543746646,0.1878690284487386,0.17444981213097155,,
161,2.227589908749329,43.39103596349973,14.029790660225443,21.141975308641975,3.5091250670960816,8.246108427267847,2.462426194310252,2.4892646269457863,0.8454106280193237,0.30193236714975846,0.9930220075147611,0.1878690284487386,0.17444981213097155,,
162,2.2410091250670963,43.37761674718197,13.747987117552334,21.141975308641975,3.5091250670960816,8.246108427267847,2.462426194310252,2.771068169618894,0.8454106280193237,0.30193236714975846,0.9930220075147611,0.1878690284487386,0.17444981213097155,,
163,2.301395598497048,43.344068706387546,13.633923778851315,21.141975308641975,3.5091250670960816,8.246108427267847,2.462426194310252,2.771068169618894,0.9326355340848095,0.30193236714975846,0.9930220075147611,0.1878690284487386,0.17444981213097155,,
164,2.3483628556092326,43.022007514761135,13.573537305421363,21.316425120772948,3.5091250670960816,8.246108427267847,2.4355877616747184,2.771068169618894,0.9728931830381106,0.30193236714975846,0.9930220075147611,0.33548040794417605,0.17444981213097155,,
165,2.428878153515835,42.975040257648956,13.573537305421363,21.289586688137412,3.475577026301664,8.199141170155663,2.0263016639828235,3.2206119162640903,0.9728931830381106,0.30193236714975846,1.0265700483091786,0.33548040794417605,0.17444981213097155,,
166,2.4892646269457863,42.94820182501342,13.499731615673644,21.289586688137412,3.475577026301664,8.199141170155663,2.0263016639828235,3.193773483628556,1.0399892646269457,0.30193236714975846,1.0265700483091786,0.33548040794417605,0.17444981213097155,,
167,2.61003757380569,42.941492216854535,13.466183574879228,21.289586688137412,3.475577026301664,8.11862587224906,2.0263016639828235,3.193773483628556,1.0399892646269457,0.30193236714975846,1.0265700483091786,0.33548040794417605,0.17444981213097155,,
168,2.717391304347826,42.37788513150832,13.466183574879228,21.692163177670423,3.475577026301664,8.091787439613526,2.0263016639828235,3.2742887815351582,1.0399892646269457,0.30193236714975846,1.0265700483091786,0.33548040794417605,0.17444981213097155,,
169,2.8650026838432634,41.86124530327429,13.372249060654857,21.85319377348363,3.455448201825013,8.031400966183575,2.522812667740204,2.9119699409554483,1.0534084809447128,0.30193236714975846,0.9997316156736447,0.5904455179817498,0.17444981213097155,0.0067096081588835215,
170,2.9388083735909825,41.8545356951154,12.929414922168545,21.826355340848096,3.455448201825013,8.031400966183575,2.49597423510467,2.9119699409554483,1.0534084809447128,0.30193236714975846,1.3955984970477724,0.5904455179817498,0.20799785292538917,0.0067096081588835215,
171,3.046162104133119,41.4922168545357,12.889157273215245,21.900161030595815,3.455448201825013,8.031400966183575,2.49597423510467,2.9052603327965647,1.0534084809447128,0.5367686527106817,1.3955984970477724,0.5904455179817498,0.20128824476650564,0.0067096081588835215,
172,3.180354267310789,41.38486312399356,12.915995705850777,21.846484165324746,3.44873859366613,8.004562533548041,2.4691358024691357,2.9052603327965647,1.0802469135802468,0.5367686527106817,1.42914653784219,0.5904455179817498,0.20128824476650564,0.0067096081588835215,
173,3.280998389694042,41.36473429951691,12.915995705850777,21.81964573268921,3.44873859366613,7.944176060118089,2.4691358024691357,2.9052603327965647,1.0869565217391304,0.5367686527106817,1.442565754159957,0.5770263016639828,0.20128824476650564,0.0067096081588835215,
174,3.361513687600644,41.317767042404725,12.902576489533011,21.77938808373591,3.44873859366613,7.944176060118089,2.462426194310252,2.9052603327965647,1.1003757380568975,0.5636070853462157,1.42914653784219,0.5770263016639828,0.20128824476650564,0.0067096081588835215,
175,3.556092324208266,41.136607622114866,12.902576489533011,21.692163177670423,3.44873859366613,7.9106280193236715,2.462426194310252,2.9052603327965647,1.1003757380568975,0.5636070853462157,1.42914653784219,0.5770263016639828,0.30864197530864196,0.0067096081588835215,
176,3.5762211486849167,41.116478797638216,12.902576489533011,21.692163177670423,3.4151905528717124,7.9106280193236715,2.49597423510467,2.9052603327965647,1.1003757380568975,0.5636070853462157,1.42914653784219,0.5770263016639828,0.30864197530864196,0.0067096081588835215,
177,3.6500268384326353,41.08964036500269,12.902576489533011,21.64519592055824,3.4151905528717124,7.9106280193236715,2.49597423510467,2.9052603327965647,1.1003757380568975,0.5636070853462157,1.42914653784219,0.5770263016639828,0.30864197530864196,0.0067096081588835215,
178,3.7037037037037037,40.61325818572195,12.801932367149758,22.148416532474503,3.4151905528717124,7.9106280193236715,2.4355877616747184,2.9924852388620504,1.1003757380568975,0.5636070853462157,1.42914653784219,0.5703166935050993,0.30864197530864196,0.0067096081588835215,
179,3.7104133118625873,40.552871712292,12.801932367149758,22.20209339774557,3.4151905528717124,7.9106280193236715,2.4355877616747184,2.9924852388620504,1.1003757380568975,0.5636070853462157,1.42914653784219,0.5703166935050993,0.30864197530864196,0.0067096081588835215,
180,3.7104133118625873,40.485775630703166,12.801932367149758,22.19538378958669,3.3480944712828773,7.9106280193236715,2.5026838432635534,2.9924852388620504,1.1741814278046163,0.5636070853462157,1.42914653784219,0.5703166935050993,0.30864197530864196,0.0067096081588835215,
181,3.7238325281803544,40.11003757380569,12.801932367149758,22.96027911969941,3.2139023081052067,7.87037037037037,2.475845410628019,2.791196994095545,1.1741814278046163,0.5636070853462157,1.42914653784219,0.5703166935050993,0.30864197530864196,0.0067096081588835215,
182,3.730542136339238,39.72758990874933,12.345679012345679,23.336017176596886,3.193773483628556,9.111647879763822,2.006172839506173,2.4892646269457863,1.1741814278046163,0.5300590445517982,1.4694041867954912,0.5703166935050993,0.30864197530864196,0.0067096081588835215,
183,3.7573805689747717,39.64707461084273,12.446323134728932,23.289049919484704,3.193773483628556,9.111647879763822,2.006172839506173,2.4892646269457863,1.1741814278046163,0.5300590445517982,1.4694041867954912,0.5703166935050993,0.30864197530864196,0.0067096081588835215,
184,3.911701556629093,39.47933440687064,12.432903918411165,23.315888352120236,3.180354267310789,9.111647879763822,2.01959205582394,2.4892646269457863,1.1741814278046163,0.5300590445517982,1.4694041867954912,0.5703166935050993,0.30864197530864196,0.0067096081588835215,
185,4.025764895330113,39.19753086419753,12.372517444981213,23.57085346215781,3.180354267310789,9.07139023081052,2.01959205582394,2.4892646269457863,1.2010198604401503,0.5300590445517982,1.4559849704777241,0.5703166935050993,0.30864197530864196,0.0067096081588835215,
186,4.106280193236715,38.828502415458935,12.352388620504563,23.89291465378422,3.180354267310789,9.037842190016104,2.006172839506173,2.4892646269457863,1.2345679012345678,0.5300590445517982,1.4559849704777241,0.5703166935050993,0.30864197530864196,0.0067096081588835215,
187,4.166666666666667,38.6808910359635,12.352388620504563,23.980139559849704,3.180354267310789,9.037842190016104,2.006172839506173,2.4892646269457863,1.2345679012345678,0.5300590445517982,1.4559849704777241,0.5703166935050993,0.30864197530864196,0.0067096081588835215,
188,4.240472356414386,38.66747181964573,12.338969404186795,23.91304347826087,3.1333870101986045,9.01100375738057,1.9524959742351047,2.636876006441224,1.2345679012345678,0.5300590445517982,1.4559849704777241,0.5703166935050993,0.30864197530864196,0.0067096081588835215,
189,4.280730005367687,38.63392377885131,12.338969404186795,23.91304347826087,3.1333870101986045,9.01100375738057,1.9524959742351047,2.6301663982823404,1.2345679012345678,0.5300590445517982,1.4559849704777241,0.5703166935050993,0.30864197530864196,0.0067096081588835215,
190,4.455179817498658,38.486312399355874,12.325550187869029,23.93317230273752,3.1333870101986045,8.99087493290392,1.9524959742351047,2.6301663982823404,1.221148684916801,0.5300590445517982,1.4559849704777241,0.5703166935050993,0.30864197530864196,0.0067096081588835215,
