,45,50,51,55,52,53,54,56,58,59,57
0,97.62479871175523,2.3752012882447664,,,,,,,,,
1,92.42485238862051,7.575147611379496,,,,,,,,,
2,92.48523886205045,7.514761137949543,,,,,,,,,
3,92.14304884594739,7.856951154052603,,,,,,,,,
4,92.14304884594739,7.856951154052603,,,,,,,,,
5,91.2909286097692,6.850509930220075,1.8585614600107354,,,,,,,,
6,91.30434782608695,5.60252281266774,3.0931293612453032,,,,,,,,
7,90.35829307568439,6.5485775630703165,3.0931293612453032,,,,,,,,
8,80.64949006977993,15.291196994095545,3.9049919484702094,0.15432098765432098,,,,,,,
9,79.40150295222759,16.606280193236714,3.8378958668813743,0.15432098765432098,,,,,,,
10,53.03945249597424,46.806226516371446,,0.15432098765432098,,,,,,,
11,52.44900697799248,47.195383789586685,,0.35560923242082665,,,,,,,
12,52.61674718196457,47.04777241009125,,0.33548040794417605,,,,,,,
13,52.804616210413315,46.70558239398819,,0.48980139559849706,,,,,,,
14,48.631239935587764,50.76489533011272,,0.6038647342995169,,,,,,,
15,48.74530327428878,50.6508319914117,,0.6038647342995169,,,,,,,
16,44.10896403650027,55.28717122920021,,0.6038647342995169,,,,,,,
17,44.26999463231347,55.12614063338701,,0.6038647342995169,,,,,,,
18,40.163714439076756,46.61835748792271,12.090713902308105,1.1272141706924315,,,,,,,
19,36.191626409017715,43.001878690284485,19.83360171765969,0.9728931830381106,,,,,,,
20,33.70907139023081,40.55958132045089,24.758454106280194,0.9728931830381106,,,,,,,
21,33.46081588835212,38.62050456253355,26.94578636607622,0.9728931830381106,,,,,,,
22,32.58185721953838,39.57326892109501,26.8719806763285,0.9728931830381106,,,,,,,
23,32.56843800322061,39.35856146001073,26.35534084809447,0.9728931830381106,0.7447665056360708,,,,,,
24,32.608695652173914,39.20424047235642,25.161030595813205,0.9728931830381106,0.7447665056360708,0.28180354267310787,1.0265700483091786,,,,
25,32.79656468062265,39.070048309178745,25.107353730542137,0.9728931830381106,0.7447665056360708,0.28180354267310787,1.0265700483091786,,,,
26,31.82367149758454,37.4597423510467,26.147342995169083,0.9728931830381106,0.1878690284487386,2.38191089640365,1.0265700483091786,,,,
27,31.984702093397747,37.25174449812131,24.349168008588297,0.9728931830381106,0.1878690284487386,3.7372517444981215,1.5163714439076759,,,,
28,32.15915190552872,37.0907139023081,24.342458400429415,0.9728931830381106,0.1878690284487386,3.730542136339238,1.5163714439076759,,,,
29,32.367149758454104,36.75523349436393,24.818840579710145,1.5499194847020934,0.1878690284487386,2.7308105206655933,1.5901771336553945,,,,
30,32.39398819108964,36.75523349436393,24.818840579710145,1.5499194847020934,0.1878690284487386,2.703972088030059,1.5901771336553945,,,,
31,32.400697799248526,36.00375738056898,24.691358024691358,1.7646269457863661,0.15432098765432098,2.6704240472356413,2.24771873322598,0.06709608158883522,,,
32,32.54159957058508,35.89640365002684,24.65780998389694,1.7646269457863661,0.15432098765432098,2.6704240472356413,2.24771873322598,0.06709608158883522,,,
33,32.64224369296833,34.997316156736446,24.476650563607084,2.757648953301127,0.15432098765432098,2.6704240472356413,2.2342995169082127,0.06709608158883522,,,
34,31.964573268921097,35.73537305421363,24.422973698336016,2.7509393451422435,0.15432098765432098,2.6704240472356413,2.2342995169082127,0.06709608158883522,,,
35,32.15915190552872,35.46027911969941,24.342458400429415,2.7509393451422435,0.15432098765432098,2.167203435319377,2.898550724637681,0.06709608158883522,,,
36,31.582125603864736,31.260064412238325,20.46430488459474,1.7579173376274826,7.454374664519592,4.750402576489533,2.6637144390767578,0.06709608158883522,,,
37,31.756575415995705,31.179549114331724,20.417337627482556,1.7444981213097155,7.4208266237251745,4.750402576489533,2.6637144390767578,0.06709608158883522,,,
38,24.859098228663445,60.16505636070853,11.057434245840042,0.9057971014492754,,2.13365539452496,0.8789586688137413,,,,
39,25.087224906065487,59.5679012345679,11.05072463768116,1.3016639828234031,,2.1135265700483092,0.8789586688137413,,,,
40,24.4296833064949,54.54240472356415,10.970209339774557,1.2681159420289856,6.1929683306494905,1.7310789049919484,0.8655394524959742,,,,
41,24.644390767579175,54.39479334406871,10.929951690821255,1.2681159420289856,6.166129898013956,1.7310789049919484,0.8655394524959742,,,,
42,24.94632313472893,54.0727321524423,10.876274825550189,1.402308105206656,6.119162640901771,1.7310789049919484,0.8521202361782072,,,,
43,25.13419216317767,53.88486312399356,10.876274825550189,1.402308105206656,6.119162640901771,1.7310789049919484,0.8521202361782072,,,,
44,25.207997852925388,53.837895866881375,10.876274825550189,1.402308105206656,6.092324208266238,1.7310789049919484,0.8521202361782072,,,,
45,25.509930220075148,53.475577026301664,10.809178743961352,1.3955984970477724,4.777241009125067,3.180354267310789,0.8521202361782072,,,,
46,23.10789049919485,52.89855072463768,14.224369296833064,1.5432098765432098,4.777241009125067,2.885131508319914,0.5636070853462157,,,,
47,23.047504025764894,49.100912506709605,14.170692431561998,3.7104133118625873,4.777241009125067,2.885131508319914,2.3081052066559313,,,,
48,23.027375201288244,47.34970477724101,14.345142243692969,5.307300053676865,4.777241009125067,2.885131508319914,2.3081052066559313,,,,
49,23.05421363392378,47.336285560923244,14.345142243692969,5.293880837359098,4.777241009125067,2.885131508319914,2.3081052066559313,,,,
50,23.2487922705314,47.175254965110035,14.318303811057435,5.287171229200215,4.777241009125067,2.885131508319914,2.3081052066559313,,,,
51,23.58427267847558,46.97396672034353,14.251207729468598,5.253623188405797,4.7638217928073,2.885131508319914,2.2879763821792807,,,,
52,23.577563070316693,46.27616747181965,13.922436929683306,5.984970477724101,4.7638217928073,3.1870638754696725,2.2879763821792807,,,,
53,23.597691894793343,46.13526570048309,13.915727321524423,5.984970477724101,4.891304347826087,3.1870638754696725,2.2879763821792807,,,,
54,23.382984433709073,44.76650563607085,15.418679549114332,5.984970477724101,4.797369833601718,3.0193236714975846,2.6301663982823404,,,,
55,23.65136876006441,44.524959742351044,15.418679549114332,5.984970477724101,4.770531400966184,3.0193236714975846,2.6301663982823404,,,,
56,23.886205045625335,44.41760601180891,15.331454643048845,5.9447128287707995,4.770531400966184,3.0193236714975846,2.6301663982823404,,,,
57,23.678207192699947,37.32555018786903,15.291196994095545,4.05931293612453,13.996242619431026,3.0193236714975846,2.6301663982823404,,,,
58,23.93317230273752,37.05716586151369,15.291196994095545,4.166666666666667,13.90901771336554,3.012614063338701,2.6301663982823404,,,,
59,24.154589371980677,37.003488996242616,15.217391304347826,4.166666666666667,13.841921631776705,2.9924852388620504,2.623456790123457,,,,
60,24.329039184111647,36.91626409017714,15.163714439076758,4.133118625872249,13.841921631776705,2.9924852388620504,2.623456790123457,,,,
61,24.59742351046699,36.540526033279654,14.949006977992486,4.2270531400966185,13.79495437466452,2.9924852388620504,2.898550724637681,,,,
62,24.986580783682232,36.46672034353194,14.640365002683843,4.2270531400966185,13.79495437466452,2.985775630703167,2.898550724637681,,,,
63,23.53059581320451,30.005367686527105,14.586688137412775,4.052603327965647,23.05421363392378,2.046430488459474,2.7241009125067097,,,,
64,23.752012882447666,29.904723564143854,14.533011272141707,4.052603327965647,22.987117552334944,2.046430488459474,2.7241009125067097,,,,
65,17.693236714975846,63.86205045625336,14.17740203972088,1.7713365539452497,0.13419216317767044,0.46296296296296297,1.8988191089640365,,,,
66,17.94820182501342,63.64734299516908,14.15727321524423,1.751207729468599,0.13419216317767044,0.46296296296296297,1.8988191089640365,,,,
67,18.109232420826622,63.18438003220612,14.13714439076758,2.073268921095008,0.13419216317767044,0.46296296296296297,1.8988191089640365,,,,
68,18.397745571658614,62.94283413848631,14.130434782608695,2.033011272141707,0.13419216317767044,0.46296296296296297,1.8988191089640365,,,,
69,18.679549114331724,61.2385936661299,14.103596349973161,3.4822866344605474,0.13419216317767044,0.46296296296296297,1.8988191089640365,,,,
70,18.726516371443907,60.95679012345679,14.04320987654321,3.589640365002684,0.13419216317767044,0.6508319914117016,1.8988191089640365,,,,
71,18.99490069779925,60.75550187869028,13.976113794954374,3.589640365002684,0.13419216317767044,0.6508319914117016,1.8988191089640365,,,,
72,19.155931293612454,59.18545356951154,13.969404186795492,5.005367686527107,0.13419216317767044,0.6508319914117016,1.8988191089640365,,,,
73,14.512882447665056,54.43505099302201,22.785829307568438,5.931293612453032,,0.43612453032742887,1.8988191089640365,,,,
74,14.573268921095009,54.37466451959206,22.785829307568438,5.931293612453032,,0.43612453032742887,1.8988191089640365,,,,
75,14.969135802469136,50.42270531400966,22.785829307568438,5.475040257648954,,0.43612453032742887,5.911164787976382,,,,
76,15.150295222758992,49.47665056360709,22.208803005904453,6.038647342995169,,1.221148684916801,5.904455179817498,,,,
77,15.485775630703166,49.040526033279654,21.182232957595275,6.1929683306494905,,1.221148684916801,5.904455179817498,0.9728931830381106,,,
78,15.566290928609769,49.040526033279654,21.175523349436393,6.172839506172839,,1.221148684916801,5.850778314546431,0.9728931830381106,,,
79,16.015834675254965,48.68491680085883,21.095008051529792,6.166129898013956,,1.221148684916801,5.844068706387547,0.9728931830381106,,,
80,14.9020397208803,49.89264626945786,21.00107353730542,6.166129898013956,,1.221148684916801,5.844068706387547,0.9728931830381106,,,
81,14.969135802469136,49.37600644122383,20.987654320987655,6.629092860976919,,1.221148684916801,5.844068706387547,0.9728931830381106,,,
82,15.083199141170155,47.78582930756844,20.645464304884594,8.501073537305421,,1.1943102522812667,5.8172302737520125,0.9728931830381106,,,
83,15.505904455179817,47.56441223832528,20.477724100912507,8.474235104669887,,1.1943102522812667,5.810520665593129,0.9728931830381106,,,
84,15.68035426731079,46.89345142243693,20.397208803005906,9.064680622651638,,1.1943102522812667,5.797101449275362,0.9728931830381106,,,
85,15.58641975308642,46.57809983896941,20.833333333333332,8.923778851315083,,1.1943102522812667,5.911164787976382,0.9728931830381106,,,
86,16.25738056897477,46.141975308641975,20.719269994632313,8.923778851315083,,1.1876006441223832,5.797101449275362,0.9728931830381106,,,
87,16.55931293612453,45.880300590445515,20.35024154589372,8.876811594202898,,1.1540526033279657,5.984970477724101,1.1943102522812667,,,
88,16.820987654320987,45.7662372517445,20.21604938271605,8.863392377885132,,1.1540526033279657,5.984970477724101,1.1943102522812667,,,
89,17.102791196994094,45.60520665593129,20.189210950080515,8.863392377885132,,1.1540526033279657,5.891035963499732,1.1943102522812667,,,
90,17.384594739667204,45.48443370907139,20.169082125603865,8.729200214707461,,1.1540526033279657,5.884326355340848,1.1943102522812667,,,
91,17.518786902844873,45.42404723564144,20.128824476650564,8.709071390230811,,1.1540526033279657,5.870907139023081,1.1943102522812667,,,
92,17.881105743424584,45.249597423510465,20.021470746108427,8.648684916800859,,1.1540526033279657,5.850778314546431,1.1943102522812667,,,
93,18.00187869028449,44.69269994632314,19.196188942565755,8.527911969940956,0.7313472893183038,1.6841116478797638,5.971551261406334,1.1943102522812667,,,
94,18.16290928609769,44.477992485238865,19.189479334406872,8.608427267847558,0.7313472893183038,1.6841116478797638,5.9514224369296835,1.1943102522812667,,,
95,18.203166935050994,43.74664519592056,18.98148148148148,9.534353193773484,0.7313472893183038,1.6841116478797638,5.924584004294149,1.1943102522812667,,,
96,18.471551261406333,43.605743424584006,18.95464304884595,9.433709071390231,0.7313472893183038,1.6841116478797638,5.924584004294149,1.1943102522812667,,,
97,18.592324208266238,43.505099302200755,18.94122383252818,9.426999463231347,0.7313472893183038,1.6841116478797638,5.924584004294149,1.1943102522812667,,,
98,18.632581857219538,43.45813204508857,18.666129898013956,9.708803005904455,0.7313472893183038,1.6841116478797638,5.924584004294149,1.1943102522812667,,,
99,18.840579710144926,43.07568438003221,18.612453032742888,9.836285560923242,0.7179280730005367,1.7981749865807837,5.924584004294149,1.1943102522812667,,,
100,18.739935587761675,40.4723564143854,18.075684380032207,12.02361782071927,0.7179280730005367,2.120236178207193,6.662640901771336,1.1876006441223832,,,
101,18.96135265700483,40.324745034889965,18.02200751476114,12.02361782071927,0.7179280730005367,2.120236178207193,6.642512077294686,1.1876006441223832,,,
102,18.84728931830381,38.00322061191626,17.921363392377884,14.63365539452496,0.7179280730005367,2.086688137412775,6.615673644659152,1.1741814278046163,,,
103,18.766774020397207,37.84219001610306,18.80703166935051,14.63365539452496,0.7179280730005367,1.4559849704777241,6.615673644659152,1.1607622114868492,,,
104,18.9345142243693,37.775093934514224,18.773483628556093,14.492753623188406,0.7045088566827697,1.4559849704777241,6.602254428341385,1.1607622114868492,0.10064412238325282,,
105,19.102254428341386,37.6610305958132,18.733225979602793,14.492753623188406,0.7045088566827697,1.4559849704777241,6.588835212023618,1.1607622114868492,0.10064412238325282,,
106,16.398282340311326,44.71953837895867,15.344873859366613,14.472624798711756,0.7045088566827697,1.3486312399355878,6.588835212023618,0.322061191626409,0.10064412238325282,,
107,16.411701556629094,44.477992485238865,15.311325818572195,14.74771873322598,0.7045088566827697,1.3352120236178207,6.588835212023618,0.322061191626409,0.10064412238325282,,
108,16.774020397208805,44.276704240472355,15.24422973698336,14.694041867954912,0.7045088566827697,1.3352120236178207,6.5485775630703165,0.322061191626409,0.10064412238325282,,
109,16.74718196457327,43.71980676328502,15.069779924852389,15.53274288781535,0.7045088566827697,1.3352120236178207,6.5485775630703165,0.24154589371980675,0.10064412238325282,,
110,16.955179817498657,43.552066559312934,15.03623188405797,15.277777777777779,0.7045088566827697,1.3352120236178207,6.588835212023618,0.24154589371980675,0.10064412238325282,0.20799785292538917,
111,17.10950080515298,43.46484165324745,14.99597423510467,15.250939345142244,0.7045088566827697,1.3352120236178207,6.588835212023618,0.24154589371980675,0.10064412238325282,0.20799785292538917,
112,17.364465915190554,43.04884594739667,14.949006977992486,15.22410091250671,0.7045088566827697,1.3352120236178207,6.501610305958132,0.5636070853462157,0.10064412238325282,0.20799785292538917,
113,17.51207729468599,42.94820182501342,14.949006977992486,15.217391304347826,0.7045088566827697,1.3352120236178207,6.461352657004831,0.5636070853462157,0.10064412238325282,0.20799785292538917,
114,17.69994632313473,42.37788513150832,14.801395598497047,14.076757917337627,0.6977992485238862,2.952227589908749,6.387546967257112,0.5636070853462157,0.10064412238325282,0.20799785292538917,0.13419216317767044
115,17.411433172302736,41.706924315619965,13.573537305421363,13.922436929683306,3.1602254428341383,2.952227589908749,6.266774020397209,0.5636070853462157,0.10064412238325282,0.20799785292538917,0.13419216317767044
116,17.01556629092861,39.94900697799248,13.81508319914117,13.16425120772947,3.1602254428341383,2.952227589908749,8.93719806763285,0.5636070853462157,0.10064412238325282,0.20799785292538917,0.13419216317767044
117,17.176596886741816,39.86849168008588,13.81508319914117,13.110574342458401,3.1602254428341383,2.952227589908749,8.910359634997317,0.5636070853462157,0.10064412238325282,0.20799785292538917,0.13419216317767044
118,17.518786902844873,39.57326892109501,13.788244766505636,12.99651100375738,3.1602254428341383,3.113258185721954,8.84326355340848,0.5636070853462157,0.10064412238325282,0.20799785292538917,0.13419216317767044
119,17.66639828234031,39.472624798711756,13.747987117552334,12.989801395598498,3.1602254428341383,3.113258185721954,8.84326355340848,0.5636070853462157,0.10064412238325282,0.20799785292538917,0.13419216317767044
120,18.109232420826622,38.519860440150296,13.741277509393452,13.546698872785829,3.1602254428341383,3.0931293612453032,8.82313472893183,0.5636070853462157,0.10064412238325282,0.20799785292538917,0.13419216317767044
121,18.23671497584541,37.493290391841114,13.66076221148685,14.928878153515834,3.1602254428341383,3.0931293612453032,8.682232957595277,0.30193236714975846,0.10064412238325282,0.20799785292538917,0.13419216317767044
122,18.337359098228664,37.41277509393451,13.6406333870102,14.928878153515834,3.1602254428341383,3.0931293612453032,8.682232957595277,0.30193236714975846,0.10064412238325282,0.20799785292538917,0.13419216317767044
123,18.19645732689211,35.03086419753087,13.593666129898015,17.867686527106816,3.1468062265163717,3.0931293612453032,8.32662372517445,0.30193236714975846,0.10064412238325282,0.20799785292538917,0.13419216317767044
124,17.767042404723565,35.607890499194845,13.519860440150294,17.820719269994633,3.1468062265163717,3.079710144927536,8.313204508856682,0.30193236714975846,0.10064412238325282,0.20799785292538917,0.13419216317767044
125,17.384594739667204,34.64170692431562,13.600375738056897,19.135802469135804,3.1468062265163717,3.0595813204508855,8.28636607622115,0.30193236714975846,0.10064412238325282,0.20799785292538917,0.13419216317767044
126,17.54562533548041,34.52093397745572,13.58695652173913,19.122383252818036,3.1468062265163717,3.046162104133119,8.28636607622115,0.30193236714975846,0.10064412238325282,0.20799785292538917,0.13419216317767044
127,17.70665593129361,34.49409554482018,13.58695652173913,19.061996779388085,3.012614063338701,3.166935050993022,8.225979602791197,0.30193236714975846,0.10064412238325282,0.20799785292538917,0.13419216317767044
128,17.995169082125603,34.23913043478261,13.58695652173913,18.833870101986044,3.012614063338701,3.1199677938808374,8.467525496511003,0.30193236714975846,0.10064412238325282,0.20799785292538917,0.13419216317767044
129,18.323939881910896,34.11164787976382,13.439345142243694,18.813741277509394,3.012614063338701,3.1199677938808374,8.433977455716587,0.30193236714975846,0.10064412238325282,0.20799785292538917,0.13419216317767044
130,18.370907139023082,33.99087493290392,13.41250670960816,18.377616747181964,3.012614063338701,3.7372517444981215,8.353462157809984,0.30193236714975846,0.10064412238325282,0.20799785292538917,0.13419216317767044
131,18.270263016639827,33.964036500268385,13.41250670960816,18.377616747181964,3.012614063338701,3.7372517444981215,7.823403113258186,0.30193236714975846,0.10064412238325282,0.20799785292538917,0.7917337627482555
132,17.8743961352657,33.353462157809986,12.191358024691358,17.753623188405797,2.952227589908749,5.656199677938808,8.829844337090714,0.2885131508319914,0.10064412238325282,0.20799785292538917,0.7917337627482555
133,17.94820182501342,33.16559312936125,12.318840579710145,17.753623188405797,2.952227589908749,5.656199677938808,8.816425120772946,0.2885131508319914,0.10064412238325282,0.20799785292538917,0.7917337627482555
134,18.10252281266774,33.10520665593129,12.285292538915728,17.827428878153516,2.952227589908749,5.555555555555555,8.78287707997853,0.2885131508319914,0.10064412238325282,0.20799785292538917,0.7917337627482555
135,18.297101449275363,33.02469135802469,12.25174449812131,17.780461621041333,2.9253891572732154,5.548845947396672,8.78287707997853,0.2885131508319914,0.10064412238325282,0.20799785292538917,0.7917337627482555
136,18.51851851851852,32.46108427267848,12.171229200214707,18.256843800322063,2.898550724637681,5.347557702630167,8.715780998389693,0.2885131508319914,0.3421900161030596,0.20799785292538917,0.7917337627482555
137,18.57890499194847,32.31347289318304,12.164519592055823,18.156199677938808,2.898550724637681,5.421363392377885,8.225979602791197,0.9393451422436929,0.3421900161030596,0.20799785292538917,0.7514761137949544
138,17.082662372517444,32.25979602791197,8.11862587224906,17.921363392377884,8.514492753623188,5.35426731078905,8.507783145464305,0.9393451422436929,0.3421900161030596,0.20799785292538917,0.7514761137949544
139,17.176596886741816,32.22624798711755,8.111916264090176,17.894524959742352,8.501073537305421,5.340848094471283,8.507783145464305,0.9393451422436929,0.3421900161030596,0.20799785292538917,0.7514761137949544
140,17.438271604938272,32.13231347289318,8.105206655931294,17.85426731078905,8.467525496511003,5.340848094471283,8.433977455716587,0.9259259259259259,0.3421900161030596,0.20799785292538917,0.7514761137949544
141,17.773752012882447,31.89747718733226,8.105206655931294,17.793880837359097,8.467525496511003,5.3274288781535155,8.407139023081053,0.9259259259259259,0.3421900161030596,0.20799785292538917,0.7514761137949544
142,17.96833064949007,31.863929146537842,8.09849704777241,17.713365539452496,8.467525496511003,5.287171229200215,8.387010198604402,0.9259259259259259,0.3421900161030596,0.20799785292538917,0.7380568974771873
143,18.4044551798175,31.4345142243693,8.09849704777241,17.364465915190554,8.400429414922169,5.287171229200215,8.796296296296296,0.9259259259259259,0.3421900161030596,0.20799785292538917,0.7380568974771873
144,18.753354804079443,31.320450885668276,8.064949006977992,17.236983360171767,8.400429414922169,5.260332796564681,8.769457863660762,0.9125067096081588,0.33548040794417605,0.20799785292538917,0.7380568974771873
145,19.048577563070317,31.246645195920557,8.017981749865807,17.196725711218466,8.360171765968868,5.2066559312936125,8.729200214707461,0.9125067096081588,0.33548040794417605,0.20799785292538917,0.7380568974771873
146,19.189479334406872,30.97826086956522,7.950885668276973,17.163177670424048,8.360171765968868,5.508588298443371,8.722490606548577,0.8454106280193237,0.33548040794417605,0.20799785292538917,0.7380568974771873
147,19.390767579173378,30.911164787976382,7.950885668276973,17.102791196994094,8.319914117015566,5.508588298443371,8.68894256575416,0.8454106280193237,0.33548040794417605,0.20799785292538917,0.7380568974771873
148,19.49812130971551,30.776972624798713,8.051529790660226,17.03569511540526,8.319914117015566,5.508588298443371,8.682232957595277,0.8454106280193237,0.33548040794417605,0.20799785292538917,0.7380568974771873
149,19.632313472893184,30.52200751476114,7.98443370907139,17.330917874396135,8.313204508856682,5.441492216854535,8.655394524959743,0.8454106280193237,0.33548040794417605,0.20799785292538917,0.7313472893183038
150,19.243156199677937,29.924852388620504,6.515029522275899,17.06924315619968,11.3191089640365,5.387815351583468,8.57487922705314,0.6910896403650026,0.33548040794417605,0.20799785292538917,0.7313472893183038
151,19.343800322061192,29.857756307031668,5.931293612453032,17.67981749865808,10.836017176596886,5.387815351583468,8.521202361782072,0.6910896403650026,0.33548040794417605,0.20799785292538917,1.2077294685990339
152,19.53166935050993,29.810789049919485,5.904455179817498,17.639559849704778,10.815888352120236,5.360976918947934,8.521202361782072,0.6910896403650026,0.33548040794417605,0.20799785292538917,1.1808910359634996
153,19.632313472893184,29.70343531937735,6.018518518518518,17.612721417069242,10.809178743961352,5.307300053676865,8.501073537305421,0.6910896403650026,0.33548040794417605,0.20799785292538917,1.1808910359634996
154,20.00805152979066,29.622920021470748,6.018518518518518,17.411433172302736,10.789049919484702,5.273752012882448,8.480944712828771,0.6709608158883521,0.33548040794417605,0.20799785292538917,1.1808910359634996
155,20.101986044015028,29.51556629092861,6.018518518518518,17.337627482555018,10.789049919484702,5.273752012882448,8.353462157809984,0.8856682769726248,0.33548040794417605,0.20799785292538917,1.1808910359634996
156,20.21604938271605,29.47530864197531,6.005099302200751,17.310789049919485,10.789049919484702,5.260332796564681,8.353462157809984,0.8856682769726248,0.33548040794417605,0.20799785292538917,1.1607622114868492
157,20.39049919484702,29.294149221685455,5.991680085882985,17.01556629092861,10.762211486849168,5.159688674181428,8.863392377885132,0.8856682769726248,0.2683843263553409,0.20799785292538917,1.1607622114868492
158,20.551529790660226,29.22705314009662,5.971551261406334,17.002147074610843,10.735373054213634,5.320719269994632,8.829844337090714,0.8856682769726248,0.2683843263553409,0.20799785292538917,0.9997316156736447
159,20.75281803542673,29.09957058507783,5.917874396135265,17.08937198067633,10.648148148148149,5.320719269994632,8.809715512614064,0.8856682769726248,0.2683843263553409,0.20799785292538917,0.9997316156736447
160,21.108427267847556,28.951959205582394,5.891035963499732,17.008856682769725,10.607890499194847,5.300590445517981,8.769457863660762,0.8856682769726248,0.2683843263553409,0.20799785292538917,0.9997316156736447
161,21.329844337090712,28.904991948470208,5.891035963499732,16.968599033816425,10.473698336017177,5.300590445517981,8.769457863660762,0.8856682769726248,0.2683843263553409,0.20799785292538917,0.9997316156736447
162,21.604938271604937,28.81105743424584,5.803811057434245,16.961889425657542,10.453569511540525,5.253623188405797,8.749329039184111,0.8856682769726248,0.2683843263553409,0.20799785292538917,0.9997316156736447
163,21.806226516371442,28.421900161030596,5.797101449275362,17.257112184648417,10.399892646269459,5.233494363929147,8.729200214707461,0.8856682769726248,0.2616747181964573,0.20799785292538917,0.9997316156736447
164,21.89345142243693,28.213902308105208,5.790391841116479,17.47181964573269,10.34621578099839,5.213365539452496,8.715780998389693,0.8856682769726248,0.2616747181964573,0.20799785292538917,0.9997316156736447
165,22.088030059044552,28.079710144927535,5.783682232957595,17.424852388620504,10.34621578099839,5.213365539452496,8.709071390230811,0.8856682769726248,0.2616747181964573,0.20799785292538917,0.9997316156736447
166,22.31615673644659,28.073000536768653,5.783682232957595,17.270531400966185,10.34621578099839,5.213365539452496,8.655394524959743,0.8722490606548577,0.2616747181964573,0.20799785292538917,0.9997316156736447
167,22.443639291465377,27.87842190016103,5.783682232957595,17.102791196994094,10.319377348362856,5.146269457863661,9.07139023081052,0.8722490606548577,0.17444981213097155,0.20799785292538917,0.9997316156736447
168,22.765700483091788,27.78448738593666,5.763553408480945,16.99543746645196,10.292538915727322,5.10601180891036,9.037842190016104,0.8722490606548577,0.17444981213097155,0.20799785292538917,0.9997316156736447
169,22.82608695652174,27.76435856146001,5.763553408480945,16.968599033816425,10.292538915727322,5.10601180891036,9.024422973698336,0.8722490606548577,0.17444981213097155,0.20799785292538917,0.9997316156736447
170,22.920021470746107,27.697262479871174,5.750134192163178,16.968599033816425,10.279119699409554,5.10601180891036,9.024422973698336,0.8722490606548577,0.17444981213097155,0.20799785292538917,0.9997316156736447
171,23.235373054213635,27.616747181964573,5.636070853462158,16.888083735909824,10.265700483091788,5.10601180891036,9.024422973698336,0.8722490606548577,0.14761137949543746,0.20799785292538917,0.9997316156736447
172,23.43666129898014,27.469135802469136,5.609232420826624,16.874664519592056,10.25228126677402,5.10601180891036,9.024422973698336,0.8722490606548577,0.14761137949543746,0.20799785292538917,0.9997316156736447
173,23.17498658078368,26.992753623188406,5.609232420826624,15.465646806226516,10.225442834138486,5.0993022007514766,11.20504562533548,0.8722490606548577,0.14761137949543746,0.20799785292538917,0.9997316156736447
174,23.349436392914654,26.94578636607622,5.5689747718733225,15.45222758990875,10.185185185185185,5.0993022007514766,11.191626409017713,0.8722490606548577,0.14761137949543746,0.20799785292538917,0.9796027911969941
175,23.470209339774556,26.918947933440688,5.5689747718733225,15.45222758990875,9.977187332259795,5.072463768115942,11.030595813204508,1.1741814278046163,0.14761137949543746,0.20799785292538917,0.9796027911969941
176,23.637949543746647,26.858561460010737,5.448201825013419,15.22410091250671,9.903381642512077,5.038915727321524,11.064143853998926,1.1741814278046163,0.14761137949543746,0.5434782608695652,0.9594739667203436
177,23.785560923242084,26.838432635534083,5.448201825013419,15.190552871712292,9.876543209876543,5.038915727321524,10.950080515297907,1.4962426194310252,0.14761137949543746,0.5434782608695652,0.6843800322061192
178,23.852657004830917,26.73107890499195,5.448201825013419,14.821524422973699,9.970477724100913,5.038915727321524,11.325818572195384,1.4358561460010735,0.14761137949543746,0.5434782608695652,0.6843800322061192
179,23.980139559849704,26.684111647879764,5.448201825013419,14.78797638217928,9.957058507783145,5.038915727321524,11.292270531400966,1.4358561460010735,0.14761137949543746,0.5434782608695652,0.6843800322061192
180,23.95330112721417,26.32850241545894,5.448201825013419,15.177133655394526,9.950348899624261,5.038915727321524,11.292270531400966,1.4358561460010735,0.14761137949543746,0.5434782608695652,0.6843800322061192
181,24.4296833064949,26.174181427804616,5.3341384863123995,15.754159957058508,9.796027911969942,5.018786902844874,10.681696188942565,1.4358561460010735,0.14761137949543746,0.5434782608695652,0.6843800322061192
182,24.54374664519592,26.133923778851315,5.3341384863123995,15.727321524422974,9.688674181427805,5.018786902844874,10.668276972624799,1.4090177133655395,0.14761137949543746,0.5434782608695652,0.785024154589372
183,24.691358024691358,26.120504562533547,5.3341384863123995,15.68035426731079,9.601449275362318,5.018786902844874,10.668276972624799,1.4090177133655395,0.14761137949543746,0.5434782608695652,0.785024154589372
184,24.825550187869027,26.080246913580247,5.320719269994632,15.660225442834138,9.601449275362318,4.978529253891573,10.648148148148149,1.4090177133655395,0.14761137949543746,0.5434782608695652,0.785024154589372
185,24.953032742887814,26.01315083199141,5.300590445517981,15.660225442834138,9.601449275362318,4.9651100375738055,10.621309715512615,1.4090177133655395,0.14761137949543746,0.5434782608695652,0.785024154589372
186,24.765163714439076,25.684380032206118,5.253623188405797,15.660225442834138,9.554482018250134,5.5756843800322065,10.621309715512615,1.4090177133655395,0.14761137949543746,0.5434782608695652,0.785024154589372
187,24.88593666129898,25.140901771336555,5.233494363929147,15.559581320450885,9.541062801932368,6.146001073537305,10.607890499194847,1.4090177133655395,0.14761137949543746,0.5434782608695652,0.785024154589372
188,25.254965110037574,25.033548040794418,5.233494363929147,15.539452495974235,9.5276435856146,6.105743424584004,10.554213633923778,1.3150831991411702,0.14761137949543746,0.5032206119162641,0.785024154589372
189,25.523349436392916,24.973161567364468,5.226784755770263,15.485775630703166,9.366612989801396,5.998389694041868,10.513955984970478,1.3150831991411702,0.14761137949543746,0.5032206119162641,0.9460547504025765
190,25.355609232420825,24.4296833064949,5.226784755770263,15.24422973698336,9.306226516371444,5.998389694041868,11.52710681696189,1.3150831991411702,0.14761137949543746,0.5032206119162641,0.9460547504025765
191,25.51663982823403,24.308910359634996,5.199946323134729,15.237520128824476,9.306226516371444,5.991680085882985,11.52710681696189,1.3150831991411702,0.14761137949543746,0.5032206119162641,0.9460547504025765
192,25.5300590445518,24.208266237251745,5.199946323134729,15.01610305958132,9.306226516371444,5.991680085882985,11.83574879227053,1.3150831991411702,0.14761137949543746,0.5032206119162641,0.9460547504025765
193,25.644122383252817,24.134460547504027,5.193236714975845,14.989264626945786,9.306226516371444,5.984970477724101,11.83574879227053,1.3150831991411702,0.14761137949543746,0.5032206119162641,0.9460547504025765
194,23.34272678475577,20.39049919484702,4.757112184648417,13.734567901234568,8.903650026838433,14.371980676328503,11.178207192699947,1.737788513150832,0.14761137949543746,0.5032206119162641,0.9326355340848095
195,23.470209339774556,20.323403113258184,4.757112184648417,13.70101986044015,8.903650026838433,14.371980676328503,11.151368760064413,1.737788513150832,0.14761137949543746,0.5032206119162641,0.9326355340848095
196,23.60440150295223,20.263016639828233,4.253891572732153,13.580246913580247,8.903650026838433,15.069779924852389,11.023886205045626,1.737788513150832,0.14761137949543746,0.4830917874396135,0.9326355340848095
197,23.718464841653248,20.242887815351583,4.253891572732153,13.539989264626946,8.890230810520666,15.042941492216855,11.017176596886742,1.7310789049919484,0.14761137949543746,0.4830917874396135,0.9326355340848095
198,24.000268384326354,20.189210950080515,4.253891572732153,13.493022007514762,8.82313472893183,14.955716586151368,10.990338164251208,1.7310789049919484,0.14761137949543746,0.4830917874396135,0.9326355340848095
199,24.22168545356951,19.79334406870639,4.247181964573269,13.41250670960816,8.776167471819646,15.277777777777779,10.976918947933441,1.7310789049919484,0.14761137949543746,0.4830917874396135,0.9326355340848095
200,24.46323134728932,19.652442297369834,4.247181964573269,13.41250670960816,8.722490606548577,15.24422973698336,10.963499731615673,1.7310789049919484,0.14761137949543746,0.4830917874396135,0.9326355340848095
201,24.510198604401502,19.652442297369834,4.2203435319377345,13.41250670960816,8.722490606548577,15.371712292002147,10.68840579710145,1.7310789049919484,0.27509393451422437,0.4830917874396135,0.9326355340848095
202,24.516908212560388,19.612184648416534,4.2203435319377345,13.318572195383789,8.588298443370908,15.365002683843263,10.661567364465915,2.0531400966183573,0.27509393451422437,0.4830917874396135,0.9057971014492754
203,24.758454106280194,19.592055823939884,4.2203435319377345,13.285024154589372,8.55475040257649,15.35829307568438,10.534084809447128,2.0531400966183573,0.27509393451422437,0.46296296296296297,0.9057971014492754
204,24.731615673644658,19.55179817498658,4.2203435319377345,13.258185721953838,8.78287707997853,15.237520128824476,10.534084809447128,2.0531400966183573,0.27509393451422437,0.4562533548040794,0.8990874932903918
205,24.785292538915726,19.538378958668815,4.2203435319377345,13.258185721953838,8.776167471819646,15.237520128824476,10.50053676865271,2.0531400966183573,0.27509393451422437,0.4562533548040794,0.8990874932903918
206,24.859098228663445,19.49141170155663,4.2203435319377345,13.023349436392914,8.776167471819646,15.197262479871176,10.466988727858293,2.3349436392914655,0.27509393451422437,0.4562533548040794,0.8990874932903918
207,24.92619431025228,19.464573268921097,4.2203435319377345,13.01663982823403,8.756038647342995,15.183843263553408,10.466988727858293,2.3349436392914655,0.27509393451422437,0.4562533548040794,0.8990874932903918
208,24.610842726784757,19.269994632313473,3.9452495974235107,13.09044551798175,9.829575952764358,14.928878153515834,10.38647342995169,2.200751476113795,0.4495437466451959,0.4562533548040794,0.8319914117015567
209,24.859098228663445,19.209608158883523,3.92512077294686,13.083735909822867,9.71551261406334,14.895330112721417,10.38647342995169,2.187332259796028,0.4495437466451959,0.4562533548040794,0.8319914117015567
210,25.033548040794418,19.14922168545357,3.9184111647879765,13.030059044551798,9.71551261406334,14.88191089640365,10.34621578099839,2.187332259796028,0.4495437466451959,0.4562533548040794,0.8319914117015567
211,25.34219001610306,19.122383252818036,3.9184111647879765,13.030059044551798,9.614868491680086,14.78797638217928,10.258990874932904,2.187332259796028,0.4495437466451959,0.4562533548040794,0.8319914117015567
212,25.543478260869566,19.11567364465915,3.9049919484702094,12.949543746645196,9.614868491680086,14.700751476113794,10.245571658615138,2.187332259796028,0.4495437466451959,0.4562533548040794,0.8319914117015567
213,25.5703166935051,19.008319914117017,3.8848631239935587,12.801932367149758,9.453837895866881,14.667203435319378,10.513955984970478,2.3617820719269993,0.4495437466451959,0.4562533548040794,0.8319914117015567
214,25.697799248523886,18.98148148148148,3.8848631239935587,12.305421363392378,9.883252818035427,14.566559312936125,10.513955984970478,2.428878153515835,0.4495437466451959,0.4562533548040794,0.8319914117015567
215,25.91921631776704,18.927804616210413,3.864734299516908,12.298711755233494,9.849704777241008,14.49946323134729,10.513955984970478,2.428878153515835,0.4428341384863124,0.4227053140096618,0.8319914117015567
216,25.72463768115942,19.390767579173378,3.81105743424584,12.211486849168008,9.849704777241008,14.445786366076222,10.44015029522276,2.428878153515835,0.4428341384863124,0.4227053140096618,0.8319914117015567
217,25.805152979066023,19.363929146537842,3.844605475040258,12.211486849168008,9.849704777241008,14.445786366076222,10.379763821792807,2.4020397208803006,0.4428341384863124,0.4227053140096618,0.8319914117015567
218,25.979602791196996,19.35721953837896,3.844605475040258,12.157809983896941,9.822866344605474,14.398819108964037,10.379763821792807,2.3617820719269993,0.4428341384863124,0.4227053140096618,0.8319914117015567
219,25.91921631776704,18.927804616210413,3.824476650563607,12.130971551261407,9.789318303811058,14.27133655394525,11.077563070316694,2.3617820719269993,0.4428341384863124,0.4227053140096618,0.8319914117015567
220,26.019860440150296,18.887546967257112,3.824476650563607,12.124261943102523,9.75577026301664,14.257917337627482,11.07085346215781,2.3617820719269993,0.4428341384863124,0.4227053140096618,0.8319914117015567
221,25.939345142243692,18.276972624798713,3.8177670424047236,12.86231884057971,9.75577026301664,14.244498121309716,11.044015029522276,2.3617820719269993,0.4428341384863124,0.4227053140096618,0.8319914117015567
222,26.073537305421365,18.223295759527645,3.8177670424047236,12.86231884057971,9.75577026301664,14.210950080515298,11.003757380568974,2.3617820719269993,0.4428341384863124,0.41599570585077833,0.8319914117015567
223,25.91250670960816,18.223295759527645,4.609500805152979,12.835480407944177,9.23913043478261,14.15727321524423,10.970209339774557,2.3617820719269993,0.4428341384863124,0.41599570585077833,0.8319914117015567
224,26.08695652173913,18.10252281266774,4.609500805152979,12.815351583467525,9.205582393988191,14.15727321524423,10.970209339774557,2.3617820719269993,0.4428341384863124,0.41599570585077833,0.8319914117015567
225,25.99302200751476,18.075684380032207,4.5960815888352125,12.587224906065487,8.735909822866345,15.01610305958132,10.943370907139023,2.3617820719269993,0.4428341384863124,0.41599570585077833,0.8319914117015567
226,26.227858293075684,18.02200751476114,4.562533548040794,12.580515297906603,8.715780998389693,14.969135802469136,10.869565217391305,2.3617820719269993,0.4428341384863124,0.41599570585077833,0.8319914117015567
227,26.113794954374665,17.840848094471284,4.562533548040794,12.352388620504563,8.702361782071927,15.58641975308642,10.789049919484702,2.3617820719269993,0.4428341384863124,0.41599570585077833,0.8319914117015567
228,26.40901771336554,17.70665593129361,4.562533548040794,12.285292538915728,8.675523349436393,15.22410091250671,10.775630703166936,2.3617820719269993,0.4428341384863124,0.41599570585077833,1.1406333870101986
229,26.643853998926463,17.639559849704778,4.53569511540526,12.245034889962426,8.675523349436393,15.136876006441224,10.762211486849168,2.3617820719269993,0.4428341384863124,0.41599570585077833,1.1406333870101986
230,26.73107890499195,17.639559849704778,4.53569511540526,12.238325281803542,8.662104133118627,15.069779924852389,10.762211486849168,2.3617820719269993,0.4428341384863124,0.41599570585077833,1.1406333870101986
231,26.88539989264627,17.62614063338701,4.528985507246377,12.198067632850242,8.662104133118627,15.143585614600108,10.661567364465915,2.3550724637681157,0.4428341384863124,0.38915727321524424,1.107085346215781
232,26.932367149758456,17.62614063338701,4.502147074610843,12.198067632850242,8.662104133118627,15.123456790123457,10.661567364465915,2.3550724637681157,0.4428341384863124,0.38915727321524424,1.107085346215781
233,27.18733225979603,17.599302200751477,4.502147074610843,12.177938808373591,8.648684916800859,15.002683843263553,10.587761674718196,2.3550724637681157,0.4428341384863124,0.38915727321524424,1.107085346215781
