,45,50,54,51,52,55,53,56
0,97.67176596886742,2.328234031132582,,,,,,
1,94.75979602791197,5.24020397208803,,,,,,
2,90.25093934514224,9.749060654857756,,,,,,
3,89.96242619431025,10.037573805689748,,,,,,
4,83.23268921095008,16.76731078904992,,,,,,
5,78.8311862587225,21.16881374127751,,,,,,
6,70.26301663982824,29.736983360171767,,,,,,
7,70.41062801932367,29.58937198067633,,,,,,
8,67.98174986580784,32.018250134192165,,,,,,
9,67.76704240472357,32.23295759527644,,,,,,
10,65.10332796564681,34.896672034353195,,,,,,
11,61.3996242619431,38.31857219538379,0.28180354267310787,,,,,
12,61.62775093934514,38.09044551798175,0.28180354267310787,,,,,
13,62.03703703703704,37.68115942028985,0.28180354267310787,,,,,
14,61.822329575952764,37.5805152979066,0.28180354267310787,0.3153515834675255,,,,
15,58.42055823939882,40.98228663446055,0.28180354267310787,0.3153515834675255,,,,
16,58.56816961889426,40.62667740203972,0.2549651100375738,0.3153515834675255,0.23483628556092323,,,
17,58.7157809983897,40.47906602254428,0.2549651100375738,0.3153515834675255,0.23483628556092323,,,
18,58.071658615136876,41.1231884057971,0.2549651100375738,0.3153515834675255,0.23483628556092323,,,
19,56.72302737520129,42.351046698872786,0.3757380568974772,0.3153515834675255,0.23483628556092323,,,
20,55.73000536768653,39.31830381105743,0.3757380568974772,4.1532474503489,0.23483628556092323,0.1878690284487386,,
21,54.106280193236714,33.44068706387547,0.3757380568974772,11.694847020933977,0.3824476650563607,,,
22,52.33494363929147,33.3870101986044,0.3757380568974772,13.533279656468062,0.36902844873859364,,,
23,46.504294149221685,39.32501341921632,0.3757380568974772,13.425925925925926,0.36902844873859364,,,
24,36.12453032742888,51.66398282340311,0.3757380568974772,11.466720343531938,0.36902844873859364,,,
25,33.313204508856685,54.5222758990875,0.3757380568974772,11.419753086419753,0.36902844873859364,,,
26,33.373590982286636,52.29468599033817,0.3757380568974772,11.20504562533548,2.7509393451422435,,,
27,33.57487922705314,51.952495974235106,0.3757380568974772,11.191626409017713,2.717391304347826,,0.1878690284487386,
28,33.467525496511,52.17391304347826,0.33548040794417605,11.117820719269995,2.717391304347826,,0.1878690284487386,
29,33.69565217391305,51.99946323134729,0.33548040794417605,11.077563070316694,2.703972088030059,,0.1878690284487386,
30,33.99087493290392,51.79817498658078,0.33548040794417605,11.017176596886742,2.6704240472356413,,0.1878690284487386,
31,34.286097691894796,51.549919484702095,0.33548040794417605,10.983628556092324,2.657004830917874,,0.1878690284487386,
32,34.43370907139023,51.45598497047772,0.33548040794417605,10.950080515297907,2.636876006441224,,0.1878690284487386,
33,34.86983360171766,51.06682769726248,0.33548040794417605,10.768921095008052,2.6301663982823404,0.14090177133655393,0.1878690284487386,
34,35.29253891572732,50.71121846484165,0.33548040794417605,10.7085346215781,2.623456790123457,0.14090177133655393,0.1878690284487386,
35,35.32608695652174,50.22812667740204,0.33548040794417605,9.98389694041868,3.851315083199141,0.14090177133655393,0.13419216317767044,
36,35.668276972624795,49.84567901234568,0.33548040794417605,9.420289855072463,3.851315083199141,0.7581857219538379,0.12077294685990338,
37,35.88298443370907,49.19484702093398,0.33548040794417605,10.044283413848632,3.6634460547504024,0.7581857219538379,0.12077294685990338,
38,35.66156736446592,48.89291465378422,0.33548040794417605,10.59447128287708,3.6634460547504024,0.7313472893183038,0.12077294685990338,
39,35.71524422973698,47.839506172839506,0.33548040794417605,11.41304347826087,3.6366076221148687,0.7648953301127214,0.2952227589908749,
40,36.09769189479334,47.55099302200752,0.33548040794417605,11.366076221148685,3.589640365002684,0.7648953301127214,0.2952227589908749,
41,36.2385936661299,46.43719806763285,0.33548040794417605,12.345679012345679,3.5829307568438002,0.7648953301127214,0.2952227589908749,
42,36.68142780461621,46.31642512077295,0.33548040794417605,12.070585077831455,3.535963499731616,0.7648953301127214,0.2952227589908749,
43,36.9699409554482,46.101717659688674,0.33548040794417605,12.016908212560386,3.535963499731616,0.7648953301127214,0.27509393451422437,
44,37.07729468599034,45.8467525496511,0.33548040794417605,12.00348899624262,3.535963499731616,0.9259259259259259,0.27509393451422437,
45,37.27187332259796,45.410628019323674,0.33548040794417605,12.245034889962426,3.535963499731616,0.9259259259259259,0.27509393451422437,
46,36.99677938808374,43.86070853462158,0.9259259259259259,11.916264090177133,5.199946323134729,0.8252818035426731,0.27509393451422437,
47,37.31213097155126,43.666129898013956,0.9259259259259259,11.802200751476114,5.199946323134729,0.8252818035426731,0.2683843263553409,
48,37.5,43.344068706387546,0.9259259259259259,11.694847020933977,5.199946323134729,1.06682769726248,0.2683843263553409,
49,37.82877079978529,42.92807300053677,0.8923778851315083,11.688137412775093,5.166398282340311,1.2278582930756843,0.2683843263553409,
50,37.714707461084274,40.64009661835749,0.8923778851315083,14.103596349973161,5.152979066022544,1.2278582930756843,0.2683843263553409,
51,38.12399355877617,40.371712292002144,0.8923778851315083,14.002952227589908,5.12614063338701,1.2144390767579174,0.2683843263553409,
52,38.258185721953836,40.27106816961889,0.8923778851315083,13.969404186795492,5.12614063338701,1.2144390767579174,0.2683843263553409,
53,37.936124530327426,40.41867954911433,0.8387010198604401,13.935856146001074,5.12614063338701,1.2144390767579174,0.5300590445517982,
54,37.17122920021471,39.50617283950617,0.8387010198604401,16.505636070853463,3.992216854535695,1.4761137949543746,0.5099302200751477,
55,37.60064412238325,39.2914653784219,0.8387010198604401,16.371443907675793,3.9855072463768115,1.402308105206656,0.5099302200751477,
56,37.94283413848631,38.969404186795494,0.8387010198604401,16.364734299516908,3.9855072463768115,1.3888888888888888,0.5099302200751477,
57,35.560923242082666,41.606280193236714,0.8387010198604401,16.29092860976919,3.9855072463768115,1.3821792807300053,0.33548040794417605,
58,35.768921095008054,41.44524959742351,0.8387010198604401,16.243961352657006,3.9855072463768115,1.3821792807300053,0.33548040794417605,
59,36.111111111111114,40.98228663446055,0.8252818035426731,16.06280193236715,4.106280193236715,1.5767579173376274,0.33548040794417605,
60,36.211755233494365,40.5931293612453,0.8252818035426731,16.398282340311326,4.072732152442297,1.5633387010198605,0.33548040794417605,
61,36.493558776167475,39.841653247450346,0.8252818035426731,16.243961352657006,4.072732152442297,2.187332259796028,0.33548040794417605,
62,35.98362855609233,40.23752012882448,1.9457863660762211,15.526033279656469,4.072732152442297,1.9927536231884058,0.24154589371980675,
63,36.41975308641975,39.83494363929147,1.9457863660762211,15.499194847020934,4.072732152442297,1.9927536231884058,0.23483628556092323,
64,36.7686527106817,39.57997852925389,1.9457863660762211,15.405260332796564,4.072732152442297,1.9927536231884058,0.23483628556092323,
65,36.983360171765966,39.49946323134729,1.9189479334406871,15.371712292002147,4.045893719806763,1.9457863660762211,0.23483628556092323,
66,37.17122920021471,38.848631239935585,1.9189479334406871,15.271068169618895,4.03918411164788,1.9256575415995705,0.8252818035426731,
67,37.285292538915726,38.6406333870102,1.90552871712292,15.163714439076758,4.03918411164788,1.9189479334406871,1.0466988727858293,
68,37.52012882447665,38.519860440150296,1.8786902844873858,15.123456790123457,4.005636070853462,1.9189479334406871,1.0332796564680622,
69,37.453032742887814,37.97638217928073,1.8786902844873858,15.787707997852925,4.005636070853462,1.9189479334406871,0.9796027911969941,
70,37.5,37.69457863660762,1.865271068169619,15.60654857756307,4.159957058507783,1.9189479334406871,1.2546967257112185,
71,37.69457863660762,37.58722490606549,1.8518518518518519,15.22410091250671,4.468599033816425,1.9189479334406871,1.2546967257112185,
72,37.72812667740204,37.473161567364464,1.8518518518518519,14.781266774020397,4.448470209339774,1.9189479334406871,1.7981749865807837,
73,37.90257648953301,37.285292538915726,1.8518518518518519,14.667203435319378,4.448470209339774,1.9189479334406871,1.9256575415995705,
74,37.72141706924316,36.01717659688674,3.502415458937198,14.506172839506172,4.448470209339774,1.90552871712292,1.8988191089640365,
75,35.909822866344605,38.17096081588835,3.502415458937198,14.264626945786366,4.448470209339774,1.8719806763285025,1.8317230273752012,
76,35.08454106280193,35.245571658615134,3.7037037037037037,18.21658615136876,4.448470209339774,1.8719806763285025,1.42914653784219,
77,35.668276972624795,34.72222222222222,3.7037037037037037,18.189747718733226,4.448470209339774,1.8585614600107354,1.4090177133655395,
78,36.04401502952228,34.554482018250134,3.7037037037037037,18.00858829844337,4.42163177670424,1.8585614600107354,1.4090177133655395,
79,36.32581857219538,34.366612989801396,3.670155662909286,17.975040257648953,4.42163177670424,1.8317230273752012,1.4090177133655395,
80,36.68142780461621,33.93048845947396,3.6097691894793345,17.847557702630166,4.42163177670424,2.100107353730542,1.4090177133655395,
81,36.842458400429415,33.843263553408484,3.5829307568438002,17.820719269994633,4.408212560386473,2.0933977455716586,1.4090177133655395,
82,36.81561996779388,33.57487922705314,4.079441760601181,17.70665593129361,4.341116478797638,2.073268921095008,1.4090177133655395,
83,36.252012882447666,32.78314546430489,3.992216854535695,19.189479334406872,4.341116478797638,2.046430488459474,1.3955984970477724,
84,36.178207192699944,32.54159957058508,3.992216854535695,19.665861513687602,4.327697262479871,2.0263016639828235,1.2681159420289856,
85,36.198336017176594,32.11218464841653,3.992216854535695,19.49141170155663,4.300858829844337,1.9592055823939882,1.9457863660762211,
86,34.447128287708,30.56226516371444,3.992216854535695,23.564143853998928,3.5292538915727323,1.9592055823939882,1.9457863660762211,
87,34.58803005904455,30.515297906602253,3.9855072463768115,23.49704777241009,3.5091250670960816,1.9592055823939882,1.9457863660762211,
88,34.86983360171766,30.280461621041333,3.9586688137412773,23.47691894793344,3.5091250670960816,1.9592055823939882,1.9457863660762211,
89,34.99060654857756,30.226784755770264,3.9586688137412773,23.416532474503487,3.5091250670960816,1.9524959742351047,1.9457863660762211,
90,35.42673107890499,30.05233494363929,3.9586688137412773,23.17498658078368,3.5091250670960816,1.9524959742351047,1.9256575415995705,
91,35.35963499731616,28.985507246376812,5.542136339237788,22.785829307568438,3.5091250670960816,1.9457863660762211,1.8719806763285025,
92,35.258990874932906,28.401771336553946,5.562265163714439,23.369565217391305,3.421900161030596,1.9256575415995705,2.059849704777241,
93,35.44015029522276,28.26086956521739,5.0791733762748255,22.57783145464305,3.421900161030596,1.9256575415995705,3.294417606011809,
94,35.46698872785829,27.89855072463768,5.032206119162641,23.081052066559312,3.33467525496511,1.8988191089640365,3.2877079978529253,
95,35.84272678475577,27.75764895330113,5.018786902844874,22.940150295222757,3.3145464304884595,1.8384326355340848,3.2877079978529253,
96,35.47369833601718,26.8719806763285,4.884594739667204,24.12104133118626,3.643317230273752,1.7176596886741815,3.2877079978529253,
97,35.648148148148145,26.838432635534083,4.85775630703167,24.00697799248524,3.643317230273752,1.7176596886741815,3.2877079978529253,
98,35.91653247450349,26.7512077294686,4.830917874396135,23.91304347826087,3.616478797638218,1.7176596886741815,3.2541599570585076,
99,34.96376811594203,25.664251207729468,4.770531400966184,26.435856146001072,3.616478797638218,1.2949543746645196,3.2541599570585076,
100,35.10466988727858,25.597155126140635,4.770531400966184,26.38888888888889,3.589640365002684,1.2949543746645196,3.2541599570585076,
101,35.34621578099839,25.597155126140635,4.7168545356951155,26.234567901234566,3.5762211486849167,1.2748255501878691,3.2541599570585076,
102,35.49382716049383,25.563607085346217,4.7168545356951155,26.147342995169083,3.5762211486849167,1.2748255501878691,3.227321524422974,
103,35.829307568438004,25.38244766505636,4.99194847020934,25.764895330112722,3.5762211486849167,1.2278582930756843,3.227321524422974,
104,36.22517444981213,25.335480407944175,4.99194847020934,25.429414922168544,3.5762211486849167,1.2144390767579174,3.227321524422974,
105,36.72839506172839,25.07380568974772,4.958400429414922,25.308641975308642,3.569511540526033,1.1876006441223832,3.1736446591519054,
106,36.87600644122383,25.046967257112186,4.951690821256038,25.194578636607623,3.569511540526033,1.1876006441223832,3.1736446591519054,
107,37.30542136339238,24.852388620504563,4.944981213097155,25.0,3.5628019323671496,1.1876006441223832,3.1468062265163717,
108,37.69457863660762,24.67793880837359,4.944981213097155,24.879227053140095,3.4688674181427803,1.1876006441223832,3.1468062265163717,
109,38.097155126140635,24.46323134728932,4.918142780461621,24.765163714439076,3.4688674181427803,1.1876006441223832,3.099838969404187,
110,38.5601180891036,24.4296833064949,4.830917874396135,24.48336017176597,3.4420289855072466,1.1808910359634996,3.0730005367686526,
111,38.88217928073001,24.268652710681696,4.830917874396135,24.416264090177133,3.3480944712828773,1.1808910359634996,3.0730005367686526,
112,39.472624798711756,24.194847020933977,4.830917874396135,23.946591519055286,3.307836822329576,1.1808910359634996,3.066290928609769,
113,36.99677938808374,27.314814814814813,4.790660225442834,23.376274825550187,3.2742887815351582,1.1808910359634996,3.066290928609769,
114,37.151100375738054,27.314814814814813,4.750402576489533,23.262211486849168,3.2742887815351582,1.1808910359634996,3.066290928609769,
115,37.526838432635536,27.20746108427268,4.750402576489533,22.785829307568438,3.2541599570585076,1.1808910359634996,3.294417606011809,
116,37.80864197530864,27.01959205582394,4.74369296833065,22.7187332259796,3.2340311325818574,1.1808910359634996,3.294417606011809,
117,38.157541599570585,26.7914653784219,4.703435319377348,22.65163714439077,3.2340311325818574,1.1674718196457328,3.294417606011809,
118,38.30515297906602,26.69753086419753,4.703435319377348,22.63150831991412,3.2004830917874396,1.1674718196457328,3.294417606011809,
119,38.60708534621578,26.590177133655395,4.636339237788513,22.530864197530864,3.1736446591519054,1.1674718196457328,3.294417606011809,
120,38.97611379495437,26.462694578636608,4.602791196994096,22.38996242619431,3.1065485775630703,1.1674718196457328,3.294417606011809,
121,39.492753623188406,26.194310252281266,4.602791196994096,22.22222222222222,3.046162104133119,1.1674718196457328,3.2742887815351582,
122,39.76784755770263,25.93263553408481,4.5960815888352125,22.21551261406334,3.046162104133119,1.1674718196457328,3.2742887815351582,
123,39.982555018786904,25.85882984433709,4.569243156199678,22.088030059044552,3.4621578099838968,1.1674718196457328,2.871712292002147,
124,40.13016639828234,25.805152979066023,4.528985507246377,22.034353193773484,3.4621578099838968,1.1674718196457328,2.871712292002147,
125,40.37842190016103,25.731347289318304,4.441760601180891,21.947128287707997,3.4621578099838968,1.1674718196457328,2.871712292002147,
126,40.04965110037574,25.026838432635532,4.435050993022007,21.07487922705314,4.62962962962963,1.1137949543746646,3.670155662909286,
127,40.11674718196457,25.013419216317768,4.414922168545357,21.041331186258724,4.62962962962963,1.1137949543746646,3.670155662909286,
128,40.39855072463768,24.993290391841118,4.414922168545357,20.78636607622115,4.62962962962963,1.1137949543746646,3.6634460547504024,
129,40.78099838969404,24.825550187869027,4.374664519592056,20.625335480407944,4.62962962962963,1.1137949543746646,3.6500268384326353,
130,40.57300053676865,24.65780998389694,4.361245303274289,20.71256038647343,4.898013955984971,1.1137949543746646,3.683574879227053,
131,40.15029522275899,24.154589371980677,4.643048845947397,20.155662909286097,4.871175523349437,1.2278582930756843,4.797369833601718,
132,40.203972088030056,24.013687600644122,4.643048845947397,19.961084272678477,5.159688674181428,1.221148684916801,4.797369833601718,
133,40.47906602254428,23.758722490606548,4.636339237788513,19.91411701556629,5.12614063338701,1.221148684916801,4.864465915190553,
134,38.57353730542136,22.624798711755233,4.804079441760601,22.96027911969941,4.9651100375738055,1.221148684916801,4.851046698872786,
135,38.21121846484165,22.33628556092324,4.804079441760601,23.68491680085883,4.9651100375738055,1.1473429951690821,4.851046698872786,
136,38.31857219538379,22.322866344605476,4.804079441760601,23.59098228663446,4.9651100375738055,1.1473429951690821,4.851046698872786,
137,38.66076221148685,22.228931830381107,4.804079441760601,23.450080515297905,4.951690821256038,1.1205045625335481,4.783950617283951,
138,38.66747181964573,22.16183574879227,4.750402576489533,23.53059581320451,4.864465915190553,1.1205045625335481,4.904723564143854,
139,38.13070316693505,21.994095544820183,4.750402576489533,24.510198604401502,4.730273752012883,1.1205045625335481,4.7638217928073,
140,38.425925925925924,21.91358024691358,4.736983360171766,24.329039184111647,4.723564143853999,1.107085346215781,4.7638217928073,
141,38.32528180354267,21.79951690821256,4.7101449275362315,23.362855609232422,6.0587761674718195,1.0802469135802468,4.663177670424047,
142,38.0703166935051,21.202361782071925,4.7101449275362315,24.261943102522814,6.0587761674718195,1.06682769726248,4.62962962962963,
143,38.22463768115942,20.98094471282877,4.703435319377348,24.188137412775095,6.0587761674718195,1.2412775093934514,4.602791196994096,
144,37.8690284487386,20.323403113258184,4.696725711218465,23.758722490606548,6.031937734836285,1.2345679012345678,6.085614600107354,
145,36.8491680085883,22.584541062801932,4.4753086419753085,23.68491680085883,5.434782608695652,1.2345679012345678,5.736714975845411,
146,37.184648416532475,22.497316156736446,4.448470209339774,23.63123993558776,5.428073000536768,1.2345679012345678,5.5756843800322065,
147,37.70799785292539,22.208803005904453,4.435050993022007,23.470209339774556,5.407944176060118,1.2345679012345678,5.535426731078905,
148,37.567096081588836,21.880032206119164,4.374664519592056,22.98040794417606,5.401234567901234,1.2144390767579174,6.582125603864735,
149,37.9898013955985,21.692163177670423,4.294149221685454,22.906602254428343,5.367686527106817,1.2144390767579174,6.535158346752549,
150,38.24476650563607,21.611647879763822,4.28743961352657,22.79253891572732,5.367686527106817,1.2010198604401503,6.494900697799249,
151,38.459473966720346,21.55126140633387,4.28743961352657,22.450348899624263,5.562265163714439,1.2010198604401503,6.488191089640365,
152,38.747987117552334,21.511003757380568,4.260601180891036,22.322866344605476,5.562265163714439,1.2010198604401503,6.394256575415996,
153,39.05662909286098,21.40365002683843,4.2270531400966185,22.18196457326892,5.562265163714439,1.2010198604401503,6.367418142780462,
154,39.090177133655395,21.39694041867955,4.435050993022007,21.967257112184647,5.562265163714439,1.2010198604401503,6.347289318303811,
155,39.26462694578637,21.276167471819647,4.408212560386473,21.947128287707997,5.562265163714439,1.2010198604401503,6.340579710144928,
156,39.54643048845947,21.195652173913043,4.394793344068707,21.806226516371442,5.562265163714439,1.2010198604401503,6.293612453032743,
157,39.83494363929147,21.14868491680086,4.314278046162104,21.732420826623724,5.562265163714439,1.2010198604401503,6.206387546967257,
158,40.15029522275899,20.933977455716587,4.4820182501341925,21.584809447128286,5.508588298443371,1.1741814278046163,6.166129898013956,
159,40.304616210413315,20.90042941492217,4.4820182501341925,21.490874932903917,5.508588298443371,1.1741814278046163,6.139291465378422,
160,40.27106816961889,20.585077831454644,4.428341384863124,21.296296296296298,6.595544820182502,1.0466988727858293,5.776972624798712,
161,40.60654857756307,20.497852925389157,4.428341384863124,21.182232957595275,6.541867954911433,1.0332796564680622,5.709876543209877,
162,40.94873859366613,20.40391841116479,4.428341384863124,21.054750402576488,6.474771873322598,1.0332796564680622,5.656199677938808,
163,41.39157273215244,20.30998389694042,4.42163177670424,20.71256038647343,6.5485775630703165,0.9594739667203436,5.656199677938808,
164,41.55931293612453,20.229468599033815,4.414922168545357,20.632045088566827,6.5485775630703165,0.9594739667203436,5.656199677938808,
165,41.8142780461621,20.142243692968332,4.394793344068707,20.544820182501343,6.541867954911433,0.9594739667203436,5.60252281266774,
166,42.08266237251745,20.12211486849168,4.394793344068707,20.457595276435857,6.4345142243692965,0.9594739667203436,5.548845947396672,
167,42.230273752012884,20.095276435856146,4.394793344068707,20.343531937734838,6.4345142243692965,0.95276435856146,5.548845947396672,
168,42.351046698872786,20.04830917874396,4.3478260869565215,20.108695652173914,6.387546967257112,0.95276435856146,5.803811057434245,
169,42.599302200751474,20.014761137949545,4.3478260869565215,19.94766505636071,6.367418142780462,0.95276435856146,5.770263016639828,
170,43.022007514761135,19.85373054213634,4.274020397208803,19.85373054213634,6.300322061191626,0.95276435856146,5.743424584004294,
171,43.09581320450886,19.82018250134192,4.274020397208803,19.85373054213634,6.273483628556092,0.9393451422436929,5.743424584004294,
172,43.612453032742884,19.45786366076221,4.2203435319377345,19.685990338164252,6.246645195920558,0.9259259259259259,5.850778314546431,
173,43.82716049382716,19.35721953837896,4.186795491143317,19.605475040257648,6.246645195920558,0.9259259259259259,5.850778314546431,
174,43.914385399892645,19.189479334406872,4.186795491143317,19.47799248523886,6.239935587761675,1.1808910359634996,5.810520665593129,
175,44.14251207729468,19.14922168545357,4.159957058507783,19.43102522812668,6.125872249060655,1.1808910359634996,5.810520665593129,
176,44.46457326892109,19.068706387546968,4.092860976918948,19.28341384863124,6.112453032742888,1.1674718196457328,5.810520665593129,
177,44.30354267310789,19.410896403650028,4.092860976918948,19.102254428341386,6.112453032742888,1.1674718196457328,5.810520665593129,
178,44.47128287707998,19.30354267310789,4.092860976918948,19.04186795491143,6.112453032742888,1.1674718196457328,5.810520665593129,
179,44.524959742351044,19.068706387546968,4.066022544283414,19.30354267310789,6.0587761674718195,1.1674718196457328,5.810520665593129,
180,44.53166935050993,19.0552871712292,4.066022544283414,18.92109500805153,6.038647342995169,1.1137949543746646,6.273483628556092,
181,44.65915190552872,19.02173913043478,4.045893719806763,18.853998926462694,6.038647342995169,1.1137949543746646,6.266774020397209,
182,44.7866344605475,18.793612453032743,4.045893719806763,18.592324208266238,6.461352657004831,1.1137949543746646,6.206387546967257,
183,44.97450348899624,18.71309715512614,4.012345679012346,18.55877616747182,6.421095008051529,1.1137949543746646,6.206387546967257,
184,45.09527643585615,18.552066559312937,3.9855072463768115,18.53864734299517,6.515029522275899,1.1137949543746646,6.199677938808374,
185,45.35024154589372,18.47826086956522,3.978797638217928,18.364197530864196,6.515029522275899,1.1137949543746646,6.199677938808374,
186,44.316961889425656,21.215780998389693,3.965378421900161,16.861245303274288,6.394256575415996,1.1137949543746646,6.132581857219538,
187,44.00161030595813,21.115136876006442,3.9318303811057436,16.35131508319914,7.447665056360709,1.1003757380568975,6.052066559312936,
188,44.18947933440687,21.081588835212024,3.9184111647879765,16.297638217928075,7.4208266237251745,1.1003757380568975,5.991680085882985,
189,44.48470209339774,20.987654320987655,3.9184111647879765,16.25738056897477,7.360440150295223,1.1003757380568975,5.891035963499732,
190,44.55179817498658,21.108427267847556,3.9184111647879765,16.210413311862588,7.286634460547504,1.1003757380568975,5.8239398819108965,
191,44.67257112184648,21.068169618894256,3.9184111647879765,16.190284487385938,7.246376811594203,1.1003757380568975,5.803811057434245,
192,44.155931293612454,20.336822329575952,3.8177670424047236,16.10305958132045,8.863392377885132,1.1003757380568975,5.622651637144391,
193,44.35050993022008,20.29656468062265,3.8177670424047236,16.015834675254965,8.796296296296296,1.1003757380568975,5.622651637144391,
194,43.57890499194847,20.2361782071927,3.784219001610306,16.941760601180892,8.735909822866345,1.1003757380568975,5.622651637144391,
195,43.76006441223833,20.148953301127214,3.784219001610306,16.854535695115406,8.735909822866345,1.093666129898014,5.622651637144391,
196,43.79361245303274,20.108695652173914,3.770799785292539,16.7337627482555,8.735909822866345,1.093666129898014,5.609232420826624,0.15432098765432098
197,43.81374127750939,19.860440150295222,3.770799785292539,16.59286097691895,9.681964573268921,0.95276435856146,5.173107890499195,0.15432098765432098
198,43.243424584004295,21.00107353730542,3.7573805689747717,16.525764895330113,9.192163177670425,0.95276435856146,5.173107890499195,0.15432098765432098
199,42.98845947396672,20.8467525496511,3.7372517444981215,17.98174986580784,8.440687063875469,0.9057971014492754,4.944981213097155,0.15432098765432098
200,43.243424584004295,20.779656468062264,3.7238325281803544,17.887815351583466,8.380300590445518,0.9057971014492754,4.924852388620504,0.15432098765432098
201,43.572195383789584,20.638754696725712,3.7238325281803544,17.820719269994633,8.279656468062266,0.9057971014492754,4.904723564143854,0.15432098765432098
202,44.12238325281803,20.397208803005906,3.717122920021471,17.612721417069242,8.246108427267847,0.8923778851315083,4.85775630703167,0.15432098765432098
203,44.22973698336017,20.29656468062265,3.717122920021471,17.67981749865808,8.091787439613526,0.8521202361782072,4.978529253891573,0.15432098765432098
204,45.10198604401503,20.12211486849168,3.6768652710681695,17.599302200751477,7.568438003220612,0.8454106280193237,4.931561996779388,0.15432098765432098
205,45.05501878690284,20.101986044015028,3.6768652710681695,17.8743961352657,7.440955448201825,0.8454106280193237,4.851046698872786,0.15432098765432098
206,45.18250134192163,20.02818035426731,3.6768652710681695,17.820719269994633,7.440955448201825,0.8454106280193237,4.851046698872786,0.15432098765432098
207,45.289855072463766,20.001341921631777,3.6768652710681695,17.753623188405797,7.427536231884058,0.8454106280193237,4.851046698872786,0.15432098765432098
208,45.4374664519592,19.994632313472895,3.6768652710681695,17.632850241545892,7.427536231884058,0.8454106280193237,4.830917874396135,0.15432098765432098
209,45.289855072463766,19.96779388083736,3.6768652710681695,17.827428878153516,7.427536231884058,0.8454106280193237,4.817498658078368,0.14761137949543746
210,45.4374664519592,19.847020933977454,3.670155662909286,17.814009661835748,7.4208266237251745,0.8454106280193237,4.817498658078368,0.14761137949543746
211,45.410628019323674,19.51154052603328,3.670155662909286,17.538915727321523,8.165593129361245,0.8454106280193237,4.7101449275362315,0.14761137949543746
212,46.18894256575416,19.45786366076221,3.7640901771336552,17.022275899087493,8.07836822329576,0.8454106280193237,4.49543746645196,0.14761137949543746
213,46.24932903918411,19.45115405260333,3.7640901771336552,17.008856682769725,8.064949006977992,0.8454106280193237,4.468599033816425,0.14761137949543746
214,44.457863660762214,21.752549651100377,3.7640901771336552,16.505636070853463,8.05823939881911,0.8454106280193237,4.468599033816425,0.14761137949543746
215,44.67928073000537,21.598228663446054,3.7640901771336552,16.451959205582394,8.05823939881911,0.8454106280193237,4.455179817498658,0.14761137949543746
216,44.96779388083736,21.524422973698336,3.7640901771336552,16.31105743424584,8.05823939881911,0.8454106280193237,4.38137412775094,0.14761137949543746
217,45.4374664519592,21.276167471819647,3.750670960815888,15.962157809983896,7.991143317230274,0.8454106280193237,4.5893719806763285,0.14761137949543746
218,45.82662372517445,20.98094471282877,3.7238325281803544,15.935319377348362,7.971014492753623,0.8454106280193237,4.569243156199678,0.14761137949543746
219,45.799785292538914,20.739398819108963,3.898282340311326,16.09634997316157,7.9106280193236715,0.8454106280193237,4.562533548040794,0.14761137949543746
220,46.15539452495974,20.739398819108963,3.8848631239935587,15.821256038647343,7.9039184111647875,0.8454106280193237,4.502147074610843,0.14761137949543746
221,45.94739667203435,20.52469135802469,3.8848631239935587,15.707192699946322,7.9039184111647875,0.8454106280193237,5.038915727321524,0.14761137949543746
222,46.24932903918411,20.471014492753625,3.864734299516908,15.640096618357488,7.763016639828234,0.8454106280193237,5.018786902844874,0.14761137949543746
223,46.20907139023081,20.40391841116479,3.864734299516908,15.599838969404187,7.628824476650563,0.8454106280193237,5.300590445517981,0.14761137949543746
224,46.24932903918411,20.38378958668814,3.864734299516908,15.579710144927537,7.628824476650563,0.8454106280193237,5.300590445517981,0.14761137949543746
225,46.524422973698336,20.33011272141707,3.824476650563607,15.573000536768653,7.548309178743962,0.8454106280193237,5.2066559312936125,0.14761137949543746
226,46.67203435319377,20.101986044015028,3.824476650563607,15.49248523886205,7.742887815351583,0.8454106280193237,5.173107890499195,0.14761137949543746
227,46.85990338164251,20.055018786902846,3.797638217928073,15.411969940955448,7.7361782071927,0.8454106280193237,5.146269457863661,0.14761137949543746
228,47.18867418142781,19.867149758454108,3.797638217928073,15.277777777777779,7.7361782071927,0.8454106280193237,5.139559849704777,0.14761137949543746
229,47.26918947933441,19.867149758454108,3.797638217928073,15.24422973698336,7.709339774557166,0.8387010198604401,5.12614063338701,0.14761137949543746
230,47.235641438539986,20.02818035426731,3.7573805689747717,15.203972088030058,7.675791733762749,0.8252818035426731,5.12614063338701,0.14761137949543746
231,47.34299516908212,20.001341921631777,3.7573805689747717,15.183843263553408,7.635534084809447,0.8252818035426731,5.10601180891036,0.14761137949543746
232,47.38996242619431,19.981213097155127,3.7573805689747717,15.163714439076758,7.628824476650563,0.8252818035426731,5.10601180891036,0.14761137949543746
233,47.678475577026305,19.91411701556629,3.750670960815888,15.150295222758992,7.48792270531401,0.8252818035426731,5.045625335480408,0.14761137949543746
234,47.68518518518518,20.041599570585078,3.750670960815888,15.08990874932904,7.440955448201825,0.8252818035426731,5.018786902844874,0.14761137949543746
235,47.82608695652174,20.014761137949545,3.7238325281803544,15.009393451422437,7.440955448201825,0.8252818035426731,5.01207729468599,0.14761137949543746
236,48.01395598497048,19.981213097155127,3.670155662909286,14.989264626945786,7.360440150295223,0.8252818035426731,5.01207729468599,0.14761137949543746
237,48.15485775630703,19.96779388083736,3.7372517444981215,14.848362855609233,7.340311325818572,0.8252818035426731,4.978529253891573,0.14761137949543746
238,48.26221148684917,19.826892109500804,3.656736446591519,14.80810520665593,7.286634460547504,0.8252818035426731,5.186527106816962,0.14761137949543746
239,48.40311325818572,19.75979602791197,3.656736446591519,14.774557165861514,7.246376811594203,0.8252818035426731,5.186527106816962,0.14761137949543746
240,48.611111111111114,19.732957595276435,3.656736446591519,14.63365539452496,7.206119162640902,0.8252818035426731,5.186527106816962,0.14761137949543746
241,48.61782071926999,19.679280730005367,3.656736446591519,14.761137949543746,7.152442297369833,0.8252818035426731,5.159688674181428,0.14761137949543746
242,49.074074074074076,19.592055823939884,3.6231884057971016,14.680622651637144,6.951154052603328,0.8252818035426731,5.10601180891036,0.14761137949543746
243,49.08749329039184,19.363929146537842,3.6231884057971016,14.42565754159957,7.742887815351583,0.8118625872249061,4.797369833601718,0.14761137949543746
244,49.22168545356951,19.33709071390231,3.6231884057971016,14.351851851851851,7.716049382716049,0.8118625872249061,4.790660225442834,0.14761137949543746
245,49.53032742887815,19.256575415995705,3.6231884057971016,14.17740203972088,7.689210950080516,0.8118625872249061,4.7638217928073,0.14761137949543746
246,49.644390767579175,19.082125603864736,3.6231884057971016,14.110305958132045,7.675791733762749,0.966183574879227,4.750402576489533,0.14761137949543746
247,49.8389694041868,19.008319914117017,3.6097691894793345,14.036500268384327,7.648953301127214,0.966183574879227,4.74369296833065,0.14761137949543746
248,50.0402576489533,18.98148148148148,3.6097691894793345,14.002952227589908,7.568438003220612,0.9393451422436929,4.7101449275362315,0.14761137949543746
249,50.275093934514224,18.88083735909823,3.6097691894793345,13.94927536231884,7.548309178743962,0.9393451422436929,4.64975845410628,0.14761137949543746
250,49.724906065485776,18.746645195920557,3.6097691894793345,14.687332259796028,7.62211486849168,0.9393451422436929,4.522275899087493,0.14761137949543746
251,49.040526033279654,18.357487922705314,4.730273752012883,14.667203435319378,7.608695652173913,0.9393451422436929,4.508856682769726,0.14761137949543746
252,49.15458937198068,18.323939881910896,4.723564143853999,14.626945786366075,7.575147611379496,0.9393451422436929,4.508856682769726,0.14761137949543746
253,49.322329575952764,18.283682232957595,4.723564143853999,14.579978529253891,7.501341921631776,0.9326355340848095,4.508856682769726,0.14761137949543746
254,49.40955448201825,18.250134192163177,4.7101449275362315,14.573268921095009,7.474503488996243,0.9259259259259259,4.508856682769726,0.14761137949543746
255,49.785292538915726,18.02200751476114,4.663177670424047,14.546430488459475,7.467793880837359,0.8990874932903918,4.468599033816425,0.14761137949543746
256,50.26838432635534,17.98845947396672,4.602791196994096,14.51959205582394,7.239667203435319,0.8856682769726248,4.361245303274289,0.13419216317767044
257,50.4898013955985,17.881105743424584,4.602791196994096,14.472624798711756,7.199409554482019,0.8588298443370908,4.361245303274289,0.13419216317767044
258,50.62399355877617,17.867686527106816,4.582662372517445,14.445786366076222,7.1725711218464845,0.8454106280193237,4.3478260869565215,0.11406333870101985
259,50.878958668813745,17.85426731078905,4.555823939881911,14.371980676328503,7.092055823939882,0.8454106280193237,4.28743961352657,0.11406333870101985
260,50.979602791196996,17.840848094471284,4.555823939881911,14.345142243692969,7.0383789586688135,0.8454106280193237,4.280730005367687,0.11406333870101985
261,50.925925925925924,17.746913580246915,4.542404723564144,14.546430488459475,7.011540526033279,0.8454106280193237,4.26731078904992,0.11406333870101985
262,50.81857219538379,17.96833064949007,4.542404723564144,14.51959205582394,6.971282877079979,0.8454106280193237,4.2203435319377345,0.11406333870101985
263,50.83199141170156,17.96833064949007,4.542404723564144,14.51959205582394,6.971282877079979,0.8454106280193237,4.206924315619967,0.11406333870101985
264,51.13392377885131,17.820719269994633,4.542404723564144,14.452495974235104,6.944444444444445,0.8454106280193237,4.146537842190016,0.11406333870101985
265,51.301663982823406,17.820719269994633,4.51556629092861,14.412238325281804,6.9243156199677935,0.8454106280193237,4.066022544283414,0.11406333870101985
266,50.77160493827161,17.814009661835748,4.38137412775094,15.203972088030058,6.89747718733226,0.8454106280193237,4.03918411164788,0.04696725711218465
267,50.878958668813745,17.800590445517983,4.38137412775094,15.183843263553408,6.823671497584541,0.8454106280193237,4.03918411164788,0.04696725711218465
268,50.986312399355874,17.800590445517983,4.38137412775094,15.103327965646805,6.796833064949007,0.8454106280193237,4.03918411164788,0.04696725711218465
269,51.268115942028984,17.599302200751477,4.38137412775094,15.076489533011273,6.796833064949007,0.8252818035426731,4.005636070853462,0.04696725711218465
270,51.469404186795494,17.579173376274827,4.38137412775094,14.97584541062802,6.776704240472356,0.7917337627482555,3.978797638217928,0.04696725711218465
271,51.52308105206656,17.57246376811594,4.374664519592056,14.949006977992486,6.763285024154589,0.7917337627482555,3.978797638217928,0.04696725711218465
272,51.56333870101986,17.538915727321523,4.374664519592056,14.942297369833602,6.763285024154589,0.7917337627482555,3.978797638217928,0.04696725711218465
273,51.68411164787977,17.505367686527105,4.367954911433173,14.922168545356952,6.709608158883521,0.7917337627482555,3.9720880300590444,0.04696725711218465
274,52.11352657004831,17.257112184648417,4.361245303274289,14.841653247450349,6.635802469135802,0.785024154589372,3.9586688137412773,0.04696725711218465
275,52.30810520665593,17.216854535695116,4.3478260869565215,14.727589908749328,6.608964036500268,0.785024154589372,3.9586688137412773,0.04696725711218465
276,52.482555018786904,17.10950080515298,4.334406870638754,14.673913043478262,6.608964036500268,0.785024154589372,3.9586688137412773,0.04696725711218465
277,52.56977992485239,17.102791196994094,4.334406870638754,14.620236178207193,6.602254428341385,0.785024154589372,3.938539989264627,0.04696725711218465
278,52.55636070853462,17.05582393988191,4.334406870638754,14.546430488459475,6.602254428341385,0.9192163177670424,3.938539989264627,0.04696725711218465
279,52.67042404723564,17.002147074610843,4.334406870638754,14.506172839506172,6.595544820182502,0.9192163177670424,3.92512077294686,0.04696725711218465
280,52.804616210413315,16.955179817498657,4.334406870638754,14.479334406870638,6.568706387546968,0.9192163177670424,3.8915727321524423,0.04696725711218465
281,52.77106816961889,16.935050993022006,4.320987654320987,14.626945786366075,6.515029522275899,0.9192163177670424,3.864734299516908,0.04696725711218465
282,53.07300053676865,16.841116478797638,4.240472356414386,14.61352657004831,6.488191089640365,0.9192163177670424,3.7775093934514223,0.04696725711218465
283,53.227321524422976,16.586151368760063,4.53569511540526,14.506172839506172,6.427804616210413,0.9192163177670424,3.750670960815888,0.04696725711218465
284,53.234031132581855,16.586151368760063,4.53569511540526,14.49946323134729,6.427804616210413,0.9192163177670424,3.750670960815888,0.04696725711218465
285,53.254159957058505,16.445249597423512,4.51556629092861,14.418947933440688,6.394256575415996,0.9192163177670424,4.005636070853462,0.04696725711218465
286,53.32125603864734,16.404991948470208,4.51556629092861,14.398819108964037,6.387546967257112,0.9192163177670424,4.005636070853462,0.04696725711218465
287,53.616478797638216,16.364734299516908,4.49543746645196,14.325013419216317,6.239935587761675,0.9192163177670424,3.992216854535695,0.04696725711218465
288,53.6634460547504,16.243961352657006,4.414922168545357,14.244498121309716,6.226516371443908,0.8789586688137413,4.280730005367687,0.04696725711218465
289,53.94524959742351,16.163446054750402,4.408212560386473,14.217659688674182,6.078904991948471,0.8789586688137413,4.260601180891036,0.04696725711218465
290,53.9922168545357,16.163446054750402,4.394793344068707,14.204240472356414,6.0587761674718195,0.8789586688137413,4.260601180891036,0.04696725711218465
291,53.64331723027375,16.0426731078905,4.394793344068707,14.673913043478262,6.0587761674718195,0.8789586688137413,4.260601180891036,0.04696725711218465
292,53.79092860976919,15.955448201825014,4.361245303274289,14.660493827160494,6.052066559312936,0.8789586688137413,4.253891572732153,0.04696725711218465
293,53.878153515834676,15.888352120236178,4.361245303274289,14.640365002683843,6.052066559312936,0.8789586688137413,4.253891572732153,0.04696725711218465
294,53.62989801395599,15.787707997852925,4.51556629092861,14.593397745571659,6.360708534621578,0.8789586688137413,4.186795491143317,0.04696725711218465
295,53.858024691358025,15.780998389694043,4.51556629092861,14.546430488459475,6.1929683306494905,0.8789586688137413,4.180085882984434,0.04696725711218465
296,53.80434782608695,15.767579173376275,4.441760601180891,14.546430488459475,6.340579710144928,0.8789586688137413,4.17337627482555,0.04696725711218465
