,45,50,53,54,55,58,51,52,56,57,59,60
0,94.02173913043478,5.978260869565218,,,,,,,,,,
1,92.90123456790124,7.098765432098766,,,,,,,,,,
2,75.72463768115942,22.20209339774557,2.0128824476650564,0.026838432635534086,0.03354804079441761,,,,,,,
3,75.74476650563606,21.900161030595815,2.006172839506173,0.28180354267310787,0.06038647342995169,0.0067096081588835215,,,,,,
4,74.53703703703704,23.09447128287708,2.006172839506173,0.28180354267310787,0.07380568974771873,0.0067096081588835215,,,,,,
5,74.2216854535695,23.382984433709073,2.033011272141707,0.28180354267310787,0.07380568974771873,0.0067096081588835215,,,,,,
6,71.26274825550188,20.477724100912507,1.4962426194310252,0.28180354267310787,0.026838432635534086,0.0067096081588835215,6.447933440687064,,,,,
7,69.9476650563607,20.71256038647343,1.482823403113258,2.301395598497048,0.026838432635534086,0.0067096081588835215,5.522007514761138,,,,,
8,67.13633923778852,23.544015029522274,1.482823403113258,2.301395598497048,0.026838432635534086,0.0067096081588835215,5.501878690284487,,,,,
9,66.0829307568438,24.59742351046699,1.482823403113258,2.301395598497048,0.026838432635534086,0.0067096081588835215,5.501878690284487,,,,,
10,62.265163714439076,24.966451959205582,8.011272141706923,2.408749329039184,0.06038647342995169,0.0067096081588835215,2.281266774020397,,,,,
11,60.44685990338164,26.78475577026302,7.997852925389157,2.395330112721417,0.08722490606548577,0.0067096081588835215,2.281266774020397,,,,,
12,50.38915727321525,37.35909822866345,7.481213097155126,2.395330112721417,0.05367686527106817,0.07380568974771873,2.24771873322598,,,,,
13,50.4898013955985,37.245034889962426,7.474503488996243,2.38191089640365,0.08722490606548577,0.07380568974771873,2.24771873322598,,,,,
14,50.4898013955985,37.15780998389694,7.467793880837359,2.368491680085883,0.11406333870101985,0.07380568974771873,2.328234031132582,,,,,
15,48.07434245840043,39.54643048845947,7.461084272678476,2.368491680085883,0.11406333870101985,0.07380568974771873,2.3617820719269993,,,,,
16,44.12238325281803,42.64626945786366,7.333601717659689,2.3617820719269993,0.11406333870101985,0.10064412238325282,3.321256038647343,,,,,
17,44.14922168545357,42.619431025228124,7.333601717659689,2.3617820719269993,0.11406333870101985,0.10064412238325282,3.321256038647343,,,,,
18,43.934514224369295,41.337895866881375,7.333601717659689,2.3617820719269993,0.2683843263553409,0.10064412238325282,3.515834675254965,1.1473429951690821,,,,
19,42.961621041331185,42.351046698872786,7.320182501341922,2.3617820719269993,0.2683843263553409,0.10064412238325282,3.488996242619431,1.1473429951690821,,,,
20,42.40472356414385,40.96886741814278,7.306763285024155,2.3886205045625335,0.24154589371980675,0.10064412238325282,5.441492216854535,1.1473429951690821,,,,
21,39.08346752549651,44.07541599570585,7.306763285024155,2.368491680085883,0.4428341384863124,0.10064412238325282,5.4616210413311865,1.1473429951690821,0.013419216317767043,,,
22,36.77536231884058,42.552334943639295,5.763553408480945,1.2546967257112185,0.46967257112184646,0.05367686527106817,11.969940955448202,1.1473429951690821,0.013419216317767043,,,
23,33.7157809983897,45.63875469672571,5.736714975845411,1.2546967257112185,0.6172839506172839,0.05367686527106817,11.822329575952764,1.1137949543746646,0.04696725711218465,,,
24,33.031400966183575,44.598765432098766,5.401234567901234,1.2546967257112185,1.0869565217391304,0.05367686527106817,13.41250670960816,1.1137949543746646,0.04696725711218465,,,
25,33.313204508856685,44.31025228126678,5.488459473966721,1.2546967257112185,1.0601180891035964,0.05367686527106817,13.325281803542673,1.1137949543746646,0.08051529790660225,,,
26,33.46081588835212,44.196188942565755,5.475040257648954,1.2546967257112185,1.1003757380568975,0.05367686527106817,13.264895330112722,1.1137949543746646,0.08051529790660225,,,
27,32.63553408480945,41.8545356951154,5.475040257648954,1.3754696725711217,1.133923778851315,0.05367686527106817,16.31105743424584,1.1137949543746646,0.04696725711218465,,,
28,31.031937734836287,42.51878690284487,8.722490606548577,1.3419216317767042,1.0064412238325282,0.05367686527106817,14.204240472356414,1.0735373054213635,0.04696725711218465,,,
29,26.643853998926463,44.40418679549114,7.98443370907139,1.3754696725711217,0.8722490606548577,0.05367686527106817,12.593934514224369,6.025228126677402,0.04696725711218465,,,
30,21.91358024691358,48.65807836822329,7.702630166398282,1.3754696725711217,2.341653247450349,0.05367686527106817,12.016908212560386,5.850778314546431,0.08722490606548577,,,
31,22.034353193773484,44.57192699946323,5.723295759527644,1.3754696725711217,2.4020397208803006,0.1610305958132045,17.827428878153516,5.8172302737520125,0.08722490606548577,,,
32,22.423510466988727,44.155931293612454,5.689747718733226,1.3754696725711217,2.5697799248523885,0.1610305958132045,17.767042404723565,5.770263016639828,0.08722490606548577,,,
33,22.38996242619431,42.391304347826086,3.33467525496511,1.3754696725711217,2.2208803005904456,0.10735373054213634,15.626677402039721,12.47987117552335,0.07380568974771873,,,
34,22.644927536231883,42.19672571121846,3.321256038647343,1.3754696725711217,2.281266774020397,0.10735373054213634,15.573000536768653,12.392646269457863,0.07380568974771873,0.03354804079441761,,
35,21.67874396135266,38.16425120772947,3.307836822329576,2.6704240472356413,2.167203435319377,0.10735373054213634,16.666666666666668,15.03623188405797,0.16774020397208803,0.03354804079441761,,
36,21.470746108427267,34.93022007514761,3.307836822329576,3.978797638217928,2.147074610842727,0.10735373054213634,17.062533548040793,16.76731078904992,0.19457863660762212,0.03354804079441761,,
37,21.806226516371442,33.279656468062264,3.978797638217928,3.978797638217928,2.1068169618894257,0.10735373054213634,16.404991948470208,18.08239398819109,0.19457863660762212,0.06038647342995169,,
38,21.900161030595815,32.80327428878154,4.092860976918948,3.965378421900161,2.475845410628019,0.10735373054213634,16.35131508319914,18.02200751476114,0.19457863660762212,0.08722490606548577,,
39,21.511003757380568,33.17230273752013,4.106280193236715,3.965378421900161,2.5295222758990876,0.10735373054213634,16.29092860976919,18.035426731078903,0.19457863660762212,0.08722490606548577,,
40,21.604938271604937,33.06494900697799,3.8848631239935587,3.965378421900161,3.730542136339238,0.10735373054213634,15.371712292002147,17.98845947396672,0.19457863660762212,0.08722490606548577,,
41,20.477724100912507,30.575684380032207,6.535158346752549,4.0995705850778315,3.3413848631239937,0.10735373054213634,15.767579173376275,18.57890499194847,0.1610305958132045,0.35560923242082665,,
42,18.86070853462158,37.224906065485776,4.757112184648417,2.0531400966183573,3.4017713365539453,0.10735373054213634,15.68035426731079,17.424852388620504,0.1610305958132045,0.32877079978529256,,
43,17.438271604938272,45.330112721417066,4.676596886741814,1.0332796564680622,3.9184111647879765,0.10735373054213634,14.673913043478262,12.392646269457863,0.15432098765432098,0.27509393451422437,,
44,15.24422973698336,47.195383789586685,5.528717122920021,1.06682769726248,5.025496511003757,0.10735373054213634,14.593397745571659,10.86285560923242,0.10064412238325282,0.27509393451422437,,
45,15.324745034889963,46.4975845410628,5.481749865807837,1.0399892646269457,5.179817498658078,0.13419216317767044,15.116747181964573,10.849436392914654,0.10064412238325282,0.27509393451422437,,
46,15.546162104133119,46.26945786366076,5.548845947396672,1.0399892646269457,5.253623188405797,0.13419216317767044,15.03623188405797,10.789049919484702,0.10064412238325282,0.28180354267310787,,
47,15.539452495974235,44.16264090177134,7.139023081052066,1.0399892646269457,5.562265163714439,0.13419216317767044,15.546162104133119,10.433440687063875,0.1610305958132045,0.28180354267310787,,
48,15.063070316693505,43.65942028985507,6.937734836285561,1.0399892646269457,5.562265163714439,0.13419216317767044,15.485775630703166,11.574074074074074,0.1610305958132045,0.3824476650563607,,
49,13.056897477187333,47.84621578099839,5.857487922705314,1.0399892646269457,5.669618894256575,0.13419216317767044,15.418679549114332,10.205314009661835,0.17444981213097155,0.5971551261406334,,
50,13.258185721953838,43.062265163714436,5.810520665593129,2.4557165861513686,5.971551261406334,0.13419216317767044,15.190552871712292,13.16425120772947,0.2885131508319914,0.6374127750939346,0.026838432635534086,
51,13.506441223832528,42.914653784219,5.971551261406334,2.4221685453569513,5.797101449275362,0.13419216317767044,15.170424047235642,13.130703166935051,0.2885131508319914,0.6374127750939346,0.026838432635534086,
52,13.768115942028986,42.70665593129361,6.011808910359635,2.442297369833602,5.790391841116479,0.13419216317767044,15.11003757380569,13.083735909822867,0.2885131508319914,0.6374127750939346,0.026838432635534086,
53,13.935856146001074,42.52549651100376,6.011808910359635,2.4355877616747184,5.870907139023081,0.13419216317767044,15.029522275899087,13.103864734299517,0.2885131508319914,0.6374127750939346,0.026838432635534086,
54,14.123725174449811,42.41814278046162,6.045356951154052,2.4355877616747184,5.870907139023081,0.13419216317767044,14.935587761674718,13.083735909822867,0.2885131508319914,0.6374127750939346,0.026838432635534086,
55,14.278046162104133,42.270531400966185,6.025228126677402,2.4355877616747184,6.005099302200751,0.13419216317767044,14.868491680085883,12.99651100375738,0.2885131508319914,0.6709608158883521,0.026838432635534086,
56,13.808373590982287,43.05555555555556,6.025228126677402,2.2946859903381642,6.125872249060655,0.13419216317767044,14.593397745571659,12.949543746645196,0.3153515834675255,0.6709608158883521,0.026838432635534086,
57,13.976113794954374,42.92807300053677,6.025228126677402,2.26784755770263,6.072195383789587,0.13419216317767044,14.579978529253891,12.949543746645196,0.3153515834675255,0.6977992485238862,0.05367686527106817,
58,13.935856146001074,42.99516908212561,6.025228126677402,2.26784755770263,6.072195383789587,0.13419216317767044,14.579978529253891,12.828770799785293,0.4092860976918948,0.6977992485238862,0.05367686527106817,
59,14.090177133655395,42.66639828234031,6.018518518518518,2.3215244229736984,6.233225979602791,0.13419216317767044,14.546430488459475,12.828770799785293,0.4092860976918948,0.6977992485238862,0.05367686527106817,
60,13.56682769726248,41.74718196457327,9.594739667203436,2.2074610842726785,6.253354804079442,0.13419216317767044,12.546967257112184,12.76838432635534,0.4294149221685454,0.6977992485238862,0.05367686527106817,
61,13.734567901234568,41.59286097691895,9.567901234567902,2.1940418679549114,6.300322061191626,0.13419216317767044,12.553676865271068,12.741545893719806,0.4294149221685454,0.6977992485238862,0.05367686527106817,
62,13.848631239935587,41.55931293612453,9.567901234567902,2.1940418679549114,6.273483628556092,0.13419216317767044,12.5,12.70799785292539,0.46296296296296297,0.6977992485238862,0.05367686527106817,
63,12.573805689747719,36.13794954374664,7.581857219538379,2.059849704777241,4.4753086419753085,0.13419216317767044,12.016908212560386,23.731884057971016,0.5367686527106817,0.6977992485238862,0.05367686527106817,
64,12.815351583467525,35.35292538915727,7.5348899624261945,2.6637144390767578,4.49543746645196,0.13419216317767044,11.990069779924852,23.691626409017715,0.5703166935050993,0.6977992485238862,0.05367686527106817,
65,13.09044551798175,35.28582930756844,7.5348899624261945,2.657004830917874,4.522275899087493,0.13419216317767044,11.802200751476114,23.577563070316693,0.6709608158883521,0.6709608158883521,0.05367686527106817,
66,12.97638217928073,33.56816961889426,7.139023081052066,2.636876006441224,3.965378421900161,0.16774020397208803,13.211218464841654,24.852388620504563,0.7514761137949544,0.6776704240472357,0.05367686527106817,
67,13.217928073000536,33.43397745571659,7.139023081052066,2.61003757380569,3.9452495974235107,0.16774020397208803,13.16425120772947,24.778582930756844,0.7514761137949544,0.7380568974771873,0.05367686527106817,
68,13.627214170692431,33.3064949006978,7.132313472893183,2.61003757380569,3.9318303811057436,0.16774020397208803,13.077026301663983,24.56387546967257,0.7917337627482555,0.7380568974771873,0.05367686527106817,
69,13.821792807300053,33.111916264090176,7.051798174986581,2.61003757380569,4.1532474503489,0.16774020397208803,12.989801395598498,24.510198604401502,0.7917337627482555,0.7380568974771873,0.05367686527106817,
70,13.278314546430488,31.05877616747182,7.051798174986581,2.576489533011272,3.8915727321524423,0.16774020397208803,14.61352657004831,25.811862587224905,0.7917337627482555,0.7313472893183038,0.026838432635534086,
71,13.439345142243694,30.991680085882983,7.051798174986581,2.5563607085346214,4.025764895330113,0.16774020397208803,14.600107353730541,25.59044551798175,0.7917337627482555,0.7581857219538379,0.026838432635534086,
72,13.191089640365004,31.32716049382716,7.105475040257649,2.5563607085346214,4.106280193236715,0.16774020397208803,14.432367149758454,25.523349436392916,0.7917337627482555,0.7716049382716049,0.026838432635534086,
73,13.419216317767042,31.11916264090177,7.179280730005368,2.5295222758990876,4.072732152442297,0.16774020397208803,14.392109500805153,25.462962962962962,0.8588298443370908,0.7716049382716049,0.026838432635534086,
74,13.56682769726248,31.04535695115405,7.179280730005368,2.5295222758990876,4.066022544283414,0.16774020397208803,14.392109500805153,25.39586688137413,0.8588298443370908,0.7716049382716049,0.026838432635534086,
75,13.56682769726248,31.031937734836287,7.192699946323135,2.5295222758990876,4.133118625872249,0.16774020397208803,14.351851851851851,25.369028448738593,0.8588298443370908,0.7716049382716049,0.026838432635534086,
76,13.727858293075684,30.97826086956522,7.192699946323135,2.5295222758990876,4.119699409554482,0.20799785292538917,14.318303811057435,25.268384326355342,0.8588298443370908,0.7716049382716049,0.026838432635534086,
77,14.002952227589908,30.783682232957595,7.1725711218464845,2.5295222758990876,4.206924315619967,0.20799785292538917,14.217659688674182,25.241545893719806,0.8588298443370908,0.7514761137949544,0.026838432635534086,
78,14.096886741814279,30.69645732689211,7.575147611379496,2.6637144390767578,4.206924315619967,0.20799785292538917,13.727858293075684,25.187869028448738,0.8588298443370908,0.7514761137949544,0.026838432635534086,
79,14.304884594739667,30.595813204508858,7.575147611379496,2.6637144390767578,4.206924315619967,0.18115942028985507,13.707729468599034,25.026838432635532,0.8588298443370908,0.8521202361782072,0.026838432635534086,
80,14.070048309178745,30.059044551798173,8.313204508856682,2.6637144390767578,4.079441760601181,0.18115942028985507,17.14975845410628,21.960547504025765,0.7447665056360708,0.7514761137949544,0.026838432635534086,
81,14.224369296833064,29.260601180891037,8.313204508856682,3.5829307568438002,4.233762748255502,0.18115942028985507,17.07595276435856,21.618357487922705,0.7447665056360708,0.7380568974771873,0.026838432635534086,
82,14.2914653784219,29.159957058507782,9.024422973698336,3.5762211486849167,4.092860976918948,0.18115942028985507,16.59957058507783,21.531132581857218,0.7447665056360708,0.7716049382716049,0.026838432635534086,
83,13.94927536231884,28.35480407944176,10.373054213633925,3.5225442834138487,4.092860976918948,0.18115942028985507,16.485507246376812,21.497584541062803,0.7447665056360708,0.7716049382716049,0.026838432635534086,
84,14.090177133655395,28.10654857756307,10.352925389157273,3.643317230273752,4.133118625872249,0.18115942028985507,16.458668813741276,21.4170692431562,0.7716049382716049,0.8185721953837896,0.026838432635534086,
85,14.197530864197532,28.073000536768653,10.339506172839506,3.6366076221148687,4.133118625872249,0.18115942028985507,16.418411164787976,21.370101986044016,0.7716049382716049,0.8521202361782072,0.026838432635534086,
86,13.694310252281268,30.9044551798175,10.305958132045088,4.012345679012346,3.9586688137412773,0.15432098765432098,14.016371443907676,21.329844337090712,0.7447665056360708,0.8521202361782072,0.026838432635534086,
87,13.741277509393452,30.280461621041333,10.104669887278583,4.978529253891573,4.032474503488996,0.15432098765432098,13.714439076757918,21.26945786366076,0.8185721953837896,0.8789586688137413,0.026838432635534086,
88,13.593666129898015,29.736983360171767,10.030864197530864,4.998658078368224,4.180085882984434,0.15432098765432098,14.42565754159957,21.054750402576488,0.9460547504025765,0.8521202361782072,0.026838432635534086,
89,13.768115942028986,29.60950080515298,10.044283413848632,4.9718196457326895,4.206924315619967,0.15432098765432098,14.210950080515298,21.00107353730542,1.1540526033279657,0.8521202361782072,0.026838432635534086,
90,13.754696725711218,29.28743961352657,9.400161030595813,4.951690821256038,4.320987654320987,0.15432098765432098,15.029522275899087,21.068169618894256,1.1540526033279657,0.8521202361782072,0.026838432635534086,
91,13.88888888888889,29.1935050993022,9.346484165324744,4.864465915190553,4.38137412775094,0.15432098765432098,14.989264626945786,21.054750402576488,1.1540526033279657,0.8387010198604401,0.13419216317767044,
92,13.613794954374665,29.71014492753623,9.252549651100376,4.864465915190553,4.367954911433173,0.15432098765432098,14.868491680085883,21.014492753623188,1.1808910359634996,0.8387010198604401,0.13419216317767044,
93,13.761406333870102,29.488727858293075,9.23913043478261,4.85775630703167,4.549114331723027,0.15432098765432098,14.80810520665593,20.994363929146537,1.1741814278046163,0.8387010198604401,0.13419216317767044,
94,13.157541599570585,28.515834675254965,10.19189479334407,4.609500805152979,3.9586688137412773,0.15432098765432098,13.734567901234568,23.557434245840042,1.1272141706924315,0.8588298443370908,0.13419216317767044,
95,13.285024154589372,28.388352120236178,10.198604401502953,4.542404723564144,4.019055287171229,0.15432098765432098,13.647342995169081,23.55072463768116,1.1272141706924315,0.95276435856146,0.13419216317767044,
96,13.41250670960816,28.27428878153516,10.144927536231885,4.542404723564144,4.1129898013955986,0.15432098765432098,13.647342995169081,23.517176596886742,1.1272141706924315,0.9326355340848095,0.13419216317767044,
97,13.58695652173913,28.153515834675254,10.030864197530864,4.669887278582931,4.126409017713366,0.15432098765432098,13.600375738056897,23.429951690821255,1.1808910359634996,0.9326355340848095,0.13419216317767044,
98,13.761406333870102,27.958937198067634,11.097691894793345,4.643048845947397,4.240472356414386,0.15432098765432098,12.553676865271068,23.382984433709073,1.1540526033279657,0.9192163177670424,0.13419216317767044,
99,13.942565754159958,27.82474503488996,11.05072463768116,4.643048845947397,4.260601180891036,0.15432098765432098,12.486580783682234,23.403113258185723,1.1808910359634996,0.9192163177670424,0.13419216317767044,
100,13.922436929683306,27.811325818572197,11.151368760064413,4.884594739667204,4.240472356414386,0.15432098765432098,12.130971551261407,23.349436392914654,1.2546967257112185,0.966183574879227,0.13419216317767044,
101,14.210950080515298,27.70397208803006,11.117820719269995,4.87788513150832,4.233762748255502,0.15432098765432098,12.06387546967257,23.21524422973698,1.3217928073000538,0.966183574879227,0.13419216317767044,
102,14.526301663982823,27.536231884057973,11.09098228663446,4.87788513150832,4.2203435319377345,0.15432098765432098,12.030327428878154,23.141438539989263,1.3217928073000538,0.966183574879227,0.13419216317767044,
103,14.673913043478262,27.415458937198068,11.017176596886742,4.998658078368224,4.2203435319377345,0.15432098765432098,11.990069779924852,23.047504025764894,1.3553408480944713,0.9930220075147611,0.13419216317767044,
104,14.861782071927,27.355072463768117,11.003757380568974,4.998658078368224,4.2270531400966185,0.15432098765432098,11.943102522812667,22.973698336017176,1.3553408480944713,0.9930220075147611,0.13419216317767044,
105,15.042941492216855,27.241009125067094,10.929951690821255,4.99194847020934,4.314278046162104,0.17444981213097155,11.916264090177133,22.906602254428343,1.3553408480944713,0.9930220075147611,0.13419216317767044,
106,15.4723564143854,27.160493827160494,10.762211486849168,4.99194847020934,4.28743961352657,0.17444981213097155,11.808910359634996,22.805958132045088,1.415727321524423,0.9863123993558777,0.13419216317767044,
107,15.747450348899624,27.086688137412775,10.742082662372518,4.978529253891573,4.240472356414386,0.17444981213097155,11.782071926999464,22.69189479334407,1.4694041867954912,0.95276435856146,0.13419216317767044,
108,15.854804079441761,26.932367149758456,10.742082662372518,4.978529253891573,4.374664519592056,0.17444981213097155,11.761943102522812,22.591250670960815,1.4694041867954912,0.95276435856146,0.16774020397208803,
109,16.089640365002683,26.8317230273752,10.7085346215781,4.978529253891573,4.367954911433173,0.17444981213097155,11.728395061728396,22.530864197530864,1.4694041867954912,0.95276435856146,0.16774020397208803,
110,14.955716586151368,25.181159420289855,12.97638217928073,4.367954911433173,3.9452495974235107,0.17444981213097155,18.370907139023082,17.67981749865808,1.415727321524423,0.7648953301127214,0.16774020397208803,
111,14.761137949543746,24.114331723027377,12.97638217928073,4.327697262479871,3.717122920021471,0.19457863660762212,18.223295759527645,19.51154052603328,1.2412775093934514,0.7648953301127214,0.16774020397208803,
112,14.888620504562533,24.10762211486849,12.902576489533011,4.320987654320987,3.743961352657005,0.19457863660762212,18.209876543209877,19.47128287707998,1.2278582930756843,0.7648953301127214,0.16774020397208803,
113,15.076489533011273,24.060654857756308,12.815351583467525,4.3545356951154055,3.730542136339238,0.2147074610842727,18.129361245303276,19.216317767042405,1.4224369296833066,0.8118625872249061,0.16774020397208803,
114,15.411969940955448,23.993558776167472,12.795222758990874,4.30756843800322,3.730542136339238,0.2147074610842727,17.98174986580784,19.176060118089104,1.4224369296833066,0.798443370907139,0.16774020397208803,
115,15.74074074074074,23.852657004830917,12.795222758990874,4.300858829844337,3.750670960815888,0.24825550187869028,17.827428878153516,19.03515834675255,1.482823403113258,0.798443370907139,0.16774020397208803,
116,15.921900161030596,23.772141706924316,12.721417069243156,4.28743961352657,3.7372517444981215,0.24825550187869028,17.807300053676865,19.04186795491143,1.4626945786366077,0.8319914117015567,0.16774020397208803,
117,15.438808373590982,21.72571121846484,12.701288244766506,4.280730005367687,3.797638217928073,0.28180354267310787,17.67981749865808,21.557971014492754,1.4962426194310252,0.8722490606548577,0.16774020397208803,
118,15.4723564143854,21.537842190016104,12.345679012345679,4.253891572732153,3.92512077294686,0.28180354267310787,17.652979066022546,21.987385936661298,1.4962426194310252,0.8789586688137413,0.16774020397208803,
119,15.646806226516372,21.537842190016104,12.332259796027913,4.253891572732153,3.898282340311326,0.28180354267310787,17.612721417069242,21.906870638754697,1.482823403113258,0.8789586688137413,0.16774020397208803,
120,15.881642512077295,21.32313472893183,12.077294685990339,4.019055287171229,3.9720880300590444,0.28180354267310787,17.391304347826086,22.423510466988727,1.5029522275899088,0.8789586688137413,0.24825550187869028,
121,16.13660762211487,20.933977455716587,12.5402576489533,3.9049919484702094,3.9184111647879765,0.28180354267310787,17.277241009125067,22.32957595276436,1.5297906602254427,0.8990874932903918,0.24825550187869028,
122,16.31105743424584,20.679012345679013,12.493290391841116,3.9318303811057436,4.045893719806763,0.28180354267310787,17.250402576489535,22.32957595276436,1.5297906602254427,0.8990874932903918,0.24825550187869028,
123,16.472088030059044,20.517981749865807,12.493290391841116,4.025764895330113,4.045893719806763,0.28180354267310787,17.19001610305958,22.14170692431562,1.5297906602254427,1.0534084809447128,0.24825550187869028,
124,15.03623188405797,17.337627482555018,9.66183574879227,3.294417606011809,3.361513687600644,0.28180354267310787,28.931830381105744,19.665861513687602,1.3553408480944713,0.9326355340848095,0.14090177133655393,
125,15.24422973698336,17.324208266237253,9.648416532474503,3.280998389694042,3.361513687600644,0.28180354267310787,28.784219001610307,19.605475040257648,1.3955984970477724,0.9326355340848095,0.14090177133655393,
126,15.351583467525497,17.257112184648417,9.608158883521202,3.2675791733762747,3.4688674181427803,0.28180354267310787,29.944981213097154,18.4447128287708,1.3016639828234031,0.9326355340848095,0.14090177133655393,
127,15.693773483628556,17.257112184648417,9.567901234567902,3.2139023081052067,3.435319377348363,0.28180354267310787,29.750402576489535,18.417874396135264,1.3083735909822867,0.9326355340848095,0.14090177133655393,
128,15.901771336553946,16.75389157273215,9.648416532474503,3.629898013955985,3.455448201825013,0.28180354267310787,29.602791196994094,18.35077831454643,1.3083735909822867,0.9259259259259259,0.14090177133655393,
129,16.203703703703702,16.67337627482555,9.648416532474503,3.603059581320451,3.455448201825013,0.28180354267310787,29.47530864197531,18.283682232957595,1.3083735909822867,0.9259259259259259,0.14090177133655393,
130,16.25738056897477,16.659957058507782,9.628287707997853,3.589640365002684,3.4957058507783145,0.3153515834675255,29.367954911433173,18.17632850241546,1.3083735909822867,1.0601180891035964,0.14090177133655393,
131,16.337895866881375,16.659957058507782,9.608158883521202,3.9184111647879765,3.4957058507783145,0.3153515834675255,29.01905528717123,18.136070853462158,1.3083735909822867,1.0601180891035964,0.14090177133655393,
132,16.492216854535695,16.63311862587225,9.534353193773484,3.9184111647879765,3.5292538915727323,0.3153515834675255,28.992216854535695,18.075684380032207,1.3083735909822867,1.0601180891035964,0.14090177133655393,
133,16.646537842190018,16.049382716049383,9.50751476113795,3.8043478260869565,3.5225442834138487,0.3421900161030596,29.66988727858293,17.934782608695652,1.328502415458937,1.0534084809447128,0.14090177133655393,
134,16.97530864197531,16.029253891572733,9.480676328502415,3.797638217928073,3.5225442834138487,0.3421900161030596,29.502147074610843,17.834138486312398,1.3217928073000538,1.0534084809447128,0.14090177133655393,
135,17.102791196994094,16.002415458937197,9.500805152979066,3.7640901771336552,3.535963499731616,0.3824476650563607,29.461889425657542,17.767042404723565,1.288244766505636,1.0534084809447128,0.14090177133655393,
136,17.062533548040793,16.009125067096083,8.527911969940956,3.69699409554482,3.7104133118625873,0.3824476650563607,30.360976918947934,17.793880837359097,1.261406333870102,1.0534084809447128,0.14090177133655393,
137,17.183306494900698,16.009125067096083,8.527911969940956,3.7238325281803544,3.7372517444981215,0.41599570585077833,30.22007514761138,17.726784755770264,1.261406333870102,1.0534084809447128,0.14090177133655393,
138,17.08937198067633,16.069511540526033,8.527911969940956,3.717122920021471,3.898282340311326,0.41599570585077833,30.08588298443371,17.69994632313473,1.3016639828234031,1.0534084809447128,0.14090177133655393,
139,17.12962962962963,16.029253891572733,9.420289855072463,3.6902844873859366,3.9184111647879765,0.41599570585077833,29.57595276435856,17.156468062265162,1.3217928073000538,1.2010198604401503,0.14090177133655393,
140,17.364465915190554,15.901771336553946,9.41358024691358,3.6902844873859366,4.052603327965647,0.41599570585077833,29.354535695115406,17.042404723564143,1.4224369296833066,1.2010198604401503,0.14090177133655393,
141,17.57246376811594,15.881642512077295,10.628019323671497,3.4822866344605474,4.05931293612453,0.41599570585077833,28.25415995705851,16.874664519592056,1.415727321524423,1.2748255501878691,0.14090177133655393,
142,16.57944176060118,13.157541599570585,11.252012882447666,2.4691358024691357,3.7775093934514223,0.32877079978529256,27.938808373590984,21.658615136876005,1.556629092860977,1.2815351583467525,,
143,16.740472356414386,13.103864734299517,11.225174449812132,2.4691358024691357,3.7775093934514223,0.32877079978529256,27.89855072463768,21.511003757380568,1.6505636070853462,1.2949543746645196,,
144,16.411701556629094,12.842190016103059,11.017176596886742,2.4691358024691357,3.6366076221148687,0.32877079978529256,30.233494363929147,20.142243692968332,1.6237251744498122,1.2949543746645196,,
145,16.63311862587225,12.822061191626409,11.017176596886742,2.442297369833602,3.6366076221148687,0.32877079978529256,30.099302200751477,20.101986044015028,1.6237251744498122,1.2949543746645196,,
146,16.23725174449812,12.808641975308642,11.003757380568974,2.4355877616747184,3.6231884057971016,0.32877079978529256,32.48792270531401,18.50509930220075,1.5499194847020934,1.0198604401502953,,
147,16.317767042404725,12.801932367149758,10.997047772410092,2.4355877616747184,4.40150295222759,0.32877079978529256,31.61567364465915,18.42458400429415,1.6572732152442298,1.0198604401502953,,
148,16.458668813741276,12.775093934514224,10.970209339774557,2.462426194310252,4.40150295222759,0.32877079978529256,31.54186795491143,18.38432635534085,1.6572732152442298,1.0198604401502953,,
149,16.35131508319914,12.97638217928073,11.057434245840042,2.4355877616747184,4.53569511540526,0.32877079978529256,31.374127750939344,18.23671497584541,1.6841116478797638,1.0198604401502953,,
150,16.532474503488995,12.95625335480408,11.097691894793345,2.4355877616747184,4.53569511540526,0.32877079978529256,31.226516371443907,18.136070853462158,1.6975308641975309,1.0534084809447128,,
151,16.63311862587225,12.915995705850777,11.064143853998926,2.4825550187869028,4.508856682769726,0.32877079978529256,31.199677938808374,18.06897477187332,1.6908212560386473,1.107085346215781,,
152,13.325281803542673,32.139023081052066,6.977992485238862,1.8853998926462694,3.864734299516908,0.24825550187869028,25.033548040794418,14.720880300590446,0.8387010198604401,0.966183574879227,,
153,13.486312399355878,32.05179817498658,6.964573268921095,1.8853998926462694,3.8848631239935587,0.24825550187869028,24.97987117552335,14.707461084272678,0.8252818035426731,0.966183574879227,,
154,13.459473966720344,31.964573268921097,7.75630703166935,1.8719806763285025,4.85775630703167,0.24825550187869028,24.020397208803004,14.163982823403114,0.8252818035426731,0.8319914117015567,,
155,13.647342995169081,31.91760601180891,7.689210950080516,1.8719806763285025,4.864465915190553,0.24825550187869028,23.993558776167472,14.123725174449811,0.8252818035426731,0.8185721953837896,,
156,13.88888888888889,31.843800322061192,7.648953301127214,1.8518518518518519,4.864465915190553,0.24825550187869028,23.825818572195384,14.090177133655395,0.9259259259259259,0.8118625872249061,,
157,14.17740203972088,31.66935050993022,7.648953301127214,1.7847557702630166,4.944981213097155,0.24825550187869028,23.731884057971016,14.06333870101986,0.9259259259259259,0.8051529790660226,,
158,14.163982823403114,31.608964036500268,7.367149758454106,2.690552871712292,4.958400429414922,0.24825550187869028,23.13472893183038,14.04320987654321,0.9259259259259259,0.8588298443370908,,
159,14.472624798711756,31.46135265700483,7.347020933977456,2.717391304347826,4.938271604938271,0.24825550187869028,23.047504025764894,13.982823403113258,0.9259259259259259,0.8588298443370908,,
160,14.553140096618357,31.280193236714975,6.984702093397746,2.717391304347826,5.025496511003757,0.24825550187869028,22.852925389157274,14.546430488459475,1.0131508319914118,0.7783145464304885,,
161,14.606816961889425,30.938003220611915,6.971282877079979,2.5295222758990876,5.58239398819109,0.24825550187869028,23.43666129898014,13.92914653784219,1.0131508319914118,0.7447665056360708,,
162,14.680622651637144,30.877616747181964,6.971282877079979,2.5563607085346214,5.58239398819109,0.24825550187869028,23.409822866344605,13.915727321524423,1.0131508319914118,0.7447665056360708,,
163,14.908749329039184,30.797101449275363,6.89747718733226,2.5563607085346214,5.595813204508857,0.24825550187869028,23.2487922705314,13.841921631776705,1.1741814278046163,0.7313472893183038,,
164,15.083199141170155,30.689747718733226,6.884057971014493,2.49597423510467,5.609232420826624,0.24825550187869028,22.819377348362856,14.2914653784219,1.1741814278046163,0.7045088566827697,,
165,15.250939345142244,30.656199677938808,6.816961889425658,2.49597423510467,5.642780461621041,0.24825550187869028,22.73215244229737,14.257917337627482,1.1876006441223832,0.6843800322061192,,0.026838432635534086
166,15.438808373590982,30.535426731078903,6.790123456790123,2.6301663982823404,5.629361245303274,0.24825550187869028,22.69860440150295,14.204240472356414,1.1137949543746646,0.6843800322061192,,0.026838432635534086
167,15.45222758990875,30.394524959742352,7.682501341921632,2.6301663982823404,5.515297906602254,0.24825550187869028,22.63150831991412,13.613794954374665,1.1137949543746646,0.6910896403650026,,0.026838432635534086
168,15.579710144927537,30.24020397208803,7.702630166398282,2.6301663982823404,5.589103596349974,0.24825550187869028,22.396672034353195,13.593666129898015,1.3217928073000538,0.6709608158883521,,0.026838432635534086
169,15.955448201825014,30.04562533548041,7.689210950080516,3.1468062265163717,5.394524959742351,0.24154589371980675,21.967257112184647,13.486312399355878,1.3754696725711217,0.6709608158883521,,0.026838432635534086
170,16.009125067096083,29.944981213097154,7.541599570585078,3.1468062265163717,5.434782608695652,0.47638217928073,21.953837895866883,13.419216317767042,1.3754696725711217,0.6709608158883521,,0.026838432635534086
171,16.17686527106817,29.817498658078367,7.541599570585078,3.1468062265163717,5.522007514761138,0.47638217928073,21.91358024691358,13.331991411701557,1.3754696725711217,0.6709608158883521,,0.026838432635534086
172,16.344605475040257,29.522275899087493,7.501341921631776,3.1468062265163717,5.730005367686527,0.47638217928073,21.886741814278047,13.291733762748256,1.3754696725711217,0.6977992485238862,,0.026838432635534086
173,16.384863123993558,29.139828234031132,7.541599570585078,3.1468062265163717,6.226516371443908,0.47638217928073,21.71900161030596,13.264895330112722,1.3754696725711217,0.6977992485238862,,0.026838432635534086
174,16.089640365002683,29.045893719806763,7.37385936661299,2.5966183574879227,4.448470209339774,0.47638217928073,24.832259796027913,13.083735909822867,1.3553408480944713,0.6977992485238862,,
175,16.25067096081589,28.978797638217927,7.367149758454106,2.5966183574879227,4.435050993022007,0.47638217928073,24.765163714439076,13.043478260869565,1.3553408480944713,0.7313472893183038,,
176,16.35131508319914,28.817767042404725,7.347020933977456,2.5966183574879227,4.676596886741814,0.47638217928073,24.62426194310252,12.949543746645196,1.42914653784219,0.7313472893183038,,
177,16.49892646269458,28.670155662909288,7.313472893183038,2.737520128824477,4.622920021470746,0.47638217928073,24.58400429414922,12.949543746645196,1.415727321524423,0.7313472893183038,,
178,16.59286097691895,28.56280193236715,7.333601717659689,2.7106816961889426,4.7168545356951155,0.47638217928073,24.57729468599034,12.882447665056361,1.415727321524423,0.7313472893183038,,
179,16.847826086956523,28.488996242619432,7.300053676865271,2.690552871712292,4.8376274825550185,0.47638217928073,24.44310252281267,12.781803542673108,1.402308105206656,0.7313472893183038,,
180,16.7337627482555,25.509930220075148,10.446859903381643,2.677133655394525,4.74369296833065,0.47638217928073,24.208266237251745,12.72812667740204,1.724369296833065,0.7514761137949544,,
181,16.921631776704242,25.462962962962962,10.373054213633925,2.6838432635534084,4.74369296833065,0.46296296296296297,24.16129898013956,12.714707461084272,1.724369296833065,0.7514761137949544,,
182,17.022275899087493,25.32206119162641,10.238862050456254,3.9855072463768115,4.817498658078368,0.4562533548040794,22.000805152979066,12.694578636607622,2.7106816961889426,0.7514761137949544,,
183,17.09608158883521,25.275093934514224,10.23215244229737,4.019055287171229,4.830917874396135,0.4562533548040794,21.973966720343533,12.634192163177671,2.7106816961889426,0.7716049382716049,,
184,17.317498658078367,25.275093934514224,10.151637144390767,4.019055287171229,4.830917874396135,0.4562533548040794,21.826355340848096,12.587224906065487,2.7643585614600106,0.7716049382716049,,
185,17.538915727321523,25.161030595813205,10.111379495437467,4.03918411164788,4.851046698872786,0.4562533548040794,21.692163177670423,12.587224906065487,2.818035426731079,0.7447665056360708,,
186,17.652979066022546,25.09393451422437,10.111379495437467,4.025764895330113,4.871175523349437,0.4562533548040794,21.66532474503489,12.560386473429952,2.818035426731079,0.7447665056360708,,
187,17.693236714975846,24.52361782071927,10.071121846484166,4.7101449275362315,4.985238862050457,0.4562533548040794,21.316425120772948,12.560386473429952,2.9388083735909825,0.7447665056360708,,
188,17.85426731078905,24.490069779924852,10.064412238325282,4.616210413311863,4.9651100375738055,0.4428341384863124,21.175523349436393,12.560386473429952,2.999194847020934,0.7447665056360708,0.08722490606548577,
189,17.94820182501342,24.402844873859365,10.030864197530864,4.609500805152979,5.025496511003757,0.4428341384863124,21.128556092324207,12.546967257112184,3.0327428878153517,0.7447665056360708,0.08722490606548577,
190,17.827428878153516,23.98684916800859,10.00402576489533,4.609500805152979,5.025496511003757,0.4294149221685454,21.054750402576488,13.16425120772947,3.066290928609769,0.7447665056360708,0.08722490606548577,
191,17.934782608695652,23.845947396672035,10.00402576489533,4.696725711218465,5.0858829844337095,0.4294149221685454,20.819914117015568,13.110574342458401,3.240740740740741,0.7447665056360708,0.08722490606548577,
192,18.12265163714439,23.731884057971016,9.990606548577563,4.690016103059581,5.092592592592593,0.4294149221685454,20.739398819108963,12.942834138486312,3.388352120236178,0.785024154589372,0.08722490606548577,
193,18.089103596349972,23.65136876006441,9.936929683306495,5.300590445517981,5.10601180891036,0.4227053140096618,20.632045088566827,12.634192163177671,3.3816425120772946,0.7581857219538379,0.08722490606548577,
194,18.203166935050994,23.450080515297905,10.889694041867955,5.2066559312936125,5.22007514761138,0.4025764895330113,20.538110574342458,11.83574879227053,3.435319377348363,0.7313472893183038,0.08722490606548577,
195,18.149490069779926,23.356146001073537,10.86285560923242,5.24020397208803,5.300590445517981,0.4227053140096618,20.497852925389157,11.506977992485238,3.8580246913580245,0.7179280730005367,0.08722490606548577,
196,18.19645732689211,23.22866344605475,10.82259796027912,5.267042404723564,5.448201825013419,0.4227053140096618,20.477724100912507,11.460010735373054,3.8714439076757916,0.7179280730005367,0.08722490606548577,
197,17.52549651100376,22.96027911969941,10.63472893183038,4.9718196457326895,5.689747718733226,0.4227053140096618,21.71900161030596,11.2788513150832,3.851315083199141,0.8588298443370908,0.08722490606548577,
198,17.57246376811594,22.859634997316157,10.674986580783683,4.9718196457326895,5.756843800322061,0.4562533548040794,21.73913043478261,11.225174449812132,3.797638217928073,0.8588298443370908,0.08722490606548577,
199,17.64626945786366,22.852925389157274,10.648148148148149,4.9718196457326895,5.756843800322061,0.4562533548040794,21.68545356951154,11.20504562533548,3.8311862587224907,0.8588298443370908,0.08722490606548577,
200,17.767042404723565,22.799248523886206,10.50053676865271,4.938271604938271,5.790391841116479,0.6575415995705851,21.598228663446054,11.151368760064413,3.8177670424047236,0.8588298443370908,0.12077294685990338,
201,17.894524959742352,22.765700483091788,10.50053676865271,4.924852388620504,5.770263016639828,0.6575415995705851,21.524422973698336,11.124530327428879,3.8580246913580245,0.8588298443370908,0.12077294685990338,
202,18.10252281266774,22.725442834138487,10.44015029522276,4.924852388620504,5.797101449275362,0.7045088566827697,21.464036500268385,11.030595813204508,3.8714439076757916,0.8185721953837896,0.12077294685990338,
