,45,50,51,55,53,52,54,60,57,56,58,63,59,61,62,64
0,99.11433172302738,0.8856682769726248,,,,,,,,,,,,,,
1,98.46349973161567,1.5365002683843263,,,,,,,,,,,,,,
2,97.69860440150295,2.301395598497048,,,,,,,,,,,,,,
3,96.43719806763285,3.535963499731616,0.026838432635534086,,,,,,,,,,,,,
4,79.02576489533011,20.840042941492218,0.026838432635534086,0.10735373054213634,,,,,,,,,,,,
5,77.84487385936661,21.926999463231347,0.026838432635534086,0.20128824476650564,,,,,,,,,,,,
6,77.5228126677402,22.08132045088567,0.026838432635534086,0.30193236714975846,0.06709608158883522,,,,,,,,,,,
7,76.42914653784219,23.040794417606012,0.07380568974771873,0.36231884057971014,0.06709608158883522,0.026838432635534086,,,,,,,,,,
8,71.95383789586688,27.449006977992486,0.07380568974771873,0.4294149221685454,0.06709608158883522,0.026838432635534086,,,,,,,,,,
9,71.1285560923242,28.173644659151904,0.14090177133655393,0.46296296296296297,0.06709608158883522,0.026838432635534086,,,,,,,,,,
10,70.14895330112721,26.85185185185185,0.16774020397208803,2.7241009125067097,0.06709608158883522,0.026838432635534086,0.013419216317767043,,,,,,,,,
11,67.90794417606011,29.07944176060118,0.16774020397208803,2.7241009125067097,0.06709608158883522,0.026838432635534086,0.013419216317767043,0.013419216317767043,,,,,,,,
12,67.03569511540526,24.9597423510467,0.3153515834675255,1.7579173376274826,5.367686527106817,0.026838432635534086,0.46967257112184646,,0.06709608158883522,,,,,,,
13,66.51905528717123,25.241545893719806,0.3153515834675255,1.7713365539452497,5.4549114331723025,0.026838432635534086,0.6038647342995169,,0.06709608158883522,,,,,,,
14,65.05636070853463,26.402308105206657,0.38915727321524424,1.9122383252818036,5.307300053676865,0.08051529790660225,0.6038647342995169,,0.06709608158883522,0.06709608158883522,0.11406333870101985,,,,,
15,64.39210950080515,27.106816961889425,0.322061191626409,2.3617820719269993,4.851046698872786,0.1274825550187869,0.6038647342995169,,0.06709608158883522,0.06709608158883522,0.10064412238325282,,,,,
16,63.92243692968331,27.140365002683843,0.46967257112184646,2.4221685453569513,4.797369833601718,0.1274825550187869,0.8856682769726248,,0.06709608158883522,0.06709608158883522,0.10064412238325282,,,,,
17,58.05823939881911,32.91733762748255,0.5233494363929146,2.4154589371980677,4.810789049919484,0.15432098765432098,0.8856682769726248,,0.06709608158883522,0.06709608158883522,0.10064412238325282,,,,,
18,57.05179817498658,33.4272678475577,0.5703166935050993,2.4825550187869028,4.8376274825550185,0.3421900161030596,1.0198604401502953,,0.06709608158883522,0.06709608158883522,0.13419216317767044,,,,,
19,56.82367149758454,33.44739667203435,0.6172839506172839,2.576489533011272,4.777241009125067,0.4092860976918948,1.0198604401502953,,0.10064412238325282,0.06709608158883522,0.1610305958132045,,,,,
20,50.68438003220612,39.48604401502952,0.7112184648416533,2.6167471819645733,4.676596886741814,0.48980139559849706,1.0064412238325282,,0.10064412238325282,0.06709608158883522,0.1610305958132045,,,,,
21,50.637412775093935,39.28475577026302,0.7112184648416533,2.831454643048846,4.7101449275362315,0.48980139559849706,1.0064412238325282,,0.10064412238325282,0.06709608158883522,0.1610305958132045,,,,,
22,50.54347826086956,38.95598497047772,0.9863123993558777,2.844873859366613,4.723564143853999,0.48980139559849706,1.1272141706924315,,0.10064412238325282,0.06709608158883522,0.1610305958132045,,,,,
23,50.1610305958132,39.090177133655395,1.0466988727858293,3.0327428878153517,4.723564143853999,0.48980139559849706,1.0198604401502953,,0.10064412238325282,0.17444981213097155,0.1610305958132045,,,,,
24,49.55716586151369,39.55314009661836,1.093666129898014,3.0931293612453032,4.736983360171766,0.48980139559849706,1.0332796564680622,,0.10064412238325282,0.17444981213097155,0.16774020397208803,,,,,
25,49.12775093934514,39.49946323134729,1.1406333870101986,3.435319377348363,4.777241009125067,0.41599570585077833,1.06682769726248,,0.19457863660762212,0.17444981213097155,0.16774020397208803,,,,,
26,48.36285560923242,39.170692431561996,1.9457863660762211,3.69699409554482,4.770531400966184,0.4025764895330113,1.093666129898014,0.020128824476650563,0.19457863660762212,0.17444981213097155,0.16774020397208803,,,,,
27,47.94685990338164,39.439076757917334,1.9592055823939882,3.743961352657005,4.8443370907139025,0.41599570585077833,1.093666129898014,0.020128824476650563,0.19457863660762212,0.17444981213097155,0.16774020397208803,,,,,
28,47.80595813204509,38.35212023617821,1.9659151905528718,3.784219001610306,5.8239398819108965,0.41599570585077833,1.1607622114868492,0.020128824476650563,0.19457863660762212,0.17444981213097155,0.30193236714975846,,,,,
29,47.34970477724101,38.52657004830918,2.0531400966183573,3.8915727321524423,5.870907139023081,0.41599570585077833,1.2010198604401503,0.020128824476650563,0.19457863660762212,0.17444981213097155,0.30193236714975846,,,,,
30,46.752549651100374,36.33252818035427,3.851315083199141,3.9452495974235107,6.769994632313473,0.41599570585077833,1.2010198604401503,0.020128824476650563,0.23483628556092323,0.17444981213097155,0.30193236714975846,,,,,
31,37.02361782071927,44.16935050993022,5.522007514761138,3.8848631239935587,6.709608158883521,0.4025764895330113,1.556629092860977,0.020128824476650563,0.23483628556092323,0.17444981213097155,0.30193236714975846,,,,,
32,36.902844873859365,44.04186795491143,5.508588298443371,4.092860976918948,6.561996779388084,0.4025764895330113,1.596886741814278,0.020128824476650563,0.33548040794417605,0.2281266774020397,0.30864197530864196,,,,,
33,36.808910359635,43.86741814278046,5.501878690284487,4.280730005367687,6.642512077294686,0.4025764895330113,1.596886741814278,0.020128824476650563,0.33548040794417605,0.2281266774020397,0.3153515834675255,,,,,
34,36.65458937198068,43.69296833064949,5.5689747718733225,4.448470209339774,6.622383252818035,0.4025764895330113,1.7042404723564144,0.020128824476650563,0.33548040794417605,0.23483628556092323,0.3153515834675255,,,,,
35,36.44659151905529,43.73322597960279,5.5689747718733225,4.4820182501341925,6.749865807836822,0.4227053140096618,1.6774020397208802,0.020128824476650563,0.33548040794417605,0.24825550187869028,0.3153515834675255,,,,,
36,35.00402576489533,42.8341384863124,7.548309178743962,4.871175523349437,6.474771873322598,0.46296296296296297,1.751207729468599,0.020128824476650563,0.33548040794417605,0.24154589371980675,0.4562533548040794,,,,,
37,34.957058507783145,42.7536231884058,7.5348899624261945,4.978529253891573,6.461352657004831,0.46296296296296297,1.751207729468599,0.020128824476650563,0.33548040794417605,0.27509393451422437,0.46967257112184646,,,,,
38,34.84970477724101,42.652979066022546,7.5348899624261945,5.186527106816962,6.521739130434782,0.4025764895330113,1.751207729468599,0.020128824476650563,0.33548040794417605,0.27509393451422437,0.46967257112184646,,,,,
39,34.66183574879227,42.66639828234031,7.50805152979066,5.287171229200215,6.494900697799249,0.4025764895330113,1.8115942028985508,0.020128824476650563,0.33548040794417605,0.2885131508319914,0.5233494363929146,,,,,
40,34.46725711218465,42.16317767042405,7.581857219538379,5.548845947396672,6.837090713902308,0.4495437466451959,1.7646269457863661,0.020128824476650563,0.4092860976918948,0.2616747181964573,0.49651100375738055,,,,,
41,34.42028985507246,41.97530864197531,7.541599570585078,5.810520665593129,6.790123456790123,0.4495437466451959,1.7646269457863661,0.03354804079441761,0.4092860976918948,0.2616747181964573,0.5434782608695652,,,,,
42,34.33977455716586,41.84111647879764,7.568438003220612,5.938003220611916,6.790123456790123,0.5099302200751477,1.7847557702630166,0.03354804079441761,0.38915727321524424,0.2616747181964573,0.5434782608695652,,,,,
43,33.19243156199678,44.0955448201825,6.099033816425121,6.132581857219538,6.870638754696726,0.5099302200751477,1.8719806763285025,0.03354804079441761,0.38915727321524424,0.2616747181964573,0.5434782608695652,,,,,
44,32.96430488459474,43.894256575415994,6.260064412238325,6.260064412238325,6.9243156199677935,0.5770263016639828,1.8719806763285025,0.03354804079441761,0.38915727321524424,0.2616747181964573,0.5636070853462157,,,,,
45,31.608964036500268,45.17579173376275,6.206387546967257,6.347289318303811,6.89747718733226,0.5300590445517982,1.9726247987117553,0.03354804079441761,0.4025764895330113,0.2616747181964573,0.5636070853462157,,,,,
46,31.568706387546968,44.97450348899624,6.260064412238325,6.488191089640365,6.89747718733226,0.5300590445517982,1.9659151905528718,0.03354804079441761,0.4092860976918948,0.2952227589908749,0.5770263016639828,,,,,
47,31.528448738593667,44.71282877079979,6.333870101986044,6.615673644659152,6.937734836285561,0.5501878690284487,2.006172839506173,0.03354804079441761,0.4092860976918948,0.2952227589908749,0.5770263016639828,,,,,
48,31.4345142243693,43.243424584004295,6.360708534621578,7.0383789586688135,8.024691358024691,0.5367686527106817,2.0397208803005906,0.03354804079441761,0.4092860976918948,0.2952227589908749,0.5837359098228664,,,,,
49,31.374127750939344,43.07568438003221,6.400966183574879,7.098765432098766,8.024691358024691,0.5233494363929146,2.1739130434782608,0.03354804079441761,0.4092860976918948,0.30193236714975846,0.5837359098228664,,,,,
50,31.09903381642512,42.90794417606012,6.541867954911433,7.286634460547504,8.017981749865807,0.5300590445517982,2.281266774020397,0.03354804079441761,0.4092860976918948,0.30193236714975846,0.5904455179817498,,,,,
51,31.052066559312937,42.693236714975846,6.595544820182502,7.333601717659689,8.031400966183575,0.5434782608695652,2.4154589371980677,0.03354804079441761,0.4092860976918948,0.30193236714975846,0.5904455179817498,,,,,
52,20.8870101986044,56.01180891035963,4.871175523349437,6.501610305958132,7.897208803005904,0.41599570585077833,2.073268921095008,0.06038647342995169,0.4092860976918948,0.28180354267310787,0.5904455179817498,,,,,
53,19.994632313472895,56.60225442834138,4.8443370907139025,6.796833064949007,7.816693505099302,0.4562533548040794,2.073268921095008,0.06038647342995169,0.38915727321524424,0.2281266774020397,0.7380568974771873,,,,,
54,19.826892109500804,56.374127750939344,4.864465915190553,7.0450885668276975,7.883789586688137,0.4562533548040794,2.13365539452496,0.06038647342995169,0.38915727321524424,0.2281266774020397,0.7380568974771873,,,,,
55,19.605475040257648,56.15271068169619,4.777241009125067,7.4208266237251745,8.004562533548041,0.47638217928073,2.0665593129361244,0.03354804079441761,0.3824476650563607,0.3153515834675255,0.7648953301127214,,,,,
56,19.26328502415459,56.26006441223833,4.810789049919484,7.461084272678476,8.105206655931294,0.5367686527106817,2.0665593129361244,0.03354804079441761,0.3824476650563607,0.3153515834675255,0.7648953301127214,,,,,
57,19.256575415995705,55.803811057434245,4.669887278582931,8.05823939881911,8.017981749865807,0.5367686527106817,2.147074610842727,0.03354804079441761,0.36902844873859364,0.32877079978529256,0.7783145464304885,,,,,
58,19.202898550724637,55.46833064949007,4.669887278582931,8.132045088566828,8.219269994632313,0.5501878690284487,2.0799785292538915,0.1274825550187869,0.36902844873859364,0.32877079978529256,0.8521202361782072,,,,,
59,11.90955448201825,71.20236178207193,4.186795491143317,4.468599033816425,5.441492216854535,0.20799785292538917,1.1943102522812667,0.020128824476650563,0.30193236714975846,0.2549651100375738,0.8118625872249061,,,,,
60,10.305958132045088,70.02147074610842,7.273215244229737,4.609500805152979,5.112721417069243,0.20799785292538917,1.1540526033279657,0.020128824476650563,0.30193236714975846,0.2549651100375738,0.7380568974771873,,,,,
61,10.285829307568438,69.73295759527643,7.226247987117552,4.8443370907139025,5.112721417069243,0.2549651100375738,1.1540526033279657,0.04696725711218465,0.3153515834675255,0.30193236714975846,0.7246376811594203,,,,,
62,10.238862050456254,67.37788513150832,7.226247987117552,7.132313472893183,5.065754159957058,0.30864197530864196,1.1876006441223832,0.04696725711218465,0.32877079978529256,0.322061191626409,0.7648953301127214,,,,,
63,10.198604401502953,54.871175523349436,21.027911969940956,6.655931293612453,4.53569511540526,0.2952227589908749,1.2077294685990339,0.020128824476650563,0.2952227589908749,0.30864197530864196,0.5837359098228664,,,,,
64,10.165056360708535,54.30756843800322,20.88030059044552,7.253086419753086,4.468599033816425,0.2952227589908749,1.2077294685990339,0.020128824476650563,0.30193236714975846,0.5300590445517982,0.5703166935050993,,,,,
65,10.165056360708535,53.898282340311326,20.853462157809982,7.675791733762749,4.468599033816425,0.2952227589908749,1.2077294685990339,0.020128824476650563,0.2952227589908749,0.5434782608695652,0.5703166935050993,0.0067096081588835215,,,,
66,10.11808910359635,53.757380568974774,20.813204508856682,7.729468599033816,4.549114331723027,0.3153515834675255,1.2077294685990339,0.020128824476650563,0.322061191626409,0.5904455179817498,0.5703166935050993,0.0067096081588835215,,,,
67,9.970477724100913,53.696994095544824,20.618625872249062,7.7898550724637685,4.522275899087493,0.3153515834675255,1.3419216317767042,0.020128824476650563,0.3824476650563607,0.798443370907139,0.5367686527106817,0.0067096081588835215,,,,
68,9.936929683306495,53.38164251207729,20.625335480407944,8.038110574342458,4.508856682769726,0.30864197530864196,1.3419216317767042,0.020128824476650563,0.3824476650563607,0.9125067096081588,0.5367686527106817,0.0067096081588835215,,,,
69,9.876543209876543,53.00590445517982,20.477724100912507,8.380300590445518,4.508856682769726,0.32877079978529256,1.3888888888888888,0.020128824476650563,0.3824476650563607,1.0869565217391304,0.5367686527106817,0.0067096081588835215,,,,
70,9.856414385399892,51.08695652173913,20.42404723564144,8.494363929146537,6.092324208266238,0.32877079978529256,1.6170155662909287,0.020128824476650563,0.3824476650563607,1.1406333870101986,0.5367686527106817,0.0067096081588835215,0.013419216317767043,,,
71,9.849704777241008,50.7313472893183,20.21604938271605,8.608427267847558,6.092324208266238,0.32877079978529256,1.9189479334406871,0.020128824476650563,0.3824476650563607,1.2949543746645196,0.5367686527106817,0.0067096081588835215,0.013419216317767043,,,
72,9.789318303811058,50.536768652710684,20.169082125603865,8.849973161567364,6.092324208266238,0.32877079978529256,1.9189479334406871,0.020128824476650563,0.3824476650563607,1.3553408480944713,0.5367686527106817,0.0067096081588835215,0.013419216317767043,,,
73,9.655126140633387,50.18115942028985,20.041599570585078,9.158615136876007,6.092324208266238,0.32877079978529256,1.9860440150295222,0.04696725711218465,0.3824476650563607,1.556629092860977,0.5367686527106817,0.0067096081588835215,0.026838432635534086,,,
74,9.46725711218465,49.45652173913044,19.632313472893184,10.077831454643048,5.730005367686527,1.3888888888888888,2.073268921095008,0.026838432635534086,0.17444981213097155,1.556629092860977,0.38915727321524424,,0.026838432635534086,,,
75,9.46725711218465,49.33574879227053,19.592055823939884,10.158346752549651,5.756843800322061,1.415727321524423,2.073268921095008,0.026838432635534086,0.17444981213097155,1.583467525496511,0.38915727321524424,,0.026838432635534086,,,
76,9.453837895866881,49.00697799248524,19.122383252818036,11.131239935587761,5.595813204508857,1.415727321524423,1.9860440150295222,0.026838432635534086,0.24154589371980675,1.6170155662909287,0.3757380568974772,,0.026838432635534086,,,
77,9.400161030595813,48.92646269457864,19.028448738593667,11.2788513150832,5.562265163714439,1.3955984970477724,2.006172839506173,0.026838432635534086,0.24154589371980675,1.710950080515298,0.4092860976918948,,0.013419216317767043,,,
78,9.312936124530328,48.49704777241009,18.67283950617284,11.714975845410628,5.71658615136876,1.3955984970477724,2.006172839506173,0.026838432635534086,0.2549651100375738,1.9793344068706387,0.4092860976918948,,0.013419216317767043,,,
79,9.312936124530328,48.17498658078368,18.659420289855074,11.996779388083736,5.71658615136876,1.3955984970477724,2.046430488459474,0.026838432635534086,0.2549651100375738,1.9927536231884058,0.39586688137412773,,0.013419216317767043,0.013419216317767043,,
80,9.312936124530328,47.94015029522276,18.4849704777241,12.02361782071927,5.797101449275362,1.3955984970477724,2.046430488459474,0.026838432635534086,0.2549651100375738,2.2946859903381642,0.39586688137412773,,0.013419216317767043,0.013419216317767043,,
81,9.29951690821256,45.36366076221149,18.417874396135264,11.29898013955985,9.084809447128288,1.3955984970477724,2.1068169618894257,0.026838432635534086,0.23483628556092323,2.3483628556092326,0.39586688137412773,,0.013419216317767043,0.013419216317767043,,
82,9.111647879763822,45.14224369296833,18.357487922705314,11.540526033279656,9.118357487922705,1.3620504562533549,2.0799785292538915,0.026838432635534086,0.28180354267310787,2.4154589371980677,0.48980139559849706,,0.06038647342995169,0.013419216317767043,,
83,9.111647879763822,45.07514761137949,18.303811057434245,11.439881910896403,9.172034353193773,1.3620504562533549,2.2074610842726785,0.026838432635534086,0.2683843263553409,2.4691358024691357,0.48980139559849706,,0.06038647342995169,0.013419216317767043,,
84,9.07139023081052,44.947665056360705,18.303811057434245,11.54723564143854,9.004294149221685,1.3620504562533549,2.227589908749329,0.026838432635534086,0.33548040794417605,2.49597423510467,0.6038647342995169,,0.06038647342995169,0.013419216317767043,,
85,9.07139023081052,44.639023081052066,18.23671497584541,11.741814278046162,8.99087493290392,1.3620504562533549,2.341653247450349,0.026838432635534086,0.322061191626409,2.589908749329039,0.6038647342995169,,0.06038647342995169,0.013419216317767043,,
86,8.876811594202898,44.68599033816425,18.169618894256576,11.896135265700483,8.984165324745035,1.328502415458937,2.341653247450349,0.026838432635534086,0.3488996242619431,2.6637144390767578,0.6038647342995169,,0.06038647342995169,0.013419216317767043,,
87,8.76274825550188,44.357219538378956,18.02871712292002,12.432903918411165,8.984165324745035,1.3687600644122384,2.368491680085883,0.026838432635534086,0.3488996242619431,2.589908749329039,0.6038647342995169,,0.06038647342995169,0.06709608158883522,,
88,8.682232957595277,44.196188942565755,17.767042404723565,12.627482555018787,9.16532474503489,1.3486312399355878,2.395330112721417,0.08722490606548577,0.3488996242619431,2.6435856146001075,0.630703166935051,,0.06038647342995169,0.04696725711218465,,
89,8.635265700483092,43.61916264090177,17.55233494363929,13.298443370907139,9.225711218464841,1.3620504562533549,2.49597423510467,0.08722490606548577,0.3421900161030596,2.717391304347826,0.5568974771873323,,0.06038647342995169,0.04696725711218465,,
90,8.487654320987655,43.51851851851852,17.52549651100376,13.425925925925926,9.212292002147075,1.3821792807300053,2.589908749329039,0.08722490606548577,0.3421900161030596,2.7241009125067097,0.5837359098228664,,0.07380568974771873,0.04696725711218465,,
91,8.487654320987655,43.183038110574344,17.52549651100376,13.405797101449275,9.306226516371444,1.3821792807300053,2.589908749329039,0.10064412238325282,0.3421900161030596,2.8113258185721954,0.7447665056360708,,0.07380568974771873,0.04696725711218465,,
92,8.272946859903382,42.961621041331185,17.69994632313473,13.499731615673644,9.306226516371444,1.3821792807300053,2.5697799248523885,0.10064412238325282,0.3421900161030596,2.9790660225442833,0.7648953301127214,,0.07380568974771873,0.04696725711218465,,
93,8.266237251744498,42.693236714975846,16.337895866881375,13.399087493290391,10.554213633923778,1.3821792807300053,2.589908749329039,0.11406333870101985,0.3421900161030596,3.435319377348363,0.7648953301127214,,0.07380568974771873,0.04696725711218465,,
94,8.185721953837897,42.652979066022546,16.243961352657006,13.526570048309178,10.493827160493828,1.3821792807300053,2.589908749329039,0.11406333870101985,0.46967257112184646,3.4621578099838968,0.7581857219538379,,0.07380568974771873,0.04696725711218465,,
95,8.09849704777241,42.0222758990875,16.022544283413847,13.331991411701557,10.815888352120236,2.073268921095008,2.576489533011272,0.10064412238325282,0.46967257112184646,3.6097691894793345,0.7581857219538379,,0.07380568974771873,0.04696725711218465,,
96,8.085077831454644,41.8142780461621,16.002415458937197,13.459473966720344,10.762211486849168,2.2074610842726785,2.576489533011272,0.10064412238325282,0.4830917874396135,3.6097691894793345,0.7783145464304885,,0.07380568974771873,0.04696725711218465,,
97,8.064949006977992,41.55260332796565,15.707192699946322,13.352120236178207,10.674986580783683,2.13365539452496,2.965646806226516,0.10064412238325282,0.5568974771873323,4.005636070853462,0.7648953301127214,,0.07380568974771873,0.04696725711218465,,
98,8.064949006977992,41.458668813741276,15.707192699946322,13.191089640365004,10.205314009661835,2.1135265700483092,3.207192699946323,0.10064412238325282,1.0534084809447128,4.066022544283414,0.7112184648416533,,0.07380568974771873,0.04696725711218465,,
99,8.05823939881911,41.27079978529254,15.660225442834138,13.311862587224907,10.285829307568438,2.086688137412775,3.207192699946323,0.10064412238325282,1.1272141706924315,4.05931293612453,0.7112184648416533,,0.07380568974771873,0.04696725711218465,,
100,7.930756843800322,41.0426731078905,15.613258185721953,13.6808910359635,10.185185185185185,2.13365539452496,3.2877079978529253,0.10064412238325282,1.1272141706924315,4.066022544283414,0.7112184648416533,,0.07380568974771873,0.04696725711218465,,
101,7.877079978529254,40.84809447128288,15.599838969404187,13.70101986044015,10.393183038110575,2.1068169618894257,3.3480944712828773,0.10064412238325282,1.1137949543746646,4.079441760601181,0.7112184648416533,,0.07380568974771873,0.04696725711218465,,
102,7.843531937734836,40.50590445517982,15.573000536768653,13.862050456253355,10.44015029522276,2.0263016639828235,3.5963499731615673,0.10064412238325282,1.2278582930756843,3.992216854535695,0.7112184648416533,,0.07380568974771873,0.04696725711218465,,
103,7.4208266237251745,39.95571658615137,15.5126140633387,13.976113794954374,10.420021470746109,2.9119699409554483,3.643317230273752,0.10064412238325282,1.2412775093934514,3.9855072463768115,0.7112184648416533,,0.07380568974771873,0.04696725711218465,,
104,7.018250134192163,38.405797101449274,17.344337090713903,14.023081052066559,10.21202361782072,2.945517981749866,3.878153515834675,0.10064412238325282,1.2412775093934514,3.9989264626945786,0.7112184648416533,,0.07380568974771873,0.04696725711218465,,
105,6.998121309715513,37.98309178743961,17.277241009125067,14.278046162104133,10.36634460547504,2.945517981749866,3.965378421900161,0.10064412238325282,1.247987117552335,4.019055287171229,0.6977992485238862,,0.07380568974771873,0.04696725711218465,,
106,6.749865807836822,38.016639828234034,17.290660225442835,14.418947933440688,10.359634997316157,2.9388083735909825,3.9855072463768115,0.10064412238325282,1.3352120236178207,3.938539989264627,0.7447665056360708,,0.07380568974771873,0.04696725711218465,,
107,6.615673644659152,37.6207729468599,17.2638217928073,14.38539989264627,9.453837895866881,2.9052603327965647,5.5756843800322065,0.10064412238325282,1.3553408480944713,3.9184111647879765,0.6843800322061192,,0.07380568974771873,0.04696725711218465,,
108,6.575415995705851,37.61406333870102,17.102791196994094,14.27133655394525,9.54777241009125,2.9052603327965647,5.783682232957595,0.10064412238325282,1.3620504562533549,3.9318303811057436,0.6843800322061192,,0.07380568974771873,0.04696725711218465,,
109,6.575415995705851,37.34567901234568,17.01556629092861,14.371980676328503,9.561191626409018,2.932098765432099,5.810520665593129,0.10064412238325282,1.3754696725711217,4.119699409554482,0.6709608158883521,,0.07380568974771873,0.04696725711218465,,
110,6.5485775630703165,36.81561996779388,16.59957058507783,14.841653247450349,9.64170692431562,2.932098765432099,5.844068706387547,0.10064412238325282,1.3754696725711217,4.4820182501341925,0.6977992485238862,,0.07380568974771873,0.04696725711218465,,
111,6.521739130434782,36.4398819108964,11.392914653784219,14.51959205582394,9.702093397745571,10.7085346215781,5.763553408480945,0.10064412238325282,1.3486312399355878,2.623456790123457,0.7917337627482555,,0.07380568974771873,0.013419216317767043,,
112,6.521739130434782,36.218464841653244,11.366076221148685,14.754428341384862,9.728931830381105,10.601180891035963,5.723295759527644,0.10064412238325282,1.442565754159957,2.6301663982823404,0.8252818035426731,,0.07380568974771873,0.013419216317767043,,
113,6.494900697799249,35.98362855609233,11.480139559849706,14.801395598497047,9.46725711218465,10.802469135802468,5.662909286097692,0.10064412238325282,1.596886741814278,2.7442297369833604,0.7783145464304885,,0.07380568974771873,0.013419216317767043,,
114,6.494900697799249,35.92324208266237,11.453301127214171,14.727589908749328,9.46725711218465,10.802469135802468,5.783682232957595,0.10064412238325282,1.596886741814278,2.771068169618894,0.7917337627482555,,0.07380568974771873,0.013419216317767043,,
115,6.494900697799249,35.53408480944713,11.366076221148685,14.942297369833602,9.554482018250134,10.802469135802468,5.884326355340848,0.10064412238325282,1.6035963499731616,2.7643585614600106,0.7917337627482555,,0.14761137949543746,0.013419216317767043,,
116,6.474771873322598,35.319377348362856,11.272141706924316,15.096618357487923,9.688674181427805,10.762211486849168,5.837359098228664,0.10064412238325282,1.596886741814278,2.8918411164787976,0.798443370907139,,0.14761137949543746,0.013419216317767043,,
117,6.4345142243692965,35.17176596886742,11.258722490606548,15.177133655394526,9.749060654857756,10.755501878690284,5.870907139023081,0.10064412238325282,1.5901771336553945,2.898550724637681,0.8319914117015567,,0.14761137949543746,0.013419216317767043,,
118,6.421095008051529,35.02415458937198,11.20504562533548,15.405260332796564,9.681964573268921,10.755501878690284,5.857487922705314,0.10064412238325282,1.5901771336553945,2.945517981749866,0.8521202361782072,,0.14761137949543746,0.013419216317767043,,
119,5.763553408480945,30.24020397208803,23.691626409017715,12.593934514224369,7.159151905528717,10.72866344605475,4.750402576489533,0.08722490606548577,1.4626945786366077,2.5831991411701556,0.8521202361782072,,0.07380568974771873,0.013419216317767043,,
120,5.763553408480945,29.676596886741816,23.336017176596886,13.264895330112722,7.071926999463232,10.695115405260333,4.904723564143854,0.16774020397208803,1.583467525496511,2.5831991411701556,0.8521202361782072,,0.08722490606548577,0.013419216317767043,,
121,5.743424584004294,29.602791196994094,23.21524422973698,13.352120236178207,7.253086419753086,10.661567364465915,4.911433172302737,0.16774020397208803,1.596886741814278,2.5429414922168547,0.8521202361782072,,0.08722490606548577,0.013419216317767043,,
122,5.723295759527644,29.59608158883521,23.081052066559312,13.519860440150294,7.253086419753086,10.61460010735373,4.924852388620504,0.16774020397208803,1.6438539989264627,2.5563607085346214,0.8118625872249061,,0.0939345142243693,0.013419216317767043,,
123,5.6964573268921095,29.461889425657542,23.027375201288244,13.526570048309178,7.246376811594203,10.46027911969941,5.0993022007514766,0.19457863660762212,1.6975308641975309,2.522812667740204,0.9594739667203436,,0.0939345142243693,0.013419216317767043,,
124,5.629361245303274,29.448470209339774,23.00053676865271,13.66076221148685,7.313472893183038,10.487117552334944,5.025496511003757,0.19457863660762212,1.724369296833065,2.475845410628019,0.9326355340848095,,0.0939345142243693,0.013419216317767043,,
125,5.58239398819109,29.09957058507783,23.49704777241009,13.674181427804616,7.159151905528717,10.487117552334944,4.9651100375738055,0.19457863660762212,1.724369296833065,2.49597423510467,0.9930220075147611,,0.11406333870101985,0.013419216317767043,,
126,5.58239398819109,28.911701556629094,23.43666129898014,13.90901771336554,7.185990338164252,10.487117552334944,4.9651100375738055,0.19457863660762212,1.710950080515298,2.49597423510467,0.9930220075147611,,0.11406333870101985,0.013419216317767043,,
127,5.5689747718733225,28.64331723027375,23.235373054213635,14.06333870101986,7.058507783145465,10.473698336017177,5.159688674181428,0.24154589371980675,1.710950080515298,2.5831991411701556,1.1205045625335481,0.013419216317767043,0.11406333870101985,0.013419216317767043,,
128,5.542136339237788,27.294685990338163,22.839506172839506,13.88888888888889,8.55475040257649,10.487117552334944,5.246913580246914,0.24154589371980675,1.6975308641975309,2.85829307568438,1.1272141706924315,0.013419216317767043,0.19457863660762212,0.013419216317767043,,
129,5.448201825013419,26.90552871712292,22.852925389157274,14.130434782608695,8.890230810520666,10.426731078904991,5.065754159957058,0.24154589371980675,1.6975308641975309,2.9388083735909825,1.1808910359634996,0.013419216317767043,0.19457863660762212,0.013419216317767043,,
130,5.394524959742351,26.918947933440688,22.779119699409556,14.15727321524423,8.910359634997317,10.359634997316157,5.065754159957058,0.2952227589908749,1.710950080515298,2.945517981749866,1.2412775093934514,0.013419216317767043,0.19457863660762212,0.013419216317767043,,
131,5.10601180891036,26.570048309178745,23.2487922705314,14.264626945786366,8.943907675791733,10.292538915727322,5.065754159957058,0.2952227589908749,1.710950080515298,2.9723564143853998,1.3083735909822867,0.013419216317767043,0.19457863660762212,0.013419216317767043,,
132,5.10601180891036,26.50966183574879,23.21524422973698,14.15727321524423,9.004294149221685,10.138217928073,5.179817498658078,0.2952227589908749,1.710950080515298,2.999194847020934,1.4626945786366077,0.013419216317767043,0.19457863660762212,0.013419216317767043,,
133,5.0791733762748255,26.34863123993559,23.14814814814815,14.029790660225443,8.82313472893183,10.091250670960816,5.421363392377885,0.2952227589908749,1.6975308641975309,3.1199677938808374,1.710950080515298,0.013419216317767043,0.20799785292538917,0.013419216317767043,,
134,5.065754159957058,26.25469672571122,22.933440687063875,14.110305958132045,8.78287707997853,10.185185185185185,5.562265163714439,0.2952227589908749,1.6975308641975309,3.1065485775630703,1.710950080515298,0.013419216317767043,0.2683843263553409,0.013419216317767043,,
135,4.817498658078368,25.5300590445518,24.12775093934514,13.922436929683306,8.68894256575416,10.138217928073,5.555555555555555,0.2952227589908749,1.7713365539452497,3.1065485775630703,1.7713365539452497,0.013419216317767043,0.24825550187869028,0.013419216317767043,,
136,4.790660225442834,25.37573805689748,24.134460547504027,13.781535158346752,8.836553945249598,10.138217928073,5.756843800322061,0.2952227589908749,1.710950080515298,3.1199677938808374,1.7847557702630166,0.013419216317767043,0.24825550187869028,0.013419216317767043,,
137,4.770531400966184,25.369028448738593,23.96672034353194,13.976113794954374,8.836553945249598,10.138217928073,5.730005367686527,0.2952227589908749,1.710950080515298,3.1199677938808374,1.7847557702630166,0.013419216317767043,0.27509393451422437,0.013419216317767043,,
138,4.770531400966184,24.89935587761675,21.141975308641975,13.667471819645733,9.420289855072463,14.412238325281804,5.676328502415459,0.27509393451422437,1.0869565217391304,2.945517981749866,1.42914653784219,0.013419216317767043,0.2616747181964573,,,
139,4.7168545356951155,24.785292538915726,21.14868491680086,13.674181427804616,9.426999463231347,14.331723027375201,5.756843800322061,0.32877079978529256,1.0869565217391304,2.8650026838432634,1.5499194847020934,0.026838432635534086,0.30193236714975846,,,
140,4.669887278582931,24.718196457326894,21.18894256575416,13.613794954374665,9.594739667203436,14.237788513150832,5.6964573268921095,0.32877079978529256,1.1943102522812667,2.8650026838432634,1.5499194847020934,0.040257648953301126,0.30193236714975846,,,
141,4.569243156199678,24.570585077831456,20.994363929146537,13.915727321524423,9.534353193773484,14.130434782608695,5.750134192163178,0.32877079978529256,1.2345679012345678,3.0193236714975846,1.5767579173376274,0.040257648953301126,0.33548040794417605,,,
142,4.569243156199678,24.094202898550726,20.9272678475577,13.43263553408481,9.554482018250134,13.895598497047773,6.6760601180891035,0.32877079978529256,1.4224369296833066,3.0595813204508855,1.6639828234031133,0.040257648953301126,0.33548040794417605,,,
143,4.569243156199678,23.95330112721417,20.417337627482556,13.774825550187868,9.628287707997853,13.88888888888889,6.635802469135802,0.32877079978529256,1.5230810520665594,3.2340311325818574,1.6706924315619969,0.040257648953301126,0.33548040794417605,,,
144,4.569243156199678,23.825818572195384,19.981213097155127,14.264626945786366,9.86983360171766,13.6406333870102,6.776704240472356,0.32877079978529256,1.5029522275899088,3.2139023081052067,1.6505636070853462,0.040257648953301126,0.33548040794417605,,,
145,4.569243156199678,23.752012882447666,19.847020933977454,14.257917337627482,9.782608695652174,13.613794954374665,7.078636607622115,0.30193236714975846,1.4761137949543746,3.2206119162640903,1.6371443907675791,0.040257648953301126,0.4227053140096618,,,
146,4.528985507246377,23.429951690821255,19.504830917874397,14.143853998926463,9.4873859366613,15.002683843263553,7.132313472893183,0.30193236714975846,1.1473429951690821,3.193773483628556,1.6103059581320451,0.040257648953301126,0.47638217928073,,,
147,4.528985507246377,23.21524422973698,19.37734836285561,14.358561460010735,9.420289855072463,14.969135802469136,7.340311325818572,0.30193236714975846,1.1473429951690821,3.180354267310789,1.6438539989264627,0.040257648953301126,0.47638217928073,,,
148,4.508856682769726,21.490874932903917,24.248523886205046,12.983091787439614,9.104938271604938,14.694041867954912,5.924584004294149,0.30193236714975846,1.1943102522812667,3.2877079978529253,1.7444981213097155,0.040257648953301126,0.47638217928073,,,
149,4.508856682769726,21.470746108427267,23.899624261943103,13.050187869028449,9.044551798174986,14.667203435319378,6.025228126677402,0.30193236714975846,1.2546967257112185,3.5426731078904994,1.7444981213097155,0.040257648953301126,0.4495437466451959,,,
150,4.49543746645196,21.4573268921095,23.72517444981213,13.043478260869565,9.044551798174986,14.673913043478262,6.011808910359635,0.30193236714975846,1.2546967257112185,3.743961352657005,1.7444981213097155,0.040257648953301126,0.46296296296296297,,,
151,4.428341384863124,21.155394524959743,23.05421363392378,13.150831991411701,9.943639291465379,14.694041867954912,5.83064949006978,0.30193236714975846,1.2949543746645196,3.8915727321524423,1.751207729468599,0.040257648953301126,0.46296296296296297,,,
152,4.38137412775094,21.041331186258724,23.1682769726248,13.217928073000536,9.876543209876543,14.694041867954912,5.8239398819108965,0.30193236714975846,1.2949543746645196,3.9318303811057436,1.751207729468599,0.040257648953301126,0.47638217928073,,,
153,4.327697262479871,20.987654320987655,23.03408480944713,13.16425120772947,9.930220075147611,14.673913043478262,5.984970477724101,0.30193236714975846,1.3150831991411702,4.005636070853462,1.7579173376274826,0.040257648953301126,0.47638217928073,,,
154,4.280730005367687,20.840042941492218,22.993827160493826,13.39237788513151,9.930220075147611,14.794685990338165,5.857487922705314,0.3153515834675255,1.328502415458937,3.992216854535695,1.7579173376274826,0.040257648953301126,0.47638217928073,,,
155,4.280730005367687,20.779656468062264,22.839506172839506,13.425925925925926,9.541062801932368,14.88191089640365,5.917874396135265,0.3153515834675255,1.6103059581320451,4.03918411164788,1.8585614600107354,0.040257648953301126,0.46967257112184646,,,
156,4.260601180891036,20.77294685990338,22.611379495437465,13.580246913580247,9.480676328502415,14.727589908749328,6.072195383789587,0.3153515834675255,1.7646269457863661,4.045893719806763,1.8585614600107354,0.040257648953301126,0.46967257112184646,,,
157,4.260601180891036,20.77294685990338,22.443639291465377,13.45276435856146,9.520933977455716,14.680622651637144,6.045356951154052,0.3153515834675255,1.8048845947396672,4.294149221685454,1.8988191089640365,0.040257648953301126,0.46967257112184646,,,
158,4.260601180891036,20.679012345679013,22.430220075147613,13.439345142243694,9.54777241009125,14.586688137412775,6.166129898013956,0.3153515834675255,1.932367149758454,4.30756843800322,1.8183038110574343,0.040257648953301126,0.46967257112184646,0.0067096081588835215,,
159,4.193505099302201,20.457595276435857,22.477187332259795,13.526570048309178,9.574610842726784,14.412238325281804,6.300322061191626,0.3153515834675255,1.932367149758454,4.341116478797638,1.9524959742351047,0.040257648953301126,0.46967257112184646,0.0067096081588835215,,
160,3.9989264626945786,19.79334406870639,24.738325281803544,13.144122383252817,9.158615136876007,14.38539989264627,5.850778314546431,0.3153515834675255,1.9189479334406871,4.260601180891036,1.8786902844873858,0.040257648953301126,0.5099302200751477,0.0067096081588835215,,
161,3.992216854535695,19.699409554482017,24.630971551261407,13.211218464841654,9.25925925925926,14.371980676328503,5.897745571658615,0.3153515834675255,1.932367149758454,4.247181964573269,1.8853998926462694,0.040257648953301126,0.5099302200751477,0.0067096081588835215,,
162,3.992216854535695,19.618894256575416,24.46323134728932,13.519860440150294,9.01100375738057,14.51959205582394,5.8172302737520125,0.3153515834675255,1.9726247987117553,4.320987654320987,1.892109500805153,0.040257648953301126,0.5099302200751477,0.0067096081588835215,,
163,3.9318303811057436,19.672571121846484,24.396135265700483,13.533279656468062,9.084809447128288,14.486044015029522,5.750134192163178,0.3153515834675255,1.9659151905528718,4.414922168545357,1.892109500805153,0.040257648953301126,0.5099302200751477,0.0067096081588835215,,
164,3.9318303811057436,19.57192699946323,24.382716049382715,13.674181427804616,8.876811594202898,14.459205582393988,5.844068706387547,0.3153515834675255,2.046430488459474,4.455179817498658,1.8853998926462694,0.040257648953301126,0.5099302200751477,0.0067096081588835215,,
165,3.911701556629093,19.43773483628556,24.134460547504027,13.674181427804616,9.219001610305957,14.42565754159957,5.750134192163178,0.3421900161030596,2.100107353730542,4.602791196994096,1.8451422436929683,0.040257648953301126,0.5099302200751477,0.0067096081588835215,,
166,3.911701556629093,19.43773483628556,24.02710681696189,13.774825550187868,9.178743961352657,14.479334406870638,5.723295759527644,0.3421900161030596,2.1806226516371443,4.51556629092861,1.8719806763285025,0.040257648953301126,0.5099302200751477,0.0067096081588835215,,
167,3.911701556629093,19.424315619967793,23.97342995169082,13.81508319914117,9.091519055287172,14.418947933440688,5.763553408480945,0.3421900161030596,2.3483628556092326,4.4820182501341925,1.8719806763285025,0.040257648953301126,0.5099302200751477,0.0067096081588835215,,
168,3.797638217928073,19.216317767042405,23.845947396672035,13.741277509393452,9.017713365539452,14.640365002683843,5.897745571658615,0.3421900161030596,2.61003757380569,4.4820182501341925,1.8518518518518519,0.040257648953301126,0.5099302200751477,0.0067096081588835215,,
169,3.7037037037037037,19.16935050993022,23.886205045625335,13.848631239935587,9.017713365539452,14.486044015029522,5.877616747181965,0.3421900161030596,2.737520128824477,4.4753086419753085,1.8988191089640365,0.040257648953301126,0.5099302200751477,0.0067096081588835215,,
170,3.7037037037037037,19.14922168545357,23.79898013955985,13.90901771336554,9.024422973698336,14.432367149758454,5.864197530864198,0.3421900161030596,2.737520128824477,4.582662372517445,1.8988191089640365,0.040257648953301126,0.5099302200751477,0.0067096081588835215,,
171,3.629898013955985,19.11567364465915,23.718464841653248,13.895598497047773,9.037842190016104,14.36527106816962,5.837359098228664,0.3421900161030596,2.7643585614600106,4.810789049919484,1.9189479334406871,0.040257648953301126,0.5099302200751477,0.013419216317767043,,
172,3.5963499731615673,19.0150295222759,23.49704777241009,13.915727321524423,9.091519055287172,14.284755770263017,5.8172302737520125,0.3421900161030596,2.7643585614600106,5.193236714975845,1.90552871712292,0.040257648953301126,0.5233494363929146,0.013419216317767043,,
