,45,50,52,51,55,56,54,58,53,57,59,61,46,60,62,47
0,98.52388620504563,1.442565754159957,0.03354804079441761,,,,,,,,,,,,,
1,91.6532474503489,8.192431561996779,0.03354804079441761,0.12077294685990338,,,,,,,,,,,,
2,88.81508319914117,7.440955448201825,0.03354804079441761,3.589640365002684,0.013419216317767043,0.10735373054213634,,,,,,,,,,
3,54.48201825013419,41.75389157273215,0.03354804079441761,3.589640365002684,0.03354804079441761,0.10735373054213634,,,,,,,,,,
4,54.47530864197531,33.742619431025226,7.830112721417069,3.589640365002684,0.2549651100375738,0.10735373054213634,,,,,,,,,,
5,51.86527106816962,34.252549651100374,6.937734836285561,3.589640365002684,0.27509393451422437,0.10735373054213634,2.3483628556092326,0.6239935587761675,,,,,,,,
6,51.72436929683307,34.15190552871712,6.642512077294686,3.589640365002684,0.27509393451422437,0.644122383252818,2.3483628556092326,0.6239935587761675,,,,,,,,
7,51.207729468599034,34.66854535695116,6.642512077294686,3.589640365002684,0.27509393451422437,0.644122383252818,2.3483628556092326,0.6239935587761675,,,,,,,,
8,45.3972088030059,40.90177133655394,6.642512077294686,3.180354267310789,0.3824476650563607,0.5367686527106817,2.3483628556092326,0.6105743424584005,,,,,,,,
9,44.91411701556629,40.747450348899626,6.642512077294686,3.69699409554482,0.5032206119162641,0.5367686527106817,2.3483628556092326,0.6105743424584005,,,,,,,,
10,44.31025228126678,41.2037037037037,6.642512077294686,3.7104133118625873,0.6172839506172839,0.5367686527106817,2.368491680085883,0.6105743424584005,,,,,,,,
11,44.24986580783682,41.23054213633924,6.642512077294686,3.7104133118625873,0.6508319914117016,0.5367686527106817,2.368491680085883,0.6105743424584005,,,,,,,,
12,41.659957058507786,43.81374127750939,6.642512077294686,3.6768652710681695,0.6508319914117016,0.5367686527106817,2.368491680085883,0.6105743424584005,0.040257648953301126,,,,,,,
13,40.35829307568438,41.97530864197531,6.132581857219538,3.6768652710681695,4.723564143853999,0.11406333870101985,2.368491680085883,0.6105743424584005,0.040257648953301126,,,,,,,
14,40.29790660225443,41.92163177670424,6.085614600107354,3.69699409554482,4.777241009125067,0.11406333870101985,2.368491680085883,0.6105743424584005,0.040257648953301126,0.08722490606548577,,,,,,
15,39.049919484702095,32.27992485238862,2.6435856146001075,20.618625872249062,2.6838432635534084,,2.2879763821792807,0.30864197530864196,0.040257648953301126,0.08722490606548577,,,,,,
16,38.868760064412236,32.21953837895867,2.301395598497048,17.632850241545892,2.9388083735909825,,5.622651637144391,0.2885131508319914,0.040257648953301126,0.08722490606548577,,,,,,
17,38.91572732152442,31.944444444444443,2.2879763821792807,17.54562533548041,3.140096618357488,0.1274825550187869,5.622651637144391,0.2885131508319914,0.040257648953301126,0.08722490606548577,,,,,,
18,38.909017713365536,31.689479334406872,1.8786902844873858,17.51207729468599,2.49597423510467,0.2281266774020397,7.118894256575416,,0.0939345142243693,,0.07380568974771873,,,,,
19,38.66747181964573,31.689479334406872,1.8786902844873858,17.60601180891036,2.6301663982823404,0.2281266774020397,7.139023081052066,,0.08722490606548577,,0.07380568974771873,,,,,
20,37.05716586151369,30.770263016639827,5.340848094471283,17.53220611916264,2.6838432635534084,0.2683843263553409,6.1862587224906065,,0.08722490606548577,,0.07380568974771873,,,,,
21,34.82957595276436,32.50805152979066,5.340848094471283,16.874664519592056,3.113258185721954,0.9863123993558777,6.1862587224906065,,0.08722490606548577,,0.07380568974771873,,,,,
22,34.82957595276436,32.447665056360705,5.340848094471283,16.72705314009662,3.260869565217391,1.0466988727858293,6.1862587224906065,,0.08722490606548577,,0.07380568974771873,,,,,
23,34.796027911969944,32.48121309715513,5.3274288781535155,16.71363392377885,3.1535158346752548,1.0601180891035964,6.1862587224906065,,0.19457863660762212,0.013419216317767043,0.07380568974771873,,,,,
24,34.816156736446594,32.347020933977454,5.253623188405797,16.7337627482555,3.1535158346752548,1.1607622114868492,6.1862587224906065,0.06709608158883522,0.19457863660762212,0.013419216317767043,0.07380568974771873,,,,,
25,33.5077831454643,33.69565217391305,5.22007514761138,16.626409017713364,3.0864197530864197,1.2278582930756843,6.166129898013956,0.06709608158883522,0.19457863660762212,0.11406333870101985,0.0939345142243693,,,,,
26,33.340042941492214,33.8365539452496,5.22007514761138,16.59957058507783,3.126677402039721,1.2144390767579174,6.1929683306494905,0.06709608158883522,0.19457863660762212,0.11406333870101985,0.0939345142243693,,,,,
27,33.44739667203435,33.756038647343,5.166398282340311,16.59957058507783,3.1535158346752548,1.2144390767579174,6.1929683306494905,0.06709608158883522,0.19457863660762212,0.11406333870101985,0.0939345142243693,,,,,
28,26.596886741814277,38.92914653784219,5.065754159957058,12.211486849168008,3.1870638754696725,1.3888888888888888,6.139291465378422,0.06709608158883522,6.078904991948471,0.19457863660762212,0.14090177133655393,,,,,
29,26.422436929683307,38.28502415458937,7.930756843800322,11.647879763821793,3.750670960815888,1.3888888888888888,6.541867954911433,0.08722490606548577,3.6097691894793345,0.19457863660762212,0.14090177133655393,,,,,
30,24.46323134728932,37.6207729468599,7.950885668276973,13.875469672571121,3.92512077294686,1.3888888888888888,6.689479334406871,0.08722490606548577,3.6097691894793345,0.24825550187869028,0.14090177133655393,,,,,
31,24.476650563607084,37.4597423510467,7.950885668276973,13.88888888888889,3.92512077294686,1.5432098765432098,6.642512077294686,0.08722490606548577,3.6097691894793345,0.24825550187869028,0.16774020397208803,,,,,
32,24.322329575952764,37.453032742887814,7.950885668276973,13.982823403113258,3.992216854535695,1.5432098765432098,6.642512077294686,0.08722490606548577,3.6097691894793345,0.24825550187869028,0.16774020397208803,,,,,
33,23.98684916800859,36.68813741277509,7.930756843800322,15.069779924852389,3.992216854535695,1.556629092860977,6.575415995705851,0.15432098765432098,3.6097691894793345,0.2683843263553409,0.16774020397208803,,,,,
34,19.082125603864736,44.48470209339774,7.5348899624261945,8.796296296296296,2.120236178207193,2.2342995169082127,6.159420289855072,0.08722490606548577,9.057971014492754,0.27509393451422437,0.16774020397208803,,,,,
35,18.471551261406333,38.077026301663984,13.519860440150294,11.211755233494364,2.120236178207193,2.0531400966183573,4.9718196457326895,0.08722490606548577,8.99087493290392,0.38915727321524424,0.10735373054213634,,,,,
36,18.46484165324745,38.06360708534621,13.513150831991412,11.198336017176597,2.120236178207193,2.086688137412775,4.9718196457326895,0.0939345142243693,8.99087493290392,0.38915727321524424,0.10735373054213634,,,,,
37,17.56575415995706,36.2385936661299,16.33118625872249,11.137949543746645,2.006172839506173,2.147074610842727,4.958400429414922,0.11406333870101985,9.024422973698336,0.36902844873859364,0.10735373054213634,,,,,
38,17.56575415995706,36.02388620504563,16.23054213633924,10.648148148148149,2.7509393451422435,2.0128824476650564,4.911433172302737,0.11406333870101985,9.004294149221685,0.5837359098228664,0.15432098765432098,,,,,
39,17.478529253891573,35.258990874932906,15.116747181964573,10.554213633923778,2.703972088030059,2.006172839506173,4.609500805152979,0.11406333870101985,10.923242082662373,1.1137949543746646,0.12077294685990338,,,,,
40,17.465110037573805,30.226784755770264,9.990606548577563,20.37037037037037,3.240740740740741,2.046430488459474,4.609500805152979,0.11406333870101985,10.829307568438002,0.9863123993558777,0.12077294685990338,,,,,
41,16.941760601180892,29.871175523349436,9.990606548577563,21.24932903918411,3.240740740740741,2.046430488459474,4.609500805152979,0.11406333870101985,10.829307568438002,0.9863123993558777,0.12077294685990338,,,,,
42,15.774288781535159,27.65029522275899,13.33870101986044,21.24932903918411,3.2206119162640903,2.046430488459474,4.690016103059581,0.11406333870101985,10.768921095008052,1.0265700483091786,0.12077294685990338,,,,,
43,15.76086956521739,26.20101986044015,12.68786902844874,17.921363392377884,5.891035963499732,1.3754696725711217,4.42163177670424,0.11406333870101985,13.613794954374665,1.90552871712292,0.10735373054213634,,,,,
44,15.74074074074074,26.080246913580247,12.68786902844874,17.921363392377884,6.005099302200751,1.3754696725711217,4.30756843800322,0.14090177133655393,13.58695652173913,1.90552871712292,0.2214170692431562,0.026838432635534086,,,,
45,15.693773483628556,25.811862587224905,12.674449812130971,18.04213633923779,5.978260869565218,1.596886741814278,4.435050993022007,0.14090177133655393,13.47289318303811,1.90552871712292,0.2214170692431562,0.026838432635534086,,,,
46,14.935587761674718,24.751744498121308,14.97584541062802,17.767042404723565,5.9514224369296835,1.583467525496511,4.2203435319377345,0.14090177133655393,13.425925925925926,1.9256575415995705,0.2952227589908749,0.026838432635534086,,,,
47,14.197530864197532,23.255501878690286,13.345410628019323,25.147611379495437,5.528717122920021,1.3754696725711217,4.106280193236715,0.10735373054213634,10.802469135802468,1.7981749865807837,0.2952227589908749,0.026838432635534086,0.013419216317767043,,,
48,14.217659688674182,23.22866344605475,13.345410628019323,25.02012882447665,5.662909286097692,1.3754696725711217,4.106280193236715,0.10735373054213634,10.802469135802468,1.7981749865807837,0.2952227589908749,0.026838432635534086,0.013419216317767043,,,
49,14.197530864197532,23.181696188942567,13.305152979066023,23.32259796027912,5.683038110574342,1.415727321524423,4.1129898013955986,0.10735373054213634,12.5,1.8250134192163177,0.30864197530864196,0.026838432635534086,0.013419216317767043,,,
50,13.94927536231884,22.73215244229737,13.486312399355878,23.74530327428878,5.857487922705314,1.415727321524423,4.1129898013955986,0.14090177133655393,12.245034889962426,1.9659151905528718,0.30864197530864196,0.026838432635534086,0.013419216317767043,,,
51,13.962694578636608,22.564412238325282,13.519860440150294,23.470209339774556,5.9514224369296835,1.7310789049919484,4.1129898013955986,0.14090177133655393,12.218196457326892,1.9659151905528718,0.322061191626409,0.026838432635534086,0.013419216317767043,,,
52,13.90901771336554,22.63150831991412,13.45276435856146,23.443370907139023,5.911164787976382,1.751207729468599,4.032474503488996,0.24154589371980675,12.218196457326892,2.0665593129361244,0.30193236714975846,0.026838432635534086,0.013419216317767043,,,
53,13.955984970477724,22.584541062801932,13.45276435856146,23.389694041867955,5.964841653247451,1.751207729468599,4.032474503488996,0.24154589371980675,12.218196457326892,2.0665593129361244,0.30193236714975846,0.026838432635534086,0.013419216317767043,,,
54,13.808373590982287,22.463768115942027,13.439345142243694,20.41062801932367,6.078904991948471,1.724369296833065,7.447665056360709,0.24154589371980675,11.956521739130435,2.0665593129361244,0.30193236714975846,0.026838432635534086,0.013419216317767043,0.020128824476650563,,
55,13.754696725711218,22.477187332259795,13.546698872785829,20.336822329575952,6.078904991948471,1.7310789049919484,7.447665056360709,0.24154589371980675,11.956521739130435,2.0665593129361244,0.30193236714975846,0.026838432635534086,0.013419216317767043,0.020128824476650563,,
56,13.747987117552334,22.34970477724101,13.526570048309178,20.33011272141707,6.092324208266238,1.7310789049919484,7.454374664519592,0.35560923242082665,11.876006441223833,2.0933977455716586,0.3824476650563607,0.026838432635534086,0.013419216317767043,0.020128824476650563,,
57,13.768115942028986,22.29602791196994,17.03569511540526,18.06897477187332,5.911164787976382,1.6304347826086956,7.581857219538379,0.35560923242082665,10.721953837895867,2.2745571658615136,0.27509393451422437,0.04696725711218465,0.013419216317767043,0.020128824476650563,,
58,13.768115942028986,22.282608695652176,17.002147074610843,18.055555555555557,5.931293612453032,1.6438539989264627,7.575147611379496,0.38915727321524424,10.735373054213634,2.2611379495437465,0.27509393451422437,0.04696725711218465,0.013419216317767043,0.020128824476650563,,
59,13.781535158346752,22.309447128287708,16.97530864197531,18.055555555555557,5.938003220611916,1.6438539989264627,7.481213097155126,0.38915727321524424,10.715244229736983,2.2611379495437465,0.36902844873859364,0.04696725711218465,0.013419216317767043,0.020128824476650563,,
60,13.580246913580247,21.041331186258724,16.97530864197531,19.605475040257648,5.9447128287707995,1.6639828234031133,7.454374664519592,0.4025764895330113,10.621309715512615,2.2611379495437465,0.36902844873859364,0.04696725711218465,0.013419216317767043,0.020128824476650563,,
61,13.573537305421363,20.987654320987655,16.465378421900162,19.578636607622116,5.9447128287707995,2.187332259796028,7.454374664519592,0.4294149221685454,10.668276972624799,2.2611379495437465,0.36902844873859364,0.04696725711218465,0.013419216317767043,0.020128824476650563,,
62,13.600375738056897,20.96081588835212,16.465378421900162,19.578636607622116,5.9447128287707995,2.187332259796028,7.286634460547504,0.5703166935050993,10.641438539989265,2.2879763821792807,0.39586688137412773,0.04696725711218465,0.013419216317767043,0.020128824476650563,,
63,8.427267847557703,44.95437466451959,13.405797101449275,14.78797638217928,4.918142780461621,1.42914653784219,6.595544820182502,0.47638217928073,2.677133655394525,1.9122383252818036,0.33548040794417605,0.04696725711218465,0.013419216317767043,0.020128824476650563,,
64,8.427267847557703,44.538378958668815,13.378958668813741,14.761137949543746,5.360976918947934,1.42914653784219,6.595544820182502,0.47638217928073,2.677133655394525,1.9390767579173376,0.33548040794417605,0.04696725711218465,0.013419216317767043,0.020128824476650563,,
65,8.447396672034353,41.29092860976919,13.372249060654857,14.351851851851851,9.145195920558239,1.42914653784219,6.414385399892646,0.47638217928073,2.7106816961889426,1.9457863660762211,0.33548040794417605,0.04696725711218465,0.013419216317767043,0.020128824476650563,,
66,8.454106280193237,40.31803542673108,15.45222758990875,13.446054750402576,8.923778851315083,1.4090177133655395,6.488191089640365,0.47638217928073,2.717391304347826,1.8853998926462694,0.33548040794417605,0.06038647342995169,0.013419216317767043,0.020128824476650563,,
67,8.454106280193237,40.29790660225443,15.45222758990875,13.446054750402576,8.930488459473967,1.5432098765432098,6.501610305958132,0.47638217928073,2.5831991411701556,1.8853998926462694,0.33548040794417605,0.06038647342995169,0.013419216317767043,0.020128824476650563,,
68,7.883789586688137,33.23939881910896,25.644122383252817,11.16478797638218,8.608427267847558,1.583467525496511,6.454643048845948,0.47638217928073,2.509393451422437,2.006172839506173,0.33548040794417605,0.06038647342995169,0.013419216317767043,0.020128824476650563,,
69,7.796564680622652,33.15888352120236,25.785024154589372,14.237788513150832,7.541599570585078,1.583467525496511,4.656468062265164,0.2214170692431562,2.6301663982823404,2.006172839506173,0.30864197530864196,0.040257648953301126,0.013419216317767043,0.020128824476650563,,
70,7.7831454643048845,33.051529790660226,25.785024154589372,14.237788513150832,7.628824476650563,1.583467525496511,4.51556629092861,0.2214170692431562,2.6301663982823404,2.006172839506173,0.4495437466451959,0.040257648953301126,0.013419216317767043,0.05367686527106817,,
71,7.689210950080516,33.08507783145464,25.41599570585078,14.197530864197532,7.729468599033816,1.596886741814278,4.49543746645196,0.2683843263553409,2.623456790123457,2.341653247450349,0.4495437466451959,0.040257648953301126,0.013419216317767043,0.05367686527106817,,
72,7.689210950080516,33.011272141706925,25.41599570585078,13.493022007514762,7.75630703166935,0.8454106280193237,6.031937734836285,0.2683843263553409,2.589908749329039,2.341653247450349,0.4495437466451959,0.040257648953301126,0.013419216317767043,0.05367686527106817,,
73,7.75630703166935,32.56843800322061,25.409286097691894,13.47289318303811,8.172302737520129,0.8655394524959742,6.005099302200751,0.2616747181964573,2.589908749329039,2.341653247450349,0.4495437466451959,0.040257648953301126,0.013419216317767043,0.05367686527106817,,
74,7.541599570585078,31.749865807836823,27.865002683843265,12.016908212560386,8.279656468062266,0.8521202361782072,5.938003220611916,0.2616747181964573,2.589908749329039,2.3483628556092326,0.4495437466451959,0.040257648953301126,0.013419216317767043,0.05367686527106817,,
75,7.541599570585078,27.82474503488996,32.72275899087493,12.016908212560386,8.293075684380032,0.8521202361782072,5.374396135265701,0.2616747181964573,2.563070316693505,2.006172839506173,0.43612453032742887,0.040257648953301126,0.013419216317767043,0.05367686527106817,,
76,7.581857219538379,27.697262479871174,33.111916264090176,12.016908212560386,8.21256038647343,0.8521202361782072,5.226784755770263,0.2952227589908749,2.2342995169082127,2.073268921095008,0.5568974771873323,0.040257648953301126,0.013419216317767043,0.08722490606548577,,
77,7.628824476650563,27.623456790123456,33.05823939881911,12.016908212560386,8.239398819108963,0.8521202361782072,5.226784755770263,0.2952227589908749,2.2342995169082127,2.1135265700483092,0.5568974771873323,0.040257648953301126,0.013419216317767043,0.10064412238325282,,
78,7.541599570585078,27.737520128824478,33.04482018250134,12.016908212560386,8.225979602791197,0.8252818035426731,5.2066559312936125,0.2952227589908749,2.2342995169082127,2.1135265700483092,0.6038647342995169,0.040257648953301126,0.013419216317767043,0.10064412238325282,,
79,7.474503488996243,26.10708534621578,33.00456253354804,12.016908212560386,8.172302737520129,0.8252818035426731,5.2066559312936125,0.2952227589908749,4.005636070853462,2.13365539452496,0.6038647342995169,0.040257648953301126,0.013419216317767043,0.10064412238325282,,
80,7.48792270531401,25.670960815888353,32.75630703166935,12.493290391841116,8.158883521202362,0.7447665056360708,5.152979066022544,0.2952227589908749,4.0995705850778315,2.38191089640365,0.6038647342995169,0.040257648953301126,0.013419216317767043,0.10064412238325282,,
81,7.521470746108427,25.483091787439612,32.669082125603865,12.493290391841116,8.3467525496511,0.7783145464304885,5.132850241545894,0.2952227589908749,4.0995705850778315,2.4221685453569513,0.6038647342995169,0.040257648953301126,0.013419216317767043,0.10064412238325282,,
82,7.521470746108427,25.335480407944175,33.313204508856685,11.882716049382717,8.387010198604402,0.8789586688137413,5.038915727321524,0.4294149221685454,4.0995705850778315,2.3617820719269993,0.5971551261406334,0.040257648953301126,0.013419216317767043,0.10064412238325282,,
83,7.5348899624261945,25.335480407944175,33.3064949006978,11.876006441223833,8.360171765968868,0.8789586688137413,5.038915727321524,0.4294149221685454,4.126409017713366,2.3617820719269993,0.5971551261406334,0.040257648953301126,0.013419216317767043,0.10064412238325282,,
84,7.561728395061729,24.89935587761675,33.279656468062264,11.802200751476114,7.917337627482555,0.9057971014492754,6.005099302200751,0.4294149221685454,4.126409017713366,2.3349436392914655,0.5971551261406334,0.026838432635534086,0.013419216317767043,0.10064412238325282,,
85,7.561728395061729,24.859098228663445,33.11862587224906,11.782071926999464,7.96430488459474,0.9259259259259259,6.005099302200751,0.4294149221685454,4.045893719806763,2.5697799248523885,0.5971551261406334,0.026838432635534086,0.013419216317767043,0.10064412238325282,,
86,7.427536231884058,24.537037037037038,32.8569511540526,11.75523349436393,8.447396672034353,1.0735373054213635,5.991680085882985,0.4025764895330113,4.045893719806763,2.7241009125067097,0.5971551261406334,0.026838432635534086,0.013419216317767043,0.10064412238325282,,
87,7.481213097155126,24.3894256575416,32.71604938271605,11.735104669887278,8.413848631239935,1.06682769726248,6.1862587224906065,0.4025764895330113,4.012345679012346,2.844873859366613,0.5971551261406334,0.026838432635534086,0.013419216317767043,0.11406333870101985,,
88,7.313472893183038,24.349168008588297,32.35373054213634,13.439345142243694,8.454106280193237,0.8856682769726248,6.179549114331723,0.38915727321524424,3.1199677938808374,2.7643585614600106,0.5971551261406334,0.026838432635534086,0.013419216317767043,0.11406333870101985,,
89,7.326892109500805,24.335748792270532,32.15915190552872,13.439345142243694,8.440687063875469,0.8856682769726248,6.179549114331723,0.38915727321524424,3.1468062265163717,2.945517981749866,0.5971551261406334,0.026838432635534086,0.013419216317767043,0.11406333870101985,,
90,7.313472893183038,24.322329575952764,32.15915190552872,13.258185721953838,8.380300590445518,0.8856682769726248,6.099033816425121,0.49651100375738055,3.408480944712829,2.8918411164787976,0.630703166935051,0.026838432635534086,0.013419216317767043,0.11406333870101985,,
91,7.37385936661299,24.261943102522814,32.09205582393988,13.217928073000536,8.413848631239935,0.8856682769726248,6.099033816425121,0.49651100375738055,3.408480944712829,2.932098765432099,0.630703166935051,0.026838432635534086,0.013419216317767043,0.14761137949543746,,
92,7.387278582930757,24.295491143317232,31.93102522812668,13.217928073000536,8.387010198604402,0.8856682769726248,6.139291465378422,0.49651100375738055,3.408480944712829,3.0327428878153517,0.630703166935051,0.026838432635534086,0.013419216317767043,0.14761137949543746,,
93,7.434245840042942,24.228395061728396,31.910896403650028,12.895866881374127,8.427267847557703,1.1876006441223832,6.139291465378422,0.49651100375738055,3.408480944712829,3.052871712292002,0.630703166935051,0.026838432635534086,0.013419216317767043,0.14761137949543746,,
94,7.1658615136876005,34.01100375738057,31.816961889425656,10.02415458937198,4.8376274825550185,0.9796027911969941,4.133118625872249,0.41599570585077833,3.294417606011809,2.757648953301127,0.4428341384863124,,0.013419216317767043,0.10735373054213634,,
95,7.192699946323135,33.89023081052066,31.66935050993022,10.02415458937198,4.938271604938271,0.9796027911969941,4.133118625872249,0.41599570585077833,3.294417606011809,2.898550724637681,0.4428341384863124,,0.013419216317767043,0.10735373054213634,,
96,7.219538378958669,33.863392377885134,31.622383252818036,10.02415458937198,4.938271604938271,0.9796027911969941,4.1129898013955986,0.41599570585077833,3.294417606011809,2.932098765432099,0.47638217928073,,0.013419216317767043,0.10735373054213634,,
97,7.219538378958669,33.756038647343,31.561996779388085,10.010735373054214,5.179817498658078,0.9930220075147611,4.1129898013955986,0.39586688137412773,3.294417606011809,2.8784219001610305,0.47638217928073,,0.013419216317767043,0.10735373054213634,,
98,7.253086419753086,33.08507783145464,31.07890499194847,9.990606548577563,5.870907139023081,0.9863123993558777,4.636339237788513,0.39586688137412773,3.294417606011809,2.7777777777777777,0.47638217928073,,0.013419216317767043,0.14090177133655393,,
99,7.226247987117552,31.38083735909823,29.696725711218466,9.836285560923242,5.669618894256575,1.0601180891035964,7.9039184111647875,0.39586688137412773,3.2139023081052067,2.985775630703167,0.47638217928073,,0.013419216317767043,0.14090177133655393,,
100,7.226247987117552,31.38083735909823,29.56924315619968,9.836285560923242,5.669618894256575,1.1137949543746646,7.977724100912507,0.4294149221685454,3.180354267310789,2.9589371980676327,0.47638217928073,0.026838432635534086,0.013419216317767043,0.14090177133655393,,
101,7.125603864734299,31.32716049382716,29.56924315619968,9.829575952764358,5.810520665593129,1.1137949543746646,8.024691358024691,0.4294149221685454,3.180354267310789,2.9589371980676327,0.4495437466451959,0.026838432635534086,0.013419216317767043,0.14090177133655393,,
102,7.179280730005368,31.239935587761675,29.502147074610843,9.769189479334408,5.877616747181965,1.1674718196457328,8.017981749865807,0.4294149221685454,3.1199677938808374,3.066290928609769,0.4495437466451959,0.026838432635534086,0.013419216317767043,0.14090177133655393,,
103,7.219538378958669,31.17283950617284,29.354535695115406,9.749060654857756,5.864197530864198,1.2077294685990339,8.004562533548041,0.4294149221685454,3.1199677938808374,3.227321524422974,0.46967257112184646,0.026838432635534086,0.013419216317767043,0.14090177133655393,,
104,7.018250134192163,31.085614600107355,29.394793344068706,9.749060654857756,6.394256575415996,1.2412775093934514,7.823403113258186,0.4092860976918948,3.1199677938808374,3.1535158346752548,0.4294149221685454,0.026838432635534086,0.013419216317767043,0.14090177133655393,,
105,7.03166935050993,30.9447128287708,29.300858829844337,9.695383789586689,6.521739130434782,1.442565754159957,7.823403113258186,0.4092860976918948,3.1199677938808374,3.099838969404187,0.4294149221685454,0.026838432635534086,0.013419216317767043,0.14090177133655393,,
106,7.098765432098766,30.844068706387546,29.24718196457327,9.695383789586689,6.595544820182502,1.4224369296833066,7.823403113258186,0.4092860976918948,3.1199677938808374,3.1333870101986045,0.4294149221685454,0.026838432635534086,0.013419216317767043,0.14090177133655393,,
107,7.132313472893183,30.703166935050994,29.20692431561997,9.695383789586689,6.709608158883521,1.4224369296833066,7.823403113258186,0.4092860976918948,3.113258185721954,3.1736446591519054,0.4294149221685454,0.026838432635534086,0.013419216317767043,0.14090177133655393,,
108,7.098765432098766,28.797638217928075,28.945249597423512,9.695383789586689,6.756575415995706,1.5901771336553945,9.648416532474503,0.4092860976918948,3.113258185721954,3.2877079978529253,0.4294149221685454,0.04696725711218465,0.013419216317767043,0.16774020397208803,,
109,7.078636607622115,28.817767042404725,28.918411164787976,9.648416532474503,6.756575415995706,1.5901771336553945,9.64170692431562,0.4092860976918948,3.113258185721954,3.3145464304884595,0.4294149221685454,0.04696725711218465,0.013419216317767043,0.2214170692431562,,
110,7.092055823939882,28.784219001610307,28.6231884057971,9.541062801932368,6.89747718733226,1.7176596886741815,9.634997316156737,0.4092860976918948,3.113258185721954,3.475577026301664,0.4294149221685454,0.04696725711218465,0.013419216317767043,0.2214170692431562,,
111,7.03166935050993,26.455984970477726,28.509125067096083,9.473966720343531,6.964573268921095,1.7176596886741815,11.79549114331723,0.4092860976918948,3.515834675254965,3.4017713365539453,0.4428341384863124,0.04696725711218465,0.013419216317767043,0.2214170692431562,,
112,7.011540526033279,26.41572732152442,28.20048309178744,9.346484165324744,6.9243156199677935,1.7176596886741815,12.224906065485776,0.4092860976918948,3.629898013955985,3.3950617283950617,0.4428341384863124,0.04696725711218465,0.013419216317767043,0.2214170692431562,,
113,6.937734836285561,26.476113794954376,27.905260332796566,9.292807300053678,6.998121309715513,1.7176596886741815,12.218196457326892,0.4092860976918948,4.045893719806763,3.2742887815351582,0.4428341384863124,0.04696725711218465,0.013419216317767043,0.2214170692431562,,
114,6.984702093397746,26.435856146001072,27.871712292002147,9.25925925925926,7.024959742351046,1.7176596886741815,12.218196457326892,0.4428341384863124,4.045893719806763,3.2742887815351582,0.4428341384863124,0.04696725711218465,0.013419216317767043,0.2214170692431562,,
115,6.951154052603328,23.597691894793343,27.78448738593666,9.25925925925926,10.513955984970478,1.751207729468599,11.688137412775093,0.4428341384863124,4.045893719806763,3.3413848631239937,0.4428341384863124,0.04696725711218465,0.013419216317767043,0.12077294685990338,,
116,6.977992485238862,23.564143853998928,27.375201288244767,9.232420826623725,10.50053676865271,2.0665593129361244,11.728395061728396,0.4428341384863124,4.072732152442297,3.4151905528717124,0.4428341384863124,0.04696725711218465,0.013419216317767043,0.12077294685990338,,
117,7.058507783145465,23.483628556092324,27.375201288244767,9.252549651100376,10.433440687063875,2.1135265700483092,11.714975845410628,0.4428341384863124,4.072732152442297,3.4151905528717124,0.4562533548040794,0.04696725711218465,0.013419216317767043,0.12077294685990338,,
118,6.132581857219538,22.77241009125067,20.511272141706925,22.0276435856146,9.50751476113795,1.7981749865807837,8.433977455716587,0.36231884057971014,5.9514224369296835,2.2611379495437465,0.08051529790660225,0.026838432635534086,0.013419216317767043,0.12077294685990338,,
119,6.011808910359635,22.859634997316157,20.511272141706925,21.960547504025765,9.359903381642512,1.7981749865807837,8.420558239398819,0.36231884057971014,5.9447128287707995,2.2611379495437465,0.0939345142243693,0.026838432635534086,0.013419216317767043,0.3757380568974772,,
120,4.938271604938271,21.85319377348363,20.182501341921633,24.771873322597962,9.03113258185722,1.9726247987117553,8.232689210950081,0.36231884057971014,5.870907139023081,2.2745571658615136,0.0939345142243693,0.026838432635534086,0.013419216317767043,0.3757380568974772,,
121,4.985238862050457,21.75925925925926,20.04830917874396,24.738325281803544,9.004294149221685,1.9994632313472893,8.313204508856682,0.36231884057971014,5.870907139023081,2.408749329039184,0.0939345142243693,0.026838432635534086,0.013419216317767043,0.3757380568974772,,
122,4.985238862050457,21.72571121846484,19.860440150295222,24.738325281803544,8.943907675791733,1.9994632313472893,8.232689210950081,0.36231884057971014,5.964841653247451,2.677133655394525,0.0939345142243693,0.026838432635534086,0.013419216317767043,0.3757380568974772,,
123,4.998658078368224,21.64519592055824,19.77992485238862,22.805958132045088,9.078099838969404,2.033011272141707,8.266237251744498,0.38915727321524424,7.7831454643048845,2.7106816961889426,0.0939345142243693,0.026838432635534086,0.013419216317767043,0.3757380568974772,,
124,5.045625335480408,21.631776704240472,19.75979602791197,22.50402576489533,9.359903381642512,2.0531400966183573,8.266237251744498,0.38915727321524424,7.769726247987117,2.7106816961889426,0.0939345142243693,0.026838432635534086,0.013419216317767043,0.3757380568974772,,
125,5.0791733762748255,21.64519592055824,19.679280730005367,22.423510466988727,9.39345142243693,2.0531400966183573,8.266237251744498,0.41599570585077833,7.75630703166935,2.7777777777777777,0.0939345142243693,0.026838432635534086,0.013419216317767043,0.3757380568974772,,
126,5.10601180891036,21.604938271604937,19.652442297369834,22.27589908749329,9.473966720343531,2.1604938271604937,8.266237251744498,0.41599570585077833,7.75630703166935,2.7777777777777777,0.0939345142243693,0.026838432635534086,0.013419216317767043,0.3757380568974772,,
127,5.0993022007514766,21.564680622651636,19.57192699946323,22.18196457326892,9.608158883521202,2.1806226516371443,8.266237251744498,0.41599570585077833,7.763016639828234,2.8381642512077296,0.0939345142243693,0.026838432635534086,0.013419216317767043,0.3757380568974772,,
128,5.0791733762748255,21.564680622651636,19.39747718733226,22.16183574879227,9.628287707997853,2.2946859903381642,8.279656468062266,0.5099302200751477,7.763016639828234,2.7979066022544283,0.0939345142243693,0.040257648953301126,0.013419216317767043,0.3757380568974772,,
129,4.549114331723027,23.396403650026837,19.135802469135804,21.920289855072465,9.66183574879227,2.2879763821792807,8.28636607622115,0.47638217928073,6.6827697262479875,3.0327428878153517,0.0939345142243693,0.05367686527106817,0.013419216317767043,0.4092860976918948,,
130,4.549114331723027,23.396403650026837,19.0552871712292,21.651905528717123,9.66183574879227,2.2879763821792807,8.55475040257649,0.47638217928073,6.6827697262479875,3.113258185721954,0.0939345142243693,0.05367686527106817,0.013419216317767043,0.4092860976918948,,
131,4.582662372517445,23.356146001073537,19.0552871712292,21.40365002683843,9.903381642512077,2.2879763821792807,8.55475040257649,0.47638217928073,6.696188942565755,3.113258185721954,0.0939345142243693,0.05367686527106817,0.013419216317767043,0.4092860976918948,,
132,4.616210413311863,23.34272678475577,19.02173913043478,21.38352120236178,9.903381642512077,2.2879763821792807,8.55475040257649,0.47638217928073,6.696188942565755,3.1468062265163717,0.0939345142243693,0.05367686527106817,0.013419216317767043,0.4092860976918948,,
133,2.9119699409554483,22.403381642512077,18.54535695115405,24.758454106280194,9.816156736446592,2.314814814814815,8.568169618894256,0.47638217928073,6.501610305958132,3.0931293612453032,0.13419216317767044,0.05367686527106817,0.013419216317767043,0.4092860976918948,,
134,2.9589371980676327,22.36983360171766,18.4447128287708,24.745034889962426,9.822866344605474,2.314814814814815,8.568169618894256,0.47638217928073,6.501610305958132,3.1870638754696725,0.13419216317767044,0.05367686527106817,0.013419216317767043,0.4092860976918948,,
135,2.9589371980676327,22.282608695652176,18.411164787976382,24.67793880837359,9.896672034353195,2.314814814814815,8.608427267847558,0.5501878690284487,6.508319914117015,3.180354267310789,0.13419216317767044,0.05367686527106817,0.013419216317767043,0.4092860976918948,,
136,2.9723564143853998,22.067901234567902,18.344068706387546,24.664519592055825,10.0979602791197,2.328234031132582,8.608427267847558,0.5501878690284487,6.508319914117015,3.2474503488996245,0.13419216317767044,0.05367686527106817,0.013419216317767043,0.4092860976918948,,
137,2.6972624798711755,21.967257112184647,21.39694041867955,22.571121846484164,9.675254965110037,2.3215244229736984,8.588298443370908,0.5233494363929146,6.246645195920558,3.2541599570585076,0.13419216317767044,0.05367686527106817,0.013419216317767043,0.5568974771873323,,
138,2.7308105206655933,21.940418679549115,21.35668276972625,22.571121846484164,9.675254965110037,2.3215244229736984,8.608427267847558,0.5233494363929146,6.246645195920558,3.2675791733762747,0.13419216317767044,0.05367686527106817,0.013419216317767043,0.5568974771873323,,
139,2.737520128824477,21.940418679549115,21.16881374127751,22.25577026301664,9.930220075147611,2.38191089640365,8.581588835212024,0.5233494363929146,6.246645195920558,3.44873859366613,0.1610305958132045,0.05367686527106817,0.013419216317767043,0.5568974771873323,,
140,2.804616210413312,21.906870638754697,21.135265700483092,22.188674181427803,9.990606548577563,2.368491680085883,8.581588835212024,0.5233494363929146,6.266774020397209,3.44873859366613,0.1610305958132045,0.05367686527106817,0.013419216317767043,0.5568974771873323,,
141,2.717391304347826,21.511003757380568,21.55126140633387,21.370101986044016,10.433440687063875,2.3886205045625335,9.125067096081589,0.5233494363929146,6.206387546967257,3.4420289855072466,0.10735373054213634,0.05367686527106817,0.013419216317767043,0.5568974771873323,,
142,2.563070316693505,15.371712292002147,33.85668276972625,21.30300590445518,5.307300053676865,2.167203435319377,8.977455716586151,0.5032206119162641,6.038647342995169,3.502415458937198,0.08051529790660225,0.05367686527106817,0.013419216317767043,0.2616747181964573,,
143,2.589908749329039,15.183843263553408,33.74932903918411,21.296296296296298,5.347557702630167,2.167203435319377,9.104938271604938,0.5434782608695652,6.011808910359635,3.5963499731615673,0.08051529790660225,0.05367686527106817,0.013419216317767043,0.2616747181964573,,
144,2.5831991411701556,15.217391304347826,33.73590982286635,21.296296296296298,5.3274288781535155,2.15378421900161,9.16532474503489,0.5166398282340311,5.998389694041868,3.5963499731615673,0.08051529790660225,0.05367686527106817,0.013419216317767043,0.2616747181964573,,
145,2.5966183574879227,15.056360708534621,33.60842726784756,21.276167471819647,5.394524959742351,2.2074610842726785,9.16532474503489,0.5166398282340311,6.139291465378422,3.629898013955985,0.08051529790660225,0.05367686527106817,0.013419216317767043,0.2616747181964573,,
146,2.5831991411701556,15.049651100375739,33.42055823939882,21.26274825550188,5.387815351583468,2.341653247450349,9.16532474503489,0.6374127750939346,6.038647342995169,3.6902844873859366,0.0939345142243693,0.05367686527106817,0.013419216317767043,0.2616747181964573,,
147,2.5831991411701556,15.002683843263553,33.279656468062264,21.235909822866343,5.6964573268921095,2.341653247450349,9.037842190016104,0.6374127750939346,6.025228126677402,3.770799785292539,0.07380568974771873,0.040257648953301126,0.013419216317767043,0.2616747181964573,,
148,2.368491680085883,12.580515297906603,37.13768115942029,20.967525496511005,5.367686527106817,2.200751476113795,8.977455716586151,0.7514761137949544,5.528717122920021,3.730542136339238,0.07380568974771873,0.040257648953301126,0.013419216317767043,0.2616747181964573,,
149,2.4020397208803006,12.580515297906603,36.93639291465379,20.873590982286636,5.475040257648954,2.3349436392914655,8.977455716586151,0.7514761137949544,5.522007514761138,3.7573805689747717,0.07380568974771873,0.040257648953301126,0.013419216317767043,0.2616747181964573,,
150,2.4020397208803006,12.573805689747719,36.85587761674718,20.819914117015568,5.488459473966721,2.3349436392914655,8.977455716586151,0.7514761137949544,5.5689747718733225,3.8378958668813743,0.07380568974771873,0.040257648953301126,0.013419216317767043,0.2616747181964573,,
151,2.4154589371980677,12.513419216317766,36.70826623725174,20.819914117015568,5.58239398819109,2.4020397208803006,8.957326892109501,0.8185721953837896,5.495169082125604,3.898282340311326,0.07380568974771873,0.040257648953301126,0.013419216317767043,0.2616747181964573,,
152,2.4221685453569513,12.513419216317766,36.67471819645733,20.819914117015568,5.515297906602254,2.4020397208803006,8.796296296296296,0.8387010198604401,5.488459473966721,3.9318303811057436,0.2281266774020397,0.040257648953301126,0.013419216317767043,0.3153515834675255,,
153,2.4221685453569513,12.513419216317766,36.62775093934514,20.77294685990338,5.548845947396672,2.4221685453569513,8.796296296296296,0.8588298443370908,5.4616210413311865,3.978797638217928,0.2281266774020397,0.040257648953301126,0.013419216317767043,0.3153515834675255,,
154,2.4154589371980677,12.513419216317766,36.533816425120776,20.558239398819108,5.763553408480945,2.522812667740204,8.796296296296296,0.8588298443370908,5.4616210413311865,3.978797638217928,0.2281266774020397,0.040257648953301126,0.013419216317767043,0.3153515834675255,,
155,2.442297369833602,12.506709608158884,36.533816425120776,20.551529790660226,5.750134192163178,2.522812667740204,8.796296296296296,0.8588298443370908,5.4616210413311865,3.978797638217928,0.2281266774020397,0.040257648953301126,0.013419216317767043,0.3153515834675255,,
156,2.442297369833602,12.486580783682234,36.533816425120776,20.50456253354804,5.683038110574342,2.5831991411701556,8.870101986044014,0.8588298443370908,5.4616210413311865,3.978797638217928,0.2281266774020397,0.040257648953301126,0.013419216317767043,0.3153515834675255,,
157,2.428878153515835,12.486580783682234,36.15807836822329,20.457595276435857,5.683038110574342,2.9052603327965647,8.870101986044014,0.7447665056360708,5.300590445517981,4.367954911433173,0.2281266774020397,0.040257648953301126,0.013419216317767043,0.3153515834675255,,
158,2.462426194310252,12.473161567364466,36.14465915190553,20.397208803005906,5.83064949006978,2.9052603327965647,8.870101986044014,0.7447665056360708,5.287171229200215,4.367954911433173,0.2281266774020397,0.040257648953301126,0.013419216317767043,0.23483628556092323,,
159,2.4557165861513686,12.399355877616747,35.96349973161568,17.56575415995706,9.232420826623725,2.9052603327965647,8.876811594202898,0.7447665056360708,5.22007514761138,4.05931293612453,0.2549651100375738,0.026838432635534086,0.013419216317767043,0.28180354267310787,,
160,2.4490069779924855,12.379227053140097,35.265700483091784,17.54562533548041,9.232420826623725,3.603059581320451,8.809715512614064,0.7648953301127214,5.199946323134729,4.106280193236715,0.2885131508319914,0.026838432635534086,0.013419216317767043,0.3153515834675255,,
161,2.4020397208803006,12.245034889962426,35.15163714439077,17.53220611916264,9.346484165324744,3.643317230273752,8.809715512614064,0.7917337627482555,5.320719269994632,4.1129898013955986,0.2885131508319914,0.026838432635534086,0.013419216317767043,0.3153515834675255,,
