,45,50,51,52,55,53,54,56
0,98.62453032742887,1.3754696725711217,,,,,,
1,98.62453032742887,1.3754696725711217,,,,,,
2,97.18196457326893,2.818035426731079,,,,,,
3,93.55206655931293,6.447933440687064,,,,,,
4,93.20316693505099,6.796833064949007,,,,,,
5,81.46806226516371,18.531937734836287,,,,,,
6,79.38137412775095,20.618625872249062,,,,,,
7,78.6231884057971,21.3768115942029,,,,,,
8,72.7589908749329,27.241009125067094,,,,,,
9,71.947128287708,24.4699409554482,3.5829307568438002,,,,,
10,55.61594202898551,40.81454643048846,3.569511540526033,,,,,
11,52.40874932903918,44.02173913043478,3.569511540526033,,,,,
12,51.388888888888886,40.70048309178744,4.019055287171229,3.569511540526033,0.322061191626409,,,
13,51.1406333870102,39.23778851315083,4.019055287171229,5.280461621041331,0.322061191626409,,,
14,50.677670424047236,38.75469672571122,4.871175523349437,5.253623188405797,0.4428341384863124,,,
15,49.040526033279654,39.02308105206656,7.118894256575416,4.374664519592056,0.4428341384863124,,,
16,49.17471819645733,38.92914653784219,7.112184648416532,4.341116478797638,0.4428341384863124,,,
17,48.8191089640365,38.016639828234034,7.266505636070853,4.508856682769726,0.4227053140096618,0.966183574879227,,
18,44.40418679549114,40.4320987654321,10.19189479334407,3.5829307568438002,0.4227053140096618,0.966183574879227,,
19,35.70182501341922,42.08266237251745,16.364734299516908,3.5829307568438002,0.5568974771873323,1.710950080515298,,
20,35.33279656468062,38.99624261943102,17.05582393988191,3.455448201825013,0.5568974771873323,1.710950080515298,2.8918411164787976,
21,35.507246376811594,38.37224906065486,17.028985507246375,3.4420289855072466,0.5568974771873323,2.200751476113795,2.8918411164787976,
22,35.668276972624795,38.25147611379496,16.988727858293075,3.4420289855072466,0.5568974771873323,2.200751476113795,2.8918411164787976,
23,35.869565217391305,37.92270531400966,16.935050993022006,3.4420289855072466,0.7380568974771873,2.200751476113795,2.8918411164787976,
24,36.04401502952228,37.8690284487386,16.847826086956523,3.408480944712829,0.7380568974771873,2.200751476113795,2.8918411164787976,
25,36.07085346215781,37.82877079978529,16.861245303274288,3.408480944712829,0.7380568974771873,2.200751476113795,2.8918411164787976,
26,36.50697799248524,35.44685990338164,17.76033279656468,3.1602254428341383,1.2345679012345678,2.200751476113795,2.8918411164787976,0.798443370907139
27,36.60762211486849,35.37976382179281,17.733494363929147,3.1602254428341383,1.2278582930756843,2.200751476113795,2.8918411164787976,0.798443370907139
28,36.782071926999464,35.09125067096082,17.68652710681696,3.1602254428341383,1.2278582930756843,2.200751476113795,3.052871712292002,0.798443370907139
29,36.8894256575416,34.326355340848096,16.955179817498657,3.1602254428341383,1.221148684916801,3.5963499731615673,3.052871712292002,0.798443370907139
30,35.178475577026305,32.6556629092861,19.685990338164252,4.28743961352657,1.221148684916801,3.1199677938808374,3.052871712292002,0.798443370907139
31,35.40660225442834,32.50805152979066,19.639023081052066,4.253891572732153,1.221148684916801,3.1199677938808374,3.052871712292002,0.798443370907139
32,35.299248523886206,26.006441223832528,26.37546967257112,4.233762748255502,1.221148684916801,3.0394524959742353,3.026033279656468,0.798443370907139
33,33.44068706387547,27.891841116478798,26.38888888888889,4.193505099302201,1.221148684916801,3.0394524959742353,3.026033279656468,0.798443370907139
34,33.5077831454643,27.891841116478798,26.362050456253353,4.193505099302201,1.221148684916801,3.0394524959742353,2.985775630703167,0.798443370907139
35,33.61513687600644,27.616747181964573,26.744498121309714,4.193505099302201,1.1137949543746646,2.932098765432099,2.985775630703167,0.798443370907139
36,33.44068706387547,25.05367686527107,27.167203435319376,4.783950617283951,2.1940418679549114,2.932098765432099,3.670155662909286,0.7581857219538379
37,31.125872249060656,27.529522275899087,27.100107353730543,4.696725711218465,2.1940418679549114,2.932098765432099,3.6634460547504024,0.7581857219538379
38,31.072195383789587,27.428878153515836,22.879763821792807,8.55475040257649,2.1940418679549114,3.44873859366613,3.6634460547504024,0.7581857219538379
39,31.166129898013956,27.388620504562535,22.879763821792807,8.55475040257649,2.1940418679549114,3.421900161030596,3.6366076221148687,0.7581857219538379
40,31.206387546967257,27.180622651637144,22.396672034353195,9.091519055287172,2.1940418679549114,3.1333870101986045,4.03918411164788,0.7581857219538379
41,31.30703166935051,26.650563607085346,22.20209339774557,9.386741814278047,1.8250134192163177,4.3545356951154055,3.515834675254965,0.7581857219538379
42,29.824208266237253,27.361782071927,23.00053676865271,9.359903381642512,1.8250134192163177,4.3545356951154055,3.515834675254965,0.7581857219538379
43,27.9723564143854,28.046162104133117,24.168008588298445,9.359903381642512,1.8250134192163177,4.3545356951154055,3.515834675254965,0.7581857219538379
44,27.992485238862052,27.979066022544284,20.209339774557165,9.359903381642512,1.8250134192163177,8.360171765968868,3.515834675254965,0.7581857219538379
45,27.925389157273216,27.89855072463768,20.39049919484702,9.339774557165862,1.8250134192163177,8.360171765968868,3.502415458937198,0.7581857219538379
46,28.14009661835749,27.851583467525497,20.263016639828233,9.339774557165862,1.8250134192163177,8.353462157809984,3.4688674181427803,0.7581857219538379
47,26.140633387010197,38.98282340311326,16.150026838432634,6.528448738593666,1.8250134192163177,7.75630703166935,1.8585614600107354,0.7581857219538379
48,23.939881910896403,36.802200751476114,17.51207729468599,9.561191626409018,1.8115942028985508,7.75630703166935,1.8585614600107354,0.7581857219538379
49,24.020397208803004,36.761943102522814,19.578636607622116,7.997852925389157,1.8115942028985508,7.212828770799785,1.8585614600107354,0.7581857219538379
50,24.235104669887278,36.480139559849704,19.672571121846484,7.997852925389157,1.8115942028985508,7.192699946323135,1.8518518518518519,0.7581857219538379
51,24.16129898013956,34.38003220611916,20.538110574342458,9.326355340848094,1.8115942028985508,7.1725711218464845,1.8518518518518519,0.7581857219538379
52,24.282071926999464,34.272678475577024,19.330381105743424,9.31964573268921,1.8115942028985508,8.373590982286634,1.8518518518518519,0.7581857219538379
53,23.49033816425121,30.08588298443371,24.651100375738057,8.749329039184111,2.6502952227589907,7.763016639828234,1.8518518518518519,0.7581857219538379
54,23.68491680085883,29.97181964573269,24.59742351046699,8.722490606548577,2.6502952227589907,7.763016639828234,1.8518518518518519,0.7581857219538379
55,23.389694041867955,26.932367149758456,34.695383789586685,6.816961889425658,1.2546967257112185,5.24020397208803,1.6706924315619969,
56,23.57085346215781,26.88539989264627,34.56119162640902,6.816961889425658,1.2546967257112185,5.24020397208803,1.6706924315619969,
57,22.96027911969941,27.3215244229737,34.74906065485776,6.816961889425658,1.2546967257112185,5.24020397208803,1.6572732152442298,
58,22.403381642512077,26.053408480944714,36.65458937198068,7.6556629092860975,1.0198604401502953,4.7101449275362315,1.5029522275899088,
59,20.182501341921633,23.382984433709073,41.56602254428341,7.635534084809447,1.0198604401502953,4.7101449275362315,1.5029522275899088,
60,17.20343531937735,21.826355340848096,44.93424584004294,7.930756843800322,1.0198604401502953,4.408212560386473,2.677133655394525,
61,16.505636070853463,21.26945786366076,46.51771336553945,7.62211486849168,0.9997316156736447,4.408212560386473,2.677133655394525,
62,13.150831991411701,30.46833064949007,44.38405797101449,3.911701556629093,0.9997316156736447,4.408212560386473,2.677133655394525,
63,13.305152979066023,30.407944176060116,44.29012345679013,3.911701556629093,0.9997316156736447,4.408212560386473,2.677133655394525,
64,13.526570048309178,30.381105743424584,44.12909286097692,3.911701556629093,0.9997316156736447,4.408212560386473,2.6435856146001075,
65,13.714439076757918,30.307300053676865,44.04857756307032,3.878153515834675,0.9997316156736447,4.408212560386473,2.6435856146001075,
66,12.593934514224369,35.178475577026305,40.98228663446055,3.193773483628556,0.9997316156736447,4.408212560386473,2.6435856146001075,
67,12.875738056897477,35.057702630166396,40.4320987654321,3.193773483628556,0.9997316156736447,4.408212560386473,2.6435856146001075,0.38915727321524424
68,13.238056897477188,34.93022007514761,40.23081052066559,3.1602254428341383,0.9997316156736447,4.408212560386473,2.6435856146001075,0.38915727321524424
69,13.419216317767042,34.796027911969944,39.56655931293612,3.1535158346752548,0.9997316156736447,4.408212560386473,3.656736446591519,
70,12.593934514224369,34.72893183038111,36.75523349436393,6.857219538378959,0.9997316156736447,4.408212560386473,3.656736446591519,
71,12.714707461084272,34.695383789586685,36.68813741277509,6.837090713902308,0.9997316156736447,4.408212560386473,3.656736446591519,
72,13.137412775093935,34.45383789586688,36.574074074074076,6.8035426731078905,0.9997316156736447,4.374664519592056,3.656736446591519,
73,13.22463768115942,34.40016103059581,36.540526033279654,6.8035426731078905,0.9997316156736447,4.374664519592056,3.656736446591519,
74,13.560118089103597,34.21229200214707,36.43317230273752,6.769994632313473,0.9997316156736447,4.367954911433173,3.656736446591519,
75,13.868760064412239,34.13177670424047,36.33923778851315,6.6760601180891035,0.9997316156736447,4.367954911433173,3.616478797638218,
76,13.875469672571121,33.25952764358561,39.59339774557166,6.642512077294686,0.15432098765432098,2.85829307568438,3.616478797638218,
77,13.90901771336554,32.43424584004294,37.553676865271065,9.594739667203436,0.15432098765432098,2.737520128824477,3.616478797638218,
78,14.143853998926463,32.2866344605475,37.493290391841114,9.567901234567902,0.15432098765432098,2.737520128824477,3.616478797638218,
79,14.371980676328503,32.19269994632314,37.37251744498121,9.453837895866881,0.15432098765432098,2.737520128824477,3.717122920021471,
80,14.53972088030059,32.19269994632314,37.245034889962426,9.453837895866881,0.15432098765432098,2.6972624798711755,3.717122920021471,
81,10.44015029522276,26.04669887278583,49.63768115942029,7.454374664519592,0.14761137949543746,2.6502952227589907,3.6231884057971016,
82,9.849704777241008,25.97289318303811,49.24852388620504,7.37385936661299,1.2815351583467525,2.6502952227589907,3.6231884057971016,
83,9.473966720343531,25.0805152979066,47.87976382179281,7.37385936661299,1.2815351583467525,5.287171229200215,3.6231884057971016,
84,7.897208803005904,24.54374664519592,47.839506172839506,11.654589371980677,1.2815351583467525,3.488996242619431,3.294417606011809,
85,8.051529790660226,24.52361782071927,47.738862050456255,11.647879763821793,1.2748255501878691,3.488996242619431,3.2742887815351582,
86,8.36688137412775,24.48336017176597,51.10708534621578,8.407139023081053,1.3888888888888888,3.0327428878153517,3.2139023081052067,
87,8.353462157809984,21.638486312399355,54.569243156199676,8.360171765968868,0.5300590445517982,3.683574879227053,2.8650026838432634,
88,8.380300590445518,21.604938271604937,52.17391304347826,7.139023081052066,0.5300590445517982,7.387278582930757,2.7844873859366612,
89,8.521202361782072,21.557971014492754,52.09339774557166,7.125603864734299,0.5300590445517982,7.387278582930757,2.7844873859366612,
90,7.615405260332796,18.592324208266238,49.986580783682236,12.04374664519592,0.5300590445517982,7.098765432098766,4.133118625872249,
91,7.588566827697263,18.344068706387546,49.90606548577563,11.996779388083736,0.5300590445517982,7.501341921631776,4.133118625872249,
92,7.5281803542673105,18.303811057434245,48.081052066559316,13.103864734299517,1.3620504562533549,7.48792270531401,4.133118625872249,
93,7.253086419753086,16.74718196457327,49.2686527106817,13.94927536231884,1.1876006441223832,7.461084272678476,4.133118625872249,
94,6.689479334406871,16.445249597423512,51.42243692968331,13.88888888888889,1.1808910359634996,6.239935587761675,4.133118625872249,
95,6.850509930220075,16.25067096081589,51.29495437466452,13.868760064412239,1.3888888888888888,6.239935587761675,4.106280193236715,
96,7.018250134192163,16.25067096081589,51.19431025228127,13.828502415458937,1.3888888888888888,6.239935587761675,4.079441760601181,
97,7.27992485238862,15.92860976918948,51.06682769726248,13.808373590982287,1.7176596886741815,6.159420289855072,4.03918411164788,
98,7.353730542136339,15.908480944712828,51.039989264626946,13.781535158346752,1.7176596886741815,6.159420289855072,4.03918411164788,
99,7.4141170155662905,15.841384863123993,50.50322061191626,14.325013419216317,1.7176596886741815,6.159420289855072,4.03918411164788,
100,7.595276435856146,15.069779924852389,49.73832528180354,14.304884594739667,3.126677402039721,6.125872249060655,4.03918411164788,
101,7.7831454643048845,15.063070316693505,49.55716586151369,14.304884594739667,3.126677402039721,6.125872249060655,4.03918411164788,
102,7.883789586688137,14.97584541062802,48.35614600107354,14.358561460010735,3.126677402039721,7.25979602791197,4.03918411164788,
103,8.125335480407944,14.942297369833602,48.25550187869028,14.325013419216317,3.126677402039721,7.185990338164252,4.03918411164788,
104,7.105475040257649,15.318035426731079,53.48228663446055,13.862050456253355,3.126677402039721,3.938539989264627,3.166935050993022,
105,7.219538378958669,15.304616210413311,50.375738056897475,16.935050993022006,3.0595813204508855,3.938539989264627,3.166935050993022,
106,7.300053676865271,15.28448738593666,51.13392377885131,16.25067096081589,3.0595813204508855,3.938539989264627,3.0327428878153517,
107,6.769994632313473,12.04374664519592,52.38191089640365,15.318035426731079,2.7241009125067097,7.729468599033816,3.0327428878153517,
108,6.723027375201288,11.761943102522812,52.37520128824477,15.291196994095545,2.7241009125067097,8.272946859903382,2.8515834675254963,
109,6.870638754696726,11.721685453569512,52.32823403113258,15.250939345142244,2.703972088030059,8.272946859903382,2.8515834675254963,
110,6.991411701556629,11.708266237251744,49.503488996242616,14.197530864197532,2.703972088030059,11.79549114331723,3.099838969404187,
111,6.977992485238862,11.708266237251744,48.772141706924316,14.170692431561998,2.703972088030059,12.567096081588835,3.099838969404187,
112,7.071926999463232,10.997047772410092,48.128019323671495,13.875469672571121,2.703972088030059,12.95625335480408,4.26731078904992,
113,6.018518518518518,12.392646269457863,48.15485775630703,13.506441223832528,2.703972088030059,12.95625335480408,4.26731078904992,
114,5.683038110574342,12.070585077831455,48.90633387010199,14.506172839506172,2.6637144390767578,11.902844873859367,4.26731078904992,
115,5.837359098228664,11.714975845410628,49.86580783682233,14.278046162104133,2.6637144390767578,11.372785829307569,4.26731078904992,
116,5.998389694041868,11.708266237251744,49.7987117552335,14.251207729468598,2.6637144390767578,11.332528180354267,4.247181964573269,
117,6.1862587224906065,11.674718196457327,47.64492753623188,14.190821256038648,2.6637144390767578,12.667740203972087,4.9718196457326895,
118,6.374127750939345,11.614331723027375,47.61808910359635,14.123725174449811,2.6637144390767578,12.634192163177671,4.9718196457326895,
119,6.494900697799249,11.574074074074074,47.537573805689746,14.123725174449811,2.6637144390767578,12.634192163177671,4.9718196457326895,
120,6.977992485238862,11.553945249597424,47.356414385399894,14.06333870101986,2.6637144390767578,12.439613526570048,4.944981213097155,
121,7.185990338164252,11.486849168008588,47.08132045088567,14.358561460010735,2.6637144390767578,12.305421363392378,4.918142780461621,
122,7.333601717659689,10.466988727858293,46.93370907139023,13.982823403113258,2.576489533011272,12.29200214707461,6.414385399892646,
123,7.50805152979066,10.453569511540525,46.866612989801396,13.982823403113258,2.5697799248523885,12.218196457326892,6.400966183574879,
124,7.561728395061729,10.446859903381643,46.06816961889426,13.969404186795492,3.33467525496511,12.218196457326892,6.400966183574879,
125,7.615405260332796,10.433440687063875,45.833333333333336,13.955984970477724,3.307836822329576,12.124261943102523,6.608964036500268,0.12077294685990338
126,7.461084272678476,10.165056360708535,49.3894256575416,11.83574879227053,3.1468062265163717,10.621309715512615,7.25979602791197,0.12077294685990338
127,7.454374664519592,9.73564143853999,49.31561996779388,11.808910359634996,3.6902844873859366,10.61460010735373,7.25979602791197,0.12077294685990338
128,7.7831454643048845,9.50751476113795,48.678207192699944,11.681427804616211,3.6634460547504024,10.567632850241546,7.997852925389157,0.12077294685990338
129,7.883789586688137,9.480676328502415,50.85212023617821,11.084272678475577,3.6634460547504024,8.997584541062801,7.917337627482555,0.12077294685990338
130,8.158883521202362,9.480676328502415,50.691089640365,11.084272678475577,3.6634460547504024,8.910359634997317,7.890499194847021,0.12077294685990338
131,8.252818035426731,9.480676328502415,50.30864197530864,11.057434245840042,3.656736446591519,8.796296296296296,8.32662372517445,0.12077294685990338
132,8.360171765968868,9.480676328502415,50.22812667740204,11.057434245840042,3.656736446591519,8.796296296296296,8.32662372517445,0.0939345142243693
133,8.521202361782072,9.480676328502415,50.10064412238325,11.057434245840042,3.656736446591519,8.796296296296296,8.293075684380032,0.0939345142243693
134,8.917069243156199,9.46725711218465,49.90606548577563,11.037305421363392,3.5091250670960816,8.776167471819646,8.293075684380032,0.0939345142243693
135,8.796296296296296,9.453837895866881,50.6508319914117,10.849436392914654,3.2004830917874396,8.769457863660762,8.279656468062266,
136,8.997584541062801,9.420289855072463,50.54347826086956,10.836017176596886,3.2004830917874396,8.749329039184111,8.252818035426731,
137,9.037842190016104,9.41358024691358,50.52334943639291,10.836017176596886,3.2004830917874396,8.749329039184111,8.239398819108963,
138,9.29951690821256,9.406870638754697,50.32206119162641,10.836017176596886,3.2004830917874396,8.702361782071927,8.232689210950081,
139,9.574610842726784,9.406870638754697,50.254965110037574,11.225174449812132,3.2004830917874396,8.192431561996779,8.145464304884594,
140,9.957058507783145,9.406870638754697,50.12748255501879,11.20504562533548,3.2004830917874396,8.111916264090176,7.991143317230274,
141,9.614868491680086,9.39345142243693,50.93263553408481,11.144659151905529,3.2004830917874396,8.111916264090176,7.601986044015029,
142,9.802737520128824,9.225711218464841,51.97933440687064,11.144659151905529,3.2004830917874396,7.689210950080516,6.957863660762212,
143,9.588030059044552,8.467525496511003,54.30756843800322,10.446859903381643,3.1736446591519054,7.689210950080516,6.327160493827161,
144,9.809447128287708,8.467525496511003,54.17337627482555,10.446859903381643,3.1602254428341383,7.6556629092860975,6.286902844873859,
145,9.782608695652174,8.460815888352121,52.9723564143854,10.446859903381643,4.42163177670424,7.6556629092860975,6.260064412238325,
146,10.359634997316157,8.192431561996779,52.844873859366615,10.446859903381643,4.361245303274289,7.6556629092860975,6.139291465378422,
147,10.809178743961352,8.185721953837897,50.34219001610306,12.714707461084272,4.361245303274289,7.541599570585078,6.045356951154052,
148,10.929951690821255,8.172302737520129,50.275093934514224,12.714707461084272,4.334406870638754,7.541599570585078,6.031937734836285,
149,10.950080515297907,8.172302737520129,49.57729468599034,12.714707461084272,5.01207729468599,7.541599570585078,6.031937734836285,
150,11.211755233494364,8.145464304884594,49.39613526570049,12.714707461084272,5.01207729468599,7.541599570585078,5.978260869565218,
151,11.33923778851315,8.145464304884594,49.16129898013956,12.714707461084272,4.998658078368224,7.541599570585078,5.958132045088567,0.14090177133655393
152,10.68840579710145,7.729468599033816,54.26731078904992,10.59447128287708,3.9318303811057436,7.132313472893183,5.515297906602254,0.14090177133655393
153,10.970209339774557,7.709339774557166,53.878153515834676,10.446859903381643,3.9184111647879765,7.4208266237251745,5.515297906602254,0.14090177133655393
154,11.010466988727858,7.353730542136339,52.46913580246913,10.420021470746109,3.898282340311326,8.21256038647343,5.515297906602254,1.1205045625335481
155,11.003757380568974,7.326892109500805,51.529790660225444,10.420021470746109,3.898282340311326,7.944176060118089,6.756575415995706,1.1205045625335481
156,11.131239935587761,7.306763285024155,51.7512077294686,10.413311862587225,3.8848631239935587,7.635534084809447,6.756575415995706,1.1205045625335481
157,11.16478797638218,7.306763285024155,51.71765968867418,10.413311862587225,3.8848631239935587,7.635534084809447,6.756575415995706,1.1205045625335481
158,10.654857756307031,7.085346215780999,53.10654857756307,10.111379495437467,3.8848631239935587,7.27992485238862,6.756575415995706,1.1205045625335481
159,10.560923242082662,7.004830917874396,52.20746108427268,11.332528180354267,3.8848631239935587,7.192699946323135,6.696188942565755,1.1205045625335481
160,11.017176596886742,6.977992485238862,51.871980676328505,11.285560923242082,3.8848631239935587,7.159151905528717,6.6827697262479875,1.1205045625335481
161,11.29898013955985,6.977992485238862,51.64385399892646,11.258722490606548,3.8848631239935587,7.132313472893183,6.6827697262479875,1.1205045625335481
162,11.58749329039184,6.964573268921095,51.41572732152442,11.231884057971014,3.864734299516908,7.132313472893183,6.6827697262479875,1.1205045625335481
163,11.708266237251744,6.957863660762212,51.321792807300056,11.225174449812132,3.864734299516908,7.132313472893183,6.66935050993022,1.1205045625335481
164,11.688137412775093,6.910896403650026,52.321524422973695,11.16478797638218,3.864734299516908,7.132313472893183,5.797101449275362,1.1205045625335481
165,11.714975845410628,6.910896403650026,52.29468599033817,11.16478797638218,3.864734299516908,7.132313472893183,5.797101449275362,1.1205045625335481
166,11.869296833064949,6.904186795491143,52.12694578636608,11.017176596886742,3.864734299516908,7.300053676865271,5.797101449275362,1.1205045625335481
167,11.768652710681696,6.837090713902308,51.932367149758456,11.674718196457327,3.864734299516908,7.273215244229737,5.528717122920021,1.1205045625335481
168,11.829039184111648,6.837090713902308,51.918947933440684,11.647879763821793,3.864734299516908,7.273215244229737,5.508588298443371,1.1205045625335481
169,10.782340311325818,6.172839506172839,52.69055287171229,14.358561460010735,4.17337627482555,6.427804616210413,4.931561996779388,0.46296296296296297
170,10.95679012345679,6.172839506172839,52.522812667740205,14.358561460010735,4.17337627482555,6.421095008051529,4.931561996779388,0.46296296296296297
171,11.225174449812132,6.105743424584004,52.442297369833604,14.338432635534085,4.17337627482555,6.320450885668277,4.931561996779388,0.46296296296296297
172,11.272141706924316,6.0654857756307035,52.36849168008588,14.432367149758454,4.166666666666667,6.3070316693505095,4.924852388620504,0.46296296296296297
173,11.372785829307569,6.038647342995169,50.97289318303811,16.67337627482555,3.361513687600644,6.1929683306494905,4.924852388620504,0.46296296296296297
174,11.426462694578637,6.038647342995169,50.85882984433709,15.707192699946322,3.361513687600644,7.219538378958669,4.924852388620504,0.46296296296296297
175,11.2788513150832,5.810520665593129,49.3894256575416,16.35131508319914,3.280998389694042,7.078636607622115,5.340848094471283,1.4694041867954912
176,11.372785829307569,5.797101449275362,49.35587761674718,16.304347826086957,3.280998389694042,7.078636607622115,5.340848094471283,1.4694041867954912
177,11.426462694578637,5.797101449275362,49.06736446591519,16.304347826086957,3.515834675254965,7.078636607622115,5.340848094471283,1.4694041867954912
178,11.634460547504025,5.797101449275362,48.93317230273752,16.23054213633924,3.515834675254965,7.078636607622115,5.340848094471283,1.4694041867954912
179,11.81561996779388,5.797101449275362,48.772141706924316,16.210413311862588,3.515834675254965,7.078636607622115,5.340848094471283,1.4694041867954912
180,12.157809983896941,5.783682232957595,48.68491680085883,16.170155662909288,3.515834675254965,6.904186795491143,5.314009661835748,1.4694041867954912
181,12.298711755233494,5.783682232957595,48.60440150295223,16.14331723027375,3.515834675254965,6.904186795491143,5.300590445517981,1.4492753623188406
182,12.486580783682234,5.783682232957595,48.42324208266237,16.13660762211487,3.515834675254965,6.904186795491143,5.300590445517981,1.4492753623188406
183,12.607353730542137,5.776972624798712,48.37627482555019,16.09634997316157,3.515834675254965,6.904186795491143,5.273752012882448,1.4492753623188406
184,13.030059044551798,5.683038110574342,48.11460010735373,16.069511540526033,3.515834675254965,6.863929146537842,5.273752012882448,1.4492753623188406
185,13.217928073000536,5.683038110574342,48.027375201288244,16.022544283413847,3.5091250670960816,6.837090713902308,5.253623188405797,1.4492753623188406
186,13.157541599570585,5.676328502415459,48.65807836822329,15.861513687600644,3.4957058507783145,6.447933440687064,5.253623188405797,1.4492753623188406
187,12.701288244766506,5.676328502415459,46.303005904455176,18.726516371443907,3.4957058507783145,6.394256575415996,5.253623188405797,1.4492753623188406
188,12.74825550187869,5.676328502415459,46.2962962962963,18.706387546967257,3.4957058507783145,6.394256575415996,5.253623188405797,1.42914653784219
189,12.99651100375738,5.5756843800322065,46.222490606548575,18.679549114331724,3.4822866344605474,6.394256575415996,5.22007514761138,1.42914653784219
190,13.16425120772947,5.5756843800322065,46.162104133118625,18.57890499194847,3.475577026301664,6.394256575415996,5.22007514761138,1.42914653784219
191,12.553676865271068,5.5756843800322065,47.14170692431562,18.08239398819109,4.032474503488996,6.1929683306494905,5.186527106816962,1.2345679012345678
192,12.801932367149758,5.5756843800322065,47.0679012345679,17.975040257648953,4.032474503488996,6.166129898013956,5.159688674181428,1.221148684916801
193,12.875738056897477,5.5756843800322065,47.02093397745572,17.975040257648953,4.005636070853462,6.166129898013956,5.159688674181428,1.221148684916801
194,13.009930220075148,5.5756843800322065,46.95383789586688,17.96833064949007,4.005636070853462,6.146001073537305,5.119431025228127,1.221148684916801
195,13.459473966720344,5.5756843800322065,46.70558239398819,17.834138486312398,3.978797638217928,6.112453032742888,5.112721417069243,1.221148684916801
196,12.882447665056361,5.3341384863123995,47.57112184648417,18.699677938808374,3.066290928609769,6.112453032742888,5.112721417069243,1.221148684916801
197,13.123993558776167,5.320719269994632,47.46376811594203,18.605743424584006,3.066290928609769,6.112453032742888,5.0858829844337095,1.221148684916801
198,13.009930220075148,5.307300053676865,46.63177670424047,19.80005367686527,2.831454643048846,6.112453032742888,5.0858829844337095,1.221148684916801
199,13.18438003220612,5.307300053676865,46.49087493290392,19.77992485238862,2.831454643048846,6.112453032742888,5.072463768115942,1.221148684916801
200,13.097155126140633,5.307300053676865,45.49785292538916,19.692699946323135,2.831454643048846,6.763285024154589,5.589103596349974,1.221148684916801
201,13.318572195383789,5.307300053676865,44.65915190552872,19.585346215780998,2.7509393451422435,6.763285024154589,5.589103596349974,2.0263016639828235
202,13.553408480944713,5.307300053676865,44.50483091787439,19.57192699946323,2.7509393451422435,6.723027375201288,5.562265163714439,2.0263016639828235
203,13.580246913580247,5.307300053676865,44.48470209339774,19.565217391304348,2.7509393451422435,6.723027375201288,5.562265163714439,2.0263016639828235
204,13.81508319914117,5.307300053676865,44.37734836285561,19.545088566827697,2.7442297369833604,6.696188942565755,5.522007514761138,1.9927536231884058
205,13.955984970477724,5.280461621041331,44.357219538378956,19.51825013419216,2.7442297369833604,6.642512077294686,5.508588298443371,1.9927536231884058
206,14.217659688674182,5.280461621041331,44.22302737520129,19.410896403650028,2.7442297369833604,6.622383252818035,5.508588298443371,1.9927536231884058
207,14.27133655394525,5.280461621041331,43.27697262479871,20.142243692968332,2.717391304347826,6.273483628556092,6.045356951154052,1.9927536231884058
208,14.40552871712292,5.10601180891036,43.09581320450886,20.142243692968332,2.6502952227589907,6.273483628556092,6.333870101986044,1.9927536231884058
209,14.472624798711756,5.0993022007514766,43.07568438003221,20.128824476650564,2.6502952227589907,6.273483628556092,6.3070316693505095,1.9927536231884058
210,14.553140096618357,5.0791733762748255,43.022007514761135,20.101986044015028,2.6502952227589907,6.293612453032743,6.3070316693505095,1.9927536231884058
211,15.418679549114332,5.0791733762748255,42.19672571121846,20.088566827697264,2.6502952227589907,6.266774020397209,6.3070316693505095,1.9927536231884058
212,15.371712292002147,5.0791733762748255,41.619699409554485,19.900697799248523,2.6502952227589907,7.206119162640902,6.179549114331723,1.9927536231884058
213,15.552871712292003,5.0791733762748255,41.59286097691895,19.773215244229736,2.623456790123457,7.206119162640902,6.179549114331723,1.9927536231884058
214,15.76086956521739,4.951690821256038,40.975577026301664,20.50456253354804,2.623456790123457,7.206119162640902,5.984970477724101,1.9927536231884058
215,15.962157809983896,4.951690821256038,40.89506172839506,20.45088566827697,2.6167471819645733,7.179280730005368,5.9514224369296835,1.9927536231884058
216,15.754159957058508,4.951690821256038,37.56038647342995,23.93317230273752,2.3886205045625335,7.1725711218464845,6.112453032742888,2.1269457863660763
217,15.908480944712828,4.951690821256038,37.5,23.879495437466453,2.3886205045625335,7.14573268921095,6.099033816425121,2.1269457863660763
218,16.0426731078905,4.951690821256038,37.466451959205585,23.859366612989803,2.3886205045625335,7.125603864734299,6.038647342995169,2.1269457863660763
219,15.774288781535159,4.777241009125067,37.124261943102525,24.61755233494364,2.2745571658615136,7.407407407407407,5.897745571658615,2.1269457863660763
220,15.881642512077295,4.757112184648417,37.05716586151369,24.61755233494364,2.2745571658615136,7.39398819108964,5.897745571658615,2.120236178207193
221,15.98899624261943,4.757112184648417,36.97665056360709,24.60413311862587,2.2745571658615136,7.380568974771873,5.897745571658615,2.120236178207193
222,16.203703703703702,4.7101449275362315,36.8491680085883,24.57729468599034,2.2745571658615136,7.367149758454106,5.897745571658615,2.120236178207193
223,16.264090177133657,4.7101449275362315,36.66800858829844,24.52361782071927,2.2745571658615136,7.360440150295223,6.078904991948471,2.120236178207193
224,16.337895866881375,4.7101449275362315,36.63446054750403,24.496779388083738,2.2745571658615136,7.360440150295223,6.078904991948471,2.1068169618894257
225,16.384863123993558,4.7101449275362315,36.62775093934514,24.4699409554482,2.2745571658615136,7.360440150295223,6.0654857756307035,2.1068169618894257
226,16.445249597423512,4.7101449275362315,36.35265700483092,24.241814278046164,2.5563607085346214,7.360440150295223,6.226516371443908,2.1068169618894257
227,16.49892646269458,4.7101449275362315,36.30568974771873,24.235104669887278,2.5563607085346214,7.360440150295223,6.226516371443908,2.1068169618894257
228,16.70692431561997,4.7101449275362315,36.16478797638218,24.168008588298445,2.5563607085346214,7.360440150295223,6.226516371443908,2.1068169618894257
229,16.800858829844337,4.696725711218465,36.11782071926999,24.134460547504027,2.5563607085346214,7.360440150295223,6.226516371443908,2.1068169618894257
230,17.01556629092861,4.5893719806763285,36.03730542136339,23.98684916800859,2.5563607085346214,7.360440150295223,6.535158346752549,1.9189479334406871
231,17.216854535695116,4.522275899087493,36.03730542136339,23.926462694578635,2.509393451422437,7.360440150295223,6.508319914117015,1.9189479334406871
232,17.223564143854,4.522275899087493,36.03730542136339,23.919753086419753,2.509393451422437,7.360440150295223,6.508319914117015,1.9189479334406871
233,16.59957058507783,4.4820182501341925,38.419216317767045,22.322866344605476,2.26784755770263,7.87037037037037,6.119162640901771,1.9189479334406871
234,16.485507246376812,4.4820182501341925,38.909017713365536,22.228931830381107,2.1940418679549114,7.843531937734836,5.9514224369296835,1.90552871712292
235,16.76731078904992,4.448470209339774,38.909017713365536,21.980676328502415,2.1940418679549114,7.843531937734836,5.9514224369296835,1.90552871712292
236,16.80756843800322,4.414922168545357,38.34541062801932,21.866612989801396,2.1739130434782608,7.836822329575953,6.649221685453569,1.90552871712292
237,16.968599033816425,4.414922168545357,38.21121846484165,21.85319377348363,2.167203435319377,7.836822329575953,6.642512077294686,1.90552871712292
238,17.19001610305958,4.414922168545357,37.815351583467525,21.786097691894792,2.167203435319377,7.742887815351583,6.977992485238862,1.90552871712292
239,17.23027375201288,4.414922168545357,37.775093934514224,21.786097691894792,2.167203435319377,7.742887815351583,6.977992485238862,1.90552871712292
240,17.337627482555018,4.414922168545357,37.76838432635534,21.70558239398819,2.15378421900161,7.742887815351583,6.971282877079979,1.90552871712292
241,17.424852388620504,4.414922168545357,37.76167471819646,21.68545356951154,2.15378421900161,7.695920558239399,6.957863660762212,1.90552871712292
242,17.518786902844873,4.414922168545357,37.70799785292539,21.64519592055824,2.15378421900161,7.695920558239399,6.957863660762212,1.90552871712292
243,17.09608158883521,4.394793344068707,39.418947933440684,21.18894256575416,2.147074610842727,7.387278582930757,6.461352657004831,1.90552871712292
244,17.290660225442835,4.394793344068707,39.378690284487384,21.061460010735374,2.147074610842727,7.360440150295223,6.461352657004831,1.90552871712292
245,17.357756307031668,4.394793344068707,39.33843263553408,20.82662372517445,2.147074610842727,7.581857219538379,6.447933440687064,1.90552871712292
246,17.56575415995706,4.394793344068707,39.31830381105743,20.705850778314545,2.147074610842727,7.581857219538379,6.380837359098229,1.90552871712292
247,17.632850241545892,4.361245303274289,38.91572732152442,21.55126140633387,1.6706924315619969,7.581857219538379,6.380837359098229,1.90552871712292
248,16.988727858293075,4.361245303274289,37.70799785292539,24.56387546967257,1.6706924315619969,6.461352657004831,6.374127750939345,1.8719806763285025
249,16.961889425657542,4.361245303274289,38.036768652710684,24.4296833064949,1.6706924315619969,6.300322061191626,6.367418142780462,1.8719806763285025
250,17.01556629092861,4.361245303274289,37.996511003757384,24.4296833064949,1.6706924315619969,6.286902844873859,6.367418142780462,1.8719806763285025
251,16.908212560386474,4.0995705850778315,37.17122920021471,25.221417069243156,1.6706924315619969,6.286902844873859,6.769994632313473,1.8719806763285025
252,17.042404723564143,4.0995705850778315,37.104133118625874,25.194578636607623,1.6706924315619969,6.273483628556092,6.743156199677939,1.8719806763285025
253,16.97530864197531,4.086151368760064,36.85587761674718,25.744766505636072,1.6706924315619969,6.0587761674718195,6.736446591519055,1.8719806763285025
254,17.11621041331186,4.086151368760064,36.82903918411165,25.63070316693505,1.6706924315619969,6.0587761674718195,6.736446591519055,1.8719806763285025
255,17.176596886741816,4.086151368760064,36.81561996779388,25.617283950617285,1.6706924315619969,6.052066559312936,6.709608158883521,1.8719806763285025
256,17.257112184648417,4.066022544283414,36.600912506709605,25.617283950617285,1.6438539989264627,6.233225979602791,6.709608158883521,1.8719806763285025
257,17.37788513150832,4.066022544283414,36.533816425120776,25.563607085346217,1.6438539989264627,6.233225979602791,6.709608158883521,1.8719806763285025
258,17.444981213097154,4.066022544283414,36.50697799248524,25.523349436392916,1.6438539989264627,6.233225979602791,6.709608158883521,1.8719806763285025
259,17.673107890499196,4.066022544283414,36.35265700483092,25.483091787439612,1.6438539989264627,6.199677938808374,6.709608158883521,1.8719806763285025
260,17.773752012882447,4.05931293612453,35.89640365002684,25.885668276972623,1.6438539989264627,6.199677938808374,6.66935050993022,1.8719806763285025
261,17.344337090713903,4.03918411164788,37.5,25.47638217928073,1.6371443907675791,6.072195383789587,6.0587761674718195,1.8719806763285025
262,17.418142780461622,4.03918411164788,37.453032742887814,25.462962962962962,1.6371443907675791,6.072195383789587,6.0587761674718195,1.8585614600107354
263,17.53220611916264,4.005636070853462,37.42619431025228,25.41599570585078,1.6371443907675791,6.072195383789587,6.052066559312936,1.8585614600107354
264,17.559044551798173,4.005636070853462,37.42619431025228,24.570585077831456,1.6371443907675791,6.0587761674718195,6.884057971014493,1.8585614600107354
265,17.67981749865808,4.005636070853462,37.35238862050456,24.570585077831456,1.6237251744498122,6.031937734836285,6.877348362855609,1.8585614600107354
266,17.74020397208803,4.005636070853462,37.05716586151369,24.812130971551262,1.6237251744498122,6.025228126677402,6.877348362855609,1.8585614600107354
267,17.894524959742352,3.9452495974235107,37.003488996242616,24.785292538915726,1.6237251744498122,6.025228126677402,6.877348362855609,1.8451422436929683
268,16.049382716049383,2.6838432635534084,42.29736983360172,22.745571658615138,1.2278582930756843,7.917337627482555,5.481749865807837,1.596886741814278
269,16.163446054750402,2.6838432635534084,42.270531400966185,22.69189479334407,1.2278582930756843,7.883789586688137,5.481749865807837,1.596886741814278
270,16.31105743424584,2.6838432635534084,42.20343531937735,22.63150831991412,1.2278582930756843,7.87037037037037,5.475040257648954,1.596886741814278
271,16.324476650563607,2.6838432635534084,42.13633923778851,22.611379495437465,1.2278582930756843,7.957595276435856,5.4616210413311865,1.596886741814278
272,16.203703703703702,2.6838432635534084,41.599570585077835,23.101180891035963,1.2144390767579174,7.9106280193236715,5.689747718733226,1.596886741814278
273,16.458668813741276,2.6838432635534084,41.48550724637681,22.926731078904993,1.3486312399355878,7.9039184111647875,5.609232420826624,1.583467525496511
274,16.70692431561997,2.6838432635534084,41.418411164787976,22.879763821792807,1.3486312399355878,7.9039184111647875,5.495169082125604,1.5633387010198605
275,16.78743961352657,2.6838432635534084,40.85480407944176,22.33628556092324,1.3217928073000538,7.883789586688137,6.568706387546968,1.5633387010198605
276,17.24369296833065,2.6838432635534084,40.727321524422976,22.289318303811058,1.3016639828234031,7.856951154052603,6.333870101986044,1.5633387010198605
277,17.2638217928073,2.6838432635534084,40.47906602254428,22.873054213633925,1.261406333870102,7.541599570585078,6.333870101986044,1.5633387010198605
278,17.37788513150832,2.6838432635534084,40.425389157273216,22.819377348362856,1.261406333870102,7.5348899624261945,6.333870101986044,1.5633387010198605
279,17.277241009125067,2.6838432635534084,39.93558776167472,22.282608695652176,1.261406333870102,8.668813741277509,6.327160493827161,1.5633387010198605
280,17.498658078368223,2.6838432635534084,39.88191089640365,22.25577026301664,1.261406333870102,8.621846484165324,6.233225979602791,1.5633387010198605
281,17.767042404723565,2.6838432635534084,38.62050456253355,22.24235104669887,2.301395598497048,8.588298443370908,6.233225979602791,1.5633387010198605
282,18.04213633923779,2.6838432635534084,38.479602791196996,22.14170692431562,2.301395598497048,8.561460010735374,6.233225979602791,1.556629092860977
283,18.203166935050994,2.6838432635534084,38.446054750402574,22.10144927536232,2.301395598497048,8.474235104669887,6.233225979602791,1.556629092860977
284,18.585614600107355,2.677133655394525,38.1105743424584,22.088030059044552,2.2745571658615136,8.474235104669887,6.233225979602791,1.556629092860977
285,18.82716049382716,2.6637144390767578,38.00993022007515,22.014224369296834,2.2410091250670963,8.467525496511003,6.219806763285024,1.556629092860977
