,45,50,51,52,53,55,54,57,56,58,59,61,60,46,62,47
0,90.97557702630166,8.360171765968868,0.040257648953301126,0.013419216317767043,0.5837359098228664,0.026838432635534086,,,,,,,,,,
1,81.78341384863124,17.337627482555018,0.08722490606548577,0.013419216317767043,0.6038647342995169,0.10735373054213634,0.06709608158883522,,,,,,,,,
2,74.64439076757917,21.71900161030596,0.08722490606548577,1.8384326355340848,0.7179280730005367,0.2683843263553409,0.6910896403650026,0.03354804079441761,,,,,,,,
3,48.8996242619431,33.9975845410628,10.695115405260333,4.663177670424047,0.630703166935051,0.3421900161030596,0.6776704240472357,0.06709608158883522,0.026838432635534086,,,,,,,
4,45.94068706387547,37.043746645195924,10.493827160493828,4.64975845410628,0.13419216317767044,0.8588298443370908,0.6776704240472357,0.06709608158883522,0.13419216317767044,,,,,,,
5,33.091787439613526,49.15458937198068,11.07085346215781,4.636339237788513,0.13419216317767044,1.0534084809447128,0.7179280730005367,0.08051529790660225,0.06038647342995169,,,,,,,
6,27.83816425120773,39.14385399892646,18.874127750939344,11.77536231884058,0.020128824476650563,1.4090177133655395,0.7179280730005367,0.10735373054213634,0.11406333870101985,,,,,,,
7,27.549651100375737,36.580783682232955,17.330917874396135,11.963231347289318,3.3548040794417604,2.2208803005904456,0.7179280730005367,0.10735373054213634,0.17444981213097155,,,,,,,
8,27.120236178207193,36.211755233494365,17.06924315619968,11.52710681696189,4.012345679012346,2.737520128824477,0.8789586688137413,0.15432098765432098,0.2616747181964573,0.026838432635534086,,,,,,
9,26.7914653784219,36.35265700483092,16.894793344068706,11.392914653784219,3.9720880300590444,2.871712292002147,0.8789586688137413,0.30193236714975846,0.48980139559849706,0.040257648953301126,0.013419216317767043,,,,,
10,26.29495437466452,34.21900161030596,15.438808373590982,12.949543746645196,3.938539989264627,2.8381642512077296,3.2206119162640903,0.5032206119162641,0.5166398282340311,0.06709608158883522,0.013419216317767043,,,,,
11,25.55689747718733,33.9573268921095,15.344873859366613,12.352388620504563,4.012345679012346,3.193773483628556,4.180085882984434,0.6709608158883521,0.5904455179817498,0.10064412238325282,0.040257648953301126,,,,,
12,23.852657004830917,32.9374664519592,17.74020397208803,12.754965110037574,3.5628019323671496,3.535963499731616,4.159957058507783,0.6977992485238862,0.6172839506172839,0.07380568974771873,0.06709608158883522,,,,,
13,20.397208803005906,35.37976382179281,17.250402576489535,12.31213097155126,5.152979066022544,3.1199677938808374,4.441760601180891,0.9259259259259259,0.7112184648416533,0.13419216317767044,0.17444981213097155,,,,,
14,16.49892646269458,38.909017713365536,26.972624798711756,9.433709071390231,2.4154589371980677,2.623456790123457,1.402308105206656,0.7581857219538379,0.7447665056360708,0.16774020397208803,0.07380568974771873,,,,,
15,14.794685990338165,40.41867954911433,26.818303811057433,9.212292002147075,2.428878153515835,2.8784219001610305,1.442565754159957,0.8722490606548577,0.8923778851315083,0.16774020397208803,0.07380568974771873,,,,,
16,14.714170692431562,37.848899624261946,26.73107890499195,9.212292002147075,4.790660225442834,3.0193236714975846,1.4492753623188406,0.9326355340848095,1.0399892646269457,0.18115942028985507,0.08051529790660225,,,,,
17,14.553140096618357,36.67471819645733,21.34326355340848,9.205582393988191,10.970209339774557,3.4017713365539453,1.4895330112721417,0.9594739667203436,1.107085346215781,0.2147074610842727,0.08051529790660225,,,,,
18,14.244498121309716,35.07112184648417,20.618625872249062,8.849973161567364,13.607085346215781,3.797638217928073,1.3419216317767042,0.8454106280193237,1.3352120236178207,0.18115942028985507,0.10735373054213634,,,,,
19,13.781535158346752,35.218733225979605,19.726247987117553,8.789586688137414,13.45276435856146,4.05931293612453,2.2946859903381642,0.9057971014492754,1.3955984970477724,0.23483628556092323,0.14090177133655393,,,,,
20,12.486580783682234,33.95061728395062,22.69860440150295,8.776167471819646,12.446323134728932,4.106280193236715,2.4154589371980677,0.9259259259259259,1.6841116478797638,0.33548040794417605,0.17444981213097155,,,,,
21,11.446591519055287,33.380300590445515,24.630971551261407,8.501073537305421,12.02361782071927,4.408212560386473,2.4154589371980677,0.9997316156736447,1.7176596886741815,0.30193236714975846,0.17444981213097155,,,,,
22,11.3593666129898,30.347557702630166,23.812399355877616,12.151100375738057,11.3191089640365,5.300590445517981,2.408749329039184,1.093666129898014,1.710950080515298,0.322061191626409,0.17444981213097155,,,,,
23,10.661567364465915,29.11969940955448,28.71712292002147,10.258990874932904,10.929951690821255,5.0791733762748255,2.147074610842727,1.0332796564680622,1.6035963499731616,0.28180354267310787,0.16774020397208803,,,,,
24,10.68840579710145,27.63016639828234,27.462426194310254,9.809447128287708,10.399892646269459,5.387815351583468,5.0858829844337095,1.107085346215781,1.8988191089640365,0.3421900161030596,0.1878690284487386,,,,,
25,10.715244229736983,27.576489533011273,26.959205582393988,9.77589908749329,10.339506172839506,5.71658615136876,5.072463768115942,1.107085346215781,2.1739130434782608,0.3757380568974772,0.1878690284487386,,,,,
26,10.332796564680622,24.785292538915726,29.20692431561997,10.943370907139023,11.802200751476114,4.851046698872786,4.206924315619967,1.0064412238325282,2.1806226516371443,0.39586688137412773,0.2885131508319914,,,,,
27,10.319377348362856,24.62426194310252,29.025764895330113,10.789049919484702,11.681427804616211,5.0993022007514766,4.206924315619967,1.2144390767579174,2.3215244229736984,0.41599570585077833,0.27509393451422437,0.026838432635534086,,,,
28,10.171765968867419,21.578099838969404,38.08373590982286,7.6556629092860975,10.916532474503489,5.005367686527107,2.3550724637681157,1.1607622114868492,2.214170692431562,0.3757380568974772,0.4562533548040794,0.026838432635534086,,,,
29,9.829575952764358,19.940955448201827,37.567096081588836,7.64224369296833,13.217928073000536,4.8443370907139025,2.38191089640365,1.1406333870101986,2.4490069779924855,0.5032206119162641,0.4562533548040794,0.026838432635534086,,,,
30,9.41358024691358,18.14278046162104,35.05099302200752,9.695383789586689,14.80810520665593,4.62962962962963,3.81105743424584,1.1741814278046163,2.2611379495437465,0.5703166935050993,0.4294149221685454,0.013419216317767043,,,,
31,9.286097691894794,17.082662372517444,37.98309178743961,9.4873859366613,13.821792807300053,4.7168545356951155,3.1065485775630703,1.06682769726248,2.3752012882447664,0.6239935587761675,0.4227053140096618,0.026838432635534086,,,,
32,9.219001610305957,16.834406870638755,36.74852388620504,9.205582393988191,13.79495437466452,4.656468062265164,4.42163177670424,1.1943102522812667,2.7844873859366612,0.6642512077294686,0.4495437466451959,0.026838432635534086,,,,
33,9.192163177670425,16.847826086956523,33.964036500268385,8.896940418679549,14.814814814814815,5.072463768115942,6.132581857219538,1.0802469135802468,2.7308105206655933,0.7313472893183038,0.5099302200751477,0.026838432635534086,,,,
34,9.064680622651638,15.98899624261943,33.393719806763286,9.634997316156737,14.720880300590446,5.676328502415459,6.4412238325281805,1.1674718196457328,2.5966183574879227,0.7380568974771873,0.5367686527106817,0.040257648953301126,,,,
35,9.03113258185722,15.995705850778315,33.15217391304348,9.534353193773484,14.673913043478262,5.649490069779925,6.468062265163715,1.3217928073000538,2.8515834675254963,0.7716049382716049,0.5099302200751477,0.040257648953301126,,,,
36,9.044551798174986,15.901771336553946,32.91733762748255,9.480676328502415,14.61352657004831,5.857487922705314,6.4345142243692965,1.3687600644122384,3.0327428878153517,0.7581857219538379,0.5501878690284487,0.040257648953301126,,,,
37,8.849973161567364,15.814546430488459,31.702898550724637,11.627750939345143,14.304884594739667,5.508588298443371,6.300322061191626,1.3687600644122384,3.0931293612453032,0.7112184648416533,0.6776704240472357,0.040257648953301126,,,,
38,6.340579710144928,14.673913043478262,42.250402576489535,6.119162640901771,14.090177133655395,5.367686527106817,6.038647342995169,0.9796027911969941,2.5831991411701556,0.7581857219538379,0.7447665056360708,0.040257648953301126,0.013419216317767043,,,
39,6.3070316693505095,14.606816961889425,41.606280193236714,6.0654857756307035,14.070048309178745,5.924584004294149,6.152710681696189,1.0332796564680622,2.589908749329039,0.8454106280193237,0.7447665056360708,0.040257648953301126,0.013419216317767043,,,
40,5.562265163714439,12.399355877616747,39.69404186795491,9.628287707997853,13.741277509393452,5.562265163714439,8.017981749865807,1.133923778851315,2.522812667740204,0.8722490606548577,0.8118625872249061,0.040257648953301126,0.013419216317767043,,,
41,5.179817498658078,12.077294685990339,41.00912506709608,8.480944712828771,13.707729468599034,5.9447128287707995,8.07836822329576,1.1406333870101986,2.6435856146001075,0.9125067096081588,0.785024154589372,0.026838432635534086,0.013419216317767043,,,
42,5.2066559312936125,12.084004294149223,40.666935050993025,8.420558239398819,13.654052603327965,5.964841653247451,8.064949006977992,1.2144390767579174,2.8918411164787976,0.966183574879227,0.8185721953837896,0.03354804079441761,0.013419216317767043,,,
43,4.7168545356951155,12.567096081588835,39.61352657004831,8.407139023081053,13.714439076757918,6.749865807836822,7.991143317230274,1.2412775093934514,3.052871712292002,1.0064412238325282,0.8789586688137413,0.03354804079441761,0.026838432635534086,,,
44,4.64975845410628,12.607353730542137,39.13714439076758,8.272946859903382,13.694310252281268,6.890767579173376,8.004562533548041,1.4492753623188406,3.4151905528717124,0.9594739667203436,0.8454106280193237,0.040257648953301126,0.03354804079441761,,,
45,4.575952764358561,12.513419216317766,39.83494363929147,7.816693505099302,13.707729468599034,6.655931293612453,7.675791733762749,1.8719806763285025,3.421900161030596,0.9930220075147611,0.8588298443370908,0.040257648953301126,0.03354804079441761,,,
46,4.508856682769726,12.432903918411165,39.59339774557166,7.669082125603865,13.674181427804616,6.696188942565755,7.776435856146001,1.9189479334406871,3.6902844873859366,1.0534084809447128,0.8923778851315083,0.040257648953301126,0.05367686527106817,,,
47,4.17337627482555,10.38647342995169,57.669082125603865,4.656468062265164,6.0654857756307035,5.488459473966721,6.515029522275899,1.1674718196457328,2.945517981749866,0.3153515834675255,0.5636070853462157,,0.05367686527106817,,,
48,4.28743961352657,10.312667740203972,56.998121309715515,5.528717122920021,5.367686527106817,5.9447128287707995,6.4412238325281805,1.2144390767579174,3.0059044551798175,0.3153515834675255,0.5300590445517982,,0.05367686527106817,,,
49,4.294149221685454,10.21202361782072,54.94498121309716,5.542136339237788,5.273752012882448,7.883789586688137,6.461352657004831,1.2815351583467525,3.052871712292002,0.32877079978529256,0.644122383252818,0.03354804079441761,0.04696725711218465,,,
50,3.515834675254965,9.863123993558776,55.91116478797638,6.166129898013956,5.032206119162641,8.199141170155663,5.669618894256575,1.3150831991411702,3.2541599570585076,0.3153515834675255,0.6776704240472357,0.03354804079441761,0.04696725711218465,,,
51,3.475577026301664,9.77589908749329,55.22678475577026,5.917874396135265,5.501878690284487,8.890230810520666,5.622651637144391,1.3553408480944713,3.1065485775630703,0.30193236714975846,0.7447665056360708,0.03354804079441761,0.04696725711218465,,,
52,3.3816425120772946,8.796296296296296,51.670692431561996,10.507246376811594,5.059044551798175,9.836285560923242,5.434782608695652,1.221148684916801,2.898550724637681,0.33548040794417605,0.7783145464304885,0.03354804079441761,0.04696725711218465,,,
53,3.3011272141706924,8.393719806763285,40.17042404723564,22.5577026301664,6.400966183574879,8.796296296296296,5.508588298443371,1.2345679012345678,2.6704240472356413,0.17444981213097155,0.6709608158883521,0.05367686527106817,0.06709608158883522,,,
54,3.3279656468062266,7.917337627482555,39.88191089640365,21.692163177670423,6.837090713902308,9.057971014492754,5.307300053676865,2.13365539452496,2.6972624798711755,0.23483628556092323,0.8185721953837896,0.05367686527106817,0.040257648953301126,,,
55,3.307836822329576,7.722758990874933,39.452495974235106,21.524422973698336,6.837090713902308,9.39345142243693,5.35426731078905,2.341653247450349,2.8515834675254963,0.28180354267310787,0.8051529790660226,0.05367686527106817,0.07380568974771873,,,
56,3.408480944712829,7.689210950080516,39.029790660225444,21.43719806763285,6.823671497584541,9.769189479334408,5.213365539452496,2.3550724637681157,2.8515834675254963,0.41599570585077833,0.8387010198604401,0.0939345142243693,0.07380568974771873,,,
57,3.4688674181427803,7.6623725174449815,38.63392377885131,21.349973161567366,6.736446591519055,10.077831454643048,5.273752012882448,2.4154589371980677,2.9388083735909825,0.4428341384863124,0.8185721953837896,0.0939345142243693,0.08722490606548577,,,
58,3.5091250670960816,7.555018786902845,38.157541599570585,21.26274825550188,6.696188942565755,10.265700483091788,5.4549114331723025,2.5496511003757383,3.0730005367686526,0.47638217928073,0.7917337627482555,0.12077294685990338,0.08722490606548577,,,
59,3.556092324208266,7.461084272678476,37.36580783682233,21.14868491680086,6.6760601180891035,11.097691894793345,5.475040257648954,2.589908749329039,3.1333870101986045,0.49651100375738055,0.7917337627482555,0.12077294685990338,0.08722490606548577,,,
60,3.535963499731616,7.447665056360709,37.23161567364466,20.095276435856146,6.655931293612453,11.285560923242082,6.9243156199677935,2.2410091250670963,3.099838969404187,0.4830917874396135,0.7917337627482555,0.12077294685990338,0.08722490606548577,,,
61,3.3279656468062266,7.4208266237251745,51.409017713365536,10.742082662372518,6.427804616210413,9.567901234567902,5.3274288781535155,1.5633387010198605,2.932098765432099,0.46967257112184646,0.7179280730005367,0.03354804079441761,0.05367686527106817,0.0067096081588835215,,
62,3.3145464304884595,7.212828770799785,51.006441223832525,11.211755233494364,6.360708534621578,9.608158883521202,5.173107890499195,1.5767579173376274,3.1333870101986045,0.5904455179817498,0.7179280730005367,0.03354804079441761,0.05367686527106817,0.0067096081588835215,,
63,3.3816425120772946,7.199409554482019,49.651100375738054,11.211755233494364,7.843531937734836,9.245840042941492,5.119431025228127,1.6170155662909287,3.280998389694042,0.6172839506172839,0.7045088566827697,0.03354804079441761,0.08722490606548577,0.0067096081588835215,,
64,3.388352120236178,7.0450885668276975,48.94659151905529,11.211755233494364,7.809983896940419,9.648416532474503,5.059044551798175,1.6170155662909287,3.784219001610306,0.6172839506172839,0.7447665056360708,0.03354804079441761,0.08722490606548577,0.0067096081588835215,,
65,3.4420289855072466,6.971282877079979,47.68518518518518,11.017176596886742,7.75630703166935,9.86983360171766,5.152979066022544,1.6975308641975309,4.931561996779388,0.6172839506172839,0.7313472893183038,0.03354804079441761,0.08722490606548577,0.0067096081588835215,,
66,3.44873859366613,6.743156199677939,47.517444981213096,10.923242082662373,7.823403113258186,9.977187332259795,5.173107890499195,1.7847557702630166,5.10601180891036,0.630703166935051,0.7313472893183038,0.03354804079441761,0.10064412238325282,0.0067096081588835215,,
67,3.556092324208266,6.6760601180891035,47.14170692431562,10.896403650026839,7.991143317230274,10.037573805689748,5.233494363929147,1.865271068169619,5.092592592592593,0.6239935587761675,0.7313472893183038,0.03354804079441761,0.11406333870101985,0.0067096081588835215,,
68,3.435319377348363,6.696188942565755,47.10144927536232,10.755501878690284,7.944176060118089,11.466720343531938,4.414922168545357,1.8451422436929683,4.918142780461621,0.5770263016639828,0.6709608158883521,0.03354804079441761,0.13419216317767044,0.0067096081588835215,,
69,3.4286097691894795,6.5485775630703165,47.83279656468062,10.547504025764896,7.87037037037037,10.72866344605475,4.334406870638754,2.0128824476650564,5.199946323134729,0.7045088566827697,0.5770263016639828,0.03354804079441761,0.17444981213097155,0.0067096081588835215,,
70,3.240740740740741,5.018786902844874,48.28234031132582,10.446859903381643,7.601986044015029,10.104669887278583,5.649490069779925,2.01959205582394,5.938003220611916,0.7917337627482555,0.6038647342995169,0.06709608158883522,0.2281266774020397,0.0067096081588835215,,
71,3.207192699946323,4.9651100375738055,47.77241009125067,10.48040794417606,7.6623725174449815,10.198604401502953,5.60252281266774,2.073268921095008,6.300322061191626,0.8185721953837896,0.6038647342995169,0.06709608158883522,0.24154589371980675,0.0067096081588835215,,
72,3.1199677938808374,4.958400429414922,47.296027911969944,10.225442834138486,7.7361782071927,10.373054213633925,5.615942028985507,2.26784755770263,6.528448738593666,0.9460547504025765,0.6038647342995169,0.06709608158883522,0.2549651100375738,0.0067096081588835215,,
73,3.166935050993022,4.924852388620504,46.85990338164251,10.111379495437467,7.709339774557166,10.38647342995169,5.629361245303274,2.3617820719269993,6.884057971014493,0.9460547504025765,0.6038647342995169,0.13419216317767044,0.27509393451422437,0.0067096081588835215,,
74,3.1602254428341383,4.736983360171766,43.08910359634997,12.95625335480408,9.453837895866881,10.144927536231885,6.105743424584004,2.5161030595813205,5.938003220611916,1.0332796564680622,0.5099302200751477,0.06038647342995169,0.2885131508319914,0.0067096081588835215,,
75,3.207192699946323,4.7168545356951155,41.686795491143315,12.016908212560386,11.560654857756306,10.44015029522276,6.099033816425121,2.3886205045625335,5.8239398819108965,1.0601180891035964,0.5300590445517982,0.06038647342995169,0.4025764895330113,0.0067096081588835215,,
76,2.9924852388620504,4.280730005367687,43.73322597960279,11.627750939345143,11.178207192699947,10.272410091250672,5.589103596349974,2.428878153515835,5.964841653247451,0.9460547504025765,0.5166398282340311,0.06038647342995169,0.4025764895330113,0.0067096081588835215,,
77,2.9052603327965647,4.045893719806763,42.109500805152976,13.231347289318304,11.084272678475577,10.339506172839506,5.495169082125604,2.4825550187869028,6.360708534621578,0.8923778851315083,0.5434782608695652,0.06038647342995169,0.4428341384863124,0.0067096081588835215,,
78,2.9589371980676327,4.005636070853462,41.7740203972088,13.023349436392914,10.970209339774557,10.339506172839506,5.662909286097692,2.6704240472356413,6.447933440687064,1.0735373054213635,0.5568974771873323,0.06038647342995169,0.4495437466451959,0.0067096081588835215,,
79,2.985775630703167,3.9855072463768115,41.34460547504026,12.962962962962964,10.950080515297907,10.487117552334944,5.676328502415459,2.757648953301127,6.595544820182502,1.1540526033279657,0.5703166935050993,0.07380568974771873,0.4495437466451959,0.0067096081588835215,,
80,2.9388083735909825,3.743961352657005,46.05475040257649,10.95679012345679,9.722222222222221,10.0979602791197,5.5756843800322065,2.5563607085346214,6.1929683306494905,1.093666129898014,0.5568974771873323,0.07380568974771873,0.43612453032742887,,,
81,2.932098765432099,3.730542136339238,45.67230273752013,10.809178743961352,9.628287707997853,10.178475577026301,5.71658615136876,2.5496511003757383,6.508319914117015,1.1473429951690821,0.5904455179817498,0.07380568974771873,0.46296296296296297,,,
82,2.717391304347826,3.0193236714975846,43.35748792270532,14.345142243692969,9.306226516371444,10.473698336017177,5.387815351583468,2.5966183574879227,6.400966183574879,1.2010198604401503,0.5904455179817498,0.10735373054213634,0.49651100375738055,,,
83,2.7777777777777777,3.0193236714975846,41.91492216854536,14.197530864197532,9.192163177670425,10.319377348362856,6.6760601180891035,2.703972088030059,6.6760601180891035,1.261406333870102,0.6239935587761675,0.11406333870101985,0.5233494363929146,,,
84,2.7979066022544283,2.9052603327965647,46.12855609232421,14.170692431561998,9.400161030595813,8.61513687600644,5.253623188405797,2.6435856146001075,5.676328502415459,1.2278582930756843,0.5770263016639828,0.07380568974771873,0.5300590445517982,,,
85,2.791196994095545,2.8918411164787976,45.772946859903385,14.13714439076758,9.406870638754697,8.776167471819646,5.280461621041331,2.7241009125067097,5.783682232957595,1.2412775093934514,0.5770263016639828,0.08722490606548577,0.5300590445517982,,,
86,2.818035426731079,2.871712292002147,45.14224369296833,14.023081052066559,9.339774557165862,8.876811594202898,5.374396135265701,2.6838432635534084,6.273483628556092,1.3821792807300053,0.5904455179817498,0.08722490606548577,0.5367686527106817,,,
87,2.737520128824477,2.8515834675254963,44.900697799248526,13.83521202361782,9.272678475577026,8.99087493290392,5.522007514761138,2.844873859366613,6.414385399892646,1.3150831991411702,0.6642512077294686,0.08722490606548577,0.5636070853462157,,,
88,2.703972088030059,2.7643585614600106,44.24315619967794,14.888620504562533,9.440418679549115,8.984165324745035,5.059044551798175,2.831454643048846,6.588835212023618,1.328502415458937,0.5703166935050993,0.0939345142243693,0.5032206119162641,,,
89,1.9524959742351047,2.4221685453569513,47.094739667203434,13.821792807300053,9.29951690821256,8.07836822329576,4.9718196457326895,2.85829307568438,6.904186795491143,1.3955984970477724,0.5837359098228664,0.11406333870101985,0.5032206119162641,,,
90,1.9390767579173376,2.4221685453569513,45.3166935050993,13.654052603327965,9.353193773483628,8.165593129361245,6.501610305958132,2.8113258185721954,7.306763285024155,1.4090177133655395,0.5501878690284487,0.11406333870101985,0.4562533548040794,,,
91,1.8048845947396672,2.3081052066559313,50.335480407944175,10.762211486849168,9.608158883521202,6.696188942565755,6.293612453032743,2.1739130434782608,7.407407407407407,1.4694041867954912,0.5501878690284487,0.0939345142243693,0.49651100375738055,,,
92,1.90552871712292,2.3081052066559313,50.02012882447665,10.68840579710145,9.554482018250134,6.696188942565755,6.327160493827161,2.214170692431562,7.601986044015029,1.5029522275899088,0.6038647342995169,0.08051529790660225,0.49651100375738055,,,
93,1.865271068169619,2.2745571658615136,49.65780998389694,10.621309715512615,9.4873859366613,6.850509930220075,6.273483628556092,2.2745571658615136,7.917337627482555,1.5029522275899088,0.6910896403650026,0.06709608158883522,0.5166398282340311,,,
94,1.9390767579173376,2.2745571658615136,49.17471819645733,10.903113258185721,8.870101986044014,6.776704240472356,6.3137412775093935,2.2611379495437465,8.55475040257649,1.570048309178744,0.6575415995705851,0.20799785292538917,0.49651100375738055,,,
95,1.9524959742351047,2.2745571658615136,48.698336017176594,10.876274825550189,8.796296296296296,6.991411701556629,6.286902844873859,2.2879763821792807,8.883521202361782,1.596886741814278,0.6508319914117016,0.20799785292538917,0.49651100375738055,,,
96,1.9457863660762211,2.2611379495437465,47.85292538915727,13.714439076757918,7.883789586688137,6.723027375201288,6.273483628556092,2.0531400966183573,8.78287707997853,1.1674718196457328,0.6374127750939346,0.2281266774020397,0.47638217928073,,,
97,1.9793344068706387,2.2611379495437465,47.28931830381106,13.546698872785829,7.836822329575953,6.816961889425658,6.387546967257112,2.1135265700483092,9.158615136876007,1.2681159420289856,0.6374127750939346,0.24154589371980675,0.46296296296296297,,,
98,1.9726247987117553,2.2611379495437465,46.97396672034353,13.466183574879228,7.856951154052603,6.810252281266774,6.494900697799249,2.1940418679549114,9.292807300053678,1.2949543746645196,0.6374127750939346,0.24154589371980675,0.5032206119162641,,,
99,1.8988191089640365,2.2611379495437465,46.04804079441761,13.358829844337091,7.863660762211487,6.877348362855609,6.488191089640365,2.2208803005904456,10.265700483091788,1.3217928073000538,0.6374127750939346,0.2281266774020397,0.5300590445517982,,,
100,1.8786902844873858,2.1940418679549114,45.7259796027912,13.16425120772947,7.836822329575953,7.25979602791197,6.615673644659152,2.328234031132582,10.305958132045088,1.3150831991411702,0.6172839506172839,0.2281266774020397,0.5300590445517982,,,
101,1.8988191089640365,2.0128824476650564,44.73966720343532,13.922436929683306,7.548309178743962,7.185990338164252,7.078636607622115,2.636876006441224,10.373054213633925,1.2144390767579174,0.6105743424584005,0.2683843263553409,0.5099302200751477,,,
102,1.90552871712292,1.9793344068706387,42.32420826623725,17.082662372517444,7.461084272678476,7.454374664519592,6.944444444444445,2.717391304347826,9.433709071390231,1.288244766505636,0.6239935587761675,0.2683843263553409,0.5166398282340311,,,
103,1.9994632313472893,1.9524959742351047,41.93505099302201,16.935050993022006,7.434245840042942,7.5348899624261945,6.877348362855609,2.818035426731079,9.73564143853999,1.3016639828234031,0.6910896403650026,0.2683843263553409,0.5166398282340311,,,
104,1.9860440150295222,1.9524959742351047,41.418411164787976,16.861245303274288,8.085077831454644,7.286634460547504,6.78341384863124,2.9119699409554483,9.88996242619431,1.2748255501878691,0.7783145464304885,0.2683843263553409,0.5032206119162641,,,
105,2.046430488459474,1.9524959742351047,41.06280193236715,16.720343531937736,8.024691358024691,7.333601717659689,6.749865807836822,3.079710144927536,10.178475577026301,1.3016639828234031,0.7783145464304885,0.2683843263553409,0.5032206119162641,,,
106,2.0263016639828235,1.9524959742351047,40.21068169618894,16.626409017713364,8.735909822866345,7.62211486849168,6.850509930220075,3.0595813204508855,10.02415458937198,1.3620504562533549,0.7783145464304885,0.27509393451422437,0.47638217928073,,,
107,2.0933977455716586,1.9122383252818036,39.64036500268384,16.525764895330113,8.789586688137414,8.192431561996779,6.850509930220075,3.0595813204508855,10.017444981213098,1.415727321524423,0.7514761137949544,0.27509393451422437,0.47638217928073,,,
108,2.13365539452496,1.9122383252818036,39.03650026838432,16.371443907675793,8.78287707997853,8.57487922705314,6.870638754696726,3.113258185721954,10.131508319914117,1.5499194847020934,0.7514761137949544,0.2683843263553409,0.5032206119162641,,,
109,1.9927536231884058,1.724369296833065,38.90230810520666,19.04186795491143,8.09849704777241,8.125335480407944,6.387546967257112,2.9589371980676327,9.702093397745571,1.482823403113258,0.8252818035426731,0.24154589371980675,0.5166398282340311,,,
110,2.0665593129361244,1.7176596886741815,38.466183574879224,18.840579710144926,8.024691358024691,8.09849704777241,6.515029522275899,3.1870638754696725,10.037573805689748,1.4761137949543746,0.8252818035426731,0.2147074610842727,0.5166398282340311,0.013419216317767043,,
111,2.01959205582394,2.1403650026838434,37.848899624261946,18.438003220611915,8.09849704777241,8.293075684380032,6.400966183574879,3.3682232957595275,10.326086956521738,1.5029522275899088,0.8252818035426731,0.2147074610842727,0.5099302200751477,0.013419216317767043,,
112,2.0799785292538915,2.13365539452496,37.473161567364464,18.075684380032207,8.152173913043478,8.420558239398819,6.481481481481482,3.6500268384326353,10.46027911969941,1.4962426194310252,0.8387010198604401,0.2147074610842727,0.5099302200751477,0.013419216317767043,,
113,2.01959205582394,2.033011272141707,37.265163714439076,18.00187869028449,8.427267847557703,8.407139023081053,6.387546967257112,3.683574879227053,10.520665593129362,1.7042404723564144,0.8387010198604401,0.2147074610842727,0.4830917874396135,0.013419216317767043,,
114,2.0799785292538915,2.033011272141707,39.210950080515296,15.83467525496511,8.225979602791197,8.380300590445518,6.3137412775093935,3.6231884057971016,11.030595813204508,1.6706924315619969,0.8923778851315083,0.2147074610842727,0.47638217928073,0.013419216317767043,,
115,2.01959205582394,1.9256575415995705,44.29012345679013,14.163982823403114,7.709339774557166,7.742887815351583,5.783682232957595,2.9388083735909825,10.46027911969941,1.4761137949543746,0.9326355340848095,0.2147074610842727,0.32877079978529256,0.013419216317767043,,
116,1.9524959742351047,1.8988191089640365,45.779656468062264,13.137412775093935,7.575147611379496,7.769726247987117,5.649490069779925,2.7979066022544283,10.36634460547504,1.5633387010198605,0.9728931830381106,0.2147074610842727,0.30864197530864196,0.013419216317767043,,
117,2.0397208803005906,1.8988191089640365,44.87385936661299,13.030059044551798,7.37385936661299,7.883789586688137,5.629361245303274,3.046162104133119,11.238593666129898,1.4895330112721417,0.966183574879227,0.2214170692431562,0.2952227589908749,0.013419216317767043,,
118,2.0933977455716586,1.8786902844873858,44.29012345679013,13.144122383252817,7.353730542136339,8.017981749865807,5.770263016639828,3.180354267310789,11.20504562533548,1.5297906602254427,1.0064412238325282,0.2214170692431562,0.2952227589908749,0.013419216317767043,,
119,2.086688137412775,1.8786902844873858,44.0552871712292,13.023349436392914,7.440955448201825,8.132045088566828,5.783682232957595,3.2675791733762747,11.258722490606548,1.5230810520665594,0.9930220075147611,0.2214170692431562,0.2952227589908749,0.013419216317767043,0.026838432635534086,
120,2.100107353730542,1.8115942028985508,42.74020397208803,12.567096081588835,8.413848631239935,8.460815888352121,5.884326355340848,3.2474503488996245,11.654589371980677,1.5633387010198605,0.9796027911969941,0.2214170692431562,0.3153515834675255,0.013419216317767043,0.026838432635534086,
121,2.086688137412775,1.8115942028985508,41.95517981749866,12.486580783682234,8.829844337090714,8.662104133118627,5.870907139023081,3.3145464304884595,11.802200751476114,1.583467525496511,0.9796027911969941,0.2214170692431562,0.35560923242082665,0.013419216317767043,0.026838432635534086,
122,2.147074610842727,1.8115942028985508,42.860976918947934,12.365807836822329,8.521202361782072,8.165593129361245,5.736714975845411,3.44873859366613,11.829039184111648,1.5230810520665594,0.9796027911969941,0.2214170692431562,0.33548040794417605,0.013419216317767043,0.026838432635534086,0.013419216317767043
123,2.200751476113795,1.8115942028985508,42.60601180891036,12.258454106280194,8.460815888352121,8.232689210950081,5.756843800322061,3.629898013955985,11.882716049382717,1.5767579173376274,0.9796027911969941,0.1878690284487386,0.36231884057971014,0.013419216317767043,0.026838432635534086,0.013419216317767043
124,2.301395598497048,1.6774020397208802,41.666666666666664,12.627482555018787,8.454106280193237,8.279656468062266,6.246645195920558,3.569511540526033,11.956521739130435,1.6237251744498122,0.9930220075147611,0.1878690284487386,0.36231884057971014,0.013419216317767043,0.026838432635534086,0.013419216317767043
125,2.2946859903381642,1.6774020397208802,41.0024154589372,12.607353730542137,8.427267847557703,8.480944712828771,6.608964036500268,3.5426731078904994,12.110842726784755,1.6639828234031133,0.9930220075147611,0.20128824476650564,0.33548040794417605,0.013419216317767043,0.026838432635534086,0.013419216317767043
126,2.3483628556092326,1.6371443907675791,40.61996779388084,12.446323134728932,8.427267847557703,8.480944712828771,6.629092860976919,3.6231884057971016,12.593934514224369,1.6237251744498122,0.9796027911969941,0.20128824476650564,0.33548040794417605,0.013419216317767043,0.026838432635534086,0.013419216317767043
127,2.3081052066559313,1.6035963499731616,39.93558776167472,12.385936661298981,8.521202361782072,8.910359634997317,6.421095008051529,3.6231884057971016,12.909286097691895,1.7914653784219001,0.9728931830381106,0.20128824476650564,0.33548040794417605,0.013419216317767043,0.05367686527106817,0.013419216317767043
128,2.301395598497048,1.6035963499731616,39.47933440687064,12.278582930756844,8.360171765968868,9.359903381642512,6.575415995705851,3.6231884057971016,12.983091787439614,1.8183038110574343,0.9863123993558777,0.2147074610842727,0.33548040794417605,0.013419216317767043,0.05367686527106817,0.013419216317767043
129,2.2611379495437465,1.6035963499731616,38.85534084809447,12.157809983896941,8.319914117015566,9.614868491680086,6.830381105743425,3.6902844873859366,13.16425120772947,1.8518518518518519,1.0534084809447128,0.1878690284487386,0.33548040794417605,0.013419216317767043,0.04696725711218465,0.013419216317767043
130,2.2611379495437465,1.5297906602254427,37.493290391841114,13.620504562533547,8.259527643585615,9.802737520128824,6.910896403650026,3.656736446591519,12.93612453032743,1.8585614600107354,1.0534084809447128,0.20799785292538917,0.33548040794417605,0.013419216317767043,0.04696725711218465,0.013419216317767043
131,2.2342995169082127,1.5297906602254427,37.03032742887815,13.560118089103597,8.246108427267847,9.957058507783145,6.984702093397746,3.7640901771336552,13.157541599570585,1.892109500805153,1.0534084809447128,0.20799785292538917,0.30864197530864196,0.013419216317767043,0.04696725711218465,0.013419216317767043
132,2.281266774020397,1.5297906602254427,36.862587224906065,13.479602791196994,8.380300590445518,9.990606548577563,6.951154052603328,3.7573805689747717,13.20450885668277,1.8719806763285025,1.1003757380568975,0.20799785292538917,0.30864197530864196,0.013419216317767043,0.04696725711218465,0.013419216317767043
133,2.301395598497048,1.5230810520665594,36.41304347826087,13.352120236178207,8.36688137412775,10.339506172839506,6.850509930220075,3.8848631239935587,13.419216317767042,1.8585614600107354,1.1003757380568975,0.20799785292538917,0.30864197530864196,0.013419216317767043,0.04696725711218465,0.013419216317767043
134,2.26784755770263,1.4895330112721417,35.66156736446592,13.318572195383789,9.728931830381105,10.285829307568438,6.535158346752549,3.9318303811057436,13.311862587224907,1.8317230273752012,1.0802469135802468,0.20799785292538917,0.27509393451422437,0.013419216317767043,0.04696725711218465,0.013419216317767043
135,2.2745571658615136,1.4895330112721417,35.198604401502955,13.231347289318304,8.474235104669887,10.064412238325282,9.091519055287172,3.8848631239935587,13.18438003220612,1.737788513150832,0.8722490606548577,0.20799785292538917,0.2147074610842727,0.013419216317767043,0.04696725711218465,0.013419216317767043
136,2.2745571658615136,1.4895330112721417,33.51449275362319,13.117283950617283,10.641438539989265,9.681964573268921,9.151905528717123,3.8714439076757916,13.144122383252817,1.6975308641975309,0.9594739667203436,0.20799785292538917,0.1878690284487386,,0.04696725711218465,0.013419216317767043
137,2.0933977455716586,1.4895330112721417,31.340579710144926,20.853462157809982,9.339774557165862,9.225711218464841,8.179012345679013,3.683574879227053,11.379495437466453,1.221148684916801,0.8118625872249061,0.19457863660762212,0.16774020397208803,,0.020128824476650563,
138,2.15378421900161,1.4895330112721417,30.877616747181964,20.73268921095008,9.359903381642512,9.353193773483628,8.172302737520129,3.7775093934514223,11.654589371980677,1.2077294685990339,0.8387010198604401,0.19457863660762212,0.16774020397208803,,0.020128824476650563,
139,2.2410091250670963,1.4895330112721417,33.97074610842727,19.719538378958667,9.366612989801396,9.292807300053678,6.139291465378422,3.911701556629093,11.540526033279656,1.1540526033279657,0.7917337627482555,0.19457863660762212,0.16774020397208803,,0.020128824476650563,
140,2.301395598497048,1.4694041867954912,33.60842726784756,19.639023081052066,9.380032206119163,9.125067096081589,6.1929683306494905,3.992216854535695,11.829039184111648,1.1808910359634996,0.8051529790660226,0.1878690284487386,0.2683843263553409,,0.020128824476650563,
141,2.4020397208803006,1.4694041867954912,33.40713902308105,19.384057971014492,9.373322597960279,9.05126140633387,6.199677938808374,4.374664519592056,11.902844873859367,1.1808910359634996,0.7917337627482555,0.17444981213097155,0.2683843263553409,,0.020128824476650563,
142,2.408749329039184,1.4626945786366077,33.279656468062264,19.30354267310789,9.326355340848094,9.05126140633387,6.226516371443908,4.49543746645196,11.956521739130435,1.2345679012345678,0.785024154589372,0.17444981213097155,0.27509393451422437,,0.020128824476650563,
143,2.3886205045625335,1.4090177133655395,32.39398819108964,20.578368223295758,9.057971014492754,9.098228663446054,6.360708534621578,4.327697262479871,11.829039184111648,1.3150831991411702,0.7716049382716049,0.17444981213097155,0.27509393451422437,,0.020128824476650563,
144,2.4355877616747184,1.402308105206656,32.2061191626409,20.48443370907139,8.977455716586151,8.984165324745035,6.400966183574879,4.575952764358561,11.963231347289318,1.3217928073000538,0.7783145464304885,0.17444981213097155,0.27509393451422437,,0.020128824476650563,
145,2.428878153515835,1.3821792807300053,32.03166935050993,20.471014492753625,8.984165324745035,9.192163177670425,6.387546967257112,4.609500805152979,11.956521739130435,1.3553408480944713,0.7313472893183038,0.17444981213097155,0.27509393451422437,,0.020128824476650563,
146,2.428878153515835,1.3821792807300053,31.884057971014492,20.26972624798712,9.359903381642512,9.145195920558239,6.407675791733762,4.663177670424047,11.916264090177133,1.4090177133655395,0.6642512077294686,0.17444981213097155,0.27509393451422437,,0.020128824476650563,
147,2.462426194310252,1.3821792807300053,31.30703166935051,20.162372517444982,9.943639291465379,9.306226516371444,6.380837359098229,4.676596886741814,11.842458400429415,1.402308105206656,0.6642512077294686,0.17444981213097155,0.27509393451422437,,0.020128824476650563,
148,2.428878153515835,1.3553408480944713,31.09903381642512,20.135534084809446,9.916800858829845,9.494095544820183,6.5485775630703165,4.696725711218465,11.808910359634996,1.3687600644122384,0.6642512077294686,0.17444981213097155,0.2885131508319914,,0.020128824476650563,
149,2.475845410628019,1.3083735909822867,30.407944176060116,19.390767579173378,10.963499731615673,9.73564143853999,7.098765432098766,4.569243156199678,11.473429951690822,1.3888888888888888,0.6776704240472357,0.20128824476650564,0.2885131508319914,,0.020128824476650563,
150,2.4892646269457863,1.3083735909822867,30.079173376274827,19.32367149758454,10.970209339774557,10.02415458937198,7.192699946323135,4.528985507246377,11.52710681696189,1.402308105206656,0.6508319914117016,0.20128824476650564,0.2885131508319914,,0.013419216317767043,
151,2.536231884057971,1.3083735909822867,29.851046698872786,19.32367149758454,11.124530327428879,10.272410091250672,7.065217391304348,4.555823939881911,11.392914653784219,1.328502415458937,0.6977992485238862,0.20128824476650564,0.32877079978529256,,0.013419216317767043,
152,2.589908749329039,1.3083735909822867,29.676596886741816,19.182769726247987,11.124530327428879,10.446859903381643,7.1658615136876005,4.528985507246377,11.33923778851315,1.3419216317767042,0.7246376811594203,0.20128824476650564,0.35560923242082665,,0.013419216317767043,
153,2.6435856146001075,1.3083735909822867,29.582662372517444,19.082125603864736,11.158078368223295,10.393183038110575,7.065217391304348,4.549114331723027,11.460010735373054,1.482823403113258,0.7447665056360708,0.1878690284487386,0.32877079978529256,,0.013419216317767043,
154,2.690552871712292,1.3083735909822867,29.28743961352657,18.907675791733762,11.20504562533548,10.406602254428341,7.011540526033279,4.723564143853999,11.641170155662909,1.5767579173376274,0.7179280730005367,0.1878690284487386,0.322061191626409,,0.013419216317767043,
155,2.7106816961889426,1.2748255501878691,28.898282340311326,18.820450885668276,11.104401502952227,10.648148148148149,7.501341921631776,4.750402576489533,11.493558776167472,1.6035963499731616,0.7112184648416533,0.1878690284487386,0.28180354267310787,,0.013419216317767043,
156,2.7106816961889426,1.2681159420289856,28.64331723027375,18.699677938808374,11.003757380568974,10.661567364465915,7.5281803542673105,4.978529253891573,11.668008588298443,1.6438539989264627,0.7112184648416533,0.1878690284487386,0.28180354267310787,,0.013419216317767043,
157,2.8113258185721954,1.261406333870102,28.388352120236178,18.585614600107355,11.057434245840042,10.72866344605475,7.454374664519592,5.025496511003757,11.788781535158346,1.6774020397208802,0.7380568974771873,0.1878690284487386,0.28180354267310787,,0.013419216317767043,
