,45,50,53,51,52,55,54,56,57,60,58,59
0,96.43719806763285,3.5628019323671496,,,,,,,,,,
1,94.88056897477188,5.0993022007514766,0.020128824476650563,,,,,,,,,
2,92.35104669887279,7.628824476650563,0.020128824476650563,,,,,,,,,
3,80.18652710681697,19.79334406870639,0.020128824476650563,,,,,,,,,
4,76.71765968867417,20.8064949006978,0.020128824476650563,2.4557165861513686,,,,,,,,
5,74.94632313472893,22.57783145464305,0.020128824476650563,2.4557165861513686,,,,,,,,
6,72.04106280193237,25.409286097691894,0.020128824476650563,2.4557165861513686,0.07380568974771873,,,,,,,
7,71.99409554482018,25.45625335480408,0.020128824476650563,2.4557165861513686,0.07380568974771873,,,,,,,
8,71.92028985507247,25.41599570585078,0.020128824476650563,2.4557165861513686,0.07380568974771873,0.11406333870101985,,,,,,
9,58.74932903918411,38.6808910359635,,2.4557165861513686,,0.11406333870101985,,,,,,
10,55.22678475577026,42.941492216854535,,1.6639828234031133,,0.11406333870101985,0.05367686527106817,,,,,
11,51.54320987654321,43.19645732689211,,5.038915727321524,,0.11406333870101985,0.05367686527106817,0.05367686527106817,,,,
12,39.93558776167472,54.69672571121846,,5.01207729468599,,0.24825550187869028,0.05367686527106817,0.05367686527106817,,,,
13,40.042941492216855,54.549114331723025,,5.01207729468599,,0.2885131508319914,0.05367686527106817,0.05367686527106817,,,,
14,39.62023617820719,45.01476113794954,,5.01207729468599,9.957058507783145,0.2885131508319914,0.05367686527106817,0.05367686527106817,,,,
15,33.756038647343,51.247987117552334,,4.361245303274289,9.500805152979066,0.9796027911969941,0.05367686527106817,0.10064412238325282,,,,
16,33.62855609232421,50.97289318303811,,4.361245303274289,9.473966720343531,1.2345679012345678,0.2281266774020397,0.10064412238325282,,,,
17,33.682232957595275,50.919216317767045,,4.361245303274289,9.473966720343531,1.2345679012345678,0.2281266774020397,0.10064412238325282,,,,
18,33.82984433709071,50.83199141170156,,4.361245303274289,9.41358024691358,1.2345679012345678,0.2281266774020397,0.10064412238325282,,,,
19,33.9170692431562,50.81186258722491,,4.361245303274289,9.158615136876007,1.2278582930756843,0.2281266774020397,0.10064412238325282,0.19457863660762212,,,
20,19.679280730005367,69.80005367686528,,1.6304347826086956,6.984702093397746,1.3821792807300053,0.2281266774020397,0.10064412238325282,0.19457863660762212,,,
21,19.726247987117553,69.75308641975309,,1.6304347826086956,6.984702093397746,1.3821792807300053,0.2281266774020397,0.10064412238325282,0.19457863660762212,,,
22,19.880568974771872,69.45115405260333,,1.6304347826086956,6.984702093397746,1.5297906602254427,0.2281266774020397,0.10064412238325282,0.19457863660762212,,,
23,19.16935050993022,61.2385936661299,0.1878690284487386,8.313204508856682,7.461084272678476,1.5297906602254427,1.8048845947396672,0.10064412238325282,0.19457863660762212,,,
24,17.431561996779386,59.18545356951154,0.1878690284487386,10.131508319914117,7.461084272678476,3.502415458937198,1.8048845947396672,0.10064412238325282,0.19457863660762212,,,
25,17.478529253891573,58.23268921095008,2.4557165861513686,10.131508319914117,7.4141170155662905,2.187332259796028,1.8048845947396672,0.10064412238325282,0.19457863660762212,,,
26,17.183306494900698,57.95759527643585,2.6704240472356413,9.359903381642512,8.467525496511003,2.2611379495437465,1.1473429951690821,0.7581857219538379,0.19457863660762212,,,
27,17.438271604938272,57.7361782071927,2.6704240472356413,9.178743961352657,8.387010198604402,2.2611379495437465,1.133923778851315,0.9997316156736447,0.19457863660762212,,,
28,17.364465915190554,57.830112721417066,2.6704240472356413,9.178743961352657,8.387010198604402,2.2611379495437465,1.1137949543746646,0.9997316156736447,0.19457863660762212,,,
29,17.424852388620504,57.789855072463766,2.6704240472356413,9.178743961352657,8.36688137412775,2.2611379495437465,1.1137949543746646,0.9997316156736447,0.19457863660762212,,,
30,12.04374664519592,40.995705850778315,0.4025764895330113,16.42512077294686,28.381642512077295,1.5297906602254427,0.05367686527106817,,0.16774020397208803,,,
31,12.084004294149223,40.96886741814278,0.4025764895330113,16.42512077294686,28.368223295759528,1.5297906602254427,0.05367686527106817,,0.16774020397208803,,,
32,12.151100375738057,40.92860976918948,0.4025764895330113,16.411701556629094,28.23403113258186,1.5297906602254427,0.05367686527106817,,0.2885131508319914,,,
33,12.010198604401502,36.66129898013956,0.4025764895330113,19.41760601180891,27.80461621041331,3.361513687600644,0.05367686527106817,,0.2885131508319914,,,
34,12.238325281803542,36.50697799248524,0.4025764895330113,19.384057971014492,27.76435856146001,3.361513687600644,0.05367686527106817,,0.2885131508319914,,,
35,12.325550187869029,36.50697799248524,0.4025764895330113,19.350509930220074,27.623456790123456,3.361513687600644,0.05367686527106817,,0.3757380568974772,,,
36,12.4597423510467,36.29898013955985,0.38915727321524424,19.182769726247987,27.576489533011273,3.5225442834138487,0.05367686527106817,0.14090177133655393,0.3757380568974772,,,
37,12.439613526570048,36.252012882447666,0.38915727321524424,30.320719269994633,16.391572732152444,3.7775093934514223,0.05367686527106817,0.20799785292538917,0.16774020397208803,,,
38,11.084272678475577,31.83709071390231,0.38915727321524424,36.24530327428878,16.35131508319914,3.7104133118625873,0.05367686527106817,0.1610305958132045,0.16774020397208803,,,
39,11.43317230273752,31.709608158883523,0.38915727321524424,35.970209339774556,16.27079978529254,3.7104133118625873,0.05367686527106817,0.2952227589908749,0.16774020397208803,,,
40,11.540526033279656,31.662640901771336,0.38915727321524424,35.94337090713902,16.25067096081589,3.69699409554482,0.05367686527106817,0.2952227589908749,0.16774020397208803,,,
41,11.486849168008588,30.971551261406333,0.38915727321524424,35.91653247450349,17.505367686527105,3.2139023081052067,0.05367686527106817,0.2952227589908749,0.16774020397208803,,,
42,11.574074074074074,30.783682232957595,1.0869565217391304,35.768921095008054,17.16988727858293,3.0327428878153517,0.05367686527106817,0.36231884057971014,0.16774020397208803,,,
43,10.903113258185721,27.958937198067634,0.41599570585077833,30.246913580246915,28.14009661835749,1.751207729468599,0.05367686527106817,0.36231884057971014,0.16774020397208803,,,
44,10.795759527643586,27.241009125067094,0.41599570585077833,31.206387546967257,28.005904455179817,1.751207729468599,0.05367686527106817,0.36231884057971014,0.16774020397208803,,,
45,9.695383789586689,26.690821256038646,0.41599570585077833,32.7361782071927,27.992485238862052,1.8853998926462694,0.05367686527106817,0.36231884057971014,0.16774020397208803,,,
46,9.75577026301664,26.670692431561996,0.41599570585077833,32.72275899087493,27.965646806226516,1.8853998926462694,0.05367686527106817,0.36231884057971014,0.16774020397208803,,,
47,9.997316156736447,26.596886741814277,0.41599570585077833,32.18599033816425,27.87842190016103,1.8853998926462694,0.05367686527106817,0.8185721953837896,0.16774020397208803,,,
48,10.071121846484166,26.596886741814277,0.41599570585077833,32.118894256575416,27.871712292002147,1.8853998926462694,0.05367686527106817,0.8185721953837896,0.16774020397208803,,,
49,10.165056360708535,26.46940418679549,0.3421900161030596,31.97128287707998,27.113526570048307,1.9122383252818036,0.9259259259259259,0.9326355340848095,0.16774020397208803,,,
50,10.285829307568438,26.40901771336554,0.3421900161030596,31.87734836285561,27.046430488459475,2.01959205582394,0.9259259259259259,0.9259259259259259,0.16774020397208803,,,
51,9.098228663446054,23.181696188942567,0.3421900161030596,36.9699409554482,26.080246913580247,1.90552871712292,1.0735373054213635,1.0265700483091786,0.322061191626409,,,
52,9.158615136876007,22.98040794417606,0.3421900161030596,36.32581857219538,25.49651100375738,1.90552871712292,1.0735373054213635,2.301395598497048,0.41599570585077833,,,
53,9.252549651100376,23.020665593129362,0.3421900161030596,36.22517444981213,25.462962962962962,1.90552871712292,1.0735373054213635,2.301395598497048,0.41599570585077833,,,
54,9.5276435856146,23.007246376811594,0.3421900161030596,36.090982286634464,25.348899624261943,1.90552871712292,1.0735373054213635,2.301395598497048,0.4025764895330113,,,
55,9.75577026301664,22.906602254428343,0.3421900161030596,35.970209339774556,25.315351583467525,1.90552871712292,1.0735373054213635,2.328234031132582,0.4025764895330113,,,
56,10.104669887278583,22.77241009125067,0.3421900161030596,35.83601717659689,25.234836285560924,1.90552871712292,1.0735373054213635,2.328234031132582,0.4025764895330113,,,
57,10.279119699409554,22.75228126677402,0.3421900161030596,35.78234031132582,25.13419216317767,1.90552871712292,1.0735373054213635,2.328234031132582,0.4025764895330113,,,
58,10.285829307568438,22.376543209876544,0.3421900161030596,34.09151905528717,26.992753623188406,2.1068169618894257,1.0735373054213635,2.328234031132582,0.4025764895330113,,,
59,10.601180891035963,22.302737520128826,0.3421900161030596,34.01100375738057,26.86527106816962,2.1068169618894257,1.0735373054213635,2.2946859903381642,0.4025764895330113,,,
60,9.822866344605474,20.034889962426195,0.2214170692431562,44.02173913043478,20.933977455716587,2.1269457863660763,0.14761137949543746,2.2946859903381642,0.39586688137412773,,,
61,9.111647879763822,18.17632850241546,0.2214170692431562,47.61137949543747,20.128824476650564,1.9122383252818036,0.14761137949543746,2.2946859903381642,0.39586688137412773,,,
62,9.29951690821256,17.94820182501342,0.2214170692431562,47.436929683306495,19.87385936661299,2.059849704777241,0.14761137949543746,2.3752012882447664,0.6374127750939346,,,
63,9.41358024691358,17.934782608695652,0.2214170692431562,47.32957595276436,19.840311325818572,2.059849704777241,0.14761137949543746,2.4154589371980677,0.6374127750939346,,,
64,9.5276435856146,17.820719269994633,0.2214170692431562,47.24235104669887,19.840311325818572,1.9860440150295222,0.322061191626409,2.4020397208803006,0.6374127750939346,,,
65,9.608158883521202,17.820719269994633,0.2214170692431562,47.16183574879227,19.840311325818572,1.9860440150295222,0.322061191626409,2.4020397208803006,0.6374127750939346,,,
66,9.473966720343531,17.807300053676865,0.2214170692431562,47.84621578099839,19.30354267310789,1.9860440150295222,0.322061191626409,2.4020397208803006,0.6374127750939346,,,
67,9.816156736446592,17.68652710681696,0.2214170692431562,47.678475577026305,18.914385399892645,2.3215244229736984,0.322061191626409,2.4020397208803006,0.6374127750939346,,,
68,9.722222222222221,16.948470209339774,0.2214170692431562,46.9068706387547,18.54535695115405,2.3215244229736984,2.4892646269457863,2.2074610842726785,0.6374127750939346,,,
69,9.782608695652174,16.881374127750938,0.2214170692431562,46.75925925925926,18.431293612453032,2.3617820719269993,2.4892646269457863,2.3215244229736984,0.7514761137949544,,,
70,9.863123993558776,16.820987654320987,0.2214170692431562,46.59151905528717,18.4044551798175,2.3483628556092326,2.4892646269457863,2.509393451422437,0.7514761137949544,,,
71,9.863123993558776,16.7337627482555,2.49597423510467,45.48443370907139,18.317230273752013,2.3483628556092326,2.368491680085883,1.6371443907675791,0.7514761137949544,,,
72,9.75577026301664,16.7337627482555,2.49597423510467,42.860976918947934,20.497852925389157,2.341653247450349,2.368491680085883,2.1940418679549114,0.7514761137949544,,,
73,9.73564143853999,16.774020397208805,3.8378958668813743,41.78073000536769,20.249597423510465,2.341653247450349,2.368491680085883,2.1940418679549114,0.7179280730005367,,,
74,9.856414385399892,16.80756843800322,3.81105743424584,41.54589371980676,20.249597423510465,2.341653247450349,2.3081052066559313,2.3617820719269993,0.7179280730005367,,,
75,8.829844337090714,29.032474503488995,3.81105743424584,37.795222758990874,13.848631239935587,2.314814814814815,2.13365539452496,1.7713365539452497,0.46296296296296297,,,
76,8.870101986044014,27.91867954911433,3.81105743424584,37.734836285560924,13.714439076757918,2.046430488459474,3.6097691894793345,1.8317230273752012,0.46296296296296297,,,
77,8.950617283950617,27.885131508319915,3.7909286097691894,37.60064412238325,13.714439076757918,2.046430488459474,3.6097691894793345,1.9390767579173376,0.46296296296296297,,,
78,9.225711218464841,27.84487385936661,3.7909286097691894,37.36580783682233,13.714439076757918,2.0933977455716586,3.5829307568438002,1.9390767579173376,0.4428341384863124,,,
79,9.353193773483628,27.81803542673108,3.7909286097691894,37.34567901234568,13.694310252281268,2.0799785292538915,3.569511540526033,1.90552871712292,0.4428341384863124,,,
80,9.03113258185722,26.341921631776703,3.7909286097691894,40.666935050993025,12.345679012345679,2.0799785292538915,3.569511540526033,1.7310789049919484,0.4428341384863124,,,
81,9.172034353193773,26.247987117552334,3.717122920021471,40.425389157273216,12.318840579710145,2.1403650026838434,3.569511540526033,1.892109500805153,0.5166398282340311,,,
82,9.346484165324744,26.20101986044015,3.7037037037037037,40.31132581857219,12.318840579710145,2.1403650026838434,3.569511540526033,1.892109500805153,0.5166398282340311,,,
83,9.400161030595813,24.90606548577563,4.609500805152979,39.83494363929147,11.916264090177133,2.1068169618894257,4.817498658078368,1.892109500805153,0.5166398282340311,,,
84,9.534353193773484,24.88593666129898,4.575952764358561,39.64707461084273,11.252012882447666,2.1068169618894257,4.817498658078368,1.9994632313472893,1.1808910359634996,,,
85,9.608158883521202,24.84567901234568,4.575952764358561,39.61352657004831,11.252012882447666,2.1068169618894257,4.817498658078368,1.9994632313472893,1.1808910359634996,,,
86,9.514224369296834,24.46323134728932,5.555555555555555,39.30488459473967,11.010466988727858,2.15378421900161,4.817498658078368,1.9994632313472893,1.1808910359634996,,,
87,9.634997316156737,24.382716049382715,5.555555555555555,39.26462694578637,11.010466988727858,2.15378421900161,4.817498658078368,1.9994632313472893,1.1808910359634996,,,
88,9.31964573268921,24.382716049382715,6.293612453032743,39.982555018786904,10.48040794417606,2.1068169618894257,4.562533548040794,1.6908212560386473,1.1808910359634996,,,
89,9.500805152979066,24.355877616747183,6.246645195920558,39.82823403113258,10.285829307568438,2.1068169618894257,4.64975845410628,1.8048845947396672,1.221148684916801,,,
90,9.386741814278047,19.981213097155127,6.246645195920558,39.53972088030059,14.834943639291465,2.059849704777241,4.696725711218465,2.033011272141707,1.221148684916801,,,
91,9.400161030595813,18.874127750939344,8.776167471819646,38.92914653784219,13.862050456253355,2.059849704777241,4.8443370907139025,2.033011272141707,1.221148684916801,,,
92,9.588030059044552,18.820450885668276,8.749329039184111,38.85534084809447,13.6808910359635,2.059849704777241,4.817498658078368,2.0799785292538915,1.3486312399355878,,,
93,9.728931830381105,18.78690284487386,8.729200214707461,38.768115942028984,13.6406333870102,2.059849704777241,4.817498658078368,2.120236178207193,1.3486312399355878,,,
94,9.789318303811058,18.78690284487386,8.729200214707461,38.55340848094471,13.627214170692431,2.167203435319377,4.817498658078368,2.1806226516371443,1.3486312399355878,,,
95,9.876543209876543,18.78690284487386,8.729200214707461,38.466183574879224,13.627214170692431,2.167203435319377,4.817498658078368,2.1806226516371443,1.3486312399355878,,,
96,9.86983360171766,18.766774020397207,8.715780998389693,37.17793880837359,13.58695652173913,3.629898013955985,4.7638217928073,2.1403650026838434,1.3486312399355878,,,
97,10.091250670960816,18.739935587761675,8.715780998389693,37.124261943102525,13.553408480944713,3.629898013955985,4.7638217928073,2.033011272141707,1.3486312399355878,,,
98,10.144927536231885,18.739935587761675,8.715780998389693,37.01690821256039,13.533279656468062,3.629898013955985,4.7638217928073,2.1068169618894257,1.3486312399355878,,,
99,10.205314009661835,18.739935587761675,8.715780998389693,36.480139559849704,14.04320987654321,3.549382716049383,4.616210413311863,2.301395598497048,1.3486312399355878,,,
100,9.494095544820183,17.894524959742352,7.333601717659689,43.21658615136876,12.513419216317766,3.549382716049383,2.965646806226516,1.6841116478797638,1.3486312399355878,,,
101,9.73564143853999,17.894524959742352,7.253086419753086,43.10252281266774,12.486580783682234,3.549382716049383,2.945517981749866,1.6841116478797638,1.3486312399355878,,,
102,9.903381642512077,17.881105743424584,7.185990338164252,42.89452495974235,12.419484702093397,3.549382716049383,2.945517981749866,1.8719806763285025,1.3486312399355878,,,
103,9.970477724100913,17.881105743424584,8.272946859903382,41.98201825013419,12.372517444981213,3.4822866344605474,2.945517981749866,1.7444981213097155,1.3486312399355878,,,
104,10.030864197530864,17.8743961352657,8.272946859903382,41.80756843800322,12.372517444981213,3.4822866344605474,2.932098765432099,1.8786902844873858,1.3486312399355878,,,
105,10.165056360708535,17.85426731078905,12.218196457326892,37.68786902844874,12.372517444981213,3.4822866344605474,2.932098765432099,1.9390767579173376,1.3486312399355878,,,
106,10.25228126677402,17.85426731078905,12.218196457326892,37.6207729468599,12.372517444981213,3.4822866344605474,2.932098765432099,1.9390767579173376,1.328502415458937,,,
107,10.34621578099839,17.807300053676865,12.218196457326892,37.466451959205585,12.372517444981213,3.4822866344605474,2.9253891572732154,2.0531400966183573,1.328502415458937,,,
108,10.037573805689748,17.102791196994094,15.660225442834138,35.45356951154053,11.231884057971014,4.522275899087493,2.737520128824477,2.033011272141707,1.221148684916801,,,
109,10.138217928073,17.102791196994094,15.646806226516372,35.39318303811057,11.211755233494364,4.51556629092861,2.737520128824477,2.033011272141707,1.221148684916801,,,
110,10.279119699409554,17.102791196994094,15.646806226516372,35.32608695652174,11.171497584541063,4.4820182501341925,2.737520128824477,2.033011272141707,1.221148684916801,,,
111,10.218733225979603,16.53918411164788,15.593129361245303,35.31266774020397,10.82259796027912,4.468599033816425,3.7238325281803544,2.100107353730542,1.221148684916801,,,
112,10.332796564680622,16.53918411164788,15.579710144927537,35.178475577026305,10.82259796027912,4.441760601180891,3.7238325281803544,2.1604938271604937,1.221148684916801,,,
113,10.453569511540525,16.532474503488995,15.579710144927537,34.977187332259795,10.802469135802468,4.555823939881911,3.656736446591519,2.15378421900161,1.221148684916801,0.06709608158883522,,
114,10.721953837895867,16.478797638217927,15.546162104133119,34.735641438539986,10.695115405260333,4.549114331723027,3.656736446591519,2.2342995169082127,1.3150831991411702,0.06709608158883522,,
115,10.775630703166936,16.472088030059044,16.203703703703702,34.46725711218465,10.695115405260333,4.019055287171229,3.656736446591519,2.3550724637681157,1.288244766505636,0.06709608158883522,,
116,10.82259796027912,15.653515834675256,16.10305958132045,35.44015029522276,10.59447128287708,4.019055287171229,3.656736446591519,2.3550724637681157,1.288244766505636,0.06709608158883522,,
117,10.768921095008052,15.53274288781535,17.11621041331186,33.73590982286635,11.466720343531938,4.019055287171229,3.656736446591519,2.522812667740204,0.966183574879227,0.06709608158883522,0.14761137949543746,
118,10.976918947933441,15.465646806226516,17.09608158883521,33.55475040257649,11.446591519055287,3.965378421900161,3.8177670424047236,2.49597423510467,0.966183574879227,0.06709608158883522,0.14761137949543746,
119,10.258990874932904,15.042941492216855,17.082662372517444,35.265700483091784,11.399624261943103,3.8580246913580245,3.656736446591519,2.254428341384863,0.966183574879227,0.06709608158883522,0.14761137949543746,
120,10.34621578099839,14.834943639291465,17.196725711218466,35.18518518518518,11.379495437466453,3.8580246913580245,3.9049919484702094,2.1135265700483092,0.966183574879227,0.06709608158883522,0.14761137949543746,
121,10.38647342995169,14.687332259796028,17.183306494900698,35.11808910359635,11.372785829307569,4.012345679012346,3.9049919484702094,2.15378421900161,0.966183574879227,0.06709608158883522,0.14761137949543746,
122,10.426731078904991,14.680622651637144,17.183306494900698,35.11137949543747,11.372785829307569,4.012345679012346,3.878153515834675,2.15378421900161,0.966183574879227,0.06709608158883522,0.14761137949543746,
123,10.540794417606012,14.673913043478262,17.028985507246375,34.90338164251208,11.372785829307569,4.240472356414386,3.8177670424047236,2.2410091250670963,0.966183574879227,0.06709608158883522,0.14761137949543746,
124,10.695115405260333,14.65378421900161,16.955179817498657,34.84299516908212,11.372785829307569,4.240472356414386,3.8177670424047236,2.2410091250670963,0.966183574879227,0.06709608158883522,0.14761137949543746,
125,11.017176596886742,14.566559312936125,16.955179817498657,34.68196457326892,11.231884057971014,4.240472356414386,3.8177670424047236,2.2410091250670963,1.0332796564680622,0.06709608158883522,0.14761137949543746,
126,11.044015029522276,14.53972088030059,16.955179817498657,34.634997316156735,11.231884057971014,4.159957058507783,3.978797638217928,2.2074610842726785,1.0332796564680622,0.06709608158883522,0.14761137949543746,
127,10.68840579710145,14.029790660225443,18.57890499194847,34.306226516371446,10.789049919484702,4.213633923778851,3.978797638217928,2.167203435319377,1.0332796564680622,0.06709608158883522,0.14761137949543746,
128,10.869565217391305,13.962694578636608,18.471551261406333,34.20558239398819,10.742082662372518,4.086151368760064,4.139828234031133,2.167203435319377,1.1406333870101986,0.06709608158883522,0.14761137949543746,
129,10.950080515297907,13.902308105206655,18.223295759527645,34.14519592055824,10.72866344605475,4.139828234031133,4.468599033816425,2.086688137412775,1.1406333870101986,0.06709608158883522,0.14761137949543746,
130,11.057434245840042,13.902308105206655,18.209876543209877,34.004294149221685,10.695115405260333,4.294149221685454,4.394793344068707,2.086688137412775,1.1406333870101986,0.06709608158883522,0.14761137949543746,
131,11.225174449812132,13.83521202361782,18.183038110574344,33.95061728395062,10.695115405260333,4.294149221685454,4.374664519592056,2.086688137412775,1.1406333870101986,0.06709608158883522,0.14761137949543746,
132,11.352657004830919,13.821792807300053,18.183038110574344,33.863392377885134,10.695115405260333,4.26731078904992,4.374664519592056,2.086688137412775,1.1406333870101986,0.06709608158883522,0.14761137949543746,
133,11.399624261943103,13.754696725711218,18.156199677938808,33.863392377885134,10.695115405260333,4.314278046162104,4.374664519592056,2.086688137412775,1.1406333870101986,0.06709608158883522,0.14761137949543746,
134,11.419753086419753,13.667471819645733,17.914653784219002,33.863392377885134,11.466720343531938,3.8177670424047236,4.361245303274289,2.086688137412775,1.1406333870101986,0.06709608158883522,0.19457863660762212,
135,11.446591519055287,13.613794954374665,17.834138486312398,33.20585077831455,11.466720343531938,4.616210413311863,4.361245303274289,2.0531400966183573,1.1406333870101986,0.06709608158883522,0.19457863660762212,
136,11.621041331186259,13.560118089103597,17.767042404723565,33.17230273752013,11.446591519055287,4.616210413311863,4.361245303274289,2.0531400966183573,1.1406333870101986,0.06709608158883522,0.19457863660762212,
137,11.480139559849706,12.084004294149223,16.223832528180353,29.958400429414922,11.399624261943103,4.555823939881911,11.030595813204508,1.932367149758454,1.0735373054213635,0.06709608158883522,0.19457863660762212,
138,11.647879763821793,11.956521739130435,16.170155662909288,29.528985507246375,11.258722490606548,4.522275899087493,11.453301127214171,2.1269457863660763,1.0735373054213635,0.06709608158883522,0.19457863660762212,
139,10.929951690821255,11.265432098765432,15.042941492216855,32.769726247987116,11.017176596886742,4.448470209339774,10.997047772410092,2.1940418679549114,1.0735373054213635,0.06709608158883522,0.19457863660762212,
140,11.084272678475577,11.238593666129898,15.03623188405797,32.67579173376275,10.990338164251208,4.448470209339774,10.997047772410092,2.1940418679549114,1.0735373054213635,0.06709608158883522,0.19457863660762212,
141,11.231884057971014,11.218464841653248,14.962426194310252,32.56172839506173,10.929951690821255,4.502147074610843,10.997047772410092,2.2611379495437465,1.0735373054213635,0.06709608158883522,0.19457863660762212,
142,11.11111111111111,11.137949543746645,14.88191089640365,32.058507783145465,11.654589371980677,4.575952764358561,10.997047772410092,2.24771873322598,1.0735373054213635,0.06709608158883522,0.19457863660762212,
143,11.292270531400966,11.057434245840042,14.88191089640365,31.95786366076221,11.654589371980677,4.575952764358561,10.997047772410092,2.24771873322598,1.0735373054213635,0.06709608158883522,0.19457863660762212,
144,11.446591519055287,11.057434245840042,14.848362855609233,31.89747718733226,11.641170155662909,4.542404723564144,10.997047772410092,2.24771873322598,1.0601180891035964,0.06709608158883522,0.19457863660762212,
145,11.574074074074074,11.037305421363392,14.80810520665593,31.85721953837896,11.627750939345143,4.542404723564144,10.997047772410092,2.2342995169082127,1.0601180891035964,0.06709608158883522,0.19457863660762212,
146,11.647879763821793,11.037305421363392,14.794685990338165,31.64922168545357,11.627750939345143,4.676596886741814,10.943370907139023,2.301395598497048,1.0601180891035964,0.06709608158883522,0.19457863660762212,
147,11.714975845410628,10.970209339774557,14.76784755770263,31.568706387546968,11.52710681696189,5.0791733762748255,10.654857756307031,2.4557165861513686,1.0601180891035964,0.0067096081588835215,0.19457863660762212,
148,11.808910359634996,10.970209339774557,14.754428341384862,31.5552871712292,11.460010735373054,4.958400429414922,10.775630703166936,2.4557165861513686,1.0601180891035964,0.0067096081588835215,0.19457863660762212,
149,11.943102522812667,10.950080515297907,14.741009125067096,31.508319914117017,11.460010735373054,4.924852388620504,10.755501878690284,2.4557165861513686,1.0601180891035964,0.0067096081588835215,0.19457863660762212,
150,11.98336017176597,10.929951690821255,14.714170692431562,31.374127750939344,11.352657004830919,4.924852388620504,10.755501878690284,2.703972088030059,1.0601180891035964,0.0067096081588835215,0.19457863660762212,
151,11.996779388083736,10.929951690821255,14.714170692431562,31.36070853462158,11.352657004830919,4.924852388620504,10.755501878690284,2.703972088030059,1.0601180891035964,0.0067096081588835215,0.19457863660762212,
152,12.130971551261407,10.896403650026839,14.687332259796028,31.17283950617284,11.285560923242082,5.072463768115942,10.789049919484702,2.703972088030059,1.0601180891035964,0.0067096081588835215,0.19457863660762212,
153,12.184648416532475,10.896403650026839,14.61352657004831,31.00509930220075,11.285560923242082,5.072463768115942,10.909822866344605,2.771068169618894,1.0601180891035964,0.0067096081588835215,0.19457863660762212,
154,12.325550187869029,10.88298443370907,14.579978529253891,30.911164787976382,11.178207192699947,5.186527106816962,10.909822866344605,2.771068169618894,1.0534084809447128,0.0067096081588835215,0.19457863660762212,
155,12.453032742887816,10.849436392914654,14.553140096618357,30.877616747181964,11.151368760064413,5.186527106816962,10.909822866344605,2.7643585614600106,1.0534084809447128,0.0067096081588835215,0.19457863660762212,
156,12.493290391841116,10.795759527643586,14.660493827160494,30.83064949006978,11.151368760064413,5.186527106816962,10.909822866344605,2.717391304347826,1.0534084809447128,0.0067096081588835215,0.19457863660762212,
157,12.560386473429952,10.795759527643586,14.55984970477724,30.67632850241546,11.077563070316694,5.414653784219001,10.896403650026839,2.717391304347826,1.1003757380568975,0.0067096081588835215,0.19457863660762212,
158,12.667740203972087,10.628019323671497,14.318303811057435,30.636070853462158,11.077563070316694,5.904455179817498,10.856146001073537,2.717391304347826,0.9930220075147611,0.0067096081588835215,0.19457863660762212,
159,12.761674718196458,10.628019323671497,14.318303811057435,30.54884594739667,11.077563070316694,5.904455179817498,10.849436392914654,2.717391304347826,0.9930220075147611,0.0067096081588835215,0.19457863660762212,
160,12.949543746645196,10.628019323671497,14.251207729468598,30.441492216854535,11.077563070316694,6.025228126677402,10.735373054213634,2.6972624798711755,0.9930220075147611,0.0067096081588835215,0.19457863660762212,
161,12.882447665056361,10.61460010735373,14.150563607085346,30.421363392377884,11.057434245840042,6.159420289855072,10.715244229736983,2.6972624798711755,1.1003757380568975,0.0067096081588835215,0.19457863660762212,
162,12.775093934514224,10.587761674718196,14.143853998926463,29.522275899087493,11.057434245840042,6.159420289855072,11.782071926999464,2.6704240472356413,1.1003757380568975,0.0067096081588835215,0.19457863660762212,
163,12.86231884057971,10.587761674718196,14.130434782608695,29.522275899087493,11.017176596886742,6.139291465378422,11.782071926999464,2.657004830917874,1.1003757380568975,0.0067096081588835215,0.19457863660762212,
164,12.614063338701019,9.306226516371444,12.23161567364466,35.768921095008054,10.587761674718196,6.052066559312936,10.292538915727322,2.3752012882447664,0.7514761137949544,0.0067096081588835215,0.013419216317767043,
165,12.754965110037574,9.306226516371444,12.157809983896941,35.768921095008054,10.567632850241546,6.005099302200751,10.292538915727322,2.3752012882447664,0.7514761137949544,0.0067096081588835215,0.013419216317767043,
166,12.775093934514224,9.292807300053678,12.151100375738057,35.70182501341922,10.547504025764896,6.005099302200751,10.332796564680622,2.4221685453569513,0.7514761137949544,0.0067096081588835215,0.013419216317767043,
167,12.86231884057971,9.272678475577026,12.104133118625873,35.47369833601718,10.534084809447128,5.998389694041868,10.413311862587225,2.5697799248523885,0.7514761137949544,0.0067096081588835215,0.013419216317767043,
168,12.875738056897477,9.272678475577026,12.828770799785293,35.07783145464305,10.534084809447128,5.495169082125604,10.7085346215781,2.4490069779924855,0.7514761137949544,0.0067096081588835215,,
169,12.915995705850777,9.232420826623725,12.828770799785293,34.78260869565217,10.319377348362856,5.891035963499732,10.68840579710145,2.5831991411701556,0.7514761137949544,0.0067096081588835215,,
170,12.694578636607622,9.232420826623725,12.265163714439076,33.4272678475577,12.506709608158884,5.6964573268921095,10.84272678475577,2.5831991411701556,0.7447665056360708,0.0067096081588835215,,
171,12.681159420289855,9.225711218464841,12.25174449812131,32.83682232957595,13.130703166935051,5.60252281266774,10.970209339774557,2.5496511003757383,0.7447665056360708,0.0067096081588835215,,
172,12.70799785292539,9.225711218464841,12.211486849168008,32.80327428878154,13.130703166935051,5.60252281266774,10.970209339774557,2.61003757380569,0.7313472893183038,0.0067096081588835215,,
173,12.775093934514224,9.225711218464841,12.211486849168008,32.76301663982824,13.130703166935051,5.501878690284487,11.044015029522276,2.61003757380569,0.7313472893183038,0.0067096081588835215,,
174,12.929414922168545,9.225711218464841,12.204777241009126,32.70263016639828,13.023349436392914,5.46833064949007,11.010466988727858,2.6033279656468062,0.8252818035426731,0.0067096081588835215,,
175,13.117283950617283,9.225711218464841,12.157809983896941,32.67579173376275,12.915995705850777,5.46833064949007,11.003757380568974,2.6033279656468062,0.8252818035426731,0.0067096081588835215,,
176,13.24476650563607,9.172034353193773,12.13768115942029,32.63553408480945,12.915995705850777,5.448201825013419,11.010466988727858,2.6033279656468062,0.8252818035426731,0.0067096081588835215,,
177,13.278314546430488,9.172034353193773,12.010198604401502,32.43424584004294,12.915995705850777,5.615942028985507,10.876274825550189,2.6033279656468062,1.0869565217391304,0.0067096081588835215,,
178,13.331991411701557,9.172034353193773,11.929683306494901,32.39398819108964,12.795222758990874,5.615942028985507,11.104401502952227,2.6033279656468062,1.0466988727858293,0.0067096081588835215,,
179,13.425925925925926,9.145195920558239,11.929683306494901,32.367149758454104,12.754965110037574,5.394524959742351,11.325818572195384,2.6033279656468062,1.0466988727858293,0.0067096081588835215,,
180,13.506441223832528,9.104938271604938,11.902844873859367,32.23966720343532,12.754965110037574,5.394524959742351,11.325818572195384,2.717391304347826,1.0466988727858293,0.0067096081588835215,,
181,12.278582930756844,7.347020933977456,10.909822866344605,40.063070316693505,10.963499731615673,3.992216854535695,11.077563070316694,2.690552871712292,0.6709608158883521,0.0067096081588835215,,
182,12.640901771336553,7.27992485238862,10.809178743961352,39.83494363929147,10.963499731615673,3.992216854535695,10.916532474503489,2.885131508319914,0.6709608158883521,0.0067096081588835215,,
183,12.775093934514224,7.253086419753086,10.789049919484702,39.76784755770263,10.943370907139023,3.992216854535695,10.916532474503489,2.885131508319914,0.6709608158883521,0.0067096081588835215,,
184,11.721685453569512,7.226247987117552,8.662104133118627,48.27563070316693,8.729200214707461,3.878153515834675,8.3064949006978,2.657004830917874,0.5367686527106817,0.0067096081588835215,,
185,11.81561996779388,7.206119162640902,8.628556092324208,48.268921095008054,8.695652173913043,3.878153515834675,8.3064949006978,2.657004830917874,0.5367686527106817,0.0067096081588835215,,
186,11.949812130971551,7.206119162640902,8.628556092324208,48.22866344605475,8.662104133118627,3.8177670424047236,8.3064949006978,2.657004830917874,0.5367686527106817,0.0067096081588835215,,
187,12.04374664519592,7.179280730005368,8.628556092324208,48.16156736446592,8.662104133118627,3.8177670424047236,8.3064949006978,2.657004830917874,0.5367686527106817,0.0067096081588835215,,
188,12.412775093934513,7.179280730005368,8.387010198604402,48.00053676865271,8.561460010735374,3.8177670424047236,8.3064949006978,2.7442297369833604,0.5837359098228664,0.0067096081588835215,,
189,12.600644122383253,7.1658615136876005,8.360171765968868,47.87305421363392,8.561460010735374,3.8177670424047236,8.3064949006978,2.7241009125067097,0.5837359098228664,0.0067096081588835215,,
190,12.352388620504563,6.481481481481482,8.272946859903382,47.074610842726784,10.534084809447128,3.6768652710681695,8.293075684380032,2.7241009125067097,0.5837359098228664,0.0067096081588835215,,
191,12.546967257112184,6.481481481481482,8.272946859903382,46.826355340848096,10.527375201288244,3.6768652710681695,8.293075684380032,2.7844873859366612,0.5837359098228664,0.0067096081588835215,,
192,12.607353730542137,6.5552871712292005,8.272946859903382,46.69887278582931,10.520665593129362,3.6768652710681695,8.293075684380032,2.7844873859366612,0.5837359098228664,0.0067096081588835215,,
193,12.815351583467525,6.541867954911433,8.272946859903382,46.3365539452496,10.48040794417606,3.797638217928073,8.239398819108963,2.9253891572732154,0.5837359098228664,0.0067096081588835215,,
194,12.815351583467525,6.541867954911433,8.272946859903382,46.15539452495974,10.48040794417606,3.797638217928073,8.239398819108963,3.1065485775630703,0.5837359098228664,0.0067096081588835215,,
195,12.922705314009661,6.494900697799249,8.272946859903382,45.94739667203435,10.527375201288244,3.797638217928073,8.340042941492216,3.1065485775630703,0.5837359098228664,0.0067096081588835215,,
196,13.036768652710682,6.4345142243692965,8.239398819108963,45.833333333333336,10.507246376811594,3.9318303811057436,8.319914117015566,3.1065485775630703,0.5837359098228664,0.0067096081588835215,,
197,13.22463768115942,6.246645195920558,8.165593129361245,45.65217391304348,10.507246376811594,4.274020397208803,8.28636607622115,3.079710144927536,0.5568974771873323,0.0067096081588835215,,
198,13.24476650563607,6.172839506172839,8.165593129361245,45.08185721953838,11.017176596886742,4.334406870638754,8.279656468062266,3.1468062265163717,0.5501878690284487,0.0067096081588835215,,
199,13.358829844337091,6.172839506172839,8.11862587224906,45.04159957058508,10.990338164251208,4.334406870638754,8.279656468062266,3.1468062265163717,0.5501878690284487,0.0067096081588835215,,
200,11.594202898550725,6.119162640901771,5.193236714975845,51.590177133655395,10.493827160493828,4.079441760601181,7.856951154052603,2.61003757380569,0.4562533548040794,0.0067096081588835215,,
201,11.768652710681696,6.119162640901771,5.246913580246914,51.37546967257112,10.487117552334944,4.079441760601181,7.85024154589372,2.61003757380569,0.4562533548040794,0.0067096081588835215,,
202,11.943102522812667,6.119162640901771,5.24020397208803,51.29495437466452,10.426731078904991,4.066022544283414,7.836822329575953,2.61003757380569,0.4562533548040794,0.0067096081588835215,,
203,12.030327428878154,6.105743424584004,5.24020397208803,51.24127750939345,10.406602254428341,4.066022544283414,7.836822329575953,2.61003757380569,0.4562533548040794,0.0067096081588835215,,
204,12.050456253354804,6.105743424584004,5.22007514761138,51.11379495437466,10.399892646269459,4.066022544283414,7.836822329575953,2.7442297369833604,0.4562533548040794,0.0067096081588835215,,
205,12.184648416532475,6.105743424584004,5.213365539452496,51.08695652173913,10.359634997316157,4.066022544283414,7.776435856146001,2.7442297369833604,0.4562533548040794,0.0067096081588835215,,
206,12.332259796027913,6.105743424584004,5.213365539452496,50.905797101449274,10.312667740203972,4.166666666666667,7.776435856146001,2.7241009125067097,0.4562533548040794,0.0067096081588835215,,
207,12.399355877616747,6.105743424584004,5.213365539452496,50.878958668813745,10.272410091250672,4.166666666666667,7.776435856146001,2.7241009125067097,0.4562533548040794,0.0067096081588835215,,
208,12.439613526570048,6.105743424584004,5.072463768115942,50.738056897477186,10.272410091250672,4.166666666666667,8.09849704777241,2.6435856146001075,0.4562533548040794,0.0067096081588835215,,
209,12.721417069243156,6.072195383789587,5.072463768115942,50.496511003757384,10.238862050456254,4.200214707461084,8.09849704777241,2.636876006441224,0.4562533548040794,0.0067096081588835215,,
210,12.842190016103059,6.0587761674718195,5.072463768115942,50.4092860976919,10.23215244229737,4.186795491143317,8.05823939881911,2.636876006441224,0.4562533548040794,0.0067096081588835215,0.040257648953301126,
211,12.86231884057971,6.0587761674718195,5.186527106816962,50.395866881374126,10.165056360708535,4.166666666666667,8.044820182501342,2.6167471819645733,0.4562533548040794,0.0067096081588835215,0.040257648953301126,
212,13.056897477187333,6.038647342995169,5.186527106816962,49.97987117552335,10.144927536231885,4.159957058507783,7.991143317230274,2.9388083735909825,0.4562533548040794,0.0067096081588835215,0.040257648953301126,
213,13.352120236178207,6.038647342995169,5.186527106816962,49.75174449812131,10.111379495437467,4.159957058507783,7.977724100912507,2.918679549114332,0.4562533548040794,0.0067096081588835215,0.040257648953301126,
214,13.378958668813741,5.964841653247451,5.186527106816962,49.563875469672574,10.36634460547504,4.139828234031133,7.977724100912507,2.918679549114332,0.4562533548040794,0.0067096081588835215,0.040257648953301126,
215,13.405797101449275,5.964841653247451,5.186527106816962,49.53703703703704,10.36634460547504,4.139828234031133,7.977724100912507,2.918679549114332,0.4562533548040794,0.0067096081588835215,0.040257648953301126,
216,13.506441223832528,5.964841653247451,5.186527106816962,49.443102522812666,10.359634997316157,4.139828234031133,7.977724100912507,2.918679549114332,0.4562533548040794,0.0067096081588835215,0.040257648953301126,
217,13.325281803542673,5.656199677938808,6.179549114331723,47.819377348362856,12.117552334943639,3.992216854535695,7.48792270531401,2.918679549114332,0.4562533548040794,0.0067096081588835215,0.040257648953301126,
218,13.264895330112722,5.656199677938808,6.213097155126141,47.61137949543747,12.010198604401502,3.992216854535695,7.561728395061729,3.1870638754696725,0.4562533548040794,0.0067096081588835215,0.040257648953301126,
