,45,50,51,55,56,53,54,57,59,52,58,61,60,62,46
0,88.1508319914117,11.75523349436393,0.026838432635534086,0.06709608158883522,,,,,,,,,,,
1,82.03166935050993,17.847557702630166,0.05367686527106817,0.06709608158883522,,,,,,,,,,,
2,79.59608158883522,11.124530327428879,9.185453569511541,0.03354804079441761,0.06038647342995169,,,,,,,,,,
3,70.04159957058508,20.618625872249062,9.172034353193773,0.0939345142243693,0.07380568974771873,,,,,,,,,,
4,67.66639828234031,22.953569511540525,9.118357487922705,0.1610305958132045,0.10064412238325282,,,,,,,,,,
5,66.71363392377886,21.43719806763285,7.313472893183038,0.20799785292538917,0.11406333870101985,2.898550724637681,1.3150831991411702,,,,,,,,
6,65.98899624261944,22.094739667203434,7.246376811594203,0.24154589371980675,0.18115942028985507,2.8784219001610305,1.2546967257112185,0.10064412238325282,0.013419216317767043,,,,,,
7,63.0300590445518,24.168008588298445,6.253354804079442,0.28180354267310787,0.18115942028985507,2.6033279656468062,1.2546967257112185,0.14090177133655393,0.013419216317767043,2.073268921095008,,,,,
8,62.6610305958132,23.356146001073537,4.327697262479871,0.41599570585077833,0.16774020397208803,2.623456790123457,1.1607622114868492,0.14090177133655393,0.013419216317767043,5.132850241545894,,,,,
9,56.70960815888352,29.052603327965645,4.300858829844337,0.6374127750939346,0.16774020397208803,2.623456790123457,1.1607622114868492,0.18115942028985507,0.013419216317767043,5.152979066022544,,,,,
10,54.6833064949007,26.737788513150832,8.621846484165324,0.6239935587761675,0.20128824476650564,2.623456790123457,1.1607622114868492,0.20128824476650564,0.013419216317767043,5.132850241545894,,,,,
11,50.899087493290395,30.743424584004295,8.340042941492216,0.9930220075147611,0.20128824476650564,2.623456790123457,1.1607622114868492,0.20128824476650564,0.013419216317767043,4.757112184648417,0.06709608158883522,,,,
12,50.59044551798175,31.052066559312937,8.340042941492216,0.9930220075147611,0.20128824476650564,2.623456790123457,1.093666129898014,0.2147074610842727,0.08051529790660225,4.74369296833065,0.06709608158883522,,,,
13,50.14090177133655,30.83064949006978,8.333333333333334,1.6505636070853462,0.24154589371980675,2.6167471819645733,1.0399892646269457,0.18115942028985507,0.13419216317767044,4.730273752012883,0.06709608158883522,0.03354804079441761,,,
14,50.0805152979066,30.864197530864196,8.32662372517445,1.6505636070853462,0.24154589371980675,2.6502952227589907,1.0399892646269457,0.18115942028985507,0.13419216317767044,4.730273752012883,0.06709608158883522,0.03354804079441761,,,
15,49.69135802469136,31.09903381642512,8.266237251744498,1.6841116478797638,0.322061191626409,2.6502952227589907,1.0399892646269457,0.18115942028985507,0.13419216317767044,4.830917874396135,0.06709608158883522,0.03354804079441761,,,
16,46.59822866344606,30.267042404723565,8.467525496511003,1.6304347826086956,0.33548040794417605,2.6301663982823404,1.0399892646269457,0.20799785292538917,0.13419216317767044,8.588298443370908,0.06709608158883522,0.03354804079441761,,,
17,44.47128287707998,29.8040794417606,8.36688137412775,1.4761137949543746,0.30864197530864196,2.6301663982823404,1.0399892646269457,0.19457863660762212,0.13419216317767044,11.473429951690822,0.06709608158883522,0.03354804079441761,,,
18,39.492753623188406,34.95034889962426,8.3064949006978,1.3821792807300053,0.4294149221685454,2.7777777777777777,1.0332796564680622,0.2683843263553409,0.13419216317767044,11.124530327428879,0.06709608158883522,0.03354804079441761,,,
19,39.45920558239399,34.715512614063336,8.279656468062266,1.6170155662909287,0.4830917874396135,2.7643585614600106,1.0332796564680622,0.322061191626409,0.13419216317767044,11.09098228663446,0.06709608158883522,0.03354804079441761,,,
20,38.34541062801932,35.36634460547504,8.266237251744498,1.6170155662909287,0.6038647342995169,2.7643585614600106,1.288244766505636,0.3488996242619431,0.13419216317767044,11.16478797638218,0.06709608158883522,0.03354804079441761,,,
21,37.775093934514224,34.876543209876544,15.613258185721953,1.5297906602254427,0.5636070853462157,0.27509393451422437,0.28180354267310787,0.23483628556092323,,8.82313472893183,,,0.026838432635534086,,
22,37.47987117552335,34.876543209876544,15.599838969404187,1.6103059581320451,0.5770263016639828,0.27509393451422437,0.5300590445517982,0.23483628556092323,,8.789586688137414,,,0.026838432635534086,,
23,35.909822866344605,36.3593666129898,15.445517981749866,1.6639828234031133,0.7045088566827697,0.27509393451422437,0.5636070853462157,0.2885131508319914,,8.76274825550188,,,0.026838432635534086,,
24,34.4873859366613,37.144390767579175,15.619967793880837,1.9726247987117553,0.7179280730005367,0.27509393451422437,0.7179280730005367,0.30193236714975846,,8.722490606548577,,,0.040257648953301126,,
25,33.80971551261406,36.983360171765966,14.029790660225443,1.8786902844873858,0.7514761137949544,0.24154589371980675,0.7179280730005367,0.4092860976918948,,11.137949543746645,,,0.040257648953301126,,
26,33.51449275362319,36.77536231884058,14.016371443907676,2.0531400966183573,0.8387010198604401,0.5166398282340311,0.7045088566827697,0.4495437466451959,,11.09098228663446,,,0.040257648953301126,,
27,33.360171765968865,36.41304347826087,13.761406333870102,2.4221685453569513,1.0601180891035964,0.5166398282340311,0.8856682769726248,0.4495437466451959,,11.09098228663446,0.013419216317767043,,0.026838432635534086,,
28,33.15217391304348,36.533816425120776,13.761406333870102,2.2946859903381642,1.0802469135802468,0.5166398282340311,0.9460547504025765,0.5971551261406334,,11.077563070316694,0.013419216317767043,,0.026838432635534086,,
29,25.067096081588836,45.55823939881911,13.009930220075148,2.4557165861513686,1.0399892646269457,0.33548040794417605,0.9125067096081588,0.5971551261406334,,10.983628556092324,0.013419216317767043,,0.026838432635534086,,
30,24.671229200214707,44.847020933977454,13.895598497047773,2.6972624798711755,1.0466988727858293,0.33548040794417605,0.8856682769726248,0.6239935587761675,,10.95679012345679,0.013419216317767043,,0.026838432635534086,,
31,23.463499731615673,39.82823403113258,13.647342995169081,2.885131508319914,1.06682769726248,3.992216854535695,0.630703166935051,0.6239935587761675,,13.808373590982287,0.026838432635534086,,0.026838432635534086,,
32,23.05421363392378,36.922973698336016,16.089640365002683,4.03918411164788,1.1607622114868492,4.019055287171229,0.6508319914117016,0.5300590445517982,,13.493022007514762,0.026838432635534086,,0.013419216317767043,,
33,22.906602254428343,35.99704777241009,15.687063875469672,4.528985507246377,1.4694041867954912,3.8580246913580245,1.4694041867954912,0.5166398282340311,,13.486312399355878,0.06709608158883522,,0.013419216317767043,,
34,22.564412238325282,36.090982286634464,15.60654857756307,4.616210413311863,1.4626945786366077,3.9855072463768115,1.596886741814278,0.5568974771873323,,13.439345142243694,0.06709608158883522,,0.013419216317767043,,
35,22.423510466988727,36.05072463768116,15.626677402039721,4.7101449275362315,1.7713365539452497,3.992216854535695,1.6908212560386473,0.5904455179817498,,13.043478260869565,0.08051529790660225,0.0067096081588835215,0.013419216317767043,,
36,22.436929683306495,35.889694041867955,15.351583467525497,4.864465915190553,2.046430488459474,3.992216854535695,1.6908212560386473,0.5904455179817498,,13.036768652710682,0.08051529790660225,0.0067096081588835215,0.013419216317767043,,
37,22.14170692431562,35.97691894793344,15.116747181964573,4.924852388620504,2.4020397208803006,3.9318303811057436,1.6774020397208802,0.6575415995705851,0.020128824476650563,13.09044551798175,0.040257648953301126,0.0067096081588835215,0.013419216317767043,,
38,20.90713902308105,37.084004294149224,15.157004830917874,4.938271604938271,2.509393451422437,3.9049919484702094,1.6505636070853462,0.7581857219538379,0.020128824476650563,12.989801395598498,0.06038647342995169,0.0067096081588835215,0.013419216317767043,,
39,19.85373054213634,37.835480407944175,14.861782071927,5.025496511003757,2.871712292002147,3.911701556629093,1.7646269457863661,0.8252818035426731,0.020128824476650563,12.922705314009661,0.08722490606548577,0.0067096081588835215,0.013419216317767043,,
40,17.8743961352657,38.781535158346756,14.55984970477724,5.186527106816962,2.9052603327965647,4.1532474503489,2.757648953301127,0.785024154589372,0.020128824476650563,12.869028448738593,0.08722490606548577,0.0067096081588835215,0.013419216317767043,,
41,15.72061191626409,31.93773483628556,15.60654857756307,4.978529253891573,2.6301663982823404,2.368491680085883,2.6301663982823404,0.8387010198604401,0.020128824476650563,23.221953837895867,0.026838432635534086,0.0067096081588835215,0.013419216317767043,,
42,15.432098765432098,31.93773483628556,15.72061191626409,4.924852388620504,2.9052603327965647,2.3483628556092326,2.657004830917874,0.8387010198604401,0.04696725711218465,23.1280193236715,0.026838432635534086,0.0067096081588835215,0.026838432635534086,,
43,15.418679549114332,31.53515834675255,14.875201288244767,5.9447128287707995,2.9119699409554483,2.314814814814815,2.985775630703167,0.9460547504025765,0.04696725711218465,22.879763821792807,0.10735373054213634,0.0067096081588835215,0.026838432635534086,,
44,15.116747181964573,30.35426731078905,14.512882447665056,6.045356951154052,3.2004830917874396,5.964841653247451,3.126677402039721,1.0131508319914118,0.04696725711218465,20.477724100912507,0.10735373054213634,0.0067096081588835215,0.026838432635534086,,
45,14.700751476113794,30.233494363929147,14.392109500805153,6.085614600107354,3.5091250670960816,5.964841653247451,3.066290928609769,1.2412775093934514,0.04696725711218465,20.618625872249062,0.10735373054213634,0.0067096081588835215,0.026838432635534086,,
46,12.560386473429952,31.924315619967793,14.61352657004831,6.387546967257112,3.5091250670960816,5.360976918947934,3.066290928609769,1.3150831991411702,0.04696725711218465,21.07487922705314,0.10735373054213634,0.0067096081588835215,0.026838432635534086,,
47,11.43317230273752,30.441492216854535,17.954911433172303,6.273483628556092,3.8177670424047236,5.253623188405797,3.1535158346752548,1.3620504562533549,0.04696725711218465,20.12211486849168,0.10735373054213634,0.0067096081588835215,0.026838432635534086,,
48,11.366076221148685,30.334138486312398,18.10252281266774,6.387546967257112,3.8378958668813743,5.213365539452496,2.9790660225442833,1.3821792807300053,0.04696725711218465,20.034889962426195,0.19457863660762212,0.0067096081588835215,0.11406333870101985,,
49,10.789049919484702,28.535963499731615,20.061728395061728,6.5552871712292005,4.045893719806763,5.159688674181428,3.052871712292002,1.4694041867954912,0.06038647342995169,19.95437466451959,0.19457863660762212,0.0067096081588835215,0.11406333870101985,,
50,10.165056360708535,27.012882447665056,20.605206655931294,6.776704240472356,4.05931293612453,4.830917874396135,3.1736446591519054,1.4358561460010735,0.12077294685990338,21.504294149221685,0.19457863660762212,0.0067096081588835215,0.11406333870101985,,
51,9.41358024691358,24.62426194310252,23.1682769726248,6.850509930220075,4.086151368760064,4.817498658078368,3.7573805689747717,1.4626945786366077,0.12077294685990338,21.370101986044016,0.19457863660762212,0.0067096081588835215,0.1274825550187869,,
52,9.326355340848094,24.3894256575416,23.05421363392378,7.447665056360709,4.146537842190016,4.951690821256038,3.3950617283950617,1.482823403113258,0.13419216317767044,21.316425120772948,0.19457863660762212,0.0067096081588835215,0.15432098765432098,,
53,9.326355340848094,24.342458400429415,22.84621578099839,7.50805152979066,4.294149221685454,4.562533548040794,3.207192699946323,1.4492753623188406,0.13419216317767044,21.91358024691358,0.19457863660762212,0.0067096081588835215,0.2147074610842727,,
54,9.27938808373591,24.241814278046164,22.779119699409556,7.5348899624261945,4.334406870638754,4.528985507246377,3.1870638754696725,1.5163714439076759,0.16774020397208803,22.000805152979066,0.20799785292538917,0.0067096081588835215,0.2147074610842727,,
55,9.312936124530328,24.040526033279658,22.73215244229737,8.413848631239935,4.3545356951154055,4.508856682769726,3.207192699946323,1.5633387010198605,0.16774020397208803,21.24932903918411,0.20799785292538917,0.013419216317767043,0.2281266774020397,,
56,9.232420826623725,23.59098228663446,21.027911969940956,8.400429414922169,4.106280193236715,5.166398282340311,3.2474503488996245,1.6706924315619969,0.16774020397208803,22.940150295222757,0.20799785292538917,0.013419216317767043,0.2281266774020397,,
57,8.829844337090714,23.832528180354267,20.954106280193237,8.400429414922169,4.159957058507783,5.186527106816962,3.535963499731616,1.6908212560386473,0.16774020397208803,22.79253891572732,0.20799785292538917,0.013419216317767043,0.2281266774020397,,
58,7.1658615136876005,23.282340311325818,26.08695652173913,7.7831454643048845,3.69699409554482,5.22007514761138,3.2742887815351582,1.5767579173376274,0.10735373054213634,21.390230810520666,0.19457863660762212,0.0067096081588835215,0.2147074610842727,,
59,7.112184648416532,22.933440687063875,26.080246913580247,8.272946859903382,3.7104133118625873,5.226784755770263,3.2675791733762747,1.7981749865807837,0.10735373054213634,21.07487922705314,0.19457863660762212,0.0067096081588835215,0.2147074610842727,,
60,7.152442297369833,22.71202361782072,25.946054750402578,8.313204508856682,4.072732152442297,5.22007514761138,3.294417606011809,1.7847557702630166,0.10735373054213634,20.98094471282877,0.19457863660762212,0.0067096081588835215,0.2147074610842727,,
61,6.91760601180891,22.873054213633925,25.254965110037574,8.340042941492216,4.0995705850778315,6.166129898013956,3.012614063338701,1.9390767579173376,0.1274825550187869,20.78636607622115,0.2616747181964573,0.0067096081588835215,0.2147074610842727,,
62,6.561996779388084,16.297638217928075,34.27938808373591,5.522007514761138,4.086151368760064,5.676328502415459,2.536231884057971,1.8451422436929683,0.12077294685990338,22.65834675254965,0.20799785292538917,0.0067096081588835215,0.20128824476650564,,
63,6.568706387546968,16.0829307568438,33.1857219538379,5.293880837359098,4.066022544283414,5.676328502415459,2.563070316693505,1.865271068169619,0.10064412238325282,24.18142780461621,0.20799785292538917,0.0067096081588835215,0.20128824476650564,,
64,6.5485775630703165,16.089640365002683,33.07836822329576,5.730005367686527,4.03918411164788,5.676328502415459,2.61003757380569,1.8451422436929683,0.10064412238325282,23.866076221148685,0.20799785292538917,0.0067096081588835215,0.20128824476650564,,
65,6.528448738593666,16.029253891572733,32.83682232957595,6.072195383789587,4.032474503488996,5.522007514761138,2.7643585614600106,1.8451422436929683,0.10064412238325282,23.852657004830917,0.20799785292538917,0.0067096081588835215,0.20128824476650564,,
66,5.35426731078905,23.409822866344605,29.998658078368223,4.508856682769726,3.750670960815888,5.522007514761138,2.442297369833602,1.9659151905528718,0.07380568974771873,22.591250670960815,0.1878690284487386,0.0067096081588835215,0.1878690284487386,,
67,5.360976918947934,23.389694041867955,29.78395061728395,4.676596886741814,3.3279656468062266,8.769457863660762,2.4020397208803006,1.7847557702630166,0.07380568974771873,20.021470746108427,0.1878690284487386,0.03354804079441761,0.1878690284487386,,
68,4.1532474503489,24.993290391841118,29.066022544283413,4.830917874396135,3.3548040794417604,8.709071390230811,2.3752012882447664,1.8585614600107354,0.07380568974771873,20.115405260332796,0.24825550187869028,0.03354804079441761,0.1878690284487386,,
69,3.9586688137412773,31.239935587761675,27.34836285560923,4.609500805152979,2.918679549114332,6.756575415995706,1.288244766505636,1.8853998926462694,0.06038647342995169,19.57192699946323,0.2281266774020397,0.03354804079441761,0.10064412238325282,,
70,3.965378421900161,29.320987654320987,27.254428341384862,6.414385399892646,3.0059044551798175,7.004830917874396,1.288244766505636,1.9256575415995705,0.06038647342995169,19.410896403650028,0.2147074610842727,0.03354804079441761,0.10064412238325282,,
71,3.9586688137412773,29.26731078904992,26.96591519055287,6.736446591519055,3.1199677938808374,6.964573268921095,1.3486312399355878,2.086688137412775,0.06709608158883522,19.135802469135804,0.2147074610842727,0.03354804079441761,0.10064412238325282,,
72,3.9989264626945786,29.052603327965645,26.7914653784219,6.837090713902308,3.1468062265163717,6.8035426731078905,1.7176596886741815,2.1269457863660763,0.1610305958132045,19.0150295222759,0.2147074610842727,0.03354804079441761,0.10064412238325282,,
73,3.9586688137412773,29.05931293612453,26.630434782608695,6.89747718733226,3.307836822329576,6.769994632313473,1.7176596886741815,2.281266774020397,0.1610305958132045,18.84728931830381,0.23483628556092323,0.03354804079441761,0.10064412238325282,,
74,3.938539989264627,28.703703703703702,26.36876006441224,6.521739130434782,3.502415458937198,6.5552871712292005,1.583467525496511,2.3081052066559313,0.1610305958132045,19.93424584004294,0.30193236714975846,0.03354804079441761,0.08722490606548577,,
75,3.9519592055823938,28.6231884057971,26.321792807300053,6.561996779388084,3.515834675254965,6.749865807836822,1.5499194847020934,2.3349436392914655,0.1610305958132045,19.806763285024154,0.30193236714975846,0.03354804079441761,0.08722490606548577,,
76,3.9318303811057436,24.550456253354803,32.68250134192163,5.971551261406334,3.5225442834138487,6.749865807836822,1.570048309178744,2.1135265700483092,0.14761137949543746,18.411164787976382,0.2683843263553409,0.03354804079441761,0.04696725711218465,,
77,3.797638217928073,24.644390767579175,32.51476113794954,6.038647342995169,3.5426731078904994,6.743156199677939,1.6908212560386473,2.200751476113795,0.17444981213097155,18.323939881910896,0.2683843263553409,0.03354804079441761,0.026838432635534086,,
78,3.824476650563607,24.490069779924852,32.43424584004294,6.4412238325281805,3.5091250670960816,6.743156199677939,1.6908212560386473,2.2208803005904456,0.17444981213097155,18.14278046162104,0.2683843263553409,0.03354804079441761,0.026838432635534086,,
79,3.7909286097691894,24.496779388083738,32.43424584004294,6.454643048845948,3.5628019323671496,6.655931293612453,1.7042404723564144,2.254428341384863,0.17444981213097155,18.089103596349972,0.322061191626409,0.03354804079441761,0.026838432635534086,,
80,3.1870638754696725,18.59903381642512,41.19028448738594,5.649490069779925,3.4151905528717124,6.468062265163715,2.1403650026838434,2.200751476113795,0.026838432635534086,16.7337627482555,0.3153515834675255,0.03354804079441761,0.040257648953301126,,
81,3.2340311325818574,18.149490069779926,41.136607622114866,6.045356951154052,3.4621578099838968,6.400966183574879,2.200751476113795,2.200751476113795,0.026838432635534086,16.720343531937736,0.3488996242619431,0.03354804079441761,0.040257648953301126,,
82,3.2340311325818574,18.04884594739667,40.94873859366613,6.119162640901771,3.629898013955985,6.743156199677939,2.187332259796028,2.2074610842726785,0.026838432635534086,16.451959205582394,0.32877079978529256,0.03354804079441761,0.040257648953301126,,
83,3.227321524422974,18.02200751476114,40.19726247987118,6.300322061191626,3.92512077294686,6.6827697262479875,3.549382716049383,2.01959205582394,0.013419216317767043,15.646806226516372,0.32877079978529256,0.0067096081588835215,0.08051529790660225,,
84,3.207192699946323,18.00187869028449,40.103327965646805,6.347289318303811,4.032474503488996,6.615673644659152,3.5426731078904994,2.01959205582394,0.013419216317767043,15.633387010198604,0.39586688137412773,0.0067096081588835215,0.08051529790660225,,
85,3.193773483628556,17.74020397208803,39.80810520665593,6.447933440687064,4.079441760601181,7.4141170155662905,3.421900161030596,2.214170692431562,0.013419216317767043,15.197262479871176,0.3824476650563607,0.0067096081588835215,0.08051529790660225,,
86,2.818035426731079,16.23725174449812,39.69404186795491,6.387546967257112,3.8915727321524423,7.836822329575953,2.6033279656468062,2.281266774020397,0.013419216317767043,17.847557702630166,0.3153515834675255,0.0067096081588835215,0.06709608158883522,,
87,2.7979066022544283,16.056092324208265,39.31159420289855,6.702898550724638,3.824476650563607,8.467525496511003,2.677133655394525,2.2611379495437465,0.013419216317767043,17.364465915190554,0.4562533548040794,,0.06709608158883522,,
88,2.7979066022544283,16.022544283413847,39.23778851315083,6.716317767042405,3.8848631239935587,8.447396672034353,2.677133655394525,2.3081052066559313,0.013419216317767043,17.357756307031668,0.46967257112184646,,0.06709608158883522,,
89,2.7844873859366612,15.861513687600644,38.66076221148685,6.89747718733226,3.9049919484702094,8.420558239398819,3.1535158346752548,2.4825550187869028,0.013419216317767043,17.250402576489535,0.49651100375738055,0.0067096081588835215,0.06709608158883522,,
90,2.073268921095008,12.661030595813205,38.157541599570585,6.233225979602791,4.2203435319377345,8.3064949006978,3.166935050993022,2.4355877616747184,0.013419216317767043,22.19538378958669,0.46967257112184646,,0.06709608158883522,,
91,2.1403650026838434,12.587224906065487,37.94283413848631,6.159420289855072,4.139828234031133,8.460815888352121,3.4151905528717124,2.462426194310252,0.013419216317767043,22.14170692431562,0.46967257112184646,,0.06709608158883522,,
92,2.1269457863660763,12.412775093934513,37.64090177133655,6.521739130434782,4.159957058507783,8.427267847557703,3.4151905528717124,2.5966183574879227,0.05367686527106817,22.074610842726784,0.5032206119162641,,0.06709608158883522,,
93,2.13365539452496,12.305421363392378,37.31884057971015,6.763285024154589,4.1532474503489,8.474235104669887,3.44873859366613,2.623456790123457,0.05367686527106817,22.12157809983897,0.5367686527106817,,0.06709608158883522,,
94,2.147074610842727,12.285292538915728,36.9296833064949,6.89747718733226,4.5893719806763285,8.474235104669887,3.44873859366613,2.657004830917874,0.05367686527106817,21.91358024691358,0.5367686527106817,,0.06709608158883522,,
95,2.1739130434782608,11.876006441223833,36.3593666129898,6.602254428341385,4.656468062265164,8.648684916800859,3.4688674181427803,2.636876006441224,0.05367686527106817,22.805958132045088,0.630703166935051,,0.08722490606548577,,
96,2.1403650026838434,8.950617283950617,44.36392914653784,5.24020397208803,4.435050993022007,7.03166935050993,4.314278046162104,2.26784755770263,0.05367686527106817,20.538110574342458,0.5971551261406334,,0.06709608158883522,,
97,2.1269457863660763,8.950617283950617,43.974771873322595,5.374396135265701,4.676596886741814,7.03166935050993,4.341116478797638,2.26784755770263,0.05367686527106817,20.538110574342458,0.5971551261406334,,0.06709608158883522,,
98,2.1269457863660763,8.870101986044014,43.666129898013956,5.4549114331723025,5.3274288781535155,6.904186795491143,4.74369296833065,2.395330112721417,0.06709608158883522,19.73966720343532,0.5971551261406334,,0.10735373054213634,,
99,2.13365539452496,8.896940418679549,43.4044551798175,5.522007514761138,5.60252281266774,6.790123456790123,5.032206119162641,2.4490069779924855,0.06709608158883522,19.35721953837896,0.6374127750939346,,0.10735373054213634,,
100,2.13365539452496,8.80300590445518,40.01610305958132,5.5756843800322065,5.877616747181965,9.594739667203436,5.12614063338701,2.4221685453569513,0.10064412238325282,19.632313472893184,0.6374127750939346,,0.08051529790660225,,
101,2.0531400966183573,18.46484165324745,37.59393451422437,3.898282340311326,5.159688674181428,9.46725711218465,4.522275899087493,2.15378421900161,0.06038647342995169,15.96886741814278,0.6105743424584005,,0.040257648953301126,0.0067096081588835215,
102,2.0397208803005906,18.290391841116477,37.5,4.05931293612453,5.226784755770263,8.548040794417606,3.844605475040258,1.9457863660762211,0.06038647342995169,17.834138486312398,0.6038647342995169,,0.040257648953301126,0.0067096081588835215,
103,2.0531400966183573,17.894524959742352,37.27187332259796,4.51556629092861,5.4549114331723025,8.420558239398819,3.844605475040258,1.9726247987117553,0.0939345142243693,17.746913580246915,0.6843800322061192,,0.040257648953301126,0.0067096081588835215,
104,2.0531400966183573,17.753623188405797,36.99677938808374,4.871175523349437,5.528717122920021,8.360171765968868,3.8378958668813743,1.9860440150295222,0.1274825550187869,17.68652710681696,0.7514761137949544,,0.040257648953301126,0.0067096081588835215,
105,2.0799785292538915,17.69994632313473,36.89613526570049,4.891304347826087,5.542136339237788,8.293075684380032,3.898282340311326,2.15378421900161,0.15432098765432098,17.55233494363929,0.7917337627482555,,0.040257648953301126,0.0067096081588835215,
106,2.0799785292538915,17.411433172302736,36.14465915190553,4.8376274825550185,5.783682232957595,8.662104133118627,4.51556629092861,2.15378421900161,0.17444981213097155,17.404723564143854,0.8118625872249061,,0.013419216317767043,0.0067096081588835215,
107,2.120236178207193,17.404723564143854,35.581052066559316,5.287171229200215,5.924584004294149,8.628556092324208,4.51556629092861,2.13365539452496,0.20128824476650564,17.344337090713903,0.8319914117015567,,0.020128824476650563,0.0067096081588835215,
108,2.1135265700483092,17.257112184648417,36.24530327428878,5.112721417069243,5.810520665593129,8.68894256575416,4.663177670424047,2.2611379495437465,0.2147074610842727,16.740472356414386,0.8655394524959742,,0.020128824476650563,0.0067096081588835215,
109,1.9122383252818036,16.6532474503489,36.922973698336016,4.951690821256038,5.58239398819109,8.59500805152979,4.28743961352657,2.341653247450349,0.15432098765432098,17.70665593129361,0.8655394524959742,,0.020128824476650563,0.0067096081588835215,
110,1.9189479334406871,16.646537842190018,36.86929683306495,5.173107890499195,5.5689747718733225,8.59500805152979,4.28743961352657,2.428878153515835,0.15432098765432098,17.465110037573805,0.8655394524959742,,0.020128824476650563,0.0067096081588835215,
111,1.8518518518518519,16.545893719806763,35.970209339774556,5.917874396135265,5.797101449275362,8.387010198604402,4.280730005367687,2.4557165861513686,0.15432098765432098,17.733494363929147,0.8789586688137413,,0.020128824476650563,0.0067096081588835215,
112,1.8451422436929683,16.458668813741276,34.72222222222222,6.964573268921095,5.864197530864198,8.353462157809984,4.562533548040794,2.475845410628019,0.15432098765432098,17.66639828234031,0.9057971014492754,,0.020128824476650563,0.0067096081588835215,
113,1.8451422436929683,16.431830381105744,34.25925925925926,6.977992485238862,6.360708534621578,8.279656468062266,4.569243156199678,2.49597423510467,0.1878690284487386,17.64626945786366,0.9192163177670424,,0.020128824476650563,0.0067096081588835215,
114,1.6841116478797638,15.425389157273216,44.06199677938808,6.837090713902308,6.072195383789587,7.407407407407407,3.240740740740741,1.8518518518518519,0.1878690284487386,12.332259796027913,0.8789586688137413,,0.020128824476650563,,
115,1.6908212560386473,15.197262479871176,43.76677402039721,6.910896403650026,5.917874396135265,7.568438003220612,3.240740740740741,1.865271068169619,0.1878690284487386,12.754965110037574,0.8789586688137413,,0.020128824476650563,,
116,1.7042404723564144,15.063070316693505,41.84782608695652,6.91760601180891,6.347289318303811,7.776435856146001,5.072463768115942,2.073268921095008,0.2683843263553409,12.030327428878154,0.8789586688137413,,0.020128824476650563,,
117,1.7042404723564144,15.022812667740205,41.659957058507786,6.9310252281266775,6.515029522275899,7.776435856146001,5.045625335480408,2.1269457863660763,0.2885131508319914,12.030327428878154,0.8789586688137413,,0.020128824476650563,,
118,1.737788513150832,14.97584541062802,41.532474503489,6.9243156199677935,6.776704240472356,7.776435856146001,5.045625335480408,2.13365539452496,0.2885131508319914,11.896135265700483,0.8789586688137413,,0.03354804079441761,,
119,1.7176596886741815,14.814814814814815,41.243961352657,6.823671497584541,6.977992485238862,7.742887815351583,5.441492216854535,2.200751476113795,0.3153515834675255,11.808910359634996,0.8789586688137413,,0.03354804079441761,,
120,1.751207729468599,14.814814814814815,41.136607622114866,6.850509930220075,7.051798174986581,7.709339774557166,5.414653784219001,2.2410091250670963,0.3421900161030596,11.802200751476114,0.8521202361782072,,0.03354804079441761,,
121,1.7847557702630166,14.640365002683843,41.056092324208265,6.971282877079979,7.192699946323135,7.689210950080516,5.367686527106817,2.2946859903381642,0.36902844873859364,11.728395061728396,0.8521202361782072,,0.05367686527106817,,
122,1.7847557702630166,14.620236178207193,40.90848094471283,6.971282877079979,7.273215244229737,7.702630166398282,5.367686527106817,2.2946859903381642,0.36902844873859364,11.741814278046162,0.8722490606548577,,0.0939345142243693,,
123,1.7914653784219001,14.600107353730541,40.86822329575953,6.977992485238862,7.4141170155662905,7.675791733762749,5.360976918947934,2.2946859903381642,0.36902844873859364,11.681427804616211,0.8722490606548577,,0.0939345142243693,,
124,1.8048845947396672,14.51959205582394,40.80783682232958,7.078636607622115,7.4141170155662905,7.648953301127214,5.360976918947934,2.2946859903381642,0.36902844873859364,11.681427804616211,0.9259259259259259,,0.0939345142243693,,
125,1.8048845947396672,14.51959205582394,40.60654857756307,7.0450885668276975,7.440955448201825,7.601986044015029,5.60252281266774,2.4557165861513686,0.3757380568974772,11.506977992485238,0.95276435856146,,0.08722490606548577,,
126,1.8048845947396672,14.512882447665056,40.47906602254428,7.0450885668276975,7.62211486849168,7.568438003220612,5.60252281266774,2.49597423510467,0.3757380568974772,11.453301127214171,0.95276435856146,,0.08722490606548577,,
127,1.8317230273752012,14.418947933440688,39.69404186795491,7.246376811594203,7.7361782071927,8.541331186258722,5.2066559312936125,2.475845410628019,0.38915727321524424,11.406333870101985,0.9460547504025765,,0.10735373054213634,,
128,1.8183038110574343,14.378690284487385,39.512882447665056,7.37385936661299,7.763016639828234,9.728931830381105,5.421363392377885,1.9524959742351047,0.36902844873859364,10.628019323671497,0.9393451422436929,0.03354804079441761,0.08051529790660225,,
129,1.8317230273752012,14.378690284487385,39.38539989264627,7.4141170155662905,7.803274288781535,9.708803005904455,5.434782608695652,1.9726247987117553,0.38915727321524424,10.628019323671497,0.9393451422436929,0.03354804079441761,0.08051529790660225,,
130,1.8451422436929683,13.734567901234568,39.2914653784219,8.13875469672571,7.87037037037037,9.695383789586689,5.434782608695652,2.0397208803005906,0.38915727321524424,10.493827160493828,0.9393451422436929,0.04696725711218465,0.08051529790660225,,
131,1.8250134192163177,13.378958668813741,39.21765968867418,8.487654320987655,7.9039184111647875,9.66183574879227,5.488459473966721,2.0397208803005906,0.38915727321524424,10.473698336017177,1.0064412238325282,0.04696725711218465,0.08051529790660225,,
132,1.8250134192163177,13.318572195383789,38.81508319914117,8.662104133118627,8.199141170155663,9.66183574879227,5.481749865807837,2.0531400966183573,0.38915727321524424,10.46027911969941,1.0064412238325282,0.04696725711218465,0.08051529790660225,,
133,1.8250134192163177,13.170960815888352,38.70101986044015,8.923778851315083,8.185721953837897,9.997316156736447,5.481749865807837,2.006172839506173,0.4025764895330113,10.151637144390767,1.0131508319914118,0.06038647342995169,0.08051529790660225,,
134,1.7176596886741815,13.150831991411701,35.59447128287708,8.923778851315083,7.763016639828234,9.923510466988727,5.481749865807837,1.9592055823939882,0.41599570585077833,13.922436929683306,1.0064412238325282,0.06038647342995169,0.08051529790660225,,
135,1.7713365539452497,13.123993558776167,35.809178743961354,8.93719806763285,7.776435856146001,9.312936124530328,6.119162640901771,1.9927536231884058,0.322061191626409,13.714439076757918,0.9796027911969941,0.06038647342995169,0.08051529790660225,,
136,1.7847557702630166,13.050187869028449,35.527375201288244,8.93719806763285,7.803274288781535,9.312936124530328,6.561996779388084,1.9726247987117553,0.322061191626409,13.593666129898015,0.9930220075147611,0.06038647342995169,0.08051529790660225,,
137,1.7713365539452497,12.895866881374127,37.03032742887815,8.541331186258722,6.998121309715513,9.178743961352657,6.582125603864735,1.9457863660762211,0.3824476650563607,13.539989264626946,1.0064412238325282,0.06038647342995169,0.06709608158883522,,
138,1.5432098765432098,12.600644122383253,43.16961889425657,8.487654320987655,6.454643048845948,7.722758990874933,6.0654857756307035,1.8719806763285025,0.3824476650563607,10.789049919484702,0.785024154589372,0.06038647342995169,0.06709608158883522,,
139,1.556629092860977,12.573805689747719,42.592592592592595,8.82313472893183,6.716317767042405,7.729468599033816,6.286902844873859,1.8250134192163177,0.3757380568974772,10.61460010735373,0.7783145464304885,0.06038647342995169,0.06709608158883522,,
140,1.5633387010198605,12.560386473429952,40.9621578099839,10.587761674718196,6.629092860976919,7.716049382716049,6.273483628556092,1.8115942028985508,0.3757380568974772,10.560923242082662,0.7783145464304885,0.06038647342995169,0.12077294685990338,,
141,1.596886741814278,12.446323134728932,40.86822329575953,10.674986580783683,6.66935050993022,7.749597423510467,6.260064412238325,1.9592055823939882,0.41599570585077833,10.393183038110575,0.785024154589372,0.06038647342995169,0.12077294685990338,,
142,1.596886741814278,12.392646269457863,40.84138486312399,10.715244229736983,6.655931293612453,7.796564680622652,6.260064412238325,2.0397208803005906,0.41599570585077833,10.312667740203972,0.7716049382716049,0.06038647342995169,0.14090177133655393,,
143,1.583467525496511,12.211486849168008,40.25093934514224,10.95679012345679,6.769994632313473,7.75630703166935,6.696188942565755,2.073268921095008,0.4025764895330113,10.312667740203972,0.785024154589372,0.06038647342995169,0.14090177133655393,,
144,1.583467525496511,12.097423510466989,39.97584541062802,10.86285560923242,6.843800322061192,9.54777241009125,6.0654857756307035,1.865271068169619,0.38915727321524424,9.796027911969942,0.7380568974771873,0.06038647342995169,0.17444981213097155,,
145,1.6170155662909287,11.869296833064949,39.9020397208803,10.782340311325818,6.971282877079979,9.41358024691358,6.414385399892646,1.9592055823939882,0.38915727321524424,9.728931830381105,0.7380568974771873,0.06038647342995169,0.15432098765432098,,
146,1.6035963499731616,11.761943102522812,39.62023617820719,11.191626409017713,6.937734836285561,9.420289855072463,6.427804616210413,1.9592055823939882,0.38915727321524424,9.728931830381105,0.7380568974771873,0.06709608158883522,0.15432098765432098,,
147,1.6170155662909287,11.761943102522812,39.09688674181428,11.460010735373054,7.192699946323135,9.400161030595813,6.4412238325281805,1.9592055823939882,0.38915727321524424,9.708803005904455,0.7514761137949544,0.06709608158883522,0.15432098765432098,,
148,1.6304347826086956,11.285560923242082,39.00295222758991,11.305689747718732,7.179280730005368,9.386741814278047,7.266505636070853,1.9793344068706387,0.38915727321524424,9.688674181427805,0.6508319914117016,0.06709608158883522,0.16774020397208803,,
149,1.6438539989264627,11.191626409017713,38.66747181964573,11.158078368223295,7.192699946323135,9.541062801932368,7.185990338164252,1.9592055823939882,0.36902844873859364,10.272410091250672,0.5703166935050993,0.06709608158883522,0.18115942028985507,,
150,1.6304347826086956,11.057434245840042,38.29844337090714,11.218464841653248,7.306763285024155,9.25925925925926,7.461084272678476,2.254428341384863,0.38915727321524424,10.352925389157273,0.5233494363929146,0.06709608158883522,0.18115942028985507,,
151,1.6639828234031133,11.017176596886742,38.02334943639291,11.305689747718732,7.212828770799785,9.333064949006978,7.467793880837359,2.254428341384863,0.41599570585077833,10.352925389157273,0.6977992485238862,0.06709608158883522,0.1878690284487386,,
152,1.6774020397208802,10.86285560923242,37.47987117552335,11.473429951690822,7.0450885668276975,9.386741814278047,8.071658615136876,2.254428341384863,0.41599570585077833,10.379763821792807,0.6977992485238862,0.06709608158883522,0.1878690284487386,,
153,1.6908212560386473,10.84272678475577,37.265163714439076,11.714975845410628,7.092055823939882,9.333064949006978,8.071658615136876,2.24771873322598,0.41599570585077833,10.339506172839506,0.7313472893183038,0.06709608158883522,0.1878690284487386,,
154,1.7042404723564144,10.789049919484702,37.0101986044015,12.077294685990339,7.085346215780999,9.212292002147075,8.152173913043478,2.26784755770263,0.41599570585077833,10.312667740203972,0.7313472893183038,0.06709608158883522,0.17444981213097155,,
155,1.6639828234031133,10.406602254428341,34.084809447128286,11.60762211486849,9.628287707997853,9.024422973698336,6.91760601180891,2.2410091250670963,0.2952227589908749,13.197799248523886,0.7045088566827697,0.05367686527106817,0.17444981213097155,,
156,1.6706924315619969,10.393183038110575,34.05797101449275,11.480139559849706,9.675254965110037,9.004294149221685,6.937734836285561,2.2410091250670963,0.41599570585077833,13.144122383252817,0.7514761137949544,0.05367686527106817,0.17444981213097155,,
157,1.6908212560386473,10.352925389157273,33.823134728931834,11.332528180354267,9.849704777241008,9.004294149221685,7.098765432098766,2.2410091250670963,0.41599570585077833,13.18438003220612,0.7514761137949544,0.06709608158883522,0.1878690284487386,,
158,1.5901771336553945,9.923510466988727,32.870370370370374,12.104133118625873,9.930220075147611,8.756038647342995,7.575147611379496,2.214170692431562,0.41599570585077833,13.6406333870102,0.7246376811594203,0.06709608158883522,0.1878690284487386,,
159,1.5767579173376274,9.634997316156737,31.78341384863124,12.117552334943639,9.883252818035427,9.923510466988727,7.769726247987117,2.26784755770263,0.41599570585077833,13.613794954374665,0.7246376811594203,0.06709608158883522,0.2214170692431562,,
160,1.570048309178744,9.41358024691358,31.05877616747182,11.701556629092861,9.990606548577563,10.02415458937198,8.152173913043478,2.301395598497048,0.41599570585077833,14.378690284487385,0.7179280730005367,0.05367686527106817,0.2214170692431562,,
161,1.596886741814278,9.292807300053678,30.931293612453032,11.748523886205046,10.02415458937198,9.990606548577563,8.152173913043478,2.428878153515835,0.41599570585077833,14.304884594739667,0.7581857219538379,0.06709608158883522,0.2885131508319914,,
162,1.5901771336553945,9.192163177670425,30.891035963499732,11.83574879227053,9.86983360171766,9.796027911969942,8.393719806763285,2.563070316693505,0.41599570585077833,14.244498121309716,0.8387010198604401,0.08051529790660225,0.2885131508319914,,
163,1.3352120236178207,9.064680622651638,32.26650563607085,11.788781535158346,9.903381642512077,9.54777241009125,8.266237251744498,2.576489533011272,0.4025764895330113,13.613794954374665,0.8655394524959742,0.08051529790660225,0.2885131508319914,,
164,1.3352120236178207,9.064680622651638,31.870638754696724,12.13768115942029,9.91009125067096,9.460547504025765,8.420558239398819,2.576489533011272,0.41599570585077833,13.560118089103597,0.8588298443370908,0.10064412238325282,0.2885131508319914,,
165,1.3217928073000538,8.440687063875469,31.756575415995705,12.647611379495437,9.856414385399892,9.494095544820183,8.662104133118627,2.677133655394525,0.41599570585077833,13.425925925925926,0.9125067096081588,0.10064412238325282,0.2885131508319914,,
166,1.3486312399355878,8.407139023081053,31.729736983360173,12.634192163177671,9.802737520128824,9.494095544820183,8.749329039184111,2.737520128824477,0.41599570585077833,13.378958668813741,0.9125067096081588,0.10064412238325282,0.2885131508319914,,
167,1.3486312399355878,8.272946859903382,31.548577563070317,12.506709608158884,10.755501878690284,8.829844337090714,8.76274825550188,2.7979066022544283,0.5367686527106817,13.318572195383789,0.9125067096081588,0.10064412238325282,0.30864197530864196,,
168,1.3217928073000538,8.219269994632313,31.508319914117017,12.412775093934513,10.815888352120236,8.809715512614064,8.776167471819646,2.9119699409554483,0.5367686527106817,13.358829844337091,0.9125067096081588,0.10735373054213634,0.30864197530864196,,
