,45,50,52,55,53,54,51,57,56,58
0,100.0,,,,,,,,,
1,41.6532474503489,57.06521739130435,0.39586688137412773,0.8856682769726248,,,,,,
2,40.89506172839506,53.84460547504026,0.39586688137412773,4.864465915190553,,,,,,
3,39.801395598497045,54.93827160493827,0.39586688137412773,4.864465915190553,,,,,,
4,40.06977992485239,54.669887278582934,0.39586688137412773,4.864465915190553,,,,,,
5,40.29119699409554,53.65002683843264,1.1943102522812667,4.864465915190553,,,,,,
6,39.10359634997316,54.83762748255502,1.1943102522812667,4.864465915190553,,,,,,
7,39.18411164787977,53.54938271604938,1.1943102522812667,6.072195383789587,,,,,,
8,39.26462694578637,49.483360171765966,1.1808910359634996,6.166129898013956,3.7104133118625873,0.19457863660762212,,,,
9,38.29173376274826,47.32286634460547,1.8786902844873858,6.005099302200751,6.3070316693505095,0.19457863660762212,,,,
10,36.66129898013956,45.03488996242619,1.8786902844873858,5.971551261406334,10.258990874932904,0.19457863660762212,,,,
11,36.99677938808374,44.907407407407405,1.8786902844873858,5.971551261406334,10.050993022007514,0.19457863660762212,,,,
12,35.809178743961354,43.974771873322595,1.8786902844873858,5.884326355340848,10.037573805689748,0.5770263016639828,1.8384326355340848,,,
13,30.454911433172303,47.04777241009125,1.778046162104133,5.186527106816962,9.594739667203436,4.0995705850778315,1.8384326355340848,,,
14,30.69645732689211,46.85319377348363,1.751207729468599,5.186527106816962,9.574610842726784,4.0995705850778315,1.8384326355340848,,,
15,30.803811057434245,45.63875469672571,1.751207729468599,5.159688674181428,10.748792270531402,4.05931293612453,1.8384326355340848,,,
16,30.9849704777241,45.531400966183575,1.751207729468599,5.132850241545894,10.701825013419215,4.05931293612453,1.8384326355340848,,,
17,30.01207729468599,45.853462157809986,1.751207729468599,5.683038110574342,10.802469135802468,4.05931293612453,1.8384326355340848,,,
18,29.582662372517444,43.15619967793881,1.751207729468599,5.662909286097692,10.701825013419215,6.944444444444445,1.8384326355340848,0.36231884057971014,,
19,28.005904455179817,44.887278582930755,1.7310789049919484,5.5756843800322065,10.654857756307031,6.944444444444445,1.8384326355340848,0.36231884057971014,,
20,19.088835212023618,56.065485775630705,1.3754696725711217,5.481749865807837,10.59447128287708,5.226784755770263,1.8384326355340848,0.32877079978529256,,
21,17.458400429414922,49.44981213097155,1.3754696725711217,5.481749865807837,10.59447128287708,5.226784755770263,10.084541062801932,0.32877079978529256,,
22,15.774288781535159,56.52844873859367,1.1540526033279657,7.447665056360709,10.151637144390767,5.226784755770263,3.388352120236178,0.32877079978529256,,
23,15.378421900161031,55.24691358024691,1.1540526033279657,7.132313472893183,13.41250670960816,5.226784755770263,2.120236178207193,0.32877079978529256,,
24,15.465646806226516,52.200751476113794,1.3217928073000538,6.528448738593666,13.399087493290391,8.662104133118627,2.0933977455716586,0.32877079978529256,,
25,16.109769189479334,51.690821256038646,1.2949543746645196,6.501610305958132,13.325281803542673,8.655394524959743,2.0933977455716586,0.32877079978529256,,
26,16.243961352657006,49.83225979602791,1.2949543746645196,8.272946859903382,13.311862587224907,8.621846484165324,2.0933977455716586,0.32877079978529256,,
27,16.203703703703702,48.470209339774556,1.2815351583467525,8.78287707997853,13.311862587224907,9.5276435856146,2.0933977455716586,0.32877079978529256,,
28,16.029253891572733,47.89989264626946,1.2815351583467525,8.769457863660762,13.278314546430488,10.319377348362856,2.0933977455716586,0.32877079978529256,,
29,16.17686527106817,47.02093397745572,1.2748255501878691,9.05126140633387,13.251476113794954,11.137949543746645,1.7579173376274826,0.32877079978529256,,
30,14.27133655394525,48.95330112721417,1.2748255501878691,9.05126140633387,13.22463768115942,11.137949543746645,1.7579173376274826,0.32877079978529256,,
31,11.211755233494364,47.71202361782072,4.374664519592056,8.527911969940956,12.600644122383253,13.942565754159958,1.3016639828234031,0.32877079978529256,,
32,11.439881910896403,47.5979602791197,4.374664519592056,8.521202361782072,12.587224906065487,13.848631239935587,1.3016639828234031,0.32877079978529256,,
33,11.506977992485238,46.423778851315085,4.374664519592056,8.521202361782072,12.546967257112184,14.99597423510467,1.3016639828234031,0.32877079978529256,,
34,11.621041331186259,41.63311862587225,10.520665593129362,7.501341921631776,12.533548040794418,14.55984970477724,1.3016639828234031,0.32877079978529256,,
35,11.788781535158346,41.49892646269458,10.487117552334944,7.501341921631776,12.533548040794418,14.55984970477724,1.3016639828234031,0.32877079978529256,,
36,12.030327428878154,39.04320987654321,10.487117552334944,10.044283413848632,12.399355877616747,14.371980676328503,1.3016639828234031,0.322061191626409,,
37,12.097423510466989,36.64787976382179,9.326355340848094,9.534353193773484,11.621041331186259,16.069511540526033,3.0193236714975846,0.322061191626409,1.3620504562533549,
38,11.60762211486849,34.346484165324746,8.501073537305421,8.870101986044014,15.68035426731079,16.29092860976919,3.0193236714975846,0.322061191626409,1.3620504562533549,
39,11.782071926999464,34.27938808373591,8.467525496511003,8.849973161567364,15.962157809983896,15.955448201825014,3.0193236714975846,0.322061191626409,1.3620504562533549,
40,12.117552334943639,34.17203435319377,8.467525496511003,8.78287707997853,15.841384863123993,15.915190552871712,3.0193236714975846,0.322061191626409,1.3620504562533549,
41,12.359098228663447,34.09822866344606,8.467525496511003,8.78287707997853,15.83467525496511,15.76086956521739,3.0193236714975846,0.322061191626409,1.3553408480944713,
42,12.74825550187869,32.64224369296833,8.433977455716587,9.494095544820183,15.713902308105206,16.27079978529254,3.0193236714975846,0.322061191626409,1.3553408480944713,
43,12.466451959205582,29.898013955984972,7.185990338164252,12.5402576489533,15.713902308105206,16.089640365002683,4.428341384863124,0.322061191626409,1.3553408480944713,
44,12.198067632850242,29.220343531937736,8.420558239398819,12.379227053140097,14.237788513150832,16.7337627482555,5.132850241545894,0.322061191626409,1.3553408480944713,
45,12.285292538915728,27.20746108427268,8.601717659688674,12.983091787439614,13.6406333870102,18.5654857756307,5.038915727321524,0.322061191626409,1.3553408480944713,
46,12.473161567364466,27.126945786366075,8.588298443370908,12.983091787439614,13.6406333870102,18.552066559312937,5.005367686527107,0.322061191626409,1.3083735909822867,
47,12.875738056897477,26.878690284487387,8.588298443370908,12.909286097691895,13.573537305421363,18.53864734299517,5.005367686527107,0.322061191626409,1.3083735909822867,
48,13.070316693505099,26.737788513150832,8.548040794417606,12.909286097691895,13.560118089103597,18.53864734299517,5.005367686527107,0.322061191626409,1.3083735909822867,
49,13.405797101449275,26.73107890499195,8.548040794417606,12.627482555018787,13.553408480944713,18.276972624798713,5.005367686527107,0.5434782608695652,1.3083735909822867,
50,9.594739667203436,13.238056897477188,7.568438003220612,5.837359098228664,12.466451959205582,9.728931830381105,39.90874932903918,0.2147074610842727,1.442565754159957,
51,9.681964573268921,13.238056897477188,7.568438003220612,7.024959742351046,12.466451959205582,9.728931830381105,37.1309715512614,0.2147074610842727,2.945517981749866,
52,9.574610842726784,13.030059044551798,15.049651100375739,6.1929683306494905,12.466451959205582,9.722222222222221,29.87788513150832,0.33548040794417605,3.750670960815888,
53,9.863123993558776,13.01663982823403,15.01610305958132,5.870907139023081,12.385936661298981,10.050993022007514,29.716854535695116,0.33548040794417605,3.743961352657005,
54,9.648416532474503,13.667471819645733,14.922168545356952,5.857487922705314,12.332259796027913,9.876543209876543,28.287707997852927,0.33548040794417605,5.072463768115942,
55,9.286097691894794,13.20450885668277,18.10252281266774,6.052066559312936,10.990338164251208,9.037842190016104,28.287707997852927,0.12077294685990338,4.918142780461621,
56,8.561460010735374,12.164519592055823,17.465110037573805,7.521470746108427,10.279119699409554,9.024422973698336,29.944981213097154,0.12077294685990338,4.918142780461621,
57,8.333333333333334,10.352925389157273,17.45169082125604,7.481213097155126,10.225442834138486,8.55475040257649,32.588566827697264,0.12077294685990338,4.891304347826087,
58,7.98443370907139,10.19189479334407,17.70665593129361,7.461084272678476,10.21202361782072,8.527911969940956,32.90391841116479,0.12077294685990338,4.891304347826087,
59,8.165593129361245,9.816156736446592,17.183306494900698,8.051529790660226,7.494632313472893,9.380032206119163,34.896672034353195,0.12077294685990338,4.891304347826087,
60,8.709071390230811,9.782608695652174,17.411433172302736,8.011272141706923,7.467793880837359,9.366612989801396,34.252549651100374,0.12077294685990338,4.87788513150832,
61,8.581588835212024,9.151905528717123,16.881374127750938,7.98443370907139,7.159151905528717,9.359903381642512,35.91653247450349,0.12077294685990338,4.8443370907139025,
62,8.662104133118627,9.151905528717123,17.357756307031668,7.971014492753623,7.14573268921095,9.353193773483628,35.40660225442834,0.12077294685990338,4.830917874396135,
63,7.722758990874933,8.07836822329576,17.176596886741816,7.555018786902845,2.8113258185721954,8.3064949006978,43.39774557165862,0.12077294685990338,4.830917874396135,
64,8.05823939881911,8.07836822329576,17.176596886741816,7.5281803542673105,2.8113258185721954,8.3064949006978,43.12936124530327,0.12077294685990338,4.790660225442834,
65,8.293075684380032,8.07836822329576,17.07595276435856,7.5281803542673105,2.791196994095545,8.3064949006978,43.01529790660226,0.12077294685990338,4.790660225442834,
66,8.695652173913043,8.051529790660226,19.048577563070317,7.273215244229737,2.791196994095545,8.152173913043478,41.156736446591516,0.12077294685990338,4.7101449275362315,
67,8.548040794417606,7.9106280193236715,22.25577026301664,7.253086419753086,3.502415458937198,7.427536231884058,38.45276435856146,0.12077294685990338,4.528985507246377,
68,8.608427267847558,7.9106280193236715,22.249060654857757,7.253086419753086,3.502415458937198,7.39398819108964,38.45276435856146,0.12077294685990338,4.508856682769726,
69,8.896940418679549,7.742887815351583,20.833333333333332,6.702898550724638,5.9514224369296835,7.347020933977456,37.895866881374126,0.12077294685990338,4.508856682769726,
70,9.091519055287172,7.722758990874933,20.719269994632313,7.112184648416532,5.58239398819109,7.313472893183038,37.82877079978529,0.12077294685990338,4.508856682769726,
71,8.910359634997317,7.716049382716049,17.96833064949007,6.944444444444445,5.58239398819109,11.117820719269995,37.3792270531401,0.12077294685990338,4.260601180891036,
72,8.99087493290392,7.716049382716049,17.934782608695652,6.944444444444445,5.58239398819109,11.097691894793345,36.58749329039184,0.12077294685990338,5.025496511003757,
73,8.970746108427267,7.440955448201825,17.867686527106816,8.467525496511003,5.548845947396672,9.380032206119163,37.17793880837359,0.12077294685990338,5.025496511003757,
74,9.111647879763822,7.39398819108964,15.995705850778315,8.433977455716587,5.548845947396672,9.192163177670425,39.20424047235642,0.12077294685990338,4.998658078368224,
75,9.400161030595813,7.380568974771873,15.955448201825014,8.433977455716587,5.522007514761138,8.997584541062801,38.64734299516908,0.12077294685990338,5.542136339237788,
76,9.453837895866881,7.367149758454106,15.942028985507246,10.61460010735373,5.515297906602254,8.856682769726248,37.3389694041868,0.12077294685990338,4.790660225442834,
77,9.581320450885668,7.273215244229737,15.98899624261943,9.614868491680086,5.360976918947934,11.406333870101985,36.42646269457864,0.12077294685990338,4.2270531400966185,
78,9.708803005904455,7.179280730005368,15.982286634460548,9.608158883521202,5.897745571658615,10.976918947933441,36.29898013955985,0.12077294685990338,4.2270531400966185,
79,9.86983360171766,7.179280730005368,15.935319377348362,9.608158883521202,5.897745571658615,10.903113258185721,36.25872249060655,0.12077294685990338,4.2270531400966185,
80,10.205314009661835,7.14573268921095,15.962157809983896,9.943639291465379,6.649221685453569,10.648148148148149,35.0979602791197,0.12077294685990338,4.2270531400966185,
81,9.104938271604938,5.978260869565218,15.687063875469672,9.05126140633387,5.35426731078905,9.125067096081589,41.99543746645196,0.12077294685990338,3.5829307568438002,
82,9.514224369296834,5.971551261406334,15.660225442834138,9.004294149221685,5.35426731078905,9.091519055287172,41.46537842190016,0.12077294685990338,3.8177670424047236,
83,9.306226516371444,5.9514224369296835,19.07541599570585,7.7898550724637685,5.35426731078905,7.575147611379496,41.00912506709608,0.12077294685990338,3.8177670424047236,
84,9.520933977455716,5.488459473966721,19.867149758454108,7.447665056360709,4.233762748255502,9.749060654857756,39.754428341384866,0.12077294685990338,3.8177670424047236,
85,9.66183574879227,5.488459473966721,19.652442297369834,7.447665056360709,4.233762748255502,9.896672034353195,39.700751476113794,0.12077294685990338,3.797638217928073,
86,9.480676328502415,5.186527106816962,19.598765432098766,7.447665056360709,4.233762748255502,9.863123993558776,40.27106816961889,0.12077294685990338,3.797638217928073,
87,9.574610842726784,5.186527106816962,19.558507783145465,7.447665056360709,4.233762748255502,9.836285560923242,40.25764895330113,0.12077294685990338,3.784219001610306,
88,9.73564143853999,5.152979066022544,19.558507783145465,7.4141170155662905,4.233762748255502,9.836285560923242,40.163714439076756,0.12077294685990338,3.784219001610306,
89,9.91009125067096,5.132850241545894,18.867418142780462,7.4006977992485234,4.7638217928073,9.802737520128824,40.002683843263554,0.33548040794417605,3.784219001610306,
90,9.286097691894794,5.132850241545894,15.505904455179817,6.387546967257112,4.669887278582931,7.997852925389157,47.00751476113795,0.33548040794417605,3.6768652710681695,
91,9.460547504025765,5.132850241545894,15.432098765432098,6.387546967257112,4.609500805152979,7.997852925389157,46.14868491680086,0.33548040794417605,4.49543746645196,
92,9.359903381642512,4.62962962962963,15.432098765432098,6.387546967257112,7.273215244229737,7.548309178743962,45.09527643585615,0.33548040794417605,3.938539989264627,
93,9.480676328502415,4.62962962962963,14.55984970477724,7.273215244229737,7.273215244229737,7.548309178743962,44.67257112184648,0.33548040794417605,4.2270531400966185,
94,9.588030059044552,4.622920021470746,14.55984970477724,7.266505636070853,7.25979602791197,7.5348899624261945,44.60547504025765,0.33548040794417605,4.2270531400966185,
95,9.936929683306495,4.622920021470746,14.53972088030059,7.085346215780999,7.25979602791197,7.5348899624261945,44.46457326892109,0.32877079978529256,4.2270531400966185,
96,10.00402576489533,4.609500805152979,14.53972088030059,7.071926999463232,7.25979602791197,7.50805152979066,44.45115405260333,0.32877079978529256,4.2270531400966185,
97,10.178475577026301,4.609500805152979,14.512882447665056,7.051798174986581,7.25979602791197,7.440955448201825,44.39076757917338,0.32877079978529256,4.2270531400966185,
98,10.299248523886206,4.488727858293076,14.65378421900161,7.018250134192163,7.14573268921095,7.575147611379496,44.296833064949006,0.32877079978529256,4.193505099302201,
99,10.601180891035963,4.488727858293076,14.53972088030059,7.018250134192163,7.14573268921095,7.575147611379496,44.115673644659154,0.32877079978529256,4.186795491143317,
100,10.782340311325818,4.4820182501341925,14.506172839506172,6.910896403650026,7.118894256575416,7.6623725174449815,44.02173913043478,0.32877079978529256,4.186795491143317,
101,10.929951690821255,4.4820182501341925,14.392109500805153,6.910896403650026,7.118894256575416,8.360171765968868,43.67954911433172,0.32877079978529256,3.797638217928073,
102,11.077563070316694,4.4753086419753085,14.36527106816962,6.910896403650026,7.112184648416532,8.360171765968868,43.572195383789584,0.32877079978529256,3.797638217928073,
103,11.406333870101985,4.4753086419753085,14.36527106816962,7.809983896940419,7.112184648416532,8.360171765968868,42.632850241545896,0.32877079978529256,3.5091250670960816,
104,10.889694041867955,5.10601180891036,14.217659688674182,7.7831454643048845,7.011540526033279,9.353193773483628,42.11621041331186,0.32877079978529256,3.193773483628556,
105,10.963499731615673,5.10601180891036,16.304347826086957,7.742887815351583,6.977992485238862,9.326355340848094,40.083199141170155,0.32877079978529256,3.166935050993022,
106,10.836017176596886,5.0858829844337095,15.646806226516372,7.595276435856146,8.266237251744498,10.359634997316157,38.909017713365536,0.32877079978529256,2.9723564143853998,
107,11.07085346215781,5.0858829844337095,15.546162104133119,8.55475040257649,8.172302737520129,10.352925389157273,37.915995705850776,0.32877079978529256,2.9723564143853998,
108,11.158078368223295,5.01207729468599,15.519323671497585,8.55475040257649,9.198872785829307,10.326086956521738,37.62748255501879,0.32877079978529256,2.2745571658615136,
109,11.265432098765432,4.99194847020934,15.311325818572195,8.55475040257649,9.198872785829307,10.46027911969941,37.19135802469136,0.32877079978529256,2.6972624798711755,
110,11.245303274288782,4.99194847020934,15.311325818572195,8.527911969940956,9.198872785829307,10.46027911969941,36.540526033279654,0.32877079978529256,3.3950617283950617,
111,11.372785829307569,4.918142780461621,14.687332259796028,9.406870638754697,9.648416532474503,10.44015029522276,36.030595813204506,0.32877079978529256,3.166935050993022,
112,11.668008588298443,4.757112184648417,14.593397745571659,9.728931830381105,9.628287707997853,10.44015029522276,35.57434245840043,0.32877079978529256,3.280998389694042,
113,11.56736446591519,4.757112184648417,13.969404186795492,9.708803005904455,9.628287707997853,10.426731078904991,35.72866344605475,0.32877079978529256,3.8848631239935587,
114,11.714975845410628,4.757112184648417,13.788244766505636,9.708803005904455,9.265968867418144,10.896403650026839,35.35963499731616,0.32877079978529256,4.180085882984434,
115,11.862587224906065,4.757112184648417,13.761406333870102,9.66183574879227,9.252549651100376,10.869565217391305,35.32608695652174,0.32877079978529256,4.180085882984434,
116,11.77536231884058,4.30756843800322,13.22463768115942,9.447128287707997,9.614868491680086,10.809178743961352,36.312399355877616,0.32877079978529256,4.180085882984434,
117,10.540794417606012,3.7573805689747717,21.786097691894792,7.648953301127214,9.245840042941492,10.21202361782072,32.420826623725176,0.32877079978529256,4.05931293612453,
118,10.923242082662373,3.7573805689747717,20.94068706387547,7.648953301127214,9.219001610305957,10.802469135802468,32.32018250134192,0.32877079978529256,4.05931293612453,
119,11.084272678475577,3.7573805689747717,20.86688137412775,7.648953301127214,9.219001610305957,10.802469135802468,32.27321524422974,0.32877079978529256,4.019055287171229,
120,11.332528180354267,3.7037037037037037,20.813204508856682,7.823403113258186,9.185453569511541,10.581052066559312,32.21282877079979,0.32877079978529256,4.019055287171229,
121,11.466720343531938,3.7037037037037037,20.7662372517445,7.823403113258186,9.151905528717123,10.560923242082662,32.17928073000537,0.32877079978529256,4.019055287171229,
122,11.81561996779388,3.7037037037037037,20.75281803542673,7.823403113258186,9.084809447128288,10.560923242082662,31.964573268921097,0.32877079978529256,3.965378421900161,
123,11.77536231884058,3.6634460547504024,21.007783145464305,7.823403113258186,9.05126140633387,10.695115405260333,31.843800322061192,0.32877079978529256,3.81105743424584,
124,11.627750939345143,3.6634460547504024,23.087761674718198,6.018518518518518,9.05126140633387,10.654857756307031,31.78341384863124,0.32877079978529256,3.784219001610306,
125,11.305689747718732,3.421900161030596,23.05421363392378,5.971551261406334,10.950080515297907,9.708803005904455,31.4747718733226,0.32877079978529256,3.784219001610306,
126,11.560654857756306,3.408480944712829,23.03408480944713,5.971551261406334,10.84272678475577,9.634997316156737,31.447933440687063,0.32877079978529256,3.770799785292539,
127,11.681427804616211,3.4017713365539453,23.03408480944713,5.971551261406334,10.829307568438002,9.608158883521202,31.374127750939344,0.32877079978529256,3.770799785292539,
128,11.829039184111648,3.4017713365539453,22.550993022007514,5.958132045088567,10.795759527643586,10.030864197530864,31.34728931830381,0.32877079978529256,3.7573805689747717,
129,11.54723564143854,3.3145464304884595,22.436929683306495,5.958132045088567,10.064412238325282,13.358829844337091,29.274020397208805,0.30864197530864196,3.7372517444981215,
130,11.594202898550725,3.3011272141706924,22.436929683306495,5.938003220611916,10.064412238325282,13.358829844337091,29.260601180891037,0.30864197530864196,3.7372517444981215,
131,11.480139559849706,3.3011272141706924,22.725442834138487,6.421095008051529,10.044283413848632,13.325281803542673,28.743961352657006,0.2214170692431562,3.7372517444981215,
132,11.52710681696189,3.0864197530864197,22.6784755770263,7.367149758454106,9.98389694041868,13.291733762748256,28.35480407944176,0.2214170692431562,3.488996242619431,
133,11.641170155662909,3.0864197530864197,22.6784755770263,7.353730542136339,9.98389694041868,13.291733762748256,28.267579173376276,0.2214170692431562,3.475577026301664,
134,11.936392914653783,3.0864197530864197,22.604669887278583,7.300053676865271,9.970477724100913,13.211218464841654,28.193773483628558,0.2214170692431562,3.475577026301664,
135,12.077294685990339,3.079710144927536,22.530864197530864,7.575147611379496,9.970477724100913,13.123993558776167,27.945517981749866,0.2214170692431562,3.475577026301664,
136,12.466451959205582,2.885131508319914,21.886741814278047,7.561728395061729,10.534084809447128,13.063607085346217,27.905260332796566,0.2214170692431562,3.475577026301664,
137,12.734836285560924,2.8650026838432634,21.806226516371442,7.494632313472893,10.534084809447128,13.050187869028449,27.85829307568438,0.2214170692431562,3.435319377348363,
138,12.909286097691895,2.8515834675254963,21.73913043478261,7.467793880837359,10.527375201288244,13.050187869028449,27.79790660225443,0.2214170692431562,3.435319377348363,
139,13.238056897477188,2.8381642512077296,21.70558239398819,7.467793880837359,10.513955984970478,13.043478260869565,27.569779924852387,0.1878690284487386,3.435319377348363,
140,11.916264090177133,2.6502952227589907,23.396403650026837,7.105475040257649,16.888083735909824,13.358829844337091,21.806226516371442,0.1878690284487386,2.690552871712292,
141,11.976650563607086,2.6502952227589907,23.295759527643586,7.098765432098766,16.961889425657542,13.331991411701557,21.806226516371442,0.1878690284487386,2.690552871712292,
142,12.130971551261407,2.6502952227589907,23.121309715512613,7.098765432098766,17.028985507246375,13.305152979066023,21.786097691894792,0.1878690284487386,2.690552871712292,
143,12.258454106280194,2.6502952227589907,23.05421363392378,7.098765432098766,17.028985507246375,13.258185721953838,21.77938808373591,0.1878690284487386,2.6838432635534084,
144,12.372517444981213,2.6502952227589907,23.020665593129362,7.071926999463232,17.028985507246375,13.123993558776167,21.72571121846484,0.1878690284487386,2.657004830917874,0.1610305958132045
145,12.808641975308642,2.61003757380569,23.00053676865271,7.071926999463232,16.881374127750938,13.036768652710682,21.584809447128286,0.1878690284487386,2.657004830917874,0.1610305958132045
146,12.93612453032743,2.61003757380569,22.966988727858293,7.071926999463232,16.847826086956523,13.01663982823403,21.544551798174986,0.1878690284487386,2.657004830917874,0.1610305958132045
147,13.030059044551798,2.61003757380569,22.946859903381643,7.071926999463232,16.847826086956523,12.989801395598498,21.497584541062803,0.1878690284487386,2.657004830917874,0.1610305958132045
148,13.043478260869565,2.61003757380569,22.933440687063875,7.071926999463232,16.82769726247987,12.989801395598498,21.38352120236178,0.1878690284487386,2.791196994095545,0.1610305958132045
149,12.989801395598498,2.5697799248523885,22.913311862587225,7.051798174986581,16.78743961352657,11.325818572195384,23.242082662372518,0.1878690284487386,2.7777777777777777,0.15432098765432098
150,13.070316693505099,2.4825550187869028,22.899892646269457,7.1725711218464845,16.72705314009662,11.312399355877616,23.22866344605475,0.1878690284487386,2.7643585614600106,0.15432098765432098
151,13.070316693505099,2.4691358024691357,22.879763821792807,7.1725711218464845,13.761406333870102,11.211755233494364,26.39559849704777,0.1878690284487386,2.703972088030059,0.14761137949543746
152,13.33870101986044,2.059849704777241,23.14814814814815,7.018250134192163,13.593666129898015,11.104401502952227,26.69753086419753,0.1878690284487386,2.703972088030059,0.14761137949543746
153,13.647342995169081,2.059849704777241,23.13472893183038,7.018250134192163,13.519860440150294,10.970209339774557,26.610305958132045,0.1878690284487386,2.703972088030059,0.14761137949543746
154,13.439345142243694,1.9927536231884058,23.95330112721417,6.823671497584541,13.459473966720344,10.312667740203972,26.570048309178745,0.5971551261406334,2.703972088030059,0.14761137949543746
155,13.647342995169081,1.9927536231884058,23.906333870101985,6.810252281266774,13.425925925925926,10.312667740203972,26.476113794954376,0.5770263016639828,2.703972088030059,0.14761137949543746
156,13.821792807300053,1.9927536231884058,24.00697799248524,6.582125603864735,13.365539452495975,10.527375201288244,26.362050456253353,0.5770263016639828,2.6167471819645733,0.14761137949543746
157,14.016371443907676,1.9927536231884058,24.00697799248524,6.582125603864735,13.358829844337091,10.520665593129362,26.207729468599034,0.5770263016639828,2.589908749329039,0.14761137949543746
158,14.070048309178745,1.9927536231884058,24.00697799248524,6.582125603864735,13.358829844337091,10.50053676865271,26.174181427804616,0.5770263016639828,2.589908749329039,0.14761137949543746
159,14.11701556629093,1.9927536231884058,23.980139559849704,6.582125603864735,13.526570048309178,10.399892646269459,26.08695652173913,0.5770263016639828,2.589908749329039,0.14761137949543746
160,14.318303811057435,1.9927536231884058,23.886205045625335,6.582125603864735,13.493022007514762,10.359634997316157,26.053408480944714,0.5770263016639828,2.589908749329039,0.14761137949543746
161,14.472624798711756,1.9927536231884058,23.8191089640365,6.582125603864735,13.479602791196994,10.332796564680622,26.006441223832528,0.5770263016639828,2.589908749329039,0.14761137949543746
162,14.694041867954912,1.9927536231884058,23.678207192699947,6.582125603864735,13.45276435856146,10.305958132045088,25.979602791196996,0.5770263016639828,2.589908749329039,0.14761137949543746
163,14.741009125067096,1.9927536231884058,23.678207192699947,6.582125603864735,13.446054750402576,10.279119699409554,25.97289318303811,0.5770263016639828,2.5831991411701556,0.14761137949543746
164,14.868491680085883,1.9927536231884058,23.617820719269993,6.582125603864735,13.446054750402576,10.272410091250672,25.91250670960816,0.5770263016639828,2.5831991411701556,0.14761137949543746
165,15.002683843263553,1.9927536231884058,24.44310252281267,6.837090713902308,12.983091787439614,9.749060654857756,25.704508856682768,0.5703166935050993,2.5697799248523885,0.14761137949543746
166,15.136876006441224,1.9927536231884058,24.335748792270532,6.837090713902308,12.983091787439614,9.749060654857756,25.684380032206118,0.5703166935050993,2.563070316693505,0.14761137949543746
167,15.371712292002147,1.9860440150295222,24.288781535158346,6.823671497584541,12.895866881374127,9.688674181427805,25.677670424047236,0.5703166935050993,2.5496511003757383,0.14761137949543746
168,15.4723564143854,1.9860440150295222,23.866076221148685,7.5281803542673105,12.875738056897477,9.688674181427805,25.315351583467525,0.5703166935050993,2.5496511003757383,0.14761137949543746
169,15.438808373590982,1.9860440150295222,23.403113258185723,7.5281803542673105,13.526570048309178,9.648416532474503,24.92619431025228,0.5703166935050993,2.8247450348899625,0.14761137949543746
170,15.619967793880837,1.8451422436929683,23.329307568438004,7.722758990874933,13.43263553408481,9.621578099838969,24.88593666129898,0.5703166935050993,2.8247450348899625,0.14761137949543746
171,15.599838969404187,1.8451422436929683,23.14814814814815,7.595276435856146,13.22463768115942,9.621578099838969,25.42270531400966,0.5703166935050993,2.8247450348899625,0.14761137949543746
172,15.801127214170693,1.8451422436929683,23.121309715512613,7.568438003220612,13.211218464841654,9.554482018250134,25.355609232420825,0.5703166935050993,2.8247450348899625,0.14761137949543746
173,15.962157809983896,1.8451422436929683,23.10789049919485,7.541599570585078,13.09044551798175,10.037573805689748,24.932903918411164,0.5703166935050993,2.7643585614600106,0.14761137949543746
174,15.821256038647343,1.8183038110574343,23.10789049919485,6.776704240472356,15.391841116478798,9.950348899624261,23.946591519055286,0.5703166935050993,2.4691358024691357,0.14761137949543746
175,15.874932903918411,1.8183038110574343,23.087761674718198,6.776704240472356,15.861513687600644,9.936929683306495,23.49033816425121,0.5501878690284487,2.4557165861513686,0.14761137949543746
176,16.384863123993558,1.751207729468599,23.040794417606012,6.763285024154589,15.573000536768653,9.842995169082126,23.349436392914654,0.5367686527106817,2.61003757380569,0.14761137949543746
177,16.485507246376812,1.751207729468599,22.993827160493826,6.756575415995706,15.546162104133119,9.836285560923242,23.336017176596886,0.5367686527106817,2.61003757380569,0.14761137949543746
178,16.297638217928075,1.751207729468599,22.98040794417606,6.649221685453569,15.53274288781535,10.547504025764896,23.067632850241544,0.5367686527106817,2.4892646269457863,0.14761137949543746
179,16.512345679012345,1.751207729468599,22.75228126677402,6.602254428341385,15.13016639828234,11.694847020933977,22.16183574879227,0.5032206119162641,2.7442297369833604,0.14761137949543746
180,16.545893719806763,1.751207729468599,22.6784755770263,6.602254428341385,15.22410091250671,11.674718196457327,22.128287707997853,0.5032206119162641,2.7442297369833604,0.14761137949543746
181,16.6129898013956,1.751207729468599,22.6784755770263,6.582125603864735,15.22410091250671,11.674718196457327,22.08132045088567,0.5032206119162641,2.7442297369833604,0.14761137949543746
182,17.05582393988191,1.751207729468599,22.470477724100913,6.535158346752549,15.096618357487923,11.668008588298443,22.0276435856146,0.5032206119162641,2.7442297369833604,0.14761137949543746
183,17.250402576489535,1.724369296833065,22.33628556092324,6.535158346752549,15.11003757380569,11.647879763821793,22.000805152979066,0.5032206119162641,2.7442297369833604,0.14761137949543746
184,17.223564143854,1.724369296833065,22.289318303811058,6.468062265163715,15.11003757380569,11.788781535158346,22.000805152979066,0.5032206119162641,2.7442297369833604,0.14761137949543746
185,17.907944176060116,1.6505636070853462,22.52415458937198,6.468062265163715,14.821524422973699,11.75523349436393,21.504294149221685,0.47638217928073,2.7442297369833604,0.14761137949543746
186,18.230005367686527,1.6505636070853462,23.17498658078368,6.608964036500268,14.103596349973161,11.553945249597424,21.309715512614062,0.47638217928073,2.7442297369833604,0.14761137949543746
187,18.344068706387546,1.6505636070853462,23.15485775630703,6.608964036500268,14.090177133655395,11.54723564143854,21.256038647342994,0.47638217928073,2.7241009125067097,0.14761137949543746
188,18.51851851851852,1.6505636070853462,23.040794417606012,6.595544820182502,14.090177133655395,11.54723564143854,21.20907139023081,0.47638217928073,2.7241009125067097,0.14761137949543746
189,18.98148148148148,1.6237251744498122,22.69189479334407,6.595544820182502,14.076757917337627,11.506977992485238,21.175523349436393,0.47638217928073,2.7241009125067097,0.14761137949543746
190,19.176060118089104,1.6237251744498122,22.86634460547504,6.582125603864735,13.841921631776705,11.41304347826087,20.551529790660226,0.4227053140096618,3.374932903918411,0.14761137949543746
191,19.6256038647343,1.6237251744498122,22.832796564680624,6.541867954911433,13.821792807300053,11.379495437466453,20.229468599033815,0.4227053140096618,3.374932903918411,0.14761137949543746
192,19.659151905528716,1.6237251744498122,20.94068706387547,6.541867954911433,15.76086956521739,12.338969404186795,19.28341384863124,0.4227053140096618,3.374932903918411,0.05367686527106817
193,20.021470746108427,1.6237251744498122,20.860171765968868,6.515029522275899,15.68035426731079,12.31213097155126,19.209608158883523,0.4227053140096618,3.3011272141706924,0.05367686527106817
194,20.128824476650564,1.6237251744498122,20.8064949006978,6.488191089640365,15.68035426731079,12.31213097155126,19.182769726247987,0.4227053140096618,3.3011272141706924,0.05367686527106817
195,20.2361782071927,1.6237251744498122,20.79307568438003,6.488191089640365,15.626677402039721,12.298711755233494,19.155931293612454,0.4227053140096618,3.3011272141706924,0.05367686527106817
196,20.50456253354804,1.6237251744498122,20.605206655931294,6.474771873322598,15.626677402039721,12.27187332259796,19.11567364465915,0.4227053140096618,3.3011272141706924,0.05367686527106817
197,20.571658615136876,1.6237251744498122,20.558239398819108,6.474771873322598,15.626677402039721,12.27187332259796,19.102254428341386,0.41599570585077833,3.3011272141706924,0.05367686527106817
198,20.12211486849168,1.6103059581320451,22.228931830381107,6.387546967257112,15.619967793880837,11.29898013955985,19.068706387546968,0.41599570585077833,3.193773483628556,0.05367686527106817
199,20.04830917874396,1.6103059581320451,21.598228663446054,6.387546967257112,15.458937198067632,12.204777241009126,19.028448738593667,0.41599570585077833,3.193773483628556,0.05367686527106817
200,20.336822329575952,1.6103059581320451,21.557971014492754,6.253354804079442,15.425389157273216,12.204777241009126,18.947933440687063,0.41599570585077833,3.193773483628556,0.05367686527106817
201,20.30998389694042,1.6103059581320451,21.18894256575416,6.629092860976919,15.5126140633387,12.198067632850242,18.90096618357488,0.41599570585077833,3.180354267310789,0.05367686527106817
202,20.115405260332796,1.6103059581320451,21.16881374127751,7.212828770799785,15.49248523886205,12.090713902308105,18.800322061191626,0.41599570585077833,3.0394524959742353,0.05367686527106817
203,20.29656468062265,1.6103059581320451,21.07487922705314,7.212828770799785,15.4723564143854,12.02361782071927,18.800322061191626,0.41599570585077833,3.0394524959742353,0.05367686527106817
204,20.437466451959207,1.6103059581320451,21.07487922705314,7.092055823939882,15.45222758990875,12.02361782071927,18.800322061191626,0.41599570585077833,3.0394524959742353,0.05367686527106817
205,20.511272141706925,1.6103059581320451,21.048040794417606,7.092055823939882,15.425389157273216,12.016908212560386,18.78690284487386,0.41599570585077833,3.0394524959742353,0.05367686527106817
206,20.74610842726785,1.596886741814278,20.913848631239937,7.092055823939882,15.391841116478798,11.996779388083736,18.753354804079443,0.41599570585077833,3.0394524959742353,0.05367686527106817
207,20.8467525496511,1.596886741814278,20.8870101986044,7.092055823939882,15.391841116478798,11.98336017176597,18.706387546967257,0.4025764895330113,3.0394524959742353,0.05367686527106817
208,20.840042941492218,1.596886741814278,20.74610842726785,7.092055823939882,15.539452495974235,12.218196457326892,18.679549114331724,0.35560923242082665,2.8784219001610305,0.05367686527106817
209,21.22920021470746,1.596886741814278,20.471014492753625,7.004830917874396,15.60654857756307,12.184648416532475,18.63929146537842,0.35560923242082665,2.85829307568438,0.05367686527106817
210,21.068169618894256,1.596886741814278,20.323403113258184,7.004830917874396,16.626409017713364,11.574074074074074,18.53864734299517,0.35560923242082665,2.85829307568438,0.05367686527106817
211,21.175523349436393,1.596886741814278,20.323403113258184,6.998121309715513,16.57944176060118,11.520397208803006,18.53864734299517,0.35560923242082665,2.85829307568438,0.05367686527106817
212,21.470746108427267,1.596886741814278,20.263016639828233,6.984702093397746,16.465378421900162,11.41304347826087,18.53864734299517,0.35560923242082665,2.85829307568438,0.05367686527106817
213,21.55126140633387,1.596886741814278,20.21604938271605,6.964573268921095,16.465378421900162,11.41304347826087,18.5252281266774,0.35560923242082665,2.85829307568438,0.05367686527106817
214,21.604938271604937,1.596886741814278,20.169082125603865,6.964573268921095,16.458668813741276,11.41304347826087,18.5252281266774,0.35560923242082665,2.85829307568438,0.05367686527106817
215,21.651905528717123,1.5901771336553945,20.148953301127214,6.964573268921095,16.458668813741276,11.392914653784219,18.5252281266774,0.35560923242082665,2.85829307568438,0.05367686527106817
216,21.74584004294149,1.5901771336553945,20.12211486849168,6.944444444444445,16.485507246376812,11.3593666129898,18.491680085882983,0.35560923242082665,2.8515834675254963,0.05367686527106817
217,21.85990338164251,1.5901771336553945,20.12211486849168,6.944444444444445,16.438539989264626,11.292270531400966,18.491680085882983,0.35560923242082665,2.8515834675254963,0.05367686527106817
218,22.061191626409016,1.5901771336553945,20.034889962426195,6.910896403650026,16.391572732152444,11.292270531400966,18.45813204508857,0.35560923242082665,2.8515834675254963,0.05367686527106817
219,22.15512614063339,1.5901771336553945,20.014761137949545,6.837090713902308,16.391572732152444,11.292270531400966,18.45813204508857,0.35560923242082665,2.8515834675254963,0.05367686527106817
220,22.041062801932366,1.5901771336553945,19.692699946323135,6.837090713902308,16.33118625872249,11.292270531400966,18.451422436929683,0.35560923242082665,3.3548040794417604,0.05367686527106817
221,21.85990338164251,1.5901771336553945,19.51154052603328,7.521470746108427,16.25067096081589,11.225174449812132,18.276972624798713,0.35560923242082665,3.3548040794417604,0.05367686527106817
222,22.23564143853999,1.5901771336553945,19.404186795491142,7.521470746108427,16.23725174449812,11.057434245840042,18.189747718733226,0.35560923242082665,3.3548040794417604,0.05367686527106817
223,22.61808910359635,1.5499194847020934,19.404186795491142,7.521470746108427,16.183574879227052,10.829307568438002,18.129361245303276,0.35560923242082665,3.3548040794417604,0.05367686527106817
224,22.63150831991412,1.5499194847020934,19.81347289318304,7.514761137949543,15.98899624261943,10.38647342995169,18.00187869028449,0.3488996242619431,3.7104133118625873,0.05367686527106817
225,22.63150831991412,1.5499194847020934,19.81347289318304,7.514761137949543,15.98899624261943,10.38647342995169,18.00187869028449,0.3488996242619431,3.7104133118625873,0.05367686527106817
226,22.685185185185187,1.482823403113258,20.04830917874396,7.494632313472893,15.955448201825014,10.352925389157273,17.8743961352657,0.3488996242619431,3.7037037037037037,0.05367686527106817
227,22.75228126677402,1.482823403113258,20.034889962426195,7.454374664519592,15.955448201825014,10.352925389157273,17.860976918947934,0.3488996242619431,3.7037037037037037,0.05367686527106817
228,22.832796564680624,1.482823403113258,20.034889962426195,7.454374664519592,15.915190552871712,10.312667740203972,17.860976918947934,0.3488996242619431,3.7037037037037037,0.05367686527106817
229,22.886473429951693,1.482823403113258,20.02818035426731,7.454374664519592,15.901771336553946,10.312667740203972,17.827428878153516,0.3488996242619431,3.7037037037037037,0.05367686527106817
230,23.329307568438004,1.4626945786366077,19.85373054213634,7.340311325818572,15.868223295759528,10.279119699409554,17.76033279656468,0.3488996242619431,3.7037037037037037,0.05367686527106817
231,23.463499731615673,1.4559849704777241,19.826892109500804,7.320182501341922,15.854804079441761,10.272410091250672,17.69994632313473,0.3488996242619431,3.7037037037037037,0.05367686527106817
