,45,50,54,51,55,52,53,56,58,57,60
0,99.69135802469135,0.30864197530864196,,,,,,,,,
1,99.51019860440151,0.48980139559849706,,,,,,,,,
2,99.12104133118626,0.8789586688137413,,,,,,,,,
3,88.26489533011272,11.735104669887278,,,,,,,,,
4,88.28502415458937,11.647879763821793,0.06709608158883522,,,,,,,,
5,86.46001073537306,13.298443370907139,0.06709608158883522,0.17444981213097155,,,,,,,
6,86.3996242619431,13.238056897477188,0.06709608158883522,0.17444981213097155,0.12077294685990338,,,,,,
7,86.03059581320451,13.613794954374665,0.06709608158883522,0.16774020397208803,0.12077294685990338,,,,,,
8,85.15163714439076,14.492753623188406,0.06709608158883522,0.16774020397208803,0.12077294685990338,,,,,,
9,84.66183574879227,14.982555018786902,0.06709608158883522,0.16774020397208803,0.12077294685990338,,,,,,
10,84.21900161030595,15.425389157273216,0.06709608158883522,0.16774020397208803,0.12077294685990338,,,,,,
11,83.97745571658615,15.666935050993022,0.06709608158883522,0.16774020397208803,0.12077294685990338,,,,,,
12,83.27965646806227,16.364734299516908,0.06709608158883522,0.16774020397208803,0.12077294685990338,,,,,,
13,79.03918411164788,20.79307568438003,0.06709608158883522,,0.10064412238325282,,,,,,
14,69.14922168545357,30.401234567901234,0.06709608158883522,,0.3153515834675255,0.06709608158883522,,,,,
15,61.83574879227053,37.60064412238325,0.06709608158883522,0.11406333870101985,0.3153515834675255,0.06709608158883522,,,,,
16,61.77536231884058,37.453032742887814,0.06038647342995169,0.2616747181964573,0.3824476650563607,0.06709608158883522,,,,,
17,61.81561996779388,37.4194847020934,0.06038647342995169,0.2616747181964573,0.3757380568974772,0.06709608158883522,,,,,
18,61.82903918411165,37.13768115942029,0.06038647342995169,0.2549651100375738,0.5032206119162641,0.2147074610842727,,,,,
19,60.57434245840043,34.99060654857756,0.06038647342995169,0.2549651100375738,0.5032206119162641,3.616478797638218,,,,,
20,60.53408480944713,35.04428341384863,0.06038647342995169,0.2549651100375738,0.49651100375738055,3.6097691894793345,,,,,
21,60.76221148684917,34.86983360171766,0.05367686527106817,0.2549651100375738,0.49651100375738055,3.5628019323671496,,,,,
22,58.675523349436396,36.39291465378422,0.05367686527106817,0.2281266774020397,1.1003757380568975,3.549382716049383,,,,,
23,54.44176060118089,41.55931293612453,0.05367686527106817,0.11406333870101985,1.288244766505636,2.5429414922168547,,,,,
24,54.53569511540526,41.156736446591516,0.05367686527106817,0.11406333870101985,1.288244766505636,2.509393451422437,0.3421900161030596,,,,
25,45.169082125603865,51.21443907675792,,0.11406333870101985,1.1205045625335481,2.38191089640365,,,,,
26,45.269726247987116,51.019860440150296,,0.2549651100375738,1.107085346215781,2.3483628556092326,,,,,
27,45.33682232957595,50.40257648953301,0.2616747181964573,0.2549651100375738,1.5230810520665594,2.2208803005904456,,,,,
28,45.390499194847024,50.24825550187869,0.2616747181964573,0.2549651100375738,1.6237251744498122,2.2208803005904456,,,,,
29,45.01476113794954,50.053676865271065,0.3757380568974772,0.2549651100375738,1.6572732152442298,2.4825550187869028,0.1610305958132045,,,,
30,41.59286097691895,53.97208803005905,0.2616747181964573,,1.5767579173376274,2.2879763821792807,0.30864197530864196,,,,
31,41.680085882984436,53.77079978529254,0.2616747181964573,,1.724369296833065,2.254428341384863,0.30864197530864196,,,,
32,38.32528180354267,56.998121309715515,0.2616747181964573,,2.0128824476650564,2.254428341384863,0.14761137949543746,,,,
33,38.459473966720346,56.57541599570585,0.2616747181964573,,2.3215244229736984,2.2342995169082127,0.14761137949543746,,,,
34,37.25845410628019,51.59688674181428,0.49651100375738055,,2.0531400966183573,2.1135265700483092,6.481481481481482,,,,
35,37.466451959205585,50.214707461084274,0.49651100375738055,,3.3279656468062266,2.086688137412775,6.407675791733762,,,,
36,37.5,49.946323134728935,0.49651100375738055,,3.5628019323671496,2.086688137412775,6.407675791733762,,,,
37,36.07085346215781,48.72517444981213,0.49651100375738055,2.623456790123457,3.4286097691894795,2.086688137412775,6.568706387546968,,,,
38,36.3191089640365,48.52388620504563,0.49651100375738055,2.623456790123457,3.5225442834138487,2.086688137412775,6.427804616210413,,,,
39,35.68840579710145,49.20155662909286,0.49651100375738055,2.623456790123457,3.5225442834138487,2.073268921095008,6.394256575415996,,,,
40,35.601180891035966,48.812399355877616,0.49651100375738055,2.623456790123457,3.7104133118625873,2.0665593129361244,6.689479334406871,,,,
41,35.789049919484704,47.68518518518518,0.49651100375738055,2.690552871712292,4.38137412775094,2.0665593129361244,6.890767579173376,,,,
42,35.75550187869028,47.638217928073,0.49651100375738055,2.6167471819645733,4.374664519592056,2.0665593129361244,7.051798174986581,,,,
43,35.90311325818572,45.67230273752013,3.81105743424584,2.6167471819645733,2.945517981749866,2.046430488459474,7.004830917874396,,,,
44,35.950080515297905,45.551529790660226,3.784219001610306,2.6838432635534084,2.9388083735909825,2.046430488459474,6.984702093397746,0.06038647342995169,,,
45,36.18491680085883,45.1959205582394,3.556092324208266,2.6502952227589907,3.1468062265163717,1.9592055823939882,6.957863660762212,0.14761137949543746,0.20128824476650564,,
46,36.06414385399893,45.37707997852925,3.5292538915727323,2.6502952227589907,3.113258185721954,1.9592055823939882,6.957863660762212,0.14761137949543746,0.20128824476650564,,
47,36.10440150295223,45.02147074610843,3.502415458937198,2.6502952227589907,3.3145464304884595,1.9592055823939882,7.098765432098766,0.14761137949543746,0.20128824476650564,,
48,36.25872249060655,44.6256038647343,3.8311862587224907,2.6502952227589907,3.2541599570585076,1.932367149758454,7.098765432098766,0.14761137949543746,0.20128824476650564,,
49,36.090982286634464,44.337090713902306,3.9855072463768115,2.5295222758990876,3.7573805689747717,1.8988191089640365,6.796833064949007,0.14761137949543746,0.4562533548040794,,
50,36.07756307031669,44.20289855072464,3.9855072463768115,2.804616210413312,3.7573805689747717,1.8786902844873858,6.689479334406871,0.14761137949543746,0.4562533548040794,,
51,35.92324208266237,43.31052066559313,4.26731078904992,2.804616210413312,4.53569511540526,1.8786902844873858,6.689479334406871,0.14761137949543746,0.4428341384863124,,
52,36.02388620504563,43.23671497584541,4.26731078904992,2.804616210413312,4.528985507246377,1.8719806763285025,6.6760601180891035,0.14761137949543746,0.4428341384863124,,
53,35.95679012345679,43.16961889425657,4.555823939881911,2.804616210413312,4.488727858293076,1.8719806763285025,6.561996779388084,0.14761137949543746,0.4428341384863124,,
54,36.111111111111114,43.02871712292002,4.555823939881911,2.7844873859366612,4.461889425657541,1.8585614600107354,6.608964036500268,0.14761137949543746,0.4428341384863124,,
55,36.15807836822329,42.914653784219,4.62962962962963,2.7844873859366612,4.455179817498658,1.8585614600107354,6.608964036500268,0.14761137949543746,0.4428341384863124,,
56,36.14465915190553,42.90794417606012,4.622920021470746,2.7844873859366612,4.4820182501341925,1.8585614600107354,6.608964036500268,0.14761137949543746,0.4428341384863124,,
57,36.460010735373054,42.43827160493827,4.3478260869565215,2.757648953301127,4.435050993022007,1.8585614600107354,6.857219538378959,0.4092860976918948,0.43612453032742887,,
58,36.41304347826087,42.3443370907139,4.3478260869565215,2.9589371980676327,4.435050993022007,1.8585614600107354,6.8035426731078905,0.4092860976918948,0.4294149221685454,,
59,34.56119162640902,35.96349973161568,3.6366076221148687,0.7313472893183038,2.952227589908749,14.579978529253891,6.481481481481482,0.7179280730005367,0.3757380568974772,,
60,26.7914653784219,42.76704240472356,3.7238325281803544,1.7579173376274826,2.8784219001610305,14.626945786366075,6.360708534621578,0.7179280730005367,0.3757380568974772,,
61,26.78475577026302,42.612721417069245,3.7104133118625873,1.7176596886741815,3.1468062265163717,14.579978529253891,6.353998926462695,0.7179280730005367,0.3757380568974772,,
62,27.140365002683843,42.32420826623725,3.7104133118625873,1.7176596886741815,3.1736446591519054,14.49946323134729,6.340579710144928,0.7179280730005367,0.3757380568974772,,
63,27.30139559849705,42.12292002147075,3.6634460547504024,1.7176596886741815,3.1736446591519054,14.371980676328503,6.327160493827161,0.6910896403650026,0.5770263016639828,0.05367686527106817,
64,27.415458937198068,42.05582393988191,3.6366076221148687,1.7176596886741815,3.1736446591519054,14.371980676328503,6.3070316693505095,0.6910896403650026,0.5770263016639828,0.05367686527106817,
65,27.697262479871174,41.84111647879764,3.6231884057971016,1.6908212560386473,3.1736446591519054,14.345142243692969,6.3070316693505095,0.6910896403650026,0.5770263016639828,0.05367686527106817,
66,27.583199141170155,41.99543746645196,3.6231884057971016,1.6505636070853462,3.1736446591519054,14.170692431561998,6.300322061191626,0.7380568974771873,0.5770263016639828,0.1878690284487386,
67,27.549651100375737,40.27106816961889,3.743961352657005,1.6304347826086956,2.965646806226516,16.150026838432634,6.1862587224906065,0.7380568974771873,0.5770263016639828,0.1878690284487386,
68,27.361782071927,39.89533011272142,3.8378958668813743,2.0799785292538915,2.7509393451422435,16.1231884057971,6.501610305958132,0.7380568974771873,0.5770263016639828,0.13419216317767044,
69,27.449006977992486,39.56655931293612,3.7909286097691894,2.0799785292538915,2.7308105206655933,16.089640365002683,6.4345142243692965,1.1473429951690821,0.5770263016639828,0.13419216317767044,
70,26.81159420289855,40.33816425120773,3.7640901771336552,1.9524959742351047,2.7106816961889426,16.076221148684915,6.488191089640365,1.1473429951690821,0.5770263016639828,0.13419216317767044,
71,27.066559312936125,40.042941492216855,3.7104133118625873,1.9524959742351047,2.999194847020934,15.915190552871712,6.454643048845948,1.1473429951690821,0.5770263016639828,0.13419216317767044,
72,27.435587761674718,39.96913580246913,3.670155662909286,1.9390767579173376,2.999194847020934,15.794417606011809,6.380837359098229,1.1003757380568975,0.5770263016639828,0.13419216317767044,
73,27.556360708534623,39.53301127214171,3.670155662909286,1.9390767579173376,3.3145464304884595,15.814546430488459,6.253354804079442,1.1003757380568975,0.6843800322061192,0.13419216317767044,
74,27.76435856146001,39.44578636607622,3.670155662909286,1.8786902844873858,3.3413848631239937,15.58641975308642,6.226516371443908,1.0601180891035964,0.6843800322061192,0.3421900161030596,
75,25.959473966720342,38.62721417069243,3.670155662909286,4.5960815888352125,3.33467525496511,15.579710144927537,6.146001073537305,1.0601180891035964,0.6843800322061192,0.3421900161030596,
76,26.214439076757916,38.0300590445518,3.992216854535695,4.5960815888352125,3.294417606011809,15.653515834675256,6.132581857219538,1.0601180891035964,0.6843800322061192,0.3421900161030596,
77,26.27482555018787,37.62748255501879,4.133118625872249,4.938271604938271,3.3548040794417604,15.526033279656469,6.132581857219538,0.9863123993558777,0.6843800322061192,0.3421900161030596,
78,26.65727321524423,37.38593666129898,4.186795491143317,4.891304347826087,3.307836822329576,15.465646806226516,6.132581857219538,0.966183574879227,0.6642512077294686,0.3421900161030596,
79,26.878690284487387,37.0504562533548,4.119699409554482,4.891304347826087,3.5426731078904994,15.365002683843263,6.293612453032743,0.8521202361782072,0.6642512077294686,0.3421900161030596,
80,26.100375738056897,35.54079441760601,3.8580246913580245,4.85775630703167,3.549382716049383,17.820719269994633,6.246645195920558,1.0198604401502953,0.6642512077294686,0.3421900161030596,
81,25.785024154589372,36.14465915190553,3.8580246913580245,4.770531400966184,3.549382716049383,17.518786902844873,6.1929683306494905,1.0198604401502953,0.6642512077294686,0.49651100375738055,
82,26.241277509393452,35.849436392914654,3.965378421900161,4.723564143853999,3.535963499731616,17.344337090713903,6.159420289855072,1.0198604401502953,0.6642512077294686,0.49651100375738055,
83,26.50295222758991,35.44685990338164,4.206924315619967,4.7101449275362315,3.5963499731615673,17.24369296833065,6.159420289855072,0.9863123993558777,0.6508319914117016,0.49651100375738055,
84,26.50295222758991,35.16505636070853,4.314278046162104,4.904723564143854,3.5762211486849167,17.21014492753623,5.917874396135265,0.9863123993558777,0.9259259259259259,0.49651100375738055,
85,19.639023081052066,45.189210950080515,3.797638217928073,4.30756843800322,3.294417606011809,15.190552871712292,5.01207729468599,2.147074610842727,0.9259259259259259,0.49651100375738055,
86,19.773215244229736,44.72624798711755,3.69699409554482,4.28743961352657,3.180354267310789,15.754159957058508,5.01207729468599,2.147074610842727,0.9259259259259259,0.49651100375738055,
87,20.00805152979066,44.598765432098766,3.69699409554482,4.26731078904992,3.1468062265163717,15.70048309178744,5.01207729468599,2.147074610842727,0.9259259259259259,0.49651100375738055,
88,17.639559849704778,39.89533011272142,1.402308105206656,8.675523349436393,2.26784755770263,22.779119699409556,4.797369833601718,1.7310789049919484,0.8118625872249061,,
89,17.673107890499196,39.210950080515296,1.4626945786366077,8.648684916800859,2.771068169618894,22.879763821792807,4.8443370907139025,1.6975308641975309,0.8118625872249061,,
90,17.96833064949007,39.10359634997316,1.4626945786366077,8.59500805152979,2.7308105206655933,22.73886205045625,4.891304347826087,1.6975308641975309,0.8118625872249061,,
91,18.04884594739667,38.768115942028984,1.4626945786366077,8.440687063875469,2.818035426731079,22.52415458937198,4.871175523349437,2.059849704777241,0.8118625872249061,0.19457863660762212,
92,18.531937734836287,38.506441223832525,1.4626945786366077,8.413848631239935,2.8784219001610305,22.16183574879227,4.871175523349437,2.167203435319377,0.8118625872249061,0.19457863660762212,
93,18.88083735909823,38.27831454643049,1.4626945786366077,8.393719806763285,2.8784219001610305,22.088030059044552,4.871175523349437,2.167203435319377,0.785024154589372,0.19457863660762212,
94,11.674718196457327,54.70343531937735,1.221148684916801,1.3687600644122384,2.871712292002147,21.22249060654858,3.9519592055823938,2.01959205582394,0.7716049382716049,0.19457863660762212,
95,11.929683306494901,54.51556629092861,1.221148684916801,1.3687600644122384,2.871712292002147,21.088298443370906,4.019055287171229,2.01959205582394,0.7716049382716049,0.19457863660762212,
96,12.191358024691358,54.139828234031135,1.5163714439076759,1.3687600644122384,2.85829307568438,20.96081588835212,4.005636070853462,2.006172839506173,0.7581857219538379,0.19457863660762212,
97,12.473161567364466,53.89157273215244,1.4895330112721417,1.3687600644122384,3.2877079978529253,20.679012345679013,3.9855072463768115,1.8719806763285025,0.7581857219538379,0.19457863660762212,
98,12.882447665056361,53.36151368760064,1.4895330112721417,1.3687600644122384,3.5091250670960816,20.638754696725712,3.965378421900161,1.8585614600107354,0.7313472893183038,0.19457863660762212,
99,7.6623725174449815,73.91975308641975,2.61003757380569,1.3486312399355878,3.1468062265163717,5.226784755770263,3.864734299516908,1.4895330112721417,0.7313472893183038,,
100,7.823403113258186,73.69162640901772,2.6033279656468062,1.3419216317767042,3.3279656468062266,5.12614063338701,3.864734299516908,1.4895330112721417,0.7313472893183038,,
101,8.279656468062266,64.39210950080515,2.589908749329039,1.3419216317767042,12.25174449812131,5.0858829844337095,3.8378958668813743,1.4895330112721417,0.7313472893183038,,
102,8.628556092324208,64.09017713365539,2.576489533011272,1.3352120236178207,12.365807836822329,5.059044551798175,3.750670960815888,1.4895330112721417,0.7045088566827697,,
103,8.809715512614064,63.6003757380569,2.576489533011272,1.3083735909822867,12.714707461084272,5.059044551798175,3.7372517444981215,1.4895330112721417,0.7045088566827697,,
104,9.16532474503489,62.96296296296296,2.717391304347826,1.3083735909822867,12.99651100375738,4.951690821256038,3.7104133118625873,1.482823403113258,0.7045088566827697,,
105,9.574610842726784,62.553676865271065,2.7106816961889426,1.3083735909822867,13.077026301663983,4.891304347826087,3.616478797638218,1.4761137949543746,0.7917337627482555,,
106,9.883252818035427,62.29200214707461,2.690552871712292,1.3083735909822867,13.050187869028449,4.891304347826087,3.616478797638218,1.4761137949543746,0.7917337627482555,,
107,10.158346752549651,62.07058507783145,2.690552871712292,1.2949543746645196,12.97638217928073,4.87788513150832,3.616478797638218,1.4559849704777241,0.7917337627482555,,0.06709608158883522
108,10.34621578099839,61.64117015566291,2.690552871712292,1.2949543746645196,13.231347289318304,4.864465915190553,3.616478797638218,1.4559849704777241,0.7917337627482555,,0.06709608158883522
109,10.7085346215781,61.3593666129898,2.5563607085346214,1.2949543746645196,13.217928073000536,4.851046698872786,3.589640365002684,1.42914653784219,0.7917337627482555,0.13419216317767044,0.06709608158883522
110,10.923242082662373,60.7487922705314,2.5563607085346214,1.2949543746645196,13.613794954374665,4.851046698872786,3.589640365002684,1.42914653784219,0.7917337627482555,0.13419216317767044,0.06709608158883522
111,11.097691894793345,60.59447128287708,2.5563607085346214,1.2010198604401503,13.580246913580247,4.817498658078368,3.5426731078904994,1.5297906602254427,0.7917337627482555,0.2214170692431562,0.06709608158883522
112,11.198336017176597,60.057702630166396,2.5429414922168547,1.2010198604401503,13.969404186795492,4.810789049919484,3.4151905528717124,1.5297906602254427,0.7917337627482555,0.41599570585077833,0.06709608158883522
113,11.466720343531938,59.695383789586685,2.5429414922168547,1.2010198604401503,14.076757917337627,4.797369833601718,3.4151905528717124,1.5297906602254427,0.7917337627482555,0.41599570585077833,0.06709608158883522
114,11.922973698336017,59.29951690821256,2.5429414922168547,1.2010198604401503,14.029790660225443,4.783950617283951,3.4151905528717124,1.5297906602254427,0.7917337627482555,0.41599570585077833,0.06709608158883522
115,8.695652173913043,26.972624798711756,0.95276435856146,47.799248523886206,5.146269457863661,4.488727858293076,3.2742887815351582,1.596886741814278,0.7917337627482555,0.28180354267310787,
116,8.984165324745035,26.96591519055287,0.9259259259259259,47.56441223832528,5.12614063338701,4.488727858293076,3.2742887815351582,1.596886741814278,0.7917337627482555,0.28180354267310787,
117,9.380032206119163,26.81159420289855,0.9192163177670424,47.45034889962426,5.139559849704777,4.314278046162104,3.2742887815351582,1.596886741814278,0.7917337627482555,0.322061191626409,
118,9.66183574879227,26.67740203972088,0.9192163177670424,46.96725711218465,5.481749865807837,4.30756843800322,3.2742887815351582,1.596886741814278,0.7917337627482555,0.322061191626409,
119,9.91009125067096,26.33521202361782,0.9192163177670424,46.772678475577024,5.797101449275362,4.28743961352657,3.2675791733762747,1.596886741814278,0.7917337627482555,0.322061191626409,
120,10.487117552334944,26.234567901234566,0.9728931830381106,46.09500805152979,6.005099302200751,4.274020397208803,3.2474503488996245,1.570048309178744,0.7917337627482555,0.322061191626409,
121,10.68840579710145,26.113794954374665,0.9728931830381106,45.71256038647343,6.3070316693505095,4.274020397208803,3.2474503488996245,1.570048309178744,0.7917337627482555,0.322061191626409,
122,11.023886205045626,25.97289318303811,1.0601180891035964,45.35024154589372,6.541867954911433,4.166666666666667,3.2474503488996245,1.5230810520665594,0.7917337627482555,0.322061191626409,
123,11.366076221148685,25.91250670960816,1.1674718196457328,45.1556629092861,6.353998926462695,4.159957058507783,3.2474503488996245,1.5230810520665594,0.7917337627482555,0.322061191626409,
124,11.600912506709609,25.87224906065486,1.1674718196457328,44.437734836285564,6.877348362855609,4.159957058507783,3.2474503488996245,1.5230810520665594,0.7917337627482555,0.322061191626409,
125,11.922973698336017,25.751476113794954,1.4090177133655395,43.833870101986044,7.112184648416532,4.159957058507783,3.2004830917874396,1.5230810520665594,0.7648953301127214,0.322061191626409,
126,12.110842726784755,25.684380032206118,1.4090177133655395,43.384326355340846,7.440955448201825,4.159957058507783,3.2004830917874396,1.5230810520665594,0.7648953301127214,0.322061191626409,
127,12.285292538915728,25.5703166935051,1.4090177133655395,42.93478260869565,7.830112721417069,4.159957058507783,3.2004830917874396,1.5230810520665594,0.7648953301127214,0.322061191626409,
128,12.560386473429952,25.295222758990874,1.4090177133655395,42.76704240472356,8.024691358024691,4.159957058507783,3.1736446591519054,1.5230810520665594,0.7648953301127214,0.322061191626409,
129,12.788513150831992,24.953032742887814,1.7310789049919484,42.47852925389157,8.105206655931294,4.159957058507783,3.1736446591519054,1.5230810520665594,0.7648953301127214,0.322061191626409,
130,12.962962962962964,24.302200751476114,1.7176596886741815,42.049114331723025,9.037842190016104,4.159957058507783,3.1736446591519054,1.5096618357487923,0.7648953301127214,0.322061191626409,
131,13.20450885668277,24.288781535158346,1.7176596886741815,41.90150295222759,9.037842190016104,4.146537842190016,3.126677402039721,1.4895330112721417,0.7648953301127214,0.322061191626409,
132,13.466183574879228,24.248523886205046,1.7176596886741815,41.58615136876006,9.138486312399356,4.139828234031133,3.126677402039721,1.4895330112721417,0.7648953301127214,0.322061191626409,
133,13.620504562533547,24.040526033279658,1.6505636070853462,40.734031132581855,9.923510466988727,4.092860976918948,3.361513687600644,1.4895330112721417,0.7648953301127214,0.322061191626409,
134,13.761406333870102,23.993558776167472,1.6505636070853462,40.687063875469676,9.903381642512077,4.092860976918948,3.2742887815351582,1.4895330112721417,0.8252818035426731,0.322061191626409,
135,13.92914653784219,23.778851315083198,1.6438539989264627,40.4320987654321,10.312667740203972,3.9989264626945786,3.2742887815351582,1.482823403113258,0.8252818035426731,0.322061191626409,
136,14.284755770263017,23.658078368223297,1.6103059581320451,40.11674718196457,10.446859903381643,3.9720880300590444,3.3145464304884595,1.482823403113258,0.8252818035426731,0.2885131508319914,
137,14.418947933440688,23.564143853998928,1.6103059581320451,40.06977992485239,10.413311862587225,3.9720880300590444,3.3548040794417604,1.482823403113258,0.8252818035426731,0.2885131508319914,
138,14.687332259796028,23.369565217391305,1.6103059581320451,39.60681696188943,10.809178743961352,3.965378421900161,3.4688674181427803,1.482823403113258,0.8252818035426731,0.17444981213097155,
139,14.962426194310252,22.86634460547504,2.0128824476650564,39.398819108964034,10.668276972624799,3.8378958668813743,3.4688674181427803,1.7847557702630166,0.8252818035426731,0.17444981213097155,
140,15.257648953301127,22.765700483091788,1.9860440150295222,38.94927536231884,10.976918947933441,3.824476650563607,3.455448201825013,1.7847557702630166,0.8252818035426731,0.17444981213097155,
141,15.425389157273216,22.69189479334407,1.9860440150295222,38.768115942028984,11.064143853998926,3.824476650563607,3.455448201825013,1.7847557702630166,0.8252818035426731,0.17444981213097155,
142,15.754159957058508,22.63150831991412,1.9860440150295222,38.486312399355874,11.084272678475577,3.8177670424047236,3.455448201825013,1.7847557702630166,0.8252818035426731,0.17444981213097155,
143,16.11647879763822,22.517444981213096,1.9524959742351047,38.399087493290395,11.064143853998926,3.8177670424047236,3.4420289855072466,1.6908212560386473,0.8252818035426731,0.17444981213097155,
144,16.404991948470208,22.383252818035427,1.9524959742351047,38.32528180354267,11.044015029522276,3.8043478260869565,3.421900161030596,1.6774020397208802,0.8118625872249061,0.17444981213097155,
145,16.25738056897477,21.866612989801396,2.2745571658615136,38.1508319914117,10.413311862587225,3.784219001610306,4.5960815888352125,1.6706924315619969,0.8118625872249061,0.17444981213097155,
146,16.445249597423512,21.81964573268921,2.2745571658615136,38.036768652710684,10.38647342995169,3.784219001610306,4.5960815888352125,1.6706924315619969,0.8118625872249061,0.17444981213097155,
147,16.566022544283413,21.786097691894792,2.26784755770263,37.84219001610306,10.534084809447128,3.784219001610306,4.562533548040794,1.6706924315619969,0.8118625872249061,0.17444981213097155,
148,16.841116478797638,21.672034353193773,2.2410091250670963,37.69457863660762,10.57434245840043,3.784219001610306,4.562533548040794,1.6639828234031133,0.7917337627482555,0.17444981213097155,
149,17.008856682769725,21.604938271604937,2.2074610842726785,37.5402576489533,10.567632850241546,3.784219001610306,4.669887278582931,1.6572732152442298,0.785024154589372,0.17444981213097155,
150,17.344337090713903,21.537842190016104,2.187332259796028,37.39264626945786,10.507246376811594,3.7640901771336552,4.64975845410628,1.6572732152442298,0.785024154589372,0.17444981213097155,
151,17.538915727321523,21.30300590445518,2.1806226516371443,36.86929683306495,10.789049919484702,3.7640901771336552,4.555823939881911,1.8988191089640365,0.7716049382716049,0.32877079978529256,
152,17.652979066022546,21.26274825550188,2.1806226516371443,36.81561996779388,10.782340311325818,3.7640901771336552,4.555823939881911,1.8988191089640365,0.7716049382716049,0.3153515834675255,
153,17.807300053676865,21.007783145464305,2.1806226516371443,36.63446054750403,11.097691894793345,3.7640901771336552,4.528985507246377,1.892109500805153,0.7716049382716049,0.3153515834675255,
154,17.901234567901234,20.82662372517445,2.1806226516371443,36.33252818035427,11.426462694578637,3.750670960815888,4.602791196994096,1.892109500805153,0.7716049382716049,0.3153515834675255,
155,18.075684380032207,20.645464304884594,2.4490069779924855,35.889694041867955,11.513687600644122,3.750670960815888,4.441760601180891,1.9524959742351047,0.7112184648416533,0.5703166935050993,
156,17.975040257648953,20.417337627482556,2.395330112721417,35.79575952764358,11.721685453569512,3.5225442834138487,4.562533548040794,2.0397208803005906,0.6977992485238862,0.8722490606548577,
157,18.256843800322063,20.209339774557165,2.717391304347826,35.628019323671495,11.54723564143854,3.502415458937198,4.528985507246377,2.0397208803005906,0.6977992485238862,0.8722490606548577,
158,18.55877616747182,20.108695652173914,2.717391304347826,35.487117552334944,11.54723564143854,3.4822866344605474,4.502147074610843,2.0263016639828235,0.6977992485238862,0.8722490606548577,
159,18.719806763285025,20.055018786902846,2.717391304347826,35.34621578099839,11.580783682232958,3.4822866344605474,4.502147074610843,2.0263016639828235,0.6977992485238862,0.8722490606548577,
160,19.02173913043478,19.994632313472895,2.717391304347826,35.299248523886206,11.553945249597424,3.4822866344605474,4.414922168545357,2.0263016639828235,0.6508319914117016,0.8387010198604401,
161,19.249865807836823,19.961084272678477,2.7106816961889426,35.17176596886742,11.52710681696189,3.4822866344605474,4.394793344068707,2.0263016639828235,0.6508319914117016,0.8252818035426731,
162,19.410896403650028,19.85373054213634,2.818035426731079,35.057702630166396,11.486849168008588,3.475577026301664,4.394793344068707,2.0263016639828235,0.6508319914117016,0.8252818035426731,
163,19.719538378958667,19.55179817498658,3.1199677938808374,34.86312399355877,11.399624261943103,3.475577026301664,4.38137412775094,2.0263016639828235,0.6508319914117016,0.8118625872249061,
164,19.981213097155127,19.350509930220074,3.099838969404187,34.735641438539986,11.480139559849706,3.3413848631239937,4.3478260869565215,1.9994632313472893,0.6508319914117016,1.0131508319914118,
165,20.034889962426195,19.028448738593667,3.408480944712829,34.42028985507246,11.855877616747183,3.294417606011809,4.300858829844337,1.9994632313472893,0.644122383252818,1.0131508319914118,
166,20.25630703166935,18.833870101986044,3.408480944712829,34.33977455716586,11.90955448201825,3.294417606011809,4.300858829844337,1.9994632313472893,0.644122383252818,1.0131508319914118,
167,20.759527643585614,18.706387546967257,3.4957058507783145,33.803005904455176,11.956521739130435,3.294417606011809,4.361245303274289,1.9659151905528718,0.644122383252818,1.0131508319914118,
168,21.22249060654858,18.592324208266238,3.4420289855072466,33.380300590445515,12.02361782071927,3.227321524422974,4.488727858293076,1.9659151905528718,0.644122383252818,1.0131508319914118,
169,15.49248523886205,15.103327965646805,2.428878153515835,54.508856682769725,9.990606548577563,0.8588298443370908,0.9863123993558777,0.5166398282340311,0.03354804079441761,0.08051529790660225,
170,15.673644659151906,15.08990874932904,2.4154589371980677,54.32098765432099,9.916800858829845,0.9259259259259259,1.0265700483091786,0.5166398282340311,0.03354804079441761,0.08051529790660225,
171,15.915190552871712,14.928878153515834,2.4154589371980677,54.032474503489,10.158346752549651,0.8990874932903918,1.0265700483091786,0.5099302200751477,0.03354804079441761,0.08051529790660225,
172,16.203703703703702,14.78797638217928,2.536231884057971,53.81105743424584,10.144927536231885,0.8722490606548577,1.0198604401502953,0.5099302200751477,0.03354804079441761,0.08051529790660225,
173,16.344605475040257,14.76784755770263,2.5295222758990876,53.36822329575953,10.319377348362856,0.8722490606548577,1.0198604401502953,0.6642512077294686,0.03354804079441761,0.08051529790660225,
174,16.67337627482555,14.76784755770263,2.5161030595813205,52.95893719806763,10.292538915727322,0.8722490606548577,1.1406333870101986,0.6642512077294686,0.03354804079441761,0.08051529790660225,
175,16.841116478797638,14.687332259796028,2.657004830917874,52.38862050456253,10.258990874932904,0.8722490606548577,1.1137949543746646,1.0869565217391304,0.03354804079441761,0.06038647342995169,
176,16.847826086956523,14.687332259796028,2.657004830917874,52.04643048845947,10.59447128287708,0.8722490606548577,1.1137949543746646,1.0869565217391304,0.03354804079441761,0.06038647342995169,
177,17.11621041331186,14.640365002683843,2.657004830917874,51.64385399892646,10.775630703166936,0.8722490606548577,1.1137949543746646,1.0869565217391304,0.03354804079441761,0.06038647342995169,
178,17.20343531937735,14.371980676328503,3.2742887815351582,51.41572732152442,10.601180891035963,0.8454106280193237,1.1137949543746646,1.1003757380568975,0.03354804079441761,0.040257648953301126,
179,17.391304347826086,14.217659688674182,3.4688674181427803,50.979602791196996,10.782340311325818,0.8319914117015567,1.1540526033279657,1.1003757380568975,0.03354804079441761,0.040257648953301126,
180,17.53220611916264,14.217659688674182,3.4688674181427803,50.86553945249597,10.755501878690284,0.8319914117015567,1.1540526033279657,1.1003757380568975,0.03354804079441761,0.040257648953301126,
181,16.566022544283413,13.620504562533547,5.233494363929147,50.315351583467525,10.829307568438002,0.8319914117015567,1.2345679012345678,1.2949543746645196,0.03354804079441761,0.040257648953301126,
182,16.720343531937736,13.123993558776167,5.193236714975845,50.1207729468599,11.41304347826087,0.8319914117015567,1.2278582930756843,1.2949543746645196,0.03354804079441761,0.040257648953301126,
183,16.968599033816425,12.808641975308642,5.146269457863661,49.986580783682236,11.60762211486849,0.8319914117015567,1.3150831991411702,1.261406333870102,0.03354804079441761,0.040257648953301126,
184,17.411433172302736,12.775093934514224,5.0791733762748255,49.71148684916801,11.325818572195384,0.8319914117015567,1.5499194847020934,1.2412775093934514,0.03354804079441761,0.040257648953301126,
185,17.66639828234031,12.640901771336553,5.112721417069243,49.51690821256039,11.406333870101985,0.8319914117015567,1.5499194847020934,1.2010198604401503,0.03354804079441761,0.040257648953301126,
186,18.00187869028449,12.506709608158884,5.112721417069243,49.35587761674718,11.366076221148685,0.8319914117015567,1.5499194847020934,1.2010198604401503,0.03354804079441761,0.040257648953301126,
187,17.60601180891036,11.869296833064949,6.716317767042405,49.21497584541063,11.077563070316694,0.7380568974771873,1.5029522275899088,1.2010198604401503,0.03354804079441761,0.040257648953301126,
188,17.800590445517983,11.79549114331723,6.6760601180891035,49.16129898013956,11.07085346215781,0.8588298443370908,1.3821792807300053,1.1808910359634996,0.03354804079441761,0.040257648953301126,
189,17.787171229200215,11.741814278046162,8.105206655931294,47.30273752012882,11.325818572195384,0.8588298443370908,1.3821792807300053,1.4224369296833066,0.03354804079441761,0.040257648953301126,
190,16.324476650563607,10.809178743961352,7.7898550724637685,52.20746108427268,10.037573805689748,0.7917337627482555,1.0399892646269457,0.9259259259259259,0.03354804079441761,0.040257648953301126,
191,16.566022544283413,10.775630703166936,7.763016639828234,51.610305958132045,10.265700483091788,0.7917337627482555,1.0399892646269457,1.1137949543746646,0.03354804079441761,0.040257648953301126,
192,16.841116478797638,10.63472893183038,7.75630703166935,51.42914653784219,10.373054213633925,0.7917337627482555,1.0131508319914118,1.0869565217391304,0.03354804079441761,0.040257648953301126,
193,17.022275899087493,10.581052066559312,7.75630703166935,51.348631239935585,10.326086956521738,0.7917337627482555,1.0131508319914118,1.0869565217391304,0.03354804079441761,0.040257648953301126,
194,17.04911433172303,10.50053676865271,7.648953301127214,51.15405260332797,10.34621578099839,0.7917337627482555,1.2345679012345678,1.2010198604401503,0.03354804079441761,0.040257648953301126,
195,17.3040794417606,10.493827160493828,7.628824476650563,50.95276435856146,10.332796564680622,0.7917337627482555,1.2278582930756843,1.1943102522812667,0.03354804079441761,0.040257648953301126,
196,17.49194847020934,10.487117552334944,7.347020933977456,50.38244766505636,10.923242082662373,0.7917337627482555,1.2278582930756843,1.2748255501878691,0.03354804079441761,0.040257648953301126,
197,17.478529253891573,10.292538915727322,6.877348362855609,49.53703703703704,10.836017176596886,0.7783145464304885,2.15378421900161,1.9726247987117553,0.03354804079441761,0.040257648953301126,
198,17.767042404723565,10.285829307568438,6.810252281266774,49.3491680085883,10.809178743961352,0.7783145464304885,2.15378421900161,1.9726247987117553,0.03354804079441761,0.040257648953301126,
199,18.075684380032207,10.185185185185185,6.756575415995706,49.24852388620504,10.789049919484702,0.7783145464304885,2.15378421900161,1.9390767579173376,0.03354804079441761,0.040257648953301126,
200,18.21658615136876,10.178475577026301,6.810252281266774,48.772141706924316,10.815888352120236,0.7783145464304885,2.15378421900161,2.200751476113795,0.03354804079441761,0.040257648953301126,
201,18.49838969404187,10.151637144390767,6.977992485238862,48.51717659688674,10.68840579710145,0.7514761137949544,2.15378421900161,2.187332259796028,0.03354804079441761,0.040257648953301126,
202,18.585614600107355,9.863123993558776,6.991411701556629,48.349436392914654,11.07085346215781,0.7514761137949544,2.1269457863660763,2.187332259796028,0.03354804079441761,0.040257648953301126,
203,18.760064412238325,9.75577026301664,6.957863660762212,48.18169618894257,11.3191089640365,0.6239935587761675,2.187332259796028,2.1403650026838434,0.03354804079441761,0.040257648953301126,
204,18.9747718733226,9.728931830381105,6.944444444444445,47.87305421363392,11.406333870101985,0.6239935587761675,2.167203435319377,2.214170692431562,0.026838432635534086,0.040257648953301126,
205,19.269994632313473,9.695383789586689,6.91760601180891,47.658346752549654,11.392914653784219,0.6239935587761675,2.167203435319377,2.2074610842726785,0.026838432635534086,0.040257648953301126,
206,19.363929146537842,9.601449275362318,7.071926999463232,47.32957595276436,11.265432098765432,0.6239935587761675,2.2879763821792807,2.3886205045625335,0.026838432635534086,0.040257648953301126,
207,19.679280730005367,9.574610842726784,7.112184648416532,47.08132045088567,11.18491680085883,0.6239935587761675,2.2879763821792807,2.3886205045625335,0.026838432635534086,0.040257648953301126,
208,20.081857219538378,9.567901234567902,7.105475040257649,46.57809983896941,11.124530327428879,0.5904455179817498,2.2879763821792807,2.5966183574879227,0.026838432635534086,0.040257648953301126,
209,20.41062801932367,9.554482018250134,7.085346215780999,46.23590982286635,10.997047772410092,0.5904455179817498,2.462426194310252,2.5966183574879227,0.026838432635534086,0.040257648953301126,
210,20.705850778314545,9.554482018250134,7.058507783145465,46.08829844337091,10.950080515297907,0.5568974771873323,2.4221685453569513,2.5966183574879227,0.026838432635534086,0.040257648953301126,
211,20.860171765968868,9.460547504025765,7.14573268921095,45.57836822329576,11.312399355877616,0.5568974771873323,2.4221685453569513,2.5966183574879227,0.026838432635534086,0.040257648953301126,
212,21.068169618894256,9.440418679549115,7.125603864734299,45.410628019323674,11.3593666129898,0.5568974771873323,2.4020397208803006,2.5697799248523885,0.026838432635534086,0.040257648953301126,
213,21.40365002683843,9.346484165324744,7.018250134192163,45.276435856146,11.406333870101985,0.5568974771873323,2.38191089640365,2.5429414922168547,0.026838432635534086,0.040257648953301126,
214,21.504294149221685,9.25925925925926,7.051798174986581,45.209339774557165,11.392914653784219,0.5568974771873323,2.4221685453569513,2.5429414922168547,0.026838432635534086,0.03354804079441761,
215,21.557971014492754,9.245840042941492,7.0450885668276975,44.900697799248526,11.654589371980677,0.7045088566827697,2.2879763821792807,2.5429414922168547,0.026838432635534086,0.03354804079441761,
216,21.517713365539453,9.078099838969404,7.206119162640902,44.64573268921095,11.90955448201825,0.6977992485238862,2.3550724637681157,2.5295222758990876,0.026838432635534086,0.03354804079441761,
217,20.92055823939882,8.541331186258722,6.152710681696189,44.155931293612454,11.79549114331723,0.6977992485238862,5.146269457863661,2.5295222758990876,0.026838432635534086,0.03354804079441761,
218,21.128556092324207,8.527911969940956,6.078904991948471,44.00161030595813,11.66129898013956,0.8252818035426731,5.092592592592593,2.623456790123457,0.026838432635534086,0.03354804079441761,
219,21.752549651100377,8.393719806763285,6.112453032742888,43.80032206119163,11.345947396672035,0.798443370907139,5.112721417069243,2.623456790123457,0.026838432635534086,0.03354804079441761,
220,21.87332259796028,8.393719806763285,6.099033816425121,43.05555555555556,11.862587224906065,0.798443370907139,5.059044551798175,2.7979066022544283,0.026838432635534086,0.03354804079441761,
221,22.10144927536232,8.380300590445518,5.998389694041868,42.88781535158347,11.849168008588299,0.798443370907139,5.059044551798175,2.771068169618894,0.12077294685990338,0.03354804079441761,
222,21.79951690821256,8.239398819108963,6.407675791733762,42.46511003757381,12.338969404186795,0.798443370907139,5.045625335480408,2.7509393451422435,0.12077294685990338,0.03354804079441761,
223,21.980676328502415,8.239398819108963,6.407675791733762,42.290660225442835,12.258454106280194,0.798443370907139,5.038915727321524,2.831454643048846,0.12077294685990338,0.03354804079441761,
224,22.208803005904453,8.09849704777241,6.595544820182502,41.95517981749866,12.325550187869029,0.7917337627482555,4.99194847020934,2.8784219001610305,0.12077294685990338,0.03354804079441761,
225,22.25577026301664,8.09849704777241,6.78341384863124,41.532474503489,12.318840579710145,0.7917337627482555,4.99194847020934,3.0730005367686526,0.12077294685990338,0.03354804079441761,
226,22.52415458937198,8.038110574342458,6.702898550724638,41.46537842190016,12.238325281803542,0.7917337627482555,5.025496511003757,3.0595813204508855,0.12077294685990338,0.03354804079441761,
227,22.5577026301664,7.937466451959206,6.89747718733226,41.2037037037037,12.130971551261407,0.7917337627482555,5.018786902844874,3.307836822329576,0.12077294685990338,0.03354804079441761,
228,22.705314009661837,7.816693505099302,7.159151905528717,40.90848094471283,12.23161567364466,0.7917337627482555,4.978529253891573,3.2541599570585076,0.12077294685990338,0.03354804079441761,
