,45,50,51,54,55,53,56,52,60,59,58,57
0,79.032474503489,19.28341384863124,1.6841116478797638,,,,,,,,,
1,70.28985507246377,28.026033279656467,1.6841116478797638,,,,,,,,,
2,70.45759527643585,27.85829307568438,1.6841116478797638,,,,,,,,,
3,70.41062801932367,27.113526570048307,1.6505636070853462,0.7514761137949544,0.07380568974771873,,,,,,,
4,69.20960815888353,28.227321524422972,1.6505636070853462,0.7514761137949544,0.07380568974771873,0.08722490606548577,,,,,,
5,67.15646806226516,30.340848094471284,1.5901771336553945,0.7514761137949544,0.07380568974771873,0.08722490606548577,,,,,,
6,67.20343531937735,30.173107890499196,1.5901771336553945,0.7514761137949544,0.07380568974771873,0.20799785292538917,,,,,,
7,67.33091787439614,30.038915727321523,1.4626945786366077,0.7514761137949544,0.07380568974771873,0.20799785292538917,0.13419216317767044,,,,,
8,59.86312399355877,37.62748255501879,1.4626945786366077,0.7514761137949544,0.07380568974771873,0.08722490606548577,0.13419216317767044,,,,,
9,59.044551798174986,37.86231884057971,1.3687600644122384,0.8856682769726248,0.3757380568974772,0.08722490606548577,0.0939345142243693,0.28180354267310787,,,,
10,57.85024154589372,37.82206119162641,1.3687600644122384,0.8856682769726248,1.6103059581320451,0.08722490606548577,0.0939345142243693,0.28180354267310787,,,,
11,57.32018250134192,38.41250670960816,1.3486312399355878,0.8454106280193237,1.6103059581320451,0.08722490606548577,0.0939345142243693,0.28180354267310787,,,,
12,56.46806226516372,34.896672034353195,2.8784219001610305,0.798443370907139,1.6103059581320451,2.9723564143853998,0.0939345142243693,0.28180354267310787,,,,
13,53.83118625872249,37.56038647342995,2.8784219001610305,0.798443370907139,1.583467525496511,2.9723564143853998,0.0939345142243693,0.28180354267310787,,,,
14,53.797638217928075,37.473161567364464,2.4557165861513686,0.7716049382716049,1.583467525496511,2.9723564143853998,0.0939345142243693,0.8521202361782072,,,,
15,52.31481481481482,38.95598497047772,2.4557165861513686,0.7716049382716049,1.583467525496511,2.9723564143853998,0.0939345142243693,0.8521202361782072,,,,
16,52.36849168008588,38.56682769726248,2.4557165861513686,0.7716049382716049,1.6237251744498122,2.9723564143853998,0.0939345142243693,1.1473429951690821,,,,
17,50.93263553408481,33.53462157809984,10.198604401502953,0.7716049382716049,0.43612453032742887,2.885131508319914,0.0939345142243693,1.1473429951690821,,,,
18,50.925925925925924,33.64868491680086,10.198604401502953,0.7716049382716049,0.43612453032742887,2.885131508319914,0.0939345142243693,1.0399892646269457,,,,
19,48.63794954374664,34.35319377348363,10.19189479334407,0.7514761137949544,0.35560923242082665,2.120236178207193,0.0939345142243693,3.4957058507783145,,,,
20,47.04106280193237,35.78234031132582,9.96376811594203,0.7514761137949544,0.3757380568974772,2.26784755770263,0.322061191626409,3.4957058507783145,,,,
21,46.94041867954911,34.54777241009125,12.721417069243156,0.7514761137949544,0.2616747181964573,2.2611379495437465,0.322061191626409,2.1940418679549114,,,,
22,46.26945786366076,34.54777241009125,12.842190016103059,0.7514761137949544,0.7447665056360708,2.328234031132582,0.322061191626409,2.1940418679549114,,,,
23,46.403650026838434,34.024422973698336,12.842190016103059,0.7514761137949544,0.7447665056360708,2.717391304347826,0.322061191626409,2.1940418679549114,,,,
24,34.07139023081052,53.06629092860977,5.152979066022544,0.6910896403650026,0.8319914117015567,2.3550724637681157,0.0939345142243693,3.7372517444981215,,,,
25,31.662640901771336,52.00617283950617,5.10601180891036,3.455448201825013,1.0198604401502953,2.3550724637681157,0.0939345142243693,4.300858829844337,,,,
26,31.863929146537842,48.18840579710145,5.10601180891036,3.455448201825013,4.676596886741814,2.3550724637681157,0.0939345142243693,4.260601180891036,,,,
27,30.360976918947934,49.44981213097155,5.10601180891036,3.455448201825013,4.944981213097155,2.2208803005904456,0.0939345142243693,4.260601180891036,0.10735373054213634,,,
28,29.7638217928073,49.13446054750403,6.1862587224906065,3.3816425120772946,4.911433172302737,2.1940418679549114,0.0939345142243693,4.2270531400966185,0.10735373054213634,,,
29,29.74369296833065,49.22839506172839,6.1862587224906065,3.3816425120772946,4.85775630703167,2.1940418679549114,0.0939345142243693,4.206924315619967,0.10735373054213634,,,
30,30.14626945786366,48.698336017176594,6.132581857219538,3.515834675254965,4.99194847020934,2.1940418679549114,0.0939345142243693,4.119699409554482,0.10735373054213634,,,
31,30.50187869028449,48.17498658078368,6.152710681696189,4.139828234031133,4.555823939881911,2.1940418679549114,0.05367686527106817,4.119699409554482,0.10735373054213634,,,
32,31.04535695115405,47.48389694041868,6.152710681696189,4.1129898013955986,4.770531400966184,2.167203435319377,0.05367686527106817,4.106280193236715,0.10735373054213634,,,
33,28.931830381105744,44.85373054213634,9.534353193773484,4.025764895330113,4.5960815888352125,1.1473429951690821,0.05367686527106817,6.749865807836822,0.10735373054213634,,,
34,27.408749329039185,46.77938808373591,9.312936124530328,3.5292538915727323,4.528985507246377,1.1137949543746646,0.5099302200751477,6.709608158883521,0.10735373054213634,,,
35,27.75764895330113,46.41035963499731,9.225711218464841,3.5292538915727323,4.636339237788513,1.1137949543746646,0.5099302200751477,6.709608158883521,0.10735373054213634,,,
36,27.51610305958132,46.71229200214707,9.185453569511541,3.4151905528717124,4.616210413311863,1.2278582930756843,0.5099302200751477,6.709608158883521,0.10735373054213634,,,
37,27.979066022544284,46.20907139023081,9.185453569511541,3.4822866344605474,4.690016103059581,1.1607622114868492,0.5099302200751477,6.6760601180891035,0.10735373054213634,,,
38,27.623456790123456,40.89506172839506,9.118357487922705,9.245840042941492,4.703435319377348,1.1205045625335481,0.5099302200751477,6.6760601180891035,0.10735373054213634,,,
39,27.80461621041331,40.3918411164788,10.010735373054214,9.111647879763822,4.817498658078368,1.1003757380568975,0.5099302200751477,6.146001073537305,0.10735373054213634,,,
40,27.78448738593666,38.989533011272144,9.936929683306495,9.078099838969404,5.642780461621041,1.402308105206656,0.5099302200751477,6.5485775630703165,0.10735373054213634,,,
41,22.765700483091788,34.05797101449275,18.78690284487386,8.76274825550188,5.4616210413311865,1.2546967257112185,0.5099302200751477,8.293075684380032,0.10735373054213634,,,
42,23.020665593129362,33.883521202361784,18.63929146537842,8.829844337090714,5.4616210413311865,1.2546967257112185,0.5099302200751477,8.293075684380032,0.10735373054213634,,,
43,23.19511540526033,33.682232957595275,18.780193236714975,8.82313472893183,5.4616210413311865,1.1876006441223832,0.5099302200751477,8.252818035426731,0.10735373054213634,,,
44,22.32957595276436,34.46054750402576,18.95464304884595,8.984165324745035,5.273752012882448,1.1406333870101986,0.5099302200751477,8.239398819108963,0.10735373054213634,,,
45,22.477187332259795,33.803005904455176,19.981213097155127,8.863392377885132,4.958400429414922,1.0064412238325282,0.5099302200751477,8.145464304884594,0.2549651100375738,,,
46,22.785829307568438,33.57487922705314,19.900697799248523,8.93719806763285,4.931561996779388,1.0064412238325282,0.6038647342995169,8.004562533548041,0.2549651100375738,,,
47,23.101180891035963,33.25281803542673,19.746376811594203,9.245840042941492,4.911433172302737,1.0064412238325282,0.6038647342995169,7.877079978529254,0.2549651100375738,,,
48,23.503757380568974,32.991143317230275,19.699409554482017,9.265968867418144,4.87788513150832,0.9259259259259259,0.6038647342995169,7.877079978529254,0.2549651100375738,,,
49,23.65136876006441,32.870370370370374,19.699409554482017,9.232420826623725,4.931561996779388,0.9259259259259259,0.5568974771873323,7.877079978529254,0.2549651100375738,,,
50,22.71202361782072,34.78260869565217,19.296833064949006,9.091519055287172,4.931561996779388,0.8722490606548577,0.5568974771873323,7.501341921631776,0.2549651100375738,,,
51,23.63123993558776,34.272678475577024,19.162640901771336,8.876811594202898,4.9651100375738055,0.8722490606548577,0.5568974771873323,7.300053676865271,0.24825550187869028,0.11406333870101985,,
52,23.49033816425121,33.21926999463231,21.021202361782073,8.76274825550188,4.891304347826087,0.8588298443370908,0.5501878690284487,6.843800322061192,0.24825550187869028,0.11406333870101985,,
53,24.10091250670961,32.890499194847024,20.605206655931294,8.896940418679549,4.891304347826087,0.8588298443370908,0.5501878690284487,6.843800322061192,0.24825550187869028,0.11406333870101985,,
54,23.98684916800859,32.30005367686527,20.571658615136876,8.829844337090714,5.032206119162641,0.8588298443370908,0.6709608158883521,7.387278582930757,0.24825550187869028,0.11406333870101985,,
55,24.268652710681696,31.622383252818036,20.40391841116479,8.816425120772946,5.522007514761138,0.9460547504025765,0.6709608158883521,7.387278582930757,0.24825550187869028,0.11406333870101985,,
56,24.235104669887278,31.132581857219538,21.557971014492754,8.521202361782072,5.300590445517981,0.8118625872249061,0.785024154589372,7.2933440687063875,0.24825550187869028,0.11406333870101985,,
57,24.516908212560388,29.354535695115406,22.624798711755233,8.387010198604402,6.253354804079442,0.644122383252818,0.785024154589372,7.071926999463232,0.24825550187869028,0.11406333870101985,,
58,24.4296833064949,28.30112721417069,22.5577026301664,9.111647879763822,6.4345142243692965,0.6239935587761675,0.785024154589372,7.253086419753086,0.24825550187869028,0.11406333870101985,0.14090177133655393,
59,24.55716586151369,27.657004830917874,22.24235104669887,9.561191626409018,6.407675791733762,0.5703166935050993,0.785024154589372,7.716049382716049,0.24825550187869028,0.11406333870101985,0.14090177133655393,
60,23.866076221148685,27.462426194310254,23.15485775630703,9.668545356951155,6.353998926462695,0.5501878690284487,0.7447665056360708,7.695920558239399,0.24825550187869028,0.11406333870101985,0.14090177133655393,
61,23.1280193236715,24.86580783682233,23.007246376811594,13.7211486849168,5.60252281266774,0.9460547504025765,0.7447665056360708,7.501341921631776,0.24825550187869028,0.11406333870101985,0.12077294685990338,
62,18.894256575415994,18.80703166935051,33.863392377885134,12.634192163177671,6.1862587224906065,0.9259259259259259,0.8051529790660226,7.326892109500805,0.322061191626409,0.11406333870101985,0.12077294685990338,
63,18.666129898013956,18.417874396135264,33.32662372517445,13.331991411701557,6.696188942565755,0.9125067096081588,0.8051529790660226,7.286634460547504,0.322061191626409,0.11406333870101985,0.12077294685990338,
64,18.968062265163713,18.21658615136876,29.965110037573805,13.305152979066023,6.763285024154589,0.9125067096081588,0.8051529790660226,10.507246376811594,0.322061191626409,0.11406333870101985,0.12077294685990338,
65,19.632313472893184,18.129361245303276,29.696725711218466,13.170960815888352,6.447933440687064,1.0534084809447128,0.8051529790660226,10.507246376811594,0.322061191626409,0.11406333870101985,0.12077294685990338,
66,19.90740740740741,18.075684380032207,29.49543746645196,13.251476113794954,6.501610305958132,1.0534084809447128,0.8051529790660226,10.352925389157273,0.322061191626409,0.11406333870101985,0.12077294685990338,
67,20.189210950080515,17.94820182501342,26.48953301127214,13.533279656468062,6.474771873322598,3.683574879227053,0.8051529790660226,10.319377348362856,0.322061191626409,0.11406333870101985,0.12077294685990338,
68,20.658883521202362,17.767042404723565,26.321792807300053,13.439345142243694,6.394256575415996,3.6634460547504024,0.8789586688137413,10.25228126677402,0.322061191626409,0.18115942028985507,0.12077294685990338,
69,21.027911969940956,17.746913580246915,25.91250670960816,13.22463768115942,6.286902844873859,3.6634460547504024,0.8789586688137413,10.520665593129362,0.322061191626409,0.18115942028985507,0.23483628556092323,
70,21.598228663446054,17.444981213097154,24.06736446591519,13.466183574879228,5.797101449275362,3.5225442834138487,0.9259259259259259,12.466451959205582,0.322061191626409,0.18115942028985507,0.20799785292538917,
71,22.114868491680085,17.364465915190554,23.899624261943103,13.33870101986044,5.776972624798712,3.515834675254965,0.8789586688137413,12.399355877616747,0.322061191626409,0.18115942028985507,0.20799785292538917,
72,21.3768115942029,17.995169082125603,23.65136876006441,13.20450885668277,5.850778314546431,3.6366076221148687,1.0131508319914118,12.473161567364466,0.322061191626409,0.18115942028985507,0.2952227589908749,
73,21.68545356951154,17.85426731078905,23.43666129898014,12.587224906065487,5.307300053676865,3.6366076221148687,0.7514761137949544,13.942565754159958,0.322061191626409,0.18115942028985507,0.2952227589908749,
74,22.38996242619431,17.74020397208803,23.26892109500805,12.439613526570048,5.233494363929147,3.6366076221148687,0.7514761137949544,13.768115942028986,0.30193236714975846,0.17444981213097155,0.2952227589908749,
75,22.17525496511004,17.62614063338701,24.20155662909286,12.365807836822329,5.0791733762748255,3.5963499731615673,0.6575415995705851,13.526570048309178,0.30193236714975846,0.17444981213097155,0.2952227589908749,
76,22.591250670960815,17.47181964573269,24.000268384326354,12.31213097155126,5.173107890499195,3.5963499731615673,0.6575415995705851,13.425925925925926,0.30193236714975846,0.17444981213097155,0.2952227589908749,
77,22.403381642512077,17.163177670424048,23.89291465378422,11.694847020933977,5.3274288781535155,3.5963499731615673,0.5568974771873323,14.593397745571659,0.30193236714975846,0.17444981213097155,0.2952227589908749,
78,22.638217928073,17.216854535695116,23.72517444981213,11.60762211486849,5.407944176060118,3.502415458937198,0.6508319914117016,14.479334406870638,0.30193236714975846,0.17444981213097155,0.2952227589908749,
79,22.77241009125067,17.16988727858293,23.64465915190553,11.60762211486849,5.501878690284487,3.502415458937198,0.6508319914117016,14.378690284487385,0.30193236714975846,0.17444981213097155,0.2952227589908749,
80,22.973698336017176,16.988727858293075,23.55072463768116,11.292270531400966,5.407944176060118,3.502415458937198,0.6508319914117016,14.620236178207193,0.30193236714975846,0.2952227589908749,0.27509393451422437,0.14090177133655393
81,23.30246913580247,16.948470209339774,22.785829307568438,11.345947396672035,5.991680085882985,3.4688674181427803,0.6508319914117016,14.492753623188406,0.30193236714975846,0.2952227589908749,0.27509393451422437,0.14090177133655393
82,23.21524422973698,16.908212560386474,22.497316156736446,9.990606548577563,6.112453032742888,5.300590445517981,0.6508319914117016,14.31159420289855,0.30193236714975846,0.2952227589908749,0.27509393451422437,0.14090177133655393
83,23.181696188942567,16.465378421900162,22.309447128287708,9.608158883521202,5.4616210413311865,6.910896403650026,0.630703166935051,14.298174986580785,0.30193236714975846,0.41599570585077833,0.27509393451422437,0.14090177133655393
84,23.00053676865271,15.874932903918411,23.19511540526033,9.588030059044552,5.4616210413311865,6.89747718733226,0.630703166935051,14.27133655394525,0.24825550187869028,0.41599570585077833,0.27509393451422437,0.14090177133655393
85,23.376274825550187,15.774288781535159,22.886473429951693,9.588030059044552,5.488459473966721,6.89747718733226,0.7045088566827697,14.210950080515298,0.24825550187869028,0.4092860976918948,0.27509393451422437,0.14090177133655393
86,23.738593666129898,15.767579173376275,22.785829307568438,9.400161030595813,5.407944176060118,6.89747718733226,0.7045088566827697,14.11701556629093,0.24825550187869028,0.39586688137412773,0.4092860976918948,0.1274825550187869
87,24.268652710681696,15.640096618357488,22.041062801932366,9.39345142243693,5.8172302737520125,6.951154052603328,0.7045088566827697,14.016371443907676,0.24825550187869028,0.39586688137412773,0.39586688137412773,0.1274825550187869
88,25.02012882447665,15.5126140633387,21.926999463231347,9.232420826623725,5.770263016639828,6.89747718733226,0.6977992485238862,13.774825550187868,0.24825550187869028,0.39586688137412773,0.39586688137412773,0.1274825550187869
89,23.698336017176597,14.55984970477724,25.55018786902845,8.561460010735374,5.730005367686527,6.857219538378959,0.5971551261406334,13.278314546430488,0.24825550187869028,0.39586688137412773,0.39586688137412773,0.1274825550187869
90,23.919753086419753,14.55984970477724,25.234836285560924,8.521202361782072,5.730005367686527,7.306763285024155,0.7179280730005367,12.922705314009661,0.24825550187869028,0.3153515834675255,0.39586688137412773,0.1274825550187869
91,24.261943102522814,14.38539989264627,24.953032742887814,8.521202361782072,5.676328502415459,7.501341921631776,0.7179280730005367,12.895866881374127,0.24825550187869028,0.3153515834675255,0.39586688137412773,0.1274825550187869
92,24.550456253354803,14.298174986580785,24.570585077831456,8.494363929146537,5.642780461621041,7.608695652173913,0.7179280730005367,13.030059044551798,0.24825550187869028,0.3153515834675255,0.39586688137412773,0.1274825550187869
93,24.530327428878152,14.244498121309716,24.349168008588297,8.427267847557703,5.642780461621041,7.575147611379496,0.7179280730005367,13.01663982823403,0.24825550187869028,0.3153515834675255,0.8051529790660226,0.1274825550187869
94,24.818840579710145,14.076757917337627,24.308910359634996,8.427267847557703,5.709876543209877,7.555018786902845,0.7179280730005367,12.889157273215245,0.24825550187869028,0.3153515834675255,0.8051529790660226,0.1274825550187869
95,25.261674718196456,13.935856146001074,24.241814278046164,8.3467525496511,5.6964573268921095,7.50805152979066,0.7179280730005367,12.842190016103059,0.24825550187869028,0.3153515834675255,0.7581857219538379,0.1274825550187869
96,25.39586688137413,13.868760064412239,23.89291465378422,8.809715512614064,5.58239398819109,7.568438003220612,0.7179280730005367,12.714707461084272,0.24825550187869028,0.3153515834675255,0.7581857219538379,0.1274825550187869
97,24.84567901234568,13.6808910359635,24.724906065485776,8.809715512614064,5.5756843800322065,7.568438003220612,0.6977992485238862,12.647611379495437,0.24825550187869028,0.3153515834675255,0.7581857219538379,0.1274825550187869
98,25.194578636607623,13.539989264626946,24.322329575952764,9.084809447128288,5.5756843800322065,7.447665056360709,0.7648953301127214,12.620772946859903,0.24825550187869028,0.3153515834675255,0.7581857219538379,0.1274825550187869
99,24.65780998389694,12.781803542673108,25.13419216317767,8.682232957595277,5.273752012882448,9.41358024691358,0.7648953301127214,12.117552334943639,0.24825550187869028,0.3153515834675255,0.4830917874396135,0.1274825550187869
100,25.0,12.607353730542137,24.86580783682233,8.910359634997317,5.0993022007514766,9.561191626409018,0.8588298443370908,11.922973698336017,0.24825550187869028,0.3153515834675255,0.4830917874396135,0.1274825550187869
101,25.43612453032743,12.553676865271068,24.610842726784757,8.856682769726248,5.0858829844337095,9.54777241009125,0.8588298443370908,11.876006441223833,0.24825550187869028,0.3153515834675255,0.4830917874396135,0.1274825550187869
102,25.87895866881374,12.453032742887816,24.376006441223833,9.25925925925926,5.059044551798175,9.219001610305957,0.8521202361782072,11.621041331186259,0.24825550187869028,0.30864197530864196,0.6038647342995169,0.12077294685990338
103,25.650831991411703,12.305421363392378,23.470209339774556,9.366612989801396,4.978529253891573,6.870638754696726,0.9125067096081588,15.123456790123457,0.24825550187869028,0.30864197530864196,0.4830917874396135,0.28180354267310787
104,23.60440150295223,13.788244766505636,22.75228126677402,8.863392377885132,4.609500805152979,9.23913043478261,0.9125067096081588,14.908749329039184,0.24825550187869028,0.30864197530864196,0.4830917874396135,0.28180354267310787
105,23.852657004830917,13.781535158346752,22.591250670960815,8.76274825550188,4.730273752012883,9.16532474503489,0.9125067096081588,14.88191089640365,0.24825550187869028,0.30864197530864196,0.4830917874396135,0.28180354267310787
106,23.040794417606012,16.324476650563607,22.034353193773484,8.487654320987655,4.770531400966184,9.125067096081589,0.8789586688137413,14.056629092860977,0.24825550187869028,0.30864197530864196,0.4830917874396135,0.24154589371980675
107,23.141438539989263,16.25067096081589,21.846484165324746,8.474235104669887,5.025496511003757,9.668545356951155,0.8789586688137413,13.439345142243694,0.24825550187869028,0.30864197530864196,0.4830917874396135,0.23483628556092323
108,23.51046698872786,16.076221148684915,21.74584004294149,8.433977455716587,5.152979066022544,9.574610842726784,0.8789586688137413,13.352120236178207,0.24825550187869028,0.30864197530864196,0.4830917874396135,0.23483628556092323
109,23.396403650026837,14.9020397208803,23.738593666129898,8.433977455716587,5.24020397208803,9.252549651100376,0.798443370907139,12.962962962962964,0.24825550187869028,0.30864197530864196,0.4830917874396135,0.23483628556092323
110,23.403113258185723,14.506172839506172,23.718464841653248,8.32662372517445,5.562265163714439,9.252549651100376,0.798443370907139,12.902576489533011,0.24825550187869028,0.30864197530864196,0.4830917874396135,0.48980139559849706
111,23.040794417606012,14.083467525496511,23.691626409017715,8.387010198604402,5.562265163714439,10.030864197530864,0.798443370907139,12.875738056897477,0.24825550187869028,0.30864197530864196,0.4830917874396135,0.48980139559849706
112,23.66478797638218,13.808373590982287,23.557434245840042,8.501073537305421,5.414653784219001,10.030864197530864,0.6709608158883521,12.822061191626409,0.24825550187869028,0.30864197530864196,0.4830917874396135,0.48980139559849706
113,24.288781535158346,13.446054750402576,23.409822866344605,8.501073537305421,5.475040257648954,9.769189479334408,0.6709608158883521,12.909286097691895,0.24825550187869028,0.30864197530864196,0.4830917874396135,0.48980139559849706
114,24.65780998389694,13.325281803542673,23.315888352120236,8.460815888352121,5.515297906602254,9.722222222222221,0.6575415995705851,12.815351583467525,0.24825550187869028,0.30864197530864196,0.4830917874396135,0.48980139559849706
115,25.120772946859905,13.251476113794954,22.5577026301664,8.373590982286634,5.501878690284487,10.057702630166398,0.6374127750939346,12.86231884057971,0.24825550187869028,0.30864197530864196,0.4830917874396135,0.5971551261406334
116,25.335480407944175,13.097155126140633,21.772678475577028,9.131776704240472,5.501878690284487,10.057702630166398,0.6374127750939346,12.86231884057971,0.24825550187869028,0.27509393451422437,0.4830917874396135,0.5971551261406334
117,25.6105743424584,13.030059044551798,21.557971014492754,9.212292002147075,5.501878690284487,10.057702630166398,0.6172839506172839,12.808641975308642,0.24825550187869028,0.27509393451422437,0.4830917874396135,0.5971551261406334
118,25.771604938271604,12.989801395598498,21.32313472893183,9.359903381642512,5.595813204508857,9.96376811594203,0.5971551261406334,12.795222758990874,0.24825550187869028,0.27509393451422437,0.4830917874396135,0.5971551261406334
119,26.093666129898015,12.942834138486312,21.22249060654858,9.359903381642512,5.924584004294149,9.990606548577563,0.5971551261406334,12.318840579710145,0.24825550187869028,0.27509393451422437,0.4830917874396135,0.5434782608695652
120,25.369028448738593,12.47987117552335,19.786634460547504,9.359903381642512,5.615942028985507,10.158346752549651,0.5971551261406334,15.069779924852389,0.19457863660762212,0.27509393451422437,0.5501878690284487,0.5434782608695652
121,26.019860440150296,12.27187332259796,19.712828770799785,9.31964573268921,5.508588298443371,10.11808910359635,0.5971551261406334,14.888620504562533,0.19457863660762212,0.27509393451422437,0.5501878690284487,0.5434782608695652
122,26.167471819645733,12.238325281803542,19.558507783145465,9.29951690821256,5.434782608695652,10.46027911969941,0.5971551261406334,14.741009125067096,0.19457863660762212,0.27509393451422437,0.5501878690284487,0.4830917874396135
123,26.25469672571122,11.855877616747183,19.55179817498658,9.198872785829307,5.548845947396672,10.507246376811594,0.5971551261406334,14.908749329039184,0.19457863660762212,0.27509393451422437,0.5501878690284487,0.5568974771873323
124,26.549919484702095,11.768652710681696,19.41760601180891,9.16532474503489,5.548845947396672,10.48040794417606,0.5971551261406334,14.895330112721417,0.19457863660762212,0.27509393451422437,0.5501878690284487,0.5568974771873323
125,26.650563607085346,11.741814278046162,19.223027375201287,9.01100375738057,5.60252281266774,10.507246376811594,0.7447665056360708,14.942297369833602,0.19457863660762212,0.27509393451422437,0.5501878690284487,0.5568974771873323
126,26.94578636607622,11.627750939345143,19.330381105743424,9.01100375738057,5.46833064949007,10.406602254428341,0.7447665056360708,14.888620504562533,0.19457863660762212,0.27509393451422437,0.5501878690284487,0.5568974771873323
127,27.30810520665593,11.627750939345143,19.276704240472355,8.964036500268385,5.46833064949007,10.332796564680622,0.6843800322061192,14.761137949543746,0.19457863660762212,0.27509393451422437,0.5501878690284487,0.5568974771873323
128,27.49597423510467,11.60762211486849,19.196188942565755,8.964036500268385,5.46833064949007,10.332796564680622,0.6843800322061192,14.673913043478262,0.19457863660762212,0.27509393451422437,0.5501878690284487,0.5568974771873323
129,27.66371443907676,11.473429951690822,19.14922168545357,8.997584541062801,5.58239398819109,10.285829307568438,0.6843800322061192,14.620236178207193,0.19457863660762212,0.27509393451422437,0.5501878690284487,0.5233494363929146
130,28.16022544283414,11.439881910896403,18.988191089640367,8.836553945249598,5.58239398819109,10.272410091250672,0.6843800322061192,14.492753623188406,0.19457863660762212,0.27509393451422437,0.5501878690284487,0.5233494363929146
131,23.235373054213635,33.823134728931834,9.957058507783145,6.991411701556629,4.025764895330113,8.420558239398819,0.38915727321524424,11.714975845410628,0.19457863660762212,0.27509393451422437,0.6575415995705851,0.3153515834675255
132,23.416532474503487,33.77616747181965,9.957058507783145,6.9243156199677935,3.9989264626945786,8.420558239398819,0.46967257112184646,11.621041331186259,0.19457863660762212,0.24825550187869028,0.6575415995705851,0.3153515834675255
133,23.58427267847558,33.74932903918411,9.829575952764358,6.9243156199677935,3.9989264626945786,8.407139023081053,0.46967257112184646,11.621041331186259,0.19457863660762212,0.24825550187869028,0.6575415995705851,0.3153515834675255
134,23.537305421363392,33.2259796027912,9.796027911969942,7.071926999463232,4.139828234031133,8.393719806763285,0.46967257112184646,11.949812130971551,0.19457863660762212,0.24825550187869028,0.6575415995705851,0.3153515834675255
135,23.557434245840042,33.01798174986581,9.66183574879227,7.071926999463232,4.361245303274289,8.527911969940956,0.46967257112184646,11.916264090177133,0.19457863660762212,0.24825550187869028,0.6575415995705851,0.3153515834675255
136,23.282340311325818,32.789855072463766,11.473429951690822,7.481213097155126,4.341116478797638,8.373590982286634,0.41599570585077833,10.433440687063875,0.19457863660762212,0.24154589371980675,0.6575415995705851,0.3153515834675255
137,23.463499731615673,32.689210950080515,11.473429951690822,7.481213097155126,4.341116478797638,8.333333333333334,0.41599570585077833,10.393183038110575,0.19457863660762212,0.24154589371980675,0.6575415995705851,0.3153515834675255
138,23.423242082662373,32.47450348899624,11.533816425120772,7.481213097155126,4.408212560386473,8.467525496511003,0.41599570585077833,10.38647342995169,0.19457863660762212,0.24154589371980675,0.6575415995705851,0.3153515834675255
139,23.752012882447666,32.21282877079979,11.453301127214171,7.306763285024155,4.508856682769726,8.460815888352121,0.41599570585077833,10.305958132045088,0.19457863660762212,0.23483628556092323,0.5837359098228664,0.5703166935050993
140,24.168008588298445,31.843800322061192,11.386205045625335,7.816693505099302,4.30756843800322,8.252818035426731,0.41599570585077833,10.23215244229737,0.1878690284487386,0.23483628556092323,0.5837359098228664,0.5703166935050993
141,24.671229200214707,30.971551261406333,11.285560923242082,7.776435856146001,4.770531400966184,8.252818035426731,0.41599570585077833,10.279119699409554,0.1878690284487386,0.23483628556092323,0.5837359098228664,0.5703166935050993
142,25.107353730542137,30.56226516371444,11.258722490606548,7.75630703166935,4.830917874396135,8.232689210950081,0.4092860976918948,10.265700483091788,0.1878690284487386,0.23483628556092323,0.5837359098228664,0.5703166935050993
143,25.328770799785293,30.434782608695652,11.292270531400966,7.816693505099302,4.824208266237251,8.299785292538916,0.4092860976918948,10.057702630166398,0.1878690284487386,0.23483628556092323,0.5837359098228664,0.5300590445517982
144,25.09393451422437,30.95813204508857,11.191626409017713,7.749597423510467,4.824208266237251,8.272946859903382,0.4092860976918948,9.96376811594203,0.1878690284487386,0.23483628556092323,0.5837359098228664,0.5300590445517982
145,25.281803542673106,30.870907139023082,10.909822866344605,7.709339774557166,5.2066559312936125,8.252818035426731,0.30864197530864196,9.990606548577563,0.1878690284487386,0.16774020397208803,0.5837359098228664,0.5300590445517982
146,22.33628556092324,30.17981749865808,20.585077831454644,6.971282877079979,4.87788513150832,6.078904991948471,0.30864197530864196,7.25979602791197,0.1878690284487386,0.11406333870101985,0.47638217928073,0.6239935587761675
147,22.490606548577563,30.038915727321523,20.1959205582394,6.971282877079979,4.783950617283951,6.085614600107354,0.30864197530864196,7.722758990874933,0.1878690284487386,0.11406333870101985,0.47638217928073,0.6239935587761675
148,22.920021470746107,29.73027375201288,19.97450348899624,6.890767579173376,5.01207729468599,6.0654857756307035,0.30864197530864196,7.695920558239399,0.1878690284487386,0.11406333870101985,0.47638217928073,0.6239935587761675
149,23.409822866344605,29.508856682769725,19.732957595276435,6.837090713902308,5.005367686527107,6.025228126677402,0.30864197530864196,7.769726247987117,0.1878690284487386,0.11406333870101985,0.47638217928073,0.6239935587761675
150,23.235373054213635,29.1935050993022,20.551529790660226,6.6760601180891035,5.032206119162641,5.904455179817498,0.30864197530864196,7.695920558239399,0.1878690284487386,0.11406333870101985,0.47638217928073,0.6239935587761675
151,23.396403650026837,29.1532474503489,20.40391841116479,6.595544820182502,5.179817498658078,5.904455179817498,0.30864197530864196,7.6556629092860975,0.1878690284487386,0.11406333870101985,0.47638217928073,0.6239935587761675
152,23.758722490606548,29.0727321524423,20.2361782071927,6.568706387546968,5.052334943639291,5.877616747181965,0.30864197530864196,7.742887815351583,0.1878690284487386,0.11406333870101985,0.46967257112184646,0.6105743424584005
153,23.960010735373054,28.945249597423512,20.316693505099302,6.515029522275899,5.119431025228127,5.4616210413311865,0.30864197530864196,7.541599570585078,0.1878690284487386,0.11406333870101985,0.4227053140096618,1.107085346215781
154,24.241814278046164,28.65673644659152,20.209339774557165,6.702898550724638,5.2066559312936125,5.35426731078905,0.30864197530864196,7.48792270531401,0.1878690284487386,0.11406333870101985,0.4227053140096618,1.107085346215781
155,24.382716049382715,28.63660762211487,20.162372517444982,6.696188942565755,5.159688674181428,5.3341384863123995,0.30864197530864196,7.48792270531401,0.1878690284487386,0.11406333870101985,0.4227053140096618,1.107085346215781
156,24.765163714439076,28.415190552871714,19.95437466451959,6.823671497584541,5.159688674181428,5.314009661835748,0.30864197530864196,7.427536231884058,0.1878690284487386,0.11406333870101985,0.4227053140096618,1.107085346215781
157,24.738325281803544,28.30112721417069,19.03515834675255,6.810252281266774,5.35426731078905,5.6964573268921095,0.2952227589908749,7.937466451959206,0.1878690284487386,0.11406333870101985,0.4227053140096618,1.107085346215781
158,25.120772946859905,28.193773483628558,18.874127750939344,6.6760601180891035,5.347557702630167,5.776972624798712,0.2952227589908749,7.883789586688137,0.1878690284487386,0.11406333870101985,0.4227053140096618,1.107085346215781
159,25.449543746645197,28.026033279656467,18.86070853462158,6.649221685453569,5.320719269994632,5.750134192163178,0.2952227589908749,7.830112721417069,0.1878690284487386,0.11406333870101985,0.4227053140096618,1.093666129898014
160,25.644122383252817,27.81803542673108,18.71309715512614,6.649221685453569,5.448201825013419,5.797101449275362,0.39586688137412773,7.7831454643048845,0.1878690284487386,0.11406333870101985,0.4227053140096618,1.0265700483091786
161,25.79844337090714,27.730810520665592,18.605743424584006,6.588835212023618,5.683038110574342,5.730005367686527,0.39586688137412773,7.7831454643048845,0.1878690284487386,0.0939345142243693,0.3757380568974772,1.0265700483091786
162,26.01315083199141,27.583199141170155,18.605743424584006,6.6760601180891035,5.629361245303274,5.71658615136876,0.39586688137412773,7.695920558239399,0.1878690284487386,0.0939345142243693,0.3757380568974772,1.0265700483091786
163,26.52308105206656,27.194041867954912,18.5654857756307,6.655931293612453,5.5689747718733225,5.71658615136876,0.39586688137412773,7.695920558239399,0.1878690284487386,0.0939345142243693,0.3757380568974772,1.0265700483091786
164,26.77133655394525,26.986044015029524,18.55877616747182,6.655931293612453,5.5689747718733225,5.71658615136876,0.39586688137412773,7.6623725174449815,0.1878690284487386,0.0939345142243693,0.3757380568974772,1.0265700483091786
165,26.84514224369297,26.7914653784219,18.49838969404187,6.8035426731078905,5.58239398819109,5.656199677938808,0.39586688137412773,7.742887815351583,0.1878690284487386,0.0939345142243693,0.3757380568974772,1.0265700483091786
166,27.26113794954375,26.39559849704777,18.47826086956522,6.790123456790123,5.6964573268921095,5.5689747718733225,0.39586688137412773,7.729468599033816,0.1878690284487386,0.0939345142243693,0.3757380568974772,1.0265700483091786
167,27.435587761674718,26.33521202361782,18.411164787976382,6.649221685453569,5.703166935050993,5.4616210413311865,0.39586688137412773,7.695920558239399,0.1878690284487386,0.0939345142243693,0.5166398282340311,1.1137949543746646
168,26.89210950080515,25.489801395598498,18.38432635534085,8.970746108427267,5.622651637144391,4.736983360171766,0.39586688137412773,7.6556629092860975,0.1878690284487386,0.0939345142243693,0.4562533548040794,1.1137949543746646
169,27.28797638217928,25.36231884057971,18.075684380032207,8.943907675791733,5.4616210413311865,4.770531400966184,0.5501878690284487,7.6623725174449815,0.16774020397208803,0.0939345142243693,0.4562533548040794,1.1674718196457328
170,27.469135802469136,25.301932367149757,17.995169082125603,8.93719806763285,5.428073000536768,4.87788513150832,0.5501878690284487,7.581857219538379,0.14090177133655393,0.0939345142243693,0.4562533548040794,1.1674718196457328
171,27.771068169618893,25.207997852925388,17.921363392377884,8.789586688137414,5.414653784219001,4.871175523349437,0.5501878690284487,7.615405260332796,0.14090177133655393,0.0939345142243693,0.4562533548040794,1.1674718196457328
172,28.18035426731079,25.05367686527107,17.69994632313473,8.76274825550188,5.535426731078905,4.85775630703167,0.5501878690284487,7.501341921631776,0.14090177133655393,0.0939345142243693,0.4562533548040794,1.1674718196457328
173,28.18035426731079,25.013419216317768,17.659688674181428,8.722490606548577,5.609232420826624,4.8376274825550185,0.5501878690284487,7.568438003220612,0.14090177133655393,0.0939345142243693,0.4562533548040794,1.1674718196457328
174,27.34836285560923,24.852388620504563,16.834406870638755,8.796296296296296,5.434782608695652,4.5893719806763285,0.630703166935051,9.708803005904455,0.14090177133655393,0.040257648953301126,0.4562533548040794,1.1674718196457328
175,27.623456790123456,24.59742351046699,17.022275899087493,8.655394524959743,5.35426731078905,4.575952764358561,0.630703166935051,9.668545356951155,0.14090177133655393,0.1610305958132045,0.4562533548040794,1.1137949543746646
176,27.791196994095547,24.315619967793882,17.20343531937735,8.836553945249598,5.233494363929147,4.508856682769726,0.6977992485238862,9.614868491680086,0.14090177133655393,0.1610305958132045,0.3824476650563607,1.1137949543746646
177,28.113258185721953,23.89291465378422,17.136339237788512,8.78287707997853,5.360976918947934,4.28743961352657,0.6977992485238862,9.769189479334408,0.14090177133655393,0.1610305958132045,0.3824476650563607,1.2748255501878691
178,28.44873859366613,23.785560923242084,17.05582393988191,8.709071390230811,5.3274288781535155,4.26731078904992,0.6977992485238862,9.75577026301664,0.14090177133655393,0.1610305958132045,0.3824476650563607,1.2681159420289856
179,28.73054213633924,23.63123993558776,16.982018250134193,8.682232957595277,5.407944176060118,4.253891572732153,0.6977992485238862,9.66183574879227,0.14090177133655393,0.1610305958132045,0.3824476650563607,1.2681159420289856
180,29.408212560386474,23.517176596886742,16.874664519592056,8.648684916800859,5.260332796564681,4.126409017713366,0.6977992485238862,9.514224369296834,0.14090177133655393,0.1610305958132045,0.3824476650563607,1.2681159420289856
181,29.716854535695116,23.49704777241009,16.63311862587225,8.628556092324208,5.166398282340311,4.086151368760064,0.8588298443370908,9.460547504025765,0.14090177133655393,0.1610305958132045,0.3824476650563607,1.2681159420289856
182,30.09259259259259,23.389694041867955,16.51905528717123,8.541331186258722,5.166398282340311,3.992216854535695,0.8588298443370908,9.494095544820183,0.14090177133655393,0.1610305958132045,0.3824476650563607,1.261406333870102
183,30.213365539452496,23.19511540526033,16.451959205582394,8.494363929146537,5.260332796564681,4.119699409554482,0.8588298443370908,9.480676328502415,0.14090177133655393,0.1610305958132045,0.3824476650563607,1.2412775093934514
184,30.62265163714439,22.920021470746107,16.223832528180353,8.494363929146537,5.528717122920021,4.106280193236715,0.8588298443370908,9.31964573268921,0.14090177133655393,0.1610305958132045,0.3824476650563607,1.2412775093934514
185,30.810520665593128,22.920021470746107,16.14331723027375,8.460815888352121,5.481749865807837,4.106280193236715,0.8588298443370908,9.292807300053678,0.14090177133655393,0.1610305958132045,0.3824476650563607,1.2412775093934514
186,30.709876543209877,22.57783145464305,16.71363392377885,8.393719806763285,5.475040257648954,4.0995705850778315,0.8588298443370908,9.245840042941492,0.14090177133655393,0.1610305958132045,0.3824476650563607,1.2412775093934514
187,31.031937734836287,22.430220075147613,16.626409017713364,8.319914117015566,5.475040257648954,4.0995705850778315,0.8588298443370908,9.232420826623725,0.14090177133655393,0.1610305958132045,0.3824476650563607,1.2412775093934514
188,31.07890499194847,22.31615673644659,16.586151368760063,8.527911969940956,5.475040257648954,4.072732152442297,0.8588298443370908,9.158615136876007,0.14090177133655393,0.1610305958132045,0.3824476650563607,1.2412775093934514
189,31.32716049382716,22.17525496511004,16.532474503488995,8.413848631239935,5.434782608695652,4.05931293612453,0.8588298443370908,9.158615136876007,0.14090177133655393,0.27509393451422437,0.3824476650563607,1.2412775093934514
190,31.44122383252818,22.10144927536232,16.451959205582394,8.393719806763285,5.522007514761138,4.05931293612453,0.8588298443370908,9.131776704240472,0.14090177133655393,0.27509393451422437,0.3824476650563607,1.2412775093934514
191,31.776704240472355,22.014224369296834,16.317767042404725,8.447396672034353,5.421363392377885,4.05931293612453,0.8588298443370908,9.064680622651638,0.14090177133655393,0.27509393451422437,0.3824476650563607,1.2412775093934514
192,31.561996779388085,21.484165324745035,16.284219001610307,8.272946859903382,6.347289318303811,4.126409017713366,0.8588298443370908,9.057971014492754,0.14090177133655393,0.27509393451422437,0.3824476650563607,1.2077294685990339
