,45,50,55,51,54,53,52,57,59,60,56,58,61,46
0,99.30220075147611,0.6977992485238862,,,,,,,,,,,,
1,97.2289318303811,2.771068169618894,,,,,,,,,,,,
2,96.38352120236178,3.616478797638218,,,,,,,,,,,,
3,95.967525496511,3.9720880300590444,0.06038647342995169,,,,,,,,,,,
4,94.9476650563607,4.951690821256038,0.06038647342995169,0.040257648953301126,,,,,,,,,,
5,73.1682769726248,26.39559849704777,0.36231884057971014,0.07380568974771873,,,,,,,,,,
6,72.75228126677402,26.48953301127214,0.5367686527106817,0.08051529790660225,0.14090177133655393,,,,,,,,,
7,69.57863660762212,29.59608158883521,0.6038647342995169,0.08051529790660225,0.14090177133655393,,,,,,,,,
8,69.36392914653784,29.643048845947398,0.6709608158883521,0.14090177133655393,0.18115942028985507,,,,,,,,,
9,40.713902308105204,58.051529790660226,0.9326355340848095,0.10064412238325282,0.18115942028985507,0.020128824476650563,,,,,,,,
10,40.45893719806763,57.9374664519592,1.3016639828234031,0.10064412238325282,0.18115942028985507,0.020128824476650563,,,,,,,,
11,40.27106816961889,55.83064949006978,3.502415458937198,0.10064412238325282,0.20799785292538917,0.020128824476650563,0.06709608158883522,,,,,,,
12,40.21068169618894,55.703166935050994,3.6366076221148687,0.15432098765432098,0.20799785292538917,0.020128824476650563,0.06709608158883522,,,,,,,
13,39.98926462694579,55.68974771873322,3.8714439076757916,0.15432098765432098,0.20799785292538917,0.020128824476650563,0.06709608158883522,,,,,,,
14,39.821524422973695,50.79173376274826,3.4017713365539453,0.19457863660762212,2.7643585614600106,2.8113258185721954,0.06709608158883522,0.11406333870101985,0.03354804079441761,,,,,
15,37.19135802469136,53.01932367149758,3.7573805689747717,0.24154589371980675,2.7509393451422435,2.7308105206655933,0.06709608158883522,0.11406333870101985,0.1274825550187869,,,,,
16,36.8491680085883,53.133387010198604,3.9049919484702094,0.24154589371980675,2.8113258185721954,2.7308105206655933,0.06709608158883522,0.11406333870101985,0.14761137949543746,,,,,
17,35.54079441760601,54.159957058507786,4.106280193236715,0.2147074610842727,2.918679549114332,2.7308105206655933,0.06709608158883522,0.11406333870101985,0.14761137949543746,,,,,
18,33.863392377885134,55.32742887815352,4.17337627482555,0.2147074610842727,2.9723564143853998,3.012614063338701,0.06709608158883522,0.11406333870101985,0.2281266774020397,0.026838432635534086,,,,
19,33.803005904455176,52.81803542673108,4.367954911433173,0.2147074610842727,3.569511540526033,4.770531400966184,0.06709608158883522,0.11406333870101985,0.2281266774020397,0.026838432635534086,0.020128824476650563,,,
20,33.76945786366076,52.563070316693505,4.441760601180891,0.2147074610842727,3.6231884057971016,4.64975845410628,0.06709608158883522,0.11406333870101985,0.2281266774020397,0.026838432635534086,0.17444981213097155,0.1274825550187869,,
21,33.64868491680086,48.87278582930757,4.3478260869565215,5.8239398819108965,3.2742887815351582,3.475577026301664,0.06709608158883522,0.11406333870101985,0.14761137949543746,0.026838432635534086,0.17444981213097155,0.026838432635534086,,
22,33.5077831454643,48.50375738056898,4.622920021470746,5.756843800322061,3.321256038647343,3.4957058507783145,0.18115942028985507,0.11406333870101985,0.14761137949543746,0.026838432635534086,0.2952227589908749,0.026838432635534086,,
23,31.924315619967793,49.57729468599034,4.616210413311863,5.622651637144391,3.4688674181427803,4.03918411164788,0.18115942028985507,0.11406333870101985,0.14761137949543746,0.026838432635534086,0.2549651100375738,0.026838432635534086,,
24,30.48845947396672,47.87305421363392,7.199409554482019,5.589103596349974,3.824476650563607,4.03918411164788,0.3488996242619431,0.11406333870101985,0.14761137949543746,0.026838432635534086,0.322061191626409,0.026838432635534086,,
25,28.455448201825014,46.323134728931834,6.850509930220075,7.917337627482555,5.401234567901234,3.878153515834675,0.47638217928073,0.11406333870101985,0.11406333870101985,0.026838432635534086,0.41599570585077833,0.026838432635534086,,
26,28.10654857756307,44.45115405260333,6.904186795491143,10.326086956521738,4.998658078368224,3.844605475040258,0.5367686527106817,0.11406333870101985,0.11406333870101985,0.026838432635534086,0.5501878690284487,0.026838432635534086,,
27,26.704240472356414,45.571658615136876,6.890767579173376,10.399892646269459,5.0993022007514766,3.844605475040258,0.5367686527106817,0.11406333870101985,0.1274825550187869,0.026838432635534086,0.6575415995705851,0.026838432635534086,,
28,25.120772946859905,41.277509393451425,5.776972624798712,10.399892646269459,7.803274288781535,3.7037037037037037,4.978529253891573,0.11406333870101985,0.1274825550187869,,0.5770263016639828,0.12077294685990338,,
29,25.09393451422437,41.136607622114866,5.897745571658615,10.198604401502953,7.6556629092860975,3.683574879227053,4.99194847020934,0.10735373054213634,0.27509393451422437,,0.8118625872249061,0.14761137949543746,,
30,24.966451959205582,39.60681696188943,7.548309178743962,10.279119699409554,7.568438003220612,3.683574879227053,5.01207729468599,0.10735373054213634,0.27509393451422437,0.020128824476650563,0.785024154589372,0.14761137949543746,,
31,24.718196457326894,39.26462694578637,8.051529790660226,10.19189479334407,7.588566827697263,3.683574879227053,4.978529253891573,0.10735373054213634,0.38915727321524424,0.020128824476650563,0.8588298443370908,0.14761137949543746,,
32,24.376006441223833,37.92270531400966,9.29951690821256,10.420021470746109,7.7831454643048845,3.683574879227053,4.978529253891573,0.10735373054213634,0.38915727321524424,0.020128824476650563,0.8722490606548577,0.14761137949543746,,
33,24.235104669887278,37.775093934514224,9.346484165324744,10.339506172839506,7.85024154589372,3.7104133118625873,5.018786902844874,0.14090177133655393,0.38915727321524424,0.020128824476650563,1.0064412238325282,0.16774020397208803,,
34,24.040526033279658,37.493290391841114,9.373322597960279,10.493827160493828,7.971014492753623,3.5829307568438002,5.01207729468599,0.14090177133655393,0.38915727321524424,0.020128824476650563,1.2077294685990339,0.27509393451422437,,
35,23.859366612989803,37.513419216317764,9.373322597960279,10.352925389157273,7.957595276435856,3.643317230273752,5.199946323134729,0.14090177133655393,0.38915727321524424,0.020128824476650563,1.2681159420289856,0.28180354267310787,,
36,23.49704777241009,36.75523349436393,9.41358024691358,9.353193773483628,7.7831454643048845,2.5026838432635534,8.400429414922169,0.2281266774020397,0.38915727321524424,0.10064412238325282,1.2681159420289856,0.30864197530864196,,
37,23.329307568438004,36.62775093934514,9.816156736446592,9.46725711218465,7.5281803542673105,2.5161030595813205,8.353462157809984,0.20128824476650564,0.4830917874396135,0.10064412238325282,1.2748255501878691,0.30193236714975846,,
38,19.659151905528716,39.64707461084273,9.54777241009125,9.064680622651638,8.883521202361782,2.5161030595813205,8.246108427267847,0.2147074610842727,0.4830917874396135,0.1610305958132045,1.2748255501878691,0.30193236714975846,,
39,19.679280730005367,39.2914653784219,9.728931830381105,9.03113258185722,8.816425120772946,2.6502952227589907,8.246108427267847,0.2147074610842727,0.5434782608695652,0.1610305958132045,1.3083735909822867,0.32877079978529256,,
40,19.538378958668815,39.00295222758991,10.044283413848632,8.460815888352121,9.41358024691358,2.6502952227589907,8.380300590445518,0.2147074610842727,0.5434782608695652,0.12077294685990338,1.1473429951690821,0.4830917874396135,,
41,19.49141170155663,38.73456790123457,10.064412238325282,8.460815888352121,9.433709071390231,2.818035426731079,8.340042941492216,0.2147074610842727,0.6910896403650026,0.12077294685990338,1.1473429951690821,0.4830917874396135,,
42,18.99490069779925,36.79549114331723,9.567901234567902,10.017444981213098,10.030864197530864,5.562265163714439,6.353998926462695,0.18115942028985507,0.6508319914117016,0.13419216317767044,1.2278582930756843,0.4830917874396135,,
43,18.92109500805153,36.560654857756305,9.88996242619431,9.96376811594203,9.91009125067096,5.723295759527644,6.353998926462695,0.18115942028985507,0.6508319914117016,0.13419216317767044,1.2412775093934514,0.46967257112184646,,
44,18.753354804079443,36.48684916800859,9.990606548577563,10.037573805689748,9.903381642512077,5.783682232957595,5.850778314546431,0.18115942028985507,0.6843800322061192,0.13419216317767044,1.724369296833065,0.46967257112184646,,
45,18.726516371443907,36.312399355877616,10.185185185185185,9.997316156736447,9.903381642512077,5.783682232957595,5.8172302737520125,0.18115942028985507,0.6843800322061192,0.16774020397208803,1.7713365539452497,0.46967257112184646,,
46,18.746645195920557,36.10440150295223,10.453569511540525,9.923510466988727,9.903381642512077,5.763553408480945,5.8172302737520125,0.18115942028985507,0.6239935587761675,0.16774020397208803,1.8451422436929683,0.46967257112184646,,
47,18.69296833064949,35.158346752549654,9.232420826623725,9.856414385399892,11.949812130971551,5.763553408480945,6.045356951154052,0.18115942028985507,0.6239935587761675,0.16774020397208803,1.8585614600107354,0.46967257112184646,,
48,18.51851851851852,32.8972088030059,9.158615136876007,9.863123993558776,11.721685453569512,8.521202361782072,5.522007514761138,0.5636070853462157,0.6105743424584005,0.16774020397208803,1.8719806763285025,0.5837359098228664,,
49,18.230005367686527,33.16559312936125,9.158615136876007,9.883252818035427,11.728395061728396,8.521202361782072,5.488459473966721,0.5971551261406334,0.6172839506172839,0.16774020397208803,1.8585614600107354,0.5837359098228664,,
50,18.183038110574344,33.08507783145464,9.178743961352657,9.842995169082126,11.728395061728396,8.655394524959743,5.501878690284487,0.5971551261406334,0.6172839506172839,0.16774020397208803,1.8585614600107354,0.5837359098228664,,
51,18.149490069779926,31.468062265163713,9.03113258185722,9.702093397745571,13.580246913580247,8.648684916800859,5.4616210413311865,0.6172839506172839,0.6038647342995169,0.20799785292538917,1.8786902844873858,0.6508319914117016,,
52,17.310789049919485,31.52173913043478,9.078099838969404,10.607890499194847,13.687600644122384,8.635265700483092,5.414653784219001,0.6642512077294686,0.6038647342995169,0.19457863660762212,1.6170155662909287,0.6642512077294686,,
53,17.196725711218466,31.508319914117017,9.172034353193773,10.379763821792807,13.6406333870102,8.742619431025227,5.4616210413311865,0.6843800322061192,0.6374127750939346,0.19457863660762212,1.7176596886741815,0.6642512077294686,,
54,17.07595276435856,31.15271068169619,9.07139023081052,10.34621578099839,13.493022007514762,8.132045088566828,6.810252281266774,0.6575415995705851,0.6374127750939346,0.20799785292538917,1.751207729468599,0.6642512077294686,,
55,16.284219001610307,31.676060118089104,9.017713365539452,10.352925389157273,14.13714439076758,8.132045088566828,6.4345142243692965,0.630703166935051,0.6374127750939346,0.20799785292538917,1.7579173376274826,0.7313472893183038,,
56,16.09634997316157,31.293612453032743,9.447128287707997,10.265700483091788,14.103596349973161,8.3467525496511,6.011808910359635,0.8454106280193237,0.8923778851315083,0.20799785292538917,1.7579173376274826,0.7313472893183038,,
57,14.036500268384327,36.78878153515835,9.172034353193773,8.266237251744498,13.922436929683306,7.682501341921632,5.797101449275362,0.8856682769726248,0.966183574879227,0.2214170692431562,1.5365002683843263,0.7246376811594203,,
58,13.882179280730005,36.574074074074076,9.205582393988191,8.494363929146537,13.915727321524423,7.675791733762749,5.770263016639828,0.8856682769726248,0.966183574879227,0.2214170692431562,1.6841116478797638,0.7246376811594203,,
59,13.526570048309178,33.313204508856685,9.037842190016104,8.420558239398819,15.653515834675256,7.320182501341922,8.004562533548041,0.8454106280193237,0.9863123993558777,0.2214170692431562,1.8183038110574343,0.8521202361782072,,
60,13.439345142243694,32.92404723564144,9.138486312399356,8.259527643585615,17.270531400966185,6.474771873322598,8.024691358024691,0.7581857219538379,0.9863123993558777,0.2281266774020397,1.7713365539452497,0.7246376811594203,,
61,13.345410628019323,32.7361782071927,9.185453569511541,8.232689210950081,17.424852388620504,6.447933440687064,7.937466451959206,0.8923778851315083,1.0198604401502953,0.2281266774020397,1.8250134192163177,0.7246376811594203,,
62,13.345410628019323,32.68250134192163,9.272678475577026,8.219269994632313,17.351046698872786,6.447933440687064,7.930756843800322,0.8990874932903918,0.9863123993558777,0.30193236714975846,1.8384326355340848,0.7246376811594203,,
63,13.217928073000536,32.26650563607085,9.380032206119163,8.313204508856682,16.961889425657542,6.582125603864735,8.340042941492216,0.8990874932903918,1.1741814278046163,0.30193236714975846,1.8384326355340848,0.7246376811594203,,
64,11.748523886205046,31.266774020397207,9.286097691894794,11.044015029522276,14.673913043478262,9.728931830381105,7.25979602791197,0.7246376811594203,1.0735373054213635,0.30193236714975846,2.15378421900161,0.7380568974771873,,
65,11.674718196457327,31.125872249060656,9.426999463231347,11.044015029522276,14.707461084272678,9.561191626409018,7.219538378958669,0.7246376811594203,1.0735373054213635,0.30193236714975846,2.227589908749329,0.9125067096081588,,
66,11.453301127214171,30.99838969404187,10.151637144390767,12.070585077831455,12.325550187869029,10.68840579710145,7.152442297369833,0.8118625872249061,0.9192163177670424,0.30193236714975846,2.2342995169082127,0.8923778851315083,,
67,11.386205045625335,30.877616747181964,9.997316156736447,12.144390767579173,12.352388620504563,10.701825013419215,7.098765432098766,0.8252818035426731,0.9192163177670424,0.28180354267310787,2.522812667740204,0.8923778851315083,,
68,10.38647342995169,30.273752012882447,9.782608695652174,12.04374664519592,11.768652710681696,13.41250670960816,7.098765432098766,0.8252818035426731,0.9460547504025765,0.27509393451422437,2.2946859903381642,0.8923778851315083,,
69,10.02415458937198,28.764090177133657,9.4873859366613,14.130434782608695,11.714975845410628,12.600644122383253,7.75630703166935,0.9326355340848095,1.1003757380568975,0.3824476650563607,2.1806226516371443,0.9259259259259259,,
70,10.044283413848632,28.670155662909288,9.608158883521202,14.090177133655395,11.788781535158346,12.526838432635534,7.615405260332796,0.9728931830381106,1.1406333870101986,0.3824476650563607,2.2074610842726785,0.95276435856146,,
71,9.836285560923242,27.83816425120773,9.4873859366613,13.942565754159958,11.634460547504025,14.103596349973161,7.440955448201825,0.9997316156736447,1.1406333870101986,0.3824476650563607,2.2074610842726785,0.9863123993558777,,
72,9.380032206119163,26.576757917337627,8.943907675791733,14.949006977992486,11.07085346215781,11.822329575952764,11.58749329039184,1.1205045625335481,1.1943102522812667,0.2549651100375738,2.1135265700483092,0.9863123993558777,,
73,9.185453569511541,25.865539452495973,8.816425120772946,14.694041867954912,10.721953837895867,11.56736446591519,13.103864734299517,1.1741814278046163,1.1876006441223832,0.2549651100375738,2.3752012882447664,1.0534084809447128,,
74,9.024422973698336,23.295759527643586,7.481213097155126,16.492216854535695,10.654857756307031,11.399624261943103,15.566290928609769,1.247987117552335,1.1808910359634996,0.2147074610842727,2.475845410628019,0.966183574879227,,
75,8.964036500268385,23.13472893183038,7.581857219538379,16.438539989264626,10.621309715512615,11.231884057971014,15.693773483628556,1.3553408480944713,1.133923778851315,0.23483628556092323,2.61003757380569,0.9997316156736447,,
76,8.964036500268385,23.081052066559312,7.5281803542673105,16.438539989264626,10.547504025764896,11.231884057971014,15.673644659151906,1.4962426194310252,1.1674718196457328,0.23483628556092323,2.636876006441224,0.9997316156736447,,
77,8.93719806763285,22.926731078904993,7.521470746108427,15.888352120236178,10.520665593129362,12.4597423510467,14.935587761674718,1.5230810520665594,1.1674718196457328,0.23483628556092323,2.7777777777777777,1.107085346215781,,
78,8.876811594202898,22.873054213633925,7.514761137949543,15.92860976918948,10.48040794417606,12.493290391841116,14.922168545356952,1.556629092860977,1.1741814278046163,0.24825550187869028,2.7979066022544283,1.133923778851315,,
79,8.78287707997853,22.19538378958669,7.689210950080516,15.807836822329575,10.420021470746109,12.06387546967257,16.150026838432634,1.5633387010198605,1.1473429951690821,0.24825550187869028,2.7509393451422435,1.1808910359634996,,
80,8.635265700483092,22.04777241009125,7.917337627482555,15.74074074074074,10.38647342995169,12.06387546967257,16.29092860976919,1.5633387010198605,1.1473429951690821,0.24825550187869028,2.7777777777777777,1.1808910359634996,,
81,8.57487922705314,21.973966720343533,7.991143317230274,19.545088566827697,10.299248523886206,11.641170155662909,13.425925925925926,1.482823403113258,1.1272141706924315,0.24825550187869028,2.509393451422437,1.1808910359634996,,
82,8.494363929146537,21.886741814278047,8.05823939881911,19.32367149758454,10.279119699409554,11.594202898550725,13.352120236178207,1.570048309178744,1.107085346215781,0.24825550187869028,2.9052603327965647,1.1808910359634996,,
83,8.480944712828771,21.517713365539453,8.299785292538916,19.243156199677937,10.272410091250672,11.627750939345143,13.345410628019323,1.6774020397208802,1.093666129898014,0.23483628556092323,3.0327428878153517,1.1741814278046163,,
84,8.454106280193237,21.43719806763285,8.407139023081053,16.935050993022006,10.473698336017177,11.627750939345143,15.505904455179817,1.6774020397208802,1.093666129898014,0.23483628556092323,2.9790660225442833,1.1741814278046163,,
85,8.467525496511003,21.28287707997853,8.440687063875469,16.834406870638755,10.473698336017177,11.714975845410628,15.378421900161031,1.8719806763285025,1.107085346215781,0.23483628556092323,2.9790660225442833,1.2144390767579174,,
86,8.420558239398819,21.16881374127751,8.494363929146537,16.80756843800322,10.453569511540525,11.614331723027375,15.35829307568438,1.9390767579173376,1.107085346215781,0.24825550187869028,3.1065485775630703,1.2815351583467525,,
87,8.407139023081053,21.061460010735374,8.59500805152979,16.75389157273215,10.534084809447128,11.54723564143854,15.277777777777779,1.9524959742351047,1.107085346215781,0.24825550187869028,3.207192699946323,1.3083735909822867,,
88,8.246108427267847,21.021202361782073,8.735909822866345,16.740472356414386,10.420021470746109,11.654589371980677,15.237520128824476,1.9524959742351047,1.1473429951690821,0.24825550187869028,3.240740740740741,1.3553408480944713,,
89,8.232689210950081,21.014492753623188,8.709071390230811,16.740472356414386,10.38647342995169,11.58749329039184,15.11003757380569,2.0799785292538915,1.247987117552335,0.24825550187869028,3.240740740740741,1.402308105206656,,
90,6.172839506172839,25.34219001610306,9.03113258185722,14.935587761674718,11.18491680085883,11.641170155662909,13.419216317767042,1.90552871712292,1.2748255501878691,0.24825550187869028,3.3413848631239937,1.5029522275899088,,
91,6.172839506172839,25.214707461084274,9.07139023081052,14.895330112721417,11.292270531400966,11.728395061728396,13.378958668813741,1.865271068169619,1.2748255501878691,0.24825550187869028,3.3548040794417604,1.5029522275899088,,
92,6.206387546967257,24.86580783682233,9.433709071390231,14.801395598497047,11.419753086419753,11.654589371980677,13.345410628019323,1.8719806763285025,1.2748255501878691,0.24825550187869028,3.421900161030596,1.4559849704777241,,
93,6.233225979602791,24.852388620504563,9.762479871175524,14.774557165861514,11.07085346215781,11.580783682232958,13.331991411701557,1.8988191089640365,1.2010198604401503,0.19457863660762212,3.589640365002684,1.5096618357487923,,
94,6.179549114331723,24.711486849168008,9.655126140633387,14.774557165861514,10.856146001073537,10.990338164251208,14.38539989264627,2.0263016639828235,1.1943102522812667,0.19457863660762212,3.589640365002684,1.442565754159957,,
95,5.508588298443371,24.12104133118626,9.675254965110037,16.76731078904992,10.7085346215781,10.661567364465915,13.88888888888889,2.15378421900161,1.1943102522812667,0.19457863660762212,3.6097691894793345,1.5163714439076759,,
96,5.481749865807837,23.060923242082662,9.39345142243693,16.7337627482555,10.534084809447128,10.057702630166398,16.458668813741276,1.9927536231884058,1.0332796564680622,0.17444981213097155,3.569511540526033,1.5096618357487923,,
97,5.421363392377885,22.966988727858293,9.400161030595813,16.7337627482555,10.695115405260333,10.00402576489533,16.418411164787976,2.01959205582394,1.0332796564680622,0.17444981213097155,3.535963499731616,1.596886741814278,,
98,5.421363392377885,22.21551261406334,9.39345142243693,16.7337627482555,10.762211486849168,10.091250670960816,16.901502952227588,2.100107353730542,1.0265700483091786,0.1878690284487386,3.556092324208266,1.6103059581320451,,
99,5.381105743424584,22.0276435856146,9.333064949006978,15.74074074074074,10.768921095008052,10.158346752549651,18.531937734836287,1.6975308641975309,1.0131508319914118,0.1878690284487386,3.5426731078904994,1.6170155662909287,,
100,5.287171229200215,21.38352120236178,9.722222222222221,15.479066022544284,11.345947396672035,10.02415458937198,18.666129898013956,1.7444981213097155,1.0131508319914118,0.1878690284487386,3.4957058507783145,1.6505636070853462,,
101,5.300590445517981,21.195652173913043,9.796027911969942,15.479066022544284,11.574074074074074,10.010735373054214,18.47826086956522,1.8115942028985508,1.0131508319914118,0.1878690284487386,3.515834675254965,1.6371443907675791,,
102,5.280461621041331,21.061460010735374,9.782608695652174,15.485775630703166,11.701556629092861,9.91009125067096,18.4447128287708,1.8115942028985508,1.0131508319914118,0.17444981213097155,3.683574879227053,1.6505636070853462,,
103,5.253623188405797,21.054750402576488,9.702093397745571,15.33816425120773,11.668008588298443,9.856414385399892,18.203166935050994,1.9390767579173376,1.0265700483091786,0.19457863660762212,4.05931293612453,1.7042404723564144,,
104,4.931561996779388,18.719806763285025,8.829844337090714,23.17498658078368,10.587761674718196,9.07139023081052,16.935050993022006,2.033011272141707,0.7581857219538379,0.20799785292538917,3.079710144927536,1.6706924315619969,,
105,4.904723564143854,18.71309715512614,8.84326355340848,23.15485775630703,10.587761674718196,9.01100375738057,16.847826086956523,2.120236178207193,0.8185721953837896,0.20799785292538917,3.1199677938808374,1.6706924315619969,,
106,4.871175523349437,18.699677938808374,8.99087493290392,22.859634997316157,10.735373054213634,8.903650026838433,16.867954911433173,2.1135265700483092,0.8185721953837896,0.2281266774020397,3.227321524422974,1.6841116478797638,,
107,4.4753086419753085,19.80005367686527,8.809715512614064,22.69189479334407,10.57434245840043,8.809715512614064,16.6935050993022,2.1135265700483092,0.8185721953837896,0.2281266774020397,3.260869565217391,1.724369296833065,,
108,4.4753086419753085,19.79334406870639,8.742619431025227,22.5979602791197,10.466988727858293,8.628556092324208,16.63311862587225,2.24771873322598,0.8856682769726248,0.2281266774020397,3.3145464304884595,1.9860440150295222,,
109,4.4753086419753085,19.538378958668815,9.037842190016104,22.537573805689746,10.433440687063875,8.68894256575416,16.666666666666668,2.1269457863660763,0.8856682769726248,0.2147074610842727,3.374932903918411,2.01959205582394,,
110,4.327697262479871,19.310252281266774,8.99087493290392,23.221953837895867,10.433440687063875,8.682232957595277,16.458668813741276,2.301395598497048,0.8856682769726248,0.2147074610842727,3.1535158346752548,2.01959205582394,,
111,4.30756843800322,19.236446591519055,9.272678475577026,22.906602254428343,10.279119699409554,8.836553945249598,16.445249597423512,2.314814814814815,0.9057971014492754,0.2147074610842727,3.2541599570585076,2.0263016639828235,,
112,4.30756843800322,19.14922168545357,9.359903381642512,22.745571658615138,10.21202361782072,8.809715512614064,16.458668813741276,2.408749329039184,0.8923778851315083,0.2147074610842727,3.4420289855072466,1.9994632313472893,,
113,4.361245303274289,19.142512077294686,9.346484165324744,22.550993022007514,10.34621578099839,8.917069243156199,16.23054213633924,2.3349436392914655,1.0064412238325282,0.2147074610842727,3.629898013955985,1.9189479334406871,,
114,4.341116478797638,18.50509930220075,8.628556092324208,22.564412238325282,11.849168008588299,8.836553945249598,16.056092324208265,2.3483628556092326,1.0265700483091786,0.20128824476650564,3.7640901771336552,1.865271068169619,0.013419216317767043,
115,4.327697262479871,18.129361245303276,8.950617283950617,22.497316156736446,12.070585077831455,8.903650026838433,15.868223295759528,2.428878153515835,1.0265700483091786,0.20128824476650564,3.797638217928073,1.7981749865807837,,
116,4.274020397208803,18.04884594739667,9.078099838969404,22.470477724100913,12.104133118625873,8.883521202361782,15.599838969404187,2.6838432635534084,1.0869565217391304,0.2147074610842727,3.8177670424047236,1.737788513150832,,
117,4.274020397208803,17.92807300053677,9.366612989801396,22.41009125067096,12.037037037037036,8.682232957595277,15.573000536768653,2.6838432635534084,1.1205045625335481,0.2147074610842727,3.9720880300590444,1.737788513150832,,
118,4.280730005367687,17.85426731078905,9.728931830381105,21.77938808373591,11.922973698336017,8.621846484165324,15.398550724637682,2.703972088030059,1.261406333870102,0.20799785292538917,4.468599033816425,1.7713365539452497,,
119,4.213633923778851,17.74020397208803,9.923510466988727,21.66532474503489,12.030327428878154,8.494363929146537,15.371712292002147,2.7442297369833604,1.261406333870102,0.20799785292538917,4.575952764358561,1.7713365539452497,,
120,4.159957058507783,17.659688674181428,9.91009125067096,21.32313472893183,11.956521739130435,8.796296296296296,15.371712292002147,2.8918411164787976,1.2546967257112185,0.20128824476650564,4.656468062265164,1.8183038110574343,,
121,4.1532474503489,17.632850241545892,9.923510466988727,21.00107353730542,12.090713902308105,8.709071390230811,15.28448738593666,2.9790660225442833,1.2546967257112185,0.20128824476650564,4.951690821256038,1.8183038110574343,,
122,3.6634460547504024,17.223564143854,9.923510466988727,23.141438539989263,12.090713902308105,8.648684916800859,14.150563607085346,2.8247450348899625,1.2546967257112185,0.20128824476650564,5.059044551798175,1.8183038110574343,,
123,3.6902844873859366,16.928341384863124,10.071121846484166,23.067632850241544,11.741814278046162,8.789586688137414,14.51959205582394,2.871712292002147,1.2345679012345678,0.20128824476650564,5.0858829844337095,1.7981749865807837,,
124,3.69699409554482,16.854535695115406,10.38647342995169,23.040794417606012,11.580783682232958,8.76274825550188,14.486044015029522,2.8247450348899625,1.2345679012345678,0.20128824476650564,5.119431025228127,1.8115942028985508,,
125,3.7372517444981215,16.75389157273215,10.534084809447128,22.926731078904993,11.43317230273752,8.80300590445518,14.445786366076222,2.8113258185721954,1.2077294685990339,0.20128824476650564,5.260332796564681,1.8853998926462694,,
126,3.717122920021471,16.59286097691895,10.63472893183038,22.82608695652174,11.41304347826087,9.03113258185722,14.318303811057435,2.8515834675254963,1.2077294685990339,0.20128824476650564,5.340848094471283,1.865271068169619,,
127,3.7104133118625873,16.371443907675793,10.681696188942565,22.7187332259796,11.58749329039184,8.984165324745035,14.237788513150832,2.952227589908749,1.247987117552335,0.20128824476650564,5.501878690284487,1.8048845947396672,,
128,3.7104133118625873,16.223832528180353,10.802469135802468,22.443639291465377,11.741814278046162,9.064680622651638,14.11701556629093,2.804616210413312,1.247987117552335,0.20128824476650564,5.810520665593129,1.8317230273752012,,
129,3.717122920021471,16.190284487385938,10.923242082662373,22.24235104669887,11.56736446591519,8.76274825550188,14.083467525496511,3.026033279656468,1.3553408480944713,0.20128824476650564,6.025228126677402,1.90552871712292,,
130,3.6097691894793345,14.163982823403114,11.943102522812667,23.879495437466453,11.352657004830919,8.749329039184111,13.788244766505636,2.9924852388620504,1.3553408480944713,0.2147074610842727,6.0587761674718195,1.892109500805153,,
131,3.5963499731615673,14.143853998926463,11.882716049382717,23.70504562533548,11.386205045625335,8.816425120772946,13.761406333870102,3.0327428878153517,1.4224369296833066,0.2147074610842727,6.146001073537305,1.892109500805153,,
132,3.5963499731615673,13.90901771336554,11.929683306494901,23.517176596886742,11.540526033279656,8.816425120772946,13.83521202361782,3.1065485775630703,1.4224369296833066,0.2616747181964573,6.172839506172839,1.892109500805153,,
133,3.5963499731615673,13.841921631776705,11.889425657541599,23.315888352120236,11.735104669887278,8.61513687600644,13.754696725711218,3.0864197530864197,1.4224369296833066,0.2549651100375738,6.5485775630703165,1.9390767579173376,,
134,3.488996242619431,13.875469672571121,12.077294685990339,23.10789049919485,11.480139559849706,8.57487922705314,13.607085346215781,3.099838969404187,1.4090177133655395,0.2549651100375738,6.884057971014493,2.1403650026838434,,
135,3.4688674181427803,13.66076221148685,12.177938808373591,22.899892646269457,11.855877616747183,8.480944712828771,13.607085346215781,3.099838969404187,1.4090177133655395,0.2549651100375738,6.944444444444445,2.1403650026838434,,
136,3.193773483628556,14.586688137412775,12.010198604401502,22.571121846484164,11.614331723027375,8.440687063875469,13.258185721953838,3.3279656468062266,1.3888888888888888,0.2549651100375738,7.253086419753086,2.100107353730542,,
137,3.0394524959742353,13.694310252281268,11.849168008588299,22.497316156736446,11.614331723027375,8.514492753623188,14.298174986580785,3.4151905528717124,1.3888888888888888,0.2549651100375738,7.320182501341922,2.1135265700483092,,
138,3.046162104133119,13.667471819645733,11.922973698336017,22.36983360171766,11.553945249597424,8.568169618894256,14.331723027375201,3.435319377348363,1.3888888888888888,0.2549651100375738,7.347020933977456,2.1135265700483092,,
139,2.9790660225442833,13.593666129898015,11.473429951690822,22.61808910359635,12.97638217928073,8.742619431025227,13.81508319914117,3.4151905528717124,1.4224369296833066,0.20128824476650564,6.66935050993022,2.0933977455716586,,
140,2.9589371980676327,13.56682769726248,11.58749329039184,22.208803005904453,13.271604938271604,8.709071390230811,13.667471819645733,3.4621578099838968,1.4090177133655395,0.20128824476650564,6.850509930220075,2.0933977455716586,,0.013419216317767043
141,2.9589371980676327,13.539989264626946,11.553945249597424,22.18196457326892,13.150831991411701,8.521202361782072,13.593666129898015,3.488996242619431,1.5096618357487923,0.19457863660762212,7.024959742351046,2.2611379495437465,,0.020128824476650563
142,2.9589371980676327,13.493022007514762,11.761943102522812,22.074610842726784,13.144122383252817,8.319914117015566,13.6406333870102,3.569511540526033,1.4694041867954912,0.19457863660762212,7.085346215780999,2.26784755770263,,0.020128824476650563
143,2.952227589908749,13.123993558776167,11.506977992485238,21.79951690821256,12.446323134728932,9.104938271604938,14.553140096618357,3.7104133118625873,1.42914653784219,0.19457863660762212,7.179280730005368,1.9793344068706387,,0.020128824476650563
144,2.952227589908749,13.09044551798175,11.513687600644122,21.752549651100377,12.359098228663447,9.151905528717123,14.432367149758454,3.851315083199141,1.5499194847020934,0.19457863660762212,7.1725711218464845,1.9592055823939882,,0.020128824476650563
145,2.9723564143853998,13.043478260869565,11.735104669887278,21.618357487922705,12.218196457326892,9.292807300053678,14.264626945786366,3.992216854535695,1.5163714439076759,0.19457863660762212,7.092055823939882,2.0397208803005906,,0.020128824476650563
146,2.9790660225442833,12.99651100375738,11.621041331186259,21.524422973698336,12.157809983896941,9.433709071390231,14.163982823403114,3.9049919484702094,1.5029522275899088,0.19457863660762212,7.427536231884058,2.073268921095008,,0.020128824476650563
147,3.0059044551798175,12.895866881374127,11.641170155662909,21.490874932903917,12.426194310252281,9.420289855072463,14.096886741814279,3.7640901771336552,1.5029522275899088,0.19457863660762212,7.461084272678476,2.0799785292538915,,0.020128824476650563
148,2.952227589908749,12.741545893719806,11.621041331186259,21.3768115942029,12.4597423510467,9.494095544820183,14.345142243692969,3.7372517444981215,1.5029522275899088,0.19457863660762212,7.50805152979066,2.046430488459474,,0.020128824476650563
149,2.952227589908749,12.701288244766506,11.735104669887278,21.28287707997853,12.439613526570048,9.494095544820183,14.345142243692969,3.6902844873859366,1.5633387010198605,0.19457863660762212,7.5348899624261945,2.046430488459474,,0.020128824476650563
150,2.952227589908749,12.567096081588835,11.701556629092861,21.276167471819647,12.593934514224369,9.380032206119163,14.2914653784219,3.8580246913580245,1.5633387010198605,0.19457863660762212,7.561728395061729,2.0397208803005906,,0.020128824476650563
151,2.898550724637681,12.439613526570048,11.83574879227053,21.83977455716586,12.406065485775631,9.39345142243693,14.210950080515298,3.8714439076757916,1.583467525496511,0.19457863660762212,7.27992485238862,2.0263016639828235,,0.020128824476650563
152,2.8784219001610305,12.318840579710145,12.446323134728932,21.571390230810522,12.31213097155126,9.433709071390231,14.110305958132045,3.784219001610306,1.583467525496511,0.2147074610842727,7.1725711218464845,2.15378421900161,,0.020128824476650563
153,2.8381642512077296,12.184648416532475,12.204777241009126,21.26945786366076,11.574074074074074,9.366612989801396,16.55931293612453,3.69699409554482,1.402308105206656,0.17444981213097155,6.884057971014493,1.8250134192163177,,0.020128824476650563
154,2.8113258185721954,12.04374664519592,12.359098228663447,21.061460010735374,11.721685453569512,9.420289855072463,15.995705850778315,3.656736446591519,1.5029522275899088,0.1274825550187869,7.454374664519592,1.8250134192163177,,0.020128824476650563
155,2.8113258185721954,11.969940955448202,12.385936661298981,20.913848631239937,11.98336017176597,9.50751476113795,15.727321524422974,3.824476650563607,1.482823403113258,0.12077294685990338,7.427536231884058,1.8250134192163177,,0.020128824476650563
156,2.7442297369833604,12.090713902308105,12.661030595813205,20.77294685990338,11.75523349436393,9.500805152979066,15.727321524422974,3.8378958668813743,1.4492753623188406,0.2147074610842727,7.427536231884058,1.7981749865807837,,0.020128824476650563
157,2.757648953301127,12.090713902308105,12.634192163177671,20.591787439613526,11.862587224906065,9.574610842726784,15.727321524422974,3.8378958668813743,1.4224369296833066,0.2214170692431562,7.461084272678476,1.7981749865807837,,0.020128824476650563
158,2.7844873859366612,12.090713902308105,12.634192163177671,20.44417606011809,11.822329575952764,9.4873859366613,15.821256038647343,3.864734299516908,1.4224369296833066,0.2214170692431562,7.521470746108427,1.865271068169619,,0.020128824476650563
159,2.7777777777777777,11.896135265700483,12.587224906065487,20.242887815351583,12.030327428878154,9.574610842726784,15.693773483628556,3.8580246913580245,1.4224369296833066,0.2616747181964573,7.689210950080516,1.9457863660762211,,0.020128824476650563
160,2.771068169618894,11.889425657541599,12.989801395598498,20.041599570585078,11.996779388083736,9.514224369296834,15.619967793880837,3.864734299516908,1.4224369296833066,0.2616747181964573,7.635534084809447,1.9726247987117553,,0.020128824476650563
161,2.7844873859366612,11.741814278046162,13.305152979066023,19.83360171765969,12.171229200214707,9.373322597960279,15.465646806226516,3.9452495974235107,1.5096618357487923,0.2616747181964573,7.628824476650563,1.9592055823939882,,0.020128824476650563
162,2.214170692431562,10.802469135802468,12.902576489533011,24.402844873859365,11.506977992485238,8.78287707997853,14.378690284487385,3.992216854535695,1.5096618357487923,0.2616747181964573,7.2933440687063875,1.932367149758454,,0.020128824476650563
163,2.214170692431562,10.748792270531402,12.962962962962964,24.241814278046164,11.54723564143854,8.856682769726248,14.345142243692969,4.05931293612453,1.482823403113258,0.2616747181964573,7.326892109500805,1.932367149758454,,0.020128824476650563
164,2.2208803005904456,10.601180891035963,12.721417069243156,26.8317230273752,11.292270531400966,8.53462157809984,13.177670424047236,3.8177670424047236,1.4626945786366077,0.27509393451422437,7.14573268921095,1.8988191089640365,,0.020128824476650563
165,2.2208803005904456,10.601180891035963,12.661030595813205,26.7512077294686,11.292270531400966,8.581588835212024,13.144122383252817,3.864734299516908,1.442565754159957,0.27509393451422437,7.246376811594203,1.8988191089640365,,0.020128824476650563
166,2.227589908749329,10.520665593129362,12.721417069243156,26.65727321524423,11.366076221148685,8.789586688137414,12.989801395598498,3.784219001610306,1.442565754159957,0.27509393451422437,7.306763285024155,1.8988191089640365,,0.020128824476650563
167,2.2074610842726785,10.446859903381643,12.781803542673108,26.590177133655395,11.3593666129898,8.742619431025227,12.989801395598498,3.770799785292539,1.442565754159957,0.2683843263553409,7.387278582930757,1.9927536231884058,,0.020128824476650563
168,2.2208803005904456,10.258990874932904,13.070316693505099,26.46940418679549,11.265432098765432,8.742619431025227,13.056897477187333,3.7640901771336552,1.442565754159957,0.2683843263553409,7.427536231884058,1.9927536231884058,,0.020128824476650563
169,2.1806226516371443,9.916800858829845,13.150831991411701,26.234567901234566,12.915995705850777,8.756038647342995,11.98336017176597,3.7909286097691894,1.4962426194310252,0.30193236714975846,7.25979602791197,1.9927536231884058,,0.020128824476650563
170,2.187332259796028,9.86983360171766,13.217928073000536,26.100375738056897,12.909286097691895,8.715780998389693,11.869296833064949,3.9989264626945786,1.4761137949543746,0.30193236714975846,7.340311325818572,1.9927536231884058,,0.020128824476650563
171,2.1940418679549114,9.842995169082126,13.600375738056897,25.657541599570585,12.869028448738593,8.715780998389693,11.922973698336017,3.9452495974235107,1.4761137949543746,0.30193236714975846,7.481213097155126,1.9726247987117553,,0.020128824476650563
172,2.147074610842727,9.842995169082126,13.962694578636608,25.32206119162641,12.869028448738593,8.527911969940956,11.896135265700483,3.8714439076757916,1.4761137949543746,0.30193236714975846,7.7898550724637685,1.9726247987117553,,0.020128824476650563
173,2.147074610842727,9.702093397745571,14.002952227589908,25.207997852925388,12.761674718196458,8.668813741277509,11.741814278046162,3.824476650563607,1.596886741814278,0.30193236714975846,8.051529790660226,1.9726247987117553,,0.020128824476650563
174,2.167203435319377,9.614868491680086,13.92914653784219,25.187869028448738,12.72812667740204,8.682232957595277,11.627750939345143,3.9049919484702094,1.5901771336553945,0.30193236714975846,8.165593129361245,2.0799785292538915,,0.020128824476650563
175,2.2074610842726785,9.594739667203436,14.251207729468598,24.9597423510467,12.72812667740204,8.722490606548577,11.500268384326356,3.8311862587224907,1.5901771336553945,0.30193236714975846,8.185721953837897,2.1068169618894257,,0.020128824476650563
176,2.187332259796028,9.534353193773484,14.231078904991948,24.711486849168008,12.761674718196458,8.749329039184111,11.56736446591519,3.898282340311326,1.6170155662909287,0.30193236714975846,8.340042941492216,2.0799785292538915,,0.020128824476650563
177,2.2074610842726785,9.339774557165862,14.55984970477724,24.355877616747183,12.828770799785293,8.756038647342995,11.520397208803006,3.8311862587224907,1.583467525496511,0.2885131508319914,8.61513687600644,2.0933977455716586,,0.020128824476650563
178,2.1604938271604937,9.225711218464841,14.687332259796028,24.27536231884058,12.86231884057971,8.769457863660762,11.540526033279656,3.864734299516908,1.583467525496511,0.2885131508319914,8.628556092324208,2.0933977455716586,,0.020128824476650563
