,45,50,55,54,52,51,56,53,57
0,95.61191626409018,4.388083735909823,,,,,,,
1,95.61191626409018,4.388083735909823,,,,,,,
2,93.20316693505099,6.400966183574879,0.39586688137412773,,,,,,
3,91.99543746645196,7.608695652173913,0.39586688137412773,,,,,,
4,78.38164251207729,19.236446591519055,0.39586688137412773,1.9860440150295222,,,,,
5,77.2410091250671,20.377079978529252,0.39586688137412773,1.9860440150295222,,,,,
6,68.96135265700484,28.65673644659152,0.39586688137412773,1.9860440150295222,,,,,
7,46.2157809983897,41.10976918947934,,0.0067096081588835215,12.667740203972087,,,,
8,46.343263553408484,41.08964036500269,,0.0067096081588835215,12.560386473429952,,,,
9,39.18411164787977,41.37144390767579,0.5703166935050993,0.0067096081588835215,12.258454106280194,6.608964036500268,,,
10,38.499731615673646,39.03650026838432,0.5703166935050993,0.0067096081588835215,7.071926999463232,14.814814814814815,,,
11,38.37224906065486,39.170692431561996,0.5703166935050993,0.0067096081588835215,7.071926999463232,14.80810520665593,,,
12,38.57353730542136,39.04320987654321,0.5703166935050993,0.0067096081588835215,7.071926999463232,14.734299516908212,,,
13,37.895866881374126,35.46698872785829,0.7447665056360708,0.0067096081588835215,11.580783682232958,14.304884594739667,,,
14,37.82877079978529,29.482018250134193,0.48980139559849706,0.0067096081588835215,7.581857219538379,24.610842726784757,,,
15,37.76838432635534,29.47530864197531,0.48980139559849706,0.48980139559849706,7.1658615136876005,24.610842726784757,,,
16,37.66774020397209,29.74369296833065,0.48980139559849706,0.48980139559849706,7.112184648416532,24.000268384326354,0.49651100375738055,,
17,37.69457863660762,29.428341384863124,0.8387010198604401,0.48980139559849706,7.051798174986581,24.000268384326354,0.49651100375738055,,
18,37.78180354267311,29.394793344068706,0.8387010198604401,0.48980139559849706,6.702898550724638,23.63123993558776,1.1607622114868492,,
19,34.18545356951154,34.13848631239936,0.8387010198604401,0.48980139559849706,6.702898550724638,22.48389694041868,1.1607622114868492,,
20,34.272678475577024,34.12506709608159,0.8387010198604401,0.48980139559849706,6.662640901771336,22.450348899624263,1.1607622114868492,,
21,33.42055823939882,34.40016103059581,0.8387010198604401,0.48980139559849706,7.300053676865271,22.38996242619431,1.1607622114868492,,
22,31.427804616210413,36.882716049382715,0.9594739667203436,0.48980139559849706,7.300053676865271,21.806226516371442,1.133923778851315,,
23,29.30756843800322,35.46027911969941,0.9594739667203436,0.48980139559849706,7.024959742351046,25.53676865271068,1.221148684916801,,
24,27.22758990874933,37.72141706924316,0.9259259259259259,0.48980139559849706,7.024959742351046,25.389157273215243,1.221148684916801,,
25,27.677133655394524,37.144390767579175,0.9259259259259259,0.48980139559849706,6.977992485238862,25.563607085346217,1.221148684916801,,
26,27.82474503488996,36.97665056360709,0.9259259259259259,0.46967257112184646,7.078636607622115,25.503220611916262,1.221148684916801,,
27,27.428878153515836,33.76945786366076,0.8051529790660226,0.46967257112184646,7.0383789586688135,28.931830381105744,1.328502415458937,0.2281266774020397,
28,19.578636607622116,34.33977455716586,0.5568974771873323,1.0466988727858293,6.541867954911433,35.581052066559316,1.328502415458937,1.0265700483091786,
29,19.665861513687602,34.312936124530324,0.5568974771873323,1.0466988727858293,6.515029522275899,35.547504025764894,1.328502415458937,1.0265700483091786,
30,19.77992485238862,31.629092860976918,0.5568974771873323,1.0466988727858293,8.749329039184111,35.88298443370907,1.328502415458937,1.0265700483091786,
31,19.545088566827697,31.092324208266238,0.5367686527106817,1.0466988727858293,8.735909822866345,36.171497584541065,1.4559849704777241,1.415727321524423,
32,16.935050993022006,25.32206119162641,0.8521202361782072,1.5163714439076759,7.890499194847021,45.67901234567901,0.7783145464304885,1.0265700483091786,
33,15.814546430488459,20.37037037037037,0.7313472893183038,1.5163714439076759,7.816693505099302,48.27563070316693,0.7313472893183038,4.74369296833065,
34,15.955448201825014,20.2361782071927,0.7313472893183038,1.402308105206656,7.816693505099302,47.88647342995169,1.2278582930756843,4.74369296833065,
35,15.955448201825014,20.202630166398283,0.8051529790660226,1.3687600644122384,7.796564680622652,46.725711218464845,1.8115942028985508,5.3341384863123995,
36,16.002415458937197,20.142243692968332,0.8051529790660226,1.3687600644122384,7.796564680622652,45.6454643048846,2.9052603327965647,5.3341384863123995,
37,11.460010735373054,30.911164787976382,0.9192163177670424,1.583467525496511,6.031937734836285,44.37734836285561,2.281266774020397,2.4355877616747184,
38,11.057434245840042,31.427804616210413,0.9192163177670424,1.583467525496511,6.031937734836285,44.115673644659154,2.428878153515835,2.4355877616747184,
39,10.030864197530864,29.56924315619968,0.9192163177670424,0.9460547504025765,6.018518518518518,47.25577026301664,2.4154589371980677,2.844873859366613,
40,10.030864197530864,29.441760601180892,1.3620504562533549,1.415727321524423,6.018518518518518,46.5378421900161,2.3483628556092326,2.844873859366613,
41,7.246376811594203,36.8491680085883,0.9192163177670424,0.9057971014492754,5.448201825013419,43.43800322061192,2.3483628556092326,2.844873859366613,
42,7.253086419753086,36.7686527106817,0.9997316156736447,0.9057971014492754,6.0587761674718195,43.223295759527645,2.3483628556092326,2.442297369833602,
43,7.326892109500805,29.562533548040793,0.95276435856146,1.261406333870102,9.05126140633387,48.792270531400966,2.3483628556092326,0.7045088566827697,
44,7.4141170155662905,29.522275899087493,1.1741814278046163,1.6572732152442298,9.782608695652174,46.62506709608159,3.1199677938808374,0.7045088566827697,
45,7.48792270531401,29.502147074610843,1.7310789049919484,1.6572732152442298,9.681964573268921,46.16881374127751,3.1199677938808374,0.6508319914117016,
46,7.763016639828234,29.320987654320987,1.7310789049919484,1.6572732152442298,9.681964573268921,46.081588835212024,3.1199677938808374,0.644122383252818,
47,7.937466451959206,29.320987654320987,1.7176596886741815,1.6572732152442298,9.648416532474503,45.95410628019324,3.1199677938808374,0.644122383252818,
48,8.011272141706923,29.21363392377885,1.6975308641975309,2.1806226516371443,9.648416532474503,45.48443370907139,3.1199677938808374,0.644122383252818,
49,8.179012345679013,29.21363392377885,1.6975308641975309,2.1806226516371443,9.634997316156737,45.34353193773484,3.1065485775630703,0.644122383252818,
50,8.353462157809984,27.80461621041331,1.9927536231884058,3.4420289855072466,11.956521739130435,42.69994632313473,3.1065485775630703,0.644122383252818,
51,8.373590982286634,27.78448738593666,1.9927536231884058,3.911701556629093,11.681427804616211,42.53891572732152,3.1065485775630703,0.6105743424584005,
52,8.548040794417606,27.72410091250671,1.9927536231884058,3.911701556629093,11.641170155662909,42.33762748255502,3.2340311325818574,0.6105743424584005,
53,8.608427267847558,27.690552871712292,1.9927536231884058,3.911701556629093,11.641170155662909,42.310789049919485,3.2340311325818574,0.6105743424584005,
54,8.091787439613526,22.67176596886742,1.9927536231884058,3.911701556629093,10.587761674718196,48.8996242619431,3.2340311325818574,0.6105743424584005,
55,8.601717659688674,22.48389694041868,1.9927536231884058,3.8311862587224907,10.587761674718196,48.65807836822329,3.2340311325818574,0.6105743424584005,
56,8.454106280193237,21.531132581857218,1.9927536231884058,2.7979066022544283,20.699141170155663,41.324476650563604,2.589908749329039,0.6105743424584005,
57,8.608427267847558,21.490874932903917,1.8786902844873858,3.0327428878153517,20.665593129361245,40.22410091250671,3.488996242619431,0.6105743424584005,
58,8.588298443370908,21.618357487922705,1.8786902844873858,3.0327428878153517,20.645464304884594,40.15700483091788,3.488996242619431,0.5904455179817498,
59,8.896940418679549,21.604938271604937,1.8786902844873858,3.4688674181427803,20.37037037037037,39.700751476113794,3.488996242619431,0.5904455179817498,
60,7.078636607622115,16.61969940955448,1.8585614600107354,2.9589371980676327,12.070585077831455,56.696188942565755,2.5161030595813205,0.20128824476650564,
61,7.132313472893183,16.61969940955448,1.8585614600107354,2.9589371980676327,12.070585077831455,56.64251207729468,2.5161030595813205,0.20128824476650564,
62,7.199409554482019,16.472088030059044,2.4691358024691357,2.9589371980676327,11.647879763821793,56.48148148148148,2.1403650026838434,0.630703166935051,
63,7.266505636070853,15.881642512077295,2.9119699409554483,2.7241009125067097,11.621041331186259,55.522007514761135,2.059849704777241,2.0128824476650564,
64,7.588566827697263,15.03623188405797,2.9119699409554483,2.5429414922168547,11.473429951690822,56.374127750939344,2.059849704777241,2.0128824476650564,
65,7.823403113258186,14.452495974235104,3.7104133118625873,2.475845410628019,11.265432098765432,56.112453032742884,2.147074610842727,2.0128824476650564,
66,7.957595276435856,14.452495974235104,3.6768652710681695,2.475845410628019,11.218464841653248,56.05877616747182,2.147074610842727,2.0128824476650564,
67,6.863929146537842,16.31105743424584,3.6768652710681695,6.749865807836822,9.950348899624261,52.40874932903918,2.13365539452496,1.90552871712292,
68,6.488191089640365,15.096618357487923,4.17337627482555,2.475845410628019,7.742887815351583,59.54777241009125,2.6033279656468062,1.8719806763285025,
69,6.615673644659152,15.029522275899087,4.690016103059581,2.475845410628019,7.581857219538379,59.13177670424047,2.6033279656468062,1.8719806763285025,
70,6.6827697262479875,15.029522275899087,4.690016103059581,2.475845410628019,7.581857219538379,59.064680622651636,2.6033279656468062,1.8719806763285025,
71,6.6760601180891035,15.177133655394526,4.690016103059581,2.475845410628019,7.541599570585078,58.9975845410628,2.5966183574879227,1.8451422436929683,
72,6.66935050993022,14.600107353730541,4.777241009125067,1.8719806763285025,9.31964573268921,58.319914117015564,2.5966183574879227,1.8451422436929683,
73,6.904186795491143,14.600107353730541,4.750402576489533,1.8719806763285025,9.31964573268921,58.031400966183575,2.7106816961889426,1.8115942028985508,
74,6.213097155126141,13.607085346215781,3.475577026301664,1.0802469135802468,5.662909286097692,66.86795491143317,1.710950080515298,1.3821792807300053,
75,6.380837359098229,13.593666129898015,3.475577026301664,1.0802469135802468,5.662909286097692,66.19699409554482,1.710950080515298,1.8988191089640365,
76,6.595544820182502,13.560118089103597,3.9989264626945786,1.0802469135802468,5.555555555555555,65.59983896940419,1.710950080515298,1.8988191089640365,
77,6.709608158883521,13.103864734299517,4.488727858293076,1.0802469135802468,5.515297906602254,65.49248523886205,1.710950080515298,1.8988191089640365,
78,7.018250134192163,13.036768652710682,4.488727858293076,1.0802469135802468,5.515297906602254,65.18384326355341,1.778046162104133,1.8988191089640365,
79,7.125603864734299,13.023349436392914,6.729736983360172,0.8990874932903918,5.421363392377885,62.775093934514224,2.1269457863660763,1.8988191089640365,
80,7.219538378958669,13.01663982823403,6.320450885668277,3.3950617283950617,5.421363392377885,60.601180891035966,2.1269457863660763,1.8988191089640365,
81,7.118894256575416,12.050456253354804,6.414385399892646,3.9586688137412773,5.683038110574342,58.50107353730542,2.1269457863660763,4.146537842190016,
82,7.018250134192163,11.996779388083736,5.750134192163178,3.911701556629093,4.575952764358561,60.84272678475577,1.778046162104133,4.126409017713366,
83,7.092055823939882,11.768652710681696,5.434782608695652,3.8848631239935587,4.575952764358561,59.84970477724101,1.7176596886741815,5.676328502415459,
84,7.300053676865271,11.735104669887278,5.401234567901234,3.8848631239935587,9.178743961352657,55.02549651100376,1.7981749865807837,5.676328502415459,
85,7.1658615136876005,11.714975845410628,5.3341384863123995,3.193773483628556,8.219269994632313,56.90418679549114,1.7981749865807837,5.669618894256575,
86,6.508319914117015,11.714975845410628,4.522275899087493,3.1870638754696725,7.702630166398282,59.326355340848096,1.8719806763285025,5.166398282340311,
87,6.582125603864735,11.714975845410628,4.522275899087493,3.180354267310789,7.702630166398282,59.15190552871712,1.9793344068706387,5.166398282340311,
88,7.024959742351046,11.18491680085883,5.307300053676865,3.2340311325818574,7.669082125603865,58.299785292538914,1.932367149758454,5.347557702630167,
89,7.092055823939882,11.124530327428879,5.307300053676865,6.951154052603328,7.6623725174449815,54.66317767042405,1.8518518518518519,5.347557702630167,
90,7.0383789586688135,11.003757380568974,5.199946323134729,6.951154052603328,6.89747718733226,54.46188942565754,1.90552871712292,6.387546967257112,0.15432098765432098
91,7.1725711218464845,11.003757380568974,5.636070853462158,6.951154052603328,6.884057971014493,54.05260332796565,1.8317230273752012,6.3137412775093935,0.15432098765432098
92,7.253086419753086,10.950080515297907,5.622651637144391,7.065217391304348,6.884057971014493,53.92512077294686,1.8317230273752012,6.3137412775093935,0.15432098765432098
93,7.387278582930757,10.943370907139023,5.622651637144391,7.300053676865271,6.857219538378959,53.58964036500269,1.8317230273752012,6.3137412775093935,0.15432098765432098
94,5.730005367686527,6.8035426731078905,3.421900161030596,6.367418142780462,14.076757917337627,55.42807300053677,1.7042404723564144,6.3137412775093935,0.15432098765432098
95,5.300590445517981,18.4849704777241,2.677133655394525,4.045893719806763,13.043478260869565,48.43666129898014,1.6975308641975309,6.159420289855072,0.15432098765432098
96,5.441492216854535,18.42458400429415,2.677133655394525,5.01207729468599,13.043478260869565,47.38996242619431,1.6975308641975309,6.159420289855072,0.15432098765432098
97,5.669618894256575,18.04213633923779,2.623456790123457,5.448201825013419,12.949543746645196,46.343263553408484,1.6975308641975309,7.071926999463232,0.15432098765432098
98,5.8172302737520125,18.00187869028449,2.623456790123457,5.448201825013419,12.93612453032743,46.24932903918411,1.6975308641975309,7.071926999463232,0.15432098765432098
99,5.8239398819108965,18.00187869028449,2.623456790123457,5.448201825013419,12.52012882447665,46.141975308641975,1.6975308641975309,7.071926999463232,0.6709608158883521
100,5.924584004294149,17.98845947396672,2.5563607085346214,5.381105743424584,16.639828234031132,42.41814278046162,1.6908212560386473,6.729736983360172,0.6709608158883521
101,5.367686527106817,17.444981213097154,1.9457863660762211,5.381105743424584,16.639828234031132,44.7463768115942,0.9259259259259259,6.877348362855609,0.6709608158883521
102,5.280461621041331,17.371175523349436,1.9457863660762211,4.414922168545357,16.552603327965645,46.12855609232421,0.9057971014492754,6.729736983360172,0.6709608158883521
103,5.394524959742351,17.371175523349436,1.9457863660762211,4.414922168545357,16.53918411164788,46.02791196994095,0.9057971014492754,6.729736983360172,0.6709608158883521
104,5.46833064949007,17.16988727858293,1.9457863660762211,4.414922168545357,16.53918411164788,45.799785292538914,1.2949543746645196,6.696188942565755,0.6709608158883521
105,5.656199677938808,17.136339237788512,1.9457863660762211,4.414922168545357,16.431830381105744,45.67901234567901,1.4358561460010735,6.696188942565755,0.6038647342995169
106,5.723295759527644,17.136339237788512,1.9457863660762211,4.502147074610843,16.398282340311326,45.55823939881911,1.4358561460010735,6.696188942565755,0.6038647342995169
107,5.8239398819108965,16.6935050993022,1.932367149758454,4.502147074610843,16.921631776704242,45.410628019323674,1.4358561460010735,6.6760601180891035,0.6038647342995169
108,6.105743424584004,16.666666666666668,1.8988191089640365,4.502147074610843,16.76731078904992,45.390499194847024,1.4358561460010735,6.629092860976919,0.6038647342995169
109,6.119162640901771,15.827965646806227,1.8853998926462694,4.502147074610843,16.7337627482555,45.24288781535159,1.4358561460010735,7.648953301127214,0.6038647342995169
110,5.998389694041868,14.264626945786366,1.7310789049919484,5.3341384863123995,20.02818035426731,42.954911433172306,1.4358561460010735,7.648953301127214,0.6038647342995169
111,6.0654857756307035,14.204240472356414,2.4221685453569513,5.3341384863123995,19.994632313472895,42.44498121309716,1.4358561460010735,7.494632313472893,0.6038647342995169
112,6.293612453032743,14.190821256038648,2.4221685453569513,5.3341384863123995,19.900697799248523,42.33762748255502,1.4358561460010735,7.481213097155126,0.6038647342995169
113,6.474771873322598,14.130434782608695,2.4221685453569513,5.307300053676865,19.82018250134192,42.32420826623725,1.4358561460010735,7.481213097155126,0.6038647342995169
114,6.843800322061192,14.090177133655395,2.4020397208803006,5.307300053676865,19.82018250134192,42.0222758990875,1.4358561460010735,7.474503488996243,0.6038647342995169
115,6.89747718733226,14.056629092860977,2.4020397208803006,4.978529253891573,19.82018250134192,41.988727858293075,1.4358561460010735,7.474503488996243,0.9460547504025765
116,7.0450885668276975,13.976113794954374,2.4020397208803006,4.9651100375738055,19.77992485238862,41.91492216854536,1.4962426194310252,7.474503488996243,0.9460547504025765
117,7.239667203435319,13.94927536231884,2.9119699409554483,4.830917874396135,19.41760601180891,41.82098765432099,1.482823403113258,7.474503488996243,0.8722490606548577
118,7.4006977992485234,13.94927536231884,2.9119699409554483,4.810789049919484,19.384057971014492,41.76731078904992,1.482823403113258,7.474503488996243,0.8185721953837896
119,7.669082125603865,13.90901771336554,2.9119699409554483,4.783950617283951,19.35721953837896,41.59286097691895,1.482823403113258,7.474503488996243,0.8185721953837896
120,6.0654857756307035,17.424852388620504,2.844873859366613,4.669887278582931,19.330381105743424,41.0829307568438,1.482823403113258,6.280193236714976,0.8185721953837896
121,6.172839506172839,17.391304347826086,2.831454643048846,4.669887278582931,19.30354267310789,41.04938271604938,1.482823403113258,6.280193236714976,0.8185721953837896
122,6.166129898013956,16.552603327965645,3.6768652710681695,4.575952764358561,20.8467525496511,39.05662909286098,2.0263016639828235,6.280193236714976,0.8185721953837896
123,5.508588298443371,15.888352120236178,3.6768652710681695,2.2611379495437465,26.40901771336554,37.5805152979066,1.865271068169619,6.280193236714976,0.5300590445517982
124,5.3341384863123995,15.888352120236178,3.1468062265163717,5.844068706387547,24.174718196457327,37.11084272678475,1.865271068169619,6.280193236714976,0.35560923242082665
125,5.481749865807837,15.874932903918411,3.1333870101986045,5.8239398819108965,24.134460547504027,37.0504562533548,1.865271068169619,6.280193236714976,0.35560923242082665
126,4.9718196457326895,14.452495974235104,3.0931293612453032,4.958400429414922,20.9272678475577,43.11594202898551,1.865271068169619,6.280193236714976,0.33548040794417605
127,4.3478260869565215,12.070585077831455,1.5297906602254427,4.864465915190553,20.222758990874933,48.87949543746645,1.865271068169619,5.884326355340848,0.33548040794417605
128,4.455179817498658,12.057165861513688,1.5297906602254427,4.408212560386473,20.222758990874933,48.752012882447666,1.865271068169619,6.374127750939345,0.33548040794417605
129,4.5960815888352125,12.04374664519592,1.5297906602254427,4.408212560386473,20.142243692968332,48.70504562533548,1.865271068169619,6.374127750939345,0.33548040794417605
130,4.74369296833065,11.990069779924852,1.5297906602254427,4.408212560386473,20.142243692968332,48.62453032742888,1.8518518518518519,6.374127750939345,0.33548040794417605
131,4.958400429414922,11.808910359634996,1.4694041867954912,4.549114331723027,20.02818035426731,48.49704777241009,1.9793344068706387,6.374127750939345,0.33548040794417605
132,5.038915727321524,11.808910359634996,1.4694041867954912,4.542404723564144,20.04830917874396,48.41653247450349,1.9793344068706387,6.360708534621578,0.33548040794417605
133,5.12614063338701,11.808910359634996,1.4694041867954912,4.542404723564144,16.901502952227588,51.34192163177671,2.1135265700483092,6.360708534621578,0.33548040794417605
134,4.1129898013955986,11.748523886205046,1.2077294685990339,4.367954911433173,15.13016639828234,57.39398819108964,0.8051529790660226,4.582662372517445,0.6508319914117016
135,4.200214707461084,11.748523886205046,1.2077294685990339,4.367954911433173,15.13016639828234,57.306763285024154,0.8051529790660226,4.582662372517445,0.6508319914117016
136,4.461889425657541,11.694847020933977,1.2077294685990339,4.367954911433173,15.116747181964573,57.11218464841653,0.8051529790660226,4.582662372517445,0.6508319914117016
137,4.562533548040794,11.688137412775093,1.2077294685990339,4.367954911433173,15.056360708534621,57.078636607622116,0.8051529790660226,4.582662372517445,0.6508319914117016
138,4.669887278582931,11.674718196457327,1.2077294685990339,4.341116478797638,14.922168545356952,57.01154052603328,0.9393451422436929,4.582662372517445,0.6508319914117016
139,4.810789049919484,11.627750939345143,1.2077294685990339,4.341116478797638,14.875201288244767,56.96457326892109,0.9393451422436929,4.582662372517445,0.6508319914117016
140,4.736983360171766,11.60762211486849,1.2077294685990339,4.341116478797638,19.75979602791197,52.33494363929147,0.7917337627482555,4.569243156199678,0.6508319914117016
141,4.804079441760601,11.60762211486849,1.2077294685990339,4.341116478797638,19.75979602791197,52.26784755770263,0.7917337627482555,4.569243156199678,0.6508319914117016
142,5.112721417069243,11.60762211486849,1.2077294685990339,4.341116478797638,19.632313472893184,52.09339774557166,0.785024154589372,4.569243156199678,0.6508319914117016
143,5.2066559312936125,11.104401502952227,1.710950080515298,4.334406870638754,19.612184648416534,52.03972088030059,0.785024154589372,4.569243156199678,0.6374127750939346
144,5.320719269994632,11.064143853998926,1.710950080515298,4.334406870638754,19.592055823939884,51.98604401502952,0.785024154589372,4.569243156199678,0.6374127750939346
145,5.555555555555555,11.064143853998926,1.710950080515298,4.327697262479871,19.464573268921097,51.898819108964034,0.785024154589372,4.555823939881911,0.6374127750939346
146,5.770263016639828,11.037305421363392,1.710950080515298,3.9184111647879765,21.470746108427267,50.436124530327426,0.9326355340848095,4.38137412775094,0.3421900161030596
147,5.8172302737520125,11.030595813204508,1.710950080515298,3.9184111647879765,21.4573268921095,50.415995705850776,0.9326355340848095,4.374664519592056,0.3421900161030596
148,5.964841653247451,11.010466988727858,1.9860440150295222,3.9184111647879765,21.3768115942029,50.09393451422437,0.9326355340848095,4.374664519592056,0.3421900161030596
149,6.045356951154052,10.976918947933441,1.9860440150295222,3.9049919484702094,21.3768115942029,49.57058507783145,1.4224369296833066,4.374664519592056,0.3421900161030596
150,6.085614600107354,10.976918947933441,1.9860440150295222,3.9049919484702094,21.349973161567366,49.57058507783145,1.4224369296833066,4.361245303274289,0.3421900161030596
151,6.172839506172839,10.976918947933441,1.9860440150295222,5.723295759527644,21.068169618894256,48.26221148684917,1.4224369296833066,4.045893719806763,0.3421900161030596
152,6.1862587224906065,10.963499731615673,1.9860440150295222,5.709876543209877,21.061460010735374,47.779119699409556,1.9390767579173376,4.032474503488996,0.3421900161030596
153,6.333870101986044,10.963499731615673,1.9860440150295222,5.709876543209877,21.014492753623188,47.678475577026305,1.9390767579173376,4.032474503488996,0.3421900161030596
154,6.374127750939345,10.95679012345679,1.9860440150295222,5.709876543209877,20.840042941492218,47.678475577026305,1.9390767579173376,4.032474503488996,0.4830917874396135
155,6.474771873322598,10.95679012345679,1.9860440150295222,5.709876543209877,20.813204508856682,47.60466988727858,1.9390767579173376,4.032474503488996,0.4830917874396135
156,6.5552871712292005,10.909822866344605,1.9860440150295222,5.709876543209877,20.813204508856682,47.57112184648417,1.9390767579173376,4.032474503488996,0.4830917874396135
157,6.635802469135802,10.909822866344605,1.9860440150295222,5.709876543209877,20.77294685990338,47.53086419753087,1.9390767579173376,4.032474503488996,0.4830917874396135
158,7.246376811594203,10.815888352120236,1.9524959742351047,5.662909286097692,20.719269994632313,47.42351046698873,1.9390767579173376,3.7573805689747717,0.4830917874396135
159,7.347020933977456,10.815888352120236,1.9524959742351047,5.662909286097692,20.625335480407944,47.296027911969944,2.059849704777241,3.7573805689747717,0.4830917874396135
160,7.675791733762749,10.721953837895867,1.9390767579173376,5.776972624798712,20.46430488459474,47.12157809983897,2.059849704777241,3.7573805689747717,0.4830917874396135
161,7.816693505099302,10.695115405260333,1.9390767579173376,5.763553408480945,20.46430488459474,47.0276435856146,2.0531400966183573,3.7573805689747717,0.4830917874396135
162,7.991143317230274,10.695115405260333,1.9390767579173376,5.736714975845411,20.40391841116479,46.94041867954911,2.0531400966183573,3.7573805689747717,0.4830917874396135
163,8.004562533548041,10.695115405260333,1.9390767579173376,5.736714975845411,20.303274288781534,47.0276435856146,2.0531400966183573,3.7573805689747717,0.4830917874396135
164,8.340042941492216,10.681696188942565,1.932367149758454,5.736714975845411,20.148953301127214,46.423778851315085,2.49597423510467,3.7573805689747717,0.4830917874396135
165,8.494363929146537,10.681696188942565,1.932367149758454,5.676328502415459,20.115405260332796,46.3768115942029,2.49597423510467,3.743961352657005,0.4830917874396135
166,8.682232957595277,10.668276972624799,1.932367149758454,5.676328502415459,19.97450348899624,46.343263553408484,2.49597423510467,3.743961352657005,0.4830917874396135
167,8.715780998389693,10.668276972624799,1.932367149758454,5.401234567901234,20.564949006977994,46.0077831454643,2.4825550187869028,3.743961352657005,0.4830917874396135
168,8.76274825550188,10.607890499194847,1.932367149758454,5.475040257648954,20.564949006977994,45.94739667203435,2.4825550187869028,3.743961352657005,0.4830917874396135
169,8.856682769726248,10.607890499194847,1.932367149758454,5.475040257648954,20.564949006977994,45.853462157809986,2.4825550187869028,3.743961352657005,0.4830917874396135
170,7.742887815351583,6.689479334406871,2.6435856146001075,5.4616210413311865,20.564949006977994,51.12721417069243,2.563070316693505,2.7241009125067097,0.4830917874396135
171,7.809983896940419,6.689479334406871,2.6435856146001075,5.4616210413311865,20.511272141706925,51.11379495437466,2.563070316693505,2.7241009125067097,0.4830917874396135
172,7.877079978529254,6.689479334406871,2.6435856146001075,5.4616210413311865,20.471014492753625,51.08695652173913,2.563070316693505,2.7241009125067097,0.4830917874396135
173,7.809983896940419,6.689479334406871,2.6435856146001075,5.347557702630167,20.46430488459474,50.60386473429951,2.4355877616747184,3.5225442834138487,0.4830917874396135
174,7.729468599033816,6.635802469135802,3.2675791733762747,5.347557702630167,19.87385936661299,50.436124530327426,2.703972088030059,3.5225442834138487,0.4830917874396135
175,7.890499194847021,6.635802469135802,3.2675791733762747,5.347557702630167,19.87385936661299,50.275093934514224,2.703972088030059,3.5225442834138487,0.4830917874396135
176,8.05823939881911,6.635802469135802,3.2675791733762747,5.347557702630167,19.806763285024154,50.08722490606549,2.8247450348899625,3.488996242619431,0.4830917874396135
177,8.219269994632313,6.622383252818035,3.2474503488996245,5.347557702630167,19.77992485238862,49.986580783682236,2.8247450348899625,3.488996242619431,0.4830917874396135
178,8.266237251744498,6.622383252818035,3.2474503488996245,5.347557702630167,19.773215244229736,49.79200214707461,2.9790660225442833,3.488996242619431,0.4830917874396135
179,8.460815888352121,5.917874396135265,3.2340311325818574,5.347557702630167,20.853462157809982,49.33574879227053,2.844873859366613,3.5963499731615673,0.4092860976918948
180,8.662104133118627,5.911164787976382,3.2340311325818574,5.347557702630167,20.73268921095008,49.27536231884058,2.8381642512077296,3.5963499731615673,0.4025764895330113
181,8.715780998389693,5.884326355340848,3.2340311325818574,4.602791196994096,21.598228663446054,49.14117015566291,2.8247450348899625,3.5963499731615673,0.4025764895330113
182,8.80300590445518,5.8172302737520125,3.4957058507783145,4.602791196994096,21.470746108427267,49.033816425120776,2.8247450348899625,3.549382716049383,0.4025764895330113
183,8.849973161567364,5.790391841116479,3.4957058507783145,4.602791196994096,21.450617283950617,49.033816425120776,2.8247450348899625,3.549382716049383,0.4025764895330113
184,8.950617283950617,5.790391841116479,3.4957058507783145,4.5960815888352125,21.39694041867955,48.993558776167475,2.8247450348899625,3.549382716049383,0.4025764895330113
185,9.118357487922705,5.783682232957595,3.4957058507783145,4.5960815888352125,21.370101986044016,48.01395598497048,3.7037037037037037,3.515834675254965,0.4025764895330113
186,9.138486312399356,5.783682232957595,3.4957058507783145,4.562533548040794,22.571121846484164,47.10144927536232,3.4286097691894795,3.515834675254965,0.4025764895330113
187,9.29951690821256,5.783682232957595,3.4957058507783145,4.522275899087493,22.550993022007514,47.00080515297907,3.4286097691894795,3.515834675254965,0.4025764895330113
188,9.400161030595813,5.723295759527644,3.4822866344605474,4.643048845947397,22.48389694041868,46.97396672034353,3.374932903918411,3.515834675254965,0.4025764895330113
189,9.608158883521202,5.60252281266774,3.4822866344605474,4.643048845947397,22.48389694041868,46.96054750402576,3.361513687600644,3.455448201825013,0.4025764895330113
190,9.863123993558776,5.60252281266774,3.4822866344605474,4.51556629092861,22.443639291465377,46.87332259796028,3.361513687600644,3.455448201825013,0.4025764895330113
191,10.111379495437467,5.5756843800322065,3.280998389694042,5.005367686527107,21.940418679549115,46.31642512077295,3.361513687600644,4.005636070853462,0.4025764895330113
192,10.23215244229737,5.501878690284487,3.280998389694042,5.387815351583468,21.578099838969404,46.11513687600644,3.8177670424047236,3.683574879227053,0.4025764895330113
193,10.426731078904991,5.501878690284487,3.280998389694042,5.387815351583468,21.564680622651636,45.93397745571659,3.8177670424047236,3.683574879227053,0.4025764895330113
194,10.547504025764896,5.501878690284487,3.280998389694042,5.374396135265701,21.524422973698336,45.873590982286636,3.81105743424584,3.683574879227053,0.4025764895330113
195,10.72866344605475,5.501878690284487,3.2675791733762747,5.374396135265701,21.497584541062803,45.73268921095008,3.81105743424584,3.683574879227053,0.4025764895330113
196,11.064143853998926,5.501878690284487,3.2675791733762747,5.3341384863123995,21.26945786366076,45.2361782071927,4.240472356414386,3.683574879227053,0.4025764895330113
197,11.003757380568974,5.501878690284487,3.2675791733762747,5.3341384863123995,21.14868491680086,44.57192699946323,5.0858829844337095,3.683574879227053,0.4025764895330113
198,11.057434245840042,5.501878690284487,3.2675791733762747,5.307300053676865,21.121846484165324,44.57192699946323,5.0858829844337095,3.683574879227053,0.4025764895330113
199,11.05072463768116,5.246913580246914,3.2675791733762747,5.703166935050993,21.061460010735374,44.39747718733226,5.186527106816962,3.683574879227053,0.4025764895330113
200,11.33923778851315,5.213365539452496,3.2675791733762747,5.703166935050993,20.8870101986044,44.316961889425656,5.186527106816962,3.683574879227053,0.4025764895330113
201,11.486849168008588,5.213365539452496,3.180354267310789,5.689747718733226,20.8467525496511,44.26328502415459,5.186527106816962,3.730542136339238,0.4025764895330113
202,10.782340311325818,5.213365539452496,3.099838969404187,5.381105743424584,16.552603327965645,49.67793880837359,5.159688674181428,3.730542136339238,0.4025764895330113
203,10.82259796027912,5.213365539452496,3.099838969404187,5.381105743424584,16.53918411164788,49.11433172302738,5.71658615136876,3.7104133118625873,0.4025764895330113
204,9.306226516371444,5.12614063338701,2.8918411164787976,5.287171229200215,14.801395598497047,53.96537842190016,4.62962962962963,3.589640365002684,0.4025764895330113
205,9.205582393988191,5.12614063338701,2.8650026838432634,4.388083735909823,13.848631239935587,53.616478797638216,4.5960815888352125,5.9514224369296835,0.4025764895330113
206,9.359903381642512,5.12614063338701,2.8650026838432634,4.388083735909823,13.761406333870102,53.56280193236715,4.5893719806763285,5.9447128287707995,0.4025764895330113
207,9.473966720343531,5.12614063338701,2.8650026838432634,4.388083735909823,13.734567901234568,53.515834675254965,4.562533548040794,5.938003220611916,0.39586688137412773
208,9.628287707997853,5.025496511003757,2.85829307568438,4.388083735909823,13.734567901234568,53.46886741814278,4.562533548040794,5.938003220611916,0.39586688137412773
209,9.541062801932368,4.924852388620504,3.1333870101986045,4.388083735909823,14.284755770263017,52.85829307568438,4.53569511540526,5.938003220611916,0.39586688137412773
210,9.782608695652174,4.924852388620504,3.2139023081052067,4.280730005367687,14.264626945786366,52.663714439076756,4.53569511540526,5.938003220611916,0.39586688137412773
211,9.829575952764358,4.924852388620504,3.3011272141706924,4.280730005367687,14.251207729468598,52.563070316693505,4.53569511540526,5.917874396135265,0.39586688137412773
212,9.86983360171766,4.898013955984971,3.3011272141706924,4.280730005367687,14.251207729468598,52.54965110037574,4.53569511540526,5.917874396135265,0.39586688137412773
213,9.762479871175524,4.898013955984971,3.2877079978529253,4.280730005367687,14.231078904991948,52.30810520665593,4.38137412775094,6.454643048845948,0.39586688137412773
214,9.842995169082126,4.898013955984971,3.2877079978529253,4.26731078904992,14.231078904991948,52.241009125067094,4.38137412775094,6.454643048845948,0.39586688137412773
215,9.782608695652174,4.871175523349437,4.5893719806763285,4.26731078904992,14.204240472356414,51.227858293075684,4.206924315619967,6.454643048845948,0.39586688137412773
216,10.071121846484166,4.871175523349437,4.5893719806763285,4.26731078904992,14.184111647879764,50.966183574879224,4.200214707461084,6.454643048845948,0.39586688137412773
217,10.111379495437467,4.871175523349437,4.5893719806763285,4.26731078904992,14.184111647879764,50.925925925925924,4.200214707461084,6.454643048845948,0.39586688137412773
218,10.124798711755233,4.871175523349437,4.5893719806763285,5.0993022007514766,13.667471819645733,50.36231884057971,4.441760601180891,6.447933440687064,0.39586688137412773
219,10.138217928073,4.871175523349437,4.5893719806763285,5.0858829844337095,13.667471819645733,50.36231884057971,4.441760601180891,6.447933440687064,0.39586688137412773
220,10.084541062801932,4.871175523349437,4.5893719806763285,5.0791733762748255,13.325281803542673,50.08722490606549,4.441760601180891,7.132313472893183,0.38915727321524424
221,10.238862050456254,4.871175523349437,4.5893719806763285,5.0791733762748255,13.325281803542673,49.973161567364464,4.40150295222759,7.132313472893183,0.38915727321524424
222,10.272410091250672,4.783950617283951,4.5893719806763285,5.314009661835748,13.325281803542673,49.9194847020934,4.40150295222759,7.004830917874396,0.38915727321524424
223,9.883252818035427,4.783950617283951,4.4820182501341925,8.809715512614064,13.325281803542673,46.403650026838434,4.924852388620504,6.998121309715513,0.38915727321524424
224,9.990606548577563,4.777241009125067,4.448470209339774,8.789586688137414,13.325281803542673,46.35668276972625,4.924852388620504,6.998121309715513,0.38915727321524424
225,10.158346752549651,4.770531400966184,4.448470209339774,8.789586688137414,13.318572195383789,46.202361782071925,4.924852388620504,6.998121309715513,0.38915727321524424
226,10.319377348362856,4.770531400966184,4.448470209339774,8.749329039184111,13.278314546430488,46.12855609232421,4.918142780461621,6.998121309715513,0.38915727321524424
227,10.587761674718196,4.770531400966184,4.448470209339774,8.735909822866345,13.191089640365004,45.967525496511,4.911433172302737,6.998121309715513,0.38915727321524424
228,10.681696188942565,4.770531400966184,4.448470209339774,8.735909822866345,13.170960815888352,45.893719806763286,4.911433172302737,6.998121309715513,0.38915727321524424
229,10.84272678475577,4.7638217928073,4.334406870638754,8.729200214707461,13.170960815888352,45.860171765968865,4.911433172302737,6.998121309715513,0.38915727321524424
230,11.265432098765432,4.7638217928073,4.334406870638754,8.729200214707461,13.083735909822867,45.551529790660226,4.911433172302737,6.971282877079979,0.38915727321524424
231,11.654589371980677,4.7638217928073,4.334406870638754,8.729200214707461,12.869028448738593,45.49785292538916,4.891304347826087,6.971282877079979,0.2885131508319914
232,11.90955448201825,4.74369296833065,4.334406870638754,8.715780998389693,12.701288244766506,45.309983896940416,5.025496511003757,6.971282877079979,0.2885131508319914
233,12.00348899624262,4.7101449275362315,4.334406870638754,8.715780998389693,12.68786902844874,45.26301663982824,5.025496511003757,6.971282877079979,0.2885131508319914
234,12.151100375738057,4.7101449275362315,4.334406870638754,8.68894256575416,12.681159420289855,45.17579173376275,4.998658078368224,6.971282877079979,0.2885131508319914
235,12.318840579710145,4.7101449275362315,4.455179817498658,8.541331186258722,12.681159420289855,45.03488996242619,4.998658078368224,6.971282877079979,0.2885131508319914
236,12.47987117552335,4.7101449275362315,4.455179817498658,8.541331186258722,12.654320987654321,44.900697799248526,4.998658078368224,6.971282877079979,0.2885131508319914
237,12.546967257112184,4.7101449275362315,4.455179817498658,8.541331186258722,12.654320987654321,44.83360171765969,4.998658078368224,6.971282877079979,0.2885131508319914
238,12.68786902844874,4.7101449275362315,4.455179817498658,8.480944712828771,12.654320987654321,44.77992485238862,4.9718196457326895,6.971282877079979,0.2885131508319914
239,12.869028448738593,4.7101449275362315,4.455179817498658,8.32662372517445,12.647611379495437,44.75979602791197,4.9718196457326895,6.971282877079979,0.2885131508319914
240,12.31213097155126,4.683306494900698,4.448470209339774,8.172302737520129,10.943370907139023,48.70504562533548,4.9718196457326895,5.475040257648954,0.2885131508319914
241,12.392646269457863,4.683306494900698,4.448470209339774,8.172302737520129,10.943370907139023,48.62453032742888,4.9718196457326895,5.475040257648954,0.2885131508319914
242,12.25174449812131,4.609500805152979,4.864465915190553,8.017981749865807,10.943370907139023,47.99382716049383,4.87788513150832,6.152710681696189,0.2885131508319914
243,12.607353730542137,4.609500805152979,4.864465915190553,8.011272141706923,10.889694041867955,47.73215244229737,4.87788513150832,6.119162640901771,0.2885131508319914
244,12.587224906065487,4.609500805152979,4.864465915190553,8.011272141706923,10.829307568438002,47.62479871175523,4.87788513150832,6.3070316693505095,0.2885131508319914
245,11.131239935587761,4.0995705850778315,4.62962962962963,7.467793880837359,10.399892646269459,52.281266774020395,4.609500805152979,5.092592592592593,0.2885131508319914
246,11.104401502952227,4.0995705850778315,4.62962962962963,7.7361782071927,10.399892646269459,52.03972088030059,4.609500805152979,5.092592592592593,0.2885131508319914
247,11.20504562533548,4.0995705850778315,4.62962962962963,7.7361782071927,10.399892646269459,51.939076757917334,4.609500805152979,5.092592592592593,0.2885131508319914
248,11.345947396672035,4.0995705850778315,4.62962962962963,7.729468599033816,10.379763821792807,51.83843263553408,4.609500805152979,5.0858829844337095,0.28180354267310787
249,11.54723564143854,4.066022544283414,4.62962962962963,7.729468599033816,10.319377348362856,51.690821256038646,4.683306494900698,5.052334943639291,0.28180354267310787
250,11.634460547504025,4.03918411164788,4.62962962962963,7.950885668276973,10.312667740203972,51.1406333870102,4.958400429414922,5.052334943639291,0.28180354267310787
