,45,50,51,55,56,52,53,57,54,59,58,61,60
0,97.94685990338164,2.0531400966183573,,,,,,,,,,,
1,97.5174449812131,2.4825550187869028,,,,,,,,,,,
2,97.45705850778315,2.5429414922168547,,,,,,,,,,,
3,82.11218464841653,17.887815351583466,,,,,,,,,,,
4,78.09983896940419,21.591519055287172,0.14090177133655393,0.16774020397208803,,,,,,,,,
5,76.1003757380569,16.304347826086957,7.427536231884058,0.16774020397208803,,,,,,,,,
6,74.89935587761674,15.371712292002147,9.561191626409018,0.16774020397208803,,,,,,,,,
7,64.85507246376811,25.51663982823403,9.494095544820183,0.08722490606548577,0.04696725711218465,,,,,,,,
8,62.70799785292539,27.542941492216855,9.453837895866881,0.24825550187869028,0.04696725711218465,,,,,,,,
9,60.36634460547504,25.033548040794418,12.412775093934513,0.3153515834675255,,1.8719806763285025,,,,,,,
10,46.55797101449275,30.307300053676865,19.02173913043478,0.2214170692431562,2.01959205582394,1.8719806763285025,,,,,,,
11,45.18250134192163,31.743156199677937,18.968062265163713,0.2214170692431562,2.0531400966183573,1.8317230273752012,,,,,,,
12,42.78717122920021,34.93022007514761,17.659688674181428,0.07380568974771873,1.724369296833065,1.7579173376274826,1.06682769726248,,,,,,
13,40.53945249597424,35.225442834138484,19.209608158883523,0.4495437466451959,1.6774020397208802,1.7579173376274826,1.06682769726248,0.07380568974771873,,,,,
14,40.49919484702093,35.10466988727858,19.209608158883523,0.6105743424584005,1.6774020397208802,1.7579173376274826,1.06682769726248,0.07380568974771873,,,,,
15,38.707729468599034,36.902844873859365,19.202898550724637,0.6105743424584005,1.6774020397208802,1.7579173376274826,1.06682769726248,0.07380568974771873,,,,,
16,38.57353730542136,31.588835212023618,24.436392914653783,0.7313472893183038,1.7713365539452497,1.7579173376274826,1.06682769726248,0.07380568974771873,,,,,
17,34.14519592055824,25.55018786902845,31.716317767042405,0.6239935587761675,2.3550724637681157,4.388083735909823,1.107085346215781,0.07380568974771873,0.040257648953301126,,,,
18,32.56843800322061,27.012882447665056,29.898013955984972,0.6239935587761675,2.2879763821792807,4.30756843800322,1.107085346215781,0.14090177133655393,2.0531400966183573,,,,
19,31.756575415995705,26.757917337627482,30.54213633923779,0.6038647342995169,2.442297369833602,4.5960815888352125,1.107085346215781,0.14090177133655393,2.0531400966183573,,,,
20,31.890767579173378,26.710950080515296,30.48174986580784,0.6038647342995169,2.442297369833602,4.582662372517445,1.107085346215781,0.14090177133655393,2.0397208803005906,,,,
21,28.985507246376812,28.6231884057971,28.629898013955984,0.6038647342995169,1.482823403113258,6.045356951154052,3.44873859366613,0.14090177133655393,2.0397208803005906,,,,
22,26.38888888888889,31.15271068169619,28.35480407944176,0.7917337627482555,1.6572732152442298,6.025228126677402,3.44873859366613,0.14090177133655393,2.0397208803005906,,,,
23,25.63070316693505,31.816961889425656,28.31454643048846,0.7917337627482555,1.6774020397208802,6.139291465378422,3.44873859366613,0.14090177133655393,2.0397208803005906,,,,
24,24.50348899624262,31.40096618357488,29.736983360171767,0.9594739667203436,1.6975308641975309,6.072195383789587,3.44873859366613,0.14090177133655393,2.0397208803005906,,,,
25,23.805689747718734,29.367954911433173,31.5552871712292,0.8722490606548577,1.6975308641975309,6.072195383789587,4.455179817498658,0.14090177133655393,2.033011272141707,,,,
26,23.64465915190553,29.26731078904992,28.837895866881375,0.9930220075147611,1.6035963499731616,9.567901234567902,3.9720880300590444,0.08051529790660225,2.033011272141707,,,,
27,22.644927536231883,29.09286097691895,29.985238862050455,0.9930220075147611,1.6572732152442298,9.541062801932368,3.9720880300590444,0.08051529790660225,2.033011272141707,,,,
28,20.175791733762747,29.777241009125067,30.823939881910896,1.0802469135802468,1.5901771336553945,10.34621578099839,3.8848631239935587,0.20799785292538917,2.1135265700483092,,,,
29,20.00805152979066,28.08641975308642,26.160762211486848,1.1540526033279657,2.5429414922168547,16.51905528717123,3.2206119162640903,0.20799785292538917,2.100107353730542,,,,
30,19.95437466451959,28.14680622651637,25.865539452495973,1.3083735909822867,2.6838432635534084,16.378153515834676,3.2206119162640903,0.3421900161030596,2.100107353730542,,,,
31,19.464573268921097,27.710681696188942,24.879227053140095,1.5432098765432098,2.885131508319914,17.800590445517983,3.2206119162640903,0.3421900161030596,2.15378421900161,,,,
32,19.49141170155663,27.697262479871174,24.724906065485776,1.5767579173376274,3.0059044551798175,17.787171229200215,3.2206119162640903,0.3153515834675255,2.1806226516371443,,,,
33,19.082125603864736,27.4020397208803,25.308641975308642,1.5767579173376274,3.1333870101986045,17.767042404723565,3.2340311325818574,0.3153515834675255,2.1806226516371443,,,,
34,17.37788513150832,27.375201288244767,23.53059581320451,1.724369296833065,3.0595813204508855,21.202361782071925,3.2340311325818574,0.3153515834675255,2.1806226516371443,,,,
35,17.56575415995706,27.13365539452496,23.544015029522274,1.7914653784219001,3.0595813204508855,21.175523349436393,3.2340311325818574,0.3153515834675255,2.1806226516371443,,,,
36,17.257112184648417,26.476113794954376,24.65780998389694,1.8048845947396672,2.9924852388620504,20.658883521202362,3.2340311325818574,0.5434782608695652,2.3752012882447664,,,,
37,16.15673644659152,26.214439076757916,30.280461621041333,1.8719806763285025,2.1739130434782608,19.11567364465915,2.952227589908749,0.5434782608695652,0.6910896403650026,,,,
38,16.264090177133657,26.073537305421365,25.194578636607623,1.9189479334406871,2.1739130434782608,18.95464304884595,2.952227589908749,0.7447665056360708,5.723295759527644,,,,
39,16.203703703703702,26.113794954374665,25.046967257112186,2.1068169618894257,2.1739130434782608,18.766774020397207,3.046162104133119,0.8185721953837896,5.723295759527644,,,,
40,16.223832528180353,26.02657004830918,23.00053676865271,2.1068169618894257,2.120236178207193,17.995169082125603,4.032474503488996,0.7514761137949544,7.742887815351583,,,,
41,16.150026838432634,23.336017176596886,27.66371443907676,2.033011272141707,2.120236178207193,16.210413311862588,4.032474503488996,0.7179280730005367,7.695920558239399,0.040257648953301126,,,
42,15.411969940955448,23.05421363392378,32.59527643585615,2.328234031132582,1.5633387010198605,14.566559312936125,2.3752012882447664,0.5434782608695652,7.434245840042942,0.1274825550187869,,,
43,15.438808373590982,23.040794417606012,32.47450348899624,2.341653247450349,1.9189479334406871,14.593397745571659,2.368491680085883,0.5434782608695652,7.152442297369833,0.1274825550187869,,,
44,15.479066022544284,22.873054213633925,32.41411701556629,2.509393451422437,2.073268921095008,14.418947933440688,2.368491680085883,0.6776704240472357,7.058507783145465,0.1274825550187869,,,
45,15.546162104133119,22.82608695652174,32.400697799248526,2.536231884057971,2.073268921095008,14.27133655394525,2.5026838432635534,0.6910896403650026,7.024959742351046,0.1274825550187869,,,
46,15.271068169618895,23.181696188942567,32.33360171765969,2.5831991411701556,2.073268921095008,14.210950080515298,2.5026838432635534,0.6910896403650026,7.024959742351046,0.1274825550187869,,,
47,13.063607085346217,32.25308641975309,27.4422973698336,2.341653247450349,2.006172839506173,11.600912506709609,2.254428341384863,0.5501878690284487,8.373590982286634,0.11406333870101985,,,
48,13.070316693505099,32.25308641975309,27.4422973698336,2.341653247450349,2.006172839506173,11.560654857756306,2.214170692431562,0.5501878690284487,8.400429414922169,0.11406333870101985,0.04696725711218465,,
49,13.123993558776167,32.1256038647343,27.22758990874933,2.5831991411701556,2.0799785292538915,11.52710681696189,2.1940418679549114,0.5837359098228664,8.393719806763285,0.11406333870101985,0.04696725711218465,,
50,13.16425120772947,32.139023081052066,27.180622651637144,2.5831991411701556,2.1135265700483092,11.513687600644122,2.1940418679549114,0.5837359098228664,8.36688137412775,0.11406333870101985,0.04696725711218465,,
51,11.312399355877616,34.84970477724101,26.90552871712292,2.7509393451422435,2.046430488459474,10.695115405260333,2.2208803005904456,0.7045088566827697,8.353462157809984,0.11406333870101985,0.04696725711218465,,
52,11.379495437466453,34.66183574879227,26.764626945786365,2.8918411164787976,2.1940418679549114,10.695115405260333,2.1940418679549114,0.7045088566827697,8.353462157809984,0.11406333870101985,0.04696725711218465,,
53,10.587761674718196,33.69565217391305,28.488996242619432,3.1199677938808374,2.2611379495437465,10.57434245840043,2.1940418679549114,0.7045088566827697,8.21256038647343,0.11406333870101985,0.04696725711218465,,
54,10.520665593129362,28.824476650563607,26.44927536231884,3.0864197530864197,1.2546967257112185,18.5654857756307,2.1940418679549114,0.7045088566827697,8.239398819108963,0.11406333870101985,0.04696725711218465,,
55,10.225442834138486,23.98684916800859,33.32662372517445,3.1870638754696725,1.2748255501878691,16.680085882984432,2.187332259796028,0.7313472893183038,8.239398819108963,0.11406333870101985,0.04696725711218465,,
56,10.225442834138486,23.886205045625335,33.41384863123994,3.2340311325818574,1.3821792807300053,16.55931293612453,2.187332259796028,0.7112184648416533,8.239398819108963,0.11406333870101985,0.04696725711218465,,
57,10.23215244229737,23.443370907139023,33.19914117015566,3.69699409554482,1.482823403113258,16.680085882984432,2.15378421900161,0.7112184648416533,8.239398819108963,0.11406333870101985,0.04696725711218465,,
58,10.178475577026301,23.282340311325818,29.361245303274288,3.750670960815888,1.5230810520665594,16.431830381105744,6.387546967257112,0.6843800322061192,8.239398819108963,0.11406333870101985,0.04696725711218465,,
59,9.219001610305957,21.195652173913043,35.37305421363392,3.180354267310789,1.3150831991411702,17.136339237788512,3.7640901771336552,0.6843800322061192,7.971014492753623,0.11406333870101985,0.04696725711218465,,
60,8.152173913043478,17.8743961352657,40.29119699409554,2.717391304347826,1.3150831991411702,16.847826086956523,3.9855072463768115,0.6843800322061192,7.971014492753623,0.11406333870101985,0.04696725711218465,,
61,8.085077831454644,17.47181964573269,38.71443907675792,2.6972624798711755,1.328502415458937,18.51851851851852,4.4820182501341925,0.6843800322061192,7.823403113258186,0.11406333870101985,0.08051529790660225,,
62,8.172302737520129,17.398013955984972,38.687600644122384,2.6972624798711755,1.3553408480944713,18.46484165324745,4.4820182501341925,0.7246376811594203,7.823403113258186,0.11406333870101985,0.08051529790660225,,
63,8.239398819108963,17.398013955984972,38.64734299516908,2.6838432635534084,1.3419216317767042,18.46484165324745,4.4820182501341925,0.7246376811594203,7.823403113258186,0.11406333870101985,0.08051529790660225,,
64,6.91760601180891,16.901502952227588,41.21041331186259,2.6972624798711755,1.3083735909822867,17.746913580246915,4.4820182501341925,0.7179280730005367,7.823403113258186,0.11406333870101985,0.08051529790660225,,
65,6.91760601180891,16.814278046162105,40.33145464304884,2.7509393451422435,1.3083735909822867,19.26328502415459,4.4820182501341925,0.7179280730005367,7.192699946323135,0.11406333870101985,0.10735373054213634,,
66,6.9243156199677935,16.71363392377885,41.54589371980676,2.7241009125067097,1.596886741814278,18.109232420826622,4.314278046162104,0.6575415995705851,7.192699946323135,0.11406333870101985,0.10735373054213634,,
67,7.018250134192163,16.6935050993022,41.35131508319914,2.7241009125067097,1.7444981213097155,18.08239398819109,4.314278046162104,0.6575415995705851,7.152442297369833,0.15432098765432098,0.10735373054213634,,
68,4.924852388620504,22.054482018250134,38.77482555018787,1.9994632313472893,1.4895330112721417,18.766774020397207,3.4420289855072466,0.5904455179817498,7.561728395061729,0.15432098765432098,0.24154589371980675,,
69,4.904723564143854,19.867149758454108,38.35212023617821,1.9592055823939882,1.6304347826086956,20.068438003220614,4.669887278582931,0.5904455179817498,7.561728395061729,0.15432098765432098,0.24154589371980675,,
70,4.85775630703167,19.37734836285561,37.0504562533548,1.737788513150832,1.6035963499731616,20.652173913043477,6.172839506172839,0.5904455179817498,7.561728395061729,0.15432098765432098,0.24154589371980675,,
71,4.924852388620504,19.135802469135804,37.86231884057971,1.9592055823939882,1.5029522275899088,18.511808910359633,7.595276435856146,0.7112184648416533,7.353730542136339,0.15432098765432098,0.2885131508319914,,
72,4.9718196457326895,19.048577563070317,37.74825550187869,2.046430488459474,1.6371443907675791,18.411164787976382,7.588566827697263,0.8118625872249061,7.326892109500805,0.15432098765432098,0.2549651100375738,,
73,3.193773483628556,18.00858829844337,42.210144927536234,1.6237251744498122,1.7646269457863661,19.088835212023618,5.703166935050993,0.7246376811594203,7.326892109500805,0.15432098765432098,0.20128824476650564,,
74,3.227321524422974,17.344337090713903,41.84111647879764,3.180354267310789,1.8384326355340848,19.088835212023618,5.018786902844874,0.7045088566827697,7.4141170155662905,0.14090177133655393,0.20128824476650564,,
75,3.240740740740741,17.223564143854,41.720343531937736,3.556092324208266,1.8384326355340848,19.0150295222759,4.871175523349437,0.7783145464304885,7.4141170155662905,0.14090177133655393,0.20128824476650564,,
76,3.2675791733762747,16.854535695115406,38.89559849704777,3.515834675254965,1.8853998926462694,20.954106280193237,5.991680085882985,0.8789586688137413,7.4141170155662905,0.14090177133655393,0.20128824476650564,,
77,3.280998389694042,16.74718196457327,37.39935587761675,3.4286097691894795,1.7444981213097155,20.90042941492217,7.816693505099302,0.8789586688137413,7.541599570585078,0.14090177133655393,0.12077294685990338,,
78,3.166935050993022,15.418679549114332,39.25791733762748,3.321256038647343,1.6908212560386473,20.73268921095008,7.729468599033816,0.9930220075147611,7.407407407407407,0.14090177133655393,0.12077294685990338,0.020128824476650563,
79,3.294417606011809,15.237520128824476,39.210950080515296,3.321256038647343,1.6505636070853462,20.437466451959207,7.729468599033816,1.2949543746645196,7.541599570585078,0.14090177133655393,0.12077294685990338,0.020128824476650563,
80,3.3145464304884595,15.210681696188942,37.97638217928073,3.3548040794417604,1.6841116478797638,20.21604938271605,9.708803005904455,1.2412775093934514,7.0383789586688135,0.11406333870101985,0.12077294685990338,0.020128824476650563,
81,3.421900161030596,15.210681696188942,37.795222758990874,3.388352120236178,1.7042404723564144,20.061728395061728,9.708803005904455,1.3955984970477724,7.024959742351046,0.11406333870101985,0.12077294685990338,0.05367686527106817,
82,3.421900161030596,15.163714439076758,37.72141706924316,3.3682232957595275,1.9994632313472893,19.961084272678477,9.668545356951155,1.3955984970477724,6.998121309715513,0.1274825550187869,0.12077294685990338,0.05367686527106817,
83,3.2004830917874396,14.814814814814815,38.02334943639291,3.307836822329576,2.0531400966183573,19.296833064949006,10.661567364465915,1.3083735909822867,7.03166935050993,0.1274825550187869,0.12077294685990338,0.05367686527106817,
84,3.2541599570585076,14.774557165861514,39.26462694578637,3.3279656468062266,2.0531400966183573,19.142512077294686,10.661567364465915,1.4559849704777241,5.763553408480945,0.1274825550187869,0.12077294685990338,0.05367686527106817,
85,3.2877079978529253,14.741009125067096,37.144390767579175,3.0931293612453032,2.01959205582394,21.537842190016104,10.674986580783683,1.4559849704777241,5.723295759527644,0.16774020397208803,0.10064412238325282,0.05367686527106817,
86,3.4017713365539453,14.720880300590446,37.07058507783145,3.0931293612453032,2.0665593129361244,21.517713365539453,10.648148148148149,1.4358561460010735,5.723295759527644,0.16774020397208803,0.10064412238325282,0.05367686527106817,
87,3.515834675254965,14.720880300590446,36.782071926999464,3.0931293612453032,2.1068169618894257,21.470746108427267,10.621309715512615,1.4358561460010735,5.931293612453032,0.16774020397208803,0.10064412238325282,0.05367686527106817,
88,3.0193236714975846,12.909286097691895,34.11164787976382,2.771068169618894,2.167203435319377,28.28099838969404,9.125067096081589,1.6170155662909287,5.709876543209877,0.16774020397208803,0.10064412238325282,0.020128824476650563,
89,3.0394524959742353,12.546967257112184,33.561460010735374,2.6637144390767578,2.1940418679549114,26.92565754159957,11.406333870101985,1.6371443907675791,5.709876543209877,0.16774020397208803,0.10064412238325282,0.04696725711218465,
90,3.0730005367686526,12.359098228663447,33.51449275362319,2.771068169618894,2.3483628556092326,26.8317230273752,11.392914653784219,1.6841116478797638,5.709876543209877,0.16774020397208803,0.10064412238325282,0.04696725711218465,
91,3.0931293612453032,12.359098228663447,32.85024154589372,2.771068169618894,2.3483628556092326,27.47584541062802,11.392914653784219,1.6841116478797638,5.709876543209877,0.16774020397208803,0.10064412238325282,0.04696725711218465,
92,3.1602254428341383,11.191626409017713,32.43424584004294,2.757648953301127,2.3483628556092326,28.63660762211487,11.285560923242082,1.9659151905528718,5.844068706387547,0.16774020397208803,0.1610305958132045,0.04696725711218465,
93,3.240740740740741,11.191626409017713,32.400697799248526,2.757648953301127,2.3483628556092326,28.6231884057971,11.285560923242082,1.9659151905528718,5.810520665593129,0.16774020397208803,0.1610305958132045,0.04696725711218465,
94,3.307836822329576,11.191626409017713,32.31347289318304,2.791196994095545,2.3483628556092326,28.589640365002683,11.252012882447666,2.033011272141707,5.797101449275362,0.16774020397208803,0.1610305958132045,0.04696725711218465,
95,3.3950617283950617,11.191626409017713,32.078636607622116,2.7777777777777777,2.61003757380569,28.455448201825014,11.252012882447666,2.0665593129361244,5.797101449275362,0.16774020397208803,0.1610305958132045,0.04696725711218465,
96,3.3950617283950617,11.178207192699947,30.300590445517983,2.818035426731079,2.657004830917874,30.776972624798713,10.829307568438002,1.8719806763285025,5.797101449275362,0.16774020397208803,0.1610305958132045,0.04696725711218465,
97,2.945517981749866,9.883252818035427,33.467525496511,2.428878153515835,2.475845410628019,30.159688674181428,11.52710681696189,1.8518518518518519,4.9718196457326895,0.16774020397208803,0.10064412238325282,0.020128824476650563,
98,2.7777777777777777,9.75577026301664,41.89479334406871,2.368491680085883,2.281266774020397,22.52415458937198,11.513687600644122,1.6774020397208802,4.918142780461621,0.16774020397208803,0.10064412238325282,0.020128824476650563,
99,2.8381642512077296,9.648416532474503,41.83440687063875,2.4691358024691357,2.281266774020397,22.470477724100913,11.506977992485238,1.6774020397208802,4.918142780461621,0.16774020397208803,0.16774020397208803,0.020128824476650563,
100,2.9388083735909825,9.480676328502415,41.71363392377885,2.536231884057971,2.522812667740204,22.443639291465377,11.486849168008588,1.6774020397208802,4.8443370907139025,0.16774020397208803,0.16774020397208803,0.020128824476650563,
101,2.945517981749866,9.098228663446054,40.57300053676865,2.8515834675254963,2.4221685453569513,24.422973698336016,10.86285560923242,1.724369296833065,4.7168545356951155,0.19457863660762212,0.16774020397208803,0.020128824476650563,
102,2.999194847020934,9.037842190016104,40.445517981749866,2.8515834675254963,2.636876006441224,24.322329575952764,10.815888352120236,1.7914653784219001,4.7168545356951155,0.19457863660762212,0.16774020397208803,0.020128824476650563,
103,2.5026838432635534,7.461084272678476,44.50483091787439,2.677133655394525,2.462426194310252,23.939881910896403,10.815888352120236,1.7914653784219001,3.435319377348363,0.2214170692431562,0.16774020397208803,0.020128824476650563,
104,2.100107353730542,4.502147074610843,42.632850241545896,2.2946859903381642,2.1739130434782608,30.730005367686527,10.755501878690284,1.9122383252818036,2.5697799248523885,0.2214170692431562,0.10064412238325282,0.0067096081588835215,
105,2.328234031132582,4.40150295222759,42.25711218464841,2.254428341384863,2.314814814814815,30.287171229200215,11.265432098765432,1.9927536231884058,2.5697799248523885,0.2214170692431562,0.10064412238325282,0.0067096081588835215,
106,2.3617820719269993,4.40150295222759,42.09608158883521,2.254428341384863,2.475845410628019,30.253623188405797,11.231884057971014,1.9927536231884058,2.4355877616747184,0.35560923242082665,0.13419216317767044,0.0067096081588835215,
107,2.408749329039184,4.1129898013955986,40.61325818572195,2.24771873322598,2.3349436392914655,32.68250134192163,10.84272678475577,1.8451422436929683,2.4154589371980677,0.35560923242082665,0.13419216317767044,0.0067096081588835215,
108,2.4490069779924855,4.106280193236715,40.324745034889965,2.4557165861513686,2.536231884057971,32.57514761137949,10.701825013419215,1.7981749865807837,2.4154589371980677,0.35560923242082665,0.27509393451422437,0.0067096081588835215,
109,2.4892646269457863,3.978797638217928,41.00912506709608,2.536231884057971,2.589908749329039,32.098765432098766,10.446859903381643,1.7981749865807837,2.4154589371980677,0.35560923242082665,0.27509393451422437,0.0067096081588835215,
110,2.5161030595813205,3.978797638217928,40.633387010198604,2.536231884057971,2.9790660225442833,32.05179817498658,10.312667740203972,1.8250134192163177,2.5295222758990876,0.35560923242082665,0.27509393451422437,0.0067096081588835215,
111,2.563070316693505,3.824476650563607,39.79468599033817,2.536231884057971,2.9790660225442833,32.971014492753625,10.11808910359635,1.9122383252818036,2.6637144390767578,0.35560923242082665,0.27509393451422437,0.0067096081588835215,
112,2.61003757380569,3.81105743424584,39.761137949543745,2.6704240472356413,2.9790660225442833,32.82340311325819,10.084541062801932,1.9256575415995705,2.6637144390767578,0.35560923242082665,0.30864197530864196,0.0067096081588835215,
113,2.61003757380569,3.6231884057971016,41.14331723027375,2.589908749329039,3.1199677938808374,32.63553408480945,8.883521202361782,1.9524959742351047,2.7844873859366612,0.3421900161030596,0.30864197530864196,0.0067096081588835215,
114,2.5295222758990876,3.1468062265163717,42.13633923778851,2.3550724637681157,3.1199677938808374,32.52147074610843,8.789586688137414,1.9524959742351047,2.6704240472356413,0.32877079978529256,0.4428341384863124,0.0067096081588835215,
115,2.4221685453569513,2.7643585614600106,40.13687600644123,2.147074610842727,3.0394524959742353,33.87010198604401,10.185185185185185,1.9524959742351047,2.589908749329039,0.35560923242082665,0.5300590445517982,0.0067096081588835215,
116,2.5026838432635534,2.7643585614600106,40.06977992485239,2.147074610842727,3.0931293612453032,33.82984433709071,10.171765968867419,1.9524959742351047,2.576489533011272,0.35560923242082665,0.5300590445517982,0.0067096081588835215,
117,2.576489533011272,2.7643585614600106,39.87520128824477,2.147074610842727,3.307836822329576,33.782877079978526,10.138217928073,1.9793344068706387,2.5496511003757383,0.3421900161030596,0.5300590445517982,0.0067096081588835215,
118,2.6502952227589907,2.7643585614600106,39.79468599033817,2.0128824476650564,3.388352120236178,33.74932903918411,10.19189479334407,1.9793344068706387,2.5496511003757383,0.3421900161030596,0.5703166935050993,0.0067096081588835215,
119,2.717391304347826,2.757648953301127,39.452495974235106,2.033011272141707,3.44873859366613,33.2662372517445,10.876274825550189,1.9793344068706387,2.522812667740204,0.36902844873859364,0.5703166935050993,0.0067096081588835215,
120,2.7643585614600106,2.757648953301127,38.95598497047772,2.3550724637681157,3.7104133118625873,33.17901234567901,10.909822866344605,1.9793344068706387,2.442297369833602,0.36902844873859364,0.5703166935050993,0.0067096081588835215,
121,2.737520128824477,2.7509393451422435,38.399087493290395,2.3483628556092326,3.7372517444981215,32.427536231884055,10.768921095008052,2.086688137412775,3.6902844873859366,0.36902844873859364,0.6776704240472357,0.0067096081588835215,
122,2.7106816961889426,2.7308105206655933,38.16425120772947,2.462426194310252,3.9452495974235107,32.367149758454104,10.695115405260333,2.0665593129361244,3.7238325281803544,0.36902844873859364,0.7581857219538379,0.0067096081588835215,
123,2.85829307568438,2.7308105206655933,38.097155126140635,2.4221685453569513,4.012345679012346,32.32018250134192,10.63472893183038,2.0665593129361244,3.7238325281803544,0.36902844873859364,0.7581857219538379,0.0067096081588835215,
124,2.898550724637681,2.7308105206655933,39.432367149758456,2.395330112721417,4.1129898013955986,32.15915190552872,9.192163177670425,2.0665593129361244,3.938539989264627,0.36902844873859364,0.6977992485238862,0.0067096081588835215,
125,2.999194847020934,2.717391304347826,39.371980676328505,2.395330112721417,4.092860976918948,32.06521739130435,8.917069243156199,2.059849704777241,4.032474503488996,0.36902844873859364,0.9728931830381106,0.0067096081588835215,
126,3.113258185721954,2.703972088030059,39.27133655394525,2.395330112721417,4.17337627482555,31.95115405260333,8.917069243156199,2.1068169618894257,4.019055287171229,0.36902844873859364,0.9728931830381106,0.0067096081588835215,
127,3.2004830917874396,2.703972088030059,39.21765968867418,2.395330112721417,4.180085882984434,31.884057971014492,8.943907675791733,2.1068169618894257,4.019055287171229,0.36902844873859364,0.9728931830381106,0.0067096081588835215,
128,3.1199677938808374,2.6972624798711755,38.788244766505635,2.3215244229736984,4.253891572732153,33.24610842726785,8.57487922705314,2.3550724637681157,3.515834675254965,0.19457863660762212,0.9259259259259259,0.0067096081588835215,
129,3.1065485775630703,2.6972624798711755,38.238056897477186,2.4490069779924855,4.3545356951154055,32.950885668276975,8.57487922705314,2.3550724637681157,4.146537842190016,0.19457863660762212,0.9259259259259259,0.0067096081588835215,
130,3.2139023081052067,2.6972624798711755,37.88244766505636,2.4490069779924855,4.616210413311863,32.890499194847024,8.57487922705314,2.4020397208803006,4.146537842190016,0.19457863660762212,0.9259259259259259,0.0067096081588835215,
131,3.321256038647343,2.6435856146001075,36.74852388620504,2.4221685453569513,4.4753086419753085,34.15861513687601,8.55475040257649,2.4020397208803006,4.146537842190016,0.19457863660762212,0.9259259259259259,0.0067096081588835215,
132,2.818035426731079,2.120236178207193,40.60654857756307,2.1269457863660763,4.367954911433173,32.03166935050993,8.702361782071927,2.0933977455716586,4.03918411164788,0.19457863660762212,0.8923778851315083,0.0067096081588835215,
133,2.871712292002147,2.120236178207193,40.24422973698336,2.38191089640365,4.468599033816425,31.99812130971551,8.702361782071927,2.0933977455716586,4.03918411164788,0.19457863660762212,0.8789586688137413,0.0067096081588835215,
134,2.945517981749866,2.1135265700483092,39.2512077294686,2.38191089640365,4.468599033816425,31.99812130971551,9.64170692431562,2.0799785292538915,4.03918411164788,0.19457863660762212,0.8789586688137413,0.0067096081588835215,
135,3.0595813204508855,2.1135265700483092,39.130434782608695,2.3550724637681157,4.555823939881911,31.944444444444443,9.581320450885668,2.1135265700483092,4.012345679012346,0.19457863660762212,0.9326355340848095,0.0067096081588835215,
136,3.1065485775630703,2.1135265700483092,38.09044551798175,2.368491680085883,4.676596886741814,32.830112721417066,9.608158883521202,2.1135265700483092,3.965378421900161,0.19457863660762212,0.9326355340848095,,
137,3.0595813204508855,2.1135265700483092,37.8690284487386,2.368491680085883,4.777241009125067,33.984165324745035,8.695652173913043,2.1403650026838434,3.9318303811057436,0.19457863660762212,0.8655394524959742,,
138,3.066290928609769,2.0933977455716586,37.64090177133655,2.5563607085346214,4.931561996779388,33.803005904455176,8.662104133118627,2.26784755770263,3.9318303811057436,0.19457863660762212,0.8521202361782072,,
139,3.126677402039721,2.0933977455716586,37.144390767579175,2.9790660225442833,5.119431025228127,33.53462157809984,8.628556092324208,2.395330112721417,3.9318303811057436,0.19457863660762212,0.8521202361782072,,
140,2.9790660225442833,2.0933977455716586,40.90848094471283,3.140096618357488,5.01207729468599,30.71658615136876,8.125335480407944,2.395330112721417,3.6500268384326353,0.19457863660762212,0.785024154589372,,
141,3.066290928609769,2.0933977455716586,40.58641975308642,3.140096618357488,5.293880837359098,30.555555555555557,8.125335480407944,2.509393451422437,3.6500268384326353,0.19457863660762212,0.785024154589372,,
142,3.099838969404187,2.0933977455716586,40.27777777777778,3.140096618357488,5.60252281266774,30.52200751476114,8.125335480407944,2.509393451422437,3.6500268384326353,0.19457863660762212,0.785024154589372,,
143,3.3816425120772946,2.0933977455716586,39.942297369833604,3.140096618357488,5.6964573268921095,30.48174986580784,8.125335480407944,2.509393451422437,3.6500268384326353,0.19457863660762212,0.785024154589372,,
144,3.4420289855072466,2.0933977455716586,39.67391304347826,3.166935050993022,5.964841653247451,30.401234567901234,8.085077831454644,2.536231884057971,3.6366076221148687,0.19457863660762212,0.8051529790660226,,
145,3.4286097691894795,2.086688137412775,42.68652710681696,3.166935050993022,5.931293612453032,27.569779924852387,8.07836822329576,2.4154589371980677,3.6366076221148687,0.19457863660762212,0.8051529790660226,,
146,3.3145464304884595,2.086688137412775,45.22275899087493,3.052871712292002,5.9447128287707995,26.36876006441224,6.89747718733226,2.4221685453569513,3.6366076221148687,0.16774020397208803,0.8856682769726248,,
147,3.3413848631239937,2.0799785292538915,45.69243156199678,3.207192699946323,5.891035963499732,25.811862587224905,6.8035426731078905,2.301395598497048,3.8177670424047236,0.16774020397208803,0.8856682769726248,,
148,3.361513687600644,2.0397208803005906,45.56494900697799,3.193773483628556,5.998389694041868,25.509930220075148,7.1725711218464845,2.2208803005904456,3.8177670424047236,0.16774020397208803,0.95276435856146,,
149,2.8381642512077296,1.4358561460010735,59.33977455716586,2.6033279656468062,5.01207729468599,18.471551261406333,4.126409017713366,1.5163714439076759,3.643317230273752,0.16774020397208803,0.8454106280193237,,
150,2.8650026838432634,1.4358561460010735,57.628824476650564,2.5563607085346214,5.132850241545894,18.4447128287708,4.180085882984434,1.5163714439076759,5.226784755770263,0.16774020397208803,0.8454106280193237,,
151,2.844873859366613,1.4358561460010735,57.30005367686527,2.717391304347826,5.173107890499195,18.773483628556093,4.072732152442297,1.4224369296833066,5.293880837359098,0.16774020397208803,0.798443370907139,,
152,2.8650026838432634,1.4358561460010735,57.098765432098766,2.717391304347826,5.35426731078905,18.706387546967257,4.072732152442297,1.4895330112721417,5.293880837359098,0.16774020397208803,0.798443370907139,,
153,2.885131508319914,1.42914653784219,56.97128287707998,2.717391304347826,5.542136339237788,18.65271068169619,4.072732152442297,1.4895330112721417,5.273752012882448,0.16774020397208803,0.798443370907139,,
154,2.9119699409554483,1.42914653784219,56.937734836285564,2.717391304347826,5.542136339237788,18.612453032742888,4.072732152442297,1.5365002683843263,5.273752012882448,0.16774020397208803,0.798443370907139,,
155,2.9119699409554483,1.42914653784219,56.60896403650027,2.831454643048846,5.683038110574342,18.51851851851852,4.072732152442297,1.7176596886741815,5.233494363929147,0.16774020397208803,0.8252818035426731,,
156,3.026033279656468,1.42914653784219,56.30703166935051,2.9790660225442833,5.723295759527644,18.51851851851852,4.072732152442297,1.6908212560386473,5.314009661835748,0.16774020397208803,0.7716049382716049,,
157,3.0864197530864197,1.42914653784219,56.11916264090177,2.9790660225442833,5.857487922705314,18.51851851851852,4.072732152442297,1.6841116478797638,5.314009661835748,0.16774020397208803,0.7716049382716049,,
158,3.1199677938808374,1.42914653784219,56.005099302200755,2.9790660225442833,5.891035963499732,18.223295759527645,4.341116478797638,1.7579173376274826,5.314009661835748,0.16774020397208803,0.7716049382716049,,
159,3.1602254428341383,1.3687600644122384,55.91787439613527,3.099838969404187,5.971551261406334,18.16290928609769,4.327697262479871,1.737788513150832,5.314009661835748,0.16774020397208803,0.7716049382716049,,
160,3.2474503488996245,1.3687600644122384,55.60923242082662,3.3480944712828773,5.931293612453032,18.089103596349972,4.327697262479871,1.737788513150832,5.401234567901234,0.16774020397208803,0.7716049382716049,,
161,3.3279656468062266,1.3687600644122384,55.49516908212561,3.3480944712828773,5.978260869565218,18.089103596349972,4.327697262479871,1.737788513150832,5.387815351583468,0.16774020397208803,0.7716049382716049,,
162,3.3816425120772946,1.3687600644122384,55.139559849704774,3.8714439076757916,6.092324208266238,17.787171229200215,4.30756843800322,1.737788513150832,5.374396135265701,0.16774020397208803,0.7716049382716049,,
163,3.5292538915727323,1.3687600644122384,54.93156199677939,3.8311862587224907,6.099033816425121,17.773752012882447,4.30756843800322,1.8451422436929683,5.374396135265701,0.16774020397208803,0.7716049382716049,,
164,3.5829307568438002,1.3687600644122384,54.85775630703167,3.7372517444981215,6.125872249060655,17.74020397208803,4.394793344068707,1.8786902844873858,5.374396135265701,0.16774020397208803,0.7716049382716049,,
165,3.6902844873859366,1.3687600644122384,55.9447128287708,3.8915727321524423,6.233225979602791,16.391572732152444,4.3545356951154055,1.724369296833065,5.4616210413311865,0.16774020397208803,0.7716049382716049,,
166,3.824476650563607,1.3687600644122384,55.57568438003221,3.8848631239935587,6.347289318303811,16.371443907675793,4.3545356951154055,1.724369296833065,5.609232420826624,0.16774020397208803,0.7716049382716049,,
167,3.824476650563607,1.3687600644122384,55.3341384863124,3.8848631239935587,6.588835212023618,16.371443907675793,4.3545356951154055,1.724369296833065,5.609232420826624,0.16774020397208803,0.7716049382716049,,
168,3.8915727321524423,1.3687600644122384,54.7638217928073,3.8848631239935587,7.092055823939882,16.371443907675793,4.3545356951154055,1.724369296833065,5.609232420826624,0.16774020397208803,0.7716049382716049,,
169,3.9318303811057436,1.3687600644122384,54.32098765432099,3.8848631239935587,7.212828770799785,16.35131508319914,4.240472356414386,1.724369296833065,5.877616747181965,0.16774020397208803,0.9192163177670424,,
170,3.965378421900161,1.3687600644122384,54.28073000536769,3.8848631239935587,7.253086419753086,16.317767042404725,4.240472356414386,1.724369296833065,5.877616747181965,0.16774020397208803,0.9192163177670424,,
171,3.656736446591519,1.3016639828234031,50.93263553408481,3.8043478260869565,6.944444444444445,18.96135265700483,5.683038110574342,1.724369296833065,5.904455179817498,0.16774020397208803,0.9192163177670424,,
172,3.730542136339238,1.3016639828234031,50.0805152979066,3.898282340311326,6.9310252281266775,18.94122383252818,6.508319914117015,1.751207729468599,5.891035963499732,0.16774020397208803,0.798443370907139,,
173,3.730542136339238,1.3016639828234031,49.73161567364466,4.126409017713366,6.984702093397746,18.364197530864196,7.695920558239399,1.7579173376274826,5.528717122920021,0.026838432635534086,0.7514761137949544,,
174,3.717122920021471,1.3016639828234031,49.604133118625874,4.260601180891036,6.977992485238862,18.263553408480945,7.689210950080516,1.8451422436929683,5.562265163714439,0.026838432635534086,0.7514761137949544,,
175,3.784219001610306,1.3016639828234031,49.31561996779388,4.562533548040794,6.9310252281266775,18.230005367686527,7.689210950080516,1.8451422436929683,5.562265163714439,0.026838432635534086,0.7514761137949544,,
176,3.8714439076757916,1.3016639828234031,49.23510466988728,4.562533548040794,6.9310252281266775,18.136070853462158,7.689210950080516,1.8384326355340848,5.656199677938808,0.026838432635534086,0.7514761137949544,,
177,3.9855072463768115,1.3016639828234031,49.19484702093398,4.562533548040794,6.9310252281266775,18.00187869028449,7.675791733762749,1.9256575415995705,5.642780461621041,0.026838432635534086,0.7514761137949544,,
178,4.126409017713366,1.2278582930756843,49.020397208803004,4.569243156199678,7.004830917874396,17.907944176060116,7.702630166398282,1.9256575415995705,5.736714975845411,0.026838432635534086,0.7514761137949544,,
179,4.17337627482555,1.2278582930756843,48.980139559849704,4.569243156199678,6.998121309715513,17.907944176060116,7.702630166398282,1.9256575415995705,5.736714975845411,0.026838432635534086,0.7514761137949544,,
180,4.260601180891036,1.2278582930756843,48.45679012345679,5.112721417069243,7.011540526033279,17.767042404723565,7.702630166398282,1.9659151905528718,5.71658615136876,0.026838432635534086,0.7514761137949544,,
181,4.361245303274289,1.2278582930756843,47.20880300590446,5.112721417069243,6.649221685453569,17.68652710681696,7.702630166398282,1.892109500805153,7.37385936661299,0.026838432635534086,0.7581857219538379,,
182,4.488727858293076,1.2278582930756843,46.91358024691358,5.166398282340311,6.837090713902308,17.673107890499196,7.702630166398282,1.90552871712292,7.300053676865271,0.026838432635534086,0.7581857219538379,,
183,4.549114331723027,1.2278582930756843,46.77938808373591,5.186527106816962,6.944444444444445,17.612721417069242,7.702630166398282,1.90552871712292,7.306763285024155,0.026838432635534086,0.7581857219538379,,
184,4.622920021470746,1.2278582930756843,46.65861513687601,5.146269457863661,7.071926999463232,17.599302200751477,7.702630166398282,1.8988191089640365,7.286634460547504,0.026838432635534086,0.7581857219538379,,
185,4.5893719806763285,1.2144390767579174,45.51798174986581,5.132850241545894,7.1725711218464845,17.599302200751477,8.76274825550188,1.892109500805153,7.333601717659689,0.026838432635534086,0.7581857219538379,,
186,4.609500805152979,1.2144390767579174,43.82716049382716,5.092592592592593,7.058507783145465,19.350509930220074,8.61513687600644,1.9860440150295222,7.461084272678476,0.026838432635534086,0.7581857219538379,,
187,4.7168545356951155,1.2144390767579174,43.73322597960279,5.092592592592593,7.058507783145465,19.343800322061192,8.608427267847558,1.9860440150295222,7.461084272678476,0.026838432635534086,0.7581857219538379,,
188,4.683306494900698,1.2144390767579174,42.8341384863124,5.0791733762748255,6.957863660762212,20.759527643585614,8.266237251744498,1.9592055823939882,7.461084272678476,0.026838432635534086,0.7581857219538379,,
189,4.669887278582931,1.1808910359634996,42.619431025228124,5.226784755770263,6.850509930220075,20.739398819108963,8.165593129361245,1.932367149758454,7.830112721417069,0.026838432635534086,0.7581857219538379,,
190,4.797369833601718,1.1808910359634996,42.41814278046162,5.226784755770263,6.884057971014493,20.658883521202362,8.132045088566828,1.932367149758454,7.98443370907139,0.026838432635534086,0.7581857219538379,,
191,4.85775630703167,1.1808910359634996,42.40472356414385,5.293880837359098,6.877348362855609,20.605206655931294,8.011272141706923,1.892109500805153,8.091787439613526,0.026838432635534086,0.7581857219538379,,
192,4.904723564143854,1.1808910359634996,42.169887278582934,5.314009661835748,7.018250134192163,20.605206655931294,8.044820182501342,1.892109500805153,8.085077831454644,0.026838432635534086,0.7581857219538379,,
193,4.911433172302737,1.1808910359634996,41.82769726247987,5.562265163714439,6.89747718733226,20.779656468062264,8.038110574342458,1.8719806763285025,8.232689210950081,0.026838432635534086,0.6709608158883521,,
194,4.9718196457326895,1.1808910359634996,41.57944176060118,5.850778314546431,6.9310252281266775,20.74610842726785,7.950885668276973,1.8719806763285025,8.219269994632313,0.026838432635534086,0.6709608158883521,,
195,4.931561996779388,1.1808910359634996,41.096349973161566,5.790391841116479,6.977992485238862,20.209339774557165,7.85024154589372,1.9860440150295222,9.27938808373591,0.026838432635534086,0.6709608158883521,,
196,5.038915727321524,1.1808910359634996,40.915190552871714,5.897745571658615,6.944444444444445,19.981213097155127,8.024691358024691,2.0531400966183573,9.286097691894794,0.026838432635534086,0.6239935587761675,,0.026838432635534086
