,45,50,55,54,51,53,52,56,57,59,58,61,60,46
0,96.21578099838969,3.784219001610306,,,,,,,,,,,,
1,91.80756843800322,8.192431561996779,,,,,,,,,,,,
2,88.82179280730006,11.131239935587761,0.04696725711218465,,,,,,,,,,,
3,85.75550187869028,14.190821256038648,0.020128824476650563,0.03354804079441761,,,,,,,,,,
4,76.25469672571121,23.66478797638218,0.020128824476650563,0.03354804079441761,0.026838432635534086,,,,,,,,,
5,76.10708534621578,23.336017176596886,0.15432098765432098,0.03354804079441761,0.026838432635534086,0.3421900161030596,,,,,,,,
6,63.6003757380569,35.768921095008054,0.2281266774020397,0.03354804079441761,0.026838432635534086,0.3421900161030596,,,,,,,,
7,63.6003757380569,35.72866344605475,0.24154589371980675,0.03354804079441761,0.026838432635534086,0.3421900161030596,0.026838432635534086,,,,,,,
8,63.29173376274826,35.91653247450349,0.322061191626409,0.03354804079441761,0.026838432635534086,0.3421900161030596,0.06709608158883522,,,,,,,
9,63.08373590982286,36.01717659688674,0.4227053140096618,0.040257648953301126,0.026838432635534086,0.3421900161030596,0.06709608158883522,,,,,,,
10,62.96967257112185,36.111111111111114,0.4428341384863124,0.040257648953301126,0.026838432635534086,0.3421900161030596,0.06709608158883522,,,,,,,
11,62.432903918411164,36.520397208803004,0.5703166935050993,0.040257648953301126,0.026838432635534086,0.3421900161030596,0.06709608158883522,,,,,,,
12,58.7962962962963,39.98926462694579,0.7179280730005367,0.040257648953301126,0.026838432635534086,0.3421900161030596,0.08722490606548577,,,,,,,
13,57.380568974771876,41.243961352657,0.8387010198604401,0.040257648953301126,0.06709608158883522,0.3421900161030596,0.08722490606548577,,,,,,,
14,57.27321524422974,40.49919484702093,1.107085346215781,0.3757380568974772,0.11406333870101985,0.5434782608695652,0.08722490606548577,,,,,,,
15,56.09903381642512,39.48604401502952,1.3352120236178207,0.3757380568974772,2.0665593129361244,0.5501878690284487,0.08722490606548577,,,,,,,
16,53.153515834675254,42.3040794417606,1.42914653784219,0.3757380568974772,2.0665593129361244,0.5837359098228664,0.08722490606548577,,,,,,,
17,52.21417069243156,43.57890499194847,1.4694041867954912,0.3757380568974772,2.033011272141707,0.24154589371980675,0.08722490606548577,,,,,,,
18,51.47611379495437,44.196188942565755,1.5432098765432098,0.3757380568974772,2.0397208803005906,0.24154589371980675,0.1274825550187869,,,,,,,
19,49.966451959205585,42.85426731078905,1.7981749865807837,0.3757380568974772,4.5893719806763285,0.2147074610842727,0.1274825550187869,0.07380568974771873,,,,,,
20,46.12855609232421,44.69940955448202,1.2077294685990339,0.3757380568974772,0.4428341384863124,0.20128824476650564,6.944444444444445,,,,,,,
21,45.91384863123994,43.61916264090177,1.2546967257112185,1.6103059581320451,0.4428341384863124,0.1878690284487386,6.971282877079979,,,,,,,
22,35.82259796027912,53.227321524422976,1.2345679012345678,1.288244766505636,0.4025764895330113,0.026838432635534086,7.997852925389157,,,,,,,
23,33.01798174986581,55.9447128287708,1.3620504562533549,1.288244766505636,0.38915727321524424,0.026838432635534086,7.944176060118089,,0.026838432635534086,,,,,
24,32.427536231884055,56.03193773483628,1.4626945786366077,1.5365002683843263,0.4025764895330113,0.026838432635534086,8.051529790660226,,0.06038647342995169,,,,,
25,24.724906065485776,62.31213097155126,2.932098765432099,1.5365002683843263,0.38915727321524424,0.04696725711218465,7.997852925389157,,0.06038647342995169,,,,,
26,24.738325281803544,62.09742351046699,3.1065485775630703,1.5633387010198605,0.38915727321524424,0.04696725711218465,7.997852925389157,,0.06038647342995169,,,,,
27,19.860440150295222,41.30434782608695,1.5767579173376274,1.5633387010198605,27.449006977992486,0.04696725711218465,7.971014492753623,0.16774020397208803,0.06038647342995169,,,,,
28,19.90740740740741,41.176865271068166,1.6639828234031133,1.6304347826086956,27.38191089640365,0.04696725711218465,7.930756843800322,0.16774020397208803,0.0939345142243693,,,,,
29,19.91411701556629,39.93558776167472,1.6706924315619969,1.6304347826086956,29.341116478797638,0.04696725711218465,7.152442297369833,0.19457863660762212,0.11406333870101985,,,,,
30,19.14922168545357,39.30488459473967,1.6505636070853462,1.2278582930756843,30.54884594739667,0.04696725711218465,7.152442297369833,0.8051529790660226,0.11406333870101985,,,,,
31,19.229736983360173,39.20424047235642,1.710950080515298,1.2278582930756843,30.495169082125603,0.06038647342995169,7.152442297369833,0.8051529790660226,0.11406333870101985,,,,,
32,18.9747718733226,39.31830381105743,1.9122383252818036,1.2144390767579174,30.246913580246915,0.06038647342995169,7.118894256575416,1.0064412238325282,0.14761137949543746,,,,,
33,18.988191089640367,39.27133655394525,1.9793344068706387,1.2144390767579174,30.193236714975846,0.06038647342995169,7.098765432098766,1.06682769726248,0.1274825550187869,,,,,
34,14.586688137412775,46.423778851315085,2.1269457863660763,0.39586688137412773,28.341384863123995,0.040257648953301126,6.910896403650026,1.0466988727858293,0.1274825550187869,,,,,
35,14.103596349973161,46.51771336553945,2.1940418679549114,0.4294149221685454,28.589640365002683,0.040257648953301126,6.910896403650026,1.0869565217391304,0.1274825550187869,,,,,
36,14.163982823403114,45.93397745571659,2.6435856146001075,0.4294149221685454,25.637412775093935,2.6301663982823404,6.9243156199677935,1.4559849704777241,0.14090177133655393,0.040257648953301126,,,,
37,14.257917337627482,45.880300590445515,2.690552871712292,0.4294149221685454,25.45625335480408,2.6167471819645733,6.890767579173376,1.570048309178744,0.16774020397208803,0.040257648953301126,,,,
38,14.237788513150832,45.591787439613526,2.7308105206655933,0.4495437466451959,23.95330112721417,2.2208803005904456,9.017713365539452,1.5901771336553945,0.16774020397208803,0.040257648953301126,,,,
39,13.94927536231884,45.66559312936125,2.8918411164787976,0.5099302200751477,23.886205045625335,2.2208803005904456,8.99087493290392,1.6371443907675791,0.18115942028985507,0.040257648953301126,0.013419216317767043,0.013419216317767043,,
40,13.935856146001074,45.51798174986581,2.804616210413312,0.4830917874396135,23.19511540526033,2.26784755770263,10.064412238325282,1.5767579173376274,0.08722490606548577,0.040257648953301126,0.013419216317767043,0.013419216317767043,,
41,14.002952227589908,45.42404723564144,2.8515834675254963,0.46296296296296297,23.09447128287708,2.2611379495437465,9.98389694041868,1.6639828234031133,0.1878690284487386,0.040257648953301126,0.013419216317767043,0.013419216317767043,,
42,14.029790660225443,45.22275899087493,3.0059044551798175,0.5099302200751477,23.07434245840043,2.2611379495437465,9.98389694041868,1.6572732152442298,0.1878690284487386,0.040257648953301126,0.013419216317767043,0.013419216317767043,,
43,12.184648416532475,47.20880300590446,2.898550724637681,0.5367686527106817,23.013955984970476,2.2611379495437465,9.856414385399892,1.6975308641975309,0.27509393451422437,0.040257648953301126,0.013419216317767043,0.013419216317767043,,
44,12.204777241009126,46.725711218464845,3.33467525496511,0.5636070853462157,22.966988727858293,2.2611379495437465,9.856414385399892,1.7444981213097155,0.27509393451422437,0.040257648953301126,0.013419216317767043,0.013419216317767043,,
45,12.204777241009126,46.65861513687601,3.374932903918411,0.5636070853462157,24.570585077831456,2.2611379495437465,8.246108427267847,1.8451422436929683,0.20799785292538917,0.040257648953301126,0.013419216317767043,0.013419216317767043,,
46,12.211486849168008,46.504294149221685,3.5091250670960816,0.5904455179817498,24.55716586151369,2.2611379495437465,8.232689210950081,1.8451422436929683,0.2214170692431562,0.040257648953301126,0.013419216317767043,0.013419216317767043,,
47,12.29200214707461,46.26945786366076,3.5829307568438002,0.6843800322061192,24.52361782071927,2.2611379495437465,8.225979602791197,1.8719806763285025,0.2214170692431562,0.040257648953301126,0.013419216317767043,0.013419216317767043,,
48,12.332259796027913,46.12855609232421,3.5963499731615673,0.8185721953837896,24.490069779924852,2.3081052066559313,8.225979602791197,1.8115942028985508,0.2214170692431562,0.040257648953301126,0.013419216317767043,0.013419216317767043,,
49,12.372517444981213,45.96081588835212,3.717122920021471,0.8521202361782072,24.134460547504027,2.281266774020397,8.192431561996779,2.1739130434782608,0.2214170692431562,0.040257648953301126,0.040257648953301126,0.013419216317767043,,
50,12.372517444981213,45.02818035426731,4.334406870638754,0.8521202361782072,27.623456790123456,2.281266774020397,5.273752012882448,1.9793344068706387,0.1610305958132045,0.040257648953301126,0.040257648953301126,0.013419216317767043,,
51,12.164519592055823,44.920826623725176,4.394793344068707,0.8521202361782072,27.80461621041331,2.281266774020397,5.226784755770263,2.1269457863660763,0.14090177133655393,0.040257648953301126,0.03354804079441761,0.013419216317767043,,
52,12.265163714439076,44.73295759527644,4.51556629092861,0.8856682769726248,27.583199141170155,2.281266774020397,5.226784755770263,2.281266774020397,0.14090177133655393,0.040257648953301126,0.03354804079441761,0.013419216317767043,,
53,12.258454106280194,43.04884594739667,4.522275899087493,0.8252818035426731,26.01315083199141,5.709876543209877,4.998658078368224,2.395330112721417,0.14090177133655393,0.040257648953301126,0.03354804079441761,0.013419216317767043,,
54,12.110842726784755,43.15619967793881,5.857487922705314,0.8252818035426731,24.912775093934513,5.542136339237788,4.9651100375738055,2.3752012882447664,0.16774020397208803,0.040257648953301126,0.03354804079441761,0.013419216317767043,,
55,12.151100375738057,42.76704240472356,6.387546967257112,0.8252818035426731,24.57729468599034,5.414653784219001,4.9651100375738055,2.657004830917874,0.16774020397208803,0.040257648953301126,0.03354804079441761,0.013419216317767043,,
56,12.164519592055823,42.72678475577026,6.400966183574879,0.8521202361782072,24.52361782071927,5.394524959742351,4.904723564143854,2.6838432635534084,0.2281266774020397,0.040257648953301126,0.06709608158883522,0.013419216317767043,,
57,12.204777241009126,42.652979066022546,6.4345142243692965,0.8722490606548577,24.322329575952764,5.360976918947934,5.059044551798175,2.7106816961889426,0.24825550187869028,0.040257648953301126,0.08051529790660225,0.013419216317767043,,
58,12.278582930756844,42.31749865807837,6.736446591519055,0.8722490606548577,24.10762211486849,5.340848094471283,5.052334943639291,2.8918411164787976,0.24825550187869028,0.040257648953301126,0.10064412238325282,0.013419216317767043,,
59,11.641170155662909,42.914653784219,6.709608158883521,0.8454106280193237,22.933440687063875,7.326892109500805,4.294149221685454,2.9253891572732154,0.2549651100375738,0.040257648953301126,0.10064412238325282,0.013419216317767043,,
60,11.641170155662909,42.69994632313473,6.870638754696726,0.8722490606548577,22.65834675254965,7.273215244229737,4.294149221685454,3.2139023081052067,0.2549651100375738,0.040257648953301126,0.16774020397208803,0.013419216317767043,,
61,11.56736446591519,42.48523886205046,7.14573268921095,0.8722490606548577,22.63150831991412,7.273215244229737,4.139828234031133,3.2541599570585076,0.2549651100375738,0.040257648953301126,0.322061191626409,0.013419216317767043,,
62,11.574074074074074,42.47181964573269,7.1725711218464845,0.8990874932903918,22.611379495437465,7.273215244229737,4.139828234031133,3.227321524422974,0.2549651100375738,0.040257648953301126,0.322061191626409,0.013419216317767043,,
63,11.574074074074074,42.31749865807837,7.353730542136339,0.8990874932903918,22.604669887278583,7.253086419753086,4.139828234031133,3.227321524422974,0.2549651100375738,0.040257648953301126,0.322061191626409,0.013419216317767043,,
64,11.600912506709609,42.129629629629626,7.501341921631776,0.8990874932903918,22.31615673644659,7.273215244229737,4.139828234031133,3.5091250670960816,0.2549651100375738,0.040257648953301126,0.322061191626409,0.013419216317767043,,
65,11.66129898013956,41.988727858293075,7.561728395061729,0.8990874932903918,22.33628556092324,7.1658615136876005,4.139828234031133,3.5225442834138487,0.322061191626409,0.040257648953301126,0.3488996242619431,0.013419216317767043,,
66,11.614331723027375,41.948470209339774,7.50805152979066,0.8454106280193237,22.054482018250134,7.347020933977456,4.139828234031133,3.8378958668813743,0.322061191626409,0.040257648953301126,0.32877079978529256,0.013419216317767043,,
67,11.506977992485238,39.741009125067094,7.0450885668276975,0.8454106280193237,21.947128287707997,10.762211486849168,3.5426731078904994,3.965378421900161,0.24154589371980675,0.040257648953301126,0.3488996242619431,0.013419216317767043,,
68,10.131508319914117,41.136607622114866,7.105475040257649,0.8856682769726248,21.55126140633387,10.648148148148149,3.488996242619431,4.320987654320987,0.24154589371980675,0.040257648953301126,0.4227053140096618,0.026838432635534086,,
69,10.0979602791197,40.96886741814278,7.239667203435319,0.8856682769726248,20.994363929146537,10.648148148148149,3.488996242619431,4.918142780461621,0.2683843263553409,0.040257648953301126,0.4227053140096618,0.026838432635534086,,
70,10.077831454643048,40.88164251207729,7.320182501341922,0.95276435856146,20.913848631239937,10.63472893183038,3.361513687600644,4.944981213097155,0.2683843263553409,0.040257648953301126,0.5770263016639828,0.026838432635534086,,
71,7.273215244229737,42.60601180891036,7.716049382716049,1.724369296833065,20.8064949006978,10.607890499194847,3.3413848631239937,4.9718196457326895,0.28180354267310787,0.040257648953301126,0.6038647342995169,0.026838432635534086,,
72,6.689479334406871,37.01690821256039,7.4141170155662905,4.9651100375738055,24.241814278046164,10.030864197530864,3.6500268384326353,5.059044551798175,0.2616747181964573,0.040257648953301126,0.6038647342995169,0.026838432635534086,,
73,6.655931293612453,34.68196457326892,6.957863660762212,4.38137412775094,23.926462694578635,10.010735373054214,7.2933440687063875,5.0858829844337095,0.2616747181964573,0.040257648953301126,0.6776704240472357,0.026838432635534086,,
74,6.642512077294686,34.64170692431562,6.9243156199677935,4.374664519592056,22.436929683306495,8.55475040257649,10.540794417606012,4.951690821256038,0.24825550187869028,0.040257648953301126,0.6172839506172839,0.026838432635534086,,
75,6.696188942565755,32.43424584004294,6.414385399892646,5.193236714975845,22.04777241009125,8.507783145464305,13.654052603327965,4.133118625872249,0.24825550187869028,,0.6508319914117016,0.020128824476650563,,
76,6.749865807836822,32.340311325818575,6.468062265163715,5.173107890499195,21.658615136876005,8.420558239398819,13.647342995169081,4.53569511540526,0.27509393451422437,,0.7112184648416533,0.020128824476650563,,
77,6.816961889425658,32.25308641975309,6.528448738593666,5.139559849704777,21.604938271604937,8.433977455716587,13.647342995169081,4.53569511540526,0.27509393451422437,0.03354804079441761,0.7112184648416533,0.020128824476650563,,
78,6.843800322061192,31.816961889425656,6.575415995705851,5.112721417069243,21.22249060654858,8.776167471819646,14.04320987654321,4.468599033816425,0.33548040794417605,0.03354804079441761,0.7246376811594203,0.020128824476650563,0.026838432635534086,
79,6.877348362855609,31.353998926462694,7.7831454643048845,4.9651100375738055,20.585077831454644,8.769457863660762,13.982823403113258,4.4820182501341925,0.3488996242619431,0.07380568974771873,0.7313472893183038,0.020128824476650563,0.026838432635534086,
80,6.89747718733226,31.253354804079443,7.830112721417069,5.005367686527107,20.538110574342458,8.769457863660762,13.962694578636608,4.522275899087493,0.36231884057971014,0.07380568974771873,0.7380568974771873,0.020128824476650563,0.026838432635534086,
81,7.011540526033279,31.085614600107355,7.9106280193236715,4.99194847020934,20.497852925389157,8.742619431025227,13.895598497047773,4.53569511540526,0.3757380568974772,0.07380568974771873,0.8319914117015567,0.020128824476650563,0.026838432635534086,
82,7.024959742351046,30.95813204508857,7.85024154589372,5.173107890499195,20.417337627482556,8.675523349436393,13.882179280730005,4.549114331723027,0.5166398282340311,0.07380568974771873,0.8319914117015567,0.020128824476650563,0.026838432635534086,
83,7.058507783145465,30.817230273752013,7.930756843800322,5.146269457863661,20.35024154589372,8.628556092324208,13.90901771336554,4.602791196994096,0.5166398282340311,0.11406333870101985,0.8521202361782072,0.020128824476650563,0.05367686527106817,
84,7.0383789586688135,30.763553408480945,8.272946859903382,5.132850241545894,20.014761137949545,8.662104133118627,13.90901771336554,4.622920021470746,0.5166398282340311,0.14090177133655393,0.8521202361782072,0.020128824476650563,0.05367686527106817,
85,7.018250134192163,30.434782608695652,9.5276435856146,5.092592592592593,19.484702093397747,8.61513687600644,13.83521202361782,4.334406870638754,0.5904455179817498,0.14090177133655393,0.8521202361782072,0.020128824476650563,0.05367686527106817,
86,7.212828770799785,30.327428878153516,9.574610842726784,5.045625335480408,19.370638754696724,8.608427267847558,13.83521202361782,4.394793344068707,0.5636070853462157,0.14090177133655393,0.8521202361782072,0.020128824476650563,0.05367686527106817,
87,7.226247987117552,30.233494363929147,9.621578099838969,5.032206119162641,19.30354267310789,8.635265700483092,13.83521202361782,4.40150295222759,0.5636070853462157,0.1878690284487386,0.8722490606548577,0.020128824476650563,0.06709608158883522,
88,7.253086419753086,30.16639828234031,9.64170692431562,5.059044551798175,19.269994632313473,8.641975308641975,13.828502415458937,4.414922168545357,0.5636070853462157,0.1878690284487386,0.8655394524959742,0.020128824476650563,0.08722490606548577,
89,6.998121309715513,30.07246376811594,9.66183574879227,5.0858829844337095,19.51825013419216,8.628556092324208,13.801663982823403,4.4753086419753085,0.5971551261406334,0.1878690284487386,0.8655394524959742,0.020128824476650563,0.08722490606548577,
90,7.051798174986581,29.884594739667204,9.668545356951155,5.253623188405797,19.47128287707998,8.628556092324208,13.801663982823403,4.488727858293076,0.5971551261406334,0.1878690284487386,0.8588298443370908,0.020128824476650563,0.08722490606548577,
91,7.0383789586688135,29.74369296833065,9.77589908749329,5.897745571658615,18.726516371443907,8.601717659688674,13.6808910359635,4.616210413311863,0.7380568974771873,0.1878690284487386,0.8856682769726248,0.020128824476650563,0.08722490606548577,
92,7.018250134192163,29.70343531937735,9.77589908749329,5.911164787976382,18.726516371443907,8.695652173913043,13.707729468599034,4.522275899087493,0.7581857219538379,0.1878690284487386,0.8856682769726248,0.020128824476650563,0.08722490606548577,
93,7.018250134192163,29.54911433172303,10.02415458937198,5.870907139023081,18.54535695115405,8.722490606548577,13.6808910359635,4.676596886741814,0.7313472893183038,0.1878690284487386,0.8856682769726248,0.020128824476650563,0.08722490606548577,
94,6.816961889425658,27.851583467525497,10.661567364465915,5.8239398819108965,18.209876543209877,8.259527643585615,16.029253891572733,4.797369833601718,0.48980139559849706,0.1878690284487386,0.7648953301127214,0.020128824476650563,0.08722490606548577,
95,6.857219538378959,27.831454643048847,10.648148148148149,5.844068706387547,18.19645732689211,9.037842190016104,15.009393451422437,5.005367686527107,0.5367686527106817,0.1878690284487386,0.7112184648416533,0.020128824476650563,0.11406333870101985,
96,6.971282877079979,27.67042404723564,10.61460010735373,5.897745571658615,18.17632850241546,8.99087493290392,14.814814814814815,5.139559849704777,0.6977992485238862,0.1878690284487386,0.7045088566827697,0.020128824476650563,0.11406333870101985,
97,6.998121309715513,27.66371443907676,10.59447128287708,5.924584004294149,18.14278046162104,9.024422973698336,14.76784755770263,5.0858829844337095,0.7380568974771873,0.20799785292538917,0.7179280730005367,0.020128824476650563,0.11406333870101985,
98,6.951154052603328,27.4020397208803,10.802469135802468,5.891035963499732,17.45169082125604,9.064680622651638,14.727589908749328,5.891035963499732,0.7313472893183038,0.23483628556092323,0.7179280730005367,0.020128824476650563,0.11406333870101985,
99,6.977992485238862,27.361782071927,10.641438539989265,5.891035963499732,17.411433172302736,8.789586688137414,14.720880300590446,6.353998926462695,0.7313472893183038,0.23483628556092323,0.7514761137949544,0.020128824476650563,0.11406333870101985,
100,6.991411701556629,27.34165324745035,10.661567364465915,5.891035963499732,17.411433172302736,8.78287707997853,14.707461084272678,6.3070316693505095,0.7447665056360708,0.2549651100375738,0.7514761137949544,0.040257648953301126,0.11406333870101985,
101,6.964573268921095,27.26113794954375,10.305958132045088,6.199677938808374,17.371175523349436,8.749329039184111,14.647074610842727,6.461352657004831,0.8185721953837896,0.2885131508319914,0.7716049382716049,0.05367686527106817,0.10735373054213634,
102,7.018250134192163,27.241009125067094,10.245571658615138,6.233225979602791,17.344337090713903,8.756038647342995,14.61352657004831,6.468062265163715,0.8521202361782072,0.2885131508319914,0.7716049382716049,0.05367686527106817,0.11406333870101985,
103,7.092055823939882,27.012882447665056,10.292538915727322,6.3070316693505095,17.270531400966185,8.776167471819646,14.579978529253891,6.488191089640365,0.8856682769726248,0.35560923242082665,0.7716049382716049,0.05367686527106817,0.11406333870101985,
104,7.018250134192163,26.932367149758456,10.319377348362856,6.394256575415996,17.19001610305958,8.80300590445518,14.55984970477724,6.602254428341385,0.8856682769726248,0.35560923242082665,0.7716049382716049,0.05367686527106817,0.11406333870101985,
105,7.058507783145465,26.89210950080515,10.359634997316157,6.394256575415996,17.19001610305958,8.675523349436393,14.479334406870638,6.602254428341385,1.0601180891035964,0.35560923242082665,0.7648953301127214,0.05367686527106817,0.11406333870101985,
106,7.0450885668276975,26.093666129898015,11.131239935587761,6.400966183574879,17.14975845410628,8.68894256575416,14.318303811057435,6.6760601180891035,1.0869565217391304,0.35560923242082665,0.8856682769726248,0.05367686527106817,0.11406333870101985,
107,7.139023081052066,26.03327965646806,11.117820719269995,6.360708534621578,17.04911433172303,8.78287707997853,14.217659688674182,6.6827697262479875,1.1473429951690821,0.3824476650563607,0.9192163177670424,0.05367686527106817,0.11406333870101985,
108,7.253086419753086,25.966183574879228,11.151368760064413,6.360708534621578,17.002147074610843,8.789586688137414,14.110305958132045,6.810252281266774,1.1272141706924315,0.3824476650563607,0.8789586688137413,0.05367686527106817,0.11406333870101985,
109,7.2933440687063875,25.825281803542673,11.198336017176597,6.347289318303811,17.002147074610843,8.849973161567364,14.123725174449811,6.8035426731078905,1.1272141706924315,0.3824476650563607,0.8789586688137413,0.05367686527106817,0.11406333870101985,
110,7.360440150295223,25.81857219538379,11.171497584541063,6.333870101986044,16.99543746645196,8.84326355340848,14.083467525496511,6.816961889425658,1.1205045625335481,0.4092860976918948,0.8789586688137413,0.05367686527106817,0.11406333870101985,
111,6.937734836285561,22.758990874932906,10.312667740203972,6.206387546967257,18.04884594739667,8.735909822866345,17.54562533548041,6.696188942565755,1.2144390767579174,0.4092860976918948,0.9393451422436929,0.08051529790660225,0.11406333870101985,
112,6.951154052603328,22.69189479334407,10.352925389157273,6.293612453032743,18.00187869028449,8.709071390230811,17.398013955984972,6.743156199677939,1.2345679012345678,0.4092860976918948,1.0198604401502953,0.08051529790660225,0.11406333870101985,
113,7.024959742351046,22.6784755770263,10.34621578099839,6.320450885668277,17.894524959742352,8.702361782071927,17.257112184648417,6.776704240472356,1.415727321524423,0.39586688137412773,0.9930220075147611,0.08051529790660225,0.11406333870101985,
114,7.078636607622115,22.463768115942027,10.507246376811594,6.105743424584004,17.8743961352657,8.917069243156199,17.223564143854,6.776704240472356,1.4492753623188406,0.39586688137412773,0.9930220075147611,0.08051529790660225,0.13419216317767044,
115,7.118894256575416,22.457058507783145,10.50053676865271,6.099033816425121,17.827428878153516,8.93719806763285,17.19001610305958,6.763285024154589,1.4761137949543746,0.39586688137412773,1.0198604401502953,0.08051529790660225,0.13419216317767044,
116,7.212828770799785,22.443639291465377,10.540794417606012,6.1929683306494905,17.787171229200215,8.93719806763285,17.03569511540526,6.736446591519055,1.4895330112721417,0.35560923242082665,1.0466988727858293,0.08051529790660225,0.14090177133655393,
117,7.1658615136876005,22.342995169082126,10.628019323671497,6.179549114331723,17.787171229200215,8.829844337090714,16.888083735909824,6.769994632313473,1.6975308641975309,0.35560923242082665,1.1205045625335481,0.0939345142243693,0.14090177133655393,
118,7.132313472893183,22.309447128287708,10.61460010735373,6.146001073537305,17.753623188405797,8.796296296296296,16.820987654320987,6.991411701556629,1.6975308641975309,0.39586688137412773,1.107085346215781,0.0939345142243693,0.14090177133655393,
119,6.367418142780462,18.99490069779925,9.997316156736447,6.005099302200751,27.717391304347824,8.501073537305421,13.030059044551798,6.347289318303811,1.3687600644122384,0.4092860976918948,1.0601180891035964,0.06038647342995169,0.14090177133655393,
120,6.4412238325281805,18.95464304884595,9.990606548577563,6.005099302200751,27.717391304347824,8.440687063875469,12.989801395598498,6.347289318303811,1.4090177133655395,0.4092860976918948,1.093666129898014,0.06038647342995169,0.14090177133655393,
121,6.4345142243692965,18.746645195920557,10.165056360708535,6.005099302200751,27.70397208803006,8.400429414922169,12.983091787439614,6.400966183574879,1.42914653784219,0.4092860976918948,1.1205045625335481,0.06038647342995169,0.14090177133655393,
122,6.474771873322598,18.679549114331724,10.165056360708535,6.072195383789587,27.643585614600106,8.3467525496511,12.969672571121846,6.427804616210413,1.42914653784219,0.4092860976918948,1.1808910359634996,0.06038647342995169,0.14090177133655393,
123,6.588835212023618,18.646001073537306,10.198604401502953,6.0654857756307035,27.563070316693505,8.313204508856682,12.942834138486312,6.461352657004831,1.42914653784219,0.4092860976918948,1.1808910359634996,0.06038647342995169,0.14090177133655393,
124,6.6760601180891035,18.585614600107355,10.178475577026301,6.011808910359635,27.536231884057973,8.393719806763285,12.869028448738593,6.461352657004831,1.4224369296833066,0.4092860976918948,1.2345679012345678,0.06038647342995169,0.1610305958132045,
125,6.5485775630703165,18.55877616747182,10.19189479334407,5.984970477724101,27.32823403113258,8.380300590445518,12.848899624261943,6.843800322061192,1.4224369296833066,0.4092860976918948,1.261406333870102,0.06038647342995169,0.1610305958132045,
126,6.535158346752549,18.54535695115405,10.23215244229737,5.971551261406334,27.30139559849705,8.36688137412775,12.848899624261943,6.870638754696726,1.4224369296833066,0.4092860976918948,1.2748255501878691,0.06038647342995169,0.1610305958132045,
127,6.521739130434782,18.531937734836287,10.23215244229737,5.971551261406334,27.254428341384862,8.36688137412775,12.835480407944177,6.937734836285561,1.442565754159957,0.4092860976918948,1.2748255501878691,0.06038647342995169,0.1610305958132045,
128,6.582125603864735,18.38432635534085,10.19189479334407,5.844068706387547,27.180622651637144,8.353462157809984,13.01663982823403,6.977992485238862,1.482823403113258,0.4294149221685454,1.3352120236178207,0.06038647342995169,0.1610305958132045,
129,6.521739130434782,18.364197530864196,10.198604401502953,5.83064949006978,27.033011272141707,8.3467525496511,13.01663982823403,7.1658615136876005,1.482823403113258,0.4428341384863124,1.3754696725711217,0.06038647342995169,0.1610305958132045,
130,6.568706387546968,18.357487922705314,10.198604401502953,5.790391841116479,26.89210950080515,8.3064949006978,13.110574342458401,7.239667203435319,1.482823403113258,0.4428341384863124,1.3888888888888888,0.06038647342995169,0.1610305958132045,
131,6.629092860976919,18.303811057434245,10.198604401502953,5.790391841116479,26.84514224369297,8.259527643585615,13.063607085346217,7.340311325818572,1.482823403113258,0.4428341384863124,1.4224369296833066,0.06038647342995169,0.1610305958132045,
132,6.696188942565755,18.256843800322063,10.218733225979603,5.790391841116479,26.8317230273752,8.205850778314547,12.99651100375738,7.326892109500805,1.5499194847020934,0.4428341384863124,1.4492753623188406,0.06038647342995169,0.17444981213097155,
133,6.649221685453569,17.726784755770264,9.903381642512077,5.58239398819109,26.663982823403114,9.286097691894794,12.95625335480408,7.313472893183038,1.6371443907675791,0.48980139559849706,1.556629092860977,0.06038647342995169,0.17444981213097155,
134,6.595544820182502,17.69994632313473,9.876543209876543,5.595813204508857,25.986312399355878,11.520397208803006,11.158078368223295,7.6623725174449815,1.596886741814278,0.4562533548040794,1.6237251744498122,0.05367686527106817,0.17444981213097155,
135,6.582125603864735,17.52549651100376,10.030864197530864,5.595813204508857,25.946054750402578,11.54723564143854,11.158078368223295,7.689210950080516,1.596886741814278,0.4562533548040794,1.6237251744498122,0.05367686527106817,0.19457863660762212,
136,6.6760601180891035,17.52549651100376,10.030864197530864,5.60252281266774,25.831991411701555,11.553945249597424,11.131239935587761,7.7361782071927,1.596886741814278,0.4562533548040794,1.6103059581320451,0.05367686527106817,0.19457863660762212,
137,6.689479334406871,17.505367686527105,10.124798711755233,5.662909286097692,25.717928073000536,11.540526033279656,11.064143853998926,7.709339774557166,1.6438539989264627,0.48980139559849706,1.6035963499731616,0.05367686527106817,0.19457863660762212,
138,6.756575415995706,17.424852388620504,10.185185185185185,5.662909286097692,25.644122383252817,11.540526033279656,11.05072463768116,7.702630166398282,1.6438539989264627,0.48980139559849706,1.6304347826086956,0.05367686527106817,0.2147074610842727,
139,6.769994632313473,17.37788513150832,10.23215244229737,5.689747718733226,25.63070316693505,11.540526033279656,10.970209339774557,7.702630166398282,1.710950080515298,0.48980139559849706,1.6304347826086956,0.05367686527106817,0.20128824476650564,
140,6.843800322061192,17.310789049919485,10.279119699409554,5.662909286097692,25.51663982823403,11.480139559849706,10.929951690821255,7.836822329575953,1.8048845947396672,0.48980139559849706,1.5901771336553945,0.05367686527106817,0.20128824476650564,
141,6.957863660762212,17.176596886741816,10.238862050456254,5.669618894256575,25.429414922168544,11.560654857756306,10.889694041867955,7.877079978529254,1.8048845947396672,0.48980139559849706,1.6170155662909287,0.05367686527106817,0.23483628556092323,
142,7.011540526033279,17.143048845947398,10.292538915727322,5.662909286097692,25.37573805689748,11.553945249597424,10.856146001073537,7.85024154589372,1.8183038110574343,0.5434782608695652,1.6035963499731616,0.05367686527106817,0.23483628556092323,
143,7.018250134192163,17.06924315619968,10.225442834138486,5.642780461621041,25.34219001610306,12.191358024691358,10.63472893183038,7.695920558239399,1.7981749865807837,0.5434782608695652,1.5499194847020934,0.05367686527106817,0.23483628556092323,
144,7.118894256575416,17.03569511540526,10.299248523886206,5.642780461621041,25.228126677402038,12.050456253354804,10.607890499194847,7.722758990874933,1.7914653784219001,0.5434782608695652,1.6706924315619969,0.05367686527106817,0.23483628556092323,
145,7.14573268921095,16.982018250134193,9.796027911969942,5.709876543209877,25.11406333870102,10.943370907139023,12.587224906065487,7.6556629092860975,1.7713365539452497,0.5099302200751477,1.4962426194310252,0.05367686527106817,0.23483628556092323,
146,7.125603864734299,16.847826086956523,9.789318303811058,5.736714975845411,24.644390767579175,11.20504562533548,12.567096081588835,8.024691358024691,1.7713365539452497,0.5032206119162641,1.4962426194310252,0.05367686527106817,0.23483628556092323,
147,7.132313472893183,16.71363392377885,9.950348899624261,5.6964573268921095,24.55716586151369,11.20504562533548,12.52012882447665,8.085077831454644,1.8048845947396672,0.5501878690284487,1.4962426194310252,0.05367686527106817,0.23483628556092323,
148,7.152442297369833,16.700214707461082,9.930220075147611,5.669618894256575,24.40955448201825,11.956521739130435,11.782071926999464,8.219269994632313,1.8451422436929683,0.5233494363929146,1.5230810520665594,0.05367686527106817,0.23483628556092323,
149,7.051798174986581,16.700214707461082,13.09044551798175,5.649490069779925,22.430220075147613,11.634460547504025,11.20504562533548,8.038110574342458,1.724369296833065,0.5300590445517982,1.6572732152442298,0.05367686527106817,0.23483628556092323,
150,7.085346215780999,16.6129898013956,12.95625335480408,5.636070853462158,22.383252818035427,11.647879763821793,11.171497584541063,8.132045088566828,1.865271068169619,0.5434782608695652,1.6438539989264627,0.05367686527106817,0.2683843263553409,
151,7.118894256575416,16.478797638217927,12.99651100375738,5.750134192163178,22.36983360171766,11.647879763821793,11.104401502952227,8.179012345679013,1.8451422436929683,0.5434782608695652,1.6438539989264627,0.05367686527106817,0.2683843263553409,
152,7.14573268921095,16.42512077294686,12.95625335480408,5.770263016639828,22.342995169082126,11.668008588298443,11.077563070316694,8.232689210950081,1.8317230273752012,0.5434782608695652,1.6438539989264627,0.05367686527106817,0.30864197530864196,
153,7.206119162640902,16.264090177133657,12.949543746645196,5.938003220611916,22.302737520128826,11.647879763821793,11.077563070316694,8.205850778314547,1.8250134192163177,0.5434782608695652,1.6438539989264627,0.05367686527106817,0.3421900161030596,
154,7.212828770799785,16.190284487385938,12.902576489533011,5.904455179817498,22.282608695652176,11.614331723027375,11.171497584541063,8.239398819108963,1.8518518518518519,0.5703166935050993,1.6639828234031133,0.05367686527106817,0.3421900161030596,
155,6.837090713902308,15.552871712292003,12.909286097691895,5.850778314546431,22.282608695652176,12.130971551261407,11.969940955448202,8.111916264090176,1.8250134192163177,0.5568974771873323,1.5767579173376274,0.05367686527106817,0.3421900161030596,
156,6.830381105743425,15.552871712292003,12.922705314009661,5.877616747181965,22.24235104669887,12.191358024691358,11.936392914653783,8.105206655931294,1.8518518518518519,0.5568974771873323,1.5365002683843263,0.05367686527106817,0.3421900161030596,
157,6.850509930220075,15.45222758990875,12.929414922168545,5.911164787976382,22.108158883521202,12.090713902308105,11.949812130971551,8.319914117015566,1.8988191089640365,0.5568974771873323,1.5365002683843263,0.05367686527106817,0.3421900161030596,
158,6.877348362855609,15.371712292002147,12.989801395598498,5.964841653247451,22.054482018250134,12.00348899624262,11.896135265700483,8.3467525496511,1.9189479334406871,0.5568974771873323,1.6237251744498122,0.05367686527106817,0.3421900161030596,
159,6.9243156199677935,15.271068169618895,12.949543746645196,6.105743424584004,21.987385936661298,11.969940955448202,11.876006441223833,8.272946859903382,1.932367149758454,0.5703166935050993,1.6170155662909287,0.05367686527106817,0.46967257112184646,
160,6.951154052603328,15.257648953301127,12.95625335480408,6.105743424584004,21.960547504025765,11.936392914653783,11.889425657541599,8.299785292538916,1.932367149758454,0.5703166935050993,1.6170155662909287,0.05367686527106817,0.46967257112184646,
161,7.018250134192163,14.99597423510467,13.291733762748256,5.978260869565218,21.926999463231347,11.916264090177133,11.788781535158346,8.279656468062266,1.9256575415995705,0.7045088566827697,1.6505636070853462,0.05367686527106817,0.46967257112184646,
162,7.092055823939882,14.982555018786902,13.345410628019323,5.964841653247451,21.906870638754697,11.862587224906065,11.728395061728396,8.21256038647343,1.9793344068706387,0.7112184648416533,1.6908212560386473,0.05367686527106817,0.46967257112184646,
163,7.139023081052066,14.949006977992486,13.331991411701557,5.991680085882985,21.87332259796028,11.761943102522812,11.60762211486849,8.340042941492216,2.0799785292538915,0.7112184648416533,1.6908212560386473,0.05367686527106817,0.46967257112184646,
164,7.212828770799785,14.935587761674718,13.305152979066023,6.031937734836285,21.880032206119164,11.708266237251744,11.594202898550725,8.313204508856682,2.0799785292538915,0.7112184648416533,1.7042404723564144,0.05367686527106817,0.46967257112184646,
165,7.071926999463232,14.754428341384862,12.157809983896941,6.166129898013956,21.598228663446054,11.265432098765432,14.512882447665056,8.11862587224906,1.8518518518518519,0.7313472893183038,1.415727321524423,0.05367686527106817,0.30193236714975846,
166,7.112184648416532,14.734299516908212,12.130971551261407,6.166129898013956,21.524422973698336,11.238593666129898,14.42565754159957,8.145464304884594,1.9592055823939882,0.7783145464304885,1.42914653784219,0.05367686527106817,0.30193236714975846,
167,7.085346215780999,14.687332259796028,12.245034889962426,6.099033816425121,21.39694041867955,11.211755233494364,14.432367149758454,8.259527643585615,1.9927536231884058,0.8051529790660226,1.42914653784219,0.05367686527106817,0.30193236714975846,
168,7.092055823939882,14.673913043478262,12.305421363392378,6.099033816425121,21.256038647342994,11.29898013955985,14.42565754159957,8.152173913043478,2.1068169618894257,0.8252818035426731,1.4090177133655395,0.05367686527106817,0.30193236714975846,
169,7.092055823939882,14.546430488459475,12.25174449812131,6.132581857219538,21.256038647342994,12.258454106280194,13.613794954374665,8.152173913043478,2.1068169618894257,0.8252818035426731,1.4090177133655395,0.05367686527106817,0.30193236714975846,
170,7.118894256575416,14.358561460010735,12.171229200214707,6.213097155126141,21.068169618894256,12.365807836822329,13.79495437466452,8.158883521202362,2.0665593129361244,0.8521202361782072,1.4626945786366077,0.05367686527106817,0.3153515834675255,
171,7.1725711218464845,14.36527106816962,12.151100375738057,6.1862587224906065,21.054750402576488,12.379227053140097,13.774825550187868,8.185721953837897,2.046430488459474,0.8521202361782072,1.4626945786366077,0.05367686527106817,0.3153515834675255,
172,7.185990338164252,14.358561460010735,12.822061191626409,6.206387546967257,20.39049919484702,12.359098228663447,13.741277509393452,8.132045088566828,2.1068169618894257,0.8521202361782072,1.4626945786366077,0.05367686527106817,0.32877079978529256,
173,7.192699946323135,14.351851851851851,12.754965110037574,6.226516371443908,20.35024154589372,12.305421363392378,13.727858293075684,8.3064949006978,2.1068169618894257,0.8521202361782072,1.442565754159957,0.05367686527106817,0.32877079978529256,
174,7.239667203435319,14.351851851851851,12.734836285560924,6.226516371443908,20.29656468062265,12.332259796027913,13.7211486849168,8.319914117015566,2.086688137412775,0.8521202361782072,1.442565754159957,0.05367686527106817,0.3421900161030596,
175,7.25979602791197,14.325013419216317,12.68786902844874,6.233225979602791,20.249597423510465,12.419484702093397,13.727858293075684,8.293075684380032,2.086688137412775,0.8521202361782072,1.4694041867954912,0.05367686527106817,0.3421900161030596,
176,7.340311325818572,14.237788513150832,12.76838432635534,6.246645195920558,19.887278582930758,12.72812667740204,13.399087493290391,8.501073537305421,2.086688137412775,0.8521202361782072,1.556629092860977,0.05367686527106817,0.3421900161030596,
177,7.347020933977456,14.217659688674182,12.741545893719806,6.239935587761675,19.82018250134192,12.801932367149758,13.331991411701557,8.61513687600644,2.100107353730542,0.8521202361782072,1.5365002683843263,0.05367686527106817,0.3421900161030596,
178,7.273215244229737,14.110305958132045,13.754696725711218,6.3137412775093935,19.28341384863124,12.587224906065487,13.331991411701557,8.360171765968868,2.1403650026838434,0.8521202361782072,1.570048309178744,0.08051529790660225,0.3421900161030596,
