,45,50,53,55,54,51,52,57,56
0,55.542136339237786,43.27697262479871,1.1808910359634996,,,,,,
1,54.62292002147075,44.196188942565755,1.1808910359634996,,,,,,
2,54.89801395598497,41.19028448738594,1.1674718196457328,2.7442297369833604,,,,,
3,50.26167471819646,40.94202898550725,1.1674718196457328,2.4490069779924855,5.179817498658078,,,,
4,39.07675791733763,48.47691894793344,1.1674718196457328,2.4490069779924855,5.179817498658078,3.6500268384326353,,,
5,38.687600644122384,48.55072463768116,1.482823403113258,2.4490069779924855,5.179817498658078,3.6500268384326353,,,
6,36.65458937198068,51.42243692968331,0.6843800322061192,2.4490069779924855,5.139559849704777,3.6500268384326353,,,
7,33.742619431025226,51.64385399892646,0.6843800322061192,2.4154589371980677,5.132850241545894,3.6500268384326353,2.7308105206655933,,
8,28.817767042404725,48.00053676865271,5.891035963499732,1.7981749865807837,4.750402576489533,6.9310252281266775,3.81105743424584,,
9,26.8317230273752,46.28958668813741,5.233494363929147,2.6435856146001075,4.750402576489533,10.466988727858293,3.784219001610306,,
10,25.301932367149757,46.20907139023081,5.233494363929147,2.6435856146001075,4.690016103059581,8.957326892109501,6.964573268921095,,
11,16.780730005367687,57.50805152979066,7.581857219538379,1.7981749865807837,4.186795491143317,5.501878690284487,6.642512077294686,,
12,15.955448201825014,55.3743961352657,7.5348899624261945,1.7981749865807837,6.4412238325281805,6.260064412238325,6.635802469135802,,
13,16.25738056897477,55.05904455179817,7.481213097155126,1.9189479334406871,6.387546967257112,6.260064412238325,6.635802469135802,,
14,16.438539989264626,53.5829307568438,7.434245840042942,1.9189479334406871,6.387546967257112,7.628824476650563,6.608964036500268,,
15,14.586688137412775,26.093666129898015,7.4141170155662905,2.623456790123457,4.314278046162104,38.71443907675792,6.253354804079442,,
16,15.009393451422437,25.999731615673646,7.347020933977456,2.5563607085346214,4.314278046162104,38.53327965646806,6.239935587761675,,
17,14.982555018786902,23.597691894793343,8.36688137412775,2.522812667740204,8.21256038647343,35.52066559312936,6.635802469135802,0.1610305958132045,
18,15.33816425120773,23.443370907139023,8.353462157809984,2.522812667740204,8.21256038647343,35.34621578099839,6.622383252818035,0.1610305958132045,
19,15.848094471282877,23.30246913580247,8.232689210950081,2.7643585614600106,8.185721953837897,34.88325281803543,6.622383252818035,0.1610305958132045,
20,16.19699409554482,23.081052066559312,8.158883521202362,8.635265700483092,7.749597423510467,28.26086956521739,6.622383252818035,0.1610305958132045,1.133923778851315
21,14.076757917337627,25.637412775093935,8.051529790660226,8.601717659688674,7.709339774557166,28.093129361245303,6.541867954911433,0.15432098765432098,1.133923778851315
22,14.2914653784219,24.691358024691358,8.017981749865807,8.514492753623188,8.715780998389693,27.9723564143854,6.541867954911433,0.15432098765432098,1.1003757380568975
23,14.553140096618357,23.66478797638218,10.332796564680622,8.514492753623188,8.648684916800859,27.65029522275899,5.381105743424584,0.15432098765432098,1.1003757380568975
24,14.875201288244767,23.62453032742888,10.305958132045088,8.514492753623188,8.601717659688674,27.4422973698336,5.381105743424584,0.15432098765432098,1.1003757380568975
25,14.331723027375201,19.28341384863124,16.794149221685455,7.085346215780999,8.514492753623188,27.355072463768117,5.381105743424584,0.15432098765432098,1.1003757380568975
26,14.371980676328503,18.189747718733226,16.760601180891037,7.058507783145465,8.501073537305421,28.482286634460547,5.381105743424584,0.15432098765432098,1.1003757380568975
27,14.593397745571659,18.06897477187332,14.626945786366075,8.400429414922169,10.540794417606012,27.140365002683843,5.374396135265701,0.15432098765432098,1.1003757380568975
28,13.955984970477724,17.022275899087493,11.969940955448202,8.279656468062266,9.722222222222221,26.99946323134729,10.950080515297907,,1.1003757380568975
29,13.935856146001074,16.284219001610307,11.54723564143854,8.219269994632313,8.816425120772946,26.25469672571122,13.439345142243694,,1.5029522275899088
30,14.217659688674182,15.123456790123457,11.044015029522276,8.192431561996779,12.097423510466989,24.58400429414922,13.238056897477188,,1.5029522275899088
31,14.687332259796028,15.029522275899087,11.017176596886742,8.192431561996779,11.969940955448202,24.44981213097155,13.150831991411701,,1.5029522275899088
32,14.875201288244767,14.801395598497047,11.285560923242082,8.192431561996779,11.902844873859367,24.335748792270532,13.123993558776167,,1.482823403113258
33,14.486044015029522,12.446323134728932,6.166129898013956,8.474235104669887,10.312667740203972,24.208266237251745,22.564412238325282,,1.3419216317767042
34,14.76784755770263,12.392646269457863,6.166129898013956,8.420558239398819,10.292538915727322,24.094202898550726,22.52415458937198,,1.3419216317767042
35,15.203972088030058,12.338969404186795,6.139291465378422,8.340042941492216,10.21202361782072,23.980139559849704,22.443639291465377,,1.3419216317767042
36,14.31159420289855,10.61460010735373,5.407944176060118,9.655126140633387,6.910896403650026,22.356414385399894,29.401502952227588,,1.3419216317767042
37,14.533011272141707,10.560923242082662,8.038110574342458,8.440687063875469,6.736446591519055,21.26945786366076,29.07944176060118,,1.3419216317767042
38,14.244498121309716,11.178207192699947,7.917337627482555,8.427267847557703,6.736446591519055,21.195652173913043,29.012345679012345,,1.288244766505636
39,14.479334406870638,10.420021470746109,7.856951154052603,8.420558239398819,7.85024154589372,21.068169618894256,28.61647879763822,,1.288244766505636
40,14.908749329039184,10.312667740203972,7.669082125603865,9.131776704240472,7.7898550724637685,20.94068706387547,28.20048309178744,,1.0466988727858293
41,15.660225442834138,10.279119699409554,7.6623725174449815,9.104938271604938,7.7898550724637685,20.638754696725712,27.455716586151368,,1.4090177133655395
42,16.21712292002147,10.225442834138486,7.628824476650563,8.930488459473967,7.7898550724637685,20.397208803005906,27.415458937198068,,1.3955984970477724
43,16.505636070853463,10.02415458937198,8.400429414922169,8.165593129361245,7.96430488459474,20.21604938271605,27.32823403113258,,1.3955984970477724
44,16.780730005367687,9.916800858829845,8.373590982286634,8.132045088566828,7.96430488459474,20.169082125603865,27.26784755770263,,1.3955984970477724
45,16.163446054750402,9.648416532474503,8.319914117015566,8.11862587224906,7.769726247987117,22.457058507783145,26.133923778851315,,1.3888888888888888
46,16.384863123993558,9.608158883521202,7.7361782071927,6.984702093397746,7.50805152979066,25.167740203972087,25.328770799785293,,1.2815351583467525
47,16.21712292002147,8.319914117015566,6.863929146537842,6.937734836285561,7.273215244229737,27.938808373590984,25.167740203972087,,1.2815351583467525
48,17.21014492753623,8.125335480407944,6.66935050993022,6.9243156199677935,7.266505636070853,27.636876006441224,24.9194847020934,,1.247987117552335
49,17.250402576489535,8.064949006977992,6.649221685453569,7.454374664519592,7.239667203435319,27.194041867954912,23.785560923242084,1.1137949543746646,1.247987117552335
50,17.60601180891036,8.031400966183575,6.595544820182502,7.387278582930757,7.219538378958669,27.13365539452496,23.678207192699947,1.1137949543746646,1.2345679012345678
51,17.14975845410628,7.950885668276973,6.582125603864735,7.387278582930757,7.179280730005368,28.099838969404185,23.30246913580247,1.1137949543746646,1.2345679012345678
52,17.344337090713903,7.950885668276973,6.561996779388084,7.360440150295223,7.179280730005368,28.012614063338702,23.262211486849168,1.1137949543746646,1.2144390767579174
53,17.62614063338701,7.796564680622652,6.508319914117015,7.266505636070853,7.092055823939882,26.8719806763285,24.55716586151369,1.06682769726248,1.2144390767579174
54,17.47181964573269,7.742887815351583,6.884057971014493,8.521202361782072,6.816961889425658,26.221148684916802,24.315619967793882,1.0332796564680622,0.9930220075147611
55,17.814009661835748,7.689210950080516,7.185990338164252,8.440687063875469,6.696188942565755,25.79844337090714,24.214975845410628,1.1808910359634996,0.9796027911969941
56,18.055555555555557,7.64224369296833,7.14573268921095,8.373590982286634,6.696188942565755,25.758185721953836,24.18142780461621,1.1674718196457328,0.9796027911969941
57,18.02871712292002,7.514761137949543,11.963231347289318,7.407407407407407,6.360708534621578,25.261674718196456,21.316425120772948,1.1674718196457328,0.9796027911969941
58,18.303811057434245,7.48792270531401,11.896135265700483,7.360440150295223,6.360708534621578,25.15432098765432,21.289586688137412,1.1674718196457328,0.9796027911969941
59,18.49838969404187,7.434245840042942,11.849168008588299,7.239667203435319,6.870638754696726,24.97987117552335,21.20907139023081,1.1674718196457328,0.7514761137949544
60,18.61916264090177,7.4141170155662905,11.849168008588299,7.0450885668276975,6.870638754696726,24.84567901234568,21.128556092324207,1.1674718196457328,1.0601180891035964
61,18.270263016639827,7.4006977992485234,8.55475040257649,8.407139023081053,6.830381105743425,29.052603327965645,19.746376811594203,0.6776704240472357,1.0601180891035964
62,15.653515834675256,5.0858829844337095,7.407407407407407,7.709339774557166,3.3145464304884595,30.26033279656468,28.92512077294686,0.6776704240472357,0.966183574879227
63,15.573000536768653,4.9651100375738055,7.078636607622115,8.82313472893183,3.012614063338701,30.06575415995706,28.837895866881375,0.6776704240472357,0.966183574879227
64,15.74074074074074,4.944981213097155,6.662640901771336,8.776167471819646,2.6637144390767578,29.441760601180892,30.152979066022546,0.6776704240472357,0.9393451422436929
65,16.183574879227052,4.938271604938271,6.5485775630703165,8.702361782071927,2.6637144390767578,29.334406870638755,30.01207729468599,0.6776704240472357,0.9393451422436929
66,16.5727321524423,4.931561996779388,6.501610305958132,8.695652173913043,2.6637144390767578,29.220343531937736,29.817498658078367,0.6776704240472357,0.9192163177670424
67,16.968599033816425,4.911433172302737,6.501610305958132,8.507783145464305,2.6637144390767578,29.106280193236714,29.74369296833065,0.6776704240472357,0.9192163177670424
68,17.297369833601717,4.911433172302737,6.501610305958132,8.507783145464305,2.6637144390767578,28.911701556629094,29.60950080515298,0.6776704240472357,0.9192163177670424
69,18.04213633923779,4.87788513150832,6.481481481481482,8.474235104669887,2.6637144390767578,28.368223295759528,29.49543746645196,0.6776704240472357,0.9192163177670424
70,17.867686527106816,4.85775630703167,6.3070316693505095,7.682501341921632,5.199946323134729,27.65029522275899,28.978797638217927,0.5300590445517982,0.9259259259259259
71,15.666935050993022,4.38137412775094,6.0587761674718195,6.709608158883521,3.1468062265163717,47.57112184648417,15.499194847020934,0.5300590445517982,0.43612453032742887
72,15.734031132581856,4.38137412775094,6.031937734836285,7.729468599033816,5.535426731078905,44.18276972624799,15.438808373590982,0.5300590445517982,0.43612453032742887
73,16.33118625872249,4.38137412775094,6.031937734836285,7.675791733762749,5.495169082125604,43.78690284487386,15.331454643048845,0.5300590445517982,0.43612453032742887
74,15.479066022544284,4.253891572732153,5.803811057434245,7.675791733762749,5.488459473966721,42.81400966183575,17.52549651100376,0.5300590445517982,0.4294149221685454
75,16.63311862587225,4.240472356414386,5.743424584004294,8.507783145464305,5.475040257648954,41.0024154589372,17.438271604938272,0.5300590445517982,0.4294149221685454
76,17.196725711218466,4.206924315619967,5.743424584004294,9.145195920558239,5.475040257648954,40.54616210413312,16.72705314009662,0.5300590445517982,0.4294149221685454
77,17.59259259259259,4.200214707461084,5.743424584004294,9.098228663446054,5.441492216854535,40.324745034889965,16.639828234031132,0.5300590445517982,0.4294149221685454
78,17.780461621041333,4.186795491143317,5.743424584004294,9.916800858829845,5.441492216854535,40.103327965646805,15.92860976918948,0.46967257112184646,0.4294149221685454
79,17.12962962962963,4.005636070853462,5.730005367686527,9.809447128287708,5.441492216854535,41.91492216854536,15.069779924852389,0.46967257112184646,0.4294149221685454
80,17.58588298443371,3.911701556629093,5.629361245303274,9.77589908749329,5.441492216854535,41.7337627482555,15.022812667740205,0.46967257112184646,0.4294149221685454
81,17.98174986580784,3.911701556629093,5.629361245303274,9.41358024691358,8.521202361782072,38.59366612989801,15.056360708534621,0.46967257112184646,0.4227053140096618
82,16.78743961352657,3.911701556629093,5.60252281266774,9.05126140633387,5.958132045088567,28.529253891572733,29.26731078904992,0.46967257112184646,0.4227053140096618
83,17.04911433172303,3.911701556629093,5.642780461621041,8.997584541062801,5.9514224369296835,28.401771336553946,29.1532474503489,0.46967257112184646,0.4227053140096618
84,17.122920021470748,3.911701556629093,7.434245840042942,8.923778851315083,5.22007514761138,28.267579173376276,28.23403113258186,0.46296296296296297,0.4227053140096618
85,17.404723564143854,3.898282340311326,7.347020933977456,8.923778851315083,5.22007514761138,28.18035426731079,28.14680622651637,0.4562533548040794,0.4227053140096618
86,17.68652710681696,3.898282340311326,7.306763285024155,8.883521202361782,5.179817498658078,28.08641975308642,28.079710144927535,0.4562533548040794,0.4227053140096618
87,18.035426731078903,3.898282340311326,7.306763285024155,8.668813741277509,5.139559849704777,28.073000536768653,27.999194847020934,0.4562533548040794,0.4227053140096618
88,18.33064949006978,3.898282340311326,7.2933440687063875,8.648684916800859,5.139559849704777,27.891841116478798,27.91867954911433,0.4562533548040794,0.4227053140096618
89,18.21658615136876,3.864734299516908,7.199409554482019,9.883252818035427,5.12614063338701,27.15378421900161,27.70397208803006,0.4562533548040794,0.39586688137412773
90,17.921363392377884,3.797638217928073,7.078636607622115,9.86983360171766,4.871175523349437,25.925925925925927,29.824208266237253,0.4562533548040794,0.2549651100375738
91,18.06226516371444,3.7640901771336552,7.078636607622115,9.829575952764358,4.871175523349437,25.89237788513151,29.790660225442835,0.4562533548040794,0.2549651100375738
92,18.438003220611915,3.743961352657005,7.078636607622115,9.769189479334408,4.830917874396135,25.738056897477186,29.24718196457327,0.8990874932903918,0.2549651100375738
93,18.780193236714975,3.743961352657005,7.0450885668276975,9.728931830381105,4.817498658078368,25.623993558776167,29.106280193236714,0.8990874932903918,0.2549651100375738
94,18.914385399892645,3.743961352657005,7.0450885668276975,9.722222222222221,4.817498658078368,25.6105743424584,28.992216854535695,0.8990874932903918,0.2549651100375738
95,17.51207729468599,6.146001073537305,6.910896403650026,9.936929683306495,4.810789049919484,24.758454106280194,28.77079978529254,0.8990874932903918,0.2549651100375738
96,17.57246376811594,6.146001073537305,6.910896403650026,10.721953837895867,4.797369833601718,24.550456253354803,28.14680622651637,0.8990874932903918,0.2549651100375738
97,17.961621041331185,6.146001073537305,6.910896403650026,10.59447128287708,4.770531400966184,24.422973698336016,28.039452495974235,0.8990874932903918,0.2549651100375738
98,16.914922168545356,5.522007514761138,6.582125603864735,10.185185185185185,8.071658615136876,23.557434245840042,27.85829307568438,0.8856682769726248,0.4227053140096618
99,17.19001610305958,5.421363392377885,6.582125603864735,10.185185185185185,8.017981749865807,23.483628556092324,27.811325818572197,0.8856682769726248,0.4227053140096618
100,17.324208266237253,4.8443370907139025,7.118894256575416,9.118357487922705,7.729468599033816,26.939076757917338,25.617283950617285,0.8856682769726248,0.4227053140096618
101,17.713365539452496,4.8443370907139025,7.118894256575416,9.064680622651638,7.716049382716049,26.7512077294686,25.483091787439612,0.8856682769726248,0.4227053140096618
102,17.914653784219002,4.74369296833065,7.098765432098766,8.722490606548577,7.320182501341922,26.362050456253353,26.570048309178745,0.8454106280193237,0.4227053140096618
103,17.961621041331185,4.74369296833065,8.105206655931294,8.722490606548577,7.27992485238862,28.435319377348364,23.483628556092324,0.8454106280193237,0.4227053140096618
104,17.914653784219002,4.522275899087493,7.897208803005904,8.407139023081053,8.32662372517445,28.25415995705851,23.409822866344605,0.8454106280193237,0.4227053140096618
105,18.33064949006978,4.4753086419753085,7.890499194847021,8.393719806763285,8.259527643585615,28.14680622651637,23.235373054213635,0.8454106280193237,0.4227053140096618
106,17.579173376274827,4.4753086419753085,7.118894256575416,8.071658615136876,7.440955448201825,24.060654857756308,29.985238862050455,0.8454106280193237,0.4227053140096618
107,17.156468062265162,4.448470209339774,9.494095544820183,8.017981749865807,7.4141170155662905,23.711755233494365,28.488996242619432,0.8454106280193237,0.4227053140096618
108,17.438271604938272,4.441760601180891,9.460547504025765,8.011272141706923,7.4141170155662905,23.658078368223297,28.307836822329577,0.8454106280193237,0.4227053140096618
109,17.20343531937735,4.414922168545357,12.29200214707461,7.937466451959206,5.9447128287707995,22.705314009661837,28.23403113258186,0.8454106280193237,0.4227053140096618
110,17.176596886741816,4.408212560386473,12.265163714439076,9.01100375738057,5.931293612453032,21.89345142243693,28.052871712292003,0.8387010198604401,0.4227053140096618
111,17.579173376274827,4.3545356951154055,12.218196457326892,8.890230810520666,5.897745571658615,21.83977455716586,27.958937198067634,0.8387010198604401,0.4227053140096618
112,17.418142780461622,4.3545356951154055,13.365539452495975,8.333333333333334,5.622651637144391,21.69887278582931,27.9723564143854,0.8118625872249061,0.4227053140096618
113,17.773752012882447,4.3478260869565215,13.6808910359635,8.32662372517445,6.561996779388084,21.256038647342994,26.838432635534083,0.798443370907139,0.41599570585077833
114,18.075684380032207,4.320987654320987,13.620504562533547,8.259527643585615,6.515029522275899,21.18894256575416,26.80488459473967,0.798443370907139,0.41599570585077833
115,18.243424584004295,4.320987654320987,13.56682769726248,8.246108427267847,6.380837359098229,21.155394524959743,26.77133655394525,0.798443370907139,0.5166398282340311
116,18.766774020397207,4.294149221685454,13.385668276972625,8.246108427267847,6.347289318303811,20.967525496511005,26.67740203972088,0.798443370907139,0.5166398282340311
117,19.082125603864736,4.294149221685454,13.345410628019323,8.232689210950081,6.300322061191626,20.933977455716587,26.50966183574879,0.785024154589372,0.5166398282340311
118,18.84728931830381,4.294149221685454,12.453032742887816,7.830112721417069,6.159420289855072,23.470209339774556,25.644122383252817,0.785024154589372,0.5166398282340311
119,18.86070853462158,4.294149221685454,12.412775093934513,7.796564680622652,5.911164787976382,23.336017176596886,26.08695652173913,0.785024154589372,0.5166398282340311
120,18.69296833064949,4.28743961352657,12.406065485775631,7.749597423510467,5.877616747181965,26.29495437466452,23.349436392914654,0.785024154589372,0.5568974771873323
121,18.907675791733762,4.28743961352657,12.372517444981213,7.709339774557166,5.864197530864198,26.247987117552334,23.275630703166936,0.785024154589372,0.5501878690284487
122,19.249865807836823,4.17337627482555,12.278582930756844,7.709339774557166,6.595544820182502,26.127214170692433,22.57783145464305,0.7648953301127214,0.5233494363929146
123,19.558507783145465,4.17337627482555,12.23161567364466,7.648953301127214,6.595544820182502,26.039989264626946,22.463768115942027,0.7648953301127214,0.5233494363929146
124,18.840579710144926,4.17337627482555,14.579978529253891,7.682501341921632,6.3070316693505095,25.013419216317768,22.269189479334408,0.7648953301127214,0.36902844873859364
125,19.343800322061192,4.159957058507783,14.526301663982823,7.64224369296833,6.260064412238325,24.9194847020934,22.014224369296834,0.7648953301127214,0.36902844873859364
126,19.363929146537842,4.146537842190016,15.136876006441224,7.27992485238862,6.025228126677402,24.698067632850243,22.21551261406334,0.7648953301127214,0.36902844873859364
127,19.585346215780998,4.146537842190016,15.096618357487923,7.27992485238862,5.998389694041868,24.610842726784757,22.15512614063339,0.7581857219538379,0.36902844873859364
128,19.129092860976918,3.6500268384326353,14.418947933440688,7.266505636070853,5.971551261406334,23.235373054213635,25.248255501878692,0.7112184648416533,0.36902844873859364
129,19.256575415995705,3.6500268384326353,14.398819108964037,7.25979602791197,5.971551261406334,23.221953837895867,25.161030595813205,0.7112184648416533,0.36902844873859364
130,18.54535695115405,2.589908749329039,14.304884594739667,7.239667203435319,5.964841653247451,25.87895866881374,24.396135265700483,0.7112184648416533,0.36902844873859364
131,18.739935587761675,2.576489533011272,14.231078904991948,7.239667203435319,5.9514224369296835,25.791733762748255,24.3894256575416,0.7112184648416533,0.36902844873859364
132,19.216317767042405,2.5697799248523885,14.15727321524423,7.4141170155662905,5.8172302737520125,25.49651100375738,24.261943102522814,0.7045088566827697,0.36231884057971014
133,19.14922168545357,2.5697799248523885,13.989533011272142,8.662104133118627,5.730005367686527,24.704777241009126,24.12775093934514,0.7045088566827697,0.36231884057971014
134,19.45115405260333,2.5697799248523885,13.969404186795492,8.57487922705314,5.689747718733226,24.630971551261407,24.04723564143854,0.7045088566827697,0.36231884057971014
135,19.068706387546968,2.5697799248523885,13.935856146001074,8.514492753623188,5.689747718733226,23.289049919484704,26.100375738056897,0.46967257112184646,0.36231884057971014
136,19.30354267310789,2.5697799248523885,13.848631239935587,8.494363929146537,5.676328502415459,23.242082662372518,26.03327965646806,0.46967257112184646,0.36231884057971014
137,19.410896403650028,2.563070316693505,13.83521202361782,8.494363929146537,5.662909286097692,23.181696188942567,26.019860440150296,0.46967257112184646,0.36231884057971014
138,19.49812130971551,2.563070316693505,14.083467525496511,8.487654320987655,5.662909286097692,23.09447128287708,25.77831454643049,0.46967257112184646,0.36231884057971014
139,19.726247987117553,2.5496511003757383,14.076757917337627,8.474235104669887,5.656199677938808,22.993827160493826,25.691089640365004,0.46967257112184646,0.36231884057971014
140,19.81347289318304,2.5429414922168547,13.727858293075684,8.474235104669887,6.293612453032743,22.906602254428343,25.489801395598498,0.38915727321524424,0.36231884057971014
141,20.169082125603865,2.5429414922168547,13.24476650563607,8.440687063875469,6.78341384863124,22.73215244229737,25.335480407944175,0.38915727321524424,0.36231884057971014
142,19.746376811594203,2.5429414922168547,14.023081052066559,8.380300590445518,5.501878690284487,24.704777241009126,24.456521739130434,0.38915727321524424,0.2549651100375738
143,19.32367149758454,2.5429414922168547,14.331723027375201,7.440955448201825,5.441492216854535,23.61111111111111,26.663982823403114,0.38915727321524424,0.2549651100375738
144,19.33709071390231,2.5161030595813205,15.250939345142244,7.440955448201825,5.434782608695652,23.523886205045624,25.85212023617821,0.38915727321524424,0.2549651100375738
145,19.712828770799785,2.509393451422437,15.116747181964573,7.561728395061729,5.421363392377885,23.282340311325818,25.751476113794954,0.38915727321524424,0.2549651100375738
146,20.101986044015028,2.4825550187869028,15.069779924852389,7.5348899624261945,5.367686527106817,23.18840579710145,25.6105743424584,0.38915727321524424,0.2549651100375738
147,19.87385936661299,2.475845410628019,14.97584541062802,8.507783145464305,5.367686527106817,22.69860440150295,25.462962962962962,0.38915727321524424,0.24825550187869028
148,19.961084272678477,2.462426194310252,15.271068169618895,8.507783145464305,5.340848094471283,22.550993022007514,25.268384326355342,0.38915727321524424,0.24825550187869028
149,20.242887815351583,2.4557165861513686,15.150295222758992,8.373590982286634,5.314009661835748,21.987385936661298,25.83870101986044,0.38915727321524424,0.24825550187869028
150,20.276435856146,2.408749329039184,15.056360708534621,8.655394524959743,5.998389694041868,21.611647879763822,25.355609232420825,0.38915727321524424,0.24825550187869028
151,20.182501341921633,2.3752012882447664,13.868760064412239,8.299785292538916,5.9514224369296835,21.316425120772948,27.36849168008588,0.38915727321524424,0.24825550187869028
152,19.92753623188406,2.341653247450349,13.754696725711218,7.440955448201825,5.629361245303274,23.772141706924316,25.83870101986044,0.38915727321524424,0.9057971014492754
153,20.263016639828233,2.341653247450349,13.6808910359635,7.4141170155662905,5.609232420826624,23.731884057971016,25.691089640365004,0.38915727321524424,0.8789586688137413
154,20.44417606011809,2.328234031132582,14.023081052066559,7.360440150295223,5.609232420826624,23.597691894793343,25.369028448738593,0.38915727321524424,0.8789586688137413
155,20.618625872249062,2.328234031132582,14.023081052066559,7.360440150295223,5.609232420826624,23.49033816425121,25.301932367149757,0.38915727321524424,0.8789586688137413
156,20.591787439613526,2.073268921095008,13.989533011272142,7.360440150295223,4.924852388620504,23.081052066559312,26.724369296833064,0.38915727321524424,0.8655394524959742
157,20.78636607622115,2.073268921095008,13.989533011272142,7.326892109500805,4.924852388620504,23.00053676865271,26.643853998926463,0.38915727321524424,0.8655394524959742
158,20.933977455716587,2.073268921095008,13.962694578636608,7.320182501341922,4.924852388620504,22.926731078904993,26.603596349973163,0.38915727321524424,0.8655394524959742
159,21.28287707997853,2.073268921095008,13.895598497047773,7.320182501341922,4.924852388620504,22.832796564680624,26.41572732152442,0.38915727321524424,0.8655394524959742
160,21.517713365539453,2.073268921095008,13.848631239935587,7.2933440687063875,4.904723564143854,22.75228126677402,26.35534084809447,0.38915727321524424,0.8655394524959742
161,21.81964573268921,2.0531400966183573,13.79495437466452,7.2933440687063875,4.891304347826087,22.57783145464305,26.31508319914117,0.38915727321524424,0.8655394524959742
162,22.148416532474503,2.0531400966183573,13.747987117552334,7.1658615136876005,4.87788513150832,22.517444981213096,26.247987117552334,0.38915727321524424,0.8521202361782072
163,22.21551261406334,2.006172839506173,14.49946323134729,6.790123456790123,4.851046698872786,22.282608695652176,26.113794954374665,0.38915727321524424,0.8521202361782072
164,22.423510466988727,1.9592055823939882,14.432367149758454,6.790123456790123,4.851046698872786,22.041062801932366,26.261406333870102,0.38915727321524424,0.8521202361782072
165,22.758990874932906,1.9457863660762211,14.398819108964037,6.790123456790123,4.783950617283951,22.014224369296834,26.06682769726248,0.38915727321524424,0.8521202361782072
166,22.134997316156735,1.3016639828234031,14.338432635534085,6.293612453032743,4.783950617283951,24.52361782071927,25.38244766505636,0.38915727321524424,0.8521202361782072
167,22.416800858829845,1.2949543746645196,14.80810520665593,6.293612453032743,4.7638217928073,23.886205045625335,25.295222758990874,0.38915727321524424,0.8521202361782072
168,22.416800858829845,1.2949543746645196,14.53972088030059,6.213097155126141,4.669887278582931,23.617820719269993,26.006441223832528,0.38915727321524424,0.8521202361782072
169,22.21551261406334,1.2949543746645196,14.861782071927,6.213097155126141,3.8378958668813743,23.463499731615673,26.8719806763285,0.38915727321524424,0.8521202361782072
170,22.396672034353195,1.2949543746645196,14.861782071927,6.213097155126141,3.770799785292539,23.409822866344605,26.81159420289855,0.38915727321524424,0.8521202361782072
171,22.685185185185187,1.2949543746645196,14.848362855609233,6.199677938808374,3.7640901771336552,23.376274825550187,26.590177133655395,0.38915727321524424,0.8521202361782072
172,22.685185185185187,1.2949543746645196,15.03623188405797,6.199677938808374,3.7640901771336552,23.315888352120236,26.462694578636608,0.38915727321524424,0.8521202361782072
173,22.98040794417606,1.2949543746645196,15.01610305958132,6.166129898013956,3.7640901771336552,23.181696188942567,26.35534084809447,0.38915727321524424,0.8521202361782072
174,23.309178743961354,1.2949543746645196,14.99597423510467,6.085614600107354,3.750670960815888,23.07434245840043,26.288244766505635,0.38915727321524424,0.8118625872249061
175,23.450080515297905,1.2949543746645196,14.935587761674718,6.078904991948471,3.750670960815888,23.020665593129362,26.268115942028984,0.38915727321524424,0.8118625872249061
176,23.309178743961354,1.2949543746645196,14.734299516908212,6.072195383789587,3.4286097691894795,22.987117552334944,26.979334406870638,0.3824476650563607,0.8118625872249061
177,23.67149758454106,1.2949543746645196,14.694041867954912,6.031937734836285,3.4286097691894795,22.913311862587225,26.77133655394525,0.3824476650563607,0.8118625872249061
178,24.013687600644122,1.2949543746645196,14.680622651637144,6.025228126677402,3.421900161030596,22.725442834138487,26.643853998926463,0.3824476650563607,0.8118625872249061
179,24.060654857756308,1.2949543746645196,14.61352657004831,5.9447128287707995,4.079441760601181,22.29602791196994,26.516371443907676,0.3824476650563607,0.8118625872249061
180,24.060654857756308,1.2949543746645196,14.593397745571659,5.9447128287707995,4.079441760601181,21.71900161030596,27.113526570048307,0.3824476650563607,0.8118625872249061
181,24.228395061728396,1.2949543746645196,14.55984970477724,5.924584004294149,4.066022544283414,21.70558239398819,27.033011272141707,0.3757380568974772,0.8118625872249061
182,23.70504562533548,1.2949543746645196,15.841384863123993,5.917874396135265,4.052603327965647,21.470746108427267,26.549919484702095,0.3757380568974772,0.7917337627482555
183,24.12104133118626,1.2949543746645196,15.707192699946322,5.891035963499732,4.025764895330113,21.289586688137412,26.50295222758991,0.3757380568974772,0.7917337627482555
184,24.362587224906065,1.2949543746645196,16.170155662909288,5.891035963499732,4.025764895330113,21.101717659688674,25.986312399355878,0.3757380568974772,0.7917337627482555
185,23.8191089640365,1.2949543746645196,14.754428341384862,5.877616747181965,4.012345679012346,24.214975845410628,24.86580783682233,0.3757380568974772,0.785024154589372
186,23.772141706924316,1.2949543746645196,14.63365539452496,5.676328502415459,3.9049919484702094,21.68545356951154,27.51610305958132,0.7313472893183038,0.785024154589372
187,24.013687600644122,1.2949543746645196,14.600107353730541,5.656199677938808,3.9049919484702094,21.598228663446054,27.415458937198068,0.7313472893183038,0.785024154589372
188,24.18142780461621,1.2949543746645196,14.553140096618357,5.656199677938808,3.9049919484702094,21.598228663446054,27.294685990338163,0.7313472893183038,0.785024154589372
189,24.342458400429415,1.2949543746645196,14.533011272141707,5.656199677938808,3.9049919484702094,21.55126140633387,27.200751476113794,0.7313472893183038,0.785024154589372
190,24.48336017176597,1.2949543746645196,14.512882447665056,5.649490069779925,3.8915727321524423,21.497584541062803,27.160493827160494,0.7313472893183038,0.7783145464304885
191,24.630971551261407,1.261406333870102,14.861782071927,5.649490069779925,3.8580246913580245,21.66532474503489,26.56333870101986,0.7313472893183038,0.7783145464304885
192,24.282071926999464,1.1137949543746646,15.237520128824476,5.287171229200215,4.139828234031133,20.209339774557165,28.22061191626409,0.7313472893183038,0.7783145464304885
193,24.58400429414922,1.1137949543746646,15.11003757380569,5.260332796564681,4.139828234031133,20.162372517444982,28.119967793880836,0.7313472893183038,0.7783145464304885
194,24.402844873859365,1.1137949543746646,15.74074074074074,5.24020397208803,4.119699409554482,19.80005367686527,28.073000536768653,0.7313472893183038,0.7783145464304885
195,24.711486849168008,1.107085346215781,15.619967793880837,5.24020397208803,4.119699409554482,19.672571121846484,28.019323671497585,0.7313472893183038,0.7783145464304885
196,25.026838432635532,1.107085346215781,15.593129361245303,5.24020397208803,4.119699409554482,19.484702093397747,27.91867954911433,0.7313472893183038,0.7783145464304885
197,23.1280193236715,1.107085346215781,14.36527106816962,5.059044551798175,3.1333870101986045,31.239935587761675,21.021202361782073,0.7313472893183038,0.2147074610842727
198,23.32259796027912,1.107085346215781,14.31159420289855,5.059044551798175,3.1333870101986045,31.146001073537306,20.974235104669887,0.7313472893183038,0.2147074610842727
199,23.47691894793344,1.107085346215781,14.264626945786366,5.025496511003757,3.1333870101986045,31.11916264090177,20.9272678475577,0.7313472893183038,0.2147074610842727
200,23.785560923242084,1.107085346215781,14.251207729468598,5.025496511003757,3.113258185721954,30.897745571658614,20.88030059044552,0.7313472893183038,0.20799785292538917
201,24.020397208803004,1.1003757380568975,14.17740203972088,5.025496511003757,3.113258185721954,30.776972624798713,20.8467525496511,0.7313472893183038,0.20799785292538917
202,24.335748792270532,1.0534084809447128,14.17740203972088,5.025496511003757,3.046162104133119,30.595813204508858,20.82662372517445,0.7313472893183038,0.20799785292538917
203,24.651100375738057,1.0265700483091786,14.130434782608695,5.025496511003757,3.046162104133119,30.407944176060116,20.79307568438003,0.7112184648416533,0.20799785292538917
204,24.9194847020934,1.0265700483091786,14.06333870101986,5.018786902844874,3.0394524959742353,30.314009661835748,20.725979602791195,0.6843800322061192,0.20799785292538917
205,25.15432098765432,1.0265700483091786,13.90901771336554,5.018786902844874,3.0394524959742353,30.233494363929147,20.725979602791195,0.6843800322061192,0.20799785292538917
206,25.45625335480408,1.0265700483091786,13.81508319914117,5.005367686527107,3.3548040794417604,30.09259259259259,20.37037037037037,0.6843800322061192,0.19457863660762212
207,25.811862587224905,1.0265700483091786,13.674181427804616,5.005367686527107,3.3548040794417604,30.01207729468599,20.2361782071927,0.6843800322061192,0.19457863660762212
208,25.939345142243692,1.0265700483091786,13.654052603327965,5.005367686527107,3.3480944712828773,29.958400429414922,20.189210950080515,0.6843800322061192,0.19457863660762212
209,26.113794954374665,1.0265700483091786,13.613794954374665,5.005367686527107,3.3480944712828773,29.790660225442835,20.088566827697264,0.6843800322061192,0.32877079978529256
210,26.301663982823403,1.0265700483091786,13.560118089103597,5.005367686527107,3.33467525496511,29.723564143854,20.034889962426195,0.6843800322061192,0.32877079978529256
211,26.35534084809447,1.0265700483091786,13.546698872785829,4.871175523349437,3.5829307568438002,29.602791196994094,20.001341921631777,0.6843800322061192,0.32877079978529256
212,26.724369296833064,1.0265700483091786,13.399087493290391,4.851046698872786,3.5829307568438002,29.482018250134193,19.920826623725173,0.6843800322061192,0.32877079978529256
213,26.979334406870638,1.0265700483091786,13.352120236178207,4.810789049919484,3.5829307568438002,29.320987654320987,19.91411701556629,0.6843800322061192,0.32877079978529256
214,26.78475577026302,1.0265700483091786,13.123993558776167,4.810789049919484,3.5762211486849167,28.804347826086957,20.860171765968868,0.6843800322061192,0.32877079978529256
215,26.939076757917338,1.0265700483091786,12.365807836822329,4.804079441760601,3.5762211486849167,28.670155662909288,21.604938271604937,0.6843800322061192,0.32877079978529256
216,27.033011272141707,1.0265700483091786,12.365807836822329,4.804079441760601,3.569511540526033,28.650026838432634,21.537842190016104,0.6843800322061192,0.32877079978529256
217,27.36849168008588,1.0265700483091786,12.332259796027913,4.804079441760601,3.569511540526033,28.462157809983896,21.423778851315085,0.6843800322061192,0.32877079978529256
218,27.75764895330113,1.0265700483091786,12.29200214707461,4.757112184648417,3.556092324208266,28.32125603864734,21.289586688137412,0.6709608158883521,0.32877079978529256
219,27.87842190016103,1.0265700483091786,12.27187332259796,4.74369296833065,3.556092324208266,28.23403113258186,21.289586688137412,0.6709608158883521,0.32877079978529256
220,28.23403113258186,1.0265700483091786,11.943102522812667,4.74369296833065,3.8043478260869565,28.059581320450885,21.195652173913043,0.6709608158883521,0.322061191626409
221,28.502415458937197,1.0265700483091786,11.862587224906065,4.723564143853999,3.750670960815888,27.985775630703166,21.155394524959743,0.6709608158883521,0.322061191626409
222,28.569511540526033,1.0265700483091786,11.862587224906065,4.522275899087493,3.750670960815888,27.737520128824478,21.55126140633387,0.6575415995705851,0.322061191626409
223,29.07944176060118,1.0265700483091786,11.782071926999464,4.522275899087493,3.656736446591519,27.449006977992486,21.504294149221685,0.6575415995705851,0.322061191626409
224,29.361245303274288,1.0265700483091786,11.681427804616211,4.49543746645196,3.629898013955985,27.361782071927,21.464036500268385,0.6575415995705851,0.322061191626409
225,29.61621041331186,1.0265700483091786,11.647879763821793,4.40150295222759,3.629898013955985,27.241009125067094,21.4573268921095,0.6575415995705851,0.322061191626409
226,29.69001610305958,1.0265700483091786,11.60762211486849,5.0791733762748255,3.616478797638218,26.630434782608695,21.370101986044016,0.6575415995705851,0.322061191626409
227,29.965110037573805,1.0265700483091786,11.56736446591519,5.065754159957058,3.616478797638218,26.435856146001072,21.34326355340848,0.6575415995705851,0.322061191626409
228,29.53569511540526,1.0265700483091786,10.849436392914654,4.62962962962963,3.6097691894793345,26.308373590982285,23.060923242082662,0.6575415995705851,0.322061191626409
229,29.683306494900698,1.0265700483091786,10.795759527643586,4.616210413311863,3.6097691894793345,26.288244766505635,23.00053676865271,0.6575415995705851,0.322061191626409
230,29.837627482555018,1.0265700483091786,10.768921095008052,4.609500805152979,3.6097691894793345,26.234567901234566,22.96027911969941,0.630703166935051,0.322061191626409
231,30.112721417069242,1.0265700483091786,10.748792270531402,4.609500805152979,3.5091250670960816,26.1808910359635,22.859634997316157,0.630703166935051,0.322061191626409
232,30.287171229200215,1.0265700483091786,10.701825013419215,4.609500805152979,3.4957058507783145,26.113794954374665,22.81266774020397,0.630703166935051,0.322061191626409
233,30.730005367686527,1.0265700483091786,10.668276972624799,4.582662372517445,4.408212560386473,25.308641975308642,22.363123993558776,0.630703166935051,0.28180354267310787
234,30.864197530864196,1.0064412238325282,10.668276972624799,4.555823939881911,4.408212560386473,25.248255501878692,22.33628556092324,0.630703166935051,0.28180354267310787
235,31.13929146537842,1.0064412238325282,10.59447128287708,4.555823939881911,4.394793344068707,25.194578636607623,22.20209339774557,0.630703166935051,0.28180354267310787
236,31.246645195920557,1.0064412238325282,10.581052066559312,4.542404723564144,4.394793344068707,25.120772946859905,22.19538378958669,0.630703166935051,0.28180354267310787
237,31.45464304884595,1.0064412238325282,11.144659151905529,4.139828234031133,4.394793344068707,24.792002147074612,22.15512614063339,0.630703166935051,0.28180354267310787
238,31.568706387546968,1.0064412238325282,11.11111111111111,4.139828234031133,4.38137412775094,24.778582930756844,22.10144927536232,0.630703166935051,0.28180354267310787
239,31.790123456790123,1.0064412238325282,11.084272678475577,4.139828234031133,4.361245303274289,24.63768115942029,22.067901234567902,0.630703166935051,0.28180354267310787
240,32.06521739130435,1.0064412238325282,11.030595813204508,4.106280193236715,4.3545356951154055,24.59742351046699,21.926999463231347,0.630703166935051,0.28180354267310787
241,32.1658615136876,1.0064412238325282,11.030595813204508,4.106280193236715,4.3478260869565215,24.56387546967257,21.866612989801396,0.630703166935051,0.28180354267310787
