,45,50,55,54,52,53,56,51,59,58,60,57
0,99.88593666129898,0.11406333870101985,,,,,,,,,,
1,98.10789049919485,1.892109500805153,,,,,,,,,,
2,97.77911969940955,2.2208803005904456,,,,,,,,,,
3,97.8395061728395,2.1604938271604937,,,,,,,,,,
4,97.35641438539989,2.6435856146001075,,,,,,,,,,
5,75.19457863660762,24.651100375738057,0.15432098765432098,,,,,,,,,
6,75.13419216317767,24.4699409554482,0.2549651100375738,0.14090177133655393,,,,,,,,
7,72.36983360171766,27.234299516908212,0.2549651100375738,0.14090177133655393,,,,,,,,
8,72.49060654857756,27.113526570048307,0.2549651100375738,0.14090177133655393,,,,,,,,
9,43.4447128287708,56.15942028985507,0.2549651100375738,0.14090177133655393,,,,,,,,
10,43.572195383789584,55.79039184111648,0.49651100375738055,0.14090177133655393,,,,,,,,
11,43.86070853462158,53.616478797638216,2.314814814814815,0.14090177133655393,0.06709608158883522,,,,,,,
12,43.994900697799245,53.48228663446055,2.314814814814815,0.14090177133655393,0.06709608158883522,,,,,,,
13,44.115673644659154,53.37493290391841,2.301395598497048,0.14090177133655393,0.06709608158883522,,,,,,,
14,44.08212560386473,48.35614600107354,2.073268921095008,2.6972624798711755,0.06709608158883522,2.7241009125067097,,,,,,
15,41.59286097691895,50.88566827697262,2.1269457863660763,2.6838432635534084,0.06709608158883522,2.6435856146001075,,,,,,
16,41.7337627482555,50.76489533011272,2.046430488459474,2.7442297369833604,0.06709608158883522,2.6435856146001075,,,,,,
17,40.64680622651637,51.610305958132045,2.1806226516371443,2.8515834675254963,0.06709608158883522,2.6435856146001075,,,,,,
18,39.2914653784219,52.844873859366615,2.100107353730542,2.771068169618894,0.06709608158883522,2.9253891572732154,,,,,,
19,39.418947933440684,50.30193236714976,2.26784755770263,3.260869565217391,0.06709608158883522,4.683306494900698,,,,,,
20,39.61352657004831,50.02012882447665,2.26784755770263,3.3145464304884595,0.06709608158883522,4.562533548040794,0.15432098765432098,,,,,
21,39.331723027375205,46.202361782071925,2.26784755770263,2.965646806226516,0.06709608158883522,3.388352120236178,0.15432098765432098,5.622651637144391,,,,
22,39.64036500268384,45.779656468062264,2.3886205045625335,2.965646806226516,0.18115942028985507,3.388352120236178,0.15432098765432098,5.501878690284487,,,,
23,38.09044551798175,46.98067632850242,2.3617820719269993,3.0193236714975846,0.18115942028985507,3.9318303811057436,0.11406333870101985,5.320719269994632,,,,
24,36.39291465378422,45.591787439613526,4.9651100375738055,3.4017713365539453,0.3488996242619431,3.9318303811057436,0.11406333870101985,5.253623188405797,,,,
25,33.9975845410628,44.22973698336017,4.904723564143854,4.924852388620504,0.47638217928073,3.770799785292539,0.11406333870101985,7.581857219538379,,,,
26,33.72920021470746,42.330917874396135,5.045625335480408,4.374664519592056,0.5367686527106817,3.743961352657005,0.24825550187869028,9.990606548577563,,,,
27,32.749597423510465,43.4447128287708,4.9651100375738055,4.3478260869565215,0.5367686527106817,3.743961352657005,0.24825550187869028,9.96376811594203,,,,
28,30.97826086956522,39.09688674181428,3.9519592055823938,7.179280730005368,4.978529253891573,3.603059581320451,0.24825550187869028,9.96376811594203,,,,
29,31.273483628556093,38.93585614600107,3.9519592055823938,7.03166935050993,4.978529253891573,3.5829307568438002,0.33548040794417605,9.762479871175524,0.14761137949543746,,,
30,31.273483628556093,37.37251744498121,5.548845947396672,6.91760601180891,4.978529253891573,3.5829307568438002,0.33548040794417605,9.842995169082126,0.14761137949543746,,,
31,31.582125603864736,36.902844873859365,5.689747718733226,6.937734836285561,4.944981213097155,3.5829307568438002,0.33548040794417605,9.762479871175524,0.2616747181964573,,,
32,31.689479334406872,35.18518518518518,6.89747718733226,7.085346215780999,4.944981213097155,3.5829307568438002,0.33548040794417605,10.017444981213098,0.2616747181964573,,,
33,32.15915190552872,35.01073537305421,6.837090713902308,7.085346215780999,4.944981213097155,3.5628019323671496,0.30193236714975846,9.836285560923242,0.2616747181964573,,,
34,32.41411701556629,34.76247987117552,6.810252281266774,7.179280730005368,4.944981213097155,3.435319377348363,0.4092860976918948,9.782608695652174,0.2616747181964573,,,
35,32.44095544820183,34.76918947933441,6.810252281266774,7.179280730005368,5.0791733762748255,3.4286097691894795,0.4025764895330113,9.628287707997853,0.2616747181964573,,,
36,32.1658615136876,34.01100375738057,6.810252281266774,6.964573268921095,8.279656468062266,2.2879763821792807,0.46967257112184646,8.628556092324208,0.2616747181964573,0.12077294685990338,,
37,32.39398819108964,33.863392377885134,7.179280730005368,6.649221685453569,8.232689210950081,2.227589908749329,0.46967257112184646,8.601717659688674,0.2616747181964573,0.12077294685990338,,
38,27.945517981749866,37.204777241009126,7.0383789586688135,8.017981749865807,8.152173913043478,2.227589908749329,0.46967257112184646,8.454106280193237,0.2616747181964573,0.12077294685990338,0.10735373054213634,
39,28.462157809983896,36.862587224906065,6.957863660762212,7.96430488459474,8.152173913043478,2.2208803005904456,0.46967257112184646,8.420558239398819,0.2616747181964573,0.12077294685990338,0.10735373054213634,
40,28.5426731078905,36.540526033279654,7.185990338164252,8.621846484165324,8.152173913043478,2.2208803005904456,0.46967257112184646,7.816693505099302,0.2616747181964573,0.12077294685990338,0.06709608158883522,
41,28.884863123993558,36.231884057971016,7.185990338164252,8.628556092324208,8.111916264090176,2.2208803005904456,0.46967257112184646,7.816693505099302,0.2616747181964573,0.12077294685990338,0.06709608158883522,
42,28.307836822329577,34.46725711218465,6.857219538378959,9.057971014492754,6.125872249060655,4.924852388620504,0.46296296296296297,9.373322597960279,0.23483628556092323,0.12077294685990338,0.06709608158883522,
43,28.395061728395063,34.15861513687601,7.1725711218464845,9.057971014492754,6.085614600107354,4.924852388620504,0.46296296296296297,9.31964573268921,0.23483628556092323,0.12077294685990338,0.06709608158883522,
44,28.455448201825014,34.07139023081052,7.1725711218464845,9.024422973698336,5.589103596349974,4.998658078368224,0.9460547504025765,9.31964573268921,0.23483628556092323,0.12077294685990338,0.06709608158883522,
45,28.764090177133657,33.87010198604401,7.139023081052066,9.024422973698336,5.555555555555555,4.998658078368224,0.9460547504025765,9.27938808373591,0.23483628556092323,0.12077294685990338,0.06709608158883522,
46,29.045893719806763,33.675523349436396,7.139023081052066,9.024422973698336,5.555555555555555,4.985238862050457,0.9460547504025765,9.205582393988191,0.23483628556092323,0.12077294685990338,0.06709608158883522,
47,29.435050993022006,32.70263016639828,5.790391841116479,11.07085346215781,5.501878690284487,4.985238862050457,0.9460547504025765,9.145195920558239,0.23483628556092323,0.12077294685990338,0.06709608158883522,
48,29.066022544283413,30.421363392377884,5.917874396135265,10.943370907139023,5.146269457863661,7.769726247987117,0.9460547504025765,9.125067096081589,0.23483628556092323,0.08051529790660225,0.06709608158883522,0.28180354267310787
49,28.844605475040257,30.683038110574344,5.917874396135265,10.93666129898014,5.112721417069243,7.769726247987117,0.9460547504025765,9.125067096081589,0.23483628556092323,0.08051529790660225,0.06709608158883522,0.28180354267310787
50,28.99892646269458,30.54213633923779,5.917874396135265,10.93666129898014,5.112721417069243,7.769726247987117,0.9460547504025765,9.111647879763822,0.23483628556092323,0.08051529790660225,0.06709608158883522,0.28180354267310787
51,29.11969940955448,28.92512077294686,5.877616747181965,12.674449812130971,5.072463768115942,7.763016639828234,0.9460547504025765,8.970746108427267,0.23483628556092323,0.08051529790660225,0.06709608158883522,0.2683843263553409
52,28.462157809983896,28.904991948470208,5.870907139023081,12.667740203972087,5.032206119162641,7.749597423510467,0.8387010198604401,9.822866344605474,0.23483628556092323,0.08051529790660225,0.06709608158883522,0.2683843263553409
53,28.61647879763822,28.951959205582394,5.870907139023081,12.634192163177671,5.0791733762748255,7.890499194847021,0.8387010198604401,9.46725711218465,0.23483628556092323,0.08051529790660225,0.06709608158883522,0.2683843263553409
54,28.77079978529254,28.60305958132045,5.656199677938808,12.446323134728932,6.4412238325281805,7.2933440687063875,0.8387010198604401,9.433709071390231,0.23483628556092323,0.08051529790660225,0.06709608158883522,0.13419216317767044
55,28.26086956521739,28.99892646269458,5.515297906602254,13.110574342458401,6.0654857756307035,7.25979602791197,0.8387010198604401,9.353193773483628,0.23483628556092323,0.1610305958132045,0.06709608158883522,0.13419216317767044
56,28.878153515834676,28.549382716049383,5.850778314546431,13.009930220075148,5.642780461621041,7.387278582930757,0.8387010198604401,9.245840042941492,0.23483628556092323,0.1610305958132045,0.06709608158883522,0.13419216317767044
57,25.758185721953836,34.225711218464845,5.83064949006978,12.922705314009661,5.5756843800322065,6.937734836285561,0.8387010198604401,7.313472893183038,0.23483628556092323,0.1610305958132045,0.06709608158883522,0.13419216317767044
58,25.89237788513151,34.05126140633387,5.8239398819108965,12.869028448738593,5.548845947396672,6.937734836285561,0.8387010198604401,7.440955448201825,0.23483628556092323,0.1610305958132045,0.06709608158883522,0.13419216317767044
59,25.55018786902845,30.797101449275363,5.662909286097692,14.76784755770263,7.816693505099302,6.689479334406871,0.785024154589372,7.333601717659689,0.23483628556092323,0.1610305958132045,0.06709608158883522,0.13419216317767044
60,25.288513150831992,30.42807300053677,5.649490069779925,16.384863123993558,7.7831454643048845,5.911164787976382,0.785024154589372,7.1725711218464845,0.23483628556092323,0.1610305958132045,0.06709608158883522,0.13419216317767044
61,25.751476113794954,30.17981749865808,5.649490069779925,16.35131508319914,7.682501341921632,5.884326355340848,0.785024154589372,7.118894256575416,0.23483628556092323,0.1610305958132045,0.06709608158883522,0.13419216317767044
62,25.91250670960816,30.12614063338701,5.636070853462158,16.27750939345142,7.675791733762749,5.884326355340848,0.785024154589372,7.105475040257649,0.23483628556092323,0.1610305958132045,0.06709608158883522,0.13419216317767044
63,25.845410628019323,29.871175523349436,5.636070853462158,15.942028985507246,8.11862587224906,6.018518518518518,0.785024154589372,7.199409554482019,0.2214170692431562,0.1610305958132045,0.06709608158883522,0.13419216317767044
64,23.58427267847558,29.032474503488995,5.542136339237788,13.593666129898015,7.0383789586688135,9.232420826623725,1.2077294685990339,10.185185185185185,0.2214170692431562,0.1610305958132045,0.06709608158883522,0.13419216317767044
65,24.040526033279658,28.817767042404725,5.595813204508857,13.506441223832528,6.998121309715513,9.064680622651638,1.2077294685990339,10.185185185185185,0.2214170692431562,0.1610305958132045,0.06709608158883522,0.13419216317767044
66,24.114331723027377,28.468867418142782,6.367418142780462,10.990338164251208,6.951154052603328,10.19189479334407,1.2077294685990339,11.18491680085883,0.1610305958132045,0.1610305958132045,0.06709608158883522,0.13419216317767044
67,24.18142780461621,28.29441760601181,6.353998926462695,10.990338164251208,6.89747718733226,10.19189479334407,1.3083735909822867,11.258722490606548,0.1610305958132045,0.1610305958132045,0.06709608158883522,0.13419216317767044
68,22.416800858829845,27.999194847020934,6.333870101986044,10.581052066559312,6.89747718733226,12.929414922168545,1.107085346215781,11.211755233494364,0.1610305958132045,0.1610305958132045,0.06709608158883522,0.13419216317767044
69,22.20209339774557,26.496242619431026,6.072195383789587,10.534084809447128,7.555018786902845,12.117552334943639,1.107085346215781,13.325281803542673,0.1610305958132045,0.1610305958132045,0.06709608158883522,0.20128824476650564
70,22.376543209876544,26.422436929683307,6.1929683306494905,10.567632850241546,7.4141170155662905,12.04374664519592,1.107085346215781,13.285024154589372,0.1610305958132045,0.1610305958132045,0.06709608158883522,0.20128824476650564
71,22.436929683306495,25.59044551798175,6.0654857756307035,10.48040794417606,7.226247987117552,13.33870101986044,1.107085346215781,13.16425120772947,0.1610305958132045,0.1610305958132045,0.06709608158883522,0.20128824476650564
72,21.638486312399355,24.40955448201825,5.622651637144391,9.88996242619431,11.43317230273752,11.064143853998926,1.06682769726248,14.231078904991948,0.1610305958132045,0.1610305958132045,0.06709608158883522,0.2549651100375738
73,21.64519592055824,23.758722490606548,5.4549114331723025,9.594739667203436,12.949543746645196,10.795759527643586,1.1540526033279657,14.002952227589908,0.1610305958132045,0.1610305958132045,0.06709608158883522,0.2549651100375738
74,21.309715512614062,21.18894256575416,4.394793344068707,9.5276435856146,15.411969940955448,10.63472893183038,1.1540526033279657,15.854804079441761,0.1610305958132045,0.08051529790660225,0.026838432635534086,0.2549651100375738
75,21.618357487922705,21.048040794417606,4.49543746645196,9.453837895866881,15.398550724637682,10.466988727858293,1.1540526033279657,15.841384863123993,0.1610305958132045,0.08051529790660225,0.026838432635534086,0.2549651100375738
76,21.69887278582931,20.994363929146537,4.49543746645196,9.292807300053678,15.378421900161031,10.466988727858293,1.1540526033279657,15.841384863123993,0.1610305958132045,0.08051529790660225,0.026838432635534086,0.4092860976918948
77,22.067901234567902,20.8467525496511,4.40150295222759,9.27938808373591,14.61352657004831,11.668008588298443,1.1540526033279657,15.291196994095545,0.1610305958132045,0.08051529790660225,0.026838432635534086,0.4092860976918948
78,22.29602791196994,20.799785292538918,4.40150295222759,9.219001610305957,14.600107353730541,11.614331723027375,1.1540526033279657,15.237520128824476,0.1610305958132045,0.08051529790660225,0.026838432635534086,0.4092860976918948
79,22.15512614063339,20.095276435856146,4.582662372517445,9.359903381642512,15.827965646806227,11.18491680085883,1.0131508319914118,15.143585614600108,0.1610305958132045,0.08051529790660225,0.026838432635534086,0.36902844873859364
80,22.342995169082126,20.021470746108427,4.549114331723027,9.359903381642512,15.814546430488459,11.18491680085883,1.0131508319914118,15.076489533011273,0.1610305958132045,0.08051529790660225,0.026838432635534086,0.36902844873859364
81,22.14170692431562,19.95437466451959,4.669887278582931,9.29951690821256,12.97638217928073,10.762211486849168,0.7179280730005367,18.86070853462158,0.1610305958132045,0.08051529790660225,0.026838432635534086,0.3488996242619431
82,22.423510466988727,19.90740740740741,4.7638217928073,9.286097691894794,12.909286097691895,10.715244229736983,0.8051529790660226,18.57890499194847,0.1610305958132045,0.08051529790660225,0.026838432635534086,0.3421900161030596
83,23.020665593129362,19.524959742351047,4.757112184648417,9.27938808373591,12.842190016103059,10.674986580783683,0.8051529790660226,18.49838969404187,0.1610305958132045,0.08051529790660225,0.013419216317767043,0.3421900161030596
84,23.295759527643586,19.45115405260333,4.750402576489533,9.265968867418144,15.029522275899087,10.674986580783683,0.8051529790660226,16.129898013955984,0.1610305958132045,0.08051529790660225,0.013419216317767043,0.3421900161030596
85,23.537305421363392,19.28341384863124,4.750402576489533,9.265968867418144,14.9020397208803,10.681696188942565,0.8051529790660226,16.029253891572733,0.1610305958132045,0.08051529790660225,0.013419216317767043,0.48980139559849706
86,23.792270531400966,19.196188942565755,4.736983360171766,9.245840042941492,14.855072463768115,10.581052066559312,0.9326355340848095,15.915190552871712,0.1610305958132045,0.08051529790660225,0.013419216317767043,0.48980139559849706
87,24.08078368223296,19.07541599570585,4.7101449275362315,9.346484165324744,14.78797638217928,10.46027911969941,0.9326355340848095,15.861513687600644,0.1610305958132045,0.08051529790660225,0.013419216317767043,0.48980139559849706
88,24.416264090177133,18.92109500805153,4.7101449275362315,9.245840042941492,14.781266774020397,10.433440687063875,0.9326355340848095,15.814546430488459,0.1610305958132045,0.08051529790660225,0.013419216317767043,0.48980139559849706
89,24.671229200214707,18.90096618357488,4.669887278582931,9.118357487922705,14.65378421900161,10.36634460547504,0.9326355340848095,15.814546430488459,0.1610305958132045,0.08051529790660225,0.013419216317767043,0.6172839506172839
90,21.75925925925926,23.805689747718734,4.958400429414922,9.98389694041868,13.009930220075148,10.319377348362856,1.0534084809447128,14.237788513150832,0.1610305958132045,0.08051529790660225,0.013419216317767043,0.6172839506172839
91,21.87332259796028,23.678207192699947,4.958400429414922,10.091250670960816,12.969672571121846,10.319377348362856,1.0399892646269457,14.197530864197532,0.1610305958132045,0.08051529790660225,0.013419216317767043,0.6172839506172839
92,22.396672034353195,23.336017176596886,4.958400429414922,10.091250670960816,12.942834138486312,10.319377348362856,1.0265700483091786,14.056629092860977,0.1610305958132045,0.08051529790660225,0.013419216317767043,0.6172839506172839
93,22.416800858829845,23.32259796027912,5.287171229200215,9.742351046698873,12.929414922168545,10.265700483091788,1.1674718196457328,14.029790660225443,0.1274825550187869,0.08051529790660225,0.013419216317767043,0.6172839506172839
94,22.22222222222222,23.19511540526033,5.22007514761138,9.554482018250134,14.090177133655395,9.688674181427805,1.1674718196457328,14.029790660225443,0.1274825550187869,0.08051529790660225,0.013419216317767043,0.6105743424584005
95,21.36339237788513,22.69189479334407,5.173107890499195,9.447128287707997,13.593666129898015,9.601449275362318,1.1674718196457328,16.15673644659152,0.1274825550187869,0.08051529790660225,0.013419216317767043,0.5837359098228664
96,21.054750402576488,21.618357487922705,4.864465915190553,9.27938808373591,16.163446054750402,8.997584541062801,1.1674718196457328,16.13660762211487,0.1274825550187869,0.08051529790660225,0.013419216317767043,0.49651100375738055
97,21.235909822866343,21.470746108427267,4.864465915190553,9.426999463231347,16.1231884057971,8.856682769726248,1.1674718196457328,16.13660762211487,0.1274825550187869,0.08051529790660225,0.013419216317767043,0.49651100375738055
98,21.618357487922705,20.725979602791195,4.804079441760601,9.366612989801396,16.6129898013956,8.856682769726248,1.1607622114868492,16.13660762211487,0.1274825550187869,0.08051529790660225,0.013419216317767043,0.49651100375738055
99,21.464036500268385,20.551529790660226,4.636339237788513,9.380032206119163,18.129361245303276,8.910359634997317,1.1607622114868492,15.197262479871176,0.1274825550187869,0.08051529790660225,0.013419216317767043,0.3488996242619431
100,21.618357487922705,19.90740740740741,4.750402576489533,9.957058507783145,18.263553408480945,8.836553945249598,1.1607622114868492,14.935587761674718,0.1274825550187869,0.08051529790660225,0.013419216317767043,0.3488996242619431
101,22.061191626409016,19.719538378958667,4.750402576489533,9.91009125067096,18.075684380032207,8.82313472893183,1.1607622114868492,14.928878153515834,0.1274825550187869,0.08051529790660225,0.013419216317767043,0.3488996242619431
102,22.19538378958669,19.632313472893184,4.730273752012883,10.00402576489533,18.015297906602253,8.722490606548577,1.2949543746645196,14.848362855609233,0.1274825550187869,0.08051529790660225,,0.3488996242619431
103,22.517444981213096,19.6256038647343,4.676596886741814,9.970477724100913,17.773752012882447,8.628556092324208,1.42914653784219,14.700751476113794,0.1274825550187869,0.08051529790660225,,0.46967257112184646
104,20.075147611379496,17.277241009125067,4.468599033816425,9.07139023081052,16.5727321524423,8.158883521202362,1.2278582930756843,22.57783145464305,0.020128824476650563,0.08051529790660225,,0.46967257112184646
105,20.26972624798712,17.330917874396135,4.468599033816425,9.01100375738057,16.485507246376812,8.09849704777241,1.2278582930756843,22.537573805689746,0.020128824476650563,0.08051529790660225,,0.46967257112184646
106,20.813204508856682,17.297369833601717,4.441760601180891,9.01100375738057,16.418411164787976,8.064949006977992,1.1540526033279657,22.228931830381107,0.020128824476650563,0.08051529790660225,,0.46967257112184646
107,19.706119162640903,18.57890499194847,4.441760601180891,8.984165324745035,16.304347826086957,8.064949006977992,1.1540526033279657,22.19538378958669,0.020128824476650563,0.08051529790660225,,0.46967257112184646
108,20.30998389694042,18.572195383789587,4.28743961352657,8.876811594202898,16.243961352657006,7.883789586688137,1.1540526033279657,22.10144927536232,0.020128824476650563,0.08051529790660225,,0.46967257112184646
109,20.477724100912507,18.317230273752013,4.408212560386473,8.84326355340848,16.27750939345142,7.930756843800322,1.1540526033279657,22.041062801932366,0.020128824476650563,0.08051529790660225,,0.4495437466451959
110,20.511272141706925,18.089103596349972,4.300858829844337,8.84326355340848,16.0829307568438,7.924047235641439,1.0265700483091786,22.67176596886742,0.020128824476650563,0.08051529790660225,,0.4495437466451959
111,20.52469135802469,18.015297906602253,4.622920021470746,8.675523349436393,16.069511540526033,8.051529790660226,1.133923778851315,22.356414385399894,0.020128824476650563,0.08051529790660225,,0.4495437466451959
112,20.759527643585614,17.92807300053677,4.723564143853999,8.581588835212024,16.0829307568438,8.044820182501342,1.133923778851315,22.19538378958669,0.020128824476650563,0.08051529790660225,,0.4495437466451959
113,21.088298443370906,17.921363392377884,4.562533548040794,8.581588835212024,15.854804079441761,8.179012345679013,1.133923778851315,22.014224369296834,0.13419216317767044,0.08051529790660225,,0.4495437466451959
114,21.215780998389693,17.3040794417606,4.045893719806763,9.970477724100913,15.687063875469672,7.971014492753623,1.133923778851315,22.007514761137948,0.13419216317767044,0.08051529790660225,,0.4495437466451959
115,21.604938271604937,16.935050993022006,4.139828234031133,10.124798711755233,15.499194847020934,7.971014492753623,1.1205045625335481,21.940418679549115,0.13419216317767044,0.08051529790660225,,0.4495437466451959
116,21.83977455716586,16.814278046162105,4.26731078904992,10.198604401502953,15.230810520665592,7.950885668276973,1.1205045625335481,21.91358024691358,0.13419216317767044,0.08051529790660225,,0.4495437466451959
117,22.10144927536232,16.6935050993022,4.3478260869565215,10.0979602791197,15.210681696188942,7.749597423510467,1.2748255501878691,21.85990338164251,0.13419216317767044,0.08051529790660225,,0.4495437466451959
118,22.779119699409556,16.626409017713364,4.636339237788513,9.970477724100913,15.03623188405797,7.689210950080516,1.3687600644122384,21.22920021470746,0.13419216317767044,0.08051529790660225,,0.4495437466451959
119,22.73886205045625,16.53918411164788,4.864465915190553,10.131508319914117,14.989264626945786,7.561728395061729,1.3687600644122384,21.141975308641975,0.13419216317767044,0.08051529790660225,,0.4495437466451959
120,23.11460010735373,16.458668813741276,4.777241009125067,10.0979602791197,14.989264626945786,7.823403113258186,1.3687600644122384,20.705850778314545,0.13419216317767044,0.08051529790660225,,0.4495437466451959
121,23.523886205045624,16.431830381105744,4.74369296833065,10.185185185185185,14.9020397208803,7.742887815351583,1.4224369296833066,20.38378958668814,0.13419216317767044,0.08051529790660225,,0.4495437466451959
122,22.906602254428343,16.163446054750402,4.7168545356951155,10.091250670960816,13.774825550187868,7.6623725174449815,1.5230810520665594,22.537573805689746,0.13419216317767044,0.08051529790660225,,0.4092860976918948
123,23.22866344605475,15.868223295759528,4.690016103059581,9.742351046698873,14.15727321524423,7.803274288781535,1.5230810520665594,22.463768115942027,0.13419216317767044,0.08051529790660225,,0.30864197530864196
124,23.416532474503487,15.794417606011809,4.864465915190553,9.581320450885668,14.123725174449811,7.776435856146001,1.482823403113258,22.436929683306495,0.13419216317767044,0.08051529790660225,,0.30864197530864196
125,23.718464841653248,15.747450348899624,4.918142780461621,9.41358024691358,14.096886741814279,7.763016639828234,1.482823403113258,22.33628556092324,0.13419216317767044,0.08051529790660225,,0.30864197530864196
126,24.094202898550726,15.58641975308642,4.904723564143854,9.333064949006978,13.969404186795492,7.9106280193236715,1.4626945786366077,22.21551261406334,0.13419216317767044,0.08051529790660225,,0.30864197530864196
127,24.516908212560388,15.365002683843263,4.985238862050457,9.292807300053678,13.88888888888889,7.863660762211487,1.4626945786366077,22.10144927536232,0.13419216317767044,0.08051529790660225,,0.30864197530864196
128,24.550456253354803,15.217391304347826,5.0858829844337095,9.447128287707997,13.768115942028986,7.957595276435856,1.7444981213097155,21.826355340848096,0.13419216317767044,0.08051529790660225,,0.1878690284487386
129,25.194578636607623,15.203972088030058,5.065754159957058,9.312936124530328,13.747987117552334,7.6556629092860975,1.8719806763285025,21.571390230810522,0.13419216317767044,0.08051529790660225,,0.1610305958132045
130,24.84567901234568,13.298443370907139,6.139291465378422,9.118357487922705,13.45276435856146,7.64224369296833,1.8719806763285025,23.255501878690286,0.13419216317767044,0.08051529790660225,,0.1610305958132045
131,25.087224906065487,13.271604938271604,6.099033816425121,9.091519055287172,13.425925925925926,7.695920558239399,1.8719806763285025,23.081052066559312,0.13419216317767044,0.08051529790660225,,0.1610305958132045
132,25.509930220075148,13.036768652710682,6.0654857756307035,9.064680622651638,13.499731615673644,7.695920558239399,1.8719806763285025,22.879763821792807,0.13419216317767044,0.08051529790660225,,0.1610305958132045
133,26.073537305421365,12.969672571121846,6.0654857756307035,9.037842190016104,13.419216317767042,7.50805152979066,1.8719806763285025,22.6784755770263,0.13419216317767044,0.08051529790660225,,0.1610305958132045
134,26.482823403113258,13.003220611916264,6.0654857756307035,8.84326355340848,13.271604938271604,7.467793880837359,2.01959205582394,22.470477724100913,0.13419216317767044,0.08051529790660225,,0.1610305958132045
135,26.670692431561996,12.781803542673108,6.052066559312936,9.118357487922705,13.271604938271604,7.454374664519592,2.0128824476650564,22.262479871175522,0.13419216317767044,0.08051529790660225,,0.1610305958132045
136,26.34863123993559,13.902308105206655,6.005099302200751,9.01100375738057,12.922705314009661,7.387278582930757,2.0799785292538915,21.967257112184647,0.13419216317767044,0.08051529790660225,,0.1610305958132045
137,26.140633387010197,13.137412775093935,5.931293612453032,8.99087493290392,14.076757917337627,7.367149758454106,2.0799785292538915,21.91358024691358,0.13419216317767044,0.08051529790660225,,0.14761137949543746
138,26.321792807300053,13.110574342458401,5.931293612453032,8.99087493290392,14.049919484702093,7.367149758454106,2.0799785292538915,21.786097691894792,0.13419216317767044,0.08051529790660225,,0.14761137949543746
139,25.986312399355878,13.036768652710682,5.6964573268921095,10.332796564680622,13.533279656468062,7.326892109500805,1.6908212560386473,22.034353193773484,0.13419216317767044,0.08051529790660225,,0.14761137949543746
140,26.214439076757916,13.009930220075148,5.770263016639828,10.61460010735373,13.385668276972625,7.2933440687063875,1.7310789049919484,21.618357487922705,0.13419216317767044,0.08051529790660225,,0.14761137949543746
141,26.536500268384327,12.983091787439614,5.750134192163178,10.493827160493828,13.311862587224907,7.105475040257649,1.865271068169619,21.591519055287172,0.13419216317767044,0.08051529790660225,,0.14761137949543746
142,26.82501341921632,12.93612453032743,5.756843800322061,10.487117552334944,13.358829844337091,6.904186795491143,1.8853998926462694,21.484165324745035,0.13419216317767044,0.08051529790660225,,0.14761137949543746
143,26.50966183574879,12.553676865271068,5.636070853462158,9.782608695652174,14.31159420289855,7.6556629092860975,1.9793344068706387,21.20907139023081,0.13419216317767044,0.08051529790660225,,0.14761137949543746
144,26.86527106816962,12.52012882447665,5.615942028985507,9.648416532474503,14.190821256038648,7.6556629092860975,1.9793344068706387,21.162104133118625,0.13419216317767044,0.08051529790660225,,0.14761137949543746
145,27.24771873322598,12.486580783682234,5.736714975845411,9.520933977455716,14.023081052066559,7.628824476650563,1.9659151905528718,21.027911969940956,0.13419216317767044,0.08051529790660225,,0.14761137949543746
146,27.20746108427268,12.439613526570048,5.6964573268921095,9.46725711218465,13.922436929683306,7.7361782071927,2.2342995169082127,20.933977455716587,0.13419216317767044,0.08051529790660225,,0.14761137949543746
147,27.2812667740204,12.338969404186795,5.689747718733226,9.601449275362318,13.868760064412239,7.722758990874933,2.2342995169082127,20.90042941492217,0.13419216317767044,0.08051529790660225,,0.14761137949543746
148,27.536231884057973,12.184648416532475,5.622651637144391,9.64170692431562,13.976113794954374,7.648953301127214,2.2342995169082127,20.79307568438003,0.13419216317767044,0.08051529790660225,,0.14761137949543746
149,27.75764895330113,12.144390767579173,5.609232420826624,9.567901234567902,13.976113794954374,7.648953301127214,2.2342995169082127,20.699141170155663,0.13419216317767044,0.08051529790660225,,0.14761137949543746
150,28.119967793880836,12.010198604401502,5.589103596349974,9.534353193773484,13.922436929683306,7.5348899624261945,2.2342995169082127,20.69243156199678,0.13419216317767044,0.08051529790660225,,0.14761137949543746
151,27.945517981749866,11.869296833064949,5.730005367686527,9.333064949006978,13.841921631776705,7.467793880837359,2.1940418679549114,21.256038647342994,0.13419216317767044,0.08051529790660225,,0.14761137949543746
152,28.079710144927535,11.768652710681696,6.273483628556092,9.23913043478261,13.694310252281268,7.467793880837359,2.1269457863660763,20.987654320987655,0.13419216317767044,0.08051529790660225,,0.14761137949543746
153,27.63016639828234,11.60762211486849,6.072195383789587,8.293075684380032,16.14331723027375,7.4006977992485234,1.8048845947396672,20.685721953837895,0.13419216317767044,0.08051529790660225,,0.14761137949543746
154,27.865002683843265,11.466720343531938,6.105743424584004,8.387010198604402,15.579710144927537,7.4006977992485234,2.341653247450349,20.491143317230275,0.13419216317767044,0.08051529790660225,,0.14761137949543746
155,28.368223295759528,11.392914653784219,6.112453032742888,8.387010198604402,15.311325818572195,7.4006977992485234,2.314814814814815,20.35024154589372,0.13419216317767044,0.08051529790660225,,0.14761137949543746
156,28.341384863123995,11.513687600644122,6.421095008051529,8.091787439613526,15.311325818572195,7.39398819108964,2.314814814814815,20.249597423510465,0.13419216317767044,0.08051529790660225,,0.14761137949543746
157,28.381642512077295,11.513687600644122,6.407675791733762,8.232689210950081,15.311325818572195,7.39398819108964,2.314814814814815,20.081857219538378,0.13419216317767044,0.08051529790660225,,0.14761137949543746
158,28.556092324208265,11.513687600644122,6.407675791733762,8.219269994632313,15.378421900161031,7.313472893183038,2.314814814814815,19.93424584004294,0.13419216317767044,0.08051529790660225,,0.14761137949543746
159,29.186795491143318,11.3191089640365,6.447933440687064,8.158883521202362,15.250939345142244,7.273215244229737,2.26784755770263,19.732957595276435,0.13419216317767044,0.08051529790660225,,0.14761137949543746
160,29.502147074610843,11.312399355877616,6.561996779388084,8.13875469672571,15.177133655394526,7.226247987117552,2.26784755770263,19.45115405260333,0.13419216317767044,0.08051529790660225,,0.14761137949543746
161,29.8040794417606,11.16478797638218,6.723027375201288,8.179012345679013,15.029522275899087,7.085346215780999,2.26784755770263,19.269994632313473,0.13419216317767044,0.08051529790660225,,0.2616747181964573
162,27.509393451422437,10.25228126677402,6.655931293612453,7.96430488459474,14.15727321524423,6.763285024154589,2.328234031132582,23.825818572195384,0.13419216317767044,0.08051529790660225,,0.32877079978529256
163,27.549651100375737,10.198604401502953,6.6827697262479875,8.044820182501342,14.123725174449811,6.863929146537842,2.328234031132582,23.66478797638218,0.13419216317767044,0.08051529790660225,,0.32877079978529256
164,26.972624798711756,10.050993022007514,6.66935050993022,7.897208803005904,12.95625335480408,6.528448738593666,2.1135265700483092,26.268115942028984,0.13419216317767044,0.08051529790660225,,0.32877079978529256
165,27.160493827160494,10.050993022007514,6.629092860976919,7.897208803005904,12.909286097691895,6.508319914117015,2.1135265700483092,26.187600644122384,0.13419216317767044,0.08051529790660225,,0.32877079978529256
166,27.079978529253893,9.970477724100913,6.729736983360172,7.98443370907139,12.754965110037574,6.729736983360172,2.1135265700483092,26.093666129898015,0.13419216317767044,0.08051529790660225,,0.32877079978529256
167,27.34836285560923,9.863123993558776,6.6760601180891035,7.977724100912507,12.754965110037574,6.696188942565755,2.1135265700483092,26.02657004830918,0.13419216317767044,0.08051529790660225,,0.32877079978529256
168,27.596618357487923,9.675254965110037,6.763285024154589,7.950885668276973,12.754965110037574,6.696188942565755,2.1135265700483092,25.905797101449274,0.13419216317767044,0.08051529790660225,,0.32877079978529256
169,28.012614063338702,9.333064949006978,6.696188942565755,9.494095544820183,11.614331723027375,6.696188942565755,2.0128824476650564,25.670960815888353,0.13419216317767044,0.08051529790660225,,0.2549651100375738
170,28.428609769189478,9.29951690821256,6.6827697262479875,9.473966720343531,11.500268384326356,6.615673644659152,1.9860440150295222,25.543478260869566,0.13419216317767044,0.08051529790660225,,0.2549651100375738
171,28.589640365002683,9.272678475577026,6.910896403650026,9.473966720343531,11.553945249597424,6.588835212023618,2.0397208803005906,25.10064412238325,0.13419216317767044,0.08051529790660225,,0.2549651100375738
172,29.260601180891037,9.225711218464841,6.843800322061192,9.473966720343531,11.52710681696189,6.394256575415996,2.0397208803005906,24.765163714439076,0.13419216317767044,0.08051529790660225,,0.2549651100375738
173,29.49543746645196,9.084809447128288,6.877348362855609,9.359903381642512,11.372785829307569,6.394256575415996,2.1940418679549114,24.651100375738057,0.23483628556092323,0.08051529790660225,,0.2549651100375738
174,29.810789049919485,8.997584541062801,6.8035426731078905,9.252549651100376,11.258722490606548,6.461352657004831,2.1940418679549114,24.651100375738057,0.23483628556092323,0.08051529790660225,,0.2549651100375738
175,29.87788513150832,8.977455716586151,7.03166935050993,9.373322597960279,11.131239935587761,6.447933440687064,2.15378421900161,24.436392914653783,0.23483628556092323,0.08051529790660225,,0.2549651100375738
176,29.944981213097154,8.917069243156199,6.991411701556629,9.31964573268921,11.124530327428879,6.474771873322598,2.4691358024691357,24.188137412775095,0.23483628556092323,0.08051529790660225,,0.2549651100375738
177,30.703166935050994,8.722490606548577,6.944444444444445,9.272678475577026,11.057434245840042,6.427804616210413,2.4691358024691357,23.832528180354267,0.23483628556092323,0.08051529790660225,,0.2549651100375738
178,30.917874396135264,8.628556092324208,6.9243156199677935,9.326355340848094,11.07085346215781,6.353998926462695,2.4557165861513686,23.752012882447666,0.23483628556092323,0.08051529790660225,,0.2549651100375738
179,30.340848094471284,8.55475040257649,6.890767579173376,9.05126140633387,11.218464841653248,6.286902844873859,2.5966183574879227,24.490069779924852,0.23483628556092323,0.08051529790660225,,0.2549651100375738
180,30.823939881910896,8.521202361782072,6.890767579173376,8.883521202361782,11.11111111111111,6.233225979602791,2.5966183574879227,24.36929683306495,0.23483628556092323,0.08051529790660225,,0.2549651100375738
181,30.83064949006978,8.340042941492216,6.6827697262479875,8.809715512614064,12.808641975308642,5.4549114331723025,2.6637144390767578,23.96672034353194,0.12077294685990338,0.08051529790660225,,0.24154589371980675
182,31.146001073537306,8.319914117015566,6.6760601180891035,8.702361782071927,12.553676865271068,5.448201825013419,2.7241009125067097,23.98684916800859,0.12077294685990338,0.08051529790660225,,0.24154589371980675
183,31.199677938808374,8.299785292538916,6.655931293612453,8.715780998389693,13.875469672571121,5.421363392377885,2.563070316693505,22.82608695652174,0.12077294685990338,0.08051529790660225,,0.24154589371980675
184,31.19296833064949,8.21256038647343,6.743156199677939,8.809715512614064,13.855340848094471,5.488459473966721,2.5429414922168547,22.71202361782072,0.12077294685990338,0.08051529790660225,,0.24154589371980675
185,31.42109500805153,8.21256038647343,6.736446591519055,8.809715512614064,13.821792807300053,5.488459473966721,2.5429414922168547,22.57783145464305,0.12077294685990338,0.08051529790660225,,0.1878690284487386
186,31.50161030595813,8.21256038647343,6.320450885668277,8.789586688137414,13.633923778851315,5.46833064949007,2.5429414922168547,23.141438539989263,0.12077294685990338,0.08051529790660225,,0.1878690284487386
187,31.696188942565755,8.21256038647343,6.3070316693505095,8.682232957595277,13.620504562533547,5.495169082125604,2.5429414922168547,23.05421363392378,0.12077294685990338,0.08051529790660225,,0.1878690284487386
188,32.018250134192165,8.172302737520129,6.273483628556092,8.440687063875469,13.439345142243694,5.730005367686527,2.5295222758990876,23.007246376811594,0.12077294685990338,0.08051529790660225,,0.1878690284487386
189,30.03220611916264,8.145464304884594,6.045356951154052,7.709339774557166,15.546162104133119,5.314009661835748,2.1940418679549114,24.63768115942029,0.10735373054213634,0.08051529790660225,,0.1878690284487386
190,29.817498658078367,8.13875469672571,5.911164787976382,7.581857219538379,17.156468062265162,4.817498658078368,2.1604938271604937,24.060654857756308,0.10735373054213634,0.08051529790660225,,0.16774020397208803
191,30.059044551798173,8.031400966183575,5.897745571658615,7.541599570585078,17.07595276435856,4.810789049919484,2.2745571658615136,23.95330112721417,0.10735373054213634,0.08051529790660225,,0.16774020397208803
192,29.448470209339774,7.742887815351583,5.897745571658615,7.50805152979066,16.881374127750938,4.522275899087493,2.3886205045625335,25.254965110037574,0.10735373054213634,0.08051529790660225,,0.16774020397208803
193,28.75067096081589,7.716049382716049,5.837359098228664,6.9243156199677935,16.780730005367687,4.247181964573269,2.200751476113795,27.200751476113794,0.10735373054213634,0.08051529790660225,,0.15432098765432098
194,28.904991948470208,7.608695652173913,5.837359098228664,7.071926999463232,16.59957058507783,4.3478260869565215,2.1806226516371443,27.106816961889425,0.10735373054213634,0.08051529790660225,,0.15432098765432098
195,29.2337627482555,7.601986044015029,5.790391841116479,6.964573268921095,16.59957058507783,4.300858829844337,2.1806226516371443,26.986044015029524,0.10735373054213634,0.08051529790660225,,0.15432098765432098
196,29.441760601180892,7.548309178743962,5.958132045088567,6.964573268921095,16.445249597423512,4.280730005367687,2.1806226516371443,26.838432635534083,0.10735373054213634,0.08051529790660225,,0.15432098765432098
197,29.60950080515298,7.474503488996243,5.924584004294149,7.051798174986581,16.418411164787976,4.394793344068707,2.1806226516371443,26.603596349973163,0.10735373054213634,0.08051529790660225,,0.15432098765432098
198,29.837627482555018,7.4006977992485234,5.797101449275362,7.266505636070853,16.31105743424584,4.388083735909823,2.15378421900161,26.50295222758991,0.10735373054213634,0.08051529790660225,,0.15432098765432098
