,45,50,55,51,52,54,53,56,58,60,57,61,59,46
0,85.2187332259796,14.727589908749328,0.05367686527106817,,,,,,,,,,,
1,81.81696188942566,18.129361245303276,0.05367686527106817,,,,,,,,,,,
2,81.32045088566828,18.59903381642512,0.05367686527106817,0.026838432635534086,,,,,,,,,,
3,78.73725174449812,21.195652173913043,0.026838432635534086,0.026838432635534086,0.013419216317767043,,,,,,,,,
4,76.38217928073,22.73215244229737,0.026838432635534086,0.026838432635534086,0.5434782608695652,0.2885131508319914,,,,,,,,
5,75.90579710144928,23.2085346215781,0.026838432635534086,0.026838432635534086,0.5434782608695652,0.2885131508319914,,,,,,,,
6,62.78851315083199,36.24530327428878,0.0939345142243693,0.026838432635534086,0.5434782608695652,0.2885131508319914,0.013419216317767043,,,,,,,
7,61.60762211486849,33.54804079441761,0.35560923242082665,3.488996242619431,0.5770263016639828,0.4092860976918948,0.013419216317767043,,,,,,,
8,56.81025228126678,38.84192163177671,0.5367686527106817,2.757648953301127,0.5367686527106817,0.46296296296296297,0.05367686527106817,,,,,,,
9,56.816961889425656,38.801663982823406,0.5703166935050993,2.757648953301127,0.5367686527106817,0.46296296296296297,0.05367686527106817,,,,,,,
10,56.82367149758454,38.73456790123457,0.6038647342995169,2.757648953301127,0.5367686527106817,0.48980139559849706,0.05367686527106817,,,,,,,
11,56.93102522812668,38.62721417069243,0.6038647342995169,2.757648953301127,0.5367686527106817,0.48980139559849706,0.05367686527106817,,,,,,,
12,48.28234031132582,47.416800858829845,0.7380568974771873,2.657004830917874,0.5367686527106817,0.3153515834675255,0.05367686527106817,,,,,,,
13,39.46591519055287,43.612453032742884,0.5904455179817498,15.4723564143854,0.5032206119162641,0.3153515834675255,0.040257648953301126,,,,,,,
14,39.781266774020395,43.323939881910896,0.6575415995705851,15.378421900161031,0.5032206119162641,0.3153515834675255,0.040257648953301126,,,,,,,
15,39.71417069243156,41.87466451959206,0.6508319914117016,14.600107353730541,2.804616210413312,0.3153515834675255,0.040257648953301126,,,,,,,
16,36.594202898550726,44.18276972624799,0.7648953301127214,15.344873859366613,2.757648953301127,0.3153515834675255,0.040257648953301126,,,,,,,
17,30.56226516371444,41.18357487922705,3.455448201825013,19.94766505636071,4.468599033816425,0.3153515834675255,0.040257648953301126,0.026838432635534086,,,,,,
18,25.603864734299517,46.26945786366076,3.69699409554482,19.726247987117553,4.300858829844337,0.33548040794417605,0.040257648953301126,0.026838432635534086,,,,,,
19,19.81347289318304,41.82769726247987,1.7579173376274826,29.911433172302736,5.9447128287707995,0.05367686527106817,0.6642512077294686,0.026838432635534086,,,,,,
20,18.51851851851852,50.24154589371981,1.570048309178744,23.637949543746647,5.911164787976382,0.05367686527106817,,0.06709608158883522,,,,,,
21,16.639828234031132,40.734031132581855,1.5230810520665594,36.761943102522814,4.17337627482555,0.026838432635534086,0.03354804079441761,0.10735373054213634,,,,,,
22,16.82769726247987,36.61433172302738,1.556629092860977,34.31964573268921,4.17337627482555,0.026838432635534086,6.380837359098229,0.10064412238325282,,,,,,
23,17.002147074610843,35.42002147074611,2.818035426731079,34.09151905528717,4.139828234031133,0.05367686527106817,6.320450885668277,0.1274825550187869,0.026838432635534086,,,,,
24,12.406065485775631,27.355072463768117,2.61003757380569,47.5979602791197,3.535963499731616,0.06709608158883522,6.286902844873859,0.11406333870101985,0.026838432635534086,,,,,
25,12.533548040794418,27.314814814814813,2.6502952227589907,47.34299516908212,3.535963499731616,0.06709608158883522,6.246645195920558,0.2281266774020397,0.05367686527106817,0.026838432635534086,,,,
26,10.373054213633925,24.490069779924852,2.9119699409554483,52.05984970477724,3.5091250670960816,0.06709608158883522,6.1929683306494905,0.2616747181964573,0.08051529790660225,0.026838432635534086,0.026838432635534086,,,
27,10.560923242082662,24.4296833064949,2.965646806226516,51.83843263553408,3.5091250670960816,0.06709608158883522,6.179549114331723,0.3153515834675255,0.08051529790660225,0.026838432635534086,0.026838432635534086,,,
28,10.903113258185721,24.194847020933977,2.9723564143853998,51.47611379495437,3.5426731078904994,0.0939345142243693,6.179549114331723,0.5032206119162641,0.08051529790660225,0.026838432635534086,0.026838432635534086,,,
29,11.057434245840042,24.14117015566291,2.9723564143853998,51.268115942028984,3.5426731078904994,0.0939345142243693,6.1929683306494905,0.5971551261406334,0.08051529790660225,0.026838432635534086,0.026838432635534086,,,
30,11.017176596886742,24.00697799248524,2.9924852388620504,53.38164251207729,3.5225442834138487,0.0939345142243693,4.247181964573269,0.6105743424584005,0.05367686527106817,0.026838432635534086,0.04696725711218465,,,
31,11.117820719269995,24.000268384326354,2.9924852388620504,52.91196994095545,3.515834675254965,0.4428341384863124,4.341116478797638,0.5501878690284487,0.05367686527106817,0.026838432635534086,0.04696725711218465,,,
32,11.117820719269995,22.86634460547504,2.227589908749329,47.557702630166396,10.607890499194847,0.41599570585077833,4.334406870638754,0.5837359098228664,0.05367686527106817,0.026838432635534086,0.20799785292538917,,,
33,10.19189479334407,23.886205045625335,2.428878153515835,47.16183574879227,10.520665593129362,0.43612453032742887,4.320987654320987,0.7648953301127214,0.05367686527106817,0.026838432635534086,0.20799785292538917,,,
34,10.312667740203972,23.731884057971016,2.462426194310252,46.99409554482018,10.426731078904991,0.5099302200751477,4.320987654320987,0.8319914117015567,0.05367686527106817,0.026838432635534086,0.2147074610842727,0.11406333870101985,,
35,10.453569511540525,23.718464841653248,2.49597423510467,46.725711218464845,10.413311862587225,0.5434782608695652,4.320987654320987,0.9192163177670424,0.05367686527106817,0.026838432635534086,0.2147074610842727,0.11406333870101985,,
36,7.1658615136876005,30.52200751476114,2.2611379495437465,41.378153515834676,12.06387546967257,2.3886205045625335,3.166935050993022,0.6843800322061192,0.013419216317767043,0.026838432635534086,0.2147074610842727,0.11406333870101985,,
37,7.313472893183038,30.46833064949007,2.26784755770263,41.23054213633924,12.050456253354804,2.3617820719269993,3.1602254428341383,0.7581857219538379,0.013419216317767043,0.026838432635534086,0.2147074610842727,0.11406333870101985,0.020128824476650563,
38,7.5348899624261945,30.17981749865808,2.5563607085346214,41.0024154589372,12.030327428878154,2.3617820719269993,3.1602254428341383,0.785024154589372,0.013419216317767043,0.026838432635534086,0.2147074610842727,0.11406333870101985,0.020128824476650563,
39,7.763016639828234,30.06575415995706,2.589908749329039,40.88835212023618,12.00348899624262,2.3617820719269993,3.1333870101986045,0.7716049382716049,0.013419216317767043,0.026838432635534086,0.24825550187869028,0.11406333870101985,0.020128824476650563,
40,7.333601717659689,26.214439076757916,2.999194847020934,48.93317230273752,8.091787439613526,2.2946859903381642,3.066290928609769,0.7313472893183038,0.10735373054213634,0.026838432635534086,0.06709608158883522,0.11406333870101985,0.020128824476650563,
41,7.467793880837359,23.517176596886742,2.9790660225442833,45.813204508856685,11.11111111111111,2.2946859903381642,5.71658615136876,0.7648953301127214,0.10735373054213634,0.026838432635534086,0.06709608158883522,0.11406333870101985,0.020128824476650563,
42,7.561728395061729,23.34272678475577,3.140096618357488,45.67230273752013,11.057434245840042,2.2946859903381642,5.683038110574342,0.8319914117015567,0.14090177133655393,0.026838432635534086,0.11406333870101985,0.11406333870101985,0.020128824476650563,
43,5.508588298443371,18.572195383789587,3.556092324208266,51.2211486849168,11.023886205045626,2.1269457863660763,6.723027375201288,0.8655394524959742,0.1274825550187869,0.026838432635534086,0.11406333870101985,0.11406333870101985,0.020128824476650563,
44,5.709876543209877,18.50509930220075,3.5762211486849167,51.02657004830918,11.023886205045626,2.1269457863660763,6.723027375201288,0.9057971014492754,0.1274825550187869,0.026838432635534086,0.11406333870101985,0.11406333870101985,0.020128824476650563,
45,5.964841653247451,18.391035963499732,3.683574879227053,49.14787976382179,10.929951690821255,2.1068169618894257,8.420558239398819,0.8923778851315083,0.1274825550187869,0.026838432635534086,0.1610305958132045,0.11406333870101985,0.03354804079441761,
46,6.0654857756307035,18.357487922705314,4.468599033816425,48.24208266237252,10.88298443370907,2.1269457863660763,8.407139023081053,0.9460547504025765,0.1274825550187869,0.026838432635534086,0.20128824476650564,0.11406333870101985,0.03354804079441761,
47,6.031937734836285,18.323939881910896,4.488727858293076,46.68545356951154,10.218733225979603,2.1403650026838434,10.453569511540525,1.1674718196457328,0.1274825550187869,,0.2147074610842727,0.11406333870101985,0.03354804079441761,
48,6.280193236714976,18.230005367686527,4.555823939881911,46.5378421900161,10.171765968867419,2.1403650026838434,10.46027911969941,1.1674718196457328,0.10064412238325282,,0.20799785292538917,0.11406333870101985,0.03354804079441761,
49,6.353998926462695,18.136070853462158,4.542404723564144,45.20263016639828,10.171765968867419,3.488996242619431,10.554213633923778,1.0802469135802468,0.11406333870101985,,0.20799785292538917,0.11406333870101985,0.03354804079441761,
50,6.414385399892646,18.02871712292002,4.53569511540526,44.51154052603328,9.534353193773484,4.938271604938271,10.487117552334944,1.093666129898014,0.16774020397208803,,0.14090177133655393,0.11406333870101985,0.03354804079441761,
51,5.434782608695652,16.049382716049383,4.414922168545357,46.18894256575416,10.86285560923242,4.871175523349437,10.581052066559312,1.1674718196457328,0.14761137949543746,,0.10735373054213634,0.11406333870101985,0.06038647342995169,
52,5.649490069779925,15.975577026301664,4.488727858293076,46.04804079441761,10.836017176596886,4.871175523349437,10.507246376811594,1.1674718196457328,0.14761137949543746,,0.10735373054213634,0.11406333870101985,0.08722490606548577,
53,5.877616747181965,15.794417606011809,4.602791196994096,45.772946859903385,10.82259796027912,4.864465915190553,10.507246376811594,1.3016639828234031,0.14761137949543746,,0.10735373054213634,0.11406333870101985,0.08722490606548577,
54,6.199677938808374,15.74074074074074,4.683306494900698,45.48443370907139,10.815888352120236,4.810789049919484,10.48040794417606,1.328502415458937,0.14761137949543746,,0.10735373054213634,0.11406333870101985,0.08722490606548577,
55,6.4345142243692965,15.687063875469672,4.7101449275362315,45.330112721417066,10.795759527643586,4.810789049919484,10.433440687063875,1.328502415458937,0.1610305958132045,,0.10735373054213634,0.11406333870101985,0.08722490606548577,
56,6.649221685453569,15.673644659151906,4.736983360171766,45.00134192163178,10.748792270531402,4.8376274825550185,10.359634997316157,1.4962426194310252,0.1610305958132045,,0.13419216317767044,0.11406333870101985,0.08722490606548577,
57,6.213097155126141,13.620504562533547,4.703435319377348,51.268115942028984,7.803274288781535,4.052603327965647,10.178475577026301,1.6639828234031133,0.1610305958132045,,0.13419216317767044,0.11406333870101985,0.08722490606548577,
58,6.380837359098229,11.513687600644122,4.488727858293076,49.47665056360709,7.7898550724637685,8.57487922705314,9.688674181427805,1.596886741814278,0.15432098765432098,,0.13419216317767044,0.11406333870101985,0.08722490606548577,
59,6.468062265163715,11.486849168008588,4.609500805152979,49.35587761674718,7.769726247987117,8.568169618894256,9.688674181427805,1.5432098765432098,0.15432098765432098,,0.15432098765432098,0.11406333870101985,0.08722490606548577,
60,6.776704240472356,11.486849168008588,4.582662372517445,49.22168545356951,7.64224369296833,8.440687063875469,9.675254965110037,1.5432098765432098,0.15432098765432098,,0.27509393451422437,0.11406333870101985,0.08722490606548577,
61,6.595544820182502,11.480139559849706,3.1333870101986045,43.42458400429415,14.908749329039184,8.393719806763285,9.594739667203436,1.8786902844873858,0.18115942028985507,,0.2214170692431562,0.11406333870101985,0.07380568974771873,
62,6.816961889425658,11.480139559849706,3.1333870101986045,43.283682232957595,14.801395598497047,8.219269994632313,9.534353193773484,1.865271068169619,0.4562533548040794,,0.2214170692431562,0.11406333870101985,0.07380568974771873,
63,7.024959742351046,11.426462694578637,3.113258185721954,43.17632850241546,14.76784755770263,8.205850778314547,9.520933977455716,1.8250134192163177,0.4562533548040794,,0.2683843263553409,0.11406333870101985,0.10064412238325282,
64,7.098765432098766,11.332528180354267,3.0931293612453032,42.45169082125604,15.821256038647343,7.50805152979066,9.433709071390231,2.046430488459474,0.4562533548040794,,0.5434782608695652,0.11406333870101985,0.10064412238325282,
65,7.071926999463232,10.990338164251208,3.079710144927536,42.31749865807837,19.91411701556629,6.468062265163715,6.984702093397746,1.9256575415995705,0.4294149221685454,,0.6038647342995169,0.11406333870101985,0.10064412238325282,
66,6.092324208266238,9.91009125067096,2.0263016639828235,49.52361782071927,19.538378958668815,5.71658615136876,4.314278046162104,1.7847557702630166,0.4495437466451959,,0.5099302200751477,0.11406333870101985,0.020128824476650563,
67,6.400966183574879,9.863123993558776,2.046430488459474,49.302200751476114,19.464573268921097,5.662909286097692,4.28743961352657,1.8518518518518519,0.43612453032742887,,0.5166398282340311,0.11406333870101985,0.05367686527106817,
68,6.568706387546968,9.426999463231347,2.522812667740204,49.15458937198068,19.444444444444443,5.642780461621041,4.260601180891036,1.8853998926462694,0.43612453032742887,,0.48980139559849706,0.11406333870101985,0.05367686527106817,
69,6.716317767042405,9.353193773483628,2.576489533011272,47.83279656468062,19.384057971014492,6.8035426731078905,4.294149221685454,1.8853998926462694,0.46296296296296297,,0.5233494363929146,0.11406333870101985,0.05367686527106817,
70,6.937734836285561,9.178743961352657,2.7308105206655933,47.57112184648417,19.30354267310789,6.790123456790123,4.294149221685454,2.01959205582394,0.46296296296296297,,0.5434782608695652,0.11406333870101985,0.05367686527106817,
71,7.125603864734299,9.131776704240472,2.703972088030059,47.45034889962426,19.189479334406872,6.769994632313473,4.320987654320987,2.033011272141707,0.5099302200751477,,0.5971551261406334,0.11406333870101985,0.05367686527106817,
72,6.649221685453569,6.736446591519055,2.120236178207193,50.617283950617285,18.317230273752013,6.769994632313473,5.159688674181428,2.3349436392914655,0.5837359098228664,,0.6575415995705851,,0.05367686527106817,
73,6.89747718733226,6.736446591519055,2.0933977455716586,50.28180354267311,17.21014492753623,6.723027375201288,5.186527106816962,3.44873859366613,0.5837359098228664,,0.785024154589372,,0.05367686527106817,
74,7.219538378958669,6.608964036500268,2.120236178207193,49.7987117552335,18.223295759527645,6.709608158883521,4.4753086419753085,3.4420289855072466,0.5300590445517982,,0.8185721953837896,,0.05367686527106817,
75,7.246376811594203,6.327160493827161,2.147074610842727,49.322329575952764,19.209608158883523,6.702898550724638,4.180085882984434,3.4822866344605474,0.5166398282340311,,0.8118625872249061,,0.05367686527106817,
76,7.024959742351046,6.159420289855072,2.2074610842726785,50.32877079978529,18.706387546967257,6.702898550724638,4.166666666666667,3.421900161030596,0.5032206119162641,,0.7246376811594203,,0.05367686527106817,
77,7.051798174986581,6.159420289855072,2.1940418679549114,49.77187332259796,17.122920021470748,5.267042404723564,7.340311325818572,3.8580246913580245,0.4830917874396135,,0.7045088566827697,,0.04696725711218465,
78,7.185990338164252,5.260332796564681,2.187332259796028,48.980139559849704,17.06924315619968,6.843800322061192,7.2933440687063875,3.92512077294686,0.4830917874396135,,0.7246376811594203,,0.04696725711218465,
79,7.326892109500805,5.246913580246914,2.2208803005904456,48.772141706924316,17.04911433172303,6.816961889425658,7.2933440687063875,3.9720880300590444,0.5032206119162641,,0.7514761137949544,,0.04696725711218465,
80,7.367149758454106,5.22007514761138,2.737520128824477,48.24208266237252,17.028985507246375,6.816961889425658,7.2933440687063875,3.992216854535695,0.5032206119162641,,0.7514761137949544,,0.04696725711218465,
81,5.797101449275362,4.1532474503489,2.15378421900161,61.05072463768116,11.929683306494901,6.816961889425658,3.7775093934514223,3.3011272141706924,0.3153515834675255,,0.6575415995705851,,0.04696725711218465,
82,6.072195383789587,4.139828234031133,2.15378421900161,60.245571658615134,11.896135265700483,7.333601717659689,3.7775093934514223,3.294417606011809,0.3153515834675255,0.040257648953301126,0.6843800322061192,,0.04696725711218465,
83,6.3137412775093935,4.126409017713366,2.1739130434782608,59.997316156736446,11.668008588298443,7.347020933977456,3.7640901771336552,3.3480944712828773,0.3153515834675255,0.040257648953301126,0.8588298443370908,,0.04696725711218465,
84,6.729736983360172,4.126409017713366,2.1403650026838434,59.514224369296834,11.574074074074074,7.326892109500805,3.7104133118625873,3.616478797638218,0.3153515834675255,0.040257648953301126,0.8588298443370908,,0.04696725711218465,
85,6.816961889425658,4.03918411164788,2.818035426731079,58.823134728931834,11.500268384326356,7.340311325818572,3.7104133118625873,3.6097691894793345,0.3153515834675255,0.040257648953301126,0.9125067096081588,,0.07380568974771873,
86,6.964573268921095,4.03918411164788,3.683574879227053,58.55475040257649,10.82259796027912,7.286634460547504,3.5628019323671496,3.6634460547504024,0.3153515834675255,0.040257648953301126,0.9930220075147611,,0.07380568974771873,
87,7.226247987117552,4.03918411164788,3.683574879227053,58.340042941492214,10.768921095008052,7.286634460547504,3.569511540526033,3.670155662909286,0.3153515834675255,0.040257648953301126,0.9863123993558777,,0.07380568974771873,
88,7.300053676865271,3.965378421900161,3.4688674181427803,57.588566827697264,10.742082662372518,8.360171765968868,3.44873859366613,3.730542136339238,0.3153515834675255,0.040257648953301126,0.9863123993558777,,0.05367686527106817,
89,7.467793880837359,3.9452495974235107,3.589640365002684,56.957863660762214,10.695115405260333,8.32662372517445,3.5091250670960816,4.086151368760064,0.3421900161030596,0.040257648953301126,0.9863123993558777,,0.05367686527106817,
90,7.246376811594203,3.589640365002684,3.455448201825013,54.7638217928073,14.512882447665056,8.05823939881911,3.44873859366613,3.5628019323671496,0.33548040794417605,0.040257648953301126,0.9326355340848095,,0.05367686527106817,
91,7.14573268921095,3.2675791733762747,3.475577026301664,55.864197530864196,13.976113794954374,8.011272141706923,3.4151905528717124,3.549382716049383,0.33548040794417605,0.040257648953301126,0.8387010198604401,,0.08051529790660225,
92,7.313472893183038,3.260869565217391,3.475577026301664,55.75684380032206,13.962694578636608,7.950885668276973,3.3950617283950617,3.5829307568438002,0.33548040794417605,0.040257648953301126,0.8118625872249061,,0.11406333870101985,
93,7.4006977992485234,3.240740740740741,3.5225442834138487,55.60923242082662,13.848631239935587,7.937466451959206,3.4151905528717124,3.6097691894793345,0.33548040794417605,0.040257648953301126,0.9259259259259259,,0.11406333870101985,
94,7.62211486849168,3.240740740740741,3.556092324208266,55.40794417606012,13.754696725711218,7.836822329575953,3.4420289855072466,3.7104133118625873,0.33548040794417605,0.040257648953301126,0.9460547504025765,,0.10735373054213634,
95,7.883789586688137,3.2206119162640903,3.743961352657005,55.05904455179817,13.654052603327965,7.796564680622652,3.4286097691894795,3.7573805689747717,0.32877079978529256,0.040257648953301126,0.9796027911969941,,0.10735373054213634,
96,8.13875469672571,3.2206119162640903,3.7775093934514223,54.8443370907139,13.613794954374665,7.769726247987117,3.4151905528717124,3.750670960815888,0.32877079978529256,0.040257648953301126,0.9930220075147611,,0.10735373054213634,
97,6.870638754696726,2.8918411164787976,3.656736446591519,59.80273752012882,11.668008588298443,7.387278582930757,3.3480944712828773,2.952227589908749,0.32877079978529256,0.040257648953301126,0.9259259259259259,,0.1274825550187869,
98,7.058507783145465,2.844873859366613,3.6902844873859366,59.44041867954911,11.627750939345143,7.387278582930757,3.33467525496511,3.166935050993022,0.32877079978529256,0.040257648953301126,0.95276435856146,,0.1274825550187869,
99,7.139023081052066,2.8113258185721954,3.81105743424584,55.683038110574344,15.210681696188942,7.360440150295223,3.33467525496511,3.1736446591519054,0.32877079978529256,0.040257648953301126,0.9796027911969941,,0.1274825550187869,
100,7.2933440687063875,2.8113258185721954,3.8311862587224907,55.55555555555556,15.083199141170155,7.340311325818572,3.33467525496511,3.2004830917874396,0.32877079978529256,0.040257648953301126,1.0534084809447128,,0.1274825550187869,
101,7.440955448201825,2.8113258185721954,3.9586688137412773,54.36795491143317,14.955716586151368,7.340311325818572,3.33467525496511,4.186795491143317,0.3153515834675255,0.040257648953301126,1.1205045625335481,,0.1274825550187869,
102,7.105475040257649,2.8113258185721954,3.8177670424047236,58.340042941492214,12.084004294149223,7.7898550724637685,3.307836822329576,3.643317230273752,0.30864197530864196,0.040257648953301126,0.6239935587761675,,0.1274825550187869,
103,7.253086419753086,2.818035426731079,3.898282340311326,58.01798174986581,12.057165861513688,7.7898550724637685,3.294417606011809,3.770799785292539,0.30864197530864196,0.040257648953301126,0.6239935587761675,,0.1274825550187869,
104,7.360440150295223,2.818035426731079,4.7638217928073,57.06521739130435,12.037037037037036,7.7898550724637685,3.280998389694042,3.784219001610306,0.30864197530864196,0.040257648953301126,0.6239935587761675,,0.1274825550187869,
105,7.608695652173913,2.818035426731079,4.757112184648417,56.756575415995705,11.98336017176597,7.75630703166935,3.280998389694042,3.9184111647879765,0.2952227589908749,0.040257648953301126,0.6575415995705851,,0.1274825550187869,
106,7.7361782071927,2.7844873859366612,6.246645195920558,55.14626945786366,11.956521739130435,7.4006977992485234,3.2675791733762747,4.30756843800322,0.2952227589908749,0.04696725711218465,0.6843800322061192,,0.1274825550187869,
107,6.447933440687064,2.6838432635534084,6.166129898013956,61.030595813204506,7.601986044015029,7.105475040257649,4.441760601180891,3.556092324208266,0.2952227589908749,0.04696725711218465,0.49651100375738055,,0.1274825550187869,
108,6.629092860976919,2.677133655394525,6.273483628556092,59.99060654857756,7.588566827697263,7.085346215780999,4.408212560386473,4.3478260869565215,0.32877079978529256,0.04696725711218465,0.49651100375738055,,0.1274825550187869,
109,6.884057971014493,2.6502952227589907,6.260064412238325,59.735641438539986,7.575147611379496,7.071926999463232,4.40150295222759,4.42163177670424,0.32877079978529256,0.04696725711218465,0.49651100375738055,,0.1274825550187869,
110,6.78341384863124,2.6502952227589907,6.266774020397209,60.829307568438004,6.977992485238862,7.078636607622115,4.3545356951154055,4.1532474503489,0.2549651100375738,0.04696725711218465,0.49651100375738055,,0.10735373054213634,
111,6.488191089640365,2.563070316693505,6.427804616210413,61.74852388620504,6.877348362855609,7.367149758454106,4.361245303274289,3.2541599570585076,0.24825550187869028,0.04696725711218465,0.5233494363929146,,0.0939345142243693,
112,6.790123456790123,2.5496511003757383,6.414385399892646,61.493558776167475,6.837090713902308,7.326892109500805,4.361245303274289,3.3145464304884595,0.24825550187869028,0.04696725711218465,0.5233494363929146,,0.0939345142243693,
113,6.964573268921095,2.5496511003757383,6.387546967257112,61.151368760064415,6.837090713902308,7.340311325818572,4.361245303274289,3.4957058507783145,0.24825550187869028,0.04696725711218465,0.5233494363929146,,0.0939345142243693,
114,7.0450885668276975,2.5295222758990876,6.400966183574879,59.4068706387547,6.823671497584541,8.984165324745035,4.394793344068707,3.4957058507783145,0.24825550187869028,0.04696725711218465,0.5300590445517982,,0.0939345142243693,
115,7.2933440687063875,2.5295222758990876,6.394256575415996,59.14519592055824,6.823671497584541,8.923778851315083,4.361245303274289,3.556092324208266,0.24825550187869028,0.04696725711218465,0.5300590445517982,,0.14761137949543746,
116,6.052066559312936,2.5161030595813205,5.904455179817498,64.92887815351584,5.562265163714439,7.635534084809447,3.965378421900161,2.8113258185721954,0.14761137949543746,0.04696725711218465,0.35560923242082665,,0.07380568974771873,
117,6.300322061191626,2.5161030595813205,5.904455179817498,64.73429951690821,5.528717122920021,7.635534084809447,3.965378421900161,2.8113258185721954,0.14761137949543746,0.026838432635534086,0.35560923242082665,,0.07380568974771873,
118,6.4345142243692965,2.5161030595813205,6.9243156199677935,64.11701556629093,5.193236714975845,7.48792270531401,3.864734299516908,2.8247450348899625,0.14761137949543746,0.026838432635534086,0.35560923242082665,,0.10735373054213634,
119,6.602254428341385,2.5161030595813205,6.964573268921095,62.92941492216855,4.904723564143854,7.474503488996243,5.300590445517981,2.6704240472356413,0.14761137949543746,0.026838432635534086,0.35560923242082665,,0.10735373054213634,
120,6.843800322061192,2.5161030595813205,6.890767579173376,62.714707461084274,4.864465915190553,7.407407407407407,5.300590445517981,2.791196994095545,0.14761137949543746,0.026838432635534086,0.4025764895330113,,0.0939345142243693,
121,7.011540526033279,2.5161030595813205,6.877348362855609,61.41975308641975,4.85775630703167,7.347020933977456,5.293880837359098,3.9855072463768115,0.14761137949543746,0.04696725711218465,0.4025764895330113,,0.0939345142243693,
122,7.159151905528717,2.5026838432635534,6.816961889425658,61.13794954374664,4.851046698872786,7.300053676865271,5.293880837359098,4.126409017713366,0.23483628556092323,0.04696725711218465,0.43612453032742887,,0.0939345142243693,
123,7.39398819108964,2.5026838432635534,6.830381105743425,60.79575952764358,4.8376274825550185,7.353730542136339,5.280461621041331,4.159957058507783,0.2616747181964573,0.04696725711218465,0.4562533548040794,,0.08051529790660225,
124,7.018250134192163,2.13365539452496,6.447933440687064,56.353998926462694,3.878153515834675,7.454374664519592,11.808910359634996,4.186795491143317,0.20799785292538917,0.04696725711218465,0.3824476650563607,,0.08051529790660225,
125,7.098765432098766,2.086688137412775,6.515029522275899,56.045356951154055,3.878153515834675,7.5281803542673105,11.808910359634996,4.320987654320987,0.20799785292538917,0.04696725711218465,0.3824476650563607,,0.08051529790660225,
126,7.340311325818572,2.073268921095008,6.481481481481482,55.884326355340846,3.878153515834675,7.5281803542673105,11.748523886205046,4.3478260869565215,0.20799785292538917,0.04696725711218465,0.3824476650563607,,0.08051529790660225,
127,7.481213097155126,2.073268921095008,6.521739130434782,55.77697262479871,3.864734299516908,7.501341921631776,11.741814278046162,4.30756843800322,0.20799785292538917,0.04696725711218465,0.39586688137412773,,0.08051529790660225,
128,7.561728395061729,2.073268921095008,6.488191089640365,55.58910359634997,3.8714439076757916,7.474503488996243,11.688137412775093,4.468599033816425,0.20799785292538917,0.08722490606548577,0.39586688137412773,,0.0939345142243693,
129,7.6623725174449815,2.073268921095008,6.347289318303811,54.45517981749866,6.092324208266238,7.461084272678476,10.61460010735373,4.49543746645196,0.20799785292538917,0.08722490606548577,0.4227053140096618,,0.08051529790660225,
130,7.823403113258186,2.033011272141707,7.75630703166935,53.07971014492754,6.0654857756307035,7.380568974771873,10.379763821792807,4.663177670424047,0.2549651100375738,0.08722490606548577,0.39586688137412773,,0.08051529790660225,
131,8.031400966183575,2.033011272141707,7.749597423510467,52.925389157273216,6.0654857756307035,7.37385936661299,10.352925389157273,4.663177670424047,0.27509393451422437,0.08722490606548577,0.36902844873859364,,0.07380568974771873,
132,8.219269994632313,2.033011272141707,7.722758990874933,52.77106816961889,6.0587761674718195,7.313472893183038,10.299248523886206,4.64975845410628,0.33548040794417605,0.15432098765432098,0.36902844873859364,,0.07380568974771873,
133,8.360171765968868,2.033011272141707,7.742887815351583,52.603327965646805,6.0587761674718195,7.273215244229737,10.299248523886206,4.703435319377348,0.33548040794417605,0.14761137949543746,0.36902844873859364,,0.07380568974771873,
134,8.568169618894256,2.033011272141707,7.709339774557166,52.26784755770263,6.025228126677402,7.266505636070853,10.292538915727322,4.85775630703167,0.35560923242082665,0.14761137949543746,0.4025764895330113,,0.07380568974771873,
135,8.091787439613526,2.0128824476650564,9.688674181427805,42.64626945786366,15.150295222758992,6.843800322061192,10.23215244229737,4.341116478797638,0.36902844873859364,0.14761137949543746,0.4025764895330113,,0.07380568974771873,
136,8.373590982286634,2.0128824476650564,9.681964573268921,42.40472356414385,15.116747181964573,6.810252281266774,10.165056360708535,4.428341384863124,0.36902844873859364,0.14761137949543746,0.41599570585077833,,0.07380568974771873,
137,8.514492753623188,2.0128824476650564,9.628287707997853,42.23698336017176,15.08990874932904,6.696188942565755,10.165056360708535,4.4820182501341925,0.36902844873859364,0.18115942028985507,0.4428341384863124,,0.18115942028985507,
138,8.702361782071927,1.6035963499731616,9.07139023081052,41.78743961352657,14.88191089640365,7.944176060118089,10.165056360708535,4.562533548040794,0.36902844873859364,0.18115942028985507,0.5501878690284487,,0.18115942028985507,
139,8.917069243156199,1.6035963499731616,9.16532474503489,41.55931293612453,14.781266774020397,7.977724100912507,10.071121846484166,4.602791196994096,0.36902844873859364,0.2214170692431562,0.5501878690284487,,0.18115942028985507,
140,8.997584541062801,1.596886741814278,9.25925925925926,41.37144390767579,14.74771873322598,7.977724100912507,10.044283413848632,4.622920021470746,0.39586688137412773,0.2549651100375738,0.5501878690284487,,0.18115942028985507,
141,9.178743961352657,1.570048309178744,9.359903381642512,41.1231884057971,14.707461084272678,7.890499194847021,9.923510466988727,4.7168545356951155,0.39586688137412773,0.28180354267310787,0.6508319914117016,0.020128824476650563,0.18115942028985507,
142,9.339774557165862,1.570048309178744,9.373322597960279,40.98228663446055,14.687332259796028,7.917337627482555,9.829575952764358,4.757112184648417,0.4092860976918948,0.28180354267310787,0.6508319914117016,0.020128824476650563,0.18115942028985507,
143,9.480676328502415,1.556629092860977,9.366612989801396,40.78099838969404,14.667203435319378,7.950885668276973,9.822866344605474,4.830917874396135,0.4092860976918948,0.28180354267310787,0.6508319914117016,0.020128824476650563,0.18115942028985507,
144,9.628287707997853,1.583467525496511,9.386741814278047,40.707192699946326,14.620236178207193,7.897208803005904,9.816156736446592,4.830917874396135,0.4092860976918948,0.28180354267310787,0.6374127750939346,0.020128824476650563,0.18115942028985507,
145,9.769189479334408,1.583467525496511,9.473966720343531,40.53274288781535,14.573268921095009,7.877079978529254,9.722222222222221,4.87788513150832,0.4428341384863124,0.28180354267310787,0.6374127750939346,0.020128824476650563,0.20799785292538917,
146,9.86983360171766,1.583467525496511,9.440418679549115,40.31132581857219,14.553140096618357,7.9039184111647875,9.742351046698873,4.99194847020934,0.4428341384863124,0.28180354267310787,0.6508319914117016,0.020128824476650563,0.20799785292538917,
147,8.487654320987655,1.583467525496511,9.01100375738057,44.18947933440687,14.371980676328503,6.696188942565755,9.628287707997853,4.51556629092861,0.35560923242082665,0.28180354267310787,0.6508319914117016,0.020128824476650563,0.20799785292538917,
148,8.675523349436393,1.583467525496511,9.078099838969404,44.02844873859367,14.36527106816962,6.696188942565755,9.588030059044552,4.468599033816425,0.35560923242082665,0.28180354267310787,0.6508319914117016,0.020128824476650563,0.20799785292538917,
149,8.433977455716587,0.8588298443370908,8.641975308641975,47.25577026301664,14.31159420289855,4.851046698872786,9.601449275362318,4.562533548040794,0.322061191626409,0.28180354267310787,0.6508319914117016,0.020128824476650563,0.20799785292538917,
150,8.017981749865807,0.8387010198604401,7.454374664519592,52.48926462694579,11.553945249597424,4.690016103059581,9.473966720343531,4.072732152442297,0.322061191626409,0.2616747181964573,0.5971551261406334,0.020128824476650563,0.20799785292538917,
151,6.199677938808374,0.1878690284487386,6.890767579173376,43.90096618357488,26.462694578636608,3.207192699946323,9.151905528717123,2.6972624798711755,0.20799785292538917,0.2214170692431562,0.7313472893183038,0.020128824476650563,0.12077294685990338,
152,6.468062265163715,0.1878690284487386,6.78341384863124,43.63258185721954,26.29495437466452,3.2206119162640903,9.353193773483628,2.7241009125067097,0.20799785292538917,0.20799785292538917,0.798443370907139,0.020128824476650563,0.10064412238325282,
153,6.6760601180891035,0.18115942028985507,6.78341384863124,43.37090713902308,26.093666129898015,3.207192699946323,9.333064949006978,2.804616210413312,0.20799785292538917,0.20799785292538917,1.0131508319914118,0.020128824476650563,0.10064412238325282,
154,6.78341384863124,0.18115942028985507,6.729736983360172,42.37788513150832,26.039989264626946,3.207192699946323,9.219001610305957,3.7775093934514223,0.20799785292538917,0.20799785292538917,1.0131508319914118,0.15432098765432098,0.10064412238325282,
155,6.172839506172839,0.18115942028985507,6.6827697262479875,39.841653247450346,25.905797101449274,2.818035426731079,13.325281803542673,3.6500268384326353,0.16774020397208803,0.20799785292538917,0.8051529790660226,0.15432098765432098,0.08722490606548577,
156,6.528448738593666,0.18115942028985507,6.588835212023618,39.64707461084273,25.825281803542673,2.818035426731079,13.298443370907139,3.5963499731615673,0.2281266774020397,0.24154589371980675,0.8051529790660226,0.15432098765432098,0.08722490606548577,
157,6.649221685453569,0.18115942028985507,6.582125603864735,39.492753623188406,25.47638217928073,2.818035426731079,13.298443370907139,3.6500268384326353,0.2616747181964573,0.24154589371980675,1.0869565217391304,0.17444981213097155,0.08722490606548577,
158,6.877348362855609,0.18115942028985507,6.588835212023618,39.38539989264627,25.41599570585078,2.8247450348899625,13.197799248523886,3.656736446591519,0.2952227589908749,0.24154589371980675,1.0735373054213635,0.17444981213097155,0.08722490606548577,
159,7.132313472893183,0.18115942028985507,6.541867954911433,38.499731615673646,25.389157273215243,2.885131508319914,13.097155126140633,4.388083735909823,0.30864197530864196,0.24154589371980675,1.0735373054213635,0.17444981213097155,0.08722490606548577,
160,7.199409554482019,0.18115942028985507,6.568706387546968,38.197799248523886,25.301932367149757,2.885131508319914,13.030059044551798,4.609500805152979,0.38915727321524424,0.24154589371980675,1.133923778851315,0.17444981213097155,0.08722490606548577,
161,7.360440150295223,0.17444981213097155,7.7361782071927,37.98309178743961,25.0805152979066,2.9924852388620504,11.889425657541599,4.696725711218465,0.38915727321524424,0.24154589371980675,1.2077294685990339,0.17444981213097155,0.07380568974771873,
162,7.588566827697263,0.17444981213097155,7.695920558239399,37.82206119162641,25.013419216317768,2.9723564143853998,11.889425657541599,4.696725711218465,0.38915727321524424,0.24154589371980675,1.2412775093934514,0.20128824476650564,0.07380568974771873,
163,7.669082125603865,0.17444981213097155,7.232957595276436,36.91626409017714,24.88593666129898,4.40150295222759,11.674718196457327,4.918142780461621,0.41599570585077833,0.2281266774020397,1.2077294685990339,0.20128824476650564,0.07380568974771873,
164,6.984702093397746,0.17444981213097155,7.232957595276436,38.59366612989801,23.805689747718734,4.951690821256038,11.674718196457327,4.40150295222759,0.41599570585077833,0.2214170692431562,1.2681159420289856,0.20128824476650564,0.07380568974771873,
165,7.25979602791197,0.17444981213097155,7.199409554482019,38.31186258722491,23.718464841653248,4.918142780461621,11.674718196457327,4.542404723564144,0.41599570585077833,0.2214170692431562,1.2748255501878691,0.2147074610842727,0.07380568974771873,
166,7.521470746108427,0.17444981213097155,7.125603864734299,38.12399355877617,23.557434245840042,4.898013955984971,11.641170155662909,4.750402576489533,0.41599570585077833,0.2214170692431562,1.2815351583467525,0.2147074610842727,0.07380568974771873,
167,7.615405260332796,0.17444981213097155,7.192699946323135,37.66774020397209,23.53059581320451,4.898013955984971,11.641170155662909,5.072463768115942,0.41599570585077833,0.2214170692431562,1.2815351583467525,0.2147074610842727,0.07380568974771873,
168,7.836822329575953,0.17444981213097155,6.937734836285561,37.33225979602791,24.745034889962426,4.394793344068707,11.037305421363392,5.159688674181428,0.41599570585077833,0.2214170692431562,1.4559849704777241,0.2147074610842727,0.07380568974771873,
169,7.836822329575953,0.17444981213097155,6.964573268921095,37.23832528180354,22.67176596886742,4.032474503488996,13.459473966720344,5.173107890499195,0.4495437466451959,0.2214170692431562,1.4559849704777241,0.2147074610842727,0.10735373054213634,
170,7.568438003220612,0.17444981213097155,6.635802469135802,41.51905528717123,20.30998389694042,4.019055287171229,12.593934514224369,5.018786902844874,0.4025764895330113,0.2214170692431562,1.1876006441223832,0.24154589371980675,0.10735373054213634,
171,7.635534084809447,0.17444981213097155,6.723027375201288,41.2842190016103,20.74610842726785,3.8378958668813743,12.278582930756844,5.0858829844337095,0.43612453032742887,0.2214170692431562,1.2278582930756843,0.24154589371980675,0.10735373054213634,
172,7.7898550724637685,0.17444981213097155,6.776704240472356,41.15002683843264,20.699141170155663,3.797638217928073,12.218196457326892,5.0858829844337095,0.49651100375738055,0.2214170692431562,1.2412775093934514,0.24154589371980675,0.10735373054213634,
173,7.796564680622652,0.1610305958132045,7.648953301127214,41.87466451959206,19.47128287707998,3.797638217928073,11.855877616747183,5.159688674181428,0.49651100375738055,0.2214170692431562,1.1674718196457328,0.24154589371980675,0.10735373054213634,
174,8.105206655931294,0.1610305958132045,7.669082125603865,41.56602254428341,19.370638754696724,3.851315083199141,11.79549114331723,5.173107890499195,0.5367686527106817,0.2214170692431562,1.2010198604401503,0.24154589371980675,0.10735373054213634,
175,8.36688137412775,0.1610305958132045,7.628824476650563,41.30434782608695,19.32367149758454,3.824476650563607,11.79549114331723,5.253623188405797,0.5367686527106817,0.2214170692431562,1.2278582930756843,0.2214170692431562,0.13419216317767044,
176,8.68894256575416,0.1610305958132045,7.64224369296833,41.0024154589372,19.256575415995705,3.797638217928073,11.761943102522812,5.314009661835748,0.5367686527106817,0.2214170692431562,1.247987117552335,0.2214170692431562,0.14761137949543746,
177,8.80300590445518,0.15432098765432098,7.742887815351583,40.66022544283414,19.189479334406872,3.8311862587224907,11.75523349436393,5.4616210413311865,0.5367686527106817,0.2214170692431562,1.2748255501878691,0.2214170692431562,0.14761137949543746,
178,8.923778851315083,0.15432098765432098,7.7361782071927,40.57300053676865,19.122383252818036,3.8311862587224907,11.75523349436393,5.488459473966721,0.5367686527106817,0.2214170692431562,1.3016639828234031,0.20799785292538917,0.14761137949543746,
179,9.05126140633387,0.15432098765432098,6.709608158883521,41.988727858293075,18.914385399892645,3.7640901771336552,11.714975845410628,5.535426731078905,0.5367686527106817,0.1878690284487386,1.133923778851315,0.18115942028985507,0.1274825550187869,
