,45,50,55,53,52,56,51,54,58,57,60,59,61,62,63,67
0,99.38271604938272,0.6172839506172839,,,,,,,,,,,,,,
1,93.63258185721953,6.333870101986044,0.03354804079441761,,,,,,,,,,,,,
2,92.58588298443371,7.360440150295223,0.03354804079441761,0.020128824476650563,,,,,,,,,,,,
3,73.43666129898014,24.308910359634996,0.0939345142243693,,2.1604938271604937,,,,,,,,,,,
4,73.15485775630704,24.14787976382179,0.5367686527106817,,2.1604938271604937,,,,,,,,,,,
5,72.71202361782072,24.50348899624262,0.5971551261406334,,2.187332259796028,,,,,,,,,,,
6,72.39667203435319,24.751744498121308,0.6575415995705851,,2.167203435319377,0.026838432635534086,,,,,,,,,,
7,72.21551261406334,24.89935587761675,0.6910896403650026,,2.167203435319377,0.026838432635534086,,,,,,,,,,
8,68.16290928609769,28.22061191626409,0.6910896403650026,0.30193236714975846,1.9524959742351047,0.026838432635534086,0.644122383252818,,,,,,,,,
9,67.82742887815351,28.455448201825014,0.7917337627482555,0.30193236714975846,1.9524959742351047,0.026838432635534086,0.644122383252818,,,,,,,,,
10,65.55958132045089,30.24020397208803,1.2748255501878691,0.30193236714975846,1.9524959742351047,0.026838432635534086,0.644122383252818,,,,,,,,,
11,65.05636070853463,30.649490069779926,1.3687600644122384,0.30193236714975846,1.9524959742351047,0.026838432635534086,0.644122383252818,,,,,,,,,
12,64.26462694578636,31.253354804079443,1.5230810520665594,0.30193236714975846,1.9524959742351047,0.06038647342995169,0.644122383252818,,,,,,,,,
13,53.30112721417069,34.024422973698336,1.596886741814278,0.30193236714975846,1.9524959742351047,0.06038647342995169,8.76274825550188,,,,,,,,,
14,51.469404186795494,35.7085346215781,1.6237251744498122,0.30193236714975846,1.9524959742351047,0.03354804079441761,8.59500805152979,0.3153515834675255,,,,,,,,
15,49.5907139023081,37.42619431025228,1.9592055823939882,0.30193236714975846,1.9793344068706387,0.03354804079441761,8.373590982286634,0.33548040794417605,,,,,,,,
16,48.93317230273752,37.775093934514224,2.3215244229736984,0.30193236714975846,1.9793344068706387,0.03354804079441761,8.319914117015566,0.322061191626409,0.013419216317767043,,,,,,,
17,48.89291465378422,37.513419216317764,2.6838432635534084,0.30193236714975846,1.9793344068706387,0.03354804079441761,8.225979602791197,0.35560923242082665,0.013419216317767043,,,,,,,
18,48.31588835212023,37.01690821256039,2.9119699409554483,0.30193236714975846,1.9524959742351047,0.12077294685990338,8.984165324745035,0.35560923242082665,0.013419216317767043,0.026838432635534086,,,,,,
19,38.848631239935585,44.50483091787439,3.1468062265163717,0.30193236714975846,1.9927536231884058,0.12077294685990338,8.943907675791733,2.100107353730542,0.013419216317767043,0.026838432635534086,,,,,,
20,35.970209339774556,46.256038647343,2.945517981749866,0.2214170692431562,3.683574879227053,0.12077294685990338,8.628556092324208,2.059849704777241,0.013419216317767043,0.06709608158883522,0.03354804079441761,,,,,
21,35.41331186258722,44.42431561996779,2.9723564143853998,0.2214170692431562,3.5829307568438002,0.12077294685990338,8.55475040257649,4.522275899087493,0.040257648953301126,0.08051529790660225,0.03354804079441761,0.03354804079441761,,,,
22,35.265700483091784,44.45115405260333,3.0059044551798175,0.2549651100375738,3.6097691894793345,0.1610305958132045,8.55475040257649,4.508856682769726,0.040257648953301126,0.08051529790660225,0.03354804079441761,0.03354804079441761,,,,
23,35.23215244229737,44.36392914653784,3.0059044551798175,0.2549651100375738,3.603059581320451,0.1610305958132045,8.548040794417606,4.609500805152979,0.06038647342995169,0.0939345142243693,0.03354804079441761,0.03354804079441761,,,,
24,34.346484165324746,44.91411701556629,2.965646806226516,2.1068169618894257,3.629898013955985,0.1610305958132045,7.085346215780999,4.582662372517445,0.06038647342995169,0.08051529790660225,0.03354804079441761,0.03354804079441761,,,,
25,32.48792270531401,46.49087493290392,3.026033279656468,2.1068169618894257,3.9184111647879765,0.1610305958132045,7.004830917874396,4.582662372517445,0.06038647342995169,0.08051529790660225,0.04696725711218465,0.03354804079441761,,,,
26,32.078636607622116,46.88674181427805,3.0595813204508855,2.1068169618894257,3.898282340311326,0.1610305958132045,7.004830917874396,4.582662372517445,0.06038647342995169,0.08051529790660225,0.04696725711218465,0.03354804079441761,,,,
27,28.187063875469672,51.12721417069243,3.193773483628556,2.1068169618894257,4.280730005367687,0.1610305958132045,6.333870101986044,4.40150295222759,0.04696725711218465,0.08051529790660225,0.04696725711218465,0.03354804079441761,,,,
28,28.18035426731079,49.89264626945786,4.42163177670424,2.0933977455716586,4.280730005367687,0.1610305958132045,6.333870101986044,4.3545356951154055,0.0939345142243693,0.0939345142243693,0.04696725711218465,0.04696725711218465,,,,
29,23.101180891035963,57.91733762748255,4.49543746645196,2.059849704777241,3.180354267310789,0.1610305958132045,6.253354804079442,2.6502952227589907,0.06038647342995169,0.06709608158883522,0.04696725711218465,0.0067096081588835215,,,,
30,21.953837895866883,56.72302737520129,4.528985507246377,2.059849704777241,3.1870638754696725,0.17444981213097155,8.541331186258722,2.6502952227589907,0.06038647342995169,0.06709608158883522,0.04696725711218465,0.0067096081588835215,,,,
31,21.85319377348363,56.696188942565755,4.7638217928073,2.0799785292538915,3.140096618357488,0.17444981213097155,8.447396672034353,2.6502952227589907,0.06038647342995169,0.08051529790660225,0.04696725711218465,0.0067096081588835215,,,,
32,21.83977455716586,56.44122383252818,4.998658078368224,2.0799785292538915,3.140096618357488,0.1878690284487386,8.440687063875469,2.6502952227589907,0.06038647342995169,0.08051529790660225,0.07380568974771873,0.0067096081588835215,,,,
33,21.537842190016104,55.16639828234031,4.676596886741814,2.0665593129361244,5.0993022007514766,0.1878690284487386,8.192431561996779,2.8113258185721954,0.07380568974771873,0.08051529790660225,0.08722490606548577,0.020128824476650563,,,,
34,21.504294149221685,55.00536768652711,4.824208266237251,2.0531400966183573,5.032206119162641,0.28180354267310787,8.179012345679013,2.7979066022544283,0.07380568974771873,0.14090177133655393,0.08722490606548577,0.020128824476650563,,,,
35,20.29656468062265,56.065485775630705,4.951690821256038,2.0531400966183573,4.87788513150832,0.30193236714975846,8.145464304884594,2.831454643048846,0.0939345142243693,0.27509393451422437,0.08722490606548577,0.020128824476650563,,,,
36,20.26972624798712,54.51556629092861,5.669618894256575,2.0665593129361244,4.87788513150832,0.30193236714975846,8.145464304884594,3.6768652710681695,0.0939345142243693,0.27509393451422437,0.08722490606548577,0.020128824476650563,,,,
37,19.390767579173378,53.16022544283414,5.776972624798712,2.0933977455716586,4.87788513150832,0.33548040794417605,10.21202361782072,3.6768652710681695,0.0939345142243693,0.27509393451422437,0.08722490606548577,0.020128824476650563,,,,
38,19.370638754696724,53.04616210413312,5.870907139023081,1.9793344068706387,4.87788513150832,0.33548040794417605,10.23215244229737,3.6768652710681695,0.2281266774020397,0.27509393451422437,0.08722490606548577,0.020128824476650563,,,,
39,18.45813204508857,51.11379495437466,6.5485775630703165,1.9793344068706387,4.891304347826087,0.3488996242619431,12.265163714439076,3.784219001610306,0.2281266774020397,0.27509393451422437,0.08722490606548577,0.020128824476650563,,,,
40,18.377616747181964,50.87224906065486,6.481481481481482,2.475845410628019,4.871175523349437,0.3757380568974772,12.13768115942029,3.750670960815888,0.2281266774020397,0.2952227589908749,0.11406333870101985,0.020128824476650563,,,,
41,18.283682232957595,48.59769189479334,4.435050993022007,2.509393451422437,9.769189479334408,0.3757380568974772,11.621041331186259,3.743961352657005,0.2281266774020397,0.2885131508319914,0.11406333870101985,0.020128824476650563,0.013419216317767043,,,
42,18.283682232957595,47.537573805689746,4.455179817498658,2.5026838432635534,11.245303274288782,0.4025764895330113,10.990338164251208,3.911701556629093,0.23483628556092323,0.27509393451422437,0.11406333870101985,0.020128824476650563,0.013419216317767043,0.013419216317767043,,
43,17.290660225442835,46.91358024691358,5.059044551798175,2.5026838432635534,10.849436392914654,0.4025764895330113,12.365807836822329,3.8915727321524423,0.23483628556092323,0.30864197530864196,0.13419216317767044,0.020128824476650563,0.013419216317767043,0.013419216317767043,,
44,17.10950080515298,46.544551798174986,5.12614063338701,3.0595813204508855,11.332528180354267,0.4562533548040794,11.822329575952764,3.864734299516908,0.2281266774020397,0.2952227589908749,0.13419216317767044,0.013419216317767043,0.013419216317767043,,,
45,16.935050993022006,45.93397745571659,5.35426731078905,2.918679549114332,11.07085346215781,0.4562533548040794,12.882447665056361,3.7640901771336552,0.2281266774020397,0.2952227589908749,0.13419216317767044,0.013419216317767043,0.013419216317767043,,,
46,16.371443907675793,43.84728931830381,4.7168545356951155,3.0059044551798175,10.963499731615673,0.5837359098228664,16.774020397208805,2.932098765432099,0.2683843263553409,0.3757380568974772,0.13419216317767044,0.013419216317767043,0.013419216317767043,,,
47,16.35131508319914,40.98899624261943,4.74369296833065,6.736446591519055,10.856146001073537,0.5837359098228664,16.700214707461082,2.24771873322598,0.2616747181964573,0.39586688137412773,0.10735373054213634,0.013419216317767043,0.013419216317767043,,,
48,14.741009125067096,42.652979066022546,4.7638217928073,6.736446591519055,10.815888352120236,0.6374127750939346,16.566022544283413,2.2410091250670963,0.28180354267310787,0.4294149221685454,0.10735373054213634,0.013419216317767043,0.013419216317767043,,,
49,14.626945786366075,42.64626945786366,4.864465915190553,6.736446591519055,10.802469135802468,0.785024154589372,16.42512077294686,2.254428341384863,0.28180354267310787,0.4428341384863124,0.10735373054213634,0.013419216317767043,0.013419216317767043,,,
50,14.55984970477724,42.351046698872786,5.24020397208803,6.702898550724638,10.789049919484702,0.798443370907139,16.371443907675793,2.254428341384863,0.3153515834675255,0.4830917874396135,0.10735373054213634,0.013419216317767043,0.013419216317767043,,,
51,14.318303811057435,42.09608158883521,5.246913580246914,6.327160493827161,10.701825013419215,0.8051529790660226,16.901502952227588,2.254428341384863,0.3153515834675255,0.8923778851315083,0.10735373054213634,0.020128824476650563,0.013419216317767043,,,
52,14.190821256038648,39.61352657004831,7.763016639828234,6.327160493827161,10.762211486849168,0.8185721953837896,16.914922168545356,2.254428341384863,0.3153515834675255,0.8923778851315083,0.11406333870101985,0.020128824476650563,0.013419216317767043,,,
53,14.190821256038648,38.12399355877617,7.0450885668276975,5.414653784219001,14.814814814814815,0.7179280730005367,16.814278046162105,1.737788513150832,0.19457863660762212,0.8923778851315083,0.020128824476650563,0.020128824476650563,0.013419216317767043,,,
54,14.184111647879764,37.936124530327426,7.199409554482019,5.414653784219001,14.814814814814815,0.7380568974771873,16.820987654320987,1.737788513150832,0.19457863660762212,0.8923778851315083,0.03354804079441761,0.020128824476650563,0.013419216317767043,,,
55,14.029790660225443,37.96296296296296,7.306763285024155,6.219806763285024,14.210950080515298,0.7380568974771873,16.6129898013956,1.737788513150832,0.19457863660762212,0.9192163177670424,0.03354804079441761,0.020128824476650563,0.013419216317767043,,,
56,13.479602791196994,28.5829307568438,6.407675791733762,4.341116478797638,13.882179280730005,0.798443370907139,29.508856682769725,1.9457863660762211,0.05367686527106817,0.9259259259259259,0.05367686527106817,0.0067096081588835215,0.013419216317767043,,,
57,13.425925925925926,27.84487385936661,6.904186795491143,5.052334943639291,13.419216317767042,0.9057971014492754,28.569511540526033,2.1068169618894257,0.06038647342995169,1.6371443907675791,0.05367686527106817,0.0067096081588835215,0.013419216317767043,,,
58,13.385668276972625,27.710681696188942,6.937734836285561,5.052334943639291,13.378958668813741,0.9326355340848095,28.670155662909288,2.1068169618894257,0.06038647342995169,1.6908212560386473,0.05367686527106817,0.0067096081588835215,0.013419216317767043,,,
59,13.352120236178207,27.63016639828234,7.024959742351046,5.052334943639291,13.352120236178207,0.9326355340848095,28.67686527106817,2.0799785292538915,0.06038647342995169,1.6908212560386473,0.10735373054213634,0.0067096081588835215,0.03354804079441761,,,
60,12.70799785292539,22.893183038110575,2.5496511003757383,3.361513687600644,18.47826086956522,1.42914653784219,35.43344068706388,1.8853998926462694,0.07380568974771873,1.107085346215781,0.040257648953301126,0.0067096081588835215,0.03354804079441761,,,
61,12.446323134728932,23.027375201288244,2.576489533011272,3.3950617283950617,18.391035963499732,1.556629092860977,35.299248523886206,1.9524959742351047,0.07380568974771873,1.2010198604401503,0.040257648953301126,0.0067096081588835215,0.03354804079441761,,,
62,12.446323134728932,22.946859903381643,2.636876006441224,3.656736446591519,18.344068706387546,1.6438539989264627,35.218733225979605,1.737788513150832,0.07380568974771873,1.247987117552335,0.0067096081588835215,0.0067096081588835215,0.03354804079441761,,,
63,10.84272678475577,24.691358024691358,2.6704240472356413,3.670155662909286,18.12265163714439,1.6908212560386473,35.14492753623188,1.778046162104133,0.07380568974771873,1.2681159420289856,0.0067096081588835215,0.0067096081588835215,0.03354804079441761,,,
64,10.789049919484702,24.456521739130434,2.7643585614600106,3.670155662909286,18.06897477187332,1.8451422436929683,35.18518518518518,1.778046162104133,0.07380568974771873,1.3217928073000538,0.0067096081588835215,0.0067096081588835215,0.03354804079441761,,,
65,10.721953837895867,24.36929683306495,2.791196994095545,3.6902844873859366,17.98845947396672,1.8786902844873858,35.27241009125067,1.778046162104133,0.10064412238325282,1.3486312399355878,0.020128824476650563,0.0067096081588835215,0.03354804079441761,,,
66,10.721953837895867,24.329039184111647,2.831454643048846,3.656736446591519,17.954911433172303,2.0397208803005906,35.14492753623188,1.778046162104133,0.13419216317767044,1.3486312399355878,0.020128824476650563,0.0067096081588835215,0.03354804079441761,,,
67,10.607890499194847,24.261943102522814,2.8650026838432634,3.6500268384326353,17.961621041331185,2.1940418679549114,35.12479871175523,1.778046162104133,0.13419216317767044,1.3620504562533549,0.020128824476650563,0.0067096081588835215,0.03354804079441761,,,
68,10.292538915727322,23.49033816425121,2.918679549114332,3.421900161030596,19.578636607622116,2.7777777777777777,34.43370907139023,1.402308105206656,0.17444981213097155,1.4626945786366077,0.013419216317767043,,0.03354804079441761,,,
69,10.23215244229737,23.470209339774556,3.012614063338701,3.435319377348363,19.545088566827697,2.791196994095545,34.38674181427805,1.402308105206656,0.1878690284487386,1.4895330112721417,0.013419216317767043,,0.03354804079441761,,,
70,10.124798711755233,21.71900161030596,2.952227589908749,3.388352120236178,19.887278582930758,2.831454643048846,36.02388620504563,1.328502415458937,0.20799785292538917,1.4895330112721417,0.013419216317767043,,0.03354804079441761,,,
71,10.111379495437467,21.604938271604937,3.260869565217391,3.113258185721954,19.847020933977454,2.9253891572732154,35.95679012345679,1.3754696725711217,0.20799785292538917,1.5499194847020934,0.013419216317767043,,0.03354804079441761,,,
72,9.809447128287708,21.215780998389693,3.488996242619431,3.140096618357488,20.705850778314545,2.898550724637681,35.52066559312936,1.3620504562533549,0.2147074610842727,1.596886741814278,0.013419216317767043,,0.03354804079441761,,,
73,9.742351046698873,21.027911969940956,3.535963499731616,3.1535158346752548,20.618625872249062,4.139828234031133,34.50080515297907,1.3620504562533549,0.2147074610842727,1.6572732152442298,0.013419216317767043,,0.03354804079441761,,,
74,9.66183574879227,20.994363929146537,3.5762211486849167,5.750134192163178,18.149490069779926,4.2270531400966185,34.272678475577024,1.42914653784219,0.2281266774020397,1.6639828234031133,0.013419216317767043,,0.03354804079441761,,,
75,9.628287707997853,20.967525496511005,3.556092324208266,6.347289318303811,18.015297906602253,4.582662372517445,33.46081588835212,1.4492753623188406,0.27509393451422437,1.6706924315619969,0.013419216317767043,,0.03354804079441761,,,
76,9.500805152979066,21.07487922705314,3.5762211486849167,6.374127750939345,17.961621041331185,4.669887278582931,33.3870101986044,1.4224369296833066,0.27509393451422437,1.6908212560386473,0.013419216317767043,0.020128824476650563,0.03354804079441761,,,
77,9.473966720343531,21.034621578099838,3.616478797638218,6.132581857219538,17.599302200751477,5.401234567901234,33.272946859903385,1.4224369296833066,0.27509393451422437,1.7042404723564144,0.013419216317767043,0.020128824476650563,0.03354804079441761,,,
78,9.46725711218465,20.913848631239937,3.6366076221148687,6.5485775630703165,17.431561996779386,5.005367686527107,32.80327428878154,2.073268921095008,0.27509393451422437,1.7713365539452497,0.013419216317767043,0.020128824476650563,0.040257648953301126,,,
79,9.460547504025765,20.8870101986044,3.670155662909286,6.521739130434782,17.418142780461622,5.01207729468599,32.789855072463766,2.100107353730542,0.28180354267310787,1.7847557702630166,0.013419216317767043,0.020128824476650563,0.040257648953301126,,,
80,9.460547504025765,20.86688137412775,3.6768652710681695,6.488191089640365,17.411433172302736,5.032206119162641,32.75630703166935,2.073268921095008,0.2952227589908749,1.8518518518518519,0.013419216317767043,0.020128824476650563,0.05367686527106817,,,
81,9.39345142243693,20.336822329575952,3.750670960815888,6.025228126677402,16.941760601180892,4.931561996779388,34.19216317767042,2.073268921095008,0.322061191626409,1.9457863660762211,0.013419216317767043,0.020128824476650563,0.05367686527106817,,,
82,9.380032206119163,20.336822329575952,3.784219001610306,5.991680085882985,16.881374127750938,4.99194847020934,34.11835748792271,2.073268921095008,0.35560923242082665,1.9994632313472893,0.013419216317767043,0.020128824476650563,0.05367686527106817,,,
83,9.312936124530328,20.38378958668814,3.864734299516908,5.984970477724101,16.854535695115406,5.059044551798175,34.01771336553945,2.086688137412775,0.3488996242619431,2.0128824476650564,0.013419216317767043,0.0067096081588835215,0.05367686527106817,,,
84,9.29951690821256,20.356951154052602,3.9184111647879765,5.9447128287707995,16.854535695115406,5.535426731078905,33.601717659688674,2.033011272141707,0.36231884057971014,2.006172839506173,0.013419216317767043,0.020128824476650563,0.05367686527106817,,,
85,9.084809447128288,19.726247987117553,5.273752012882448,5.911164787976382,16.800858829844337,5.548845947396672,32.769726247987116,2.3483628556092326,0.35560923242082665,2.0128824476650564,0.06038647342995169,0.05367686527106817,0.05367686527106817,,,
86,9.07139023081052,19.719538378958667,5.347557702630167,5.891035963499732,16.780730005367687,5.562265163714439,32.66237251744498,2.3752012882447664,0.3757380568974772,2.046430488459474,0.06038647342995169,0.05367686527106817,0.05367686527106817,,,
87,8.836553945249598,19.95437466451959,5.35426731078905,5.904455179817498,16.774020397208805,5.8239398819108965,32.367149758454104,2.38191089640365,0.36231884057971014,2.0531400966183573,0.06709608158883522,0.06709608158883522,0.05367686527106817,,,
88,8.82313472893183,19.920826623725173,5.367686527106817,5.877616747181965,16.80756843800322,5.884326355340848,32.306763285024154,2.4490069779924855,0.36231884057971014,2.0128824476650564,0.06709608158883522,0.06709608158883522,0.05367686527106817,,,
89,8.78287707997853,19.961084272678477,5.340848094471283,5.891035963499732,16.72705314009662,5.9514224369296835,32.22624798711755,2.4892646269457863,0.36231884057971014,2.0799785292538915,0.06709608158883522,0.06709608158883522,0.05367686527106817,,,
90,8.507783145464305,20.115405260332796,5.46833064949007,6.139291465378422,15.257648953301127,5.984970477724101,32.098765432098766,4.1532474503489,0.36902844873859364,1.6505636070853462,0.06709608158883522,0.13419216317767044,0.05367686527106817,,,
91,7.950885668276973,21.490874932903917,5.475040257648954,6.139291465378422,15.28448738593666,6.072195383789587,31.293612453032743,4.019055287171229,0.36902844873859364,1.6505636070853462,0.06709608158883522,0.13419216317767044,0.05367686527106817,,,
92,7.937466451959206,21.410359634997317,5.58239398819109,6.112453032742888,15.297906602254429,6.146001073537305,31.19296833064949,4.032474503488996,0.3824476650563607,1.6505636070853462,0.06709608158883522,0.13419216317767044,0.05367686527106817,,,
93,7.924047235641439,19.746376811594203,5.877616747181965,6.132581857219538,15.257648953301127,6.132581857219538,32.729468599033815,3.8311862587224907,0.3824476650563607,1.6908212560386473,0.08051529790660225,0.15432098765432098,0.06038647342995169,,,
94,7.695920558239399,19.216317767042405,5.891035963499732,6.139291465378422,15.70048309178744,6.179549114331723,32.8569511540526,3.8714439076757916,0.39586688137412773,1.751207729468599,0.08051529790660225,0.1610305958132045,0.06038647342995169,,,
95,7.635534084809447,19.142512077294686,5.904455179817498,7.112184648416532,15.640096618357488,5.964841653247451,32.25308641975309,3.797638217928073,0.4092860976918948,1.8384326355340848,0.08051529790660225,0.1610305958132045,0.06038647342995169,,,
96,7.601986044015029,19.122383252818036,6.1929683306494905,6.380837359098229,15.640096618357488,5.984970477724101,32.2061191626409,3.797638217928073,0.4227053140096618,2.3483628556092326,0.08051529790660225,0.1610305958132045,0.06038647342995169,,,
97,7.601986044015029,19.028448738593667,6.233225979602791,7.125603864734299,15.069779924852389,6.132581857219538,32.00483091787439,3.797638217928073,0.4227053140096618,2.281266774020397,0.08051529790660225,0.1610305958132045,0.06038647342995169,,,
98,7.595276435856146,19.008319914117017,6.286902844873859,7.098765432098766,15.069779924852389,6.152710681696189,31.95786366076221,3.81105743424584,0.4227053140096618,2.2946859903381642,0.08051529790660225,0.1610305958132045,0.06038647342995169,,,
99,7.5348899624261945,19.0150295222759,6.367418142780462,7.078636607622115,14.861782071927,6.716317767042405,31.696188942565755,3.824476650563607,0.4227053140096618,2.1806226516371443,0.08051529790660225,0.1610305958132045,0.06038647342995169,,,
100,7.5348899624261945,18.9747718733226,6.400966183574879,7.078636607622115,14.741009125067096,6.790123456790123,31.608964036500268,3.824476650563607,0.4227053140096618,2.301395598497048,0.08722490606548577,0.1610305958132045,0.07380568974771873,,,
101,7.5348899624261945,18.96135265700483,6.387546967257112,7.085346215780999,14.707461084272678,6.830381105743425,31.561996779388085,3.824476650563607,0.4294149221685454,2.3349436392914655,0.08722490606548577,0.1610305958132045,0.0939345142243693,,,
102,7.5348899624261945,18.947933440687063,6.427804616210413,7.212828770799785,14.673913043478262,6.857219538378959,31.407675791733762,3.824476650563607,0.4294149221685454,2.3550724637681157,0.08722490606548577,0.14761137949543746,0.0939345142243693,,,
103,7.5348899624261945,18.90096618357488,6.414385399892646,7.1658615136876005,14.606816961889425,6.904186795491143,31.340579710144926,3.8378958668813743,0.49651100375738055,2.428878153515835,0.10064412238325282,0.1610305958132045,0.10735373054213634,,,
104,7.5348899624261945,18.874127750939344,6.266774020397209,7.360440150295223,14.53972088030059,6.910896403650026,31.146001073537306,3.6768652710681695,0.798443370907139,2.4691358024691357,0.10064412238325282,0.1878690284487386,0.13419216317767044,,,
105,7.521470746108427,18.59903381642512,6.642512077294686,7.669082125603865,14.472624798711756,6.769994632313473,30.951422436929683,3.6097691894793345,0.8387010198604401,2.4691358024691357,0.10064412238325282,0.2147074610842727,0.14090177133655393,,,
106,7.427536231884058,15.042941492216855,4.555823939881911,7.232957595276436,13.935856146001074,6.756575415995706,38.519860440150296,3.3548040794417604,0.47638217928073,2.3550724637681157,0.05367686527106817,0.14761137949543746,0.14090177133655393,,,
107,7.427536231884058,14.828234031132581,4.575952764358561,7.232957595276436,13.47289318303811,7.971014492753623,38.16425120772947,3.3548040794417604,0.47638217928073,2.1403650026838434,0.05367686527106817,0.1610305958132045,0.14090177133655393,,,
108,7.353730542136339,14.331723027375201,4.528985507246377,7.803274288781535,13.009930220075148,7.5281803542673105,39.09688674181428,3.3816425120772946,0.47638217928073,2.13365539452496,0.05367686527106817,0.1610305958132045,0.14090177133655393,,,
109,7.353730542136339,14.244498121309716,4.7101449275362315,7.769726247987117,12.97638217928073,7.514761137949543,39.00295222758991,3.3950617283950617,0.47638217928073,2.167203435319377,0.08051529790660225,0.1610305958132045,0.14761137949543746,,,
110,7.092055823939882,14.331723027375201,4.656468062265164,8.299785292538916,12.909286097691895,8.152173913043478,38.1508319914117,3.3480944712828773,0.47638217928073,2.1604938271604937,0.08051529790660225,0.1610305958132045,0.18115942028985507,,,
111,7.092055823939882,14.325013419216317,4.656468062265164,8.259527643585615,12.882447665056361,8.239398819108963,38.056897477187334,3.3480944712828773,0.47638217928073,2.1940418679549114,0.08051529790660225,0.20128824476650564,0.18115942028985507,0.0067096081588835215,,
112,7.092055823939882,14.251207729468598,4.62962962962963,8.246108427267847,12.869028448738593,7.803274288781535,37.58722490606549,4.334406870638754,0.47638217928073,2.2074610842726785,0.07380568974771873,0.20128824476650564,0.20128824476650564,0.026838432635534086,,
113,7.011540526033279,13.727858293075684,4.51556629092861,8.205850778314547,12.909286097691895,8.36688137412775,37.70799785292539,4.314278046162104,0.47638217928073,2.2342995169082127,0.07380568974771873,0.20128824476650564,0.2147074610842727,0.040257648953301126,,
114,6.910896403650026,13.801663982823403,4.51556629092861,8.031400966183575,13.258185721953838,8.158883521202362,37.68115942028985,4.30756843800322,0.47638217928073,2.2611379495437465,0.14090177133655393,0.20128824476650564,0.2147074610842727,0.040257648953301126,,
115,6.910896403650026,13.774825550187868,5.273752012882448,7.669082125603865,12.895866881374127,8.205850778314547,38.06360708534621,3.9586688137412773,0.46296296296296297,2.1806226516371443,0.14090177133655393,0.20799785292538917,0.2147074610842727,0.040257648953301126,,
116,6.870638754696726,13.801663982823403,5.314009661835748,7.628824476650563,12.875738056897477,8.225979602791197,38.016639828234034,3.9855072463768115,0.4830917874396135,2.1739130434782608,0.14090177133655393,0.2281266774020397,0.2147074610842727,0.040257648953301126,,
117,6.843800322061192,13.741277509393452,5.3341384863123995,7.64224369296833,12.882447665056361,8.299785292538916,37.956253354804076,3.978797638217928,0.5099302200751477,2.1739130434782608,0.14090177133655393,0.2281266774020397,0.2281266774020397,0.040257648953301126,,
118,6.843800322061192,13.741277509393452,5.340848094471283,7.628824476650563,12.842190016103059,8.259527643585615,37.936124530327426,4.005636070853462,0.5099302200751477,2.2074610842726785,0.14090177133655393,0.24825550187869028,0.2549651100375738,0.040257648953301126,,
119,6.843800322061192,13.694310252281268,6.233225979602791,7.581857219538379,12.560386473429952,8.132045088566828,37.23161567364466,4.334406870638754,0.5434782608695652,2.167203435319377,0.14090177133655393,0.23483628556092323,0.24825550187869028,0.05367686527106817,,
120,6.823671497584541,13.499731615673644,6.300322061191626,7.581857219538379,12.667740203972087,8.205850778314547,37.0907139023081,4.394793344068707,0.5434782608695652,2.214170692431562,0.14090177133655393,0.23483628556092323,0.24825550187869028,0.05367686527106817,,
121,6.709608158883521,13.499731615673644,6.347289318303811,7.581857219538379,12.573805689747719,8.21256038647343,36.943102522812666,4.49543746645196,0.5434782608695652,2.38191089640365,0.14090177133655393,0.23483628556092323,0.2683843263553409,0.06709608158883522,,
122,6.709608158883521,13.47289318303811,6.374127750939345,7.581857219538379,12.560386473429952,8.21256038647343,36.943102522812666,4.49543746645196,0.5434782608695652,2.395330112721417,0.14090177133655393,0.23483628556092323,0.2683843263553409,0.06709608158883522,,
123,6.5485775630703165,12.855609232420827,6.105743424584004,7.481213097155126,14.432367149758454,8.293075684380032,36.03730542136339,4.414922168545357,0.5568974771873323,2.5295222758990876,0.14090177133655393,0.23483628556092323,0.2885131508319914,0.08051529790660225,,
124,6.5485775630703165,12.842190016103059,6.119162640901771,7.454374664519592,14.38539989264627,8.340042941492216,35.97691894793344,4.468599033816425,0.5703166935050993,2.5496511003757383,0.14090177133655393,0.23483628556092323,0.2885131508319914,0.08051529790660225,,
125,6.515029522275899,12.801932367149758,6.159420289855072,7.447665056360709,14.472624798711756,8.373590982286634,35.849436392914654,4.51556629092861,0.5703166935050993,2.5496511003757383,0.14090177133655393,0.23483628556092323,0.2885131508319914,0.08051529790660225,,
126,6.494900697799249,12.761674718196458,6.179549114331723,7.434245840042942,14.398819108964037,8.407139023081053,35.76221148684917,4.602791196994096,0.5703166935050993,2.677133655394525,0.14090177133655393,0.20128824476650564,0.2885131508319914,0.08051529790660225,,
127,6.488191089640365,12.667740203972087,6.246645195920558,7.4006977992485234,14.42565754159957,8.57487922705314,35.621309715512616,4.602791196994096,0.5770263016639828,2.677133655394525,0.14090177133655393,0.20128824476650564,0.2952227589908749,0.08051529790660225,,
128,6.387546967257112,12.486580783682234,6.226516371443908,7.347020933977456,14.284755770263017,8.588298443370908,36.090982286634464,4.562533548040794,0.5770263016639828,2.7106816961889426,0.14090177133655393,0.24154589371980675,0.27509393451422437,0.08051529790660225,,
129,6.380837359098229,12.359098228663447,6.266774020397209,7.481213097155126,14.217659688674182,8.715780998389693,36.03730542136339,4.522275899087493,0.5904455179817498,2.690552871712292,0.14090177133655393,0.24154589371980675,0.27509393451422437,0.08051529790660225,,
130,6.360708534621578,12.29200214707461,6.427804616210413,7.514761137949543,14.210950080515298,9.292807300053678,35.319377348362856,4.508856682769726,0.6575415995705851,2.6637144390767578,0.1610305958132045,0.2281266774020397,0.28180354267310787,0.08051529790660225,,
131,6.333870101986044,12.211486849168008,6.454643048845948,7.514761137949543,14.096886741814279,9.500805152979066,35.258990874932906,4.555823939881911,0.6575415995705851,2.6637144390767578,0.1610305958132045,0.2281266774020397,0.28180354267310787,0.08051529790660225,,
132,6.333870101986044,12.191358024691358,6.602254428341385,7.50805152979066,13.989533011272142,9.520933977455716,35.18518518518518,4.582662372517445,0.6575415995705851,2.6637144390767578,0.1610305958132045,0.2281266774020397,0.28180354267310787,0.0939345142243693,,
133,6.273483628556092,12.077294685990339,6.608964036500268,7.555018786902845,13.982823403113258,9.534353193773484,35.29253891572732,4.555823939881911,0.6709608158883521,2.6838432635534084,0.1610305958132045,0.2281266774020397,0.28180354267310787,0.0939345142243693,,
134,6.260064412238325,12.016908212560386,6.702898550724638,7.5281803542673105,13.969404186795492,9.681964573268921,35.11808910359635,4.569243156199678,0.6843800322061192,2.6838432635534084,0.1610305958132045,0.2281266774020397,0.28180354267310787,0.11406333870101985,,
135,6.260064412238325,11.996779388083736,6.769994632313473,7.427536231884058,13.94927536231884,9.728931830381105,35.03086419753087,4.74369296833065,0.6508319914117016,2.657004830917874,0.1610305958132045,0.2281266774020397,0.28180354267310787,0.11406333870101985,,
136,6.233225979602791,12.016908212560386,6.78341384863124,7.4006977992485234,13.90901771336554,9.822866344605474,34.92351046698873,4.770531400966184,0.6508319914117016,2.717391304347826,0.1610305958132045,0.2147074610842727,0.28180354267310787,0.11406333870101985,,
137,6.233225979602791,11.902844873859367,6.796833064949007,7.427536231884058,13.707729468599034,10.50053676865271,34.43370907139023,4.750402576489533,0.6508319914117016,2.8247450348899625,0.1610305958132045,0.24154589371980675,0.2549651100375738,0.11406333870101985,,
138,6.233225979602791,11.882716049382717,6.8035426731078905,7.48792270531401,13.70101986044015,10.527375201288244,34.37332259796028,4.750402576489533,0.6374127750939346,2.818035426731079,0.1610305958132045,0.2549651100375738,0.2549651100375738,0.11406333870101985,,
139,6.233225979602791,11.876006441223833,6.763285024154589,7.467793880837359,13.674181427804616,10.493827160493828,34.346484165324746,4.7638217928073,0.7179280730005367,2.8515834675254963,0.1878690284487386,0.2549651100375738,0.2549651100375738,0.11406333870101985,,
140,6.219806763285024,11.761943102522812,6.756575415995706,7.4141170155662905,13.895598497047773,10.560923242082662,34.225711218464845,4.757112184648417,0.7514761137949544,2.844873859366613,0.1878690284487386,0.2549651100375738,0.2549651100375738,0.11406333870101985,,
141,6.199677938808374,11.77536231884058,6.763285024154589,7.481213097155126,13.88888888888889,10.57434245840043,34.12506709608159,4.783950617283951,0.7514761137949544,2.818035426731079,0.1878690284487386,0.2549651100375738,0.2549651100375738,0.11406333870101985,0.026838432635534086,
142,6.1929683306494905,11.741814278046162,7.132313472893183,7.440955448201825,13.862050456253355,10.560923242082662,33.72920021470746,4.817498658078368,0.7917337627482555,2.885131508319914,0.2147074610842727,0.24154589371980675,0.2616747181964573,0.11406333870101985,0.013419216317767043,
143,6.1862587224906065,11.694847020933977,7.37385936661299,7.4208266237251745,13.81508319914117,10.587761674718196,33.50107353730542,4.817498658078368,0.8252818035426731,2.9388083735909825,0.2147074610842727,0.24154589371980675,0.2549651100375738,0.11406333870101985,0.013419216317767043,
144,6.179549114331723,11.627750939345143,7.4006977992485234,7.407407407407407,13.801663982823403,10.63472893183038,33.41384863123994,4.891304347826087,0.8387010198604401,2.952227589908749,0.2147074610842727,0.24154589371980675,0.2683843263553409,0.11406333870101985,0.013419216317767043,
145,6.072195383789587,11.634460547504025,7.407407407407407,7.702630166398282,13.694310252281268,10.59447128287708,33.293075684380035,4.87788513150832,0.8387010198604401,3.0327428878153517,0.2147074610842727,0.24154589371980675,0.2683843263553409,0.11406333870101985,0.013419216317767043,
146,6.031937734836285,11.654589371980677,7.407407407407407,7.675791733762749,13.70101986044015,10.567632850241546,33.272946859903385,4.924852388620504,0.8387010198604401,3.0059044551798175,0.2214170692431562,0.27509393451422437,0.2683843263553409,0.14090177133655393,0.013419216317767043,
147,6.031937734836285,11.54723564143854,7.367149758454106,7.675791733762749,13.70101986044015,10.63472893183038,33.15217391304348,5.12614063338701,0.8387010198604401,2.9924852388620504,0.2214170692431562,0.27509393451422437,0.28180354267310787,0.14090177133655393,0.013419216317767043,
148,5.897745571658615,11.520397208803006,7.37385936661299,7.749597423510467,14.17740203972088,10.68840579710145,32.749597423510465,5.152979066022544,0.8252818035426731,2.918679549114332,0.23483628556092323,0.27509393451422437,0.28180354267310787,0.14090177133655393,0.013419216317767043,
149,5.810520665593129,11.58749329039184,7.930756843800322,7.695920558239399,13.788244766505636,10.668276972624799,32.729468599033815,5.159688674181428,0.8252818035426731,2.85829307568438,0.23483628556092323,0.27509393451422437,0.28180354267310787,0.14090177133655393,0.013419216317767043,
150,5.810520665593129,11.580783682232958,7.997852925389157,7.6556629092860975,13.788244766505636,10.695115405260333,32.68250134192163,5.159688674181428,0.8319914117015567,2.871712292002147,0.23483628556092323,0.27509393451422437,0.2683843263553409,0.13419216317767044,0.013419216317767043,
151,5.689747718733226,11.466720343531938,7.917337627482555,7.6623725174449815,14.210950080515298,10.668276972624799,32.67579173376275,5.146269457863661,0.8118625872249061,2.7844873859366612,0.23483628556092323,0.3153515834675255,0.2683843263553409,0.13419216317767044,0.013419216317767043,
152,5.689747718733226,11.453301127214171,8.299785292538916,7.635534084809447,14.197530864197532,10.748792270531402,32.21953837895867,5.226784755770263,0.8252818035426731,2.757648953301127,0.19457863660762212,0.32877079978529256,0.27509393451422437,0.13419216317767044,0.013419216317767043,
153,5.689747718733226,11.426462694578637,8.32662372517445,7.132313472893183,13.922436929683306,10.869565217391305,32.86366076221149,5.2066559312936125,0.8252818035426731,2.818035426731079,0.19457863660762212,0.30864197530864196,0.2683843263553409,0.13419216317767044,0.013419216317767043,
154,5.669618894256575,11.332528180354267,8.313204508856682,7.098765432098766,14.170692431561998,10.889694041867955,32.6154052603328,5.287171229200215,0.8454106280193237,2.85829307568438,0.19457863660762212,0.30864197530864196,0.2683843263553409,0.13419216317767044,0.013419216317767043,
155,5.669618894256575,11.325818572195384,8.3064949006978,7.118894256575416,14.150563607085346,10.929951690821255,32.56172839506173,5.314009661835748,0.8454106280193237,2.8381642512077296,0.19457863660762212,0.30864197530864196,0.2885131508319914,0.13419216317767044,0.013419216317767043,
156,5.669618894256575,11.325818572195384,8.32662372517445,7.098765432098766,14.123725174449811,10.48040794417606,31.260064412238325,6.9310252281266775,0.8789586688137413,2.8650026838432634,0.23483628556092323,0.3757380568974772,0.28180354267310787,0.13419216317767044,0.013419216317767043,
157,5.669618894256575,11.325818572195384,8.413848631239935,7.051798174986581,14.049919484702093,10.50053676865271,31.166129898013956,6.957863660762212,0.9057971014492754,2.85829307568438,0.23483628556092323,0.4294149221685454,0.2885131508319914,0.13419216317767044,0.013419216317767043,
158,5.662909286097692,11.20504562533548,8.655394524959743,7.474503488996243,13.868760064412239,10.413311862587225,31.00509930220075,6.843800322061192,0.9125067096081588,2.8113258185721954,0.2616747181964573,0.4562533548040794,0.2885131508319914,0.1274825550187869,0.013419216317767043,
159,5.46833064949007,11.426462694578637,8.648684916800859,7.447665056360709,13.694310252281268,10.279119699409554,30.454911433172303,7.6623725174449815,0.8856682769726248,2.871712292002147,0.2616747181964573,0.4562533548040794,0.30193236714975846,0.1274825550187869,0.013419216317767043,
160,5.46833064949007,11.426462694578637,8.682232957595277,7.447665056360709,13.674181427804616,10.312667740203972,30.381105743424584,7.6623725174449815,0.8990874932903918,2.885131508319914,0.2616747181964573,0.4562533548040794,0.30193236714975846,0.1274825550187869,0.013419216317767043,
161,5.46833064949007,11.426462694578637,8.682232957595277,7.434245840042942,13.627214170692431,10.339506172839506,30.347557702630166,7.6623725174449815,0.9125067096081588,2.8784219001610305,0.2885131508319914,0.48980139559849706,0.30193236714975846,0.1274825550187869,0.013419216317767043,
162,5.441492216854535,11.453301127214171,8.809715512614064,7.434245840042942,13.613794954374665,10.272410091250672,30.267042404723565,7.722758990874933,0.9125067096081588,2.8515834675254963,0.2885131508319914,0.48980139559849706,0.30193236714975846,0.1274825550187869,0.013419216317767043,
163,5.421363392377885,11.43317230273752,8.957326892109501,7.4141170155662905,13.600375738056897,10.527375201288244,30.038915727321523,7.581857219538379,0.9326355340848095,2.844873859366613,0.2885131508319914,0.5166398282340311,0.30193236714975846,0.1274825550187869,0.013419216317767043,
