,45,50,54,51,53,52,55,56,57,58
0,97.17525496511004,2.8247450348899625,,,,,,,,
1,97.11486849168008,2.885131508319914,,,,,,,,
2,97.11486849168008,2.885131508319914,,,,,,,,
3,96.61164787976382,3.388352120236178,,,,,,,,
4,94.67257112184649,5.038915727321524,0.2885131508319914,,,,,,,
5,94.7463768115942,4.9651100375738055,0.2885131508319914,,,,,,,
6,94.4243156199678,5.152979066022544,0.2885131508319914,0.13419216317767044,,,,,,
7,92.8341384863124,6.743156199677939,0.2885131508319914,0.13419216317767044,,,,,,
8,92.93478260869566,6.642512077294686,0.2885131508319914,0.13419216317767044,,,,,,
9,92.80730005367687,6.769994632313473,0.2885131508319914,0.13419216317767044,,,,,,
10,87.76838432635535,11.701556629092861,0.28180354267310787,0.13419216317767044,0.11406333870101985,,,,,
11,81.17954911433172,18.04213633923779,0.4092860976918948,0.11406333870101985,0.11406333870101985,0.14090177133655393,,,,
12,78.12667740203972,21.20907139023081,0.4092860976918948,,0.11406333870101985,0.14090177133655393,,,,
13,74.34245840042942,24.993290391841118,0.4092860976918948,,0.11406333870101985,0.14090177133655393,,,,
14,73.98684916800859,25.36231884057971,0.39586688137412773,,0.11406333870101985,0.14090177133655393,,,,
15,74.13446054750402,24.912775093934513,0.39586688137412773,,0.11406333870101985,0.4428341384863124,,,,
16,70.0684380032206,27.9723564143854,0.39586688137412773,1.0466988727858293,0.11406333870101985,0.4025764895330113,,,,
17,68.63258185721953,29.408212560386474,0.39586688137412773,1.0466988727858293,0.11406333870101985,0.4025764895330113,,,,
18,69.43773483628556,28.609769189479334,0.39586688137412773,1.0466988727858293,0.11406333870101985,0.39586688137412773,,,,
19,67.82071926999463,28.703703703703702,0.35560923242082665,2.61003757380569,0.11406333870101985,0.39586688137412773,,,,
20,67.84755770263017,28.710413311862588,0.35560923242082665,2.4825550187869028,0.20799785292538917,0.39586688137412773,,,,
21,68.0756843800322,28.509125067096083,0.35560923242082665,2.4557165861513686,0.20799785292538917,0.39586688137412773,,,,
22,68.12936124530327,28.341384863123995,0.35560923242082665,2.4490069779924855,0.32877079978529256,0.39586688137412773,,,,
23,62.52012882447665,34.01771336553945,0.35560923242082665,2.428878153515835,0.28180354267310787,0.39586688137412773,,,,
24,60.80246913580247,33.353462157809986,0.35560923242082665,4.676596886741814,0.28180354267310787,0.39586688137412773,0.13419216317767044,,,
25,60.98362855609233,33.07836822329576,0.35560923242082665,4.676596886741814,0.3757380568974772,0.39586688137412773,0.13419216317767044,,,
26,61.07085346215781,32.78314546430489,0.4428341384863124,4.656468062265164,0.5166398282340311,0.39586688137412773,0.13419216317767044,,,
27,61.08427267847558,32.50805152979066,0.4428341384863124,4.542404723564144,0.9192163177670424,0.36902844873859364,0.13419216317767044,,,
28,61.2788513150832,32.35373054213634,0.4428341384863124,4.51556629092861,0.9057971014492754,0.36902844873859364,0.13419216317767044,,,
29,60.72866344605475,29.696725711218466,2.1604938271604937,4.488727858293076,0.8387010198604401,1.9659151905528718,0.12077294685990338,,,
30,59.70880300590446,30.461621041331185,2.13365539452496,4.53569511540526,0.8387010198604401,1.932367149758454,0.38915727321524424,,,
31,59.634997316156735,30.213365539452496,2.13365539452496,4.750402576489533,0.8387010198604401,2.0397208803005906,0.38915727321524424,,,
32,58.581588835212024,29.71014492753623,1.9927536231884058,6.327160493827161,0.8387010198604401,2.0128824476650564,0.5367686527106817,,,
33,58.293075684380035,30.139559849704778,1.9793344068706387,6.226516371443908,0.8387010198604401,1.9860440150295222,0.5367686527106817,,,
34,53.9922168545357,33.63526570048309,1.9457863660762211,7.065217391304348,0.8387010198604401,1.9860440150295222,0.5367686527106817,,,
35,54.2740203972088,33.353462157809986,1.9122383252818036,6.971282877079979,0.8387010198604401,1.9860440150295222,0.6642512077294686,,,
36,47.59125067096082,38.31186258722491,1.8786902844873858,9.125067096081589,0.6776704240472357,1.778046162104133,0.6374127750939346,,,
37,47.93344068706388,37.90257648953301,1.8786902844873858,9.07139023081052,0.6776704240472357,1.8988191089640365,0.6374127750939346,,,
38,48.067632850241544,37.875738056897475,1.8518518518518519,9.024422973698336,0.6776704240472357,1.865271068169619,0.6374127750939346,,,
39,48.87278582930757,37.1309715512614,1.8518518518518519,8.99087493290392,0.785024154589372,1.7310789049919484,0.6374127750939346,,,
40,46.343263553408484,39.57997852925389,1.8317230273752012,8.890230810520666,1.0064412238325282,1.724369296833065,0.6239935587761675,,,
41,46.812936124530324,39.21765968867418,1.7713365539452497,8.84326355340848,1.0064412238325282,1.724369296833065,0.6239935587761675,,,
42,47.25577026301664,38.66076221148685,2.033011272141707,8.789586688137414,1.0064412238325282,1.6304347826086956,0.6239935587761675,,,
43,43.71309715512614,42.599302200751474,1.8988191089640365,8.501073537305421,0.8990874932903918,1.6237251744498122,0.7648953301127214,,,
44,44.06870638754697,42.31749865807837,1.8585614600107354,8.420558239398819,1.0064412238325282,1.5633387010198605,0.7648953301127214,,,
45,42.49194847020934,44.135802469135804,1.8585614600107354,8.319914117015566,0.9930220075147611,1.4358561460010735,0.7648953301127214,,,
46,41.33118625872249,45.70585077831455,1.6438539989264627,8.185721953837897,1.1003757380568975,1.2748255501878691,0.7581857219538379,,,
47,40.9621578099839,44.22973698336017,1.6438539989264627,10.124798711755233,1.0064412238325282,1.2748255501878691,0.7581857219538379,,,
48,40.371712292002144,44.71953837895867,1.6304347826086956,10.044283413848632,1.221148684916801,1.2748255501878691,0.7380568974771873,,,
49,40.86151368760064,44.44444444444444,1.6304347826086956,9.849704777241008,1.2010198604401503,1.2748255501878691,0.7380568974771873,,,
50,41.116478797638216,43.12936124530327,1.710950080515298,9.75577026301664,1.1943102522812667,2.1604938271604937,0.9326355340848095,,,
51,38.0300590445518,50.436124530327426,1.8585614600107354,5.636070853462158,1.328502415458937,2.0263016639828235,0.6843800322061192,,,
52,38.35882984433709,50.026838432635536,1.932367149758454,5.656199677938808,1.3150831991411702,2.0263016639828235,0.6843800322061192,,,
53,39.231078904991946,49.11433172302738,1.932367149758454,5.508588298443371,1.3150831991411702,2.086688137412775,0.8118625872249061,,,
54,39.78797638217928,48.46349973161568,1.9189479334406871,5.508588298443371,1.288244766505636,2.2208803005904456,0.8118625872249061,,,
55,37.2987117552335,45.450885668276975,2.046430488459474,10.802469135802468,1.42914653784219,2.1604938271604937,0.8118625872249061,,,
56,37.0907139023081,42.88781535158347,3.643317230273752,11.862587224906065,1.42914653784219,2.1403650026838434,0.9460547504025765,,,
57,36.66800858829844,40.68035426731079,3.616478797638218,15.03623188405797,1.1003757380568975,2.073268921095008,0.8252818035426731,,,
58,35.74208266237252,41.458668813741276,3.5829307568438002,15.344873859366613,1.0064412238325282,2.046430488459474,0.8185721953837896,,,
59,36.64117015566291,40.82125603864734,3.5292538915727323,15.150295222758992,0.9930220075147611,2.046430488459474,0.8185721953837896,,,
60,37.17793880837359,40.633387010198604,3.455448201825013,14.922168545356952,0.9796027911969941,2.033011272141707,0.798443370907139,,,
61,37.64090177133655,40.21739130434783,3.589640365002684,14.801395598497047,0.966183574879227,2.033011272141707,0.7514761137949544,,,
62,38.217928073000536,39.82823403113258,3.556092324208266,14.606816961889425,0.966183574879227,2.006172839506173,0.8185721953837896,,,
63,38.29844337090714,38.75469672571122,3.535963499731616,15.874932903918411,0.9125067096081588,1.5633387010198605,1.0601180891035964,,,
64,38.88217928073001,38.31186258722491,3.44873859366613,15.660225442834138,1.06682769726248,1.5365002683843263,1.093666129898014,,,
65,39.24449812130972,38.0703166935051,3.435319377348363,15.559581320450885,1.06682769726248,1.5297906602254427,1.093666129898014,,,
66,39.331723027375205,36.18491680085883,4.005636070853462,15.277777777777779,1.06682769726248,1.5297906602254427,2.6033279656468062,,,
67,39.19753086419753,34.14519592055824,3.9855072463768115,17.60601180891036,0.9259259259259259,1.4962426194310252,2.522812667740204,0.12077294685990338,,
68,39.03650026838432,33.011272141706925,3.9519592055823938,19.108964036500268,0.8319914117015567,1.4492753623188406,2.4892646269457863,0.12077294685990338,,
69,39.398819108964034,31.48148148148148,3.81105743424584,19.008319914117017,0.8319914117015567,3.0931293612453032,2.254428341384863,0.12077294685990338,,
70,39.83494363929147,31.233225979602793,3.9184111647879765,18.726516371443907,0.8319914117015567,3.0931293612453032,2.2410091250670963,0.12077294685990338,,
71,39.98926462694579,29.528985507246375,4.233762748255502,18.451422436929683,2.408749329039184,3.0931293612453032,2.1739130434782608,0.12077294685990338,,
72,40.385131508319915,29.200214707461082,4.233762748255502,18.283682232957595,2.4355877616747184,3.0864197530864197,2.254428341384863,0.12077294685990338,,
73,40.23752012882448,28.227321524422972,4.7638217928073,17.76033279656468,2.5563607085346214,4.200214707461084,2.13365539452496,0.12077294685990338,,
74,40.88164251207729,27.871712292002147,4.851046698872786,17.538915727321523,2.475845410628019,4.17337627482555,2.086688137412775,0.12077294685990338,,
75,41.243961352657,27.180622651637144,4.8376274825550185,17.364465915190554,3.166935050993022,4.106280193236715,1.9793344068706387,0.12077294685990338,,
76,41.93505099302201,26.69753086419753,4.777241009125067,17.136339237788512,3.166935050993022,4.032474503488996,2.13365539452496,0.12077294685990338,,
77,41.84111647879764,25.644122383252817,4.770531400966184,19.82018250134192,2.636876006441224,3.864734299516908,1.1540526033279657,0.2683843263553409,,
78,42.25711218464841,24.711486849168008,4.669887278582931,19.04186795491143,2.6167471819645733,5.287171229200215,1.1473429951690821,0.2683843263553409,,
79,42.552334943639295,24.490069779924852,4.7168545356951155,18.243424584004295,2.475845410628019,6.146001073537305,1.133923778851315,0.24154589371980675,,
80,41.727053140096615,25.758185721953836,4.669887278582931,18.035426731078903,2.475845410628019,5.958132045088567,1.133923778851315,0.24154589371980675,,
81,42.36446591519055,25.503220611916262,4.616210413311863,17.599302200751477,2.6972624798711755,5.877616747181965,1.1003757380568975,0.24154589371980675,,
82,34.72893183038111,18.357487922705314,3.4621578099838968,36.594202898550726,2.059849704777241,3.7104133118625873,0.7514761137949544,0.33548040794417605,,
83,35.225442834138484,18.370907139023082,3.3413848631239937,36.3191089640365,2.0933977455716586,3.5628019323671496,0.7514761137949544,0.33548040794417605,,
84,35.77563070316693,18.189747718733226,3.3145464304884595,35.82259796027912,2.0933977455716586,3.515834675254965,0.95276435856146,0.33548040794417605,,
85,34.50080515297907,17.002147074610843,3.3145464304884595,37.9495437466452,2.1806226516371443,3.361513687600644,1.288244766505636,0.4025764895330113,,
86,30.575684380032207,27.811325818572197,2.0263016639828235,30.877616747181964,1.9256575415995705,5.119431025228127,1.261406333870102,0.4025764895330113,,
87,31.253354804079443,27.388620504562535,2.13365539452496,30.320719269994633,1.9256575415995705,5.072463768115942,1.5029522275899088,0.4025764895330113,,
88,31.884057971014492,27.200751476113794,2.086688137412775,29.958400429414922,1.9256575415995705,5.038915727321524,1.5029522275899088,0.4025764895330113,,
89,32.56843800322061,26.7914653784219,2.227589908749329,29.723564143854,1.90552871712292,4.904723564143854,1.4761137949543746,0.4025764895330113,,
90,32.88378958668814,25.771604938271604,3.911701556629093,28.92512077294686,1.90552871712292,4.74369296833065,1.4559849704777241,0.4025764895330113,,
91,33.60842726784756,25.503220611916262,3.8177670424047236,28.710413311862588,1.8384326355340848,4.703435319377348,1.415727321524423,0.4025764895330113,,
92,33.903650026838434,25.288513150831992,3.7573805689747717,28.522544283413847,1.8048845947396672,4.703435319377348,1.6170155662909287,0.4025764895330113,,
93,34.447128287708,25.140901771336555,3.743961352657005,28.32125603864734,1.7713365539452497,4.5960815888352125,1.596886741814278,0.3824476650563607,,
94,32.33360171765969,27.65029522275899,3.730542136339238,27.932098765432098,1.751207729468599,4.555823939881911,1.596886741814278,0.4495437466451959,,
95,27.34836285560923,39.81481481481482,2.2410091250670963,19.685990338164252,1.6438539989264627,7.601986044015029,1.3821792807300053,0.28180354267310787,,
96,28.166935050993022,39.2512077294686,2.2410091250670963,19.390767579173378,1.6438539989264627,7.5281803542673105,1.4962426194310252,0.28180354267310787,,
97,28.556092324208265,38.21121846484165,2.2342995169082127,18.760064412238325,1.6035963499731616,8.749329039184111,1.6035963499731616,0.28180354267310787,,
98,29.052603327965645,37.74154589371981,2.2342995169082127,18.71309715512614,1.6035963499731616,8.628556092324208,1.7444981213097155,0.28180354267310787,,
99,29.508856682769725,37.493290391841114,2.1940418679549114,18.605743424584006,1.5297906602254427,8.527911969940956,1.8585614600107354,0.28180354267310787,,
100,29.857756307031668,37.285292538915726,2.2208803005904456,18.38432635534085,1.5297906602254427,8.480944712828771,1.9592055823939882,0.28180354267310787,,
101,30.891035963499732,36.621041331186255,2.147074610842727,18.209876543209877,1.6304347826086956,8.299785292538916,1.9189479334406871,0.28180354267310787,,
102,31.635802469135804,36.272141706924316,2.1403650026838434,17.995169082125603,1.6035963499731616,8.024691358024691,2.046430488459474,0.28180354267310787,,
103,31.44122383252818,26.40901771336554,2.059849704777241,28.435319377348364,1.6035963499731616,7.863660762211487,1.90552871712292,0.28180354267310787,,
104,31.689479334406872,26.476113794954376,2.059849704777241,28.173644659151904,1.596886741814278,7.702630166398282,1.8786902844873858,0.4227053140096618,,
105,32.17257112184648,26.288244766505635,2.24771873322598,27.89855072463768,1.6505636070853462,7.561728395061729,1.7579173376274826,0.4227053140096618,,
106,32.971014492753625,25.885668276972623,2.227589908749329,27.596618357487923,1.6505636070853462,7.454374664519592,1.7914653784219001,0.4227053140096618,,
107,33.65539452495974,25.5703166935051,2.2208803005904456,27.194041867954912,1.6505636070853462,7.360440150295223,1.9256575415995705,0.4227053140096618,,
108,34.14519592055824,25.167740203972087,2.2208803005904456,27.160493827160494,1.6505636070853462,7.306763285024155,1.9256575415995705,0.4227053140096618,,
109,34.957058507783145,24.765163714439076,2.167203435319377,26.7914653784219,1.6505636070853462,7.199409554482019,1.9189479334406871,0.5501878690284487,,
110,35.54079441760601,24.59742351046699,2.120236178207193,26.476113794954376,1.6505636070853462,7.159151905528717,1.90552871712292,0.5501878690284487,,
111,32.360440150295226,20.142243692968332,1.6035963499731616,37.533548040794415,0.7917337627482555,5.656199677938808,1.5297906602254427,0.3824476650563607,,
112,32.94417606011809,20.001341921631777,1.5901771336553945,37.17793880837359,0.7917337627482555,5.609232420826624,1.5029522275899088,0.3824476650563607,,
113,33.42055823939882,19.840311325818572,1.5901771336553945,36.802200751476114,0.7917337627482555,5.60252281266774,1.4761137949543746,0.47638217928073,,
114,33.84997316156736,19.57192699946323,1.5767579173376274,36.66129898013956,0.7917337627482555,5.595813204508857,1.4761137949543746,0.47638217928073,,
115,34.346484165324746,19.464573268921097,1.7042404723564144,36.33252818035427,0.7917337627482555,5.407944176060118,1.4761137949543746,0.47638217928073,,
116,34.68867418142781,19.464573268921097,1.7981749865807837,35.85614600107354,0.7917337627482555,5.360976918947934,1.5633387010198605,0.47638217928073,,
117,35.04428341384863,19.209608158883523,1.7579173376274826,35.53408480944713,0.7917337627482555,5.193236714975845,1.9189479334406871,0.5501878690284487,,
118,35.47369833601718,19.122383252818036,1.6572732152442298,35.06441223832528,0.95276435856146,5.152979066022544,2.0263016639828235,0.5501878690284487,,
119,35.94337090713902,19.068706387546968,1.6237251744498122,33.42055823939882,0.9393451422436929,5.10601180891036,3.3480944712828773,0.5501878690284487,,
120,36.77536231884058,18.95464304884595,1.596886741814278,33.00456253354804,0.8051529790660226,4.9718196457326895,3.3413848631239937,0.5501878690284487,,
121,37.5,18.61916264090177,1.5096618357487923,32.70263016639828,0.8051529790660226,4.9651100375738055,3.3480944712828773,0.5501878690284487,,
122,37.34567901234568,18.136070853462158,1.556629092860977,33.84997316156736,0.8051529790660226,4.488727858293076,3.2742887815351582,0.5434782608695652,,
123,37.03703703703704,17.64626945786366,1.3083735909822867,36.24530327428878,0.8051529790660226,3.3279656468062266,3.2340311325818574,0.39586688137412773,,
124,36.75523349436393,17.3040794417606,1.3083735909822867,34.03113258185722,0.8051529790660226,6.447933440687064,2.8650026838432634,0.4830917874396135,,
125,36.29898013955985,16.09634997316157,1.2412775093934514,36.64787976382179,0.7716049382716049,5.991680085882985,2.6704240472356413,0.28180354267310787,,
126,36.808910359635,15.962157809983896,1.2412775093934514,36.3593666129898,0.7716049382716049,5.904455179817498,2.6704240472356413,0.28180354267310787,,
127,37.184648416532475,15.92860976918948,1.2412775093934514,36.12453032742888,0.7716049382716049,5.864197530864198,2.6033279656468062,0.28180354267310787,,
128,37.915995705850776,15.874932903918411,1.2412775093934514,35.42673107890499,0.7716049382716049,5.850778314546431,2.677133655394525,0.24154589371980675,,
129,37.64090177133655,15.33816425120773,1.2412775093934514,36.22517444981213,0.7648953301127214,5.743424584004294,2.6637144390767578,0.3824476650563607,,
130,37.734836285560924,15.203972088030058,1.2144390767579174,36.08427267847558,0.966183574879227,5.589103596349974,2.8247450348899625,0.3824476650563607,,
131,38.217928073000536,14.908749329039184,1.1540526033279657,35.74208266237252,0.9192163177670424,5.964841653247451,2.6704240472356413,0.4227053140096618,,
132,38.94927536231884,14.606816961889425,1.1205045625335481,35.547504025764894,0.9192163177670424,5.8239398819108965,2.61003757380569,0.4227053140096618,,
133,39.47933440687064,14.479334406870638,1.1205045625335481,34.88325281803543,0.9192163177670424,5.8239398819108965,2.871712292002147,0.4227053140096618,,
134,39.231078904991946,14.834943639291465,1.1205045625335481,34.72893183038111,1.0131508319914118,5.776972624798712,2.871712292002147,0.4227053140096618,,
135,39.59339774557166,14.720880300590446,1.1205045625335481,34.56119162640902,0.9863123993558777,5.723295759527644,2.871712292002147,0.4227053140096618,,
136,40.083199141170155,14.593397745571659,1.1205045625335481,34.15190552871712,0.9863123993558777,5.662909286097692,2.8381642512077296,0.5636070853462157,,
137,40.465646806226516,14.479334406870638,1.1205045625335481,33.923778851315085,0.9796027911969941,5.649490069779925,2.8247450348899625,0.5568974771873323,,
138,40.78099838969404,14.465915190552872,1.1205045625335481,33.333333333333336,0.966183574879227,5.642780461621041,2.999194847020934,0.6910896403650026,,
139,41.196994095544824,14.345142243692969,1.1205045625335481,33.03811057434246,0.9460547504025765,5.548845947396672,3.113258185721954,0.6910896403650026,,
140,41.19028448738594,14.244498121309716,1.1137949543746646,30.03220611916264,0.966183574879227,5.387815351583468,6.414385399892646,0.6508319914117016,,
141,41.51234567901235,14.15727321524423,1.1137949543746646,29.817498658078367,0.966183574879227,5.387815351583468,6.400966183574879,0.644122383252818,,
142,41.89479334406871,14.029790660225443,1.1137949543746646,29.54911433172303,0.966183574879227,5.3341384863123995,6.468062265163715,0.644122383252818,,
143,42.51878690284487,13.848631239935587,1.1137949543746646,29.186795491143318,0.966183574879227,6.535158346752549,5.293880837359098,0.5367686527106817,,
144,42.72007514761138,13.788244766505636,1.247987117552335,28.978797638217927,0.966183574879227,6.468062265163715,5.293880837359098,0.5367686527106817,,
145,42.90794417606012,13.546698872785829,1.2345679012345678,28.462157809983896,1.1943102522812667,6.481481481481482,5.381105743424584,0.6843800322061192,0.10735373054213634,
146,43.33064949006978,13.43263553408481,1.3352120236178207,28.35480407944176,1.1943102522812667,6.253354804079442,5.307300053676865,0.6843800322061192,0.10735373054213634,
147,43.833870101986044,13.33870101986044,1.3352120236178207,28.073000536768653,1.1540526033279657,6.226516371443908,5.246913580246914,0.6843800322061192,0.10735373054213634,
148,38.7211486849168,25.986312399355878,1.0534084809447128,19.565217391304348,0.9594739667203436,8.668813741277509,4.757112184648417,0.2885131508319914,,
149,39.07675791733763,25.831991411701555,1.0399892646269457,19.43773483628556,0.9594739667203436,8.608427267847558,4.757112184648417,0.2885131508319914,,
150,38.768115942028984,25.691089640365004,1.093666129898014,20.095276435856146,0.9594739667203436,8.53462157809984,4.569243156199678,0.2885131508319914,,
151,38.506441223832525,24.56387546967257,1.0802469135802468,19.77992485238862,0.9594739667203436,8.380300590445518,6.494900697799249,0.23483628556092323,,
152,38.94256575415996,24.376006441223833,1.06682769726248,19.618894256575416,0.9259259259259259,8.279656468062266,6.5552871712292005,0.23483628556092323,,
153,38.09044551798175,24.000268384326354,1.1406333870101986,18.92109500805153,3.81105743424584,8.239398819108963,5.5756843800322065,0.2214170692431562,,
154,38.67418142780462,23.785560923242084,1.1003757380568975,18.612453032742888,3.7909286097691894,8.145464304884594,5.669618894256575,0.2214170692431562,,
155,38.36553945249597,23.007246376811594,1.1003757380568975,18.250134192163177,4.092860976918948,9.406870638754697,5.555555555555555,0.2214170692431562,,
156,38.828502415458935,22.779119699409556,1.1003757380568975,18.06226516371444,4.05931293612453,9.27938808373591,5.589103596349974,0.2214170692431562,,0.08051529790660225
157,39.67391304347826,22.36983360171766,1.1003757380568975,17.632850241545892,4.045893719806763,9.25925925925926,5.562265163714439,0.27509393451422437,,0.08051529790660225
158,39.92887815351583,22.114868491680085,1.221148684916801,17.58588298443371,4.032474503488996,9.138486312399356,5.622651637144391,0.27509393451422437,,0.08051529790660225
159,40.33816425120773,21.920289855072465,1.1137949543746646,17.444981213097154,4.146537842190016,9.084809447128288,5.595813204508857,0.27509393451422437,,0.08051529790660225
160,40.693773483628554,21.68545356951154,1.107085346215781,17.431561996779386,4.1129898013955986,9.037842190016104,5.5756843800322065,0.27509393451422437,,0.08051529790660225
161,40.734031132581855,21.329844337090712,1.0064412238325282,18.109232420826622,3.9049919484702094,8.876811594202898,5.475040257648954,0.4830917874396135,,0.08051529790660225
162,41.035963499731615,21.18894256575416,1.2077294685990339,17.76033279656468,3.670155662909286,8.80300590445518,5.770263016639828,0.4830917874396135,,0.08051529790660225
163,40.74074074074074,20.947396672034355,1.1003757380568975,19.243156199677937,3.6366076221148687,8.125335480407944,5.548845947396672,0.5770263016639828,,0.08051529790660225
164,39.94900697799248,20.598497047772412,1.0869565217391304,20.605206655931294,3.603059581320451,7.977724100912507,5.522007514761138,0.5770263016639828,,0.08051529790660225
165,40.49919484702093,20.491143317230275,1.0534084809447128,20.397208803005906,3.535963499731616,7.803274288781535,5.441492216854535,0.6977992485238862,,0.08051529790660225
166,41.337895866881375,20.276435856146,1.0064412238325282,19.887278582930758,3.5091250670960816,7.863660762211487,5.374396135265701,0.6642512077294686,,0.08051529790660225
167,41.58615136876006,20.169082125603865,1.133923778851315,19.840311325818572,3.3548040794417604,7.796564680622652,5.374396135265701,0.6642512077294686,,0.08051529790660225
168,40.23081052066559,18.50509930220075,3.4822866344605474,19.94766505636071,3.3548040794417604,8.601717659688674,5.213365539452496,0.6642512077294686,,
169,40.485775630703166,18.136070853462158,3.5762211486849167,19.96779388083736,3.3548040794417604,8.568169618894256,5.119431025228127,0.7917337627482555,,
170,40.915190552871714,17.632850241545892,3.5628019323671496,19.75979602791197,3.3480944712828773,8.514492753623188,5.475040257648954,0.7917337627482555,,
171,41.46537842190016,17.357756307031668,3.5292538915727323,19.37734836285561,3.4420289855072466,8.454106280193237,5.58239398819109,0.7917337627482555,,
172,41.79414922168545,16.76731078904992,2.945517981749866,19.07541599570585,4.616210413311863,8.420558239398819,5.662909286097692,0.7179280730005367,,
173,42.250402576489535,16.606280193236714,2.945517981749866,18.907675791733762,4.609500805152979,8.225979602791197,5.60252281266774,0.8521202361782072,,
174,42.639559849704774,16.57944176060118,2.885131508319914,18.71309715512614,4.562533548040794,8.179012345679013,5.589103596349974,0.8521202361782072,,
175,42.8743961352657,16.485507246376812,2.818035426731079,18.739935587761675,4.549114331723027,8.105206655931294,5.5756843800322065,0.8521202361782072,,
176,43.27697262479871,16.324476650563607,2.7844873859366612,18.67283950617284,4.508856682769726,8.05823939881911,5.522007514761138,0.8521202361782072,,
177,43.94122383252818,16.009125067096083,2.7643585614600106,18.592324208266238,4.468599033816425,7.87037037037037,5.501878690284487,0.8521202361782072,,
178,44.35050993022008,15.955448201825014,2.717391304347826,18.42458400429415,4.468599033816425,7.722758990874933,5.401234567901234,0.8521202361782072,0.10735373054213634,
179,44.69269994632314,15.895061728395062,2.657004830917874,18.290391841116477,4.455179817498658,7.709339774557166,5.35426731078905,0.8387010198604401,0.10735373054213634,
180,45.21604938271605,15.734031132581856,2.6033279656468062,17.98845947396672,4.51556629092861,7.64224369296833,5.22007514761138,0.8387010198604401,0.10735373054213634,0.13419216317767044
181,45.61862587224906,15.539452495974235,2.737520128824477,17.934782608695652,4.341116478797638,7.588566827697263,5.159688674181428,0.8387010198604401,0.10735373054213634,0.13419216317767044
182,46.11513687600644,15.432098765432098,2.717391304347826,17.827428878153516,4.253891572732153,7.48792270531401,5.0858829844337095,0.8387010198604401,0.10735373054213634,0.13419216317767044
183,46.3768115942029,15.318035426731079,2.690552871712292,17.746913580246915,4.180085882984434,7.561728395061729,5.052334943639291,0.8319914117015567,0.10735373054213634,0.13419216317767044
184,46.75925925925926,15.157004830917874,2.771068169618894,17.56575415995706,4.166666666666667,7.4208266237251745,5.092592592592593,0.8319914117015567,0.10064412238325282,0.13419216317767044
185,46.69216317767042,14.915458937198068,3.0193236714975846,17.12962962962963,5.139559849704777,7.273215244229737,4.918142780461621,0.7313472893183038,0.10064412238325282,0.08051529790660225
186,46.85990338164251,14.895330112721417,2.9924852388620504,17.03569511540526,5.139559849704777,7.253086419753086,4.911433172302737,0.7313472893183038,0.10064412238325282,0.08051529790660225
187,47.094739667203434,14.781266774020397,2.985775630703167,16.921631776704242,5.10601180891036,7.27992485238862,4.891304347826087,0.7581857219538379,0.10064412238325282,0.08051529790660225
188,47.40338164251208,14.61352657004831,2.9589371980676327,16.874664519592056,5.0791733762748255,7.27992485238862,4.864465915190553,0.7447665056360708,0.10064412238325282,0.08051529790660225
189,47.839506172839506,14.512882447665056,2.9589371980676327,16.774020397208805,5.025496511003757,7.206119162640902,4.757112184648417,0.7447665056360708,0.10064412238325282,0.08051529790660225
190,48.101180891035966,14.40552871712292,2.932098765432099,16.76731078904992,4.985238862050457,7.185990338164252,4.703435319377348,0.7380568974771873,0.10064412238325282,0.08051529790660225
191,48.49704777241009,14.378690284487385,2.918679549114332,16.59286097691895,4.904723564143854,7.132313472893183,4.656468062265164,0.7380568974771873,0.10064412238325282,0.08051529790660225
192,48.01395598497048,13.150831991411701,2.9119699409554483,16.411701556629094,4.924852388620504,7.14573268921095,6.575415995705851,0.6843800322061192,0.10064412238325282,0.08051529790660225
193,47.34299516908212,13.036768652710682,2.885131508319914,18.10252281266774,4.918142780461621,7.011540526033279,5.857487922705314,0.6843800322061192,0.10064412238325282,0.06038647342995169
194,47.85292538915727,12.889157273215245,2.623456790123457,17.975040257648953,4.884594739667204,6.957863660762212,5.971551261406334,0.6843800322061192,0.10064412238325282,0.06038647342995169
195,48.07434245840043,12.72812667740204,2.7844873859366612,17.619431025228128,4.884594739667204,6.870638754696726,6.1929683306494905,0.6843800322061192,0.10064412238325282,0.06038647342995169
196,47.765700483091784,11.869296833064949,2.771068169618894,17.364465915190554,6.360708534621578,6.790123456790123,6.280193236714976,0.6508319914117016,0.08722490606548577,0.06038647342995169
197,47.99382716049383,11.701556629092861,2.7442297369833604,16.881374127750938,6.884057971014493,6.608964036500268,6.367418142780462,0.6709608158883521,0.08722490606548577,0.06038647342995169
198,48.03408480944713,11.392914653784219,2.7241009125067097,16.67337627482555,6.709608158883521,6.575415995705851,7.071926999463232,0.6709608158883521,0.08722490606548577,0.06038647342995169
199,48.28234031132582,11.352657004830919,2.717391304347826,16.566022544283413,6.588835212023618,6.5552871712292005,7.118894256575416,0.6709608158883521,0.08722490606548577,0.06038647342995169
200,47.356414385399894,11.037305421363392,2.6502952227589907,17.860976918947934,6.561996779388084,6.407675791733762,7.306763285024155,0.6709608158883521,0.08722490606548577,0.06038647342995169
201,47.336285560923244,11.023886205045626,2.636876006441224,17.780461621041333,6.528448738593666,6.380837359098229,7.306763285024155,0.8588298443370908,0.08722490606548577,0.06038647342995169
202,47.799248523886206,10.970209339774557,2.6301663982823404,17.67981749865808,6.387546967257112,6.347289318303811,7.179280730005368,0.8588298443370908,0.08722490606548577,0.06038647342995169
203,48.21524422973698,10.916532474503489,2.6301663982823404,17.424852388620504,6.293612453032743,6.300322061191626,7.219538378958669,0.8521202361782072,0.08722490606548577,0.06038647342995169
204,48.48362855609233,10.869565217391305,2.6301663982823404,17.357756307031668,6.273483628556092,6.199677938808374,7.185990338164252,0.8521202361782072,0.08722490606548577,0.06038647342995169
205,48.86607622114869,10.7085346215781,2.623456790123457,17.143048845947398,6.253354804079442,6.112453032742888,7.2933440687063875,0.8521202361782072,0.08722490606548577,0.06038647342995169
206,49.22168545356951,10.59447128287708,2.5831991411701556,17.09608158883521,6.172839506172839,6.052066559312936,7.27992485238862,0.8521202361782072,0.08722490606548577,0.06038647342995169
207,49.308910359635,10.493827160493828,2.6972624798711755,17.002147074610843,6.172839506172839,6.045356951154052,7.27992485238862,0.8521202361782072,0.08722490606548577,0.06038647342995169
208,49.59742351046699,10.406602254428341,2.6838432635534084,16.820987654320987,6.273483628556092,6.045356951154052,7.1725711218464845,0.8521202361782072,0.08722490606548577,0.06038647342995169
209,49.704777241009126,10.258990874932904,2.8247450348899625,16.71363392377885,6.273483628556092,5.998389694041868,7.125603864734299,0.8319914117015567,0.20799785292538917,0.06038647342995169
210,49.85909822866345,10.218733225979603,2.804616210413312,16.67337627482555,6.266774020397209,5.984970477724101,7.092055823939882,0.8319914117015567,0.20799785292538917,0.06038647342995169
211,49.973161567364464,10.198604401502953,2.9052603327965647,16.532474503488995,6.253354804079442,6.085614600107354,6.951154052603328,0.8319914117015567,0.20799785292538917,0.06038647342995169
212,50.28851315083199,10.158346752549651,2.885131508319914,16.418411164787976,6.3070316693505095,6.005099302200751,6.837090713902308,0.8319914117015567,0.20799785292538917,0.06038647342995169
213,50.4092860976919,10.138217928073,2.9388083735909825,16.25067096081589,6.360708534621578,5.978260869565218,6.823671497584541,0.8319914117015567,0.20799785292538917,0.06038647342995169
214,50.617283950617285,10.050993022007514,2.898550724637681,15.982286634460548,6.293612453032743,6.119162640901771,6.810252281266774,0.9594739667203436,0.20799785292538917,0.06038647342995169
215,51.05340848094471,10.030864197530864,2.7979066022544283,15.888352120236178,6.078904991948471,6.213097155126141,6.756575415995706,0.9125067096081588,0.20799785292538917,0.06038647342995169
216,51.48282340311326,9.936929683306495,2.7777777777777777,15.801127214170693,6.025228126677402,6.1862587224906065,6.608964036500268,0.9125067096081588,0.20799785292538917,0.06038647342995169
217,51.650563607085346,9.849704777241008,2.757648953301127,15.633387010198604,5.958132045088567,6.146001073537305,6.723027375201288,1.0131508319914118,0.20799785292538917,0.06038647342995169
218,50.946054750402574,9.628287707997853,1.8518518518518519,15.365002683843263,8.53462157809984,5.991680085882985,6.407675791733762,1.0064412238325282,0.20799785292538917,0.06038647342995169
219,50.5300590445518,9.574610842726784,3.066290928609769,14.734299516908212,8.487654320987655,6.011808910359635,6.374127750939345,0.95276435856146,0.20799785292538917,0.06038647342995169
220,50.85212023617821,9.514224369296834,3.066290928609769,14.727589908749328,8.400429414922169,5.897745571658615,6.320450885668277,0.95276435856146,0.20799785292538917,0.06038647342995169
221,51.006441223832525,9.494095544820183,3.126677402039721,14.606816961889425,8.360171765968868,5.857487922705314,6.320450885668277,0.9594739667203436,0.20799785292538917,0.06038647342995169
222,51.38217928073001,9.346484165324744,3.193773483628556,14.378690284487385,8.3467525496511,5.83064949006978,6.293612453032743,0.9594739667203436,0.20799785292538917,0.06038647342995169
223,51.529790660225444,9.265968867418144,3.193773483628556,14.197530864197532,8.487654320987655,5.83064949006978,6.266774020397209,0.9594739667203436,0.20799785292538917,0.06038647342995169
224,51.88539989264627,9.172034353193773,3.180354267310789,14.163982823403114,8.36688137412775,5.83064949006978,6.172839506172839,0.9594739667203436,0.20799785292538917,0.06038647342995169
225,52.13365539452496,9.151905528717123,3.1602254428341383,13.982823403113258,8.353462157809984,5.8239398819108965,6.166129898013956,0.9594739667203436,0.20799785292538917,0.06038647342995169
226,52.47584541062802,8.957326892109501,3.1333870101986045,13.882179280730005,8.232689210950081,5.6964573268921095,6.394256575415996,0.9594739667203436,0.20799785292538917,0.06038647342995169
227,52.522812667740205,8.870101986044014,3.1333870101986045,13.902308105206655,8.132045088566828,5.8239398819108965,6.387546967257112,0.9594739667203436,0.20799785292538917,0.06038647342995169
228,52.81803542673108,8.796296296296296,3.0864197530864197,13.808373590982287,8.266237251744498,5.8172302737520125,6.179549114331723,0.9594739667203436,0.20799785292538917,0.06038647342995169
229,53.12667740203972,8.756038647342995,3.079710144927536,13.788244766505636,8.185721953837897,5.790391841116479,6.125872249060655,0.8789586688137413,0.20799785292538917,0.06038647342995169
230,53.52254428341385,8.756038647342995,3.0730005367686526,13.66076221148685,8.031400966183575,5.776972624798712,6.038647342995169,0.8722490606548577,0.20799785292538917,0.06038647342995169
231,53.52254428341385,8.662104133118627,3.2004830917874396,13.7211486849168,7.997852925389157,5.770263016639828,5.984970477724101,0.8722490606548577,0.20799785292538917,0.06038647342995169
232,53.80434782608695,8.601717659688674,3.1870638754696725,13.6406333870102,7.944176060118089,5.770263016639828,5.9447128287707995,0.8387010198604401,0.20799785292538917,0.06038647342995169
233,54.24718196457327,8.588298443370908,3.1870638754696725,13.459473966720344,7.7898550724637685,5.642780461621041,5.897745571658615,0.9326355340848095,0.19457863660762212,0.06038647342995169
234,54.34111647879764,8.61513687600644,3.1535158346752548,13.39237788513151,7.890499194847021,5.642780461621041,5.897745571658615,0.9326355340848095,0.07380568974771873,0.06038647342995169
235,54.47530864197531,8.548040794417606,3.1065485775630703,13.459473966720344,7.877079978529254,5.636070853462158,5.83064949006978,0.9326355340848095,0.07380568974771873,0.06038647342995169
236,54.57595276435856,8.454106280193237,3.099838969404187,13.56682769726248,7.763016639828234,5.642780461621041,5.83064949006978,0.9326355340848095,0.07380568974771873,0.06038647342995169
237,54.97181964573269,8.373590982286634,3.012614063338701,13.519860440150294,7.763016639828234,5.5689747718733225,5.783682232957595,0.8722490606548577,0.07380568974771873,0.06038647342995169
238,55.099302200751474,8.313204508856682,3.1199677938808374,13.466183574879228,7.689210950080516,5.5689747718733225,5.736714975845411,0.8722490606548577,0.07380568974771873,0.06038647342995169
239,55.501878690284485,8.225979602791197,3.1065485775630703,13.39237788513151,7.62211486849168,5.488459473966721,5.689747718733226,0.8588298443370908,0.05367686527106817,0.06038647342995169
240,55.62936124530327,8.091787439613526,3.0931293612453032,13.251476113794954,7.588566827697263,5.394524959742351,5.991680085882985,0.8454106280193237,0.05367686527106817,0.06038647342995169
241,54.94498121309716,7.434245840042942,4.951690821256038,13.191089640365004,7.467793880837359,5.367686527106817,5.683038110574342,0.8454106280193237,0.05367686527106817,0.06038647342995169
242,54.41492216854536,7.092055823939882,5.958132045088567,12.95625335480408,7.4006977992485234,5.360976918947934,5.609232420826624,0.9460547504025765,0.20128824476650564,0.06038647342995169
243,54.528985507246375,7.092055823939882,5.938003220611916,12.93612453032743,7.387278582930757,5.3274288781535155,5.58239398819109,0.9460547504025765,0.20128824476650564,0.06038647342995169
244,54.85775630703167,7.071926999463232,5.71658615136876,12.842190016103059,7.232957595276436,5.320719269994632,5.636070853462158,1.093666129898014,0.16774020397208803,0.06038647342995169
245,54.90472356414385,7.011540526033279,5.5756843800322065,12.902576489533011,7.219538378958669,5.300590445517981,5.763553408480945,1.093666129898014,0.16774020397208803,0.06038647342995169
246,55.26704240472356,6.977992485238862,5.555555555555555,12.788513150831992,7.058507783145465,5.273752012882448,5.790391841116479,1.0601180891035964,0.16774020397208803,0.06038647342995169
247,55.454911433172306,6.957863660762212,5.542136339237788,12.761674718196458,6.984702093397746,5.307300053676865,5.703166935050993,1.0601180891035964,0.16774020397208803,0.06038647342995169
248,55.54884594739667,6.9243156199677935,5.495169082125604,12.808641975308642,6.957863660762212,5.273752012882448,5.703166935050993,1.0601180891035964,0.16774020397208803,0.06038647342995169
249,55.723295759527645,6.776704240472356,5.595813204508857,12.74825550187869,7.118894256575416,5.213365539452496,5.60252281266774,0.9930220075147611,0.16774020397208803,0.06038647342995169
250,55.93800322061192,6.696188942565755,5.535426731078905,12.634192163177671,7.14573268921095,5.213365539452496,5.649490069779925,0.966183574879227,0.1610305958132045,0.06038647342995169
251,54.97852925389157,6.521739130434782,5.025496511003757,14.707461084272678,6.9243156199677935,5.193236714975845,5.488459473966721,0.9393451422436929,0.1610305958132045,0.06038647342995169
252,55.05904455179817,6.494900697799249,5.159688674181428,14.553140096618357,6.951154052603328,5.193236714975845,5.448201825013419,0.9192163177670424,0.1610305958132045,0.06038647342995169
253,55.132850241545896,6.400966183574879,5.199946323134729,14.553140096618357,6.870638754696726,5.166398282340311,5.548845947396672,0.9057971014492754,0.1610305958132045,0.06038647342995169
