,45,50,55,54,53,59,51,57,56,58,52,61,60,46
0,93.24342458400429,6.756575415995706,,,,,,,,,,,,
1,88.53327965646807,11.466720343531938,,,,,,,,,,,,
2,86.61433172302738,13.271604938271604,0.11406333870101985,,,,,,,,,,,
3,85.64143853998927,14.17740203972088,0.15432098765432098,0.026838432635534086,,,,,,,,,,
4,53.34809447128288,46.484165324745035,0.14090177133655393,0.026838432635534086,,,,,,,,,,
5,52.32823403113258,47.336285560923244,0.28180354267310787,0.05367686527106817,,,,,,,,,,
6,50.925925925925924,42.40472356414385,0.5434782608695652,5.9514224369296835,0.10735373054213634,0.06709608158883522,,,,,,,,
7,46.947128287708,46.59822866344606,1.1607622114868492,5.260332796564681,,0.03354804079441761,,,,,,,,
8,45.6454643048846,47.94015029522276,1.1607622114868492,5.193236714975845,,0.06038647342995169,,,,,,,,
9,45.74610842726785,47.85292538915727,1.1540526033279657,5.186527106816962,,0.06038647342995169,,,,,,,,
10,42.42485238862051,46.081588835212024,1.1808910359634996,4.810789049919484,,0.06038647342995169,5.112721417069243,0.32877079978529256,,,,,,
11,37.74825550187869,49.13446054750403,3.193773483628556,4.488727858293076,,0.06038647342995169,5.065754159957058,0.30864197530864196,,,,,,
12,34.312936124530324,37.64761137949544,0.8789586688137413,3.7573805689747717,18.16290928609769,0.026838432635534086,5.018786902844874,0.16774020397208803,0.026838432635534086,,,,,
13,34.77589908749329,37.39935587761675,0.8990874932903918,3.717122920021471,16.686795491143318,0.026838432635534086,4.985238862050457,0.16774020397208803,0.026838432635534086,1.3150831991411702,,,,
14,33.66881374127751,32.427536231884055,0.8722490606548577,3.743961352657005,22.779119699409556,0.04696725711218465,4.9651100375738055,0.16774020397208803,0.026838432635534086,1.3016639828234031,,,,
15,33.99087493290392,32.024959742351044,2.24771873322598,3.717122920021471,21.423778851315085,0.04696725711218465,4.924852388620504,0.16774020397208803,0.06038647342995169,1.3754696725711217,0.020128824476650563,,,
16,31.561996779388085,18.94122383252818,0.2885131508319914,2.187332259796028,3.1468062265163717,,43.73993558776167,,0.08722490606548577,0.026838432635534086,0.020128824476650563,,,
17,31.93773483628556,18.793612453032743,0.2885131508319914,2.1739130434782608,3.1468062265163717,,43.49838969404187,,0.11406333870101985,0.026838432635534086,0.020128824476650563,,,
18,31.689479334406872,19.33709071390231,0.322061191626409,2.1739130434782608,3.079710144927536,,43.01529790660226,,0.35560923242082665,0.0067096081588835215,0.020128824476650563,,,
19,31.95786366076221,19.269994632313473,0.3488996242619431,2.167203435319377,3.0394524959742353,,40.727321524422976,,2.4557165861513686,0.0067096081588835215,0.020128824476650563,0.0067096081588835215,,
20,28.348094471282877,16.841116478797638,0.3488996242619431,2.13365539452496,1.7176596886741815,,45.06172839506173,,2.563070316693505,,2.9790660225442833,0.0067096081588835215,,
21,25.254965110037574,16.364734299516908,0.3488996242619431,,15.311325818572195,0.020128824476650563,35.38647342995169,,2.623456790123457,,4.683306494900698,0.0067096081588835215,,
22,25.63070316693505,15.438808373590982,0.36902844873859364,,15.210681696188942,0.020128824476650563,34.88325281803543,,2.6167471819645733,,5.8239398819108965,0.0067096081588835215,,
23,25.87895866881374,13.848631239935587,0.3757380568974772,1.3352120236178207,13.935856146001074,0.020128824476650563,34.60144927536232,,4.213633923778851,,5.783682232957595,0.0067096081588835215,,
24,23.201825013419217,13.077026301663983,0.322061191626409,1.3352120236178207,11.701556629092861,,42.67981749865808,0.026838432635534086,4.032474503488996,,3.616478797638218,0.0067096081588835215,,
25,21.115136876006442,10.789049919484702,0.8923778851315083,0.5837359098228664,10.976918947933441,,49.302200751476114,0.30864197530864196,3.556092324208266,,2.4691358024691357,0.0067096081588835215,,
26,21.202361782071925,10.896403650026839,0.8923778851315083,0.5837359098228664,10.943370907139023,,49.04723564143854,0.30864197530864196,3.6231884057971016,,2.49597423510467,0.0067096081588835215,,
27,14.707461084272678,22.269189479334408,0.9057971014492754,2.200751476113795,10.144927536231885,,43.21658615136876,0.30864197530864196,3.7775093934514223,,2.462426194310252,0.0067096081588835215,,
28,14.908749329039184,21.175523349436393,0.8051529790660226,4.53569511540526,10.111379495437467,0.05367686527106817,41.7740203972088,0.30864197530864196,3.8580246913580245,,2.462426194310252,0.0067096081588835215,,
29,15.53274288781535,21.054750402576488,0.785024154589372,4.488727858293076,10.071121846484166,0.05367686527106817,41.33118625872249,0.30864197530864196,3.92512077294686,,2.442297369833602,0.0067096081588835215,,
30,15.942028985507246,21.007783145464305,1.0601180891035964,4.435050993022007,9.923510466988727,0.11406333870101985,40.774288781535155,0.2952227589908749,3.978797638217928,,2.4154589371980677,0.040257648953301126,0.013419216317767043,
31,13.828502415458937,19.96779388083736,1.247987117552335,4.253891572732153,11.714975845410628,0.0939345142243693,42.69994632313473,0.2616747181964573,3.9318303811057436,0.19457863660762212,1.751207729468599,0.040257648953301126,0.013419216317767043,
32,13.848631239935587,18.907675791733762,1.3352120236178207,3.8915727321524423,11.084272678475577,0.08051529790660225,40.89506172839506,0.20799785292538917,2.9388083735909825,0.19457863660762212,6.561996779388084,0.040257648953301126,0.013419216317767043,
33,14.526301663982823,18.78690284487386,1.442565754159957,3.878153515834675,10.997047772410092,0.0939345142243693,40.27106816961889,0.23483628556092323,3.0394524959742353,0.18115942028985507,6.494900697799249,0.040257648953301126,0.013419216317767043,
34,14.982555018786902,17.941492216854535,2.254428341384863,3.7640901771336552,10.970209339774557,0.1274825550187869,40.042941492216855,0.2683843263553409,2.9924852388620504,0.18115942028985507,6.421095008051529,0.040257648953301126,0.013419216317767043,
35,15.378421900161031,17.787171229200215,2.2879763821792807,3.7573805689747717,10.896403650026839,0.1274825550187869,39.55984970477724,0.2952227589908749,3.2877079978529253,0.18115942028985507,6.387546967257112,0.040257648953301126,0.013419216317767043,
36,15.780998389694043,17.579173376274827,4.186795491143317,3.8714439076757916,10.789049919484702,0.1274825550187869,37.6207729468599,0.2683843263553409,3.1870638754696725,0.18115942028985507,6.353998926462695,0.040257648953301126,0.013419216317767043,
37,15.344873859366613,16.5727321524423,4.1532474503489,3.7909286097691894,10.909822866344605,0.1274825550187869,39.57997852925389,0.2549651100375738,3.0730005367686526,0.18115942028985507,5.958132045088567,0.040257648953301126,0.013419216317767043,
38,14.586688137412775,16.53918411164788,4.1129898013955986,2.3886205045625335,7.944176060118089,0.06709608158883522,32.769726247987116,0.24154589371980675,3.026033279656468,0.18115942028985507,18.089103596349972,0.040257648953301126,0.013419216317767043,
39,15.271068169618895,16.371443907675793,4.38137412775094,2.3886205045625335,7.930756843800322,0.06709608158883522,32.30005367686527,0.30193236714975846,2.945517981749866,0.18115942028985507,17.807300053676865,0.040257648953301126,0.013419216317767043,
40,15.982286634460548,16.109769189479334,4.394793344068707,2.3215244229736984,7.890499194847021,0.06709608158883522,31.78341384863124,0.30193236714975846,3.1736446591519054,0.18115942028985507,17.74020397208803,0.040257648953301126,0.013419216317767043,
41,15.801127214170693,13.325281803542673,10.305958132045088,2.3617820719269993,7.836822329575953,0.0939345142243693,29.455179817498657,0.33548040794417605,2.985775630703167,0.18115942028985507,17.2638217928073,0.040257648953301126,0.013419216317767043,
42,16.056092324208265,12.567096081588835,10.00402576489533,3.1535158346752548,7.769726247987117,0.0939345142243693,29.05931293612453,0.39586688137412773,2.999194847020934,0.18115942028985507,17.66639828234031,0.040257648953301126,0.013419216317767043,
43,16.29092860976919,12.318840579710145,11.16478797638218,3.1535158346752548,7.682501341921632,0.0939345142243693,28.173644659151904,0.4227053140096618,3.2340311325818574,0.18115942028985507,17.23027375201288,0.040257648953301126,0.013419216317767043,
44,16.720343531937736,12.218196457326892,11.151368760064413,3.099838969404187,7.635534084809447,0.1274825550187869,27.979066022544284,0.6105743424584005,3.2742887815351582,0.18115942028985507,16.948470209339774,0.040257648953301126,0.013419216317767043,
45,16.854535695115406,12.030327428878154,10.983628556092324,3.0730005367686526,12.29200214707461,0.18115942028985507,27.68384326355341,0.5904455179817498,3.140096618357488,0.16774020397208803,12.949543746645196,0.040257648953301126,0.013419216317767043,
46,17.52549651100376,11.855877616747183,10.93666129898014,3.0931293612453032,12.218196457326892,0.15432098765432098,27.3215244229737,0.5770263016639828,3.1065485775630703,0.24154589371980675,12.915995705850777,0.040257648953301126,0.013419216317767043,
47,17.518786902844873,11.808910359634996,13.24476650563607,3.0931293612453032,11.855877616747183,0.15432098765432098,25.44283413848631,0.6172839506172839,3.1065485775630703,0.24154589371980675,12.835480407944177,0.040257648953301126,0.040257648953301126,
48,17.05582393988191,7.051798174986581,10.607890499194847,2.623456790123457,11.768652710681696,0.16774020397208803,24.738325281803544,0.6575415995705851,2.999194847020934,0.24154589371980675,22.007514761137948,0.040257648953301126,0.040257648953301126,
49,17.384594739667204,6.944444444444445,10.63472893183038,2.623456790123457,11.58749329039184,0.16774020397208803,24.52361782071927,0.6575415995705851,3.2541599570585076,0.2683843263553409,21.87332259796028,0.040257648953301126,0.040257648953301126,
50,17.438271604938272,6.8035426731078905,10.923242082662373,2.5161030595813205,14.392109500805153,0.16774020397208803,24.10091250670961,0.39586688137412773,3.066290928609769,0.24154589371980675,19.87385936661299,0.040257648953301126,0.040257648953301126,
51,17.814009661835748,6.776704240472356,10.84272678475577,2.5026838432635534,14.204240472356414,0.16774020397208803,23.97342995169082,0.46967257112184646,3.079710144927536,0.3153515834675255,19.773215244229736,0.040257648953301126,0.040257648953301126,
52,17.47181964573269,6.5485775630703165,10.473698336017177,2.5026838432635534,14.13714439076758,0.16774020397208803,24.973161567364468,0.4830917874396135,3.207192699946323,0.3153515834675255,19.639023081052066,0.040257648953301126,0.040257648953301126,
53,17.85426731078905,6.521739130434782,10.547504025764896,2.5026838432635534,14.029790660225443,0.16774020397208803,24.630971551261407,0.6709608158883521,3.33467525496511,0.33548040794417605,19.32367149758454,0.040257648953301126,0.040257648953301126,
54,18.08239398819109,6.521739130434782,10.534084809447128,2.49597423510467,16.150026838432634,0.14090177133655393,24.46323134728932,0.7045088566827697,3.307836822329576,0.33548040794417605,17.183306494900698,0.040257648953301126,0.040257648953301126,
55,17.961621041331185,5.562265163714439,9.722222222222221,2.1068169618894257,24.188137412775095,0.13419216317767044,22.82608695652174,0.4830917874396135,3.294417606011809,0.36902844873859364,13.298443370907139,0.040257648953301126,0.013419216317767043,
56,16.23725174449812,5.293880837359098,11.506977992485238,2.086688137412775,20.873590982286636,0.0939345142243693,28.663446054750402,0.24154589371980675,3.3950617283950617,0.1610305958132045,11.392914653784219,0.040257648953301126,0.013419216317767043,
57,11.761943102522812,3.6366076221148687,11.030595813204508,2.006172839506173,18.71309715512614,0.0939345142243693,38.399087493290395,0.2549651100375738,3.0059044551798175,0.14761137949543746,10.909822866344605,0.026838432635534086,0.013419216317767043,
58,12.25174449812131,3.6366076221148687,10.997047772410092,1.9860440150295222,18.531937734836287,0.0939345142243693,36.05072463768116,0.28180354267310787,2.985775630703167,0.14761137949543746,12.962962962962964,0.026838432635534086,0.04696725711218465,
59,12.902576489533011,3.629898013955985,11.855877616747183,1.9592055823939882,18.323939881910896,0.0939345142243693,34.86312399355877,0.30864197530864196,3.012614063338701,0.17444981213097155,12.781803542673108,0.026838432635534086,0.06709608158883522,
60,11.735104669887278,6.206387546967257,12.278582930756844,1.8988191089640365,18.10252281266774,0.10735373054213634,33.4272678475577,0.28180354267310787,2.999194847020934,0.20128824476650564,12.667740203972087,0.026838432635534086,0.06709608158883522,
61,12.224906065485776,6.172839506172839,12.560386473429952,1.9122383252818036,17.961621041331185,0.10735373054213634,32.890499194847024,0.3153515834675255,2.999194847020934,0.20128824476650564,12.560386473429952,0.026838432635534086,0.06709608158883522,
62,12.506709608158884,6.1862587224906065,12.620772946859903,1.9122383252818036,17.887815351583466,0.0939345142243693,32.60198604401503,0.33548040794417605,3.0327428878153517,0.20128824476650564,12.526838432635534,0.026838432635534086,0.06709608158883522,
63,12.412775093934513,6.172839506172839,11.634460547504025,4.213633923778851,17.69994632313473,0.1610305958132045,31.769994632313473,0.33548040794417605,3.0193236714975846,0.18115942028985507,12.305421363392378,0.026838432635534086,0.06709608158883522,
64,12.842190016103059,6.146001073537305,11.600912506709609,4.1532474503489,17.58588298443371,0.18115942028985507,31.57541599570585,0.33548040794417605,3.046162104133119,0.18115942028985507,12.258454106280194,0.026838432635534086,0.06709608158883522,
65,13.09044551798175,6.119162640901771,11.540526033279656,4.1532474503489,17.16988727858293,0.24154589371980675,31.5150295222759,0.322061191626409,3.046162104133119,0.49651100375738055,12.211486849168008,0.026838432635534086,0.06709608158883522,
66,13.18438003220612,6.119162640901771,9.923510466988727,4.0995705850778315,13.372249060654857,0.2147074610842727,31.072195383789587,0.322061191626409,3.0595813204508855,0.49651100375738055,18.075684380032207,0.026838432635534086,0.03354804079441761,
67,13.526570048309178,6.085614600107354,9.856414385399892,3.978797638217928,14.727589908749328,0.2147074610842727,29.636339237788512,0.322061191626409,2.9924852388620504,0.49651100375738055,18.035426731078903,0.026838432635534086,0.10064412238325282,
68,12.486580783682234,5.709876543209877,9.265968867418144,2.7643585614600106,14.512882447665056,0.19457863660762212,35.55421363392378,0.5904455179817498,2.442297369833602,0.49651100375738055,15.854804079441761,0.026838432635534086,0.10064412238325282,
69,9.39345142243693,5.535426731078905,7.494632313472893,2.15378421900161,9.634997316156737,0.16774020397208803,38.7614063338701,0.5703166935050993,2.2879763821792807,0.4428341384863124,23.463499731615673,0.026838432635534086,0.06709608158883522,
70,9.742351046698873,5.495169082125604,7.071926999463232,1.932367149758454,17.04911433172303,0.1274825550187869,31.031937734836287,0.5971551261406334,3.0730005367686526,0.4428341384863124,23.34272678475577,0.026838432635534086,0.06709608158883522,
71,9.86983360171766,5.414653784219001,7.051798174986581,1.9592055823939882,15.754159957058508,0.1274825550187869,32.60198604401503,0.5971551261406334,3.1333870101986045,0.4428341384863124,22.940150295222757,0.040257648953301126,0.06709608158883522,
72,10.279119699409554,5.226784755770263,7.118894256575416,1.9524959742351047,15.74074074074074,0.1274825550187869,32.340311325818575,0.5367686527106817,3.1468062265163717,0.4428341384863124,22.98040794417606,0.040257648953301126,0.06709608158883522,
73,10.198604401502953,3.140096618357488,6.991411701556629,1.8719806763285025,15.908480944712828,0.1274825550187869,34.936929683306495,0.5971551261406334,2.898550724637681,0.4428341384863124,22.779119699409556,0.040257648953301126,0.06709608158883522,
74,10.607890499194847,3.140096618357488,6.944444444444445,1.8719806763285025,15.747450348899624,0.1274825550187869,34.554482018250134,0.6910896403650026,3.1602254428341383,0.4830917874396135,22.564412238325282,0.040257648953301126,0.06709608158883522,
75,10.896403650026839,2.985775630703167,7.185990338164252,1.8585614600107354,15.599838969404187,0.1610305958132045,33.883521202361784,0.7246376811594203,3.388352120236178,0.46967257112184646,22.73886205045625,0.040257648953301126,0.06709608158883522,
76,11.419753086419753,2.9723564143853998,7.5348899624261945,1.9122383252818036,16.15673644659152,0.1610305958132045,33.2662372517445,0.7179280730005367,3.307836822329576,0.4495437466451959,21.973966720343533,0.040257648953301126,0.06709608158883522,0.020128824476650563
77,11.768652710681696,2.9723564143853998,7.4006977992485234,1.9122383252818036,13.768115942028986,0.1610305958132045,32.79656468062265,0.6977992485238862,3.488996242619431,0.4227053140096618,24.530327428878152,0.040257648953301126,0.03354804079441761,0.0067096081588835215
78,12.224906065485776,2.9589371980676327,7.39398819108964,1.9122383252818036,13.633923778851315,0.1610305958132045,32.2463768115942,0.6977992485238862,3.81105743424584,0.4025764895330113,24.476650563607084,0.040257648953301126,0.03354804079441761,0.0067096081588835215
79,12.432903918411165,2.9253891572732154,7.340311325818572,2.7844873859366612,13.144122383252817,0.1610305958132045,31.723027375201287,0.6843800322061192,4.797369833601718,0.4025764895330113,23.523886205045624,0.040257648953301126,0.03354804079441761,0.0067096081588835215
80,10.795759527643586,2.7777777777777777,6.5485775630703165,2.3349436392914655,11.647879763821793,0.11406333870101985,28.65673644659152,0.46967257112184646,4.126409017713366,0.5770263016639828,31.870638754696724,0.040257648953301126,0.03354804079441761,0.0067096081588835215
81,11.09098228663446,2.7777777777777777,6.421095008051529,2.2611379495437465,11.386205045625335,0.0939345142243693,28.468867418142782,0.5703166935050993,4.126409017713366,0.9460547504025765,31.790123456790123,0.026838432635534086,0.03354804079441761,0.0067096081588835215
82,11.614331723027375,2.7643585614600106,6.3070316693505095,2.227589908749329,11.325818572195384,0.12077294685990338,28.327965646806227,0.5434782608695652,4.1129898013955986,0.9125067096081588,31.682769726247987,0.026838432635534086,0.03354804079441761,
83,12.144390767579173,2.7442297369833604,6.166129898013956,2.3215244229736984,11.191626409017713,0.12077294685990338,28.153515834675254,0.5770263016639828,4.086151368760064,0.9125067096081588,31.52173913043478,0.026838432635534086,0.03354804079441761,
84,12.513419216317766,2.737520128824477,6.159420289855072,2.3483628556092326,11.124530327428879,0.12077294685990338,28.12667740203972,0.9326355340848095,4.066022544283414,0.8990874932903918,30.911164787976382,0.026838432635534086,0.03354804079441761,
85,12.513419216317766,2.7308105206655933,6.521739130434782,2.5496511003757383,10.990338164251208,0.10064412238325282,31.313741277509394,0.9057971014492754,3.1736446591519054,0.8789586688137413,28.30112721417069,,0.020128824476650563,
86,12.593934514224369,2.7308105206655933,5.797101449275362,1.9524959742351047,11.788781535158346,0.16774020397208803,32.50134192163178,0.8521202361782072,3.1602254428341383,0.9863123993558777,27.449006977992486,,0.020128824476650563,
87,13.01663982823403,2.703972088030059,5.844068706387547,1.932367149758454,11.721685453569512,0.16774020397208803,32.29334406870639,0.9125067096081588,3.1870638754696725,0.9728931830381106,27.22758990874933,,0.020128824476650563,
88,13.45276435856146,2.703972088030059,5.864197530864198,1.9256575415995705,11.668008588298443,0.16774020397208803,31.99141170155663,0.9057971014492754,3.180354267310789,1.0064412238325282,27.113526570048307,,0.020128824476650563,
89,13.506441223832528,2.703972088030059,5.864197530864198,1.9524959742351047,11.634460547504025,0.16774020397208803,31.924315619967793,0.9125067096081588,3.1535158346752548,0.9728931830381106,27.18733225979603,,0.020128824476650563,
90,13.868760064412239,2.589908749329039,6.206387546967257,2.006172839506173,11.43317230273752,0.16774020397208803,31.736446591519055,0.9594739667203436,3.1468062265163717,0.9728931830381106,26.89210950080515,,0.020128824476650563,
91,14.163982823403114,2.589908749329039,6.293612453032743,2.462426194310252,11.419753086419753,0.16774020397208803,31.01851851851852,0.9594739667203436,3.166935050993022,1.1003757380568975,26.637144390767578,,0.020128824476650563,
92,14.479334406870638,2.589908749329039,6.286902844873859,2.462426194310252,11.399624261943103,0.16774020397208803,30.817230273752013,0.9326355340848095,3.2206119162640903,1.093666129898014,26.529790660225444,,0.020128824476650563,
93,14.99597423510467,2.589908749329039,6.226516371443908,2.4221685453569513,11.292270531400966,0.16774020397208803,30.709876543209877,1.06682769726248,3.180354267310789,1.0869565217391304,26.241277509393452,,0.020128824476650563,
94,15.613258185721953,2.589908749329039,6.3070316693505095,2.4892646269457863,11.231884057971014,0.16774020397208803,30.233494363929147,1.0601180891035964,3.1535158346752548,1.0869565217391304,26.04669887278583,,0.020128824476650563,
95,15.378421900161031,2.5697799248523885,6.052066559312936,2.4154589371980677,9.675254965110037,0.16774020397208803,34.43370907139023,1.1473429951690821,3.126677402039721,0.9930220075147611,24.020397208803004,,0.020128824476650563,
96,15.579710144927537,2.5697799248523885,6.387546967257112,2.4154589371980677,9.614868491680086,0.16774020397208803,34.004294149221685,1.247987117552335,3.166935050993022,0.9796027911969941,23.845947396672035,,0.020128824476650563,
97,15.935319377348362,2.5697799248523885,6.360708534621578,2.9723564143853998,9.500805152979066,0.14761137949543746,33.782877079978526,1.2144390767579174,3.1535158346752548,0.966183574879227,23.349436392914654,0.026838432635534086,0.020128824476650563,
98,15.633387010198604,2.5697799248523885,5.810520665593129,2.885131508319914,8.447396672034353,0.14761137949543746,33.25952764358561,1.1808910359634996,3.4621578099838968,0.95276435856146,25.603864734299517,0.026838432635534086,0.020128824476650563,
99,15.94873859366613,2.563070316693505,5.790391841116479,2.9052603327965647,8.380300590445518,0.14761137949543746,32.950885668276975,1.2144390767579174,3.717122920021471,0.95276435856146,25.40257648953301,0.026838432635534086,,
100,16.049382716049383,2.5161030595813205,5.797101449275362,2.885131508319914,8.293075684380032,0.14761137949543746,34.29951690821256,0.9057971014492754,3.6768652710681695,1.0198604401502953,24.382716049382715,0.026838432635534086,,
101,15.908480944712828,2.5161030595813205,4.824208266237251,4.871175523349437,8.252818035426731,0.17444981213097155,33.903650026838434,0.9728931830381106,3.643317230273752,0.9863123993558777,23.946591519055286,,,
102,15.908480944712828,2.5161030595813205,4.736983360171766,4.891304347826087,10.319377348362856,0.17444981213097155,33.400429414922165,0.9796027911969941,3.5963499731615673,0.9930220075147611,22.48389694041868,,,
103,15.693773483628556,2.5161030595813205,5.441492216854535,4.643048845947397,9.520933977455716,0.17444981213097155,33.17230273752013,0.95276435856146,3.5829307568438002,0.8319914117015567,23.470209339774556,,,
104,13.123993558776167,2.49597423510467,4.079441760601181,2.395330112721417,8.876811594202898,0.10064412238325282,32.890499194847024,0.7581857219538379,3.2206119162640903,0.4227053140096618,31.635802469135804,,,
105,13.191089640365004,2.4825550187869028,4.03918411164788,2.368491680085883,11.506977992485238,0.14090177133655393,29.482018250134193,0.7917337627482555,4.274020397208803,0.4227053140096618,31.300322061191626,,,
106,13.66076221148685,2.475845410628019,4.408212560386473,2.368491680085883,11.386205045625335,0.14090177133655393,28.931830381105744,0.7716049382716049,4.374664519592056,0.47638217928073,31.00509930220075,,,
107,13.976113794954374,2.4557165861513686,4.428341384863124,2.3550724637681157,11.574074074074074,0.14090177133655393,28.703703703703702,0.7716049382716049,4.435050993022007,0.4562533548040794,30.703166935050994,,,
108,14.55984970477724,2.428878153515835,4.38137412775094,2.3349436392914655,11.500268384326356,0.1274825550187869,28.509125067096083,0.7917337627482555,4.441760601180891,0.5367686527106817,30.387815351583466,,,
109,13.123993558776167,2.428878153515835,4.213633923778851,2.214170692431562,11.352657004830919,0.15432098765432098,31.42109500805153,1.0064412238325282,3.643317230273752,0.5636070853462157,29.87788513150832,,,
110,13.506441223832528,2.428878153515835,4.213633923778851,2.26784755770263,11.252012882447666,0.15432098765432098,31.15271068169619,1.0198604401502953,3.656736446591519,0.5971551261406334,29.750402576489535,,,
111,13.902308105206655,2.3886205045625335,4.092860976918948,2.5966183574879227,11.144659151905529,0.15432098765432098,30.951422436929683,1.2412775093934514,3.6902844873859366,0.5837359098228664,29.25389157273215,,,
112,14.31159420289855,2.3617820719269993,4.086151368760064,2.589908749329039,11.05072463768116,0.18115942028985507,30.797101449275363,1.2412775093934514,3.7640901771336552,0.644122383252818,28.972088030059044,,,
113,14.17740203972088,2.3617820719269993,5.515297906602254,2.5429414922168547,12.734836285560924,0.18115942028985507,28.804347826086957,1.2412775093934514,3.911701556629093,0.6843800322061192,27.84487385936661,,,
114,14.512882447665056,2.3617820719269993,5.515297906602254,2.49597423510467,12.674449812130971,0.18115942028985507,28.576221148684915,1.1607622114868492,3.992216854535695,0.7246376811594203,27.80461621041331,,,
115,14.841653247450349,2.301395598497048,5.776972624798712,2.49597423510467,12.473161567364466,0.18115942028985507,28.442028985507246,1.1540526033279657,3.9720880300590444,0.7246376811594203,27.636876006441224,,,
116,15.277777777777779,2.254428341384863,5.783682232957595,2.442297369833602,12.4597423510467,0.18115942028985507,28.153515834675254,1.1540526033279657,4.052603327965647,0.7246376811594203,27.51610305958132,,,
117,15.613258185721953,2.3752012882447664,5.709876543209877,2.4154589371980677,12.439613526570048,0.18115942028985507,27.965646806226516,1.1272141706924315,4.079441760601181,0.7112184648416533,27.38191089640365,,,
118,16.0829307568438,2.3752012882447664,5.676328502415459,2.4020397208803006,12.338969404186795,0.20128824476650564,27.891841116478798,1.107085346215781,4.012345679012346,0.7380568974771873,27.17391304347826,,,
119,16.458668813741276,2.3752012882447664,5.5756843800322065,2.9790660225442833,12.305421363392378,0.20128824476650564,27.388620504562535,1.107085346215781,4.012345679012346,0.7380568974771873,26.858561460010737,,,
120,16.472088030059044,2.3752012882447664,5.555555555555555,2.9790660225442833,11.56736446591519,0.20128824476650564,27.314814814814813,1.1137949543746646,4.1129898013955986,0.644122383252818,27.66371443907676,,,
121,16.129898013955984,2.3752012882447664,5.542136339237788,2.9723564143853998,11.446591519055287,0.20128824476650564,28.247450348899623,1.1741814278046163,4.03918411164788,0.7112184648416533,27.160493827160494,,,
122,16.478797638217927,2.3752012882447664,5.522007514761138,2.9723564143853998,11.379495437466453,0.20128824476650564,28.005904455179817,1.3419216317767042,4.233762748255502,0.7514761137949544,26.737788513150832,,,
123,17.022275899087493,2.3752012882447664,5.475040257648954,2.9589371980676327,11.345947396672035,0.20128824476650564,27.583199141170155,1.3687600644122384,4.361245303274289,0.7581857219538379,26.549919484702095,,,
124,14.982555018786902,2.281266774020397,3.388352120236178,2.1806226516371443,8.521202361782072,0.17444981213097155,37.42619431025228,1.261406333870102,4.05931293612453,0.6843800322061192,25.0402576489533,,,
125,15.217391304347826,2.281266774020397,3.5963499731615673,2.1403650026838434,8.588298443370908,0.17444981213097155,36.151368760064415,1.4224369296833066,4.898013955984971,0.7112184648416533,24.818840579710145,,,
126,15.53274288781535,2.1739130434782608,3.5762211486849167,2.1403650026838434,9.078099838969404,0.17444981213097155,35.64143853998927,1.3888888888888888,5.005367686527107,0.7045088566827697,24.58400429414922,,,
127,15.848094471282877,2.1739130434782608,3.603059581320451,2.1068169618894257,9.057971014492754,0.17444981213097155,35.31266774020397,1.3888888888888888,5.475040257648954,0.7112184648416533,24.14787976382179,,,
128,16.13660762211487,2.1739130434782608,3.8177670424047236,2.0799785292538915,8.856682769726248,0.1610305958132045,34.88996242619431,1.3888888888888888,5.736714975845411,0.7112184648416533,24.04723564143854,,,
129,16.431830381105744,2.1739130434782608,4.072732152442297,2.475845410628019,8.68894256575416,0.1610305958132045,34.19887278582931,1.596886741814278,5.595813204508857,0.7112184648416533,23.89291465378422,,,
130,16.566022544283413,2.1739130434782608,4.562533548040794,2.522812667740204,8.668813741277509,0.1610305958132045,33.74932903918411,1.570048309178744,5.535426731078905,0.7112184648416533,23.778851315083198,,,
131,16.72705314009662,2.167203435319377,4.51556629092861,2.804616210413312,8.541331186258722,0.1878690284487386,33.59500805152979,1.5365002683843263,5.407944176060118,0.7045088566827697,23.812399355877616,,,
132,16.82769726247987,2.167203435319377,4.555823939881911,2.804616210413312,8.527911969940956,0.1878690284487386,33.45410628019324,1.5365002683843263,5.46833064949007,0.7380568974771873,23.731884057971016,,,
133,17.07595276435856,2.167203435319377,4.5960815888352125,2.8381642512077296,8.3064949006978,0.17444981213097155,33.15217391304348,1.8250134192163177,5.508588298443371,0.7380568974771873,23.617820719269993,,,
134,17.559044551798173,2.1604938271604937,4.616210413311863,2.818035426731079,8.239398819108963,0.20128824476650564,32.58185721953838,1.7847557702630166,5.756843800322061,0.7380568974771873,23.544015029522274,,,
135,17.94820182501342,2.147074610842727,4.5960815888352125,2.804616210413312,8.239398819108963,0.20128824476650564,32.30005367686527,1.751207729468599,5.770263016639828,0.798443370907139,23.443370907139023,,,
136,18.19645732689211,2.147074610842727,5.857487922705314,2.804616210413312,8.225979602791197,0.19457863660762212,31.313741277509394,1.7310789049919484,5.4549114331723025,0.7783145464304885,23.295759527643586,,,
137,18.552066559312937,2.147074610842727,5.6964573268921095,2.804616210413312,8.507783145464305,0.19457863660762212,31.01851851851852,1.751207729468599,5.488459473966721,0.7514761137949544,23.087761674718198,,,
138,15.801127214170693,14.278046162104133,4.884594739667204,2.6033279656468062,9.816156736446592,0.19457863660762212,29.851046698872786,1.247987117552335,4.797369833601718,0.5770263016639828,15.94873859366613,,,
139,16.10305958132045,14.184111647879764,4.891304347826087,2.6033279656468062,9.722222222222221,0.19457863660762212,29.55582393988191,1.2546967257112185,4.931561996779388,0.6239935587761675,15.935319377348362,,,
140,16.243961352657006,14.150563607085346,4.918142780461621,2.7844873859366612,9.722222222222221,0.19457863660762212,29.166666666666668,1.2546967257112185,5.146269457863661,0.6239935587761675,15.794417606011809,,,
141,16.42512077294686,14.090177133655395,5.146269457863661,2.804616210413312,9.634997316156737,0.16774020397208803,28.83118625872249,1.724369296833065,5.12614063338701,0.6239935587761675,15.425389157273216,,,
142,16.75389157273215,13.862050456253355,5.166398282340311,2.804616210413312,9.608158883521202,0.16774020397208803,28.576221148684915,1.8518518518518519,5.193236714975845,0.5971551261406334,15.418679549114332,,,
143,15.203972088030058,13.788244766505636,5.3341384863123995,2.5429414922168547,9.037842190016104,0.16774020397208803,34.38674181427805,1.6505636070853462,4.38137412775094,0.5904455179817498,12.915995705850777,,,
144,15.579710144927537,13.734567901234568,5.320719269994632,2.49597423510467,8.917069243156199,0.16774020397208803,33.984165324745035,1.9524959742351047,4.40150295222759,0.6239935587761675,12.822061191626409,,,
145,15.854804079441761,13.633923778851315,5.340848094471283,2.522812667740204,8.863392377885132,0.16774020397208803,33.782877079978526,1.932367149758454,4.374664519592056,0.6575415995705851,12.869028448738593,,,
146,15.98899624261943,13.573537305421363,6.454643048845948,2.4892646269457863,8.863392377885132,0.16774020397208803,33.541331186258724,1.9189479334406871,4.3478260869565215,0.6575415995705851,11.996779388083736,,,
147,16.431830381105744,13.499731615673644,6.4345142243692965,2.49597423510467,8.870101986044014,0.16774020397208803,33.2662372517445,1.9189479334406871,4.334406870638754,0.6575415995705851,11.922973698336017,,,
148,16.23725174449812,12.761674718196458,6.602254428341385,2.395330112721417,8.769457863660762,0.16774020397208803,35.42002147074611,2.0531400966183573,4.133118625872249,0.6172839506172839,10.84272678475577,,,
149,16.59957058507783,12.701288244766506,6.582125603864735,2.408749329039184,8.735909822866345,0.16774020397208803,35.06441223832528,2.033011272141707,4.300858829844337,0.644122383252818,10.762211486849168,,,
150,16.921631776704242,11.708266237251744,7.897208803005904,2.395330112721417,8.682232957595277,0.16774020397208803,34.64170692431562,2.006172839506173,4.26731078904992,0.6642512077294686,10.648148148148149,,,
151,17.143048845947398,11.493558776167472,7.823403113258186,2.2208803005904456,9.621578099838969,0.16774020397208803,33.80971551261406,2.167203435319377,4.40150295222759,0.6642512077294686,10.487117552334944,,,
152,17.47181964573269,11.453301127214171,7.6623725174449815,2.4892646269457863,9.567901234567902,0.16774020397208803,33.621846484165324,2.26784755770263,4.3478260869565215,0.630703166935051,10.319377348362856,,,
153,15.908480944712828,9.145195920558239,7.615405260332796,4.26731078904992,8.433977455716587,0.16774020397208803,31.57541599570585,2.1806226516371443,4.17337627482555,0.630703166935051,15.901771336553946,,,
154,15.915190552871712,8.064949006977992,7.883789586688137,4.253891572732153,9.822866344605474,0.16774020397208803,31.46135265700483,2.1806226516371443,4.159957058507783,0.6508319914117016,15.438808373590982,,,
155,16.27750939345142,8.044820182501342,7.763016639828234,4.193505099302201,9.769189479334408,0.16774020397208803,31.260064412238325,2.200751476113795,4.213633923778851,0.6977992485238862,15.411969940955448,,,
156,15.613258185721953,7.971014492753623,7.709339774557166,4.17337627482555,9.386741814278047,0.20128824476650564,32.8166935050993,2.3550724637681157,3.992216854535695,0.6843800322061192,15.096618357487923,,,
157,15.895061728395062,7.917337627482555,7.7361782071927,4.159957058507783,9.359903381642512,0.20128824476650564,32.56172839506173,2.3550724637681157,4.159957058507783,0.7179280730005367,14.935587761674718,,,
158,16.150026838432634,7.50805152979066,8.440687063875469,4.092860976918948,9.353193773483628,0.1878690284487386,32.30005367686527,2.3483628556092326,4.0995705850778315,0.7179280730005367,14.801395598497047,,,
159,16.53918411164788,7.501341921631776,8.407139023081053,4.05931293612453,9.252549651100376,0.1878690284487386,32.018250134192165,2.395330112721417,4.159957058507783,0.7447665056360708,14.734299516908212,,,
160,16.921631776704242,7.4208266237251745,8.507783145464305,3.9989264626945786,9.16532474503489,0.1878690284487386,31.608964036500268,2.3349436392914655,4.394793344068707,0.7380568974771873,14.720880300590446,,,
161,17.19001610305958,7.4141170155662905,8.433977455716587,3.965378421900161,9.178743961352657,0.1878690284487386,31.50161030595813,2.3550724637681157,4.341116478797638,0.7112184648416533,14.720880300590446,,,
162,17.62614063338701,7.380568974771873,8.373590982286634,4.032474503488996,9.037842190016104,0.17444981213097155,31.239935587761675,2.3752012882447664,4.38137412775094,0.7447665056360708,14.63365539452496,,,
163,17.216854535695116,7.333601717659689,8.199141170155663,4.414922168545357,8.977455716586151,0.17444981213097155,28.985507246376812,2.428878153515835,4.012345679012346,0.7447665056360708,17.51207729468599,,,
164,17.398013955984972,7.139023081052066,8.165593129361245,4.931561996779388,8.917069243156199,0.17444981213097155,28.81105743424584,2.408749329039184,3.992216854535695,0.7447665056360708,17.317498658078367,,,
165,17.74020397208803,7.112184648416532,8.158883521202362,4.85775630703167,8.890230810520666,0.17444981213097155,28.61647879763822,2.3617820719269993,4.032474503488996,0.7447665056360708,17.310789049919485,,,
166,18.00187869028449,7.058507783145465,8.11862587224906,4.851046698872786,8.870101986044014,0.17444981213097155,28.549382716049383,2.3886205045625335,4.032474503488996,0.7581857219538379,17.196725711218466,,,
167,17.753623188405797,7.0383789586688135,8.044820182501342,4.7638217928073,8.849973161567364,0.17444981213097155,26.04669887278583,2.4154589371980677,3.9855072463768115,0.785024154589372,20.142243692968332,,,
168,18.08239398819109,7.018250134192163,7.890499194847021,4.730273752012883,8.541331186258722,0.2147074610842727,25.87895866881374,2.8918411164787976,4.019055287171229,0.7783145464304885,19.95437466451959,,,
169,18.283682232957595,7.018250134192163,7.796564680622652,4.730273752012883,10.849436392914654,0.2147074610842727,25.389157273215243,2.8918411164787976,3.9855072463768115,0.798443370907139,18.04213633923779,,,
170,18.59903381642512,6.977992485238862,7.769726247987117,4.730273752012883,10.809178743961352,0.2147074610842727,25.295222758990874,2.9119699409554483,3.911701556629093,0.798443370907139,17.98174986580784,,,
171,18.92109500805153,6.957863660762212,7.729468599033816,4.730273752012883,10.802469135802468,0.2147074610842727,25.087224906065487,2.9119699409554483,3.9049919484702094,0.798443370907139,17.941492216854535,,,
172,19.404186795491142,6.904186795491143,7.937466451959206,4.643048845947397,10.715244229736983,0.2147074610842727,25.006709608158882,2.9119699409554483,3.8848631239935587,0.7783145464304885,17.599302200751477,,,
173,19.276704240472355,6.904186795491143,7.763016639828234,4.542404723564144,10.721953837895867,0.20799785292538917,24.322329575952764,2.885131508319914,3.8378958668813743,0.7783145464304885,18.760064412238325,,,
174,19.57192699946323,6.8035426731078905,8.232689210950081,4.542404723564144,10.61460010735373,0.19457863660762212,24.074074074074073,2.844873859366613,3.851315083199141,0.7783145464304885,18.491680085882983,,,
175,19.639023081052066,6.568706387546968,8.400429414922169,4.824208266237251,10.507246376811594,0.19457863660762212,23.89291465378422,2.8247450348899625,3.878153515834675,0.8118625872249061,18.45813204508857,,,
176,19.887278582930758,6.5552871712292005,8.3467525496511,4.824208266237251,10.433440687063875,0.19457863660762212,23.805689747718734,2.9924852388620504,3.898282340311326,0.8118625872249061,18.250134192163177,,,
177,19.994632313472895,6.528448738593666,8.420558239398819,4.669887278582931,10.674986580783683,0.19457863660762212,23.778851315083198,3.012614063338701,3.878153515834675,0.8118625872249061,18.035426731078903,,,
178,20.52469135802469,6.501610305958132,8.380300590445518,4.62962962962963,10.648148148148149,0.19457863660762212,23.60440150295223,3.0730005367686526,3.8043478260869565,0.8118625872249061,17.827428878153516,,,
179,20.67230273752013,6.481481481481482,8.709071390230811,4.636339237788513,10.909822866344605,0.18115942028985507,23.275630703166936,3.0327428878153517,3.6500268384326353,0.7716049382716049,17.67981749865808,,,
180,20.9272678475577,6.4412238325281805,8.709071390230811,4.622920021470746,10.93666129898014,0.18115942028985507,23.2085346215781,3.0193236714975846,3.603059581320451,0.7716049382716049,17.579173376274827,,,
181,21.095008051529792,6.421095008051529,8.809715512614064,4.790660225442834,10.721953837895867,0.18115942028985507,22.82608695652174,3.052871712292002,3.797638217928073,0.7783145464304885,17.52549651100376,,,
182,21.336553945249598,6.414385399892646,8.735909822866345,4.797369833601718,11.037305421363392,0.18115942028985507,22.644927536231883,3.046162104133119,3.8177670424047236,0.7783145464304885,17.21014492753623,,,
183,21.658615136876005,6.394256575415996,8.608427267847558,4.8376274825550185,10.970209339774557,0.18115942028985507,22.497316156736446,3.046162104133119,3.878153515834675,0.7783145464304885,17.14975845410628,,,
