,45,50,55,52,54,53,57,56,51,58
0,100.0,,,,,,,,,
1,96.48416532474504,3.515834675254965,,,,,,,,
2,96.55126140633386,3.44873859366613,,,,,,,,
3,96.55126140633386,3.44873859366613,,,,,,,,
4,96.55126140633386,3.44873859366613,,,,,,,,
5,92.85426731078906,7.14573268921095,,,,,,,,
6,92.15646806226516,7.843531937734836,,,,,,,,
7,91.39157273215244,8.608427267847558,,,,,,,,
8,87.80864197530865,12.191358024691358,,,,,,,,
9,30.26033279656468,69.73966720343532,,,,,,,,
10,30.434782608695652,68.24342458400429,1.3217928073000538,,,,,,,
11,30.495169082125603,68.18303811057434,1.3217928073000538,,,,,,,
12,30.18652710681696,64.26462694578636,5.548845947396672,,,,,,,
13,30.50187869028449,63.85534084809447,5.642780461621041,,,,,,,
14,30.810520665593128,60.37976382179281,8.809715512614064,,,,,,,
15,30.730005367686527,60.11808910359635,8.78287707997853,0.36902844873859364,,,,,,
16,31.635802469135804,59.715512614063336,8.279656468062266,0.36902844873859364,,,,,,
17,31.76328502415459,57.709339774557165,10.158346752549651,0.36902844873859364,,,,,,
18,31.91760601180891,57.55501878690284,10.158346752549651,0.36902844873859364,,,,,,
19,30.04562533548041,59.252549651100374,7.944176060118089,2.757648953301127,,,,,,
20,30.139559849704778,58.44068706387547,8.662104133118627,2.757648953301127,,,,,,
21,30.334138486312398,58.279656468062264,8.635265700483092,2.7509393451422435,,,,,,
22,30.756843800322063,57.400697799248526,9.111647879763822,2.7308105206655933,,,,,,
23,31.011808910359633,57.17257112184648,9.084809447128288,2.7308105206655933,,,,,,
24,26.268115942028984,51.892109500805155,8.205850778314547,12.795222758990874,0.8387010198604401,,,,,
25,26.7512077294686,51.690821256038646,8.017981749865807,12.741545893719806,0.798443370907139,,,,,
26,26.704240472356414,50.12748255501879,7.185990338164252,12.627482555018787,3.3548040794417604,,,,,
27,26.82501341921632,50.026838432635536,7.320182501341922,12.473161567364466,3.3548040794417604,,,,,
28,27.18733225979603,49.80542136339238,7.273215244229737,12.385936661298981,3.3480944712828773,,,,,
29,27.616747181964573,49.57058507783145,7.206119162640902,12.278582930756844,3.3279656468062266,,,,,
30,26.84514224369297,50.496511003757384,7.206119162640902,12.278582930756844,3.1736446591519054,,,,,
31,26.94578636607622,50.4495437466452,7.179280730005368,12.25174449812131,3.1736446591519054,,,,,
32,27.006172839506174,50.4092860976919,7.179280730005368,12.23161567364466,3.1736446591519054,,,,,
33,27.15378421900161,50.30193236714976,7.1658615136876005,12.23161567364466,3.1468062265163717,,,,,
34,27.24771873322598,49.664519592055825,7.763016639828234,12.204777241009126,3.1199677938808374,,,,,
35,27.469135802469136,49.5101986044015,7.75630703166935,12.177938808373591,3.0864197530864197,,,,,
36,27.717391304347824,49.342458400429415,7.722758990874933,12.144390767579173,3.0730005367686526,,,,,
37,27.82474503488996,46.12855609232421,10.923242082662373,12.097423510466989,3.026033279656468,,,,,
38,28.012614063338702,46.01449275362319,10.923242082662373,12.06387546967257,2.985775630703167,,,,,
39,28.368223295759528,45.75281803542673,10.869565217391305,12.02361782071927,2.985775630703167,,,,,
40,28.670155662909288,44.51154052603328,11.52710681696189,11.90955448201825,3.3816425120772946,,,,,
41,28.690284487385938,43.75335480407944,12.305421363392378,11.869296833064949,3.3816425120772946,,,,,
42,28.690284487385938,43.76677402039721,12.29200214707461,11.869296833064949,3.3816425120772946,,,,,
43,28.965378421900162,43.552066559312934,12.258454106280194,11.842458400429415,3.3816425120772946,,,,,
44,29.408212560386474,43.303811057434245,12.238325281803542,11.674718196457327,3.374932903918411,,,,,
45,28.904991948470208,43.907675791733766,12.224906065485776,11.634460547504025,3.3279656468062266,,,,,
46,29.0727321524423,43.82045088566828,12.224906065485776,11.553945249597424,3.3279656468062266,,,,,
47,29.32769726247987,43.646001073537306,12.177938808373591,11.553945249597424,3.294417606011809,,,,,
48,29.159957058507782,43.98819108964037,12.124261943102523,11.439881910896403,3.2877079978529253,,,,,
49,29.32769726247987,43.894256575415994,12.06387546967257,11.426462694578637,3.2877079978529253,,,,,
50,29.51556629092861,43.72651637144391,12.04374664519592,11.426462694578637,3.2877079978529253,,,,,
51,29.73027375201288,43.53864734299517,12.016908212560386,11.426462694578637,3.2877079978529253,,,,,
52,29.857756307031668,43.41787439613527,12.010198604401502,11.426462694578637,3.2877079978529253,,,,,
53,30.193236714975846,43.243424584004295,11.936392914653783,11.3593666129898,3.2675791733762747,,,,,
54,30.475040257648953,43.17632850241546,11.788781535158346,11.3191089640365,3.240740740740741,,,,,
55,30.877616747181964,42.07595276435856,12.318840579710145,11.144659151905529,3.240740740740741,0.3421900161030596,,,,
56,30.3743961352657,39.070048309178745,15.707192699946322,10.292538915727322,3.240740740740741,0.3421900161030596,0.9728931830381106,,,
57,28.71712292002147,35.01073537305421,16.11647879763822,10.19189479334407,8.648684916800859,0.3421900161030596,0.9728931830381106,,,
58,28.307836822329577,32.078636607622116,14.861782071927,8.668813741277509,8.648684916800859,6.622383252818035,0.8118625872249061,,,
59,28.213902308105208,32.29334406870639,14.828234031132581,8.413848631239935,8.863392377885132,6.535158346752549,0.6642512077294686,0.1878690284487386,,
60,28.415190552871714,32.17257112184648,14.761137949543746,7.575147611379496,8.829844337090714,5.870907139023081,0.6642512077294686,1.710950080515298,,
61,28.629898013955984,31.756575415995705,15.049651100375739,7.575147611379496,8.776167471819646,5.857487922705314,0.644122383252818,1.710950080515298,,
62,29.005636070853463,31.655931293612454,14.915458937198068,7.548309178743962,8.742619431025227,5.776972624798712,0.644122383252818,1.710950080515298,,
63,29.1935050993022,31.548577563070317,14.861782071927,7.541599570585078,8.742619431025227,5.776972624798712,0.644122383252818,1.6908212560386473,,
64,29.414922168545356,31.508319914117017,14.754428341384862,7.541599570585078,8.742619431025227,5.703166935050993,0.644122383252818,1.6908212560386473,,
65,29.582662372517444,31.05877616747182,15.626677402039721,7.50805152979066,8.185721953837897,5.703166935050993,0.644122383252818,1.6908212560386473,,
66,29.58937198067633,29.884594739667204,14.31159420289855,7.50805152979066,8.99087493290392,7.380568974771873,0.644122383252818,1.6908212560386473,,
67,29.830917874396135,29.8040794417606,14.2914653784219,7.4208266237251745,8.943907675791733,7.37385936661299,0.644122383252818,1.6908212560386473,,
68,29.938271604938272,29.757112184648417,14.278046162104133,7.39398819108964,8.93719806763285,7.360440150295223,0.644122383252818,1.6908212560386473,,
69,29.428341384863124,29.334406870638755,13.808373590982287,7.380568974771873,9.453837895866881,7.27992485238862,0.644122383252818,1.6908212560386473,0.9796027911969941,
70,29.25389157273215,28.187063875469672,13.345410628019323,7.353730542136339,11.285560923242082,7.27992485238862,0.644122383252818,1.6908212560386473,0.9594739667203436,
71,28.153515834675254,29.22705314009662,13.278314546430488,5.35426731078905,11.158078368223295,10.36634460547504,0.644122383252818,0.8923778851315083,0.9259259259259259,
72,28.77079978529254,28.77750939345142,13.217928073000536,5.35426731078905,11.09098228663446,10.326086956521738,0.644122383252818,0.8923778851315083,0.9259259259259259,
73,26.8317230273752,27.17391304347826,12.258454106280194,9.447128287707997,11.540526033279656,10.285829307568438,0.644122383252818,0.8923778851315083,0.9259259259259259,
74,26.764626945786365,26.952495974235106,11.493558776167472,9.420289855072463,11.41304347826087,11.520397208803006,0.644122383252818,0.8655394524959742,0.9259259259259259,
75,26.878690284487387,26.918947933440688,11.466720343531938,9.420289855072463,11.392914653784219,11.493558776167472,0.644122383252818,0.8655394524959742,0.9192163177670424,
76,27.073268921095007,26.82501341921632,11.399624261943103,9.125067096081589,11.77536231884058,11.386205045625335,0.6374127750939346,0.8655394524959742,0.9125067096081588,
77,27.20746108427268,26.818303811057433,11.305689747718732,9.125067096081589,11.741814278046162,11.386205045625335,0.6374127750939346,0.8655394524959742,0.9125067096081588,
78,27.234299516908212,26.77133655394525,11.305689747718732,9.091519055287172,10.950080515297907,11.379495437466453,1.4895330112721417,0.8655394524959742,0.9125067096081588,
79,27.234299516908212,25.45625335480408,10.560923242082662,9.078099838969404,13.305152979066023,11.097691894793345,1.4895330112721417,0.8655394524959742,0.9125067096081588,
80,27.583199141170155,25.228126677402038,10.560923242082662,9.064680622651638,13.197799248523886,11.097691894793345,1.4895330112721417,0.8655394524959742,0.9125067096081588,
81,27.489264626945786,25.140901771336555,10.527375201288244,9.057971014492754,12.949543746645196,11.064143853998926,1.4895330112721417,0.8521202361782072,1.42914653784219,
82,27.78448738593666,25.06038647342995,10.393183038110575,9.057971014492754,12.835480407944177,10.976918947933441,1.4895330112721417,0.8521202361782072,1.415727321524423,0.13419216317767044
83,27.932098765432098,24.993290391841118,10.393183038110575,9.024422973698336,12.694578636607622,11.386205045625335,1.4895330112721417,0.8521202361782072,1.1003757380568975,0.13419216317767044
84,25.939345142243692,24.778582930756844,10.36634460547504,8.172302737520129,12.412775093934513,11.352657004830919,1.4895330112721417,0.8521202361782072,4.502147074610843,0.13419216317767044
85,25.47638217928073,24.516908212560388,10.205314009661835,7.6556629092860975,12.037037037037036,9.46725711218465,1.4895330112721417,0.3757380568974772,8.641975308641975,0.13419216317767044
86,25.717928073000536,24.456521739130434,10.0979602791197,7.608695652173913,12.010198604401502,9.46725711218465,1.4895330112721417,0.3757380568974772,8.641975308641975,0.13419216317767044
87,25.744766505636072,24.3894256575416,10.802469135802468,7.253086419753086,11.943102522812667,9.46725711218465,1.2949543746645196,0.3757380568974772,8.59500805152979,0.13419216317767044
88,26.174181427804616,24.355877616747183,10.7085346215781,7.253086419753086,11.83574879227053,9.292807300053678,1.2949543746645196,0.3757380568974772,8.57487922705314,0.13419216317767044
89,26.31508319914117,24.342458400429415,10.7085346215781,7.253086419753086,11.728395061728396,9.272678475577026,1.2949543746645196,0.3757380568974772,8.57487922705314,0.13419216317767044
90,23.98684916800859,26.31508319914117,10.7085346215781,7.239667203435319,11.721685453569512,9.272678475577026,1.2949543746645196,0.3757380568974772,8.950617283950617,0.13419216317767044
91,24.376006441223833,26.167471819645733,10.695115405260333,7.152442297369833,11.81561996779388,9.198872785829307,1.1808910359634996,0.3488996242619431,8.930488459473967,0.13419216317767044
92,24.88593666129898,26.093666129898015,10.829307568438002,7.139023081052066,11.788781535158346,9.198872785829307,1.1607622114868492,0.3488996242619431,8.420558239398819,0.13419216317767044
93,25.05367686527107,25.959473966720342,10.829307568438002,7.125603864734299,11.75523349436393,8.628556092324208,1.1607622114868492,0.9326355340848095,8.420558239398819,0.13419216317767044
94,22.007514761137948,23.926462694578635,9.73564143853999,4.7638217928073,11.211755233494364,9.406870638754697,1.1607622114868492,0.9326355340848095,16.720343531937736,0.13419216317767044
95,22.034353193773484,23.859366612989803,9.702093397745571,4.193505099302201,11.104401502952227,8.756038647342995,1.1607622114868492,0.7917337627482555,18.263553408480945,0.13419216317767044
96,22.17525496511004,23.2085346215781,9.621578099838969,4.193505099302201,11.808910359634996,8.641975308641975,1.1607622114868492,0.7917337627482555,18.263553408480945,0.13419216317767044
97,22.463768115942027,23.013955984970476,9.621578099838969,4.186795491143317,11.768652710681696,8.628556092324208,1.1607622114868492,0.7917337627482555,18.230005367686527,0.13419216317767044
98,22.886473429951693,22.77241009125067,9.608158883521202,4.17337627482555,11.869296833064949,8.487654320987655,1.1607622114868492,0.7917337627482555,18.115942028985508,0.13419216317767044
99,23.409822866344605,22.75228126677402,9.514224369296834,4.17337627482555,11.782071926999464,8.225979602791197,1.1607622114868492,0.7917337627482555,18.055555555555557,0.13419216317767044
100,23.698336017176597,22.65163714439077,9.50751476113795,4.133118625872249,11.728395061728396,8.219269994632313,1.1607622114868492,0.7917337627482555,17.975040257648953,0.13419216317767044
101,22.81266774020397,22.282608695652176,8.581588835212024,7.568438003220612,11.057434245840042,8.07836822329576,0.7447665056360708,0.7917337627482555,17.94820182501342,0.13419216317767044
102,22.940150295222757,22.17525496511004,8.527911969940956,7.541599570585078,11.211755233494364,7.98443370907139,0.7447665056360708,0.7917337627482555,17.94820182501342,0.13419216317767044
103,23.101180891035963,22.128287707997853,8.527911969940956,7.514761137949543,12.084004294149223,7.971014492753623,0.7447665056360708,0.7917337627482555,17.002147074610843,0.13419216317767044
104,23.423242082662373,22.014224369296834,8.527911969940956,7.48792270531401,11.996779388083736,7.950885668276973,0.7179280730005367,0.7917337627482555,16.955179817498657,0.13419216317767044
105,23.738593666129898,21.752549651100377,8.78287707997853,7.427536231884058,11.98336017176597,7.937466451959206,0.7179280730005367,0.7917337627482555,16.7337627482555,0.13419216317767044
106,23.832528180354267,21.70558239398819,8.78287707997853,7.427536231884058,11.98336017176597,7.937466451959206,0.7179280730005367,0.7917337627482555,16.686795491143318,0.13419216317767044
107,24.053945249597422,21.658615136876005,8.78287707997853,7.4006977992485234,11.956521739130435,7.87037037037037,0.7112184648416533,0.7917337627482555,16.639828234031132,0.13419216317767044
108,24.329039184111647,21.62506709608159,8.715780998389693,7.4006977992485234,11.902844873859367,7.836822329575953,0.7112184648416533,0.7917337627482555,16.552603327965645,0.13419216317767044
109,24.59742351046699,21.4170692431562,8.715780998389693,7.246376811594203,12.030327428878154,7.836822329575953,0.7112184648416533,0.7917337627482555,16.51905528717123,0.13419216317767044
110,24.92619431025228,21.349973161567366,9.03113258185722,7.239667203435319,11.98336017176597,7.776435856146001,0.7112184648416533,0.7917337627482555,16.056092324208265,0.13419216317767044
111,25.187869028448738,21.256038647342994,9.004294149221685,7.212828770799785,11.969940955448202,7.729468599033816,0.7112184648416533,0.7917337627482555,16.002415458937197,0.13419216317767044
112,25.603864734299517,21.14868491680086,8.977455716586151,6.977992485238862,11.922973698336017,7.729468599033816,0.7112184648416533,0.7917337627482555,16.002415458937197,0.13419216317767044
113,26.08695652173913,21.00107353730542,8.68894256575416,6.890767579173376,11.822329575952764,8.024691358024691,0.7112184648416533,0.7917337627482555,15.848094471282877,0.13419216317767044
114,26.174181427804616,20.860171765968868,8.662104133118627,6.850509930220075,11.79549114331723,8.185721953837897,0.7112184648416533,0.7917337627482555,15.83467525496511,0.13419216317767044
115,26.382179280730007,20.779656468062264,8.662104133118627,6.850509930220075,11.761943102522812,8.179012345679013,0.7112184648416533,0.7917337627482555,15.747450348899624,0.13419216317767044
116,26.44927536231884,20.7662372517445,8.61513687600644,6.850509930220075,11.761943102522812,8.172302737520129,0.7112184648416533,0.7917337627482555,15.747450348899624,0.13419216317767044
117,26.590177133655395,20.7662372517445,8.608427267847558,6.850509930220075,11.708266237251744,8.105206655931294,0.7112184648416533,0.7917337627482555,15.734031132581856,0.13419216317767044
118,26.006441223832528,20.356951154052602,8.373590982286634,6.709608158883521,10.131508319914117,11.137949543746645,0.6910896403650026,0.7783145464304885,15.68035426731079,0.13419216317767044
119,26.214439076757916,20.283145464304884,8.373590982286634,6.6827697262479875,10.11808910359635,11.077563070316694,0.6910896403650026,0.7783145464304885,15.646806226516372,0.13419216317767044
120,26.33521202361782,20.263016639828233,8.340042941492216,6.6827697262479875,10.091250670960816,11.064143853998926,0.6910896403650026,0.7783145464304885,15.619967793880837,0.13419216317767044
121,26.529790660225444,20.209339774557165,8.266237251744498,6.6827697262479875,10.037573805689748,11.05072463768116,0.6910896403650026,0.7783145464304885,15.619967793880837,0.13419216317767044
122,26.81159420289855,20.088566827697264,8.239398819108963,6.6827697262479875,10.037573805689748,10.93666129898014,0.6910896403650026,0.7783145464304885,15.599838969404187,0.13419216317767044
123,26.932367149758456,20.061728395061728,8.239398819108963,6.655931293612453,10.037573805689748,10.93666129898014,0.6910896403650026,0.7783145464304885,15.552871712292003,0.11406333870101985
124,27.20746108427268,19.92753623188406,8.239398819108963,6.629092860976919,10.00402576489533,10.909822866344605,0.6843800322061192,0.7783145464304885,15.505904455179817,0.11406333870101985
125,27.65029522275899,19.920826623725173,8.205850778314547,6.595544820182502,9.997316156736447,10.554213633923778,0.6776704240472357,0.7783145464304885,15.505904455179817,0.11406333870101985
126,27.77777777777778,19.773215244229736,8.111916264090176,6.588835212023618,10.198604401502953,10.547504025764896,0.6776704240472357,0.7783145464304885,15.432098765432098,0.11406333870101985
127,27.9723564143854,19.726247987117553,8.085077831454644,6.541867954911433,10.198604401502953,10.513955984970478,0.6776704240472357,0.7648953301127214,15.405260332796564,0.11406333870101985
128,28.25415995705851,19.692699946323135,8.064949006977992,6.521739130434782,10.064412238325282,10.48040794417606,0.6776704240472357,0.7648953301127214,15.365002683843263,0.11406333870101985
129,27.9723564143854,18.53864734299517,7.843531937734836,6.521739130434782,11.882716049382717,10.48040794417606,0.6776704240472357,0.7648953301127214,15.203972088030058,0.11406333870101985
130,28.166935050993022,18.45813204508857,7.843531937734836,6.474771873322598,11.855877616747183,10.44015029522276,0.6776704240472357,0.7648953301127214,15.203972088030058,0.11406333870101985
131,28.119967793880836,18.357487922705314,7.669082125603865,6.474771873322598,11.641170155662909,11.05072463768116,0.6776704240472357,0.7648953301127214,15.13016639828234,0.11406333870101985
132,28.24074074074074,18.276972624798713,7.669082125603865,6.481481481481482,11.60762211486849,11.037305421363392,0.6776704240472357,0.7648953301127214,15.13016639828234,0.11406333870101985
133,28.341384863123995,18.21658615136876,7.883789586688137,6.481481481481482,11.580783682232958,10.916532474503489,0.6776704240472357,0.6910896403650026,15.096618357487923,0.11406333870101985
134,28.71712292002147,17.98845947396672,7.863660762211487,6.454643048845948,12.29200214707461,10.695115405260333,0.6776704240472357,0.6575415995705851,14.53972088030059,0.11406333870101985
135,28.83118625872249,17.98845947396672,7.863660762211487,6.454643048845948,12.25174449812131,10.674986580783683,0.6709608158883521,0.6575415995705851,14.492753623188406,0.11406333870101985
136,28.99892646269458,17.94820182501342,7.863660762211487,6.454643048845948,12.171229200214707,10.674986580783683,0.644122383252818,0.6575415995705851,14.472624798711756,0.11406333870101985
137,28.878153515834676,17.914653784219002,7.796564680622652,6.179549114331723,12.151100375738057,11.366076221148685,0.644122383252818,0.6575415995705851,14.298174986580785,0.11406333870101985
138,29.09957058507783,17.840848094471284,7.7898550724637685,6.105743424584004,12.13768115942029,11.312399355877616,0.644122383252818,0.6575415995705851,14.298174986580785,0.11406333870101985
139,29.388083735909824,17.76033279656468,7.7831454643048845,6.099033816425121,12.070585077831455,11.238593666129898,0.644122383252818,0.6575415995705851,14.244498121309716,0.11406333870101985
140,29.56924315619968,17.612721417069242,7.924047235641439,6.099033816425121,11.990069779924852,11.238593666129898,0.644122383252818,0.6575415995705851,14.150563607085346,0.11406333870101985
141,29.66988727858293,17.310789049919485,7.924047235641439,6.099033816425121,12.211486849168008,11.231884057971014,0.644122383252818,0.6575415995705851,14.13714439076758,0.11406333870101985
142,29.87788513150832,17.24369296833065,7.9106280193236715,6.045356951154052,12.211486849168008,11.158078368223295,0.644122383252818,0.6575415995705851,14.13714439076758,0.11406333870101985
143,30.17981749865808,17.183306494900698,7.856951154052603,6.038647342995169,12.157809983896941,11.137949543746645,0.5636070853462157,0.6575415995705851,14.110305958132045,0.11406333870101985
144,30.300590445517983,17.16988727858293,7.85024154589372,5.998389694041868,12.104133118625873,11.131239935587761,0.5636070853462157,0.6575415995705851,14.110305958132045,0.11406333870101985
145,30.50187869028449,17.143048845947398,7.85024154589372,5.964841653247451,12.050456253354804,11.084272678475577,0.5501878690284487,0.630703166935051,14.110305958132045,0.11406333870101985
146,30.629361245303276,17.022275899087493,7.85024154589372,5.964841653247451,12.037037037037036,11.225174449812132,0.5501878690284487,0.630703166935051,13.976113794954374,0.11406333870101985
147,30.54213633923779,16.97530864197531,7.716049382716049,6.360708534621578,11.969940955448202,11.18491680085883,0.5501878690284487,0.630703166935051,13.955984970477724,0.11406333870101985
148,30.71658615136876,16.874664519592056,7.709339774557166,6.360708534621578,11.936392914653783,11.151368760064413,0.5501878690284487,0.630703166935051,13.955984970477724,0.11406333870101985
149,30.079173376274827,17.713365539452496,7.702630166398282,6.360708534621578,11.876006441223833,11.05072463768116,0.5501878690284487,0.630703166935051,13.922436929683306,0.11406333870101985
150,30.441492216854535,17.693236714975846,7.6623725174449815,6.333870101986044,11.654589371980677,11.05072463768116,0.5501878690284487,0.630703166935051,13.868760064412239,0.11406333870101985
151,30.689747718733226,17.659688674181428,7.575147611379496,6.3137412775093935,11.574074074074074,11.023886205045626,0.5501878690284487,0.630703166935051,13.868760064412239,0.11406333870101985
152,30.877616747181964,17.57246376811594,7.575147611379496,6.3137412775093935,11.520397208803006,10.983628556092324,0.5501878690284487,0.630703166935051,13.868760064412239,0.10735373054213634
153,31.07890499194847,17.518786902844873,7.548309178743962,6.3137412775093935,11.460010735373054,10.983628556092324,0.5501878690284487,0.6038647342995169,13.83521202361782,0.10735373054213634
154,31.32716049382716,17.505367686527105,7.50805152979066,6.3137412775093935,11.43317230273752,10.86285560923242,0.5501878690284487,0.6038647342995169,13.788244766505636,0.10735373054213634
155,31.09903381642512,17.47181964573269,7.14573268921095,7.1658615136876005,11.379495437466453,10.695115405260333,0.5501878690284487,0.6038647342995169,13.781535158346752,0.10735373054213634
156,31.206387546967257,16.720343531937736,7.14573268921095,7.944176060118089,11.352657004830919,10.648148148148149,0.5501878690284487,0.6038647342995169,13.7211486849168,0.10735373054213634
157,31.4345142243693,16.626409017713364,7.058507783145465,7.917337627482555,11.231884057971014,10.648148148148149,0.5501878690284487,0.7380568974771873,13.687600644122384,0.10735373054213634
158,31.843800322061192,16.5727321524423,6.937734836285561,7.890499194847021,11.18491680085883,10.567632850241546,0.5501878690284487,0.7380568974771873,13.607085346215781,0.10735373054213634
159,32.018250134192165,16.358024691358025,6.904186795491143,7.883789586688137,11.352657004830919,10.520665593129362,0.5501878690284487,0.7380568974771873,13.56682769726248,0.10735373054213634
160,32.45437466451959,16.076221148684915,6.890767579173376,7.863660762211487,11.312399355877616,10.507246376811594,0.5501878690284487,0.7246376811594203,13.513150831991412,0.10735373054213634
161,32.1256038647343,15.599838969404187,6.736446591519055,7.071926999463232,13.170960815888352,10.433440687063875,0.5501878690284487,0.7246376811594203,13.479602791196994,0.10735373054213634
162,32.32018250134192,15.418679549114332,6.736446591519055,7.286634460547504,13.056897477187333,10.332796564680622,0.5501878690284487,0.7246376811594203,13.466183574879228,0.10735373054213634
163,32.60198604401503,15.418679549114332,6.863929146537842,7.286634460547504,12.828770799785293,10.312667740203972,0.5501878690284487,0.7246376811594203,13.305152979066023,0.10735373054213634
164,32.8972088030059,15.378421900161031,6.850509930220075,7.273215244229737,12.801932367149758,10.185185185185185,0.5501878690284487,0.7246376811594203,13.231347289318304,0.10735373054213634
165,32.26650563607085,14.841653247450349,6.6827697262479875,7.98443370907139,13.6808910359635,10.165056360708535,0.5501878690284487,0.7246376811594203,12.99651100375738,0.10735373054213634
166,32.407407407407405,14.801395598497047,6.6827697262479875,7.950885668276973,13.613794954374665,10.165056360708535,0.5501878690284487,0.7246376811594203,12.99651100375738,0.10735373054213634
167,32.91733762748255,14.640365002683843,6.608964036500268,7.897208803005904,13.607085346215781,10.111379495437467,0.5501878690284487,0.7246376811594203,12.835480407944177,0.10735373054213634
168,32.27321524422974,14.418947933440688,6.421095008051529,10.332796564680622,12.385936661298981,10.111379495437467,0.5501878690284487,0.7246376811594203,12.674449812130971,0.10735373054213634
169,32.17928073000537,14.358561460010735,6.407675791733762,10.017444981213098,12.00348899624262,11.044015029522276,0.5501878690284487,0.7246376811594203,12.607353730542137,0.10735373054213634
170,32.41411701556629,14.304884594739667,6.387546967257112,9.970477724100913,12.00348899624262,11.037305421363392,0.5501878690284487,0.7246376811594203,12.5,0.10735373054213634
171,32.54830917874396,14.304884594739667,6.387546967257112,9.936929683306495,11.976650563607086,10.990338164251208,0.5501878690284487,0.7246376811594203,12.473161567364466,0.10735373054213634
172,32.86366076221149,14.298174986580785,6.380837359098229,9.936929683306495,11.83574879227053,10.88298443370907,0.5434782608695652,0.7246376811594203,12.426194310252281,0.10735373054213634
173,32.47450348899624,13.821792807300053,6.380837359098229,9.829575952764358,11.466720343531938,11.379495437466453,0.5434782608695652,0.7246376811594203,13.271604938271604,0.10735373054213634
174,32.608695652173914,13.747987117552334,6.380837359098229,9.816156736446592,11.426462694578637,11.372785829307569,0.5434782608695652,0.7246376811594203,13.271604938271604,0.10735373054213634
175,32.608695652173914,13.694310252281268,6.273483628556092,9.27938808373591,11.211755233494364,12.285292538915728,0.5434782608695652,0.7246376811594203,13.271604938271604,0.10735373054213634
176,32.890499194847024,13.627214170692431,6.199677938808374,9.27938808373591,11.18491680085883,12.224906065485776,0.5434782608695652,0.7246376811594203,13.217928073000536,0.10735373054213634
177,33.02469135802469,13.613794954374665,6.199677938808374,9.252549651100376,11.158078368223295,12.211486849168008,0.5434782608695652,0.7246376811594203,13.16425120772947,0.10735373054213634
178,33.25281803542673,13.613794954374665,6.1862587224906065,9.23913043478261,11.131239935587761,12.070585077831455,0.5434782608695652,0.7246376811594203,13.130703166935051,0.10735373054213634
179,33.541331186258724,13.58695652173913,6.105743424584004,9.212292002147075,11.131239935587761,12.037037037037036,0.5434782608695652,0.7246376811594203,13.009930220075148,0.10735373054213634
180,33.682232957595275,13.56682769726248,6.105743424584004,9.198872785829307,11.084272678475577,12.037037037037036,0.5300590445517982,0.7246376811594203,12.962962962962964,0.10735373054213634
181,33.93719806763285,13.526570048309178,5.9514224369296835,9.185453569511541,11.077563070316694,12.00348899624262,0.5300590445517982,0.7246376811594203,12.95625335480408,0.10735373054213634
182,34.064680622651636,13.486312399355878,5.9514224369296835,9.158615136876007,11.064143853998926,11.990069779924852,0.5300590445517982,0.7246376811594203,12.922705314009661,0.10735373054213634
183,34.17874396135266,13.459473966720344,5.9447128287707995,9.125067096081589,11.017176596886742,12.06387546967257,0.46967257112184646,0.9997316156736447,12.634192163177671,0.10735373054213634
184,34.286097691894796,13.459473966720344,5.931293612453032,9.111647879763822,10.983628556092324,12.057165861513688,0.46967257112184646,0.9997316156736447,12.593934514224369,0.10735373054213634
185,34.41358024691358,13.43263553408481,5.931293612453032,9.104938271604938,10.903113258185721,12.04374664519592,0.46967257112184646,0.9997316156736447,12.593934514224369,0.10735373054213634
186,34.554482018250134,13.419216317767042,5.931293612453032,9.078099838969404,10.869565217391305,12.00348899624262,0.46967257112184646,0.9728931830381106,12.593934514224369,0.10735373054213634
187,34.74235104669887,13.405797101449275,5.911164787976382,9.03113258185722,10.869565217391305,11.936392914653783,0.46967257112184646,0.9728931830381106,12.553676865271068,0.10735373054213634
188,34.96376811594203,13.39237788513151,5.911164787976382,8.964036500268385,10.809178743961352,11.876006441223833,0.46967257112184646,0.9728931830381106,12.533548040794418,0.10735373054213634
189,35.218733225979605,13.378958668813741,5.877616747181965,8.910359634997317,10.755501878690284,11.862587224906065,0.46967257112184646,0.9728931830381106,12.446323134728932,0.10735373054213634
190,35.08454106280193,13.325281803542673,5.8239398819108965,9.702093397745571,10.715244229736983,11.352657004830919,0.46967257112184646,0.9728931830381106,12.446323134728932,0.10735373054213634
191,35.28582930756844,13.298443370907139,5.790391841116479,9.702093397745571,10.668276972624799,11.325818572195384,0.46967257112184646,0.966183574879227,12.385936661298981,0.10735373054213634
192,35.65485775630703,13.177670424047236,5.790391841116479,9.621578099838969,10.715244229736983,11.131239935587761,0.46967257112184646,0.966183574879227,12.365807836822329,0.10735373054213634
193,35.7487922705314,13.150831991411701,5.790391841116479,9.614868491680086,10.701825013419215,11.117820719269995,0.46967257112184646,0.966183574879227,12.332259796027913,0.10735373054213634
194,36.12453032742888,13.09044551798175,5.71658615136876,9.614868491680086,10.621309715512615,11.084272678475577,0.46967257112184646,0.9326355340848095,12.238325281803542,0.10735373054213634
195,36.28556092324208,13.063607085346217,5.71658615136876,9.601449275362318,10.567632850241546,11.057434245840042,0.46967257112184646,0.9326355340848095,12.198067632850242,0.10735373054213634
196,36.39291465378422,13.050187869028449,5.984970477724101,9.440418679549115,10.48040794417606,10.943370907139023,0.46967257112184646,0.9326355340848095,12.198067632850242,0.10735373054213634
197,36.74852388620504,13.003220611916264,5.971551261406334,9.440418679549115,10.084541062801932,11.741814278046162,0.46296296296296297,0.8185721953837896,11.621041331186259,0.10735373054213634
198,36.808910359635,13.003220611916264,5.971551261406334,9.440418679549115,10.071121846484166,11.728395061728396,0.46296296296296297,0.8185721953837896,11.58749329039184,0.10735373054213634
199,37.03703703703704,12.989801395598498,5.971551261406334,9.326355340848094,10.037573805689748,11.708266237251744,0.46296296296296297,0.8185721953837896,11.540526033279656,0.10735373054213634
200,37.38593666129898,12.969672571121846,5.964841653247451,9.292807300053678,9.943639291465379,11.553945249597424,0.46296296296296297,0.8185721953837896,11.500268384326356,0.10735373054213634
201,37.466451959205585,12.969672571121846,5.964841653247451,9.212292002147075,9.903381642512077,11.600912506709609,0.46296296296296297,0.8185721953837896,11.493558776167472,0.10735373054213634
202,37.69457863660762,12.929414922168545,5.924584004294149,9.205582393988191,9.762479871175524,11.600912506709609,0.46296296296296297,0.8185721953837896,11.493558776167472,0.10735373054213634
203,37.8690284487386,12.869028448738593,5.891035963499732,9.16532474503489,9.762479871175524,11.594202898550725,0.46296296296296297,0.8185721953837896,11.460010735373054,0.10735373054213634
204,37.72141706924316,12.86231884057971,5.884326355340848,8.964036500268385,9.621578099838969,12.446323134728932,0.46296296296296297,0.8051529790660226,11.124530327428879,0.10735373054213634
205,37.432903918411164,12.47987117552335,5.756843800322061,8.883521202361782,10.547504025764896,12.399355877616747,0.46296296296296297,0.8051529790660226,11.124530327428879,0.10735373054213634
206,37.151100375738054,12.177938808373591,5.46833064949007,11.52710681696189,10.21202361782072,11.178207192699947,0.2683843263553409,0.8051529790660226,11.104401502952227,0.10735373054213634
207,36.292270531400966,12.144390767579173,5.367686527106817,10.762211486849168,10.21202361782072,13.365539452495975,0.2683843263553409,1.0332796564680622,10.446859903381643,0.10735373054213634
208,36.41975308641975,12.117552334943639,5.367686527106817,10.748792270531402,10.19189479334407,13.298443370907139,0.2683843263553409,1.0332796564680622,10.446859903381643,0.10735373054213634
209,36.58749329039184,12.110842726784755,5.360976918947934,10.748792270531402,10.158346752549651,13.211218464841654,0.2683843263553409,1.0131508319914118,10.433440687063875,0.10735373054213634
210,36.68142780461621,12.110842726784755,5.360976918947934,10.7085346215781,10.144927536231885,13.170960815888352,0.2683843263553409,1.0131508319914118,10.433440687063875,0.10735373054213634
211,36.73510466988728,12.104133118625873,5.360976918947934,10.7085346215781,10.131508319914117,13.170960815888352,0.2683843263553409,0.9930220075147611,10.420021470746109,0.10735373054213634
212,36.83574879227053,12.104133118625873,5.360976918947934,10.701825013419215,10.091250670960816,13.157541599570585,0.2683843263553409,0.9930220075147611,10.379763821792807,0.10735373054213634
213,36.93639291465379,12.104133118625873,5.360976918947934,10.674986580783683,10.050993022007514,13.144122383252817,0.2683843263553409,0.9930220075147611,10.359634997316157,0.10735373054213634
214,37.05716586151369,12.084004294149223,5.360976918947934,10.641438539989265,10.037573805689748,13.144122383252817,0.2683843263553409,0.9930220075147611,10.305958132045088,0.10735373054213634
215,37.224906065485776,12.050456253354804,5.347557702630167,10.628019323671497,10.037573805689748,13.036768652710682,0.2683843263553409,0.9930220075147611,10.305958132045088,0.10735373054213634
216,37.11084272678475,11.654589371980677,5.307300053676865,9.782608695652174,9.96376811594203,14.51959205582394,0.2683843263553409,0.9930220075147611,10.292538915727322,0.10735373054213634
217,37.32555018786903,11.654589371980677,5.267042404723564,9.75577026301664,9.88996242619431,14.445786366076222,0.2683843263553409,0.9930220075147611,10.292538915727322,0.10735373054213634
218,37.35909822866345,11.325818572195384,5.267042404723564,9.668545356951155,10.399892646269459,14.325013419216317,0.2683843263553409,0.9930220075147611,10.285829307568438,0.10735373054213634
219,37.36580783682233,11.2788513150832,5.213365539452496,9.849704777241008,10.487117552334944,14.237788513150832,0.2683843263553409,0.9930220075147611,10.198604401502953,0.10735373054213634
220,37.473161567364464,11.231884057971014,5.213365539452496,9.728931830381105,10.487117552334944,14.070048309178745,0.2683843263553409,0.9930220075147611,10.426731078904991,0.10735373054213634
221,37.473161567364464,11.231884057971014,5.213365539452496,9.681964573268921,10.721953837895867,13.935856146001074,0.2683843263553409,0.9930220075147611,10.373054213633925,0.10735373054213634
222,37.42619431025228,11.231884057971014,6.105743424584004,9.64170692431562,10.373054213633925,13.868760064412239,0.2683843263553409,0.9930220075147611,9.98389694041868,0.10735373054213634
223,37.36580783682233,11.09098228663446,6.105743424584004,9.614868491680086,10.681696188942565,13.828502415458937,0.2549651100375738,0.9930220075147611,9.957058507783145,0.10735373054213634
224,37.506709608158886,11.077563070316694,6.078904991948471,9.601449275362318,10.621309715512615,13.801663982823403,0.2549651100375738,0.9930220075147611,9.957058507783145,0.10735373054213634
225,37.546967257112186,11.064143853998926,6.078904991948471,9.581320450885668,10.621309715512615,13.79495437466452,0.2549651100375738,0.9930220075147611,9.957058507783145,0.10735373054213634
226,37.60735373054214,10.889694041867955,6.078904991948471,9.534353193773484,10.61460010735373,14.103596349973161,0.2549651100375738,0.966183574879227,9.842995169082126,0.10735373054213634
227,37.39935587761675,10.889694041867955,6.011808910359635,9.86983360171766,10.57434245840043,14.083467525496511,0.2549651100375738,0.966183574879227,9.842995169082126,0.10735373054213634
228,37.533548040794415,10.86285560923242,5.998389694041868,9.842995169082126,10.547504025764896,14.04320987654321,0.2549651100375738,0.966183574879227,9.842995169082126,0.10735373054213634
229,37.66774020397209,10.849436392914654,5.958132045088567,9.796027911969942,10.46027911969941,14.096886741814279,0.2549651100375738,0.966183574879227,9.842995169082126,0.10735373054213634
230,37.88915727321525,10.849436392914654,5.958132045088567,9.782608695652174,10.359634997316157,14.06333870101986,0.2549651100375738,0.966183574879227,9.769189479334408,0.10735373054213634
231,38.08373590982286,10.829307568438002,5.958132045088567,9.77589908749329,10.332796564680622,13.976113794954374,0.2549651100375738,0.966183574879227,9.71551261406334,0.10735373054213634
232,38.41250670960816,10.829307568438002,5.917874396135265,9.634997316156737,10.299248523886206,13.92914653784219,0.2549651100375738,0.966183574879227,9.648416532474503,0.10735373054213634
233,38.6003757380569,10.802469135802468,5.877616747181965,9.621578099838969,10.265700483091788,13.875469672571121,0.2549651100375738,0.966183574879227,9.628287707997853,0.10735373054213634
234,38.6003757380569,10.668276972624799,5.864197530864198,9.588030059044552,10.46027911969941,13.862050456253355,0.2549651100375738,0.966183574879227,9.628287707997853,0.10735373054213634
235,38.92243692968331,10.554213633923778,5.850778314546431,9.54777241009125,10.413311862587225,13.828502415458937,0.2549651100375738,0.966183574879227,9.554482018250134,0.10735373054213634
236,39.26462694578637,10.534084809447128,5.797101449275362,9.420289855072463,10.359634997316157,13.788244766505636,0.2549651100375738,0.966183574879227,9.50751476113795,0.10735373054213634
237,39.26462694578637,10.534084809447128,5.790391841116479,9.39345142243693,10.359634997316157,13.633923778851315,0.2549651100375738,1.1540526033279657,9.50751476113795,0.10735373054213634
238,39.31830381105743,10.534084809447128,5.790391841116479,9.39345142243693,10.359634997316157,13.580246913580247,0.2549651100375738,1.1540526033279657,9.50751476113795,0.10735373054213634
239,39.331723027375205,10.534084809447128,5.790391841116479,9.380032206119163,10.359634997316157,13.580246913580247,0.2549651100375738,1.1540526033279657,9.50751476113795,0.10735373054213634
240,39.741009125067094,10.426731078904991,5.958132045088567,9.380032206119163,10.0979602791197,13.385668276972625,0.2549651100375738,1.1406333870101986,9.50751476113795,0.10735373054213634
241,39.90874932903918,10.420021470746109,5.924584004294149,9.380032206119163,10.0979602791197,13.318572195383789,0.2549651100375738,1.1205045625335481,9.50751476113795,0.06709608158883522
242,39.754428341384866,10.198604401502953,5.924584004294149,9.883252818035427,10.084541062801932,13.217928073000536,0.2549651100375738,1.1205045625335481,9.494095544820183,0.06709608158883522
243,39.93558776167472,10.144927536231885,5.877616747181965,9.883252818035427,9.98389694041868,13.291733762748256,0.2549651100375738,1.1205045625335481,9.440418679549115,0.06709608158883522
