,45,50,53,55,51,52,54,56,57,61,58,59,60,62
0,96.19565217391305,3.8043478260869565,,,,,,,,,,,,
1,94.57863660762212,5.401234567901234,0.020128824476650563,,,,,,,,,,,
2,91.90821256038647,8.071658615136876,0.020128824476650563,,,,,,,,,,,
3,79.58937198067633,20.209339774557165,0.020128824476650563,0.18115942028985507,,,,,,,,,,
4,76.1003757380569,21.24261943102523,0.020128824476650563,0.18115942028985507,2.4557165861513686,,,,,,,,,
5,74.2619431025228,23.081052066559312,0.020128824476650563,0.18115942028985507,2.4557165861513686,,,,,,,,,
6,71.30300590445518,25.966183574879228,0.020128824476650563,0.18115942028985507,2.4557165861513686,0.07380568974771873,,,,,,,,
7,71.0882984433709,26.127214170692433,0.020128824476650563,0.23483628556092323,2.4557165861513686,0.07380568974771873,,,,,,,,
8,70.86017176596887,26.241277509393452,0.020128824476650563,0.3488996242619431,2.4557165861513686,0.07380568974771873,,,,,,,,
9,57.689210950080515,39.50617283950617,,0.3488996242619431,2.4557165861513686,,,,,,,,,
10,54.1129898013956,43.80032206119163,,0.36902844873859364,1.6639828234031133,,0.05367686527106817,,,,,,,
11,50.436124530327426,44.04186795491143,,0.3757380568974772,5.038915727321524,,0.05367686527106817,0.05367686527106817,,,,,,
12,39.231078904991946,55.32742887815352,,0.30193236714975846,5.005367686527107,,0.05367686527106817,0.08051529790660225,,,,,,
13,39.2512077294686,55.17981749865808,,0.4294149221685454,5.005367686527107,,0.05367686527106817,0.08051529790660225,,,,,,
14,38.77482555018787,45.69243156199678,,0.4294149221685454,5.005367686527107,9.957058507783145,0.05367686527106817,0.08051529790660225,0.0067096081588835215,,,,,
15,32.8972088030059,51.81159420289855,0.03354804079441761,1.1607622114868492,4.3545356951154055,9.500805152979066,0.05367686527106817,0.1610305958132045,0.0067096081588835215,0.020128824476650563,,,,
16,32.70263016639828,51.55662909286098,0.03354804079441761,1.4358561460010735,4.3545356951154055,9.473966720343531,0.2281266774020397,0.1610305958132045,0.03354804079441761,0.020128824476650563,,,,
17,32.689210950080515,51.50295222758991,0.03354804079441761,1.4492753623188406,4.3545356951154055,9.473966720343531,0.28180354267310787,0.1610305958132045,0.03354804079441761,0.020128824476650563,,,,
18,32.70263016639828,51.43585614600107,0.03354804079441761,1.5163714439076759,4.3545356951154055,9.41358024691358,0.28180354267310787,0.1610305958132045,0.08051529790660225,0.020128824476650563,,,,
19,32.59527643585615,51.50295222758991,0.07380568974771873,1.5096618357487923,4.3545356951154055,9.158615136876007,0.28180354267310787,0.1610305958132045,0.3153515834675255,0.020128824476650563,0.026838432635534086,,,
20,18.5654857756307,70.33011272141707,0.03354804079441761,1.710950080515298,1.6304347826086956,6.984702093397746,0.24825550187869028,0.13419216317767044,0.3153515834675255,0.020128824476650563,0.026838432635534086,,,
21,18.377616747181964,70.47101449275362,0.03354804079441761,1.7579173376274826,1.6304347826086956,6.984702093397746,0.24825550187869028,0.13419216317767044,0.3153515834675255,0.020128824476650563,0.026838432635534086,,,
22,18.4044551798175,70.16908212560386,0.03354804079441761,2.033011272141707,1.6304347826086956,6.984702093397746,0.24825550187869028,0.13419216317767044,0.3153515834675255,0.020128824476650563,0.026838432635534086,,,
23,17.673107890499196,61.9296833064949,0.2214170692431562,2.0665593129361244,8.313204508856682,7.461084272678476,1.8183038110574343,0.15432098765432098,0.3153515834675255,0.020128824476650563,0.026838432635534086,,,
24,15.982286634460548,59.82957595276436,0.2214170692431562,4.03918411164788,10.131508319914117,7.461084272678476,1.8183038110574343,0.15432098765432098,0.3153515834675255,0.020128824476650563,0.026838432635534086,,,
25,15.955448201825014,58.8768115942029,2.4892646269457863,2.7509393451422435,10.131508319914117,7.4141170155662905,1.8183038110574343,0.15432098765432098,0.36231884057971014,0.020128824476650563,0.026838432635534086,,,
26,15.526033279656469,58.58829844337091,2.703972088030059,2.932098765432099,9.366612989801396,8.467525496511003,1.1607622114868492,0.8118625872249061,0.39586688137412773,0.020128824476650563,0.026838432635534086,,,
27,15.405260332796564,58.48765432098765,2.703972088030059,2.9589371980676327,9.219001610305957,8.387010198604402,1.1473429951690821,1.2345679012345678,0.39586688137412773,0.020128824476650563,0.026838432635534086,0.013419216317767043,,
28,15.311325818572195,58.50107353730542,2.703972088030059,3.0595813204508855,9.219001610305957,8.387010198604402,1.1272141706924315,1.2345679012345678,0.39586688137412773,0.020128824476650563,0.026838432635534086,0.013419216317767043,,
29,15.318035426731079,58.42055823939882,2.703972088030059,3.099838969404187,9.252549651100376,8.36688137412775,1.1272141706924315,1.2345679012345678,0.41599570585077833,0.020128824476650563,0.026838432635534086,0.013419216317767043,,
30,10.493827160493828,41.418411164787976,0.43612453032742887,2.1068169618894257,16.465378421900162,28.381642512077295,0.06709608158883522,0.1878690284487386,0.39586688137412773,0.020128824476650563,0.026838432635534086,,,
31,10.446859903381643,41.418411164787976,0.43612453032742887,2.167203435319377,16.465378421900162,28.368223295759528,0.06709608158883522,0.1878690284487386,0.39586688137412773,0.020128824476650563,0.026838432635534086,,,
32,10.446859903381643,41.378153515834676,0.43612453032742887,2.2074610842726785,16.451959205582394,28.23403113258186,0.06709608158883522,0.20128824476650564,0.5300590445517982,0.020128824476650563,0.026838432635534086,,,
33,10.245571658615138,37.13768115942029,0.43612453032742887,4.03918411164788,19.45786366076221,27.80461621041331,0.06709608158883522,0.23483628556092323,0.5300590445517982,0.020128824476650563,0.026838432635534086,,,
34,10.279119699409554,36.99677938808374,0.43612453032742887,4.180085882984434,19.41760601180891,27.76435856146001,0.06709608158883522,0.2549651100375738,0.5568974771873323,0.020128824476650563,0.026838432635534086,,,
35,10.279119699409554,36.99677938808374,0.43612453032742887,4.180085882984434,19.384057971014492,27.623456790123456,0.06709608158883522,0.2885131508319914,0.6977992485238862,0.020128824476650563,0.026838432635534086,,,
36,10.292538915727322,36.78878153515835,0.4227053140096618,4.341116478797638,19.216317767042405,27.61003757380569,0.0939345142243693,0.4294149221685454,0.7581857219538379,0.020128824476650563,0.026838432635534086,,,
37,10.265700483091788,36.761943102522814,0.4227053140096618,4.616210413311863,30.35426731078905,16.42512077294686,0.0939345142243693,0.5367686527106817,0.47638217928073,0.020128824476650563,0.026838432635534086,,,
38,9.024422973698336,32.30005367686527,0.4227053140096618,4.508856682769726,36.28556092324208,16.384863123993558,0.0939345142243693,0.41599570585077833,0.5166398282340311,0.020128824476650563,0.026838432635534086,,,
39,9.138486312399356,32.17257112184648,0.4227053140096618,4.562533548040794,36.010466988727856,16.304347826086957,0.0939345142243693,0.6642512077294686,0.5837359098228664,0.020128824476650563,0.026838432635534086,,,
40,9.138486312399356,32.15244229736983,0.4227053140096618,4.5893719806763285,35.98362855609233,16.284219001610307,0.0939345142243693,0.7045088566827697,0.5837359098228664,0.020128824476650563,0.026838432635534086,,,
41,8.970746108427267,31.4345142243693,0.4227053140096618,4.193505099302201,35.95679012345679,17.53220611916264,0.0939345142243693,0.7112184648416533,0.6374127750939346,0.020128824476650563,0.026838432635534086,,,
42,9.03113258185722,31.233225979602793,1.1205045625335481,4.03918411164788,35.809178743961354,17.196725711218466,0.0939345142243693,0.7917337627482555,0.6374127750939346,0.020128824476650563,0.026838432635534086,,,
43,8.420558239398819,28.368223295759528,0.4495437466451959,2.7308105206655933,30.327428878153516,28.166935050993022,0.0939345142243693,0.7045088566827697,0.6910896403650026,0.020128824476650563,0.026838432635534086,,,
44,8.266237251744498,27.65029522275899,0.4495437466451959,2.6301663982823404,31.28690284487386,28.032742887815353,0.0939345142243693,0.7179280730005367,0.8252818035426731,0.020128824476650563,0.026838432635534086,,,
45,7.347020933977456,26.979334406870638,0.4495437466451959,2.690552871712292,32.776435856146,28.019323671497585,0.0939345142243693,0.7716049382716049,0.8252818035426731,0.020128824476650563,0.026838432635534086,,,
46,7.380568974771873,26.94578636607622,0.4495437466451959,2.690552871712292,32.76301663982824,27.992485238862052,0.0939345142243693,0.785024154589372,0.8521202361782072,0.020128824476650563,0.026838432635534086,,,
47,7.4141170155662905,26.8719806763285,0.4495437466451959,2.7308105206655933,32.22624798711755,27.905260332796566,0.0939345142243693,1.3352120236178207,0.9259259259259259,0.020128824476650563,0.026838432635534086,,,
48,7.407407407407407,26.8719806763285,0.4495437466451959,2.7308105206655933,32.15915190552872,27.905260332796566,0.11406333870101985,1.3888888888888888,0.9259259259259259,0.020128824476650563,0.026838432635534086,,,
49,7.4006977992485234,26.744498121309714,0.3757380568974772,2.771068169618894,32.01154052603328,27.147074610842726,0.9863123993558777,1.5365002683843263,0.9796027911969941,0.020128824476650563,0.026838432635534086,,,
50,7.447665056360709,26.684111647879764,0.4025764895330113,2.898550724637681,31.91760601180891,27.079978529253893,0.9863123993558777,1.5297906602254427,1.0064412238325282,0.020128824476650563,0.026838432635534086,,,
51,6.454643048845948,23.396403650026837,0.3757380568974772,2.61003757380569,37.0101986044015,26.113794954374665,1.107085346215781,1.583467525496511,1.3016639828234031,0.020128824476650563,0.026838432635534086,,,
52,6.488191089640365,23.19511540526033,0.3757380568974772,2.6637144390767578,36.36607622114869,25.5300590445518,1.107085346215781,2.818035426731079,1.4090177133655395,0.020128824476650563,0.026838432635534086,,,
53,6.3070316693505095,23.235373054213635,0.5300590445517982,2.690552871712292,36.25872249060655,25.49651100375738,1.107085346215781,2.885131508319914,1.442565754159957,0.020128824476650563,0.026838432635534086,,,
54,6.320450885668277,23.221953837895867,0.5636070853462157,2.690552871712292,36.12453032742888,25.38244766505636,1.107085346215781,3.0059044551798175,1.5096618357487923,0.020128824476650563,0.05367686527106817,,,
55,6.407675791733762,23.121309715512613,0.5636070853462157,2.7844873859366612,36.00375738056898,25.348899624261943,1.107085346215781,3.066290928609769,1.5230810520665594,0.020128824476650563,0.05367686527106817,,,
56,6.461352657004831,22.987117552334944,0.5636070853462157,2.885131508319914,35.869565217391305,25.268384326355342,1.107085346215781,3.260869565217391,1.5230810520665594,0.020128824476650563,0.05367686527106817,,,
57,6.474771873322598,22.966988727858293,0.5636070853462157,2.932098765432099,35.81588835212023,25.167740203972087,1.107085346215781,3.3011272141706924,1.596886741814278,0.020128824476650563,0.05367686527106817,,,
58,6.488191089640365,22.591250670960815,0.5636070853462157,3.140096618357488,34.12506709608159,27.026301663982824,1.107085346215781,3.260869565217391,1.6237251744498122,0.020128824476650563,0.05367686527106817,,,
59,6.515029522275899,22.517444981213096,0.5636070853462157,3.193773483628556,34.044551798174986,26.898819108964037,1.1674718196457328,3.307836822329576,1.7176596886741815,0.020128824476650563,0.05367686527106817,,,
60,6.018518518518518,20.2361782071927,0.3824476650563607,3.260869565217391,44.0552871712292,20.967525496511005,0.2683843263553409,3.3682232957595275,1.3955984970477724,0.020128824476650563,0.026838432635534086,,,
61,5.589103596349974,18.370907139023082,0.36231884057971014,3.0327428878153517,47.64492753623188,20.162372517444982,0.2683843263553409,3.2742887815351582,1.247987117552335,0.020128824476650563,0.026838432635534086,,,
62,5.622651637144391,18.14278046162104,0.36231884057971014,3.2206119162640903,47.47047772410091,19.90740740740741,0.2683843263553409,3.4688674181427803,1.4895330112721417,0.020128824476650563,0.026838432635534086,,,
63,5.669618894256575,18.129361245303276,0.36231884057971014,3.2340311325818574,47.36312399355877,19.87385936661299,0.2683843263553409,3.5628019323671496,1.4895330112721417,0.020128824476650563,0.026838432635534086,,,
64,5.703166935050993,18.015297906602253,0.36231884057971014,3.207192699946323,47.26918947933441,19.87385936661299,0.4428341384863124,3.6366076221148687,1.442565754159957,0.020128824476650563,0.026838432635534086,,,
65,5.71658615136876,18.015297906602253,0.36231884057971014,3.2206119162640903,47.18867418142781,19.87385936661299,0.4428341384863124,3.6902844873859366,1.442565754159957,0.020128824476650563,0.026838432635534086,,,
66,5.703166935050993,18.00187869028449,0.36231884057971014,3.2340311325818574,47.87305421363392,19.33709071390231,0.4428341384863124,3.535963499731616,1.4626945786366077,0.020128824476650563,0.026838432635534086,,,
67,5.743424584004294,17.881105743424584,0.36231884057971014,3.5829307568438002,47.70531400966183,18.947933440687063,0.46967257112184646,3.6500268384326353,1.6103059581320451,0.020128824476650563,0.026838432635534086,,,
68,5.736714975845411,17.143048845947398,0.36231884057971014,3.6097691894793345,46.93370907139023,18.57890499194847,2.623456790123457,3.408480944712829,1.556629092860977,0.020128824476650563,0.026838432635534086,,,
69,5.750134192163178,17.07595276435856,0.36231884057971014,3.6634460547504024,46.786097691894796,18.46484165324745,2.623456790123457,3.556092324208266,1.6706924315619969,0.020128824476650563,0.026838432635534086,,,
70,5.736714975845411,17.01556629092861,0.36231884057971014,3.7372517444981215,46.61835748792271,18.438003220611915,2.623456790123457,3.7775093934514223,1.6438539989264627,0.020128824476650563,0.026838432635534086,,,
71,5.743424584004294,16.941760601180892,2.6838432635534084,3.8043478260869565,45.511272141706925,18.35077831454643,2.5026838432635534,2.757648953301127,1.6572732152442298,0.020128824476650563,0.026838432635534086,,,
72,5.689747718733226,16.941760601180892,2.6838432635534084,3.797638217928073,42.88781535158347,20.531400966183575,2.5026838432635534,3.2474503488996245,1.6639828234031133,0.026838432635534086,0.026838432635534086,,,
73,5.689747718733226,16.982018250134193,4.025764895330113,3.824476650563607,41.80756843800322,20.283145464304884,2.4825550187869028,3.207192699946323,1.6438539989264627,0.026838432635534086,0.026838432635534086,,,
74,5.662909286097692,17.01556629092861,3.9989264626945786,3.844605475040258,41.5727321524423,20.283145464304884,2.4221685453569513,3.4420289855072466,1.6438539989264627,0.026838432635534086,0.026838432635534086,0.06038647342995169,,
75,5.052334943639291,29.21363392377885,3.9989264626945786,3.7640901771336552,37.80864197530864,13.882179280730005,2.2342995169082127,2.952227589908749,1.0131508319914118,0.020128824476650563,,0.06038647342995169,,
76,4.978529253891573,28.113258185721953,3.9989264626945786,3.535963499731616,37.74825550187869,13.747987117552334,3.7037037037037037,3.079710144927536,1.0131508319914118,0.020128824476650563,,0.06038647342995169,,
77,5.018786902844874,28.079710144927535,3.978797638217928,3.535963499731616,37.61406333870102,13.734567901234568,3.7037037037037037,3.240740740740741,1.0131508319914118,0.020128824476650563,,0.06038647342995169,,
78,5.018786902844874,28.039452495974235,3.978797638217928,3.6231884057971016,37.3792270531401,13.734567901234568,3.6768652710681695,3.4286097691894795,0.9930220075147611,0.020128824476650563,,0.06038647342995169,0.04696725711218465,
79,5.0858829844337095,27.999194847020934,3.978797638217928,3.6366076221148687,37.36580783682233,13.707729468599034,3.69699409554482,3.3950617283950617,0.9930220075147611,0.020128824476650563,,0.06038647342995169,0.06038647342995169,
80,4.783950617283951,26.536500268384327,3.978797638217928,3.6768652710681695,40.687063875469676,12.372517444981213,3.69699409554482,3.166935050993022,0.9594739667203436,0.020128824476650563,,0.06038647342995169,0.06038647342995169,
81,4.757112184648417,26.42914653784219,3.9049919484702094,3.717122920021471,40.43880837359098,12.345679012345679,3.69699409554482,3.5091250670960816,1.0601180891035964,0.020128824476650563,,0.06038647342995169,0.06038647342995169,
82,4.8376274825550185,26.382179280730007,3.8915727321524423,3.7372517444981215,40.324745034889965,12.345679012345679,3.69699409554482,3.569511540526033,1.0601180891035964,0.020128824476650563,,0.07380568974771873,0.06038647342995169,
83,4.891304347826087,25.0805152979066,4.797369833601718,3.69699409554482,39.85507246376812,11.943102522812667,4.944981213097155,3.603059581320451,1.0332796564680622,0.020128824476650563,,0.07380568974771873,0.06038647342995169,
84,4.898013955984971,25.06038647342995,4.783950617283951,3.6902844873859366,39.66720343531938,11.265432098765432,4.944981213097155,3.81105743424584,1.724369296833065,0.020128824476650563,,0.07380568974771873,0.06038647342995169,
85,4.898013955984971,25.02012882447665,4.783950617283951,3.730542136339238,39.63365539452496,11.265432098765432,4.944981213097155,3.844605475040258,1.724369296833065,0.020128824476650563,,0.07380568974771873,0.06038647342995169,
86,4.898013955984971,24.62426194310252,5.763553408480945,3.7775093934514223,39.32501341921632,11.023886205045626,4.944981213097155,3.7909286097691894,1.6975308641975309,0.020128824476650563,,0.07380568974771873,0.06038647342995169,
87,4.924852388620504,24.537037037037038,5.763553408480945,3.844605475040258,39.28475577026302,11.023886205045626,4.9718196457326895,3.797638217928073,1.6975308641975309,0.020128824476650563,,0.07380568974771873,0.06038647342995169,
88,4.723564143853999,24.590713902308106,6.501610305958132,3.797638217928073,40.002683843263554,10.493827160493828,4.683306494900698,3.207192699946323,1.8451422436929683,0.020128824476650563,,0.07380568974771873,0.06038647342995169,
89,4.74369296833065,24.56387546967257,6.454643048845948,3.8714439076757916,39.84836285560923,10.299248523886206,4.770531400966184,3.3279656468062266,1.8853998926462694,0.020128824476650563,0.08051529790660225,0.07380568974771873,0.06038647342995169,
90,4.736983360171766,20.1959205582394,6.454643048845948,3.656736446591519,39.55984970477724,14.848362855609233,4.817498658078368,3.569511540526033,1.9256575415995705,0.020128824476650563,0.08051529790660225,0.07380568974771873,0.06038647342995169,
91,4.750402576489533,19.088835212023618,8.984165324745035,3.6097691894793345,38.94927536231884,13.875469672571121,4.985238862050457,3.5963499731615673,1.9256575415995705,0.020128824476650563,0.08051529790660225,0.07380568974771873,0.06038647342995169,
92,4.62962962962963,19.182769726247987,8.957326892109501,3.6634460547504024,38.87546967257112,13.694310252281268,4.998658078368224,3.643317230273752,2.0665593129361244,0.020128824476650563,0.10735373054213634,0.07380568974771873,0.08722490606548577,
93,4.643048845947397,19.14922168545357,8.93719806763285,3.6500268384326353,38.788244766505635,13.654052603327965,5.032206119162641,3.730542136339238,2.1068169618894257,0.020128824476650563,0.10735373054213634,0.0939345142243693,0.08722490606548577,
94,4.656468062265164,19.16935050993022,8.93719806763285,3.7573805689747717,38.57353730542136,13.6406333870102,5.032206119162641,3.8177670424047236,2.1068169618894257,0.020128824476650563,0.10735373054213634,0.0939345142243693,0.08722490606548577,
95,4.656468062265164,19.16935050993022,8.93719806763285,3.7573805689747717,38.486312399355874,13.6406333870102,5.032206119162641,3.9049919484702094,2.1068169618894257,0.020128824476650563,0.10735373054213634,0.0939345142243693,0.08722490606548577,
96,4.64975845410628,19.14922168545357,8.923778851315083,5.226784755770263,37.19806763285024,13.600375738056897,4.978529253891573,3.7775093934514223,2.147074610842727,0.020128824476650563,0.12077294685990338,0.0939345142243693,0.11406333870101985,
97,4.723564143853999,19.122383252818036,8.923778851315083,5.226784755770263,37.144390767579175,13.56682769726248,5.112721417069243,3.683574879227053,2.147074610842727,0.020128824476650563,0.12077294685990338,0.0939345142243693,0.11406333870101985,
98,4.74369296833065,19.122383252818036,8.923778851315083,5.226784755770263,37.03703703703704,13.546698872785829,5.112721417069243,3.7909286097691894,2.147074610842727,0.020128824476650563,0.12077294685990338,0.0939345142243693,0.11406333870101985,
99,4.757112184648417,19.122383252818036,8.923778851315083,5.139559849704777,36.500268384326354,14.04320987654321,4.9651100375738055,4.052603327965647,2.147074610842727,0.020128824476650563,0.12077294685990338,0.0939345142243693,0.11406333870101985,
100,4.669887278582931,18.263553408480945,7.5281803542673105,5.0993022007514766,43.223295759527645,12.526838432635534,3.321256038647343,3.240740740740741,1.8786902844873858,0.020128824476650563,0.12077294685990338,0.03354804079441761,0.07380568974771873,
101,4.723564143853999,18.263553408480945,7.447665056360709,5.132850241545894,43.09581320450886,12.5,3.3011272141706924,3.33467525496511,1.90552871712292,0.020128824476650563,0.12077294685990338,0.06038647342995169,0.0939345142243693,
102,4.750402576489533,18.250134192163177,7.380568974771873,5.132850241545894,42.88781535158347,12.432903918411165,3.3011272141706924,3.569511540526033,1.90552871712292,0.020128824476650563,0.2147074610842727,0.06038647342995169,0.0939345142243693,
103,4.656468062265164,18.250134192163177,8.467525496511003,5.065754159957058,41.97530864197531,12.385936661298981,3.3011272141706924,3.4420289855072466,2.0799785292538915,0.020128824476650563,0.20128824476650564,0.06038647342995169,0.0939345142243693,
104,4.690016103059581,18.243424584004295,8.467525496511003,5.072463768115942,41.80085882984434,12.385936661298981,3.2877079978529253,3.5963499731615673,2.0799785292538915,0.020128824476650563,0.20128824476650564,0.06038647342995169,0.0939345142243693,
105,4.730273752012883,18.223295759527645,12.439613526570048,5.072463768115942,37.69457863660762,12.385936661298981,3.2877079978529253,3.656736446591519,2.0665593129361244,0.020128824476650563,0.2683843263553409,0.06038647342995169,0.0939345142243693,
106,4.757112184648417,18.223295759527645,12.419484702093397,5.072463768115942,37.62748255501879,12.385936661298981,3.2877079978529253,3.717122920021471,2.046430488459474,0.020128824476650563,0.2683843263553409,0.06038647342995169,0.0939345142243693,0.020128824476650563
107,4.810789049919484,18.17632850241546,12.419484702093397,5.072463768115942,37.47987117552335,12.379227053140097,3.3145464304884595,3.8378958668813743,2.046430488459474,0.020128824476650563,0.2683843263553409,0.06038647342995169,0.0939345142243693,0.020128824476650563
108,4.622920021470746,17.458400429414922,15.861513687600644,5.870907139023081,35.46698872785829,11.238593666129898,3.1602254428341383,3.81105743424584,1.90552871712292,0.020128824476650563,0.30193236714975846,0.06038647342995169,0.20128824476650564,0.020128824476650563
109,4.636339237788513,17.458400429414922,15.848094471282877,5.911164787976382,35.40660225442834,11.225174449812132,3.1602254428341383,3.81105743424584,1.9390767579173376,0.020128824476650563,0.30193236714975846,0.06038647342995169,0.20128824476650564,0.020128824476650563
110,4.696725711218465,17.458400429414922,15.848094471282877,5.877616747181965,35.339506172839506,11.18491680085883,3.1602254428341383,3.8714439076757916,1.9256575415995705,0.020128824476650563,0.30193236714975846,0.06038647342995169,0.23483628556092323,0.020128824476650563
111,4.703435319377348,16.894793344068706,15.794417606011809,5.797101449275362,35.32608695652174,10.836017176596886,4.092860976918948,3.938539989264627,1.9659151905528718,0.020128824476650563,0.30193236714975846,0.06038647342995169,0.24825550187869028,0.020128824476650563
112,4.750402576489533,16.894793344068706,15.780998389694043,5.770263016639828,35.198604401502955,10.836017176596886,4.092860976918948,4.079441760601181,1.9457863660762211,0.020128824476650563,0.30193236714975846,0.06038647342995169,0.24825550187869028,0.020128824476650563
113,4.7168545356951155,16.914922168545356,15.780998389694043,5.884326355340848,35.02415458937198,10.815888352120236,4.025764895330113,4.1532474503489,1.9659151905528718,0.020128824476650563,0.30193236714975846,0.06038647342995169,0.3153515834675255,0.020128824476650563
114,4.783950617283951,16.861245303274288,15.76086956521739,5.917874396135265,34.76918947933441,10.7085346215781,4.025764895330113,4.320987654320987,2.1135265700483092,0.020128824476650563,0.322061191626409,0.06038647342995169,0.3153515834675255,0.020128824476650563
115,4.790660225442834,16.841116478797638,16.418411164787976,5.394524959742351,34.50080515297907,10.7085346215781,4.025764895330113,4.455179817498658,2.086688137412775,0.04696725711218465,0.36902844873859364,0.06038647342995169,0.28180354267310787,0.020128824476650563
116,4.790660225442834,16.022544283413847,16.31105743424584,5.367686527106817,35.47369833601718,10.607890499194847,4.025764895330113,4.4820182501341925,2.086688137412775,0.04696725711218465,0.4227053140096618,0.06038647342995169,0.28180354267310787,0.020128824476650563
117,4.74369296833065,15.921900161030596,17.324208266237253,5.3274288781535155,33.76945786366076,11.480139559849706,4.025764895330113,4.62962962962963,1.7042404723564144,0.04696725711218465,0.7045088566827697,0.06038647342995169,0.2616747181964573,
118,4.790660225442834,15.854804079441761,17.3040794417606,5.307300053676865,33.59500805152979,11.460010735373054,4.186795491143317,4.690016103059581,1.7042404723564144,0.04696725711218465,0.7045088566827697,0.0939345142243693,0.2616747181964573,
119,4.522275899087493,15.405260332796564,17.290660225442835,5.213365539452496,35.33279656468062,11.41304347826087,4.025764895330113,3.938539989264627,1.751207729468599,0.04696725711218465,0.7045088566827697,0.0939345142243693,0.2616747181964573,
120,4.528985507246377,15.197262479871176,17.404723564143854,5.193236714975845,35.25228126677402,11.392914653784219,4.26731078904992,3.8580246913580245,1.7646269457863661,0.04696725711218465,0.7045088566827697,0.0939345142243693,0.2952227589908749,
121,4.582662372517445,15.049651100375739,17.391304347826086,5.367686527106817,35.17176596886742,11.386205045625335,4.26731078904992,3.898282340311326,1.7444981213097155,0.04696725711218465,0.7045088566827697,0.0939345142243693,0.2952227589908749,
122,4.582662372517445,15.042941492216855,17.391304347826086,5.387815351583468,35.16505636070853,11.386205045625335,4.240472356414386,3.8915727321524423,1.7444981213097155,0.04696725711218465,0.7045088566827697,0.12077294685990338,0.2952227589908749,
123,4.5960815888352125,15.03623188405797,17.236983360171767,5.622651637144391,34.957058507783145,11.386205045625335,4.180085882984434,3.978797638217928,1.7444981213097155,0.04696725711218465,0.7380568974771873,0.12077294685990338,0.35560923242082665,
124,4.636339237788513,15.009393451422437,17.163177670424048,5.622651637144391,34.896672034353195,11.399624261943103,4.180085882984434,4.025764895330113,1.7444981213097155,0.04696725711218465,0.798443370907139,0.12077294685990338,0.35560923242082665,
125,4.7168545356951155,14.908749329039184,17.183306494900698,5.683038110574342,34.735641438539986,11.258722490606548,4.180085882984434,4.146537842190016,1.865271068169619,0.04696725711218465,0.798443370907139,0.12077294685990338,0.35560923242082665,
126,4.703435319377348,14.895330112721417,17.183306494900698,5.60252281266774,34.68867418142781,11.258722490606548,4.367954911433173,4.1129898013955986,1.865271068169619,0.04696725711218465,0.798443370907139,0.12077294685990338,0.35560923242082665,
127,4.4820182501341925,14.371980676328503,18.80703166935051,5.622651637144391,34.35990338164251,10.775630703166936,4.3545356951154055,4.079441760601181,1.7914653784219001,0.04696725711218465,0.8319914117015567,0.12077294685990338,0.35560923242082665,
128,4.455179817498658,14.304884594739667,18.699677938808374,5.508588298443371,34.25925925925926,10.72866344605475,4.51556629092861,4.186795491143317,1.9457863660762211,0.04696725711218465,0.8319914117015567,0.1610305958132045,0.35560923242082665,
129,4.428341384863124,14.244498121309716,18.4849704777241,5.589103596349974,34.21229200214707,10.715244229736983,4.85775630703167,4.0995705850778315,1.9457863660762211,0.04696725711218465,0.8319914117015567,0.17444981213097155,0.36902844873859364,
130,4.4753086419753085,14.244498121309716,18.471551261406333,5.71658615136876,34.07139023081052,10.681696188942565,4.783950617283951,4.0995705850778315,1.9457863660762211,0.04696725711218465,0.8856682769726248,0.17444981213097155,0.4025764895330113,
131,4.549114331723027,14.17740203972088,18.4447128287708,5.689747718733226,34.004294149221685,10.681696188942565,4.8443370907139025,4.139828234031133,1.9457863660762211,0.04696725711218465,0.8990874932903918,0.17444981213097155,0.4025764895330113,
132,4.656468062265164,14.163982823403114,18.4447128287708,5.676328502415459,33.89694041867955,10.681696188942565,4.8443370907139025,4.139828234031133,1.9457863660762211,0.04696725711218465,0.9259259259259259,0.17444981213097155,0.4025764895330113,
133,4.696725711218465,14.096886741814279,18.417874396135264,5.723295759527644,33.89694041867955,10.681696188942565,4.8443370907139025,4.139828234031133,1.9457863660762211,0.04696725711218465,0.9326355340848095,0.17444981213097155,0.4025764895330113,
134,4.690016103059581,14.023081052066559,18.17632850241546,5.226784755770263,33.89694041867955,11.453301127214171,4.851046698872786,4.139828234031133,1.9457863660762211,0.04696725711218465,0.9930220075147611,0.15432098765432098,0.4025764895330113,
135,4.64975845410628,13.969404186795492,18.095813204508858,6.078904991948471,33.23939881910896,11.453301127214171,4.851046698872786,4.119699409554482,1.9457863660762211,0.04696725711218465,0.9930220075147611,0.15432098765432098,0.4025764895330113,
136,4.783950617283951,13.915727321524423,18.149490069779926,6.105743424584004,33.20585077831455,11.43317230273752,4.851046698872786,4.119699409554482,1.9659151905528718,0.04696725711218465,0.8588298443370908,0.1610305958132045,0.4025764895330113,
137,4.777241009125067,12.4597423510467,16.59957058507783,6.038647342995169,29.99194847020934,11.386205045625335,11.520397208803006,3.911701556629093,1.8317230273752012,0.08051529790660225,0.8051529790660226,0.19457863660762212,0.4025764895330113,
138,4.783950617283951,12.31213097155126,16.545893719806763,6.0654857756307035,29.562533548040793,11.245303274288782,11.943102522812667,4.133118625872249,1.8719806763285025,0.08051529790660225,0.8588298443370908,0.19457863660762212,0.4025764895330113,
139,4.609500805152979,11.647879763821793,15.405260332796564,5.897745571658615,32.80327428878154,11.023886205045626,11.406333870101985,3.8043478260869565,1.8585614600107354,0.08051529790660225,0.8521202361782072,0.20799785292538917,0.4025764895330113,
140,4.622920021470746,11.594202898550725,15.398550724637682,5.931293612453032,32.709339774557165,11.030595813204508,11.43317230273752,3.8580246913580245,1.8786902844873858,0.08051529790660225,0.8521202361782072,0.20799785292538917,0.4025764895330113,
141,4.5960815888352125,11.574074074074074,15.324745034889963,6.085614600107354,32.59527643585615,10.970209339774557,11.453301127214171,3.898282340311326,1.9390767579173376,0.08051529790660225,0.8588298443370908,0.20799785292538917,0.41599570585077833,
142,4.549114331723027,11.453301127214171,15.24422973698336,6.152710681696189,32.09205582393988,11.694847020933977,11.453301127214171,3.8848631239935587,1.9122383252818036,0.08051529790660225,0.8588298443370908,0.20799785292538917,0.41599570585077833,
143,4.582662372517445,11.3593666129898,15.257648953301127,6.260064412238325,31.99141170155663,11.694847020933977,11.453301127214171,3.92512077294686,1.9122383252818036,0.08051529790660225,0.8588298443370908,0.20799785292538917,0.41599570585077833,
144,4.609500805152979,11.3593666129898,15.257648953301127,6.320450885668277,31.93102522812668,11.681427804616211,11.453301127214171,3.8915727321524423,1.8988191089640365,0.08051529790660225,0.8923778851315083,0.20799785292538917,0.41599570585077833,
145,4.683306494900698,11.33923778851315,15.24422973698336,6.347289318303811,31.890767579173378,11.668008588298443,11.453301127214171,3.878153515834675,1.8988191089640365,0.08051529790660225,0.8923778851315083,0.20799785292538917,0.41599570585077833,
146,4.703435319377348,11.33923778851315,15.230810520665592,6.481481481481482,31.682769726247987,11.668008588298443,11.406333870101985,3.9586688137412773,1.8988191089640365,0.08051529790660225,0.8923778851315083,0.20799785292538917,0.4495437466451959,
147,4.696725711218465,11.272141706924316,15.210681696188942,6.937734836285561,31.608964036500268,11.56736446591519,11.18491680085883,4.119699409554482,1.8988191089640365,0.08051529790660225,0.9192163177670424,0.20799785292538917,0.2952227589908749,
148,4.736983360171766,11.272141706924316,15.197262479871176,6.816961889425658,31.5955448201825,11.500268384326356,11.285560923242082,4.200214707461084,1.8988191089640365,0.06038647342995169,0.95276435856146,0.1878690284487386,0.2952227589908749,
149,4.790660225442834,11.252012882447666,15.183843263553408,6.8035426731078905,31.52173913043478,11.52710681696189,11.2788513150832,4.233762748255502,1.8988191089640365,0.06038647342995169,0.95276435856146,0.20128824476650564,0.2952227589908749,
150,4.804079441760601,11.245303274288782,15.157004830917874,6.8035426731078905,31.387546967257112,11.419753086419753,11.2788513150832,4.4820182501341925,1.8988191089640365,0.06038647342995169,0.95276435856146,0.2147074610842727,0.2952227589908749,
151,4.851046698872786,11.245303274288782,15.157004830917874,6.8035426731078905,31.374127750939344,11.419753086419753,11.2788513150832,4.448470209339774,1.8988191089640365,0.06038647342995169,0.95276435856146,0.2147074610842727,0.2952227589908749,
152,4.891304347826087,11.211755233494364,15.13016639828234,6.951154052603328,31.186258722490606,11.352657004830919,11.312399355877616,4.528985507246377,1.9122383252818036,0.06038647342995169,0.95276435856146,0.2147074610842727,0.2952227589908749,
153,4.924852388620504,11.211755233494364,15.056360708534621,6.951154052603328,31.01851851851852,11.352657004830919,11.446591519055287,4.5960815888352125,1.9122383252818036,0.06038647342995169,0.9594739667203436,0.2147074610842727,0.2952227589908749,
154,4.9651100375738055,11.198336017176597,15.022812667740205,7.065217391304348,30.897745571658614,11.245303274288782,11.446591519055287,4.7101449275362315,1.9256575415995705,0.06038647342995169,0.95276435856146,0.2147074610842727,0.2952227589908749,
155,5.018786902844874,11.16478797638218,14.99597423510467,7.092055823939882,30.864197530864196,11.218464841653248,11.446591519055287,4.703435319377348,1.9726247987117553,0.06038647342995169,0.95276435856146,0.2147074610842727,0.2952227589908749,
156,5.072463768115942,11.11111111111111,15.103327965646805,7.112184648416532,30.817230273752013,11.218464841653248,11.43317230273752,4.64975845410628,1.9726247987117553,0.06038647342995169,0.95276435856146,0.2214170692431562,0.27509393451422437,
157,5.0993022007514766,11.11111111111111,15.002683843263553,7.367149758454106,30.656199677938808,11.144659151905529,11.453301127214171,4.622920021470746,2.01959205582394,0.06038647342995169,0.95276435856146,0.2214170692431562,0.2885131508319914,
158,5.0791733762748255,10.943370907139023,14.761137949543746,7.897208803005904,30.62265163714439,11.144659151905529,11.406333870101985,4.622920021470746,1.9457863660762211,0.06038647342995169,0.9796027911969941,0.24825550187869028,0.2885131508319914,
159,5.0791733762748255,10.943370907139023,14.761137949543746,7.897208803005904,30.535426731078903,11.144659151905529,11.446591519055287,4.663177670424047,1.9457863660762211,0.06038647342995169,0.9796027911969941,0.2549651100375738,0.2885131508319914,
160,5.092592592592593,10.943370907139023,14.694041867954912,8.017981749865807,30.42807300053677,11.144659151905529,11.332528180354267,4.663177670424047,1.9524959742351047,0.06038647342995169,1.0131508319914118,0.36902844873859364,0.2885131508319914,
161,4.978529253891573,10.889694041867955,14.593397745571659,8.145464304884594,30.42807300053677,11.124530327428879,11.325818572195384,4.703435319377348,2.0799785292538915,0.06038647342995169,1.0131508319914118,0.36902844873859364,0.2885131508319914,
162,4.978529253891573,10.86285560923242,14.586688137412775,8.158883521202362,29.542404723564143,11.124530327428879,12.29200214707461,4.622920021470746,2.0799785292538915,0.06038647342995169,1.0131508319914118,0.38915727321524424,0.2885131508319914,
163,5.01207729468599,10.86285560923242,14.573268921095009,8.13875469672571,29.542404723564143,11.084272678475577,12.29200214707461,4.609500805152979,2.13365539452496,0.06038647342995169,1.0131508319914118,0.38915727321524424,0.2885131508319914,
164,4.944981213097155,9.594739667203436,12.674449812130971,7.997852925389157,35.78234031132582,10.654857756307031,10.795759527643586,4.341116478797638,1.7176596886741815,0.03354804079441761,0.7581857219538379,0.38915727321524424,0.3153515834675255,
165,4.938271604938271,9.594739667203436,12.607353730542137,7.944176060118089,35.78234031132582,10.63472893183038,10.795759527643586,4.38137412775094,1.7310789049919484,0.03354804079441761,0.8454106280193237,0.3757380568974772,0.33548040794417605,
166,4.938271604938271,9.581320450885668,12.600644122383253,7.944176060118089,35.71524422973698,10.61460010735373,10.896403650026839,4.408212560386473,1.7310789049919484,0.03354804079441761,0.8319914117015567,0.36902844873859364,0.33548040794417605,
167,5.045625335480408,9.561191626409018,12.553676865271068,7.937466451959206,35.487117552334944,10.601180891035963,10.976918947933441,4.5893719806763285,1.7444981213097155,0.020128824476650563,0.7783145464304885,0.36902844873859364,0.33548040794417605,
168,4.978529253891573,9.561191626409018,13.278314546430488,7.434245840042942,35.09125067096082,10.601180891035963,11.292270531400966,4.522275899087493,1.7713365539452497,0.020128824476650563,0.7716049382716049,0.36231884057971014,0.3153515834675255,
169,4.99194847020934,9.5276435856146,13.278314546430488,7.816693505099302,34.78931830381106,10.38647342995169,11.29898013955985,4.690016103059581,1.7176596886741815,0.020128824476650563,0.7716049382716049,0.39586688137412773,0.3153515834675255,
170,4.99194847020934,9.5276435856146,12.68786902844874,7.561728395061729,33.43397745571659,12.573805689747719,11.453301127214171,4.528985507246377,1.7042404723564144,0.020128824476650563,0.7514761137949544,0.4294149221685454,0.33548040794417605,
171,4.891304347826087,9.581320450885668,12.701288244766506,7.467793880837359,32.84353193773484,13.197799248523886,11.574074074074074,4.51556629092861,1.6774020397208802,0.020128824476650563,0.7648953301127214,0.4294149221685454,0.33548040794417605,
172,4.904723564143854,9.574610842726784,12.661030595813205,7.467793880837359,32.809983896940416,13.197799248523886,11.594202898550725,4.5893719806763285,1.6639828234031133,0.020128824476650563,0.7648953301127214,0.41599570585077833,0.33548040794417605,
173,4.9718196457326895,9.574610842726784,12.661030595813205,7.347020933977456,32.769726247987116,13.197799248523886,11.688137412775093,4.5893719806763285,1.6639828234031133,0.020128824476650563,0.7648953301127214,0.41599570585077833,0.33548040794417605,
174,4.9651100375738055,9.574610842726784,12.68786902844874,7.320182501341922,32.709339774557165,13.09044551798175,11.647879763821793,4.676596886741814,1.7914653784219001,0.020128824476650563,0.798443370907139,0.3824476650563607,0.33548040794417605,
175,5.01207729468599,9.574610842726784,12.640901771336553,7.320182501341922,32.709339774557165,12.983091787439614,11.641170155662909,4.723564143853999,1.865271068169619,0.020128824476650563,0.7917337627482555,0.3824476650563607,0.33548040794417605,
176,4.998658078368224,9.520933977455716,12.620772946859903,7.353730542136339,32.669082125603865,12.983091787439614,11.647879763821793,4.757112184648417,1.865271068169619,0.020128824476650563,0.8185721953837896,0.4092860976918948,0.33548040794417605,
