,45,50,55,53,52,54,57,51,56
0,94.52495974235104,5.475040257648954,,,,,,,
1,92.59930220075148,7.4006977992485234,,,,,,,
2,90.4320987654321,9.567901234567902,,,,,,,
3,72.90660225442834,27.093397745571657,,,,,,,
4,71.11513687600645,28.884863123993558,,,,,,,
5,70.62533548040794,29.374664519592056,,,,,,,
6,70.2361782071927,29.7638217928073,,,,,,,
7,68.94793344068707,30.931293612453032,0.12077294685990338,,,,,,
8,69.12909286097693,29.851046698872786,1.0198604401502953,,,,,,
9,69.39076757917337,29.58937198067633,1.0198604401502953,,,,,,
10,69.02844873859367,28.24074074074074,1.0198604401502953,1.710950080515298,,,,,
11,40.13687600644123,57.25308641975309,0.9796027911969941,1.6304347826086956,,,,,
12,36.05743424584004,46.20907139023081,0.8588298443370908,1.8585614600107354,12.506709608158884,2.509393451422437,,,
13,36.480139559849704,46.061460010735374,0.8387010198604401,1.8585614600107354,12.352388620504563,2.408749329039184,,,
14,35.95679012345679,43.63258185721954,0.8387010198604401,1.8451422436929683,12.815351583467525,4.911433172302737,,,
15,36.52710681696189,43.09581320450886,0.8387010198604401,1.8451422436929683,12.25174449812131,4.884594739667204,0.5568974771873323,,
16,36.71497584541063,43.001878690284485,0.8185721953837896,1.8384326355340848,12.184648416532475,4.884594739667204,0.5568974771873323,,
17,35.319377348362856,44.26999463231347,1.3083735909822867,1.8384326355340848,12.130971551261407,4.575952764358561,0.5568974771873323,,
18,34.44041867954911,41.02254428341385,3.743961352657005,1.8250134192163177,12.077294685990339,3.844605475040258,0.5568974771873323,2.4892646269457863,
19,34.68196457326892,38.56682769726248,6.172839506172839,1.8250134192163177,11.98336017176597,3.7775093934514223,0.5568974771873323,2.4355877616747184,
20,32.87707997852925,37.57380568974772,5.810520665593129,1.8250134192163177,11.896135265700483,4.549114331723027,0.4495437466451959,5.018786902844874,
21,31.568706387546968,36.20504562533548,4.696725711218465,1.8250134192163177,15.734031132581856,4.508856682769726,0.4428341384863124,5.018786902844874,
22,30.911164787976382,32.19269994632314,4.696725711218465,1.7042404723564144,16.170155662909288,8.93719806763285,0.4428341384863124,4.944981213097155,
23,29.998658078368223,33.400429414922165,4.643048845947397,2.636876006441224,15.94873859366613,8.903650026838433,0.4428341384863124,4.025764895330113,
24,30.46833064949007,33.17230273752013,4.575952764358561,2.636876006441224,15.868223295759528,8.876811594202898,0.3757380568974772,4.025764895330113,
25,27.100107353730543,35.560923242082666,4.549114331723027,2.462426194310252,15.432098765432098,8.61513687600644,0.3757380568974772,5.904455179817498,
26,27.462426194310254,35.299248523886206,4.528985507246377,2.4557165861513686,15.391841116478798,8.59500805152979,0.3757380568974772,5.891035963499732,
27,27.78448738593666,33.97745571658615,4.414922168545357,4.5960815888352125,15.157004830917874,7.877079978529254,0.3488996242619431,5.844068706387547,
28,27.636876006441224,33.60842726784756,4.388083735909823,3.616478797638218,16.75389157273215,7.830112721417069,0.3488996242619431,5.8172302737520125,
29,27.395330112721417,31.743156199677937,4.388083735909823,3.5628019323671496,17.52549651100376,7.7898550724637685,0.12077294685990338,7.474503488996243,
30,27.905260332796566,31.414385399892645,4.3545356951154055,3.5628019323671496,15.955448201825014,7.7361782071927,0.12077294685990338,8.950617283950617,
31,28.026033279656467,30.9447128287708,4.683306494900698,4.300858829844337,15.861513687600644,7.125603864734299,0.12077294685990338,8.93719806763285,
32,23.544015029522274,41.29092860976919,4.656468062265164,4.28743961352657,14.680622651637144,5.186527106816962,0.12077294685990338,6.233225979602791,
33,24.154589371980677,39.51959205582394,4.62962962962963,4.28743961352657,14.640365002683843,6.4412238325281805,0.12077294685990338,6.206387546967257,
34,24.416264090177133,39.371980676328505,4.609500805152979,4.28743961352657,14.586688137412775,6.414385399892646,0.12077294685990338,6.1929683306494905,
35,24.812130971551262,39.09688674181428,4.569243156199678,4.28743961352657,14.586688137412775,6.367418142780462,0.12077294685990338,6.159420289855072,
36,25.268384326355342,38.801663982823406,4.569243156199678,4.260601180891036,14.512882447665056,6.347289318303811,0.12077294685990338,6.119162640901771,
37,25.664251207729468,38.62721417069243,4.549114331723027,4.260601180891036,14.371980676328503,6.3137412775093935,0.12077294685990338,6.092324208266238,
38,26.073537305421365,38.34541062801932,4.502147074610843,4.260601180891036,14.325013419216317,6.286902844873859,0.12077294685990338,6.085614600107354,
39,26.31508319914117,38.18438003220612,4.4753086419753085,4.247181964573269,14.298174986580785,6.273483628556092,0.12077294685990338,6.085614600107354,
40,24.570585077831456,36.78878153515835,4.42163177670424,6.179549114331723,13.573537305421363,5.689747718733226,0.12077294685990338,8.655394524959743,
41,22.859634997316157,29.57595276435856,4.40150295222759,6.179549114331723,13.385668276972625,5.8239398819108965,0.12077294685990338,17.652979066022546,
42,23.07434245840043,28.891572732152444,4.388083735909823,6.843800322061192,13.352120236178207,5.790391841116479,0.12077294685990338,17.538915727321523,
43,23.1682769726248,28.193773483628558,5.911164787976382,6.743156199677939,12.486580783682234,5.770263016639828,0.12077294685990338,17.51207729468599,0.0939345142243693
44,23.47691894793344,28.093129361245303,5.870907139023081,6.716317767042405,12.432903918411165,5.736714975845411,0.12077294685990338,17.458400429414922,0.0939345142243693
45,23.70504562533548,26.549919484702095,7.581857219538379,6.709608158883521,12.372517444981213,5.703166935050993,0.12077294685990338,17.163177670424048,0.0939345142243693
46,22.376543209876544,28.29441760601181,7.541599570585078,6.709608158883521,13.533279656468062,5.703166935050993,0.12077294685990338,15.626677402039721,0.0939345142243693
47,22.926731078904993,28.14680622651637,7.467793880837359,6.689479334406871,13.45276435856146,5.656199677938808,0.12077294685990338,15.445517981749866,0.0939345142243693
48,23.30246913580247,27.9723564143854,7.4141170155662905,6.622383252818035,13.41250670960816,5.629361245303274,0.12077294685990338,15.432098765432098,0.0939345142243693
49,23.564143853998928,27.891841116478798,7.367149758454106,6.595544820182502,13.372249060654857,5.609232420826624,0.12077294685990338,15.385131508319914,0.0939345142243693
50,23.852657004830917,27.053140096618357,7.333601717659689,8.091787439613526,12.5,5.589103596349974,0.12077294685990338,15.365002683843263,0.0939345142243693
51,23.852657004830917,26.35534084809447,7.27992485238862,9.05126140633387,12.466451959205582,5.589103596349974,0.12077294685990338,15.190552871712292,0.0939345142243693
52,19.94766505636071,16.485507246376812,2.6033279656468062,7.836822329575953,11.16478797638218,5.10601180891036,0.12077294685990338,36.64117015566291,0.0939345142243693
53,20.202630166398283,16.223832528180353,2.6033279656468062,8.145464304884594,11.064143853998926,5.340848094471283,0.12077294685990338,36.20504562533548,0.0939345142243693
54,20.585077831454644,16.183574879227052,2.6033279656468062,8.091787439613526,10.990338164251208,5.246913580246914,0.12077294685990338,36.08427267847558,0.0939345142243693
55,20.249597423510465,15.33816425120773,2.0531400966183573,7.796564680622652,13.378958668813741,5.173107890499195,0.12077294685990338,35.80246913580247,0.08722490606548577
56,20.182501341921633,14.989264626945786,2.0531400966183573,7.675791733762749,14.31159420289855,5.173107890499195,0.12077294685990338,35.40660225442834,0.08722490606548577
57,19.867149758454108,14.660493827160494,2.0531400966183573,7.575147611379496,16.022544283413847,5.273752012882448,0.12077294685990338,34.33977455716586,0.08722490606548577
58,20.511272141706925,14.486044015029522,2.0531400966183573,6.152710681696189,17.767042404723565,5.273752012882448,0.10064412238325282,32.7361782071927,0.9192163177670424
59,21.22249060654858,14.42565754159957,2.0531400966183573,6.038647342995169,17.485238862050455,5.132850241545894,0.10064412238325282,32.62211486849168,0.9192163177670424
60,21.450617283950617,14.36527106816962,3.643317230273752,6.025228126677402,17.371175523349436,5.0993022007514766,0.10064412238325282,31.0252281266774,0.9192163177670424
61,21.732420826623724,14.27133655394525,3.421900161030596,6.018518518518518,17.74020397208803,4.898013955984971,0.10064412238325282,30.897745571658614,0.9192163177670424
62,21.289586688137412,14.479334406870638,3.3816425120772946,5.991680085882985,17.632850241545892,5.689747718733226,0.10064412238325282,30.515297906602253,0.9192163177670424
63,19.142512077294686,12.734836285560924,3.2139023081052067,5.01207729468599,12.486580783682234,5.273752012882448,0.05367686527106817,41.25067096081589,0.8319914117015567
64,19.538378958668815,12.439613526570048,3.1468062265163717,6.816961889425658,12.184648416532475,5.233494363929147,0.05367686527106817,39.754428341384866,0.8319914117015567
65,19.92753623188406,12.29200214707461,3.126677402039721,6.816961889425658,12.144390767579173,5.233494363929147,0.05367686527106817,39.57326892109501,0.8319914117015567
66,19.665861513687602,11.969940955448202,3.0864197530864197,5.870907139023081,14.465915190552872,4.824208266237251,0.05367686527106817,39.26462694578637,0.798443370907139
67,20.142243692968332,11.52710681696189,3.0730005367686526,5.5756843800322065,14.949006977992486,4.7638217928073,0.05367686527106817,37.57380568974772,2.341653247450349
68,20.819914117015568,11.379495437466453,3.7037037037037037,5.5689747718733225,14.834943639291465,4.750402576489533,0.05367686527106817,36.54723564143854,2.341653247450349
69,21.289586688137412,11.33923778851315,3.670155662909286,5.548845947396672,14.761137949543746,4.7101449275362315,0.05367686527106817,36.30568974771873,2.3215244229736984
70,21.4170692431562,11.292270531400966,3.0595813204508855,8.977455716586151,14.714170692431562,4.7101449275362315,0.05367686527106817,33.782877079978526,1.9927536231884058
71,21.72571121846484,11.292270531400966,3.0595813204508855,8.964036500268385,14.626945786366075,4.683306494900698,0.05367686527106817,33.601717659688674,1.9927536231884058
72,22.088030059044552,11.292270531400966,3.0595813204508855,8.816425120772946,14.61352657004831,4.636339237788513,0.05367686527106817,33.46081588835212,1.9793344068706387
73,22.269189479334408,10.983628556092324,3.0595813204508855,9.829575952764358,16.223832528180353,4.1532474503489,0.05367686527106817,31.45464304884595,1.9726247987117553
74,22.517444981213096,11.171497584541063,3.0595813204508855,9.73564143853999,16.11647879763822,4.1532474503489,0.05367686527106817,31.226516371443907,1.9659151905528718
75,22.98040794417606,11.044015029522276,3.0394524959742353,9.702093397745571,16.0426731078905,4.1129898013955986,0.05367686527106817,31.05877616747182,1.9659151905528718
76,23.423242082662373,10.923242082662373,3.0394524959742353,9.614868491680086,15.807836822329575,4.274020397208803,0.05367686527106817,30.897745571658614,1.9659151905528718
77,23.752012882447666,10.849436392914654,3.0059044551798175,9.520933977455716,16.794149221685455,4.05931293612453,0.05367686527106817,29.51556629092861,2.4490069779924855
78,24.342458400429415,10.735373054213634,3.0059044551798175,9.473966720343531,16.639828234031132,3.9989264626945786,0.040257648953301126,29.314278046162105,2.4490069779924855
79,24.953032742887814,10.648148148148149,3.0059044551798175,9.380032206119163,16.512345679012345,3.9720880300590444,0.040257648953301126,29.05931293612453,2.428878153515835
80,25.543478260869566,10.567632850241546,2.9052603327965647,9.366612989801396,16.15673644659152,3.9720880300590444,0.040257648953301126,29.01905528717123,2.428878153515835
81,25.509930220075148,10.554213633923778,2.871712292002147,9.16532474503489,16.6532474503489,3.9318303811057436,0.040257648953301126,28.844605475040257,2.428878153515835
82,25.845410628019323,10.487117552334944,2.871712292002147,9.091519055287172,16.626409017713364,3.8378958668813743,0.040257648953301126,28.77079978529254,2.428878153515835
83,26.31508319914117,10.453569511540525,2.8515834675254963,8.977455716586151,16.545893719806763,3.824476650563607,0.040257648953301126,28.60305958132045,2.3886205045625335
84,26.610305958132045,10.446859903381643,2.831454643048846,8.910359634997317,16.485507246376812,3.81105743424584,0.040257648953301126,28.482286634460547,2.38191089640365
85,25.469672571121848,9.306226516371444,2.227589908749329,8.903650026838433,15.579710144927537,2.7643585614600106,0.040257648953301126,33.36688137412775,2.341653247450349
86,25.738056897477186,9.252549651100376,2.214170692431562,8.903650026838433,15.566290928609769,2.7643585614600106,0.040257648953301126,33.19914117015566,2.3215244229736984
87,23.698336017176597,11.231884057971014,2.4490069779924855,10.775630703166936,14.190821256038648,2.589908749329039,0.040257648953301126,32.7361782071927,2.2879763821792807
88,23.919753086419753,11.131239935587761,2.4490069779924855,10.755501878690284,14.184111647879764,2.589908749329039,0.040257648953301126,32.64224369296833,2.2879763821792807
89,24.20155662909286,11.131239935587761,2.4490069779924855,10.695115405260333,13.714439076757918,2.999194847020934,0.040257648953301126,32.48121309715513,2.2879763821792807
90,24.630971551261407,11.017176596886742,2.3886205045625335,10.513955984970478,13.627214170692431,3.455448201825013,0.040257648953301126,31.320450885668276,3.0059044551798175
91,25.147611379495437,10.332796564680622,2.368491680085883,10.661567364465915,13.841921631776705,3.455448201825013,0.040257648953301126,30.991680085882983,3.1602254428341383
92,25.301932367149757,10.23215244229737,2.26784755770263,10.61460010735373,13.781535158346752,4.367954911433173,0.040257648953301126,30.347557702630166,3.046162104133119
93,25.738056897477186,9.849704777241008,3.227321524422974,10.453569511540525,13.466183574879228,4.8376274825550185,0.040257648953301126,29.361245303274288,3.026033279656468
94,25.617283950617285,9.655126140633387,3.227321524422974,9.39345142243693,13.439345142243694,6.575415995705851,0.040257648953301126,29.03918411164788,3.012614063338701
95,25.49651100375738,9.098228663446054,3.4286097691894795,8.380300590445518,15.780998389694043,6.575415995705851,0.040257648953301126,28.187063875469672,3.012614063338701
96,25.811862587224905,9.064680622651638,3.4286097691894795,8.340042941492216,15.666935050993022,6.561996779388084,0.040257648953301126,28.073000536768653,3.012614063338701
97,26.44927536231884,8.930488459473967,3.388352120236178,8.199141170155663,15.573000536768653,6.468062265163715,0.040257648953301126,27.938808373590984,3.012614063338701
98,24.966451959205582,6.421095008051529,3.388352120236178,7.273215244229737,14.11701556629093,5.978260869565218,0.040257648953301126,35.07783145464305,2.737520128824477
99,24.456521739130434,6.400966183574879,3.3480944712828773,9.185453569511541,14.06333870101986,5.850778314546431,0.040257648953301126,33.95061728395062,2.703972088030059
100,24.55716586151369,6.253354804079442,3.3413848631239937,9.098228663446054,14.023081052066559,6.320450885668277,0.040257648953301126,33.702361782071925,2.6637144390767578
101,24.9597423510467,6.239935587761675,3.3279656468062266,9.098228663446054,13.915727321524423,6.723027375201288,0.040257648953301126,33.17230273752013,2.522812667740204
102,25.268384326355342,6.206387546967257,3.3279656468062266,9.01100375738057,13.882179280730005,6.863929146537842,0.040257648953301126,32.87707997852925,2.522812667740204
103,25.483091787439612,6.105743424584004,3.3279656468062266,10.017444981213098,13.030059044551798,7.25979602791197,0.0067096081588835215,32.2463768115942,2.522812667740204
104,25.644122383252817,6.105743424584004,3.294417606011809,9.990606548577563,14.606816961889425,7.179280730005368,0.0067096081588835215,30.35426731078905,2.818035426731079
105,25.89908749329039,6.092324208266238,3.2675791733762747,9.98389694041868,14.51959205582394,7.159151905528717,0.0067096081588835215,30.253623188405797,2.818035426731079
106,25.865539452495973,5.58239398819109,3.227321524422974,9.75577026301664,14.915458937198068,7.118894256575416,0.0067096081588835215,31.072195383789587,2.4557165861513686
107,25.865539452495973,5.501878690284487,3.1468062265163717,9.561191626409018,16.82769726247987,6.769994632313473,0.0067096081588835215,29.864465915190554,2.4557165861513686
108,25.006709608158882,5.374396135265701,3.126677402039721,10.420021470746109,16.78743961352657,9.514224369296834,0.0067096081588835215,27.616747181964573,2.147074610842727
109,25.187869028448738,5.360976918947934,3.743961352657005,10.38647342995169,16.686795491143318,9.460547504025765,0.0067096081588835215,27.026301663982824,2.1403650026838434
110,25.429414922168544,5.347557702630167,3.743961352657005,10.38647342995169,16.659957058507782,9.433709071390231,0.0067096081588835215,26.85185185185185,2.1403650026838434
111,25.503220611916262,5.193236714975845,3.743961352657005,10.359634997316157,17.143048845947398,9.292807300053678,0.0067096081588835215,26.650563607085346,2.1068169618894257
112,25.811862587224905,5.186527106816962,3.683574879227053,10.352925389157273,17.01556629092861,9.27938808373591,0.0067096081588835215,26.583467525496513,2.0799785292538915
113,26.187600644122384,5.186527106816962,3.8043478260869565,10.258990874932904,16.794149221685455,9.25925925925926,0.0067096081588835215,26.422436929683307,2.0799785292538915
114,26.778046162104133,5.132850241545894,4.05931293612453,10.218733225979603,16.659957058507782,9.131776704240472,0.0067096081588835215,26.113794954374665,1.8988191089640365
115,27.17391304347826,5.0993022007514766,4.025764895330113,9.990606548577563,16.901502952227588,8.984165324745035,0.0067096081588835215,25.97289318303811,1.8451422436929683
116,27.449006977992486,5.0993022007514766,4.012345679012346,9.943639291465379,16.774020397208805,8.950617283950617,0.0067096081588835215,25.91921631776704,1.8451422436929683
117,27.95222758990875,5.0993022007514766,4.012345679012346,9.796027911969942,16.659957058507782,8.950617283950617,0.0067096081588835215,25.677670424047236,1.8451422436929683
118,28.052871712292003,5.01207729468599,4.012345679012346,9.749060654857756,16.55931293612453,8.84326355340848,0.0067096081588835215,25.91921631776704,1.8451422436929683
119,27.87842190016103,4.99194847020934,4.012345679012346,10.648148148148149,16.451959205582394,8.829844337090714,0.0067096081588835215,25.369028448738593,1.8115942028985508
120,28.227321524422972,4.99194847020934,3.965378421900161,10.59447128287708,16.344605475040257,8.816425120772946,0.0067096081588835215,25.261674718196456,1.7914653784219001
121,28.462157809983896,4.985238862050457,3.92512077294686,10.560923242082662,16.304347826086957,8.729200214707461,0.0067096081588835215,25.234836285560924,1.7914653784219001
122,28.77079978529254,4.985238862050457,3.92512077294686,10.426731078904991,16.304347826086957,8.709071390230811,0.0067096081588835215,25.0805152979066,1.7914653784219001
123,29.656468062265162,4.9718196457326895,3.824476650563607,10.332796564680622,16.190284487385938,8.387010198604402,0.0067096081588835215,24.838969404186795,1.7914653784219001
124,29.522275899087493,4.575952764358561,3.824476650563607,11.976650563607086,16.10305958132045,8.038110574342458,0.0067096081588835215,24.174718196457327,1.778046162104133
125,29.54911433172303,4.569243156199678,3.8043478260869565,11.889425657541599,16.0426731078905,7.96430488459474,0.0067096081588835215,24.396135265700483,1.778046162104133
126,29.844337090713903,4.555823939881911,3.784219001610306,11.822329575952764,15.94873859366613,7.924047235641439,0.0067096081588835215,24.342458400429415,1.7713365539452497
127,30.26033279656468,4.53569511540526,3.7573805689747717,11.808910359634996,15.72061191626409,7.897208803005904,0.0067096081588835215,24.27536231884058,1.737788513150832
128,30.07246376811594,4.528985507246377,3.7573805689747717,11.79549114331723,16.002415458937197,7.883789586688137,0.0067096081588835215,24.214975845410628,1.737788513150832
129,30.475040257648953,4.508856682769726,3.750670960815888,11.681427804616211,15.901771336553946,7.843531937734836,0.0067096081588835215,24.10091250670961,1.7310789049919484
130,30.837359098228664,4.508856682769726,3.750670960815888,11.647879763821793,15.787707997852925,7.742887815351583,0.0067096081588835215,23.98684916800859,1.7310789049919484
131,31.0252281266774,4.508856682769726,3.750670960815888,11.956521739130435,15.552871712292003,7.742887815351583,0.0067096081588835215,23.845947396672035,1.6103059581320451
132,31.132581857219538,4.488727858293076,3.750670960815888,11.58749329039184,15.888352120236178,7.729468599033816,0.0067096081588835215,23.805689747718734,1.6103059581320451
133,31.19296833064949,4.488727858293076,3.750670960815888,12.406065485775631,15.33816425120773,7.716049382716049,0.0067096081588835215,23.49033816425121,1.6103059581320451
134,31.64922168545357,4.488727858293076,3.6634460547504024,12.345679012345679,15.271068169618895,7.689210950080516,0.0067096081588835215,23.295759527643586,1.5901771336553945
135,31.91760601180891,4.455179817498658,4.005636070853462,12.23161567364466,15.210681696188942,7.675791733762749,0.0067096081588835215,22.906602254428343,1.5901771336553945
136,32.18599033816425,4.435050993022007,4.005636070853462,12.325550187869029,14.928878153515834,7.6556629092860975,0.0067096081588835215,22.86634460547504,1.5901771336553945
137,32.53488996242619,4.435050993022007,3.992216854535695,12.245034889962426,14.814814814814815,7.6556629092860975,0.0067096081588835215,22.725442834138487,1.5901771336553945
138,31.635802469135804,4.414922168545357,3.9519592055823938,10.165056360708535,14.694041867954912,7.628824476650563,0.0067096081588835215,26.113794954374665,1.3888888888888888
139,31.95115405260333,4.3545356951154055,3.938539989264627,10.158346752549651,14.61352657004831,7.514761137949543,0.0067096081588835215,26.080246913580247,1.3821792807300053
140,32.31347289318304,4.3478260869565215,3.9184111647879765,10.0979602791197,14.553140096618357,7.447665056360709,0.0067096081588835215,25.93263553408481,1.3821792807300053
141,32.32018250134192,4.119699409554482,3.9049919484702094,10.648148148148149,14.486044015029522,7.367149758454106,0.0067096081588835215,25.764895330112722,1.3821792807300053
142,32.57514761137949,4.119699409554482,3.8714439076757916,10.601180891035963,14.479334406870638,7.353730542136339,0.0067096081588835215,25.623993558776167,1.3687600644122384
143,33.031400966183575,4.03918411164788,3.81105743424584,10.581052066559312,14.40552871712292,7.320182501341922,0.0067096081588835215,25.43612453032743,1.3687600644122384
144,33.36688137412775,4.03918411164788,3.797638217928073,10.554213633923778,14.351851851851851,7.273215244229737,0.0067096081588835215,25.241545893719806,1.3687600644122384
145,33.68894256575416,4.019055287171229,3.7640901771336552,10.520665593129362,14.304884594739667,7.273215244229737,0.0067096081588835215,25.05367686527107,1.3687600644122384
146,33.12533548040794,3.992216854535695,3.992216854535695,10.466988727858293,15.915190552871712,6.790123456790123,0.0067096081588835215,24.36929683306495,1.3419216317767042
147,33.48094471282877,3.992216854535695,3.9452495974235107,10.466988727858293,15.827965646806227,6.763285024154589,0.0067096081588835215,24.174718196457327,1.3419216317767042
148,33.52791196994095,3.992216854535695,3.9452495974235107,10.433440687063875,16.418411164787976,6.716317767042405,0.0067096081588835215,23.617820719269993,1.3419216317767042
149,33.95061728395062,3.992216854535695,3.8915727321524423,10.352925389157273,16.411701556629094,6.689479334406871,0.0067096081588835215,23.362855609232422,1.3419216317767042
150,34.17874396135266,3.9586688137412773,3.878153515834675,10.34621578099839,16.344605475040257,6.629092860976919,0.0067096081588835215,23.315888352120236,1.3419216317767042
151,34.50080515297907,3.9586688137412773,3.878153515834675,10.21202361782072,16.29092860976919,6.608964036500268,0.0067096081588835215,23.201825013419217,1.3419216317767042
152,34.72893183038111,3.9452495974235107,3.851315083199141,10.171765968867419,16.14331723027375,6.608964036500268,0.0067096081588835215,23.201825013419217,1.3419216317767042
153,35.03086419753087,3.9184111647879765,3.8378958668813743,10.077831454643048,16.06280193236715,6.608964036500268,0.0067096081588835215,23.141438539989263,1.3150831991411702
154,31.629092860976918,3.750670960815888,3.3816425120772946,9.762479871175524,15.076489533011273,6.125872249060655,0.0067096081588835215,29.126409017713364,1.1406333870101986
155,31.99141170155663,3.750670960815888,3.3816425120772946,9.728931830381105,14.928878153515834,6.092324208266238,0.0067096081588835215,28.978797638217927,1.1406333870101986
156,32.17928073000537,3.743961352657005,3.3480944712828773,9.66183574879227,14.88191089640365,6.213097155126141,0.0067096081588835215,28.858024691358025,1.107085346215781
157,32.49463231347289,3.743961352657005,3.3413848631239937,9.594739667203436,14.774557165861514,6.146001073537305,0.0067096081588835215,28.79092860976919,1.107085346215781
158,32.9374664519592,3.670155662909286,3.307836822329576,9.541062801932368,14.593397745571659,6.360708534621578,0.0067096081588835215,28.495705850778315,1.0869565217391304
159,33.36688137412775,3.6634460547504024,3.2742887815351582,9.494095544820183,14.51959205582394,6.286902844873859,0.0067096081588835215,28.30112721417069,1.0869565217391304
160,33.467525496511,3.6634460547504024,3.2675791733762747,9.494095544820183,14.150563607085346,6.850509930220075,0.0067096081588835215,28.012614063338702,1.0869565217391304
161,33.64868491680086,3.6634460547504024,3.260869565217391,9.4873859366613,14.096886741814279,6.843800322061192,0.0067096081588835215,27.911969940955448,1.0802469135802468
162,33.272946859903385,3.3950617283950617,3.260869565217391,9.219001610305957,13.546698872785829,6.776704240472356,0.0067096081588835215,29.441760601180892,1.0802469135802468
163,32.91733762748255,3.4688674181427803,3.2139023081052067,10.762211486849168,13.197799248523886,6.763285024154589,0.0067096081588835215,28.589640365002683,1.0802469135802468
164,32.400697799248526,4.4753086419753085,3.2139023081052067,10.48040794417606,13.130703166935051,6.689479334406871,0.0067096081588835215,28.529253891572733,1.0735373054213635
165,32.66237251744498,4.441760601180891,4.092860976918948,10.339506172839506,12.983091787439614,6.629092860976919,0.0067096081588835215,27.771068169618893,1.0735373054213635
166,32.910628019323674,4.441760601180891,4.072732152442297,10.25228126677402,12.983091787439614,6.568706387546968,0.0067096081588835215,27.70397208803006,1.0601180891035964
167,33.111916264090176,4.441760601180891,4.05931293612453,10.198604401502953,12.922705314009661,6.5552871712292005,0.0067096081588835215,27.643585614600106,1.0601180891035964
168,33.45410628019324,4.42163177670424,4.025764895330113,10.111379495437467,12.86231884057971,6.501610305958132,0.0067096081588835215,27.556360708534623,1.0601180891035964
169,33.73590982286635,4.414922168545357,4.012345679012346,10.091250670960816,12.835480407944177,6.447933440687064,0.0067096081588835215,27.395330112721417,1.0601180891035964
170,34.10493827160494,4.414922168545357,3.9855072463768115,10.030864197530864,12.801932367149758,6.4412238325281805,0.0067096081588835215,27.15378421900161,1.0601180891035964
171,34.42699946323135,4.388083735909823,3.9855072463768115,9.916800858829845,12.681159420289855,6.4345142243692965,0.0067096081588835215,27.100107353730543,1.0601180891035964
172,34.84970477724101,4.367954911433173,3.9586688137412773,9.903381642512077,12.654320987654321,6.374127750939345,0.0067096081588835215,26.82501341921632,1.0601180891035964
173,35.01073537305421,4.367954911433173,3.9586688137412773,9.896672034353195,12.654320987654321,6.340579710144928,0.0067096081588835215,26.704240472356414,1.0601180891035964
174,35.70182501341922,4.3478260869565215,3.8580246913580245,9.896672034353195,12.546967257112184,6.340579710144928,0.0067096081588835215,26.241277509393452,1.0601180891035964
175,36.05743424584004,4.341116478797638,3.851315083199141,9.836285560923242,12.47987117552335,6.340579710144928,0.0067096081588835215,26.03327965646806,1.0534084809447128
176,30.69645732689211,3.965378421900161,2.885131508319914,7.796564680622652,11.399624261943103,5.025496511003757,0.0067096081588835215,37.17122920021471,1.0534084809447128
177,30.790391841116477,3.9586688137412773,2.8784219001610305,7.763016639828234,11.392914653784219,5.3341384863123995,0.0067096081588835215,36.822329575952764,1.0534084809447128
178,31.17283950617284,3.9452495974235107,2.791196994095545,7.729468599033816,11.372785829307569,5.3341384863123995,0.0067096081588835215,36.594202898550726,1.0534084809447128
179,31.588835212023618,3.9452495974235107,2.791196994095545,7.695920558239399,11.252012882447666,5.300590445517981,0.0067096081588835215,36.36607622114869,1.0534084809447128
180,31.769994632313473,3.9452495974235107,2.791196994095545,7.769726247987117,11.211755233494364,5.267042404723564,0.0067096081588835215,36.20504562533548,1.0332796564680622
181,32.51476113794954,3.9184111647879765,2.7442297369833604,8.051529790660226,11.20504562533548,5.018786902844874,0.0067096081588835215,35.507246376811594,1.0332796564680622
182,32.890499194847024,3.878153515834675,3.1535158346752548,8.152173913043478,11.144659151905529,4.898013955984971,0.0067096081588835215,34.84970477724101,1.0265700483091786
183,32.59527643585615,3.81105743424584,3.1333870101986045,8.004562533548041,12.473161567364466,4.643048845947397,0.0067096081588835215,34.306226516371446,1.0265700483091786
184,32.84353193773484,3.81105743424584,3.1199677938808374,7.944176060118089,12.406065485775631,4.643048845947397,0.0067096081588835215,34.19887278582931,1.0265700483091786
185,32.930756843800324,3.81105743424584,4.770531400966184,7.823403113258186,12.352388620504563,4.51556629092861,0.0067096081588835215,32.76301663982824,1.0265700483091786
186,33.380300590445515,3.730542136339238,4.696725711218465,7.742887815351583,12.318840579710145,4.488727858293076,0.0067096081588835215,32.608695652173914,1.0265700483091786
187,33.77616747181965,3.730542136339238,4.683306494900698,7.6623725174449815,12.27187332259796,4.4820182501341925,0.0067096081588835215,32.367149758454104,1.0198604401502953
188,34.14519592055824,3.730542136339238,4.656468062265164,7.6556629092860975,12.171229200214707,4.4820182501341925,0.0067096081588835215,32.14573268921095,1.0064412238325282
189,34.47396672034353,3.69699409554482,4.64975845410628,7.575147611379496,12.097423510466989,4.4820182501341925,0.0067096081588835215,32.01154052603328,1.0064412238325282
190,34.856414385399894,3.670155662909286,4.622920021470746,7.5348899624261945,12.090713902308105,4.4820182501341925,0.0067096081588835215,31.729736983360173,1.0064412238325282
191,34.35319377348363,3.670155662909286,4.5893719806763285,9.118357487922705,12.177938808373591,4.28743961352657,0.0067096081588835215,30.83064949006978,0.966183574879227
192,34.6081588835212,3.670155662909286,4.582662372517445,9.091519055287172,12.110842726784755,4.253891572732153,0.0067096081588835215,30.709876543209877,0.966183574879227
193,33.73590982286635,3.670155662909286,4.468599033816425,9.01100375738057,17.793880837359097,4.253891572732153,0.0067096081588835215,26.093666129898015,0.966183574879227
194,34.09151905528717,3.6634460547504024,4.468599033816425,9.01100375738057,17.726784755770264,4.146537842190016,0.0067096081588835215,25.91921631776704,0.966183574879227
195,34.50080515297907,3.656736446591519,4.408212560386473,8.99087493290392,17.56575415995706,4.066022544283414,0.0067096081588835215,25.83870101986044,0.966183574879227
196,34.72222222222222,3.656736446591519,4.394793344068707,8.930488459473967,17.47181964573269,4.066022544283414,0.0067096081588835215,25.785024154589372,0.966183574879227
197,34.836285560923244,3.629898013955985,4.388083735909823,8.917069243156199,17.47181964573269,4.03918411164788,0.0067096081588835215,25.744766505636072,0.966183574879227
198,34.90338164251208,3.629898013955985,4.64975845410628,8.890230810520666,17.45169082125604,4.03918411164788,0.0067096081588835215,25.462962962962962,0.966183574879227
199,35.07112184648417,3.6231884057971016,4.64975845410628,8.863392377885132,17.411433172302736,4.03918411164788,0.0067096081588835215,25.369028448738593,0.966183574879227
200,35.48040794417606,3.603059581320451,4.636339237788513,8.836553945249598,17.297369833601717,3.898282340311326,0.0067096081588835215,25.275093934514224,0.966183574879227
201,35.65485775630703,3.5829307568438002,4.609500805152979,8.816425120772946,17.297369833601717,3.898282340311326,0.0067096081588835215,25.167740203972087,0.966183574879227
202,35.849436392914654,3.5762211486849167,4.5960815888352125,8.776167471819646,17.257112184648417,3.8848631239935587,0.0067096081588835215,25.087224906065487,0.966183574879227
203,36.030595813204506,3.535963499731616,4.575952764358561,8.776167471819646,17.236983360171767,3.8848631239935587,0.0067096081588835215,24.986580783682232,0.966183574879227
204,36.16478797638218,3.5091250670960816,4.575952764358561,8.756038647342995,17.19001610305958,3.8714439076757916,0.0067096081588835215,24.9597423510467,0.966183574879227
205,33.48094471282877,3.4621578099838968,4.562533548040794,7.796564680622652,16.324476650563607,3.5829307568438002,0.0067096081588835215,29.830917874396135,0.95276435856146
206,33.66881374127751,3.44873859366613,4.562533548040794,7.695920558239399,16.23725174449812,3.7037037037037037,0.0067096081588835215,29.723564143854,0.95276435856146
207,33.9170692431562,3.44873859366613,4.562533548040794,7.64224369296833,16.190284487385938,3.6634460547504024,0.0067096081588835215,29.61621041331186,0.95276435856146
208,34.17874396135266,3.44873859366613,4.549114331723027,7.62211486849168,16.17686527106817,3.656736446591519,0.0067096081588835215,29.408212560386474,0.95276435856146
209,34.35319377348363,3.3950617283950617,4.528985507246377,7.608695652173913,17.07595276435856,3.0394524959742353,0.0067096081588835215,29.03918411164788,0.95276435856146
210,34.76247987117552,3.321256038647343,4.4820182501341925,7.548309178743962,17.002147074610843,3.0193236714975846,0.0067096081588835215,28.904991948470208,0.95276435856146
211,35.07783145464305,3.321256038647343,4.4820182501341925,7.548309178743962,16.941760601180892,3.0193236714975846,0.0067096081588835215,28.663446054750402,0.9393451422436929
212,35.27241009125067,3.3011272141706924,4.435050993022007,7.5281803542673105,16.914922168545356,3.0193236714975846,0.0067096081588835215,28.5829307568438,0.9393451422436929
213,35.52066559312936,3.3011272141706924,4.38137412775094,7.440955448201825,16.894793344068706,3.0193236714975846,0.0067096081588835215,28.509125067096083,0.9259259259259259
214,36.07756307031669,3.3011272141706924,4.3478260869565215,7.440955448201825,16.861245303274288,3.012614063338701,0.0067096081588835215,28.026033279656467,0.9259259259259259
215,36.520397208803004,3.2877079978529253,4.3478260869565215,7.427536231884058,16.794149221685455,2.965646806226516,0.0067096081588835215,27.72410091250671,0.9259259259259259
216,36.79549114331723,3.260869565217391,4.3478260869565215,7.427536231884058,16.6532474503489,2.965646806226516,0.0067096081588835215,27.623456790123456,0.9192163177670424
217,36.67471819645733,3.0864197530864197,4.334406870638754,8.266237251744498,16.566022544283413,2.9589371980676327,0.0067096081588835215,27.18733225979603,0.9192163177670424
218,36.594202898550726,3.079710144927536,4.30756843800322,8.071658615136876,16.458668813741276,3.556092324208266,0.0067096081588835215,27.006172839506174,0.9192163177670424
219,35.81588835212023,3.079710144927536,4.294149221685454,7.991143317230274,15.72061191626409,3.549382716049383,0.0067096081588835215,28.6231884057971,0.9192163177670424
220,36.231884057971016,3.0193236714975846,4.28743961352657,7.977724100912507,15.53274288781535,3.5225442834138487,0.0067096081588835215,28.30112721417069,1.1205045625335481
221,36.58749329039184,3.0193236714975846,4.28743961352657,7.971014492753623,15.458937198067632,3.44873859366613,0.0067096081588835215,28.099838969404185,1.1205045625335481
222,36.82903918411165,3.0193236714975846,4.280730005367687,7.924047235641439,15.438808373590982,3.4151905528717124,0.0067096081588835215,27.9723564143854,1.1137949543746646
223,37.07058507783145,2.999194847020934,4.274020397208803,7.917337627482555,15.432098765432098,3.3480944712828773,0.0067096081588835215,27.83816425120773,1.1137949543746646
224,37.285292538915726,2.999194847020934,4.247181964573269,7.87037037037037,15.391841116478798,3.321256038647343,0.0067096081588835215,27.76435856146001,1.1137949543746646
225,37.2987117552335,2.999194847020934,4.247181964573269,7.729468599033816,15.72061191626409,3.321256038647343,0.0067096081588835215,27.569779924852387,1.107085346215781
226,37.60064412238325,2.985775630703167,4.4753086419753085,7.709339774557166,15.324745034889963,3.535963499731616,0.0067096081588835215,27.254428341384862,1.107085346215781
227,37.74825550187869,2.9790660225442833,4.428341384863124,7.682501341921632,15.304616210413311,3.535963499731616,0.0067096081588835215,27.20746108427268,1.107085346215781
228,37.86231884057971,2.965646806226516,4.42163177670424,7.648953301127214,15.304616210413311,3.535963499731616,0.0067096081588835215,27.147074610842726,1.107085346215781
229,38.16425120772947,2.945517981749866,4.414922168545357,7.595276435856146,15.250939345142244,3.4957058507783145,0.0067096081588835215,27.01959205582394,1.107085346215781
230,38.425925925925924,2.9388083735909825,4.408212560386473,7.588566827697263,15.143585614600108,3.4957058507783145,0.0067096081588835215,26.88539989264627,1.107085346215781
231,38.6808910359635,2.9253891572732154,4.408212560386473,7.561728395061729,15.03623188405797,3.4957058507783145,0.0067096081588835215,26.778046162104133,1.107085346215781
232,39.04320987654321,2.9052603327965647,4.40150295222759,7.5281803542673105,14.942297369833602,3.4822866344605474,0.0067096081588835215,26.583467525496513,1.107085346215781
233,39.16398282340311,2.8918411164787976,4.40150295222759,7.521470746108427,14.868491680085883,3.4822866344605474,0.0067096081588835215,26.556629092860977,1.107085346215781
234,39.392109500805155,2.8918411164787976,4.40150295222759,7.494632313472893,14.801395598497047,3.4688674181427803,0.0067096081588835215,26.44927536231884,1.093666129898014
235,39.55984970477724,2.8918411164787976,4.388083735909823,7.467793880837359,14.781266774020397,3.4688674181427803,0.0067096081588835215,26.341921631776703,1.093666129898014
236,39.821524422973695,2.8918411164787976,4.388083735909823,7.320182501341922,14.734299516908212,3.4688674181427803,0.0067096081588835215,26.27482555018787,1.093666129898014
237,40.07648953301127,2.8784219001610305,4.361245303274289,7.27992485238862,14.667203435319378,3.4688674181427803,0.0067096081588835215,26.1808910359635,1.0802469135802468
238,40.284487385936664,2.8784219001610305,4.327697262479871,7.219538378958669,14.65378421900161,3.455448201825013,0.0067096081588835215,26.093666129898015,1.0802469135802468
239,40.08990874932904,2.8784219001610305,4.139828234031133,6.367418142780462,16.06280193236715,3.408480944712829,0.0067096081588835215,25.966183574879228,1.0802469135802468
240,40.25093934514224,2.8784219001610305,4.05931293612453,6.367418142780462,16.06280193236715,3.408480944712829,0.0067096081588835215,25.885668276972623,1.0802469135802468
241,38.238056897477186,2.871712292002147,4.602791196994096,6.347289318303811,22.550993022007514,3.3548040794417604,0.0067096081588835215,20.947396672034355,1.0802469135802468
242,38.51315083199141,2.871712292002147,4.528985507246377,6.300322061191626,22.48389694041868,3.3548040794417604,0.0067096081588835215,20.86688137412775,1.0735373054213635
243,38.74127750939345,2.8650026838432634,4.461889425657541,6.213097155126141,22.383252818035427,3.3413848631239937,0.0067096081588835215,20.7662372517445,1.221148684916801
