,45,50,55,53,52,56,51,54,58,57,60,59,46,61
0,99.49677938808374,0.5032206119162641,,,,,,,,,,,,
1,93.98819108964037,5.978260869565218,0.03354804079441761,,,,,,,,,,,
2,93.02200751476114,6.9243156199677935,0.03354804079441761,0.020128824476650563,,,,,,,,,,
3,73.84594739667203,23.926462694578635,0.06709608158883522,,2.1604938271604937,,,,,,,,,
4,73.9398819108964,23.51046698872786,0.38915727321524424,,2.1604938271604937,,,,,,,,,
5,73.57085346215781,23.8191089640365,0.4227053140096618,,2.187332259796028,,,,,,,,,
6,73.38298443370907,24.00697799248524,0.41599570585077833,,2.167203435319377,0.026838432635534086,,,,,,,,
7,73.33601717659688,24.053945249597422,0.41599570585077833,,2.167203435319377,0.026838432635534086,,,,,,,,
8,69.31025228126677,27.34836285560923,0.41599570585077833,0.30193236714975846,1.9524959742351047,0.026838432635534086,0.644122383252818,,,,,,,
9,69.08883521202362,27.542941492216855,0.4428341384863124,0.30193236714975846,1.9524959742351047,0.026838432635534086,0.644122383252818,,,,,,,
10,66.88808373590982,29.28743961352657,0.8990874932903918,0.30193236714975846,1.9524959742351047,0.026838432635534086,0.644122383252818,,,,,,,
11,66.55260332796564,29.622920021470748,0.8990874932903918,0.30193236714975846,1.9524959742351047,0.026838432635534086,0.644122383252818,,,,,,,
12,65.94202898550725,30.173107890499196,0.9259259259259259,0.30193236714975846,1.9524959742351047,0.06038647342995169,0.644122383252818,,,,,,,
13,54.91814278046162,33.07836822329576,0.9259259259259259,0.30193236714975846,1.9524959742351047,0.06038647342995169,8.76274825550188,,,,,,,
14,53.153515834675254,34.72222222222222,0.9259259259259259,0.30193236714975846,1.9524959742351047,0.03354804079441761,8.59500805152979,0.3153515834675255,,,,,,
15,51.328502415458935,36.460010735373054,1.261406333870102,0.30193236714975846,1.9524959742351047,0.03354804079441761,8.3467525496511,0.3153515834675255,,,,,,
16,50.85212023617821,36.70826623725174,1.556629092860977,0.30193236714975846,1.9524959742351047,0.03354804079441761,8.293075684380032,0.30193236714975846,,,,,,
17,50.905797101449274,36.41975308641975,1.865271068169619,0.30193236714975846,1.9524959742351047,0.03354804079441761,8.199141170155663,0.322061191626409,,,,,,
18,50.4898013955985,35.889694041867955,1.9927536231884058,0.30193236714975846,1.9256575415995705,0.12077294685990338,8.957326892109501,0.322061191626409,,,,,,
19,41.015834675254965,43.565485775630705,2.046430488459474,0.30193236714975846,1.9659151905528718,0.12077294685990338,8.917069243156199,2.0665593129361244,,,,,,
20,38.1508319914117,45.3569511540526,1.8585614600107354,0.2214170692431562,3.656736446591519,0.12077294685990338,8.601717659688674,2.033011272141707,,,,,,
21,37.70799785292539,43.525228126677405,1.8183038110574343,0.2214170692431562,3.556092324208266,0.12077294685990338,8.527911969940956,4.49543746645196,0.026838432635534086,,,,,
22,37.66774020397209,43.49838969404187,1.8250134192163177,0.2549651100375738,3.556092324208266,0.1610305958132045,8.527911969940956,4.4820182501341925,0.026838432635534086,,,,,
23,37.66774020397209,43.41116478797638,1.8250134192163177,0.2549651100375738,3.549382716049383,0.1610305958132045,8.521202361782072,4.562533548040794,0.04696725711218465,,,,,
24,36.741814278046164,43.98148148148148,1.8250134192163177,2.1068169618894257,3.549382716049383,0.1610305958132045,7.058507783145465,4.528985507246377,0.04696725711218465,,,,,
25,35.04428341384863,45.471014492753625,1.8451422436929683,2.1068169618894257,3.8378958668813743,0.1610305958132045,6.957863660762212,4.528985507246377,0.04696725711218465,,,,,
26,34.648416532474506,45.853462157809986,1.8786902844873858,2.1068169618894257,3.8177670424047236,0.1610305958132045,6.957863660762212,4.528985507246377,0.04696725711218465,,,,,
27,30.743424584004295,50.17444981213097,1.9524959742351047,2.1068169618894257,4.200214707461084,0.1610305958132045,6.286902844873859,4.341116478797638,0.03354804079441761,,,,,
28,30.83064949006978,48.93317230273752,3.1333870101986045,2.0933977455716586,4.200214707461084,0.1610305958132045,6.286902844873859,4.294149221685454,0.06709608158883522,,,,,
29,25.503220611916262,57.19269994632314,3.126677402039721,2.059849704777241,3.099838969404187,0.1610305958132045,6.233225979602791,2.589908749329039,0.03354804079441761,,,,,
30,24.335748792270532,56.045356951154055,3.1535158346752548,2.059849704777241,3.099838969404187,0.1610305958132045,8.521202361782072,2.589908749329039,0.03354804079441761,,,,,
31,24.44310252281267,55.92458400429415,3.294417606011809,2.059849704777241,3.0730005367686526,0.1610305958132045,8.420558239398819,2.589908749329039,0.03354804079441761,,,,,
32,24.530327428878152,55.65619967793881,3.4822866344605474,2.059849704777241,3.0730005367686526,0.1610305958132045,8.413848631239935,2.589908749329039,0.03354804079441761,,,,,
33,24.282071926999464,54.40150295222759,3.2004830917874396,2.046430488459474,4.998658078368224,0.1610305958132045,8.165593129361245,2.7106816961889426,0.03354804079441761,,,,,
34,24.288781535158346,54.24047235641439,3.321256038647343,2.033011272141707,4.931561996779388,0.2549651100375738,8.152173913043478,2.6838432635534084,0.03354804079441761,0.06038647342995169,,,,
35,23.081052066559312,55.3341384863124,3.435319377348363,2.033011272141707,4.777241009125067,0.27509393451422437,8.11862587224906,2.717391304347826,0.03354804079441761,0.19457863660762212,,,,
36,23.03408480944713,53.76409017713365,4.206924315619967,2.033011272141707,4.777241009125067,0.27509393451422437,8.11862587224906,3.5628019323671496,0.03354804079441761,0.19457863660762212,,,,
37,22.27589908749329,52.38862050456253,4.274020397208803,2.033011272141707,4.777241009125067,0.27509393451422437,10.185185185185185,3.5628019323671496,0.03354804079441761,0.19457863660762212,,,,
38,22.33628556092324,52.274557165861516,4.327697262479871,1.8988191089640365,4.777241009125067,0.27509393451422437,10.185185185185185,3.5628019323671496,0.16774020397208803,0.19457863660762212,,,,
39,21.490874932903917,50.38244766505636,4.911433172302737,1.8988191089640365,4.790660225442834,0.27509393451422437,12.218196457326892,3.670155662909286,0.16774020397208803,0.19457863660762212,,,,
40,21.517713365539453,50.12748255501879,4.8376274825550185,2.38191089640365,4.770531400966184,0.27509393451422437,12.090713902308105,3.6366076221148687,0.16774020397208803,0.19457863660762212,,,,
41,21.276167471819647,47.81266774020397,2.9790660225442833,2.4154589371980677,9.668545356951155,0.27509393451422437,11.574074074074074,3.6366076221148687,0.16774020397208803,0.19457863660762212,,,,
42,21.34326355340848,46.752549651100374,2.9790660225442833,2.408749329039184,11.144659151905529,0.27509393451422437,10.943370907139023,3.8043478260869565,0.16774020397208803,0.18115942028985507,,,,
43,20.39049919484702,46.141975308641975,3.5292538915727323,2.408749329039184,10.748792270531402,0.27509393451422437,12.318840579710145,3.784219001610306,0.16774020397208803,0.2147074610842727,0.020128824476650563,,,
44,20.276435856146,45.75952764358561,3.5292538915727323,2.965646806226516,11.218464841653248,0.32877079978529256,11.77536231884058,3.7573805689747717,0.16774020397208803,0.20128824476650564,0.020128824476650563,,,
45,20.222758990874933,45.16237251744498,3.616478797638218,2.8247450348899625,10.95679012345679,0.32877079978529256,12.842190016103059,3.656736446591519,0.16774020397208803,0.20128824476650564,0.020128824476650563,,,
46,19.618894256575416,43.07568438003221,3.0730005367686526,2.9119699409554483,10.849436392914654,0.4428341384863124,16.7337627482555,2.8247450348899625,0.16774020397208803,0.28180354267310787,0.020128824476650563,,,
47,19.6256038647343,40.19726247987118,3.099838969404187,6.642512077294686,10.742082662372518,0.39586688137412773,16.659957058507782,2.1403650026838434,0.16774020397208803,0.30864197530864196,0.020128824476650563,,,
48,18.02200751476114,41.93505099302201,3.099838969404187,6.642512077294686,10.695115405260333,0.4495437466451959,16.525764895330113,2.13365539452496,0.16774020397208803,0.30864197530864196,0.020128824476650563,,,
49,17.98845947396672,41.90150295222759,3.1736446591519054,6.642512077294686,10.681696188942565,0.5971551261406334,16.384863123993558,2.13365539452496,0.16774020397208803,0.30864197530864196,0.020128824476650563,,,
50,18.109232420826622,41.56602254428341,3.488996242619431,6.608964036500268,10.668276972624799,0.5971551261406334,16.33118625872249,2.13365539452496,0.16774020397208803,0.30864197530864196,0.020128824476650563,,,
51,17.934782608695652,41.2842190016103,3.488996242619431,6.233225979602791,10.581052066559312,0.5971551261406334,16.861245303274288,2.13365539452496,0.16774020397208803,0.6977992485238862,0.020128824476650563,,,
52,17.827428878153516,38.781535158346756,6.038647342995169,6.233225979602791,10.641438539989265,0.6239935587761675,16.834406870638755,2.13365539452496,0.16774020397208803,0.6977992485238862,0.020128824476650563,,,
53,17.64626945786366,37.29200214707461,5.367686527106817,5.320719269994632,14.694041867954912,0.46967257112184646,16.7337627482555,1.6035963499731616,0.13419216317767044,0.7380568974771873,,,,
54,17.800590445517983,37.124261943102525,5.35426731078905,5.320719269994632,14.694041867954912,0.48980139559849706,16.740472356414386,1.6035963499731616,0.13419216317767044,0.7380568974771873,,,,
55,17.800590445517983,37.1309715512614,5.35426731078905,6.125872249060655,14.090177133655395,0.48980139559849706,16.532474503488995,1.6035963499731616,0.13419216317767044,0.7380568974771873,,,,
56,16.485507246376812,27.78448738593666,5.0993022007514766,4.28743961352657,13.79495437466452,0.5568974771873323,29.428341384863124,1.8384326355340848,,0.7045088566827697,0.020128824476650563,,,
57,16.566022544283413,27.03972088030059,5.60252281266774,4.951690821256038,13.331991411701557,0.6374127750939346,28.462157809983896,1.9994632313472893,,1.3888888888888888,0.020128824476650563,,,
58,16.606280193236714,26.88539989264627,5.636070853462158,4.951690821256038,13.278314546430488,0.6374127750939346,28.56280193236715,1.9994632313472893,,1.4224369296833066,0.020128824476650563,,,
59,16.72705314009662,26.80488459473967,5.642780461621041,4.951690821256038,13.251476113794954,0.6374127750939346,28.569511540526033,1.9726247987117553,,1.4224369296833066,0.020128824476650563,,,
60,15.579710144927537,22.067901234567902,1.583467525496511,3.260869565217391,18.4044551798175,1.133923778851315,35.30595813204509,1.8048845947396672,,0.8588298443370908,,,,
61,15.552871712292003,22.20209339774557,1.583467525496511,3.260869565217391,18.290391841116477,1.1674718196457328,35.17176596886742,1.8451422436929683,,0.9259259259259259,,,,
62,15.640096618357488,22.128287707997853,1.583467525496511,3.5225442834138487,18.243424584004295,1.2412775093934514,35.08454106280193,1.6170155662909287,,0.9393451422436929,,,,
63,14.096886741814279,23.946591519055286,1.583467525496511,3.5225442834138487,18.02200751476114,1.2412775093934514,35.01073537305421,1.6706924315619969,,0.9057971014492754,,,,
64,14.264626945786366,23.678207192699947,1.5633387010198605,3.5225442834138487,17.96833064949007,1.3620504562533549,35.05099302200752,1.6706924315619969,,0.9192163177670424,,,,
65,14.338432635534085,23.59098228663446,1.5767579173376274,3.515834675254965,17.887815351583466,1.3955984970477724,35.10466988727858,1.6706924315619969,,0.9192163177670424,,,,
66,14.512882447665056,23.55072463768116,1.5767579173376274,3.4822866344605474,17.85426731078905,1.4559849704777241,34.977187332259795,1.6706924315619969,,0.9192163177670424,,,,
67,14.459205582393988,23.483628556092324,1.5767579173376274,3.4822866344605474,17.840848094471284,1.6103059581320451,34.957058507783145,1.6706924315619969,,0.9192163177670424,,,,
68,14.338432635534085,22.7187332259796,1.5767579173376274,3.2541599570585076,19.45786366076221,2.1269457863660763,34.252549651100374,1.2949543746645196,,0.9796027911969941,,,,
69,14.459205582393988,22.638217928073,1.6170155662909287,3.2675791733762747,19.424315619967793,2.120236178207193,34.20558239398819,1.2949543746645196,,0.9728931830381106,,,,
70,14.371980676328503,20.8870101986044,1.6170155662909287,3.2206119162640903,19.766505636070853,2.100107353730542,35.86285560923242,1.2010198604401503,,0.9728931830381106,,,,
71,14.452495974235104,20.77294685990338,1.932367149758454,2.932098765432099,19.726247987117553,2.1403650026838434,35.79575952764358,1.2412775093934514,0.03354804079441761,0.9728931830381106,,,,
72,14.204240472356414,20.46430488459474,2.167203435319377,2.945517981749866,20.585077831454644,2.046430488459474,35.32608695652174,1.2278582930756843,0.03354804079441761,0.9997316156736447,,,,
73,14.224369296833064,20.276435856146,2.214170692431562,2.945517981749866,20.511272141706925,3.260869565217391,34.306226516371446,1.2278582930756843,0.03354804079441761,0.9997316156736447,,,,
74,14.318303811057435,20.222758990874933,2.214170692431562,5.542136339237788,18.04213633923779,3.2877079978529253,34.07139023081052,1.261406333870102,0.04696725711218465,0.9930220075147611,,,,
75,14.445786366076222,20.1959205582394,2.214170692431562,6.139291465378422,17.907944176060116,3.589640365002684,33.2259796027912,1.261406333870102,0.04696725711218465,0.9728931830381106,,,,
76,14.439076757917338,20.30998389694042,2.214170692431562,6.166129898013956,17.85426731078905,3.629898013955985,33.15217391304348,1.2345679012345678,0.04696725711218465,0.95276435856146,,,,
77,14.553140096618357,20.26972624798712,2.214170692431562,5.924584004294149,17.49194847020934,4.30756843800322,33.00456253354804,1.2345679012345678,0.04696725711218465,0.95276435856146,,,,
78,14.606816961889425,20.142243692968332,2.2611379495437465,6.340579710144928,17.324208266237253,3.9184111647879765,32.53488996242619,1.8719806763285025,0.04696725711218465,0.95276435856146,,,,
79,14.694041867954912,20.115405260332796,2.2611379495437465,6.333870101986044,17.310789049919485,3.9184111647879765,32.49463231347289,1.8719806763285025,0.04696725711218465,0.95276435856146,,,,
80,14.855072463768115,20.095276435856146,2.2611379495437465,6.300322061191626,17.3040794417606,3.9049919484702094,32.46108427267848,1.8451422436929683,0.04696725711218465,0.9259259259259259,,,,
81,14.821524422973699,19.565217391304348,2.3081052066559313,5.837359098228664,16.847826086956523,3.8177670424047236,33.89694041867955,1.8451422436929683,0.04696725711218465,1.0131508319914118,,,,
82,14.969135802469136,19.565217391304348,2.3081052066559313,5.803811057434245,16.78743961352657,3.81105743424584,33.823134728931834,1.8451422436929683,0.04696725711218465,1.0399892646269457,,,,
83,14.915458937198068,19.612184648416534,2.368491680085883,5.797101449275362,16.760601180891037,3.851315083199141,33.756038647343,1.8250134192163177,0.04696725711218465,1.06682769726248,,,,
84,14.962426194310252,19.585346215780998,2.368491680085883,5.783682232957595,16.760601180891037,4.314278046162104,33.340042941492214,1.7713365539452497,0.04696725711218465,1.06682769726248,,,,
85,14.9020397208803,18.95464304884595,3.784219001610306,5.709876543209877,16.680085882984432,4.314278046162104,32.50805152979066,2.073268921095008,0.040257648953301126,1.0332796564680622,,,,
86,14.955716586151368,18.94122383252818,3.844605475040258,5.689747718733226,16.646537842190018,4.334406870638754,32.407407407407405,2.073268921095008,0.040257648953301126,1.06682769726248,,,,
87,14.774557165861514,19.229736983360173,3.8580246913580245,5.689747718733226,16.639828234031132,4.488727858293076,32.139023081052066,2.073268921095008,0.040257648953301126,1.06682769726248,,,,
88,14.848362855609233,19.182769726247987,3.8580246913580245,5.662909286097692,16.67337627482555,4.488727858293076,32.078636607622116,2.100107353730542,0.040257648953301126,1.06682769726248,,,,
89,14.915458937198068,19.223027375201287,3.8311862587224907,5.662909286097692,16.59286097691895,4.508856682769726,31.99812130971551,2.100107353730542,0.040257648953301126,1.1272141706924315,,,,
90,14.512882447665056,19.484702093397747,3.9452495974235107,5.938003220611916,15.096618357487923,4.51556629092861,31.884057971014492,3.7640901771336552,0.040257648953301126,0.8185721953837896,,,,
91,13.90901771336554,20.933977455716587,3.9452495974235107,5.938003220611916,15.123456790123457,4.549114331723027,31.07890499194847,3.6634460547504024,0.040257648953301126,0.8185721953837896,,,,
92,14.11701556629093,20.840042941492218,3.9452495974235107,5.931293612453032,15.116747181964573,4.549114331723027,30.97826086956522,3.6634460547504024,0.040257648953301126,0.8185721953837896,,,,
93,14.197530864197532,19.182769726247987,4.253891572732153,5.931293612453032,15.076489533011273,4.542404723564144,32.51476113794954,3.4420289855072466,0.040257648953301126,0.8185721953837896,,,,
94,13.915727321524423,18.666129898013956,4.320987654320987,5.931293612453032,15.519323671497585,4.636339237788513,32.64224369296833,3.4688674181427803,0.040257648953301126,0.8588298443370908,,,,
95,14.023081052066559,18.59903381642512,4.334406870638754,6.884057971014493,15.425389157273216,4.40150295222759,32.03166935050993,3.3145464304884595,0.040257648953301126,0.9460547504025765,,,,
96,14.090177133655395,18.57890499194847,4.616210413311863,6.125872249060655,15.371712292002147,4.435050993022007,31.964573268921097,3.3145464304884595,0.040257648953301126,1.4626945786366077,,,,
97,14.150563607085346,18.4849704777241,4.643048845947397,6.884057971014493,14.761137949543746,4.53569511540526,31.76328502415459,3.3145464304884595,0.040257648953301126,1.4224369296833066,,,,
98,14.224369296833064,18.46484165324745,4.683306494900698,6.837090713902308,14.761137949543746,4.53569511540526,31.716317767042405,3.3145464304884595,0.040257648953301126,1.4224369296833066,,,,
99,14.217659688674182,18.42458400429415,4.74369296833065,6.816961889425658,14.553140096618357,5.12614063338701,31.45464304884595,3.3145464304884595,0.040257648953301126,1.3083735909822867,,,,
100,14.358561460010735,18.38432635534085,4.736983360171766,6.816961889425658,14.432367149758454,5.112721417069243,31.367418142780462,3.3145464304884595,0.040257648953301126,1.42914653784219,0.0067096081588835215,,,
101,14.472624798711756,18.370907139023082,4.7101449275362315,6.823671497584541,14.398819108964037,5.112721417069243,31.320450885668276,3.3145464304884595,0.040257648953301126,1.42914653784219,0.0067096081588835215,,,
102,14.553140096618357,18.357487922705314,4.7101449275362315,6.9310252281266775,14.36527106816962,5.139559849704777,31.166129898013956,3.3011272141706924,0.040257648953301126,1.42914653784219,0.0067096081588835215,,,
103,14.680622651637144,18.310520665593128,4.683306494900698,6.884057971014493,14.298174986580785,5.166398282340311,31.09903381642512,3.307836822329576,0.10735373054213634,1.4559849704777241,0.0067096081588835215,,,
104,14.781266774020397,18.283682232957595,4.508856682769726,7.078636607622115,14.231078904991948,5.166398282340311,30.9044551798175,3.1468062265163717,0.4092860976918948,1.482823403113258,0.0067096081588835215,,,
105,14.942297369833602,18.00858829844337,4.797369833601718,7.39398819108964,14.130434782608695,5.025496511003757,30.709876543209877,3.0931293612453032,0.4092860976918948,1.482823403113258,0.0067096081588835215,,,
106,13.620504562533547,14.452495974235104,3.1333870101986045,6.977992485238862,13.620504562533547,5.428073000536768,38.27831454643049,2.965646806226516,0.0939345142243693,1.42914653784219,,,,
107,13.633923778851315,14.237788513150832,3.1333870101986045,6.977992485238862,13.157541599570585,6.561996779388084,37.92270531400966,2.965646806226516,0.0939345142243693,1.3150831991411702,,,,
108,13.466183574879228,13.6808910359635,3.1065485775630703,7.561728395061729,12.694578636607622,6.206387546967257,38.888888888888886,2.9723564143853998,0.0939345142243693,1.328502415458937,,,,
109,13.573537305421363,13.593666129898015,3.227321524422974,7.5281803542673105,12.661030595813205,6.233225979602791,38.79495437466452,2.945517981749866,0.0939345142243693,1.3486312399355878,,,,
110,13.378958668813741,13.674181427804616,3.193773483628556,8.038110574342458,12.640901771336553,6.776704240472356,37.94283413848631,2.9119699409554483,0.0939345142243693,1.3486312399355878,,,,
111,13.553408480944713,13.667471819645733,3.193773483628556,7.997852925389157,12.614063338701019,6.769994632313473,37.848899624261946,2.9119699409554483,0.0939345142243693,1.3486312399355878,,,,
112,13.627214170692431,13.593666129898015,3.2004830917874396,7.98443370907139,12.600644122383253,6.260064412238325,37.3792270531401,3.898282340311326,0.0939345142243693,1.3620504562533549,,,,
113,13.47289318303811,13.056897477187333,3.1736446591519054,7.971014492753623,12.681159420289855,6.790123456790123,37.5,3.898282340311326,0.0939345142243693,1.3620504562533549,,,,
114,13.513150831991412,13.110574342458401,3.1736446591519054,7.796564680622652,13.030059044551798,6.582125603864735,37.473161567364464,3.864734299516908,0.0939345142243693,1.3620504562533549,,,,
115,13.513150831991412,13.083735909822867,3.938539989264627,7.427536231884058,12.667740203972087,6.568706387546968,37.855609232420825,3.502415458937198,0.08051529790660225,1.3620504562533549,,,,
116,13.607085346215781,13.070316693505099,3.938539989264627,7.387278582930757,12.647611379495437,6.568706387546968,37.80864197530864,3.5292538915727323,0.08051529790660225,1.3620504562533549,,,,
117,13.79495437466452,13.01663982823403,3.92512077294686,7.360440150295223,12.634192163177671,6.568706387546968,37.74825550187869,3.5225442834138487,0.08051529790660225,1.3486312399355878,,,,
118,13.895598497047773,13.01663982823403,3.92512077294686,7.347020933977456,12.593934514224369,6.541867954911433,37.72812667740204,3.5225442834138487,0.08051529790660225,1.3486312399355878,,,,
119,13.90901771336554,12.969672571121846,4.770531400966184,7.27992485238862,12.31213097155126,6.481481481481482,37.02361782071927,3.844605475040258,0.11406333870101985,1.2949543746645196,,,,
120,14.04320987654321,12.761674718196458,4.8376274825550185,7.266505636070853,12.406065485775631,6.5485775630703165,36.882716049382715,3.844605475040258,0.11406333870101985,1.2949543746645196,,,,
121,14.090177133655395,12.741545893719806,4.884594739667204,7.266505636070853,12.25174449812131,6.5485775630703165,36.73510466988728,3.9452495974235107,0.11406333870101985,1.4224369296833066,,,,
122,14.130434782608695,12.714707461084272,4.884594739667204,7.266505636070853,12.238325281803542,6.5485775630703165,36.73510466988728,3.9452495974235107,0.11406333870101985,1.4224369296833066,,,,
123,13.942565754159958,12.124261943102523,4.696725711218465,7.185990338164252,14.143853998926463,6.588835212023618,35.809178743961354,3.9184111647879765,0.11406333870101985,1.4761137949543746,,,,
124,14.016371443907676,12.124261943102523,4.696725711218465,7.1725711218464845,14.096886741814279,6.635802469135802,35.7487922705314,3.9184111647879765,0.11406333870101985,1.4761137949543746,,,,
125,13.962694578636608,12.084004294149223,4.730273752012883,7.1658615136876005,14.184111647879764,6.655931293612453,35.64143853998927,3.9855072463768115,0.11406333870101985,1.4761137949543746,,,,
126,14.029790660225443,12.050456253354804,4.770531400966184,7.1658615136876005,14.110305958132045,6.642512077294686,35.55421363392378,4.052603327965647,0.11406333870101985,1.5096618357487923,,,,
127,14.251207729468598,11.963231347289318,4.777241009125067,7.132313472893183,14.110305958132045,6.6760601180891035,35.41331186258722,4.052603327965647,0.11406333870101985,1.5096618357487923,,,,
128,14.197530864197532,11.768652710681696,4.74369296833065,7.065217391304348,13.969404186795492,6.6760601180891035,35.88298443370907,4.052603327965647,0.11406333870101985,1.5297906602254427,,,,
129,14.298174986580785,11.668008588298443,4.74369296833065,7.185990338164252,13.902308105206655,6.749865807836822,35.79575952764358,4.012345679012346,0.11406333870101985,1.5297906602254427,,,,
130,14.412238325281804,11.600912506709609,4.904723564143854,7.1658615136876005,13.88888888888889,7.326892109500805,35.07783145464305,4.012345679012346,0.11406333870101985,1.4962426194310252,,,,
131,14.465915190552872,11.52710681696189,4.958400429414922,7.1658615136876005,13.741277509393452,7.474503488996243,35.04428341384863,4.012345679012346,0.11406333870101985,1.4962426194310252,,,,
132,14.573268921095009,11.506977992485238,5.092592592592593,7.159151905528717,13.627214170692431,7.447665056360709,34.97047772410091,4.012345679012346,0.11406333870101985,1.4962426194310252,,,,
133,14.586688137412775,11.392914653784219,5.092592592592593,7.179280730005368,13.607085346215781,7.447665056360709,35.07783145464305,3.9855072463768115,0.11406333870101985,1.5163714439076759,,,,
134,14.620236178207193,11.3191089640365,5.199946323134729,7.1658615136876005,13.593666129898015,7.561728395061729,34.91009125067096,3.9989264626945786,0.11406333870101985,1.5163714439076759,,,,
135,14.667203435319378,11.29898013955985,5.267042404723564,7.065217391304348,13.573537305421363,7.595276435856146,34.82286634460547,4.126409017713366,0.08051529790660225,1.5029522275899088,,,,
136,14.720880300590446,11.3191089640365,5.267042404723564,7.0383789586688135,13.533279656468062,7.695920558239399,34.715512614063336,4.126409017713366,0.08051529790660225,1.5029522275899088,,,,
137,14.694041867954912,11.20504562533548,5.300590445517981,7.0383789586688135,13.331991411701557,8.387010198604402,34.225711218464845,4.106280193236715,0.08051529790660225,1.6035963499731616,,0.026838432635534086,,
138,14.734299516908212,11.18491680085883,5.300590445517981,7.071926999463232,13.325281803542673,8.413848631239935,34.16532474503489,4.106280193236715,0.08051529790660225,1.5901771336553945,,0.026838432635534086,,
139,14.922168545356952,11.178207192699947,5.260332796564681,7.0383789586688135,13.298443370907139,8.360171765968868,34.13848631239936,4.106280193236715,0.0939345142243693,1.5767579173376274,,0.026838432635534086,,
140,15.002683843263553,11.064143853998926,5.253623188405797,7.004830917874396,13.499731615673644,8.360171765968868,34.01771336553945,4.0995705850778315,0.0939345142243693,1.5767579173376274,,0.026838432635534086,,
141,15.069779924852389,11.057434245840042,5.246913580246914,7.071926999463232,13.493022007514762,8.3467525496511,33.9170692431562,4.0995705850778315,0.0939345142243693,1.5499194847020934,,0.026838432635534086,0.026838432635534086,
142,15.271068169618895,11.023886205045626,5.622651637144391,7.03166935050993,13.466183574879228,8.279656468062266,33.52120236178207,4.0995705850778315,0.0939345142243693,1.5499194847020934,,0.026838432635534086,0.013419216317767043,
143,15.297906602254429,10.976918947933441,5.884326355340848,6.998121309715513,13.419216317767042,8.293075684380032,33.293075684380035,4.0995705850778315,0.0939345142243693,1.6035963499731616,,0.026838432635534086,0.013419216317767043,
144,15.45222758990875,10.909822866344605,5.884326355340848,6.984702093397746,13.405797101449275,8.279656468062266,33.20585077831455,4.139828234031133,0.0939345142243693,1.6035963499731616,,0.026838432635534086,0.013419216317767043,
145,15.304616210413311,10.95679012345679,5.891035963499732,7.27992485238862,13.311862587224907,8.279656468062266,33.071658615136876,4.139828234031133,0.0939345142243693,1.6304347826086956,,0.026838432635534086,0.013419216317767043,
146,15.425389157273216,10.95679012345679,5.891035963499732,7.239667203435319,13.298443370907139,8.266237251744498,33.051529790660226,4.133118625872249,0.0939345142243693,1.6035963499731616,,0.026838432635534086,0.013419216317767043,
147,15.4723564143854,10.849436392914654,5.870907139023081,7.192699946323135,13.298443370907139,8.32662372517445,32.930756843800324,4.320987654320987,0.0939345142243693,1.6035963499731616,,0.026838432635534086,0.013419216317767043,
148,15.45222758990875,10.809178743961352,5.870907139023081,7.2933440687063875,13.774825550187868,8.313204508856682,32.52818035426731,4.320987654320987,0.0939345142243693,1.5029522275899088,,0.026838432635534086,0.013419216317767043,
149,15.297906602254429,10.88298443370907,6.427804616210413,7.239667203435319,13.365539452495975,8.32662372517445,32.50805152979066,4.314278046162104,0.0939345142243693,1.5029522275899088,,0.026838432635534086,0.013419216317767043,
150,15.365002683843263,10.876274825550189,6.468062265163715,7.199409554482019,13.352120236178207,8.32662372517445,32.46108427267848,4.314278046162104,0.0939345142243693,1.5029522275899088,,0.026838432635534086,0.013419216317767043,
151,15.237520128824476,10.775630703166936,6.427804616210413,7.192699946323135,13.774825550187868,8.279656468062266,32.46108427267848,4.300858829844337,0.0939345142243693,1.3754696725711217,,0.06709608158883522,0.013419216317767043,
152,15.304616210413311,10.762211486849168,6.796833064949007,7.179280730005368,13.761406333870102,8.333333333333334,32.00483091787439,4.361245303274289,0.0939345142243693,1.3217928073000538,,0.06709608158883522,0.013419216317767043,
153,15.391841116478798,10.735373054213634,6.823671497584541,6.689479334406871,13.486312399355878,8.353462157809984,32.648953301127214,4.341116478797638,0.0939345142243693,1.3553408480944713,,0.06709608158883522,0.013419216317767043,
154,15.45222758990875,10.648148148148149,6.776704240472356,6.655931293612453,13.734567901234568,8.340042941492216,32.400697799248526,4.42163177670424,0.0939345142243693,1.3955984970477724,,0.06709608158883522,0.013419216317767043,
155,15.559581320450885,10.641438539989265,6.776704240472356,6.655931293612453,13.714439076757918,8.319914117015566,32.347020933977454,4.42163177670424,0.0939345142243693,1.3888888888888888,,0.06709608158883522,0.013419216317767043,
156,15.633387010198604,10.641438539989265,6.763285024154589,6.635802469135802,13.687600644122384,7.98443370907139,31.04535695115405,6.0587761674718195,0.0939345142243693,1.3888888888888888,,0.05367686527106817,0.013419216317767043,
157,15.747450348899624,10.641438539989265,6.823671497584541,6.588835212023618,13.613794954374665,7.96430488459474,30.951422436929683,6.045356951154052,0.1274825550187869,1.3888888888888888,,0.0939345142243693,0.013419216317767043,
158,15.874932903918411,10.520665593129362,7.0450885668276975,7.011540526033279,13.43263553408481,7.856951154052603,30.790391841116477,5.864197530864198,0.1274825550187869,1.3687600644122384,,0.0939345142243693,0.013419216317767043,
159,15.646806226516372,10.748792270531402,7.0450885668276975,7.011540526033279,13.258185721953838,7.7898550724637685,30.226784755770264,6.66935050993022,0.1274825550187869,1.3687600644122384,,0.0939345142243693,0.013419216317767043,
160,15.713902308105206,10.748792270531402,7.0450885668276975,7.011540526033279,13.238056897477188,7.816693505099302,30.152979066022546,6.66935050993022,0.1274825550187869,1.3687600644122384,,0.0939345142243693,0.013419216317767043,
161,15.807836822329575,10.748792270531402,7.0450885668276975,6.998121309715513,13.191089640365004,7.823403113258186,30.119431025228128,6.66935050993022,0.1274825550187869,1.3620504562533549,,0.0939345142243693,0.013419216317767043,
162,15.874932903918411,10.748792270531402,7.092055823939882,6.998121309715513,13.177670424047236,7.796564680622652,30.038915727321523,6.689479334406871,0.1274825550187869,1.3486312399355878,,0.0939345142243693,0.013419216317767043,
163,15.92860976918948,10.7085346215781,7.246376811594203,6.977992485238862,13.177670424047236,8.05823939881911,29.797369833601717,6.521739130434782,0.1274825550187869,1.3486312399355878,,0.0939345142243693,0.013419216317767043,
164,16.022544283413847,10.701825013419215,7.246376811594203,6.957863660762212,13.170960815888352,8.152173913043478,29.656468062265162,6.508319914117015,0.1274825550187869,1.3486312399355878,,0.0939345142243693,0.013419216317767043,
165,16.21712292002147,10.695115405260333,7.253086419753086,6.910896403650026,13.130703166935051,8.125335480407944,29.56924315619968,6.461352657004831,0.1274825550187869,1.402308105206656,,0.0939345142243693,0.013419216317767043,
166,16.264090177133657,10.61460010735373,7.474503488996243,6.9243156199677935,13.110574342458401,8.239398819108963,29.274020397208805,6.414385399892646,0.1274825550187869,1.42914653784219,,0.11406333870101985,0.013419216317767043,
167,16.27079978529254,10.57434245840043,7.50805152979066,6.89747718733226,13.150831991411701,8.239398819108963,29.260601180891037,6.414385399892646,0.1274825550187869,1.42914653784219,,0.11406333870101985,0.013419216317767043,
168,16.056092324208265,10.534084809447128,7.387278582930757,6.213097155126141,12.76838432635534,7.957595276435856,31.05877616747182,6.400966183574879,0.1274825550187869,1.3687600644122384,,0.11406333870101985,0.013419216317767043,
169,16.0426731078905,10.534084809447128,7.501341921631776,6.280193236714976,12.775093934514224,7.863660762211487,30.931293612453032,6.400966183574879,0.1274825550187869,1.3955984970477724,0.020128824476650563,0.11406333870101985,0.013419216317767043,
170,16.163446054750402,10.527375201288244,7.501341921631776,6.280193236714976,12.754965110037574,7.85024154589372,30.877616747181964,6.374127750939345,0.1274825550187869,1.3955984970477724,0.020128824476650563,0.11406333870101985,0.013419216317767043,
171,16.022544283413847,10.265700483091788,7.461084272678476,6.266774020397209,12.72812667740204,7.836822329575953,31.320450885668276,6.414385399892646,0.1274825550187869,1.3955984970477724,0.020128824476650563,0.11406333870101985,0.013419216317767043,0.013419216317767043
172,16.035963499731615,10.245571658615138,7.575147611379496,6.233225979602791,12.714707461084272,7.9039184111647875,31.17283950617284,6.421095008051529,0.1274825550187869,1.42914653784219,,0.11406333870101985,0.013419216317767043,0.013419216317767043
173,16.069511540526033,10.21202361782072,7.722758990874933,6.233225979602791,12.714707461084272,7.863660762211487,30.877616747181964,6.608964036500268,0.1274825550187869,1.42914653784219,,0.11406333870101985,0.013419216317767043,0.013419216317767043
174,16.23054213633924,9.957058507783145,7.722758990874933,6.179549114331723,12.573805689747719,7.816693505099302,31.179549114331724,6.602254428341385,0.1274825550187869,1.42914653784219,,0.12077294685990338,0.013419216317767043,0.04696725711218465
175,16.284219001610307,9.930220075147611,7.581857219538379,6.521739130434782,12.573805689747719,7.816693505099302,30.931293612453032,6.629092860976919,0.1274825550187869,1.4224369296833066,,0.12077294685990338,0.013419216317767043,0.04696725711218465
176,16.27079978529254,9.88996242619431,7.575147611379496,6.521739130434782,12.546967257112184,7.803274288781535,30.95813204508857,6.642512077294686,0.15432098765432098,1.4559849704777241,,0.12077294685990338,0.013419216317767043,0.04696725711218465
177,16.364734299516908,9.816156736446592,7.648953301127214,6.494900697799249,12.52012882447665,7.722758990874933,30.917874396135264,6.642512077294686,0.15432098765432098,1.4559849704777241,0.08051529790660225,0.12077294685990338,0.013419216317767043,0.04696725711218465
178,16.223832528180353,10.091250670960816,7.6623725174449815,6.474771873322598,12.513419216317766,7.7361782071927,30.750134192163177,6.6760601180891035,0.15432098765432098,1.4559849704777241,0.08051529790660225,0.12077294685990338,0.013419216317767043,0.04696725711218465
179,16.411701556629094,10.030864197530864,7.809983896940419,6.494900697799249,12.506709608158884,7.581857219538379,30.67632850241546,6.649221685453569,0.13419216317767044,1.442565754159957,0.08051529790660225,0.12077294685990338,0.013419216317767043,0.04696725711218465
180,16.505636070853463,10.02415458937198,7.776435856146001,6.561996779388084,12.5,7.561728395061729,30.58239398819109,6.649221685453569,0.13419216317767044,1.442565754159957,0.08051529790660225,0.12077294685990338,0.013419216317767043,0.04696725711218465
181,16.552603327965645,10.00402576489533,7.729468599033816,6.561996779388084,12.4597423510467,7.98443370907139,30.132850241545892,6.642512077294686,0.16774020397208803,1.482823403113258,0.08051529790660225,0.12077294685990338,0.013419216317767043,0.06709608158883522
182,16.666666666666668,10.00402576489533,7.695920558239399,6.501610305958132,12.4597423510467,7.977724100912507,30.119431025228128,6.608964036500268,0.20128824476650564,1.482823403113258,0.08051529790660225,0.12077294685990338,0.013419216317767043,0.06709608158883522
183,16.75389157273215,9.997316156736447,7.648953301127214,6.501610305958132,12.412775093934513,8.011272141706923,30.02549651100376,6.642512077294686,0.20128824476650564,1.482823403113258,0.12077294685990338,0.12077294685990338,0.013419216317767043,0.06709608158883522
184,16.71363392377885,9.990606548577563,7.6623725174449815,6.454643048845948,12.473161567364466,8.038110574342458,29.938271604938272,6.66935050993022,0.20128824476650564,1.5365002683843263,0.12077294685990338,0.12077294685990338,0.013419216317767043,0.06709608158883522
185,16.774020397208805,9.970477724100913,8.319914117015566,6.454643048845948,12.446323134728932,7.877079978529254,29.488727858293075,6.622383252818035,0.20128824476650564,1.5230810520665594,0.12077294685990338,0.12077294685990338,0.013419216317767043,0.06709608158883522
186,16.901502952227588,9.96376811594203,8.474235104669887,6.421095008051529,12.372517444981213,7.843531937734836,29.347826086956523,6.541867954911433,0.20128824476650564,1.6103059581320451,0.12077294685990338,0.12077294685990338,0.013419216317767043,0.06709608158883522
187,16.928341384863124,9.957058507783145,8.420558239398819,6.400966183574879,12.372517444981213,8.581588835212024,29.025764895330113,6.092324208266238,0.20128824476650564,1.6975308641975309,0.12077294685990338,0.12077294685990338,0.013419216317767043,0.06709608158883522
188,16.935050993022006,9.916800858829845,8.789586688137414,6.461352657004831,12.365807836822329,8.507783145464305,28.73725174449812,6.092324208266238,0.20128824476650564,1.6706924315619969,0.12077294685990338,0.12077294685990338,0.013419216317767043,0.06709608158883522
189,16.968599033816425,9.916800858829845,9.037842190016104,6.421095008051529,12.177938808373591,8.507783145464305,28.63660762211487,6.159420289855072,0.20128824476650564,1.6572732152442298,0.12077294685990338,0.12077294685990338,0.013419216317767043,0.06038647342995169
190,16.99543746645196,9.688674181427805,8.977455716586151,6.374127750939345,12.177938808373591,8.487654320987655,29.066022544283413,6.0587761674718195,0.20128824476650564,1.6572732152442298,0.12077294685990338,0.12077294685990338,0.013419216317767043,0.06038647342995169
191,17.03569511540526,9.688674181427805,9.057971014492754,6.347289318303811,12.13768115942029,8.507783145464305,28.985507246376812,6.112453032742888,0.20128824476650564,1.583467525496511,0.12077294685990338,0.14761137949543746,0.013419216317767043,0.06038647342995169
192,16.861245303274288,10.111379495437467,9.03113258185722,6.347289318303811,12.117552334943639,8.641975308641975,28.67686527106817,6.092324208266238,0.20128824476650564,1.583467525496511,0.12077294685990338,0.14090177133655393,0.013419216317767043,0.06038647342995169
193,16.894793344068706,10.111379495437467,9.03113258185722,6.347289318303811,12.124261943102523,8.641975308641975,28.65673644659152,6.072195383789587,0.20128824476650564,1.583467525496511,0.12077294685990338,0.14090177133655393,0.013419216317767043,0.06038647342995169
194,16.961889425657542,10.084541062801932,9.057971014492754,6.347289318303811,12.110842726784755,8.628556092324208,28.61647879763822,6.072195383789587,0.20128824476650564,1.583467525496511,0.12077294685990338,0.14090177133655393,0.013419216317767043,0.06038647342995169
195,17.04911433172303,10.037573805689748,9.03113258185722,6.333870101986044,12.204777241009126,8.628556092324208,28.5426731078905,6.052066559312936,0.20128824476650564,1.583467525496511,0.12077294685990338,0.14090177133655393,0.013419216317767043,0.06038647342995169
196,16.780730005367687,9.903381642512077,9.03113258185722,6.320450885668277,11.822329575952764,8.789586688137414,29.13311862587225,6.099033816425121,0.20128824476650564,1.583467525496511,0.12077294685990338,0.14090177133655393,0.013419216317767043,0.06038647342995169
