,45,50,51,55,54,52,53,56,59,58,60,57
0,99.22839506172839,0.7716049382716049,,,,,,,,,,
1,98.87949543746645,1.1205045625335481,,,,,,,,,,
2,98.71175523349436,1.2546967257112185,0.03354804079441761,,,,,,,,,
3,98.47020933977456,1.4962426194310252,0.03354804079441761,,,,,,,,,
4,98.36285560923243,1.6035963499731616,0.03354804079441761,,,,,,,,,
5,94.20289855072464,5.709876543209877,0.05367686527106817,0.03354804079441761,,,,,,,,
6,94.08212560386474,5.83064949006978,0.05367686527106817,0.03354804079441761,,,,,,,,
7,93.96135265700484,5.931293612453032,0.05367686527106817,0.05367686527106817,,,,,,,,
8,93.66612989801395,6.226516371443908,0.05367686527106817,0.05367686527106817,,,,,,,,
9,91.76060118089103,8.132045088566828,0.05367686527106817,0.05367686527106817,,,,,,,,
10,91.59286097691894,8.299785292538916,0.05367686527106817,0.05367686527106817,,,,,,,,
11,88.6003757380569,11.245303274288782,0.05367686527106817,0.06709608158883522,0.03354804079441761,,,,,,,
12,88.46618357487922,11.272141706924316,0.1274825550187869,0.06709608158883522,0.03354804079441761,0.03354804079441761,,,,,,
13,76.93907675791733,22.75228126677402,0.1274825550187869,0.11406333870101985,0.03354804079441761,0.03354804079441761,,,,,,
14,76.75791733762749,22.906602254428343,0.1274825550187869,0.14090177133655393,0.03354804079441761,0.03354804079441761,,,,,,
15,72.08803005904456,27.576489533011273,0.1274825550187869,0.14090177133655393,0.03354804079441761,0.03354804079441761,,,,,,
16,69.69269994632313,29.757112184648417,0.14090177133655393,0.20128824476650564,0.03354804079441761,0.03354804079441761,0.14090177133655393,,,,,
17,69.63231347289319,29.8040794417606,0.14090177133655393,0.2147074610842727,0.03354804079441761,0.03354804079441761,0.14090177133655393,,,,,
18,67.00885668276973,32.10547504025765,0.14090177133655393,0.5099302200751477,0.06038647342995169,0.03354804079441761,0.14090177133655393,,,,,
19,66.59957058507783,32.46779388083736,0.1610305958132045,0.5367686527106817,0.06038647342995169,0.03354804079441761,0.14090177133655393,,,,,
20,65.99570585077832,32.991143317230275,0.08722490606548577,0.6910896403650026,0.06038647342995169,0.03354804079441761,0.14090177133655393,,,,,
21,65.78099838969405,33.07836822329576,0.1274825550187869,0.7581857219538379,0.06038647342995169,0.05367686527106817,0.14090177133655393,,,,,
22,65.3113258185722,31.132581857219538,2.2074610842726785,0.7581857219538379,0.06038647342995169,0.35560923242082665,0.14090177133655393,0.03354804079441761,,,,
23,65.20397208803006,31.146001073537306,2.2410091250670963,0.7917337627482555,0.08722490606548577,0.35560923242082665,0.14090177133655393,0.03354804079441761,,,,
24,65.08990874932904,30.589103596349972,2.2410091250670963,0.8051529790660226,0.08722490606548577,0.35560923242082665,0.798443370907139,0.03354804079441761,,,,
25,65.07648953301127,30.555555555555557,2.2410091250670963,0.8252818035426731,0.11406333870101985,0.35560923242082665,0.798443370907139,0.03354804079441761,,,,
26,64.69404186795491,30.931293612453032,2.24771873322598,0.8252818035426731,0.11406333870101985,0.35560923242082665,0.798443370907139,0.03354804079441761,,,,
27,64.55984970477724,30.95813204508857,2.24771873322598,0.9326355340848095,0.11406333870101985,0.35560923242082665,0.798443370907139,0.03354804079441761,,,,
28,64.41894793344069,30.92458400429415,2.2745571658615136,0.9326355340848095,0.15432098765432098,0.35560923242082665,0.9057971014492754,0.03354804079441761,,,,
29,64.22436929683306,30.88432635534085,2.2745571658615136,1.06682769726248,0.15432098765432098,0.46967257112184646,0.8923778851315083,0.03354804079441761,,,,
30,63.73456790123457,31.21309715512614,2.2745571658615136,1.2278582930756843,0.15432098765432098,0.46967257112184646,0.8923778851315083,0.03354804079441761,,,,
31,63.58024691358025,31.260064412238325,2.281266774020397,1.3016639828234031,0.15432098765432098,0.46967257112184646,0.8923778851315083,0.06038647342995169,,,,
32,61.13794954374664,34.19887278582931,1.7444981213097155,1.3553408480944713,0.15432098765432098,0.46967257112184646,0.8789586688137413,0.06038647342995169,,,,
33,61.090982286634464,34.13848631239936,1.7444981213097155,1.4358561460010735,0.15432098765432098,0.49651100375738055,0.8789586688137413,0.06038647342995169,,,,
34,60.98362855609233,34.13848631239936,1.778046162104133,1.4626945786366077,0.15432098765432098,0.49651100375738055,0.9125067096081588,0.06038647342995169,0.013419216317767043,,,
35,61.010466988727856,34.064680622651636,1.778046162104133,1.482823403113258,0.18115942028985507,0.49651100375738055,0.9125067096081588,0.06038647342995169,0.013419216317767043,,,
36,58.923778851315085,34.99060654857756,1.8451422436929683,2.5429414922168547,0.18115942028985507,0.5300590445517982,0.9125067096081588,0.06038647342995169,0.013419216317767043,,,
37,57.56843800322061,34.62157809983897,3.44873859366613,2.636876006441224,0.18115942028985507,0.5300590445517982,0.9125067096081588,0.08722490606548577,0.013419216317767043,,,
38,53.5426731078905,29.522275899087493,12.842190016103059,2.475845410628019,0.14090177133655393,0.5636070853462157,0.8856682769726248,0.013419216317767043,0.013419216317767043,,,
39,40.41196994095545,44.16935050993022,11.889425657541599,2.4020397208803006,0.14090177133655393,0.10064412238325282,0.8185721953837896,0.05367686527106817,0.013419216317767043,,,
40,40.445517981749866,44.06870638754697,11.889425657541599,2.442297369833602,0.16774020397208803,0.10064412238325282,0.8185721953837896,0.05367686527106817,0.013419216317767043,,,
41,39.88191089640365,44.60547504025765,11.849168008588299,2.5161030595813205,0.1610305958132045,0.10064412238325282,0.8185721953837896,0.05367686527106817,0.013419216317767043,,,
42,39.83494363929147,44.578636607622116,11.822329575952764,2.5496511003757383,0.1610305958132045,0.10064412238325282,0.8319914117015567,0.08051529790660225,0.013419216317767043,0.026838432635534086,,
43,37.94283413848631,46.303005904455176,11.822329575952764,2.623456790123457,0.14090177133655393,0.2147074610842727,0.8319914117015567,0.08051529790660225,0.013419216317767043,0.026838432635534086,,
44,37.936124530327426,46.121846484165324,11.735104669887278,2.85829307568438,0.14090177133655393,0.2147074610842727,0.8454106280193237,0.08051529790660225,0.040257648953301126,0.026838432635534086,,
45,37.8690284487386,46.02791196994095,11.761943102522812,2.9924852388620504,0.14090177133655393,0.2147074610842727,0.8454106280193237,0.08051529790660225,0.040257648953301126,0.026838432635534086,,
46,36.030595813204506,46.28958668813741,13.298443370907139,3.0327428878153517,0.14090177133655393,0.2147074610842727,0.8454106280193237,0.08051529790660225,0.040257648953301126,0.026838432635534086,,
47,35.990338164251206,46.23590982286635,13.22463768115942,3.079710144927536,0.14090177133655393,0.2147074610842727,0.8722490606548577,0.17444981213097155,0.040257648953301126,0.026838432635534086,,
48,35.7487922705314,46.13526570048309,12.76838432635534,2.9119699409554483,1.107085346215781,0.2147074610842727,0.8722490606548577,0.17444981213097155,0.040257648953301126,0.026838432635534086,,
49,35.69511540526033,46.061460010735374,12.761674718196458,2.871712292002147,1.288244766505636,0.2147074610842727,0.8588298443370908,0.18115942028985507,0.040257648953301126,0.026838432635534086,,
50,35.601180891035966,45.97423510466989,12.74825550187869,2.898550724637681,1.3620504562533549,0.30864197530864196,0.8588298443370908,0.18115942028985507,0.040257648953301126,0.026838432635534086,,
51,35.567632850241544,45.8064949006978,12.734836285560924,2.918679549114332,1.556629092860977,0.30864197530864196,0.8588298443370908,0.18115942028985507,0.040257648953301126,0.026838432635534086,,
52,35.587761674718195,45.70585077831455,12.721417069243156,3.012614063338701,1.556629092860977,0.30864197530864196,0.8588298443370908,0.18115942028985507,0.040257648953301126,0.026838432635534086,,
53,35.628019323671495,45.65888352120236,12.681159420289855,2.9924852388620504,1.556629092860977,0.33548040794417605,0.8923778851315083,0.18115942028985507,0.040257648953301126,0.026838432635534086,0.0067096081588835215,
54,35.037573805689746,46.202361782071925,12.647611379495437,3.0864197530864197,1.5432098765432098,0.33548040794417605,0.8923778851315083,0.18115942028985507,0.040257648953301126,0.026838432635534086,0.0067096081588835215,
55,34.97047772410091,46.162104133118625,12.640901771336553,3.140096618357488,1.556629092860977,0.36231884057971014,0.8923778851315083,0.18115942028985507,0.040257648953301126,0.026838432635534086,0.0067096081588835215,0.020128824476650563
56,34.997316156736446,46.041331186258724,12.607353730542137,3.2340311325818574,1.5767579173376274,0.36231884057971014,0.8923778851315083,0.19457863660762212,0.040257648953301126,0.026838432635534086,0.0067096081588835215,0.020128824476650563
57,34.74235104669887,44.98121309715513,12.560386473429952,3.280998389694042,1.4626945786366077,1.7646269457863661,0.8923778851315083,0.2214170692431562,0.040257648953301126,0.026838432635534086,0.0067096081588835215,0.020128824476650563
58,34.56119162640902,44.518250134192165,12.593934514224369,3.8043478260869565,1.4895330112721417,1.8250134192163177,0.8923778851315083,0.2214170692431562,0.040257648953301126,0.026838432635534086,0.0067096081588835215,0.020128824476650563
59,34.554482018250134,44.437734836285564,12.627482555018787,3.8378958668813743,1.442565754159957,1.8719806763285025,0.8923778851315083,0.24825550187869028,0.040257648953301126,0.026838432635534086,,0.020128824476650563
60,34.534353193773484,44.46457326892109,12.593934514224369,3.851315083199141,1.4559849704777241,1.8585614600107354,0.8923778851315083,0.2616747181964573,0.040257648953301126,0.026838432635534086,,0.020128824476650563
61,34.554482018250134,44.43102522812668,12.573805689747719,3.8848631239935587,1.4559849704777241,1.8585614600107354,0.8923778851315083,0.2616747181964573,0.040257648953301126,0.026838432635534086,,0.020128824476650563
62,34.48067632850242,44.498121309715515,12.593934514224369,3.851315083199141,1.4559849704777241,1.8585614600107354,0.9326355340848095,0.2616747181964573,0.040257648953301126,0.026838432635534086,,
63,34.50751476113795,44.24315619967794,12.587224906065487,3.9720880300590444,1.5767579173376274,1.8518518518518519,0.9326355340848095,0.2616747181964573,0.040257648953301126,0.026838432635534086,,
64,34.49409554482018,44.24315619967794,12.580515297906603,3.992216854535695,1.5767579173376274,1.8518518518518519,0.9326355340848095,0.2616747181964573,0.040257648953301126,0.026838432635534086,,
65,33.9573268921095,43.80032206119163,13.546698872785829,3.965378421900161,1.5767579173376274,1.8384326355340848,0.9326355340848095,0.27509393451422437,0.040257648953301126,0.026838432635534086,,0.040257648953301126
66,31.0654857756307,43.47826086956522,16.264090177133657,3.7372517444981215,1.5633387010198605,1.7176596886741815,1.7914653784219001,0.30193236714975846,0.040257648953301126,0.026838432635534086,,0.013419216317767043
67,30.97826086956522,43.33735909822866,16.19699409554482,3.9855072463768115,1.5633387010198605,1.7176596886741815,1.7914653784219001,0.3488996242619431,0.040257648953301126,0.026838432635534086,,0.013419216317767043
68,31.0252281266774,43.16961889425657,16.17686527106817,4.0995705850778315,1.5901771336553945,1.7176596886741815,1.7914653784219001,0.3488996242619431,0.040257648953301126,0.026838432635534086,,0.013419216317767043
69,31.00509930220075,43.10923242082662,16.17686527106817,4.0995705850778315,1.6170155662909287,1.737788513150832,1.8250134192163177,0.3488996242619431,0.040257648953301126,0.026838432635534086,,0.013419216317767043
70,31.011808910359633,43.07568438003221,16.170155662909288,4.1129898013955986,1.6237251744498122,1.751207729468599,1.8250134192163177,0.3488996242619431,0.040257648953301126,0.026838432635534086,,0.013419216317767043
71,31.01851851851852,43.00858829844337,16.09634997316157,4.17337627482555,1.6035963499731616,1.724369296833065,1.8853998926462694,0.3824476650563607,0.040257648953301126,0.026838432635534086,,0.040257648953301126
72,30.99838969404187,42.8743961352657,15.854804079441761,4.53569511540526,1.6035963499731616,1.724369296833065,1.8988191089640365,0.3824476650563607,0.06038647342995169,0.026838432635534086,,0.040257648953301126
73,31.031937734836287,42.7133655394525,15.854804079441761,4.669887278582931,1.6304347826086956,1.724369296833065,1.8988191089640365,0.3488996242619431,0.06038647342995169,0.026838432635534086,,0.040257648953301126
74,30.99838969404187,42.70665593129361,15.814546430488459,4.676596886741814,1.6572732152442298,1.724369296833065,1.8988191089640365,0.39586688137412773,0.06038647342995169,0.026838432635534086,,0.040257648953301126
75,30.52871712292002,42.3443370907139,16.639828234031132,4.790660225442834,1.6572732152442298,1.724369296833065,1.7579173376274826,0.39586688137412773,0.06038647342995169,0.06038647342995169,,0.040257648953301126
76,30.52871712292002,42.31749865807837,16.59286097691895,4.804079441760601,1.6572732152442298,1.724369296833065,1.7847557702630166,0.4294149221685454,0.06038647342995169,0.06038647342995169,,0.040257648953301126
77,30.60252281266774,42.25711218464841,16.59957058507783,4.804079441760601,1.6572732152442298,1.7042404723564144,1.7847557702630166,0.4294149221685454,0.06038647342995169,0.06038647342995169,,0.040257648953301126
78,30.555555555555557,42.28395061728395,16.59957058507783,4.817498658078368,1.6572732152442298,1.7042404723564144,1.7847557702630166,0.43612453032742887,0.06038647342995169,0.06038647342995169,,0.040257648953301126
79,29.723564143854,43.08910359634997,16.59957058507783,4.8443370907139025,1.6908212560386473,1.6706924315619969,1.7847557702630166,0.43612453032742887,0.06038647342995169,0.06038647342995169,,0.040257648953301126
80,29.522275899087493,43.12936124530327,16.639828234031132,4.918142780461621,1.6908212560386473,1.6706924315619969,1.778046162104133,0.48980139559849706,0.06038647342995169,0.06038647342995169,,0.040257648953301126
81,29.508856682769725,43.042136339237786,16.59286097691895,4.978529253891573,1.7646269457863661,1.6706924315619969,1.7914653784219001,0.48980139559849706,0.06038647342995169,0.06038647342995169,,0.040257648953301126
82,29.435050993022006,42.93478260869565,16.646537842190018,5.025496511003757,1.778046162104133,1.6706924315619969,1.7981749865807837,0.5501878690284487,0.06038647342995169,0.06038647342995169,,0.040257648953301126
83,29.300858829844337,43.00858829844337,16.606280193236714,5.0858829844337095,1.778046162104133,1.6572732152442298,1.7981749865807837,0.6038647342995169,0.06038647342995169,0.06038647342995169,,0.040257648953301126
84,29.334406870638755,42.92807300053677,16.59286097691895,5.132850241545894,1.778046162104133,1.6774020397208802,1.7981749865807837,0.5971551261406334,0.06038647342995169,0.06038647342995169,,0.040257648953301126
85,29.341116478797638,42.941492216854535,16.59286097691895,5.112721417069243,1.778046162104133,1.6774020397208802,1.7981749865807837,0.5971551261406334,0.06038647342995169,0.06038647342995169,,0.040257648953301126
86,29.052603327965645,42.99516908212561,16.720343531937736,5.186527106816962,1.778046162104133,1.710950080515298,1.7981749865807837,0.5971551261406334,0.06038647342995169,0.06038647342995169,,0.040257648953301126
87,29.045893719806763,42.96833064949007,16.680085882984432,5.199946323134729,1.7847557702630166,1.710950080515298,1.778046162104133,0.6508319914117016,0.06038647342995169,0.06038647342995169,,0.06038647342995169
88,29.086151368760063,42.82071926999463,16.646537842190018,5.293880837359098,1.7847557702630166,1.7579173376274826,1.778046162104133,0.6508319914117016,0.06038647342995169,0.06038647342995169,,0.06038647342995169
89,29.086151368760063,42.77375201288245,16.639828234031132,5.320719269994632,1.7847557702630166,1.7847557702630166,1.778046162104133,0.6508319914117016,0.06038647342995169,0.06038647342995169,,0.06038647342995169
90,29.052603327965645,42.74020397208803,16.6532474503489,5.374396135265701,1.7847557702630166,1.7847557702630166,1.778046162104133,0.6508319914117016,0.06038647342995169,0.06038647342995169,,0.06038647342995169
91,29.07944176060118,42.619431025228124,16.606280193236714,5.300590445517981,1.932367149758454,1.7981749865807837,1.778046162104133,0.7045088566827697,0.06038647342995169,0.06038647342995169,,0.06038647342995169
92,29.09286097691895,42.55904455179817,16.606280193236714,5.347557702630167,1.932367149758454,1.7981749865807837,1.778046162104133,0.7045088566827697,0.06038647342995169,0.06038647342995169,,0.06038647342995169
93,29.126409017713364,42.45840042941492,16.59286097691895,5.407944176060118,1.932367149758454,1.8183038110574343,1.778046162104133,0.7045088566827697,0.06038647342995169,0.06038647342995169,,0.06038647342995169
94,28.609769189479334,40.653515834675254,18.86070853462158,5.46833064949007,1.9122383252818036,1.8115942028985508,1.751207729468599,0.7246376811594203,0.06038647342995169,0.08722490606548577,,0.06038647342995169
95,26.556629092860977,43.09581320450886,18.59903381642512,5.481749865807837,1.9524959742351047,1.6639828234031133,1.7579173376274826,0.7246376811594203,0.06038647342995169,0.08722490606548577,,0.020128824476650563
96,26.496242619431026,43.001878690284485,18.632581857219538,5.589103596349974,1.9793344068706387,1.6639828234031133,1.7579173376274826,0.7112184648416533,0.06038647342995169,0.08722490606548577,,0.020128824476650563
97,26.442565754159958,42.981749865807835,18.632581857219538,5.60252281266774,2.0128824476650564,1.6572732152442298,1.778046162104133,0.7246376811594203,0.06038647342995169,0.08722490606548577,,0.020128824476650563
98,26.476113794954376,42.881105743424584,18.612453032742888,5.60252281266774,2.073268921095008,1.6639828234031133,1.778046162104133,0.7447665056360708,0.06038647342995169,0.08722490606548577,,0.020128824476650563
99,26.46940418679549,42.72678475577026,18.17632850241546,5.629361245303274,2.4557165861513686,1.8048845947396672,1.865271068169619,0.7045088566827697,0.06038647342995169,0.08722490606548577,,0.020128824476650563
100,26.50295222758991,42.56575415995706,18.17632850241546,5.676328502415459,2.4691358024691357,1.8384326355340848,1.8853998926462694,0.7246376811594203,0.06038647342995169,0.08722490606548577,,0.013419216317767043
101,26.50295222758991,42.42485238862051,17.74020397208803,5.676328502415459,2.5697799248523885,2.2879763821792807,1.8853998926462694,0.7380568974771873,0.07380568974771873,0.08722490606548577,,0.013419216317767043
102,26.590177133655395,42.31749865807837,17.68652710681696,5.730005367686527,2.522812667740204,2.2879763821792807,1.8786902844873858,0.7514761137949544,0.07380568974771873,0.14761137949543746,,0.013419216317767043
103,26.56333870101986,42.223564143854,17.652979066022546,5.763553408480945,2.5563607085346214,2.301395598497048,1.90552871712292,0.785024154589372,0.07380568974771873,0.14761137949543746,,0.026838432635534086
104,25.670960815888353,41.096349973161566,19.80005367686527,5.615942028985507,2.5563607085346214,2.301395598497048,1.9390767579173376,0.798443370907139,0.07380568974771873,0.12077294685990338,,0.026838432635534086
105,24.04723564143854,42.60601180891036,19.786634460547504,5.676328502415459,2.5831991411701556,2.301395598497048,1.9659151905528718,0.8118625872249061,0.07380568974771873,0.12077294685990338,,0.026838432635534086
106,24.08749329039184,42.572463768115945,19.726247987117553,5.703166935050993,2.6033279656468062,2.3081052066559313,1.9927536231884058,0.785024154589372,0.07380568974771873,0.12077294685990338,,0.026838432635534086
107,24.14117015566291,42.50536768652711,19.699409554482017,5.703166935050993,2.6167471819645733,2.3081052066559313,1.9927536231884058,0.785024154589372,0.07380568974771873,0.12077294685990338,,0.05367686527106817
108,24.16129898013956,42.371175523349436,19.64573268921095,5.844068706387547,2.61003757380569,2.3081052066559313,2.0128824476650564,0.798443370907139,0.07380568974771873,0.12077294685990338,,0.05367686527106817
109,24.08078368223296,42.223564143854,19.57192699946323,5.8239398819108965,2.5831991411701556,2.475845410628019,2.15378421900161,0.8118625872249061,0.07380568974771873,0.14761137949543746,,0.05367686527106817
110,23.89291465378422,42.41814278046162,19.390767579173378,5.870907139023081,2.6972624798711755,2.49597423510467,2.15378421900161,0.8051529790660226,0.07380568974771873,0.14761137949543746,,0.05367686527106817
111,23.792270531400966,41.80085882984434,17.94820182501342,5.783682232957595,2.5496511003757383,4.924852388620504,2.1739130434782608,0.7313472893183038,0.10064412238325282,0.14090177133655393,,0.05367686527106817
112,20.095276435856146,46.06816961889426,17.673107890499196,5.689747718733226,2.4892646269457863,4.911433172302737,2.147074610842727,0.6709608158883521,0.08722490606548577,0.11406333870101985,,0.05367686527106817
113,20.209339774557165,46.00107353730542,17.579173376274827,5.730005367686527,2.4892646269457863,4.904723564143854,2.147074610842727,0.6843800322061192,0.08722490606548577,0.11406333870101985,,0.05367686527106817
114,20.162372517444982,45.91384863123994,17.52549651100376,5.877616747181965,2.4892646269457863,4.911433172302737,2.1403650026838434,0.7045088566827697,0.08722490606548577,0.11406333870101985,,0.07380568974771873
115,19.97450348899624,45.49785292538916,17.94820182501342,5.917874396135265,2.563070316693505,4.830917874396135,2.1806226516371443,0.798443370907139,0.08722490606548577,0.11406333870101985,0.013419216317767043,0.07380568974771873
116,19.82018250134192,45.29656468062265,17.59259259259259,6.561996779388084,2.5496511003757383,4.830917874396135,2.3215244229736984,0.7380568974771873,0.08722490606548577,0.11406333870101985,0.013419216317767043,0.07380568974771873
117,19.860440150295222,45.1959205582394,17.54562533548041,6.608964036500268,2.589908749329039,4.85775630703167,2.3349436392914655,0.7179280730005367,0.08722490606548577,0.11406333870101985,0.013419216317767043,0.07380568974771873
118,19.83360171765969,45.04159957058508,17.418142780461622,6.588835212023618,2.6301663982823404,4.891304347826087,2.5295222758990876,0.7783145464304885,0.08722490606548577,0.11406333870101985,0.013419216317767043,0.07380568974771873
119,19.91411701556629,44.98121309715513,17.391304347826086,6.535158346752549,2.677133655394525,4.864465915190553,2.5295222758990876,0.8051529790660226,0.08722490606548577,0.11406333870101985,0.013419216317767043,0.08722490606548577
120,19.94766505636071,44.860440150295226,17.398013955984972,6.575415995705851,2.703972088030059,4.8376274825550185,2.5697799248523885,0.8051529790660226,0.08722490606548577,0.11406333870101985,0.013419216317767043,0.08722490606548577
121,19.97450348899624,44.79334406870639,17.364465915190554,6.595544820182502,2.757648953301127,4.8376274825550185,2.5697799248523885,0.8051529790660226,0.08722490606548577,0.11406333870101985,0.013419216317767043,0.08722490606548577
122,19.87385936661299,44.015029522275896,17.96833064949007,6.5552871712292005,2.7442297369833604,4.468599033816425,3.2474503488996245,0.8387010198604401,0.08722490606548577,0.08722490606548577,0.013419216317767043,0.10064412238325282
123,19.92753623188406,43.907675791733766,17.975040257648953,6.595544820182502,2.8247450348899625,4.461889425657541,3.180354267310789,0.8252818035426731,0.08722490606548577,0.08722490606548577,0.013419216317767043,0.11406333870101985
124,19.83360171765969,43.86741814278046,17.901234567901234,6.756575415995706,2.8247450348899625,4.488727858293076,3.180354267310789,0.8454106280193237,0.08722490606548577,0.08722490606548577,0.013419216317767043,0.11406333870101985
125,19.786634460547504,43.833870101986044,17.92807300053677,6.716317767042405,2.932098765432099,4.488727858293076,3.180354267310789,0.8454106280193237,0.08722490606548577,0.08722490606548577,0.013419216317767043,0.10064412238325282
126,19.786634460547504,43.69296833064949,17.840848094471284,6.843800322061192,2.918679549114332,4.51556629092861,3.227321524422974,0.8856682769726248,0.08722490606548577,0.08722490606548577,0.013419216317767043,0.10064412238325282
127,19.826892109500804,43.59903381642512,17.807300053676865,6.857219538378959,3.0059044551798175,4.502147074610843,3.227321524422974,0.8856682769726248,0.08722490606548577,0.08722490606548577,0.013419216317767043,0.10064412238325282
128,19.82018250134192,43.53193773483628,17.767042404723565,6.884057971014493,3.0059044551798175,4.49543746645196,3.280998389694042,0.8856682769726248,0.1274825550187869,0.08722490606548577,0.013419216317767043,0.10064412238325282
129,19.64573268921095,42.41814278046162,17.04911433172303,6.957863660762212,3.012614063338701,6.515029522275899,3.099838969404187,0.966183574879227,0.1274825550187869,0.08722490606548577,0.013419216317767043,0.10735373054213634
130,19.6256038647343,42.210144927536234,17.07595276435856,7.112184648416532,3.0394524959742353,6.481481481481482,3.113258185721954,0.966183574879227,0.1274825550187869,0.08722490606548577,0.013419216317767043,0.14761137949543746
131,19.639023081052066,42.17659688674181,17.07595276435856,7.112184648416532,3.0394524959742353,6.461352657004831,3.113258185721954,1.0064412238325282,0.1274825550187869,0.08722490606548577,0.013419216317767043,0.14761137949543746
132,19.685990338164252,42.03569511540526,17.042404723564143,7.212828770799785,3.052871712292002,6.468062265163715,2.9790660225442833,1.0265700483091786,0.1274825550187869,0.1878690284487386,0.013419216317767043,0.16774020397208803
133,19.766505636070853,41.82769726247987,17.008856682769725,7.326892109500805,3.079710144927536,6.468062265163715,2.9790660225442833,1.0466988727858293,0.1274825550187869,0.1878690284487386,0.013419216317767043,0.16774020397208803
134,19.665861513687602,41.80756843800322,17.002147074610843,7.380568974771873,3.1535158346752548,6.468062265163715,2.9790660225442833,1.0466988727858293,0.1274825550187869,0.1878690284487386,0.013419216317767043,0.16774020397208803
135,19.632313472893184,41.727053140096615,16.988727858293075,7.454374664519592,3.1535158346752548,6.4345142243692965,2.9790660225442833,1.107085346215781,0.1274825550187869,0.1878690284487386,0.013419216317767043,0.19457863660762212
136,19.618894256575416,41.6129898013956,17.042404723564143,7.467793880837359,3.2206119162640903,6.4345142243692965,2.999194847020934,1.0802469135802468,0.1274825550187869,0.1878690284487386,0.013419216317767043,0.19457863660762212
137,19.652442297369834,41.49892646269458,16.61969940955448,7.48792270531401,3.240740740740741,6.9310252281266775,2.999194847020934,1.0466988727858293,0.1274825550187869,0.1878690284487386,0.013419216317767043,0.19457863660762212
138,19.692699946323135,41.43183038110574,16.532474503488995,7.581857219538379,3.2206119162640903,6.877348362855609,3.066290928609769,1.0399892646269457,0.1274825550187869,0.1878690284487386,0.013419216317767043,0.2281266774020397
139,19.753086419753085,41.30434782608695,16.51905528717123,7.675791733762749,3.193773483628556,6.877348362855609,3.066290928609769,1.0399892646269457,0.14090177133655393,0.1878690284487386,0.013419216317767043,0.2281266774020397
140,19.766505636070853,40.88835212023618,16.566022544283413,7.6556629092860975,3.193773483628556,7.226247987117552,3.0931293612453032,1.0399892646269457,0.14090177133655393,0.1878690284487386,0.013419216317767043,0.2281266774020397
141,19.73966720343532,40.61325818572195,16.5727321524423,7.742887815351583,3.3950617283950617,7.212828770799785,3.0931293612453032,1.0399892646269457,0.14090177133655393,0.1878690284487386,0.03354804079441761,0.2281266774020397
142,19.672571121846484,40.27106816961889,17.122920021470748,7.742887815351583,3.3548040794417604,7.118894256575416,3.066290928609769,1.0601180891035964,0.14090177133655393,0.1878690284487386,0.03354804079441761,0.2281266774020397
143,19.43773483628556,39.46591519055287,18.243424584004295,7.6556629092860975,3.3548040794417604,7.065217391304348,3.066290928609769,1.0869565217391304,0.14090177133655393,0.1878690284487386,0.03354804079441761,0.2616747181964573
144,19.39747718733226,39.38539989264627,18.290391841116477,7.595276435856146,3.4286097691894795,7.065217391304348,3.140096618357488,1.0735373054213635,0.14090177133655393,0.1878690284487386,0.03354804079441761,0.2616747181964573
145,19.47799248523886,39.231078904991946,18.270263016639827,7.669082125603865,3.4621578099838968,7.071926999463232,3.1199677938808374,1.0735373054213635,0.14090177133655393,0.1878690284487386,0.03354804079441761,0.2616747181964573
146,17.257112184648417,45.6857219538379,16.14331723027375,7.306763285024155,3.3682232957595275,5.763553408480945,2.885131508319914,0.9863123993558777,0.14090177133655393,0.1878690284487386,0.03354804079441761,0.24154589371980675
147,17.23027375201288,45.69243156199678,16.10305958132045,7.347020933977456,3.361513687600644,5.763553408480945,2.885131508319914,1.0131508319914118,0.14090177133655393,0.1878690284487386,0.03354804079441761,0.24154589371980675
148,17.250402576489535,45.4777241009125,16.0829307568438,7.4141170155662905,3.5091250670960816,5.743424584004294,2.885131508319914,1.0131508319914118,0.14090177133655393,0.1878690284487386,0.03354804079441761,0.2616747181964573
149,17.3040794417606,45.36366076221149,16.056092324208265,7.521470746108427,3.5091250670960816,5.723295759527644,2.885131508319914,1.0131508319914118,0.14090177133655393,0.1878690284487386,0.03354804079441761,0.2616747181964573
150,17.28395061728395,45.33682232957595,16.002415458937197,7.521470746108427,3.549382716049383,5.723295759527644,2.9589371980676327,1.0265700483091786,0.11406333870101985,0.1878690284487386,0.03354804079441761,0.2616747181964573
151,17.270531400966185,45.30327428878154,16.009125067096083,7.514761137949543,3.5292538915727323,5.756843800322061,2.9589371980676327,1.0265700483091786,0.14761137949543746,0.1878690284487386,0.03354804079441761,0.2616747181964573
152,17.21014492753623,45.25630703166935,16.015834675254965,7.548309178743962,3.5426731078904994,5.797101449275362,2.952227589908749,1.0466988727858293,0.14761137949543746,0.1878690284487386,0.03354804079441761,0.2616747181964573
153,17.163177670424048,45.06843800322061,16.06280193236715,7.682501341921632,3.616478797638218,5.770263016639828,2.952227589908749,1.0534084809447128,0.14761137949543746,0.1878690284487386,0.03354804079441761,0.2616747181964573
154,17.08937198067633,44.907407407407405,16.10305958132045,7.823403113258186,3.643317230273752,5.790391841116479,2.952227589908749,1.0534084809447128,0.15432098765432098,0.1878690284487386,0.03354804079441761,0.2616747181964573
155,17.143048845947398,44.77321524422974,16.089640365002683,7.917337627482555,3.643317230273752,5.790391841116479,2.965646806226516,1.0399892646269457,0.15432098765432098,0.1878690284487386,0.03354804079441761,0.2616747181964573
156,17.16988727858293,44.67928073000537,16.10305958132045,7.971014492753623,3.6366076221148687,5.790391841116479,2.9723564143853998,1.0399892646269457,0.15432098765432098,0.1878690284487386,0.03354804079441761,0.2616747181964573
157,17.14975845410628,44.524959742351044,16.069511540526033,8.11862587224906,3.6366076221148687,5.8239398819108965,2.985775630703167,1.0534084809447128,0.15432098765432098,0.1878690284487386,0.03354804079441761,0.2616747181964573
158,16.988727858293075,44.16935050993022,16.049382716049383,8.185721953837897,3.6634460547504024,6.226516371443908,3.0193236714975846,1.0466988727858293,0.15432098765432098,0.1878690284487386,0.03354804079441761,0.27509393451422437
159,17.002147074610843,44.0955448201825,16.015834675254965,8.252818035426731,3.6902844873859366,6.226516371443908,3.0730005367686526,0.9930220075147611,0.15432098765432098,0.1878690284487386,0.03354804079441761,0.27509393451422437
160,17.09608158883521,44.00831991411702,15.995705850778315,8.246108427267847,3.7037037037037037,6.233225979602791,3.0730005367686526,0.9930220075147611,0.15432098765432098,0.1878690284487386,0.03354804079441761,0.27509393451422437
161,17.102791196994094,43.947933440687066,15.975577026301664,8.272946859903382,3.7104133118625873,6.233225979602791,3.113258185721954,0.9930220075147611,0.15432098765432098,0.1878690284487386,0.03354804079441761,0.27509393451422437
162,17.11621041331186,43.887546967257116,15.861513687600644,8.252818035426731,3.7238325281803544,6.233225979602791,3.166935050993022,1.093666129898014,0.16774020397208803,0.1878690284487386,0.03354804079441761,0.27509393451422437
163,17.163177670424048,43.505099302200755,15.861513687600644,8.608427267847558,3.7238325281803544,6.213097155126141,3.166935050993022,1.093666129898014,0.16774020397208803,0.1878690284487386,0.03354804079441761,0.27509393451422437
164,17.122920021470748,43.4447128287708,15.76086956521739,8.641975308641975,3.7640901771336552,6.353998926462695,3.1535158346752548,1.093666129898014,0.16774020397208803,0.1878690284487386,0.03354804079441761,0.27509393451422437
165,17.136339237788512,43.43129361245303,15.74074074074074,8.662104133118627,3.750670960815888,6.340579710144928,3.180354267310789,1.093666129898014,0.16774020397208803,0.1878690284487386,0.03354804079441761,0.27509393451422437
166,17.062533548040793,43.263553408480945,15.747450348899624,8.57487922705314,4.320987654320987,6.333870101986044,2.898550724637681,1.1137949543746646,0.15432098765432098,0.1878690284487386,0.03354804079441761,0.30864197530864196
167,17.09608158883521,43.20987654320987,15.727321524422974,8.568169618894256,4.341116478797638,6.333870101986044,2.9253891572732154,1.1137949543746646,0.15432098765432098,0.1878690284487386,0.03354804079441761,0.30864197530864196
168,17.143048845947398,43.06897477187332,15.68035426731079,8.568169618894256,4.428341384863124,6.360708534621578,2.932098765432099,1.133923778851315,0.15432098765432098,0.1878690284487386,0.03354804079441761,0.30864197530864196
169,17.082662372517444,43.01529790660226,15.318035426731079,8.59500805152979,4.414922168545357,6.266774020397209,3.3950617283950617,1.2144390767579174,0.15432098765432098,0.1878690284487386,0.013419216317767043,0.3421900161030596
170,17.082662372517444,42.86768652710682,15.318035426731079,8.53462157809984,4.622920021470746,6.266774020397209,3.408480944712829,1.2010198604401503,0.15432098765432098,0.1878690284487386,0.013419216317767043,0.3421900161030596
171,17.156468062265162,42.76033279656468,15.203972088030058,8.501073537305421,4.669887278582931,6.226516371443908,3.4822866344605474,1.3016639828234031,0.15432098765432098,0.1878690284487386,0.013419216317767043,0.3421900161030596
172,17.12962962962963,42.76704240472356,15.157004830917874,8.541331186258722,4.669887278582931,6.226516371443908,3.5091250670960816,1.3016639828234031,0.15432098765432098,0.1878690284487386,0.013419216317767043,0.3421900161030596
173,17.19001610305958,42.639559849704774,15.157004830917874,8.548040794417606,4.703435319377348,6.1862587224906065,3.549382716049383,1.288244766505636,0.15432098765432098,0.1878690284487386,0.013419216317767043,0.3824476650563607
174,17.21014492753623,42.56575415995706,15.123456790123457,8.601717659688674,4.730273752012883,6.146001073537305,3.549382716049383,1.3016639828234031,0.15432098765432098,0.1878690284487386,0.013419216317767043,0.41599570585077833
175,17.183306494900698,42.44498121309716,15.123456790123457,8.709071390230811,4.757112184648417,6.146001073537305,3.5762211486849167,1.288244766505636,0.15432098765432098,0.1878690284487386,0.013419216317767043,0.41599570585077833
176,17.257112184648417,42.21685453569511,15.03623188405797,8.930488459473967,4.757112184648417,6.172839506172839,3.569511540526033,1.288244766505636,0.15432098765432098,0.1878690284487386,0.013419216317767043,0.41599570585077833
177,17.290660225442835,42.01556629092861,14.982555018786902,9.098228663446054,4.770531400966184,6.159420289855072,3.569511540526033,1.3150831991411702,0.15432098765432098,0.1878690284487386,0.040257648953301126,0.41599570585077833
178,17.257112184648417,41.93505099302201,15.002683843263553,9.16532474503489,4.790660225442834,6.099033816425121,3.5762211486849167,1.3150831991411702,0.15432098765432098,0.2281266774020397,0.040257648953301126,0.43612453032742887
179,17.28395061728395,41.8142780461621,14.9020397208803,9.205582393988191,4.783950617283951,6.099033816425121,3.603059581320451,1.442565754159957,0.17444981213097155,0.2147074610842727,0.040257648953301126,0.43612453032742887
180,17.06924315619968,41.50563607085346,14.861782071927,9.131776704240472,4.830917874396135,6.011808910359635,4.28743961352657,1.42914653784219,0.17444981213097155,0.2147074610842727,0.040257648953301126,0.4428341384863124
181,17.07595276435856,41.39157273215244,14.855072463768115,9.198872785829307,4.817498658078368,6.0654857756307035,4.30756843800322,1.415727321524423,0.17444981213097155,0.2147074610842727,0.040257648953301126,0.4428341384863124
182,17.042404723564143,41.44524959742351,14.828234031132581,9.212292002147075,4.871175523349437,5.984970477724101,4.341116478797638,1.415727321524423,0.1610305958132045,0.2147074610842727,0.040257648953301126,0.4428341384863124
183,16.854535695115406,41.297638217928075,15.063070316693505,9.252549651100376,4.871175523349437,5.964841653247451,4.361245303274289,1.4626945786366077,0.1610305958132045,0.2147074610842727,0.040257648953301126,0.4562533548040794
184,13.902308105206655,49.342458400429415,11.520397208803006,8.709071390230811,4.609500805152979,5.46833064949007,4.200214707461084,1.442565754159957,0.1610305958132045,0.17444981213097155,0.040257648953301126,0.4294149221685454
185,13.895598497047773,49.23510466988728,11.520397208803006,8.776167471819646,4.656468062265164,5.46833064949007,4.200214707461084,1.442565754159957,0.1610305958132045,0.17444981213097155,0.040257648953301126,0.4294149221685454
186,13.875469672571121,48.91304347826087,11.506977992485238,9.017713365539452,4.7638217928073,5.4549114331723025,4.200214707461084,1.4694041867954912,0.1610305958132045,0.1610305958132045,0.040257648953301126,0.43612453032742887
187,13.714439076757918,48.26221148684917,13.123993558776167,8.896940418679549,4.824208266237251,4.528985507246377,4.663177670424047,1.3486312399355878,0.1610305958132045,0.10064412238325282,0.040257648953301126,0.33548040794417605
188,13.667471819645733,47.5979602791197,13.137412775093935,9.561191626409018,4.851046698872786,4.53569511540526,4.663177670424047,1.3486312399355878,0.1610305958132045,0.10064412238325282,0.040257648953301126,0.33548040794417605
189,13.674181427804616,47.25577026301664,13.117283950617283,9.480676328502415,4.750402576489533,4.998658078368224,4.683306494900698,1.3687600644122384,0.19457863660762212,0.10064412238325282,0.040257648953301126,0.33548040794417605
190,13.667471819645733,47.1081588835212,12.835480407944177,9.695383789586689,5.005367686527107,4.998658078368224,4.696725711218465,1.3352120236178207,0.19457863660762212,0.10064412238325282,0.040257648953301126,0.322061191626409
191,13.714439076757918,46.93370907139023,12.795222758990874,9.789318303811058,5.005367686527107,5.059044551798175,4.690016103059581,1.3553408480944713,0.19457863660762212,0.10064412238325282,0.040257648953301126,0.322061191626409
192,13.714439076757918,46.92028985507246,12.795222758990874,9.802737520128824,4.978529253891573,5.0858829844337095,4.690016103059581,1.3352120236178207,0.19457863660762212,0.10064412238325282,0.040257648953301126,0.3421900161030596
193,13.774825550187868,46.484165324745035,12.822061191626409,9.809447128287708,5.3341384863123995,5.052334943639291,4.7101449275362315,1.3352120236178207,0.19457863660762212,0.10064412238325282,0.040257648953301126,0.3421900161030596
194,13.848631239935587,46.403650026838434,12.815351583467525,9.796027911969942,5.407944176060118,5.052334943639291,4.663177670424047,1.3352120236178207,0.19457863660762212,0.10064412238325282,0.040257648953301126,0.3421900161030596
195,13.922436929683306,46.22920021470746,12.761674718196458,9.903381642512077,5.407944176060118,5.052334943639291,4.676596886741814,1.3419216317767042,0.2214170692431562,0.10064412238325282,0.040257648953301126,0.3421900161030596
