,45,50,55,53,51,52,56,54,58,57,61,59,60
0,92.29066022544283,7.709339774557166,,,,,,,,,,,
1,83.99087493290392,16.009125067096083,,,,,,,,,,,
2,79.60950080515298,20.39049919484702,,,,,,,,,,,
3,77.1604938271605,22.839506172839506,,,,,,,,,,,
4,77.08668813741278,22.779119699409556,0.13419216317767044,,,,,,,,,,
5,75.91250670960815,20.658883521202362,0.46967257112184646,2.9589371980676327,,,,,,,,,
6,74.75174449812131,21.81964573268921,0.46967257112184646,2.9589371980676327,,,,,,,,,
7,70.36366076221148,12.057165861513688,0.43612453032742887,1.5029522275899088,15.640096618357488,,,,,,,,
8,67.41814278046162,11.66129898013956,0.43612453032742887,9.03113258185722,11.332528180354267,0.12077294685990338,,,,,,,
9,67.37788513150832,11.735104669887278,0.4294149221685454,9.017713365539452,11.3191089640365,0.12077294685990338,,,,,,,
10,56.387546967257116,22.805958132045088,0.4294149221685454,8.984165324745035,11.272141706924316,0.12077294685990338,,,,,,,
11,47.77241009125067,32.60198604401503,0.4294149221685454,7.830112721417069,11.117820719269995,0.12077294685990338,0.1274825550187869,,,,,,
12,47.83279656468062,32.427536231884055,0.4294149221685454,7.830112721417069,11.104401502952227,0.12077294685990338,0.1274825550187869,0.1274825550187869,,,,,
13,39.130434782608695,40.94873859366613,0.4294149221685454,7.7898550724637685,11.104401502952227,0.12077294685990338,0.1274825550187869,0.3488996242619431,,,,,
14,39.351851851851855,40.88835212023618,0.4294149221685454,7.763016639828234,10.970209339774557,0.12077294685990338,0.1274825550187869,0.3488996242619431,,,,,
15,39.492753623188406,40.70048309178744,0.5032206119162641,7.7361782071927,10.970209339774557,0.12077294685990338,0.1274825550187869,0.3488996242619431,,,,,
16,39.472624798711756,40.61325818572195,0.5032206119162641,7.7361782071927,9.198872785829307,0.12077294685990338,0.07380568974771873,2.281266774020397,,,,,
17,39.781266774020395,40.33816425120773,0.5032206119162641,7.709339774557166,9.078099838969404,0.12077294685990338,0.1878690284487386,2.281266774020397,,,,,
18,34.916800858829845,24.872517444981213,0.5032206119162641,4.30756843800322,32.43424584004294,0.12077294685990338,0.6172839506172839,2.227589908749329,,,,,
19,35.01073537305421,24.832259796027913,0.5032206119162641,4.30756843800322,32.380568974771876,0.12077294685990338,0.6172839506172839,2.227589908749329,,,,,
20,35.178475577026305,23.698336017176597,0.5032206119162641,4.274020397208803,32.139023081052066,1.2278582930756843,0.7514761137949544,2.227589908749329,,,,,
21,35.23215244229737,20.947396672034355,0.5032206119162641,6.702898550724638,31.414385399892645,1.2278582930756843,0.7514761137949544,3.2206119162640903,,,,,
22,35.19189479334407,20.632045088566827,0.5032206119162641,6.6760601180891035,31.78341384863124,1.1272141706924315,0.8655394524959742,3.2206119162640903,,,,,
23,35.27241009125067,20.632045088566827,0.5032206119162641,6.635802469135802,31.756575415995705,1.1272141706924315,0.8655394524959742,3.207192699946323,,,,,
24,30.763553408480945,32.03166935050993,0.6172839506172839,6.635802469135802,25.0,1.1272141706924315,0.6172839506172839,3.207192699946323,,,,,
25,28.18035426731079,34.68867418142781,0.6172839506172839,6.488191089640365,24.765163714439076,1.1272141706924315,0.6172839506172839,3.515834675254965,,,,,
26,27.3215244229737,35.057702630166396,0.6172839506172839,6.488191089640365,24.724906065485776,1.6572732152442298,0.6172839506172839,3.515834675254965,,,,,
27,27.294685990338163,33.60842726784756,0.5032206119162641,8.373590982286634,23.2487922705314,1.6572732152442298,0.5032206119162641,4.810789049919484,,,,,
28,25.999731615673646,35.02415458937198,0.5032206119162641,8.3467525496511,23.201825013419217,1.6572732152442298,0.5032206119162641,4.7638217928073,,,,,
29,26.214439076757916,34.88325281803543,0.5032206119162641,8.340042941492216,23.14814814814815,1.6572732152442298,0.5032206119162641,4.750402576489533,,,,,
30,22.416800858829845,39.42565754159957,0.5032206119162641,7.930756843800322,22.920021470746107,1.6572732152442298,0.39586688137412773,4.750402576489533,,,,,
31,22.6784755770263,39.31830381105743,0.49651100375738055,7.877079978529254,22.725442834138487,1.6572732152442298,0.5300590445517982,4.7168545356951155,,,,,
32,22.705314009661837,38.6808910359635,0.49651100375738055,6.595544820182502,24.67793880837359,1.6304347826086956,0.5300590445517982,4.683306494900698,,,,,
33,20.189210950080515,40.727321524422976,0.41599570585077833,7.548309178743962,24.295491143317232,1.6304347826086956,0.5099302200751477,4.683306494900698,,,,,
34,19.00161030595813,35.7085346215781,0.9728931830381106,7.004830917874396,29.240472356414386,1.6304347826086956,0.43612453032742887,6.005099302200751,,,,,
35,18.391035963499732,28.75738056897477,0.8588298443370908,6.991411701556629,35.299248523886206,1.6304347826086956,2.0665593129361244,6.005099302200751,,,,,
36,17.733494363929147,28.488996242619432,0.8588298443370908,6.991411701556629,36.22517444981213,1.6304347826086956,2.0665593129361244,6.005099302200751,,,,,
37,17.881105743424584,28.395061728395063,2.086688137412775,6.937734836285561,35.218733225979605,1.6304347826086956,2.059849704777241,5.790391841116479,,,,,
38,18.089103596349972,28.28099838969404,2.0531400966183573,6.937734836285561,35.158346752549654,1.6304347826086956,2.059849704777241,5.790391841116479,,,,,
39,17.06924315619968,29.421631776704242,2.0531400966183573,6.890767579173376,35.15163714439077,1.6304347826086956,2.059849704777241,5.723295759527644,,,,,
40,17.156468062265162,29.435050993022006,2.0531400966183573,6.810252281266774,34.56119162640902,1.6304347826086956,2.61003757380569,5.689747718733226,0.05367686527106817,,,,
41,17.297369833601717,29.435050993022006,2.0531400966183573,6.78341384863124,34.45383789586688,1.6304347826086956,2.61003757380569,5.683038110574342,0.05367686527106817,,,,
42,17.384594739667204,28.60305958132045,2.0531400966183573,6.78341384863124,33.843263553408484,1.6304347826086956,2.61003757380569,7.0383789586688135,0.05367686527106817,,,,
43,15.794417606011809,28.287707997852927,2.4691358024691357,2.965646806226516,42.190016103059584,1.6304347826086956,0.7112184648416533,5.9447128287707995,0.0067096081588835215,,,,
44,16.029253891572733,27.911969940955448,2.5496511003757383,4.28743961352657,41.056092324208265,1.596886741814278,0.6374127750939346,5.924584004294149,0.0067096081588835215,,,,
45,16.069511540526033,27.449006977992486,2.5295222758990876,7.7898550724637685,37.23161567364466,1.596886741814278,2.1135265700483092,5.213365539452496,0.0067096081588835215,,,,
46,16.23725174449812,27.4020397208803,2.5295222758990876,7.7898550724637685,37.19135802469136,1.596886741814278,2.0665593129361244,5.179817498658078,0.0067096081588835215,,,,
47,16.23725174449812,27.314814814814813,2.5831991411701556,8.662104133118627,34.68196457326892,1.583467525496511,1.0466988727858293,7.883789586688137,0.0067096081588835215,,,,
48,16.384863123993558,27.160493827160494,2.5831991411701556,8.749329039184111,34.628287707997856,1.583467525496511,1.0466988727858293,7.856951154052603,0.0067096081588835215,,,,
49,16.42512077294686,27.13365539452496,2.5831991411701556,9.675254965110037,33.68894256575416,1.583467525496511,1.0466988727858293,7.856951154052603,0.0067096081588835215,,,,
50,16.6129898013956,27.079978529253893,2.563070316693505,9.668545356951155,33.601717659688674,1.583467525496511,1.0466988727858293,7.836822329575953,0.0067096081588835215,,,,
51,16.800858829844337,27.066559312936125,2.563070316693505,9.668545356951155,33.44739667203435,1.583467525496511,1.0466988727858293,7.816693505099302,0.0067096081588835215,,,,
52,16.935050993022006,27.01959205582394,2.563070316693505,9.621578099838969,33.4272678475577,1.583467525496511,1.0466988727858293,7.796564680622652,0.0067096081588835215,,,,
53,16.961889425657542,26.992753623188406,2.563070316693505,8.53462157809984,33.051529790660226,3.066290928609769,1.0332796564680622,7.7898550724637685,0.0067096081588835215,,,,
54,16.908212560386474,26.583467525496513,2.563070316693505,9.702093397745571,32.37385936661299,3.052871712292002,1.0332796564680622,7.776435856146001,0.0067096081588835215,,,,
55,16.881374127750938,26.073537305421365,2.563070316693505,11.453301127214171,32.29334406870639,3.052871712292002,1.0332796564680622,6.642512077294686,0.0067096081588835215,,,,
56,16.17686527106817,29.871175523349436,2.5496511003757383,10.292538915727322,30.3743961352657,3.052871712292002,1.0332796564680622,6.642512077294686,0.0067096081588835215,,,,
57,16.27750939345142,29.837627482555018,2.5496511003757383,10.292538915727322,30.35426731078905,3.0059044551798175,1.0332796564680622,6.642512077294686,0.0067096081588835215,,,,
58,13.600375738056897,28.046162104133117,2.5496511003757383,9.73564143853999,36.65458937198068,1.570048309178744,0.8856682769726248,6.951154052603328,0.0067096081588835215,,,,
59,13.808373590982287,27.958937198067634,2.5496511003757383,9.722222222222221,36.42646269457864,1.5432098765432098,1.0332796564680622,6.951154052603328,0.0067096081588835215,,,,
60,13.962694578636608,27.885131508319915,3.878153515834675,9.601449275362318,35.30595813204509,1.5432098765432098,0.8655394524959742,6.951154052603328,0.0067096081588835215,,,,
61,14.096886741814279,27.85829307568438,3.844605475040258,9.601449275362318,35.25228126677402,1.5432098765432098,0.8655394524959742,6.9310252281266775,0.0067096081588835215,,,,
62,14.023081052066559,26.36876006441224,3.844605475040258,10.560923242082662,36.54723564143854,1.5432098765432098,0.9863123993558777,6.119162640901771,0.0067096081588835215,,,,
63,14.231078904991948,26.247987117552334,3.844605475040258,10.654857756307031,36.010466988727856,1.5432098765432098,1.4626945786366077,5.998389694041868,0.0067096081588835215,,,,
64,14.459205582393988,26.207729468599034,3.8177670424047236,10.621309715512615,35.909822866344605,1.5432098765432098,1.4626945786366077,5.971551261406334,0.0067096081588835215,,,,
65,12.654320987654321,20.229468599033815,3.549382716049383,8.648684916800859,47.215512614063336,1.9189479334406871,1.5365002683843263,4.240472356414386,0.0067096081588835215,,,,
66,12.869028448738593,20.182501341921633,3.3279656468062266,9.118357487922705,46.83977455716586,1.8384326355340848,1.5901771336553945,4.2270531400966185,0.0067096081588835215,,,,
67,12.889157273215245,20.148953301127214,3.3279656468062266,9.111647879763822,45.42404723564144,3.3816425120772946,1.6706924315619969,4.03918411164788,0.0067096081588835215,,,,
68,12.902576489533011,20.034889962426195,3.3279656468062266,9.091519055287172,44.98121309715513,3.7238325281803544,1.7310789049919484,4.200214707461084,0.0067096081588835215,,,,
69,13.298443370907139,20.021470746108427,3.9318303811057436,8.943907675791733,44.06199677938808,3.7238325281803544,1.8384326355340848,4.17337627482555,0.0067096081588835215,,,,
70,13.446054750402576,19.98792270531401,3.898282340311326,8.903650026838433,44.02173913043478,3.7238325281803544,1.8384326355340848,4.17337627482555,0.0067096081588835215,,,,
71,13.667471819645733,19.961084272678477,3.878153515834675,8.849973161567364,43.90096618357488,3.7238325281803544,1.8384326355340848,4.17337627482555,0.0067096081588835215,,,,
72,13.506441223832528,18.968062265163713,3.965378421900161,7.4006977992485234,46.47074610842727,3.7037037037037037,1.8317230273752012,4.146537842190016,0.0067096081588835215,,,,
73,11.044015029522276,24.308910359634996,3.180354267310789,7.226247987117552,45.12211486849168,3.361513687600644,1.6438539989264627,4.106280193236715,0.0067096081588835215,,,,
74,11.419753086419753,24.18142780461621,3.180354267310789,7.212828770799785,44.93424584004294,3.361513687600644,1.6304347826086956,4.072732152442297,0.0067096081588835215,,,,
75,11.647879763821793,23.97342995169082,3.569511540526033,7.206119162640902,44.53166935050993,3.361513687600644,1.6304347826086956,4.072732152442297,0.0067096081588835215,,,,
76,11.808910359634996,23.872785829307567,3.5628019323671496,8.172302737520129,43.51180891035963,3.361513687600644,1.6304347826086956,4.072732152442297,0.0067096081588835215,,,,
77,12.130971551261407,23.812399355877616,3.5628019323671496,7.991143317230274,43.43129361245303,3.361513687600644,1.6304347826086956,4.072732152442297,0.0067096081588835215,,,,
78,12.084004294149223,23.792270531400966,3.5628019323671496,8.299785292538916,43.344068706387546,3.361513687600644,1.556629092860977,3.992216854535695,0.0067096081588835215,,,,
79,12.29200214707461,23.718464841653248,3.5628019323671496,8.266237251744498,43.243424584004295,3.361513687600644,1.556629092860977,3.992216854535695,0.0067096081588835215,,,,
80,12.218196457326892,23.13472893183038,3.5225442834138487,8.252818035426731,40.70048309178744,6.622383252818035,1.5499194847020934,3.992216854535695,0.0067096081588835215,,,,
81,12.332259796027913,22.993827160493826,3.515834675254965,8.13875469672571,39.170692431561996,8.299785292538916,1.5499194847020934,3.992216854535695,0.0067096081588835215,,,,
82,11.634460547504025,21.061460010735374,3.44873859366613,8.13875469672571,43.42458400429415,6.756575415995706,1.5432098765432098,3.9855072463768115,0.0067096081588835215,,,,
83,11.198336017176597,20.987654320987655,2.717391304347826,8.11862587224906,38.016639828234034,14.070048309178745,1.3352120236178207,3.549382716049383,0.0067096081588835215,,,,
84,11.345947396672035,20.98094471282877,2.717391304347826,8.11862587224906,37.92270531400966,14.070048309178745,1.3352120236178207,3.502415458937198,0.0067096081588835215,,,,
85,11.513687600644122,20.947396672034355,2.717391304347826,8.091787439613526,37.8690284487386,14.016371443907676,1.3352120236178207,3.502415458937198,0.0067096081588835215,,,,
86,11.627750939345143,20.947396672034355,2.690552871712292,9.23913043478261,36.50697799248524,13.996242619431026,1.482823403113258,3.502415458937198,0.0067096081588835215,,,,
87,11.688137412775093,20.947396672034355,2.690552871712292,11.500268384326356,34.66183574879227,13.546698872785829,1.482823403113258,3.475577026301664,0.0067096081588835215,,,,
88,12.016908212560386,20.799785292538918,2.690552871712292,11.500268384326356,34.54777241009125,13.499731615673644,1.482823403113258,3.455448201825013,0.0067096081588835215,,,,
89,11.79549114331723,19.316961889425656,2.200751476113795,11.466720343531938,35.81588835212023,14.606816961889425,1.482823403113258,3.307836822329576,0.0067096081588835215,,,,
90,11.90955448201825,19.30354267310789,3.3816425120772946,11.117820719269995,35.198604401502955,14.566559312936125,1.2077294685990339,3.307836822329576,0.0067096081588835215,,,,
91,11.292270531400966,15.458937198067632,3.166935050993022,10.520665593129362,40.713902308105204,14.42565754159957,1.2077294685990339,3.207192699946323,0.0067096081588835215,,,,
92,11.171497584541063,14.97584541062802,2.918679549114332,10.48040794417606,41.84111647879764,14.371980676328503,1.0265700483091786,3.207192699946323,0.0067096081588835215,,,,
93,10.305958132045088,14.13714439076758,2.8515834675254963,10.010735373054214,41.96188942565754,14.31159420289855,0.8789586688137413,5.535426731078905,0.0067096081588835215,,,,
94,10.567632850241546,14.123725174449811,2.8247450348899625,9.970477724100913,41.84782608695652,14.284755770263017,0.8789586688137413,5.495169082125604,0.0067096081588835215,,,,
95,8.353462157809984,8.61513687600644,1.6170155662909287,6.166129898013956,59.20558239398819,12.184648416532475,0.798443370907139,3.052871712292002,0.0067096081588835215,,,,
96,8.514492753623188,8.601717659688674,1.6170155662909287,8.132045088566828,55.89103596349973,13.439345142243694,0.798443370907139,2.999194847020934,0.0067096081588835215,,,,
97,8.742619431025227,8.601717659688674,1.6035963499731616,8.132045088566828,55.703166935050994,13.41250670960816,0.798443370907139,2.999194847020934,0.0067096081588835215,,,,
98,8.480944712828771,7.071926999463232,1.6035963499731616,8.132045088566828,54.78395061728395,16.1231884057971,0.798443370907139,2.999194847020934,0.0067096081588835215,,,,
99,8.809715512614064,7.071926999463232,1.8451422436929683,8.111916264090176,54.05260332796565,16.109769189479334,0.9930220075147611,2.999194847020934,0.0067096081588835215,,,,
100,8.99087493290392,7.071926999463232,2.301395598497048,8.091787439613526,53.32125603864734,16.089640365002683,1.1272141706924315,2.999194847020934,0.0067096081588835215,,,,
101,9.205582393988191,7.071926999463232,3.388352120236178,8.091787439613526,52.254428341384866,15.774288781535159,1.2077294685990339,2.999194847020934,0.0067096081588835215,,,,
102,9.31964573268921,6.964573268921095,3.388352120236178,8.05823939881911,52.15378421900161,15.344873859366613,1.5297906602254427,2.999194847020934,0.24154589371980675,,,,
103,9.447128287707997,6.9243156199677935,3.388352120236178,8.05823939881911,52.11352657004831,15.304616210413311,1.5297906602254427,2.9924852388620504,0.24154589371980675,,,,
104,9.762479871175524,6.877348362855609,3.388352120236178,8.044820182501342,51.939076757917334,15.230810520665592,1.5297906602254427,2.985775630703167,0.24154589371980675,,,,
105,10.044283413848632,6.877348362855609,3.388352120236178,7.96430488459474,51.84514224369297,15.183843263553408,1.5096618357487923,2.965646806226516,0.2214170692431562,,,,
106,10.258990874932904,6.877348362855609,3.3145464304884595,7.930756843800322,51.227858293075684,15.693773483628556,1.5096618357487923,2.965646806226516,0.2214170692431562,,,,
107,10.352925389157273,6.863929146537842,4.51556629092861,8.55475040257649,48.2085346215781,15.599838969404187,1.5096618357487923,4.17337627482555,0.2214170692431562,,,,
108,10.339506172839506,6.743156199677939,4.871175523349437,8.55475040257649,46.826355340848096,17.136339237788512,1.5096618357487923,3.797638217928073,0.2214170692431562,,,,
109,10.218733225979603,6.743156199677939,4.85775630703167,10.815888352120236,45.37707997852925,17.04911433172303,1.4559849704777241,3.260869565217391,0.2214170692431562,,,,
110,10.534084809447128,6.743156199677939,4.851046698872786,10.795759527643586,45.209339774557165,16.928341384863124,1.4559849704777241,3.260869565217391,0.2214170692431562,,,,
111,10.527375201288244,6.582125603864735,4.824208266237251,10.795759527643586,45.4777241009125,16.881374127750938,1.4559849704777241,3.2340311325818574,0.2214170692431562,,,,
112,10.748792270531402,6.582125603864735,4.797369833601718,10.775630703166936,45.249597423510465,16.881374127750938,1.4559849704777241,3.2877079978529253,0.2214170692431562,,,,
113,11.064143853998926,6.582125603864735,4.770531400966184,10.775630703166936,44.97450348899624,16.861245303274288,1.570048309178744,3.180354267310789,0.2214170692431562,,,,
114,11.245303274288782,6.575415995705851,4.770531400966184,10.735373054213634,44.900697799248526,16.82769726247987,1.5432098765432098,3.180354267310789,0.2214170692431562,,,,
115,9.574610842726784,5.152979066022544,3.3816425120772946,9.346484165324744,53.36822329575953,14.439076757917338,1.5029522275899088,3.012614063338701,0.2214170692431562,,,,
116,9.762479871175524,5.152979066022544,3.3816425120772946,9.346484165324744,53.18035426731079,14.439076757917338,1.5029522275899088,3.012614063338701,0.2214170692431562,,,,
117,9.923510466988727,4.951690821256038,3.374932903918411,9.54777241009125,53.03945249597424,14.338432635534085,1.5029522275899088,3.012614063338701,0.30864197530864196,,,,
118,6.5485775630703165,46.947128287708,1.8048845947396672,2.9052603327965647,33.81642512077295,6.260064412238325,0.7380568974771873,0.9796027911969941,,,,,
119,6.602254428341385,44.71953837895867,2.3349436392914655,2.341653247450349,28.837895866881375,12.379227053140097,0.7380568974771873,2.046430488459474,,,,,
120,6.702898550724638,43.887546967257116,3.1065485775630703,2.341653247450349,28.797638217928075,12.379227053140097,0.7380568974771873,2.046430488459474,,,,,
121,6.984702093397746,43.874127750939344,3.099838969404187,2.341653247450349,28.569511540526033,12.359098228663447,0.7246376811594203,2.046430488459474,,,,,
122,7.266505636070853,43.77348362855609,3.099838969404187,2.341653247450349,28.475577026301664,12.177938808373591,0.7246376811594203,2.1403650026838434,,,,,
123,7.4006977992485234,43.69296833064949,3.079710144927536,2.341653247450349,28.455448201825014,12.164519592055823,0.7246376811594203,2.1403650026838434,,,,,
124,7.48792270531401,43.67283950617284,3.0327428878153517,2.341653247450349,28.435319377348364,12.164519592055823,0.7246376811594203,2.1403650026838434,,,,,
125,7.286634460547504,43.63929146537842,3.280998389694042,2.341653247450349,28.428609769189478,12.157809983896941,0.7246376811594203,2.1403650026838434,,,,,
126,7.763016639828234,43.33735909822866,3.260869565217391,2.341653247450349,28.35480407944176,12.104133118625873,0.7246376811594203,2.1135265700483092,,,,,
127,8.011272141706923,43.223295759527645,3.2541599570585076,2.3349436392914655,27.865002683843265,12.050456253354804,1.1473429951690821,2.1135265700483092,,,,,
128,7.461084272678476,42.860976918947934,4.569243156199678,2.2745571658615136,27.536231884057973,12.050456253354804,1.133923778851315,2.1135265700483092,,,,,
129,7.601986044015029,42.74020397208803,5.186527106816962,2.2745571658615136,26.94578636607622,12.030327428878154,1.133923778851315,2.086688137412775,,,,,
130,7.434245840042942,41.988727858293075,5.24020397208803,4.468599033816425,25.925925925925927,13.211218464841654,1.133923778851315,0.5971551261406334,,,,,
131,7.635534084809447,40.445517981749866,7.75630703166935,4.461889425657541,25.228126677402038,13.043478260869565,0.8319914117015567,0.5971551261406334,,,,,
132,7.447665056360709,39.2512077294686,7.729468599033816,4.461889425657541,25.59044551798175,13.043478260869565,0.8319914117015567,1.6438539989264627,,,,,
133,7.64224369296833,39.130434782608695,7.803274288781535,4.441760601180891,27.15378421900161,11.352657004830919,0.8319914117015567,1.6438539989264627,,,,,
134,7.930756843800322,38.969404186795494,7.796564680622652,4.428341384863124,27.059849704777243,11.33923778851315,0.8319914117015567,1.6438539989264627,,,,,
135,8.125335480407944,38.65405260332797,7.776435856146001,4.40150295222759,26.778046162104133,11.305689747718732,1.3150831991411702,1.6438539989264627,,,,,
136,8.266237251744498,38.1508319914117,7.75630703166935,4.26731078904992,25.684380032206118,11.238593666129898,2.9924852388620504,1.6438539989264627,,,,,
137,8.53462157809984,37.96296296296296,7.75630703166935,5.636070853462158,24.88593666129898,10.473698336017177,3.1065485775630703,1.6438539989264627,,,,,
138,8.809715512614064,37.82877079978529,7.689210950080516,5.609232420826624,24.88593666129898,10.473698336017177,3.0595813204508855,1.6438539989264627,,,,,
139,8.501073537305421,37.07058507783145,7.96430488459474,5.595813204508857,26.362050456253353,10.36634460547504,2.677133655394525,1.4626945786366077,,,,,
140,8.695652173913043,37.043746645195924,7.87037037037037,5.58239398819109,26.301663982823403,10.36634460547504,2.677133655394525,1.4626945786366077,,,,,
141,8.943907675791733,36.9699409554482,7.87037037037037,5.58239398819109,26.234567901234566,10.285829307568438,2.6502952227589907,1.4626945786366077,,,,,
142,9.111647879763822,36.89613526570049,7.890499194847021,5.5689747718733225,26.187600644122384,10.23215244229737,2.6502952227589907,1.4626945786366077,,,,,
143,7.6623725174449815,15.203972088030058,3.717122920021471,4.99194847020934,53.01932367149758,9.749060654857756,4.247181964573269,1.4090177133655395,,,,,
144,7.9106280193236715,15.177133655394526,3.717122920021471,4.958400429414922,52.58990874932904,9.728931830381105,4.005636070853462,1.4090177133655395,,0.5032206119162641,,,
145,8.13875469672571,15.136876006441224,3.683574879227053,4.958400429414922,52.462426194310254,9.702093397745571,4.005636070853462,1.4090177133655395,,0.5032206119162641,,,
146,8.454106280193237,15.13016639828234,3.683574879227053,4.931561996779388,52.26784755770263,9.655126140633387,3.978797638217928,1.3955984970477724,,0.5032206119162641,,,
147,8.76274825550188,15.03623188405797,3.683574879227053,4.931561996779388,52.07326892109501,9.634997316156737,3.978797638217928,1.3955984970477724,,0.5032206119162641,,,
148,8.923778851315083,15.03623188405797,3.6500268384326353,4.931561996779388,52.01959205582394,9.608158883521202,3.978797638217928,1.3486312399355878,,0.5032206119162641,,,
149,9.098228663446054,14.969135802469136,3.6500268384326353,4.931561996779388,51.912238325281805,9.608158883521202,3.978797638217928,1.3486312399355878,,0.5032206119162641,,,
150,9.292807300053678,14.935587761674718,3.6500268384326353,4.931561996779388,51.76462694578637,9.554482018250134,4.019055287171229,1.3486312399355878,,0.5032206119162641,,,
151,9.225711218464841,14.935587761674718,3.6500268384326353,4.924852388620504,48.55072463768116,9.252549651100376,6.092324208266238,2.8650026838432634,,0.5032206119162641,,,
152,9.07139023081052,14.150563607085346,3.6500268384326353,4.924852388620504,47.82608695652174,9.252549651100376,7.75630703166935,2.8650026838432634,,0.5032206119162641,,,
153,9.192163177670425,14.11701556629093,3.6500268384326353,4.924852388620504,47.77241009125067,9.252549651100376,7.722758990874933,2.8650026838432634,,0.5032206119162641,,,
154,9.232420826623725,13.94927536231884,3.193773483628556,12.097423510466989,40.55958132045089,8.896940418679549,8.970746108427267,2.8650026838432634,,0.23483628556092323,,,
155,9.339774557165862,13.92914653784219,3.1870638754696725,12.070585077831455,40.042941492216855,8.896940418679549,9.433709071390231,2.8650026838432634,,0.23483628556092323,,,
156,9.54777241009125,13.92914653784219,3.1870638754696725,12.06387546967257,39.45920558239399,8.809715512614064,9.923510466988727,2.85829307568438,,0.2214170692431562,,,
157,9.702093397745571,13.915727321524423,3.1870638754696725,12.050456253354804,39.40552871712292,8.776167471819646,9.883252818035427,2.85829307568438,,0.2214170692431562,,,
158,9.896672034353195,13.848631239935587,3.166935050993022,12.02361782071927,39.331723027375205,8.776167471819646,9.883252818035427,2.8515834675254963,,0.2214170692431562,,,
159,10.050993022007514,13.808373590982287,3.166935050993022,11.98336017176597,39.2914653784219,8.749329039184111,9.876543209876543,2.8515834675254963,,0.2214170692431562,,,
160,10.339506172839506,13.694310252281268,3.166935050993022,11.976650563607086,39.05662909286098,8.59500805152979,9.957058507783145,2.8515834675254963,,0.36231884057971014,,,
161,10.527375201288244,13.593666129898015,3.2541599570585076,11.963231347289318,38.92914653784219,8.57487922705314,9.943639291465379,2.8515834675254963,,0.36231884057971014,,,
162,10.63472893183038,13.593666129898015,3.2541599570585076,11.963231347289318,38.821792807300056,8.57487922705314,9.943639291465379,2.8515834675254963,,0.36231884057971014,,,
163,10.782340311325818,13.580246913580247,3.2541599570585076,11.936392914653783,38.7614063338701,8.541331186258722,9.930220075147611,2.8515834675254963,,0.36231884057971014,,,
164,10.916532474503489,13.546698872785829,3.2340311325818574,11.83574879227053,38.74127750939345,8.527911969940956,9.903381642512077,2.8515834675254963,0.08051529790660225,0.36231884057971014,,,
165,11.057434245840042,13.526570048309178,3.2340311325818574,11.741814278046162,37.546967257112186,8.474235104669887,10.836017176596886,2.8515834675254963,0.08051529790660225,0.6508319914117016,,,
166,11.29898013955985,13.506441223832528,3.2206119162640903,11.688137412775093,37.43961352657005,8.447396672034353,10.815888352120236,2.8515834675254963,0.08051529790660225,0.6508319914117016,,,
167,11.553945249597424,13.479602791196994,3.2139023081052067,11.627750939345143,37.11755233494364,8.420558239398819,10.681696188942565,2.8515834675254963,0.08051529790660225,0.9728931830381106,,,
168,11.77536231884058,13.419216317767042,3.2004830917874396,11.600912506709609,37.0504562533548,8.420558239398819,10.654857756307031,2.8247450348899625,0.08051529790660225,0.9728931830381106,,,
169,11.90955448201825,13.39237788513151,3.2004830917874396,11.600912506709609,37.0101986044015,8.380300590445518,10.628019323671497,2.8247450348899625,0.08051529790660225,0.9728931830381106,,,
170,12.06387546967257,13.39237788513151,3.1870638754696725,11.708266237251744,36.7686527106817,8.373590982286634,10.628019323671497,2.8247450348899625,0.08051529790660225,0.9728931830381106,,,
171,12.399355877616747,13.372249060654857,3.1602254428341383,11.54723564143854,36.70826623725174,8.32662372517445,10.607890499194847,2.8247450348899625,0.08051529790660225,0.9728931830381106,,,
172,12.640901771336553,13.311862587224907,3.1602254428341383,11.500268384326356,36.594202898550726,8.32662372517445,10.587761674718196,2.8247450348899625,0.08051529790660225,0.9728931830381106,,,
173,12.882447665056361,13.271604938271604,3.1602254428341383,11.473429951690822,36.58749329039184,8.219269994632313,10.560923242082662,2.791196994095545,0.08051529790660225,0.9728931830381106,,,
174,13.070316693505099,13.20450885668277,3.2541599570585076,11.473429951690822,36.33252818035427,8.219269994632313,10.601180891035963,2.791196994095545,0.08051529790660225,0.9728931830381106,,,
175,13.238056897477188,13.20450885668277,3.2474503488996245,11.460010735373054,36.2788513150832,8.172302737520129,10.554213633923778,2.791196994095545,0.08051529790660225,0.9728931830381106,,,
176,13.499731615673644,13.150831991411701,3.227321524422974,11.372785829307569,36.2385936661299,8.158883521202362,10.520665593129362,2.7777777777777777,0.08051529790660225,0.9728931830381106,,,
177,13.627214170692431,13.137412775093935,3.227321524422974,11.372785829307569,36.16478797638218,8.132045088566828,10.507246376811594,2.7777777777777777,0.08051529790660225,0.9728931830381106,,,
178,13.747987117552334,13.137412775093935,3.227321524422974,11.305689747718732,36.12453032742888,8.132045088566828,10.446859903381643,2.7777777777777777,0.08051529790660225,0.9728931830381106,0.04696725711218465,,
179,13.862050456253355,13.097155126140633,3.227321524422974,11.272141706924316,36.09769189479334,8.132045088566828,10.433440687063875,2.7777777777777777,0.08051529790660225,0.9728931830381106,0.04696725711218465,,
180,13.70101986044015,13.083735909822867,3.227321524422974,12.52012882447665,35.07783145464305,8.132045088566828,10.38647342995169,2.771068169618894,0.08051529790660225,0.9728931830381106,0.04696725711218465,,
181,13.996242619431026,13.036768652710682,3.227321524422974,12.406065485775631,34.97047772410091,8.132045088566828,10.359634997316157,2.771068169618894,0.08051529790660225,0.9728931830381106,0.04696725711218465,,
182,14.150563607085346,13.036768652710682,3.9318303811057436,12.385936661298981,34.43370907139023,8.11862587224906,10.091250670960816,2.7509393451422435,0.08051529790660225,0.9728931830381106,0.04696725711218465,,
183,14.304884594739667,13.023349436392914,4.03918411164788,12.359098228663447,33.52791196994095,8.091787439613526,10.802469135802468,2.7509393451422435,0.08051529790660225,0.9728931830381106,0.04696725711218465,,
184,14.056629092860977,12.801932367149758,4.019055287171229,12.359098228663447,31.179549114331724,8.064949006977992,13.694310252281268,2.7241009125067097,0.08051529790660225,0.9728931830381106,0.04696725711218465,,
185,13.915727321524423,12.627482555018787,3.9855072463768115,12.265163714439076,30.66290928609769,9.03113258185722,13.687600644122384,2.7241009125067097,0.08051529790660225,0.9728931830381106,0.04696725711218465,,
186,13.942565754159958,12.587224906065487,4.703435319377348,12.25174449812131,30.273752012882447,9.004294149221685,13.41250670960816,2.7241009125067097,0.08051529790660225,0.9728931830381106,0.04696725711218465,,
187,13.170960815888352,12.573805689747719,4.690016103059581,6.125872249060655,39.97584541062802,8.964036500268385,10.768921095008052,2.7241009125067097,,0.9594739667203436,0.04696725711218465,,
188,13.050187869028449,12.573805689747719,6.078904991948471,6.125872249060655,33.762748255501876,8.769457863660762,9.426999463231347,8.93719806763285,,1.2278582930756843,0.04696725711218465,,
189,13.271604938271604,12.573805689747719,5.770263016639828,5.508588298443371,33.57487922705314,9.86983360171766,10.030864197530864,8.125335480407944,,1.2278582930756843,0.04696725711218465,,
190,13.56682769726248,12.533548040794418,5.770263016639828,5.488459473966721,33.46081588835212,9.789318303811058,10.017444981213098,8.09849704777241,,1.2278582930756843,0.04696725711218465,,
191,13.741277509393452,12.506709608158884,5.770263016639828,5.441492216854535,33.40713902308105,9.762479871175524,10.010735373054214,8.085077831454644,,1.2278582930756843,0.04696725711218465,,
192,13.976113794954374,12.332259796027913,5.897745571658615,5.441492216854535,33.28636607622115,9.728931830381105,9.977187332259795,8.085077831454644,,1.2278582930756843,0.04696725711218465,,
193,14.103596349973161,12.325550187869029,5.897745571658615,5.394524959742351,33.23268921095008,9.728931830381105,9.957058507783145,8.085077831454644,,1.2278582930756843,0.04696725711218465,,
194,14.284755770263017,12.325550187869029,5.837359098228664,5.394524959742351,33.1454643048846,9.728931830381105,9.957058507783145,8.051529790660226,,1.2278582930756843,0.04696725711218465,,
195,14.40552871712292,12.325550187869029,5.803811057434245,5.394524959742351,33.11862587224906,9.695383789586689,9.930220075147611,8.051529790660226,,1.2278582930756843,0.04696725711218465,,
196,14.593397745571659,12.29200214707461,5.783682232957595,5.394524959742351,33.05823939881911,9.655126140633387,9.930220075147611,8.017981749865807,,1.2278582930756843,0.04696725711218465,,
197,14.673913043478262,12.29200214707461,5.877616747181965,5.394524959742351,32.95759527643585,9.655126140633387,9.896672034353195,7.991143317230274,,1.2144390767579174,0.04696725711218465,,
198,14.834943639291465,12.29200214707461,5.877616747181965,5.394524959742351,32.86366076221149,9.634997316156737,9.896672034353195,7.944176060118089,,1.2144390767579174,0.04696725711218465,,
199,15.116747181964573,12.23161567364466,5.877616747181965,5.394524959742351,32.58185721953838,9.608158883521202,9.842995169082126,7.930756843800322,,1.3687600644122384,0.04696725711218465,,
200,15.22410091250671,12.224906065485776,6.132581857219538,5.387815351583468,32.306763285024154,9.581320450885668,9.809447128287708,7.917337627482555,,1.3687600644122384,0.04696725711218465,,
201,15.136876006441224,11.990069779924852,6.0587761674718195,4.904723564143854,31.91760601180891,10.93666129898014,9.73564143853999,7.917337627482555,,1.3553408480944713,0.04696725711218465,,
202,15.190552871712292,11.963231347289318,6.152710681696189,5.038915727321524,31.723027375201287,10.889694041867955,9.722222222222221,7.917337627482555,,1.3553408480944713,0.04696725711218465,,
203,15.297906602254429,11.963231347289318,6.152710681696189,5.038915727321524,31.682769726247987,10.82259796027912,9.722222222222221,7.917337627482555,,1.3553408480944713,0.04696725711218465,,
204,15.485775630703166,11.956521739130435,6.152710681696189,5.038915727321524,31.5955448201825,10.815888352120236,9.634997316156737,7.917337627482555,,1.3553408480944713,0.04696725711218465,,
205,14.184111647879764,9.648416532474503,5.0858829844337095,5.038915727321524,27.80461621041331,10.695115405260333,8.3064949006978,17.834138486312398,,1.3553408480944713,0.04696725711218465,,
206,13.654052603327965,8.3064949006978,4.911433172302737,5.005367686527107,35.950080515297905,10.654857756307031,7.809983896940419,12.5,,1.1607622114868492,0.04696725711218465,,
207,13.097155126140633,8.796296296296296,4.62962962962963,6.461352657004831,34.78931830381106,10.621309715512615,7.930756843800322,12.486580783682234,,1.1406333870101986,0.04696725711218465,,
208,13.311862587224907,8.796296296296296,4.582662372517445,6.4412238325281805,34.76247987117552,10.601180891035963,7.877079978529254,12.453032742887816,,1.1272141706924315,0.04696725711218465,,
209,13.56682769726248,8.796296296296296,4.575952764358561,6.407675791733762,34.594739667203434,10.581052066559312,7.877079978529254,12.453032742887816,,1.1272141706924315,0.020128824476650563,,
210,13.513150831991412,8.789586688137414,4.468599033816425,7.944176060118089,33.782877079978526,10.453569511540525,7.930756843800322,11.849168008588299,,1.247987117552335,0.020128824476650563,,
211,13.633923778851315,8.776167471819646,4.468599033816425,7.944176060118089,33.70907139023081,10.420021470746109,7.930756843800322,11.849168008588299,,1.247987117552335,0.020128824476650563,,
212,13.882179280730005,8.776167471819646,4.468599033816425,7.890499194847021,33.65539452495974,10.279119699409554,7.930756843800322,11.849168008588299,,1.247987117552335,0.020128824476650563,,
213,12.942834138486312,8.407139023081053,4.42163177670424,13.130703166935051,33.621846484165324,7.5348899624261945,7.39398819108964,11.822329575952764,,0.7045088566827697,0.020128824476650563,,
214,13.070316693505099,8.407139023081053,4.42163177670424,13.097155126140633,33.56816961889426,7.5348899624261945,7.39398819108964,11.788781535158346,,0.6977992485238862,0.020128824476650563,,
215,13.419216317767042,8.380300590445518,4.388083735909823,12.983091787439614,33.4272678475577,7.5348899624261945,7.39398819108964,11.75523349436393,,0.6977992485238862,0.020128824476650563,,
216,13.613794954374665,8.360171765968868,4.388083735909823,12.949543746645196,33.3870101986044,7.50805152979066,7.353730542136339,11.721685453569512,,0.6977992485238862,0.020128824476650563,,
217,13.714439076757918,8.340042941492216,4.388083735909823,12.915995705850777,33.3467525496511,7.50805152979066,7.347020933977456,11.721685453569512,,0.6977992485238862,0.020128824476650563,,
218,13.801663982823403,8.299785292538916,4.388083735909823,12.902576489533011,33.23268921095008,7.50805152979066,7.313472893183038,11.500268384326356,0.33548040794417605,0.6977992485238862,0.020128824476650563,,
219,13.875469672571121,8.299785292538916,4.388083735909823,12.889157273215245,33.21926999463231,7.50805152979066,7.313472893183038,11.453301127214171,0.33548040794417605,0.6977992485238862,0.020128824476650563,,
220,14.217659688674182,8.246108427267847,4.361245303274289,12.734836285560924,32.95759527643585,7.501341921631776,7.353730542136339,11.285560923242082,0.49651100375738055,0.8252818035426731,0.020128824476650563,,
221,14.49946323134729,8.246108427267847,4.361245303274289,12.721417069243156,32.79656468062265,7.467793880837359,7.353730542136339,11.131239935587761,0.49651100375738055,0.9057971014492754,0.020128824476650563,,
222,14.660493827160494,8.132045088566828,4.3545356951154055,11.802200751476114,32.6154052603328,8.480944712828771,7.306763285024155,11.104401502952227,0.49651100375738055,1.0265700483091786,0.020128824476650563,,
223,14.673913043478262,7.353730542136339,4.26731078904992,11.788781535158346,33.48094471282877,8.480944712828771,7.306763285024155,11.104401502952227,0.49651100375738055,1.0265700483091786,0.020128824476650563,,
224,14.942297369833602,7.326892109500805,4.26731078904992,11.782071926999464,33.2662372517445,8.460815888352121,7.306763285024155,11.104401502952227,0.49651100375738055,1.0265700483091786,0.020128824476650563,,
225,15.103327965646805,7.320182501341922,4.240472356414386,11.735104669887278,33.24610842726785,8.433977455716587,7.306763285024155,11.07085346215781,0.49651100375738055,1.0265700483091786,0.020128824476650563,,
226,15.311325818572195,7.320182501341922,4.240472356414386,11.701556629092861,33.15217391304348,8.373590982286634,7.2933440687063875,11.064143853998926,0.49651100375738055,1.0265700483091786,0.020128824476650563,,
227,15.58641975308642,7.320182501341922,4.186795491143317,11.600912506709609,33.07836822329576,8.353462157809984,7.2933440687063875,11.037305421363392,0.49651100375738055,1.0265700483091786,0.020128824476650563,,
228,15.780998389694043,7.320182501341922,4.17337627482555,11.533816425120772,33.04482018250134,8.313204508856682,7.253086419753086,11.037305421363392,0.49651100375738055,1.0265700483091786,0.020128824476650563,,
229,15.83467525496511,7.2933440687063875,4.274020397208803,11.52710681696189,33.031400966183575,8.21256038647343,7.253086419753086,11.030595813204508,0.49651100375738055,1.0265700483091786,0.020128824476650563,,
