,45,50,53,55,51,52,54,56,57,60,58,61,59,62,65,63,64
0,84.94363929146537,14.915458937198068,0.026838432635534086,0.11406333870101985,,,,,,,,,,,,,
1,81.21980676328502,18.585614600107355,0.026838432635534086,0.16774020397208803,,,,,,,,,,,,,
2,80.54213633923779,19.189479334406872,0.026838432635534086,0.2147074610842727,0.026838432635534086,,,,,,,,,,,,
3,77.83145464304884,21.89345142243693,0.026838432635534086,0.17444981213097155,0.026838432635534086,0.04696725711218465,,,,,,,,,,,
4,75.22141706924316,23.61111111111111,0.026838432635534086,0.19457863660762212,0.026838432635534086,0.6038647342995169,0.3153515834675255,,,,,,,,,,
5,74.52361782071927,24.228395061728396,0.026838432635534086,0.2616747181964573,0.026838432635534086,0.6172839506172839,0.3153515834675255,,,,,,,,,,
6,61.460010735373054,37.23832528180354,0.040257648953301126,0.33548040794417605,0.026838432635534086,0.5837359098228664,0.3153515834675255,,,,,,,,,,
7,60.13150831991412,34.648416532474506,0.040257648953301126,0.6374127750939346,3.488996242619431,0.6172839506172839,0.43612453032742887,,,,,,,,,,
8,55.139559849704774,39.99597423510467,0.08051529790660225,0.9192163177670424,2.771068169618894,0.6038647342995169,0.48980139559849706,,,,,,,,,,
9,54.93156199677939,40.103327965646805,0.08051529790660225,1.0064412238325282,2.771068169618894,0.6172839506172839,0.48980139559849706,,,,,,,,,,
10,54.723564143854,40.203972088030056,0.08051529790660225,1.0601180891035964,2.7844873859366612,0.630703166935051,0.5166398282340311,,,,,,,,,,
11,54.54240472356415,40.19055287171229,0.0939345142243693,1.2412775093934514,2.7844873859366612,0.630703166935051,0.5166398282340311,,,,,,,,,,
12,45.94739667203435,48.8191089640365,0.11406333870101985,1.4559849704777241,2.6838432635534084,0.6374127750939346,0.3421900161030596,,,,,,,,,,
13,37.19806763285024,44.93424584004294,0.10064412238325282,1.247987117552335,15.539452495974235,0.6038647342995169,0.3421900161030596,0.03354804079441761,,,,,,,,,
14,37.09742351046699,44.69940955448202,0.10064412238325282,1.6170155662909287,15.445517981749866,0.6374127750939346,0.3421900161030596,0.06038647342995169,,,,,,,,,
15,36.9699409554482,43.25684380032206,0.11406333870101985,1.6371443907675791,14.667203435319378,2.9388083735909825,0.35560923242082665,0.06038647342995169,,,,,,,,,
16,33.756038647343,45.511272141706925,0.11406333870101985,1.9122383252818036,15.35829307568438,2.9052603327965647,0.35560923242082665,0.06709608158883522,0.020128824476650563,,,,,,,,
17,27.771068169618893,42.3040794417606,0.0939345142243693,4.703435319377348,19.961084272678477,4.616210413311863,0.35560923242082665,0.15432098765432098,0.040257648953301126,,,,,,,,
18,22.624798711755233,47.296027911969944,0.0939345142243693,5.0791733762748255,19.746376811594203,4.40150295222759,0.3488996242619431,0.30193236714975846,0.05367686527106817,0.05367686527106817,,,,,,,
19,17.297369833601717,42.56575415995706,0.6910896403650026,3.0931293612453032,29.931561996779386,6.011808910359635,0.06709608158883522,0.2281266774020397,0.08722490606548577,0.026838432635534086,,,,,,,
20,16.27750939345142,50.959473966720346,0.040257648953301126,2.657004830917874,23.658078368223297,5.998389694041868,0.08722490606548577,0.2281266774020397,0.0939345142243693,,,,,,,,
21,14.533011272141707,41.36473429951691,0.07380568974771873,2.4825550187869028,36.782071926999464,4.247181964573269,0.08722490606548577,0.30193236714975846,0.1274825550187869,,,,,,,,
22,14.418947933440688,37.35238862050456,6.421095008051529,2.6637144390767578,34.33977455716586,4.260601180891036,0.08722490606548577,0.30864197530864196,0.1274825550187869,,0.020128824476650563,,,,,,
23,14.2914653784219,36.211755233494365,6.360708534621578,4.019055287171229,34.13177670424047,4.247181964573269,0.1274825550187869,0.36231884057971014,0.15432098765432098,,0.08722490606548577,0.0067096081588835215,,,,,
24,10.151637144390767,27.891841116478798,6.327160493827161,3.717122920021471,47.638217928073,3.603059581320451,0.11406333870101985,0.30864197530864196,0.15432098765432098,,0.08722490606548577,0.0067096081588835215,,,,,
25,10.044283413848632,27.885131508319915,6.286902844873859,3.844605475040258,47.40338164251208,3.603059581320451,0.11406333870101985,0.5099302200751477,0.15432098765432098,0.026838432635534086,0.1274825550187869,,,,,,
26,7.836822329575953,24.812130971551262,6.266774020397209,4.200214707461084,52.12023617820719,3.6097691894793345,0.14761137949543746,0.6172839506172839,0.18115942028985507,0.026838432635534086,0.18115942028985507,,,,,,
27,7.769726247987117,24.792002147074612,6.253354804079442,4.30756843800322,51.898819108964034,3.6097691894793345,0.16774020397208803,0.798443370907139,0.18115942028985507,0.026838432635534086,0.19457863660762212,,,,,,
28,7.749597423510467,24.570585077831456,6.253354804079442,4.528985507246377,51.53650026838432,3.643317230273752,0.20799785292538917,1.107085346215781,0.18115942028985507,0.026838432635534086,0.19457863660762212,,,,,,
29,7.695920558239399,24.496779388083738,6.253354804079442,4.676596886741814,51.328502415458935,3.643317230273752,0.20799785292538917,1.288244766505636,0.18115942028985507,0.026838432635534086,0.20128824476650564,,,,,,
30,7.601986044015029,24.3894256575416,4.320987654320987,4.783950617283951,53.44202898550725,3.6231884057971016,0.19457863660762212,1.288244766505636,0.2147074610842727,0.026838432635534086,0.11406333870101985,,,,,,
31,7.387278582930757,24.396135265700483,4.414922168545357,4.85775630703167,52.9723564143854,3.616478797638218,0.5703166935050993,1.3620504562533549,0.2214170692431562,0.026838432635534086,0.17444981213097155,,,,,,
32,7.387278582930757,23.262211486849168,4.42163177670424,3.9720880300590444,47.61808910359635,10.7085346215781,0.5770263016639828,1.4559849704777241,0.39586688137412773,0.026838432635534086,0.17444981213097155,,,,,,
33,6.367418142780462,24.255233494363928,4.394793344068707,4.2270531400966185,47.22222222222222,10.621309715512615,0.5971551261406334,1.6505636070853462,0.4495437466451959,0.026838432635534086,0.1878690284487386,,,,,,
34,6.327160493827161,24.134460547504027,4.394793344068707,4.28743961352657,47.054482018250134,10.527375201288244,0.6709608158883521,1.7579173376274826,0.5032206119162641,0.026838432635534086,0.20128824476650564,0.11406333870101985,,,,,
35,6.246645195920558,24.168008588298445,4.388083735909823,4.327697262479871,46.786097691894796,10.513955984970478,0.6575415995705851,2.0263016639828235,0.5300590445517982,0.026838432635534086,0.20128824476650564,0.1274825550187869,,,,,
36,3.307836822329576,30.790391841116477,3.2742887815351582,3.9452495974235107,41.40499194847021,12.124261943102523,2.4892646269457863,1.7847557702630166,0.5300590445517982,0.06038647342995169,0.1610305958132045,0.1274825550187869,,,,,
37,3.307836822329576,30.73671497584541,3.2742887815351582,4.025764895330113,41.257380568974774,12.110842726784755,2.462426194310252,1.892109500805153,0.5434782608695652,0.08722490606548577,0.15432098765432098,0.1274825550187869,0.020128824476650563,,,,
38,3.294417606011809,30.434782608695652,3.2742887815351582,4.408212560386473,41.056092324208265,12.090713902308105,2.4691358024691357,2.0128824476650564,0.5703166935050993,0.08722490606548577,0.15432098765432098,0.1274825550187869,0.020128824476650563,,,,
39,3.294417606011809,30.307300053676865,3.2340311325818574,4.582662372517445,40.94202898550725,12.077294685990339,2.4691358024691357,2.0665593129361244,0.630703166935051,0.08722490606548577,0.1610305958132045,0.1274825550187869,0.020128824476650563,,,,
40,3.280998389694042,26.455984970477726,3.1535158346752548,4.669887278582931,48.96672034353194,8.246108427267847,2.4020397208803006,2.033011272141707,0.3153515834675255,0.08722490606548577,0.24154589371980675,0.1274825550187869,0.020128824476650563,,,,
41,3.2742887815351582,23.738593666129898,5.803811057434245,4.830917874396135,45.86688137412775,11.265432098765432,2.4020397208803006,1.9524959742351047,0.38915727321524424,0.08722490606548577,0.24154589371980675,0.1274825550187869,0.020128824476650563,,,,
42,3.260869565217391,23.577563070316693,5.770263016639828,4.99194847020934,45.7259796027912,11.198336017176597,2.4691358024691357,2.033011272141707,0.4428341384863124,0.08722490606548577,0.27509393451422437,0.1274825550187869,0.040257648953301126,,,,
43,2.1269457863660763,18.739935587761675,6.78341384863124,4.938271604938271,51.25469672571122,11.097691894793345,2.3081052066559313,1.90552871712292,0.36231884057971014,0.08722490606548577,0.2281266774020397,0.1274825550187869,0.040257648953301126,,,,
44,2.1269457863660763,18.67283950617284,6.816961889425658,5.092592592592593,51.0601180891036,11.097691894793345,2.2745571658615136,2.0128824476650564,0.36231884057971014,0.08722490606548577,0.2281266774020397,0.1274825550187869,0.040257648953301126,,,,
45,2.1269457863660763,18.55877616747182,8.514492753623188,5.233494363929147,49.18142780461621,11.003757380568974,2.254428341384863,2.1068169618894257,0.4428341384863124,0.10735373054213634,0.27509393451422437,0.1274825550187869,0.06709608158883522,,,,
46,2.100107353730542,18.552066559312937,8.501073537305421,6.031937734836285,48.27563070316693,10.95679012345679,2.2745571658615136,2.2342995169082127,0.4830917874396135,0.10735373054213634,0.2885131508319914,0.1274825550187869,0.06709608158883522,,,,
47,2.100107353730542,18.51851851851852,10.547504025764896,6.005099302200751,46.71900161030596,10.292538915727322,2.3081052066559313,2.3349436392914655,0.5099302200751477,0.0939345142243693,0.3153515834675255,0.15432098765432098,0.10064412238325282,,,,
48,2.059849704777241,18.451422436929683,10.527375201288244,6.213097155126141,46.584809447128286,10.245571658615138,2.341653247450349,2.314814814814815,0.5770263016639828,0.0939345142243693,0.33548040794417605,0.15432098765432098,0.10064412238325282,,,,
49,1.9659151905528718,18.323939881910896,10.621309715512615,6.266774020397209,45.249597423510465,10.245571658615138,3.7037037037037037,2.2946859903381642,0.5770263016639828,0.0939345142243693,0.36231884057971014,0.17444981213097155,0.12077294685990338,,,,
50,1.9659151905528718,18.21658615136876,10.554213633923778,6.253354804079442,44.558507783145465,9.608158883521202,5.186527106816962,2.328234031132582,0.46296296296296297,0.1274825550187869,0.4294149221685454,0.1878690284487386,0.12077294685990338,,,,
51,1.3821792807300053,16.19699409554482,10.63472893183038,5.864197530864198,46.222490606548575,10.923242082662373,5.059044551798175,2.3483628556092326,0.4428341384863124,0.15432098765432098,0.39586688137412773,0.1878690284487386,0.1878690284487386,,,,
52,1.3620504562533549,16.1231884057971,10.61460010735373,6.025228126677402,46.081588835212024,10.896403650026839,5.065754159957058,2.38191089640365,0.46967257112184646,0.1274825550187869,0.4495437466451959,0.1878690284487386,0.2147074610842727,,,,
53,1.3620504562533549,15.942028985507246,10.61460010735373,6.280193236714976,45.8064949006978,10.896403650026839,5.052334943639291,2.6033279656468062,0.4562533548040794,0.13419216317767044,0.4495437466451959,0.1878690284487386,0.2147074610842727,,,,
54,1.3486312399355878,15.901771336553946,10.601180891035963,6.421095008051529,45.51798174986581,10.889694041867955,5.01207729468599,2.737520128824477,0.5099302200751477,0.13419216317767044,0.46967257112184646,0.1878690284487386,0.2683843263553409,,,,
55,1.3486312399355878,15.848094471282877,10.554213633923778,6.541867954911433,45.36366076221149,10.869565217391305,5.018786902844874,2.771068169618894,0.5568974771873323,0.1610305958132045,0.5099302200751477,0.1878690284487386,0.2683843263553409,,,,
56,1.3486312399355878,15.83467525496511,10.48040794417606,6.629092860976919,45.03488996242619,10.82259796027912,5.045625335480408,2.965646806226516,0.6172839506172839,0.1610305958132045,0.5703166935050993,0.1878690284487386,0.30193236714975846,,,,
57,1.2681159420289856,13.781535158346752,10.326086956521738,6.494900697799249,51.301663982823406,7.863660762211487,4.2203435319377345,2.965646806226516,0.48980139559849706,0.20128824476650564,0.5904455179817498,0.1878690284487386,0.30864197530864196,,,,
58,1.2681159420289856,11.674718196457327,9.836285560923242,6.286902844873859,49.5101986044015,7.85024154589372,8.769457863660762,2.985775630703167,0.5233494363929146,0.2281266774020397,0.5837359098228664,0.20128824476650564,0.28180354267310787,,,,
59,1.2681159420289856,11.647879763821793,9.836285560923242,6.400966183574879,49.3894256575416,7.830112721417069,8.776167471819646,2.9790660225442833,0.5434782608695652,0.2281266774020397,0.6105743424584005,0.20128824476650564,0.2885131508319914,,,,
60,1.2681159420289856,11.647879763821793,9.822866344605474,6.414385399892646,49.25523349436393,7.702630166398282,8.675523349436393,3.052871712292002,0.6977992485238862,0.28180354267310787,0.6105743424584005,0.20128824476650564,0.36902844873859364,,,,
61,1.261406333870102,11.641170155662909,9.728931830381105,4.757112184648417,43.45813204508857,14.969135802469136,8.61513687600644,3.4420289855072466,0.5971551261406334,0.24825550187869028,0.7380568974771873,0.20128824476650564,0.3421900161030596,,,,
62,1.261406333870102,11.641170155662909,9.668545356951155,4.810789049919484,43.31723027375201,14.861782071927,8.474235104669887,3.502415458937198,0.6239935587761675,0.24825550187869028,1.0131508319914118,0.20128824476650564,0.3757380568974772,,,,
63,1.261406333870102,11.58749329039184,9.668545356951155,4.851046698872786,43.20987654320987,14.828234031132581,8.454106280193237,3.535963499731616,0.6709608158883521,0.2885131508319914,1.0265700483091786,0.20128824476650564,0.41599570585077833,,,,
64,1.2345679012345678,11.493558776167472,9.574610842726784,4.797369833601718,42.48523886205046,15.921900161030596,7.769726247987117,3.8378958668813743,0.9460547504025765,0.2616747181964573,1.0534084809447128,0.23483628556092323,0.38915727321524424,,,,
65,1.2345679012345678,11.151368760064413,7.125603864734299,4.790660225442834,42.351046698872786,20.014761137949545,6.756575415995706,3.7775093934514223,1.0735373054213635,0.2683843263553409,0.8521202361782072,0.23483628556092323,0.36902844873859364,,,,
66,0.8990874932903918,9.98389694041868,4.448470209339774,3.6366076221148687,49.55716586151369,19.639023081052066,5.9514224369296835,3.5292538915727323,0.9728931830381106,0.2616747181964573,0.8051529790660226,0.1878690284487386,0.1274825550187869,,,,
67,0.8990874932903918,9.936929683306495,4.428341384863124,3.7775093934514223,49.33574879227053,19.565217391304348,5.911164787976382,3.6366076221148687,1.0064412238325282,0.2616747181964573,0.8387010198604401,0.1878690284487386,0.2147074610842727,,,,
68,0.8990874932903918,9.500805152979066,4.448470209339774,4.253891572732153,49.18813741277509,19.55179817498658,5.884326355340848,3.7104133118625873,1.0131508319914118,0.2616747181964573,0.8655394524959742,0.1878690284487386,0.23483628556092323,,,,
69,0.8923778851315083,9.426999463231347,4.4820182501341925,4.374664519592056,47.86634460547504,19.49141170155663,7.0450885668276975,3.717122920021471,1.0601180891035964,0.2616747181964573,0.9125067096081588,0.1878690284487386,0.28180354267310787,,,,
70,0.8923778851315083,9.252549651100376,4.4820182501341925,4.5960815888352125,47.60466988727858,19.410896403650028,7.03166935050993,3.911701556629093,1.1473429951690821,0.2549651100375738,0.9057971014492754,0.20799785292538917,0.30193236714975846,,,,
71,0.8923778851315083,9.205582393988191,4.522275899087493,4.703435319377348,47.48389694041868,19.296833064949006,7.0450885668276975,3.898282340311326,1.2278582930756843,0.2549651100375738,0.95276435856146,0.20128824476650564,0.3153515834675255,,,,
72,0.48980139559849706,6.776704240472356,5.35426731078905,3.992216854535695,50.64412238325282,18.377616747181964,7.051798174986581,4.260601180891036,1.3620504562533549,0.2616747181964573,1.0534084809447128,0.03354804079441761,0.3421900161030596,,,,
73,0.48980139559849706,6.776704240472356,5.381105743424584,4.079441760601181,50.30864197530864,17.270531400966185,7.004830917874396,5.475040257648954,1.5163714439076759,0.24825550187869028,1.0534084809447128,0.03354804079441761,0.36231884057971014,,,,
74,0.48980139559849706,6.649221685453569,4.669887278582931,4.260601180891036,49.82555018786903,18.283682232957595,7.018250134192163,5.669618894256575,1.5432098765432098,0.24825550187869028,0.9326355340848095,0.03354804079441761,0.3757380568974772,,,,
75,0.4428341384863124,6.367418142780462,4.361245303274289,4.253891572732153,49.3491680085883,19.269994632313473,7.024959742351046,5.770263016639828,1.5499194847020934,0.24825550187869028,0.9393451422436929,0.040257648953301126,0.3824476650563607,,,,
76,0.4092860976918948,6.199677938808374,4.3545356951154055,4.361245303274289,50.355609232420825,18.766774020397207,7.024959742351046,5.407944176060118,1.4895330112721417,0.27509393451422437,0.9393451422436929,0.020128824476650563,0.38915727321524424,0.0067096081588835215,,,
77,0.39586688137412773,6.213097155126141,7.5281803542673105,4.334406870638754,49.7987117552335,17.183306494900698,5.589103596349974,5.984970477724101,1.4224369296833066,0.2885131508319914,0.9326355340848095,0.020128824476650563,0.30193236714975846,0.0067096081588835215,,,
78,0.39586688137412773,5.314009661835748,7.481213097155126,4.30756843800322,49.00697799248524,17.12962962962963,7.192699946323135,6.078904991948471,1.4895330112721417,0.30193236714975846,0.9796027911969941,0.020128824476650563,0.2952227589908749,0.0067096081588835215,,,
79,0.39586688137412773,5.300590445517981,7.481213097155126,4.38137412775094,48.79898013955985,17.10950080515298,7.179280730005368,6.172839506172839,1.5297906602254427,0.32877079978529256,0.9997316156736447,0.020128824476650563,0.2952227589908749,0.0067096081588835215,,,
80,0.39586688137412773,5.273752012882448,7.481213097155126,4.938271604938271,48.268921095008054,17.08937198067633,7.212828770799785,6.159420289855072,1.5163714439076759,0.32877079978529256,0.9997316156736447,0.03354804079441761,0.2952227589908749,0.0067096081588835215,,,
81,0.39586688137412773,4.206924315619967,3.9049919484702094,4.05931293612453,61.07756307031669,11.990069779924852,7.125603864734299,4.790660225442834,1.3016639828234031,0.32877079978529256,0.49651100375738055,0.04696725711218465,0.27509393451422437,,,,
82,0.39586688137412773,4.193505099302201,3.9049919484702094,4.032474503488996,60.27241009125067,11.956521739130435,7.695920558239399,4.9651100375738055,1.3150831991411702,0.4025764895330113,0.49651100375738055,0.04696725711218465,0.322061191626409,,,,
83,0.39586688137412773,4.180085882984434,3.9318303811057436,4.079441760601181,60.02415458937198,11.728395061728396,7.716049382716049,5.119431025228127,1.5163714439076759,0.4025764895330113,0.5501878690284487,0.03354804079441761,0.322061191626409,,,,
84,0.39586688137412773,4.180085882984434,3.878153515834675,4.17337627482555,59.54106280193237,11.634460547504025,7.7361782071927,5.508588298443371,1.6103059581320451,0.4025764895330113,0.5501878690284487,0.05367686527106817,0.33548040794417605,,,,
85,0.39586688137412773,4.092860976918948,3.878153515834675,4.891304347826087,58.84997316156736,11.560654857756306,7.809983896940419,5.46833064949007,1.6975308641975309,0.38915727321524424,0.5501878690284487,0.05367686527106817,0.36231884057971014,,,,
86,0.39586688137412773,4.092860976918948,3.730542136339238,5.8239398819108965,58.581588835212024,10.88298443370907,7.7361782071927,5.548845947396672,1.7847557702630166,0.4025764895330113,0.5904455179817498,0.05367686527106817,0.3757380568974772,,,,
87,0.39586688137412773,4.092860976918948,3.7372517444981215,5.931293612453032,58.36688137412775,10.829307568438002,7.7361782071927,5.636070853462158,1.8451422436929683,0.4025764895330113,0.5904455179817498,0.05367686527106817,0.3824476650563607,,,,
88,0.39586688137412773,4.019055287171229,3.629898013955985,5.689747718733226,57.6154052603328,10.802469135802468,8.870101986044014,5.743424584004294,1.8719806763285025,0.4025764895330113,0.5837359098228664,0.040257648953301126,0.33548040794417605,,,,
89,0.39586688137412773,3.9989264626945786,3.730542136339238,5.844068706387547,56.98470209339774,10.775630703166936,8.856682769726248,6.139291465378422,1.892109500805153,0.41599570585077833,0.6105743424584005,0.040257648953301126,0.3153515834675255,,,,
90,0.39586688137412773,3.643317230273752,3.7238325281803544,5.542136339237788,54.790660225442835,14.593397745571659,8.561460010735374,5.535426731078905,1.8115942028985508,0.4294149221685454,0.5837359098228664,0.05367686527106817,0.33548040794417605,,,,
91,0.36231884057971014,3.3145464304884595,3.6768652710681695,5.481749865807837,55.89103596349973,14.056629092860977,8.507783145464305,5.5689747718733225,1.7042404723564144,0.4294149221685454,0.5837359098228664,0.05367686527106817,0.36902844873859364,,,,
92,0.36231884057971014,3.307836822329576,3.656736446591519,5.555555555555555,55.783682232957595,14.04320987654321,8.474235104669887,5.636070853462158,1.7042404723564144,0.4294149221685454,0.5904455179817498,0.05367686527106817,0.4025764895330113,,,,
93,0.3421900161030596,3.307836822329576,3.6768652710681695,5.649490069779925,55.63607085346216,13.92914653784219,8.433977455716587,5.689747718733226,1.8451422436929683,0.41599570585077833,0.6172839506172839,0.05367686527106817,0.4025764895330113,,,,
94,0.3421900161030596,3.307836822329576,3.7037037037037037,5.730005367686527,55.43478260869565,13.83521202361782,8.360171765968868,5.870907139023081,1.9122383252818036,0.41599570585077833,0.6172839506172839,0.05367686527106817,0.41599570585077833,,,,
95,0.3421900161030596,3.2877079978529253,3.6902844873859366,5.971551261406334,55.08588298443371,13.734567901234568,8.3467525496511,5.938003220611916,2.033011272141707,0.41599570585077833,0.644122383252818,0.05367686527106817,0.4562533548040794,,,,
96,0.3421900161030596,3.2877079978529253,3.6768652710681695,6.045356951154052,54.871175523349436,13.694310252281268,8.373590982286634,6.072195383789587,2.073268921095008,0.4294149221685454,0.6374127750939346,0.05367686527106817,0.4428341384863124,,,,
97,0.3421900161030596,2.9589371980676327,3.5426731078904994,5.589103596349974,59.82957595276436,11.735104669887278,7.897208803005904,4.851046698872786,1.8183038110574343,0.35560923242082665,0.6105743424584005,0.040257648953301126,0.4294149221685454,,,,
98,0.3421900161030596,2.9119699409554483,3.5292538915727323,5.6964573268921095,59.46725711218465,11.694847020933977,7.9106280193236715,5.173107890499195,1.8183038110574343,0.3421900161030596,0.6239935587761675,0.06038647342995169,0.4294149221685454,,,,
99,0.322061191626409,2.871712292002147,3.5426731078904994,5.864197530864198,55.70987654320987,15.291196994095545,7.85024154589372,5.226784755770263,1.8853998926462694,0.32877079978529256,0.6239935587761675,0.06038647342995169,0.4227053140096618,,,,
100,0.322061191626409,2.871712292002147,3.5426731078904994,5.897745571658615,55.58239398819109,15.163714439076758,7.830112721417069,5.320719269994632,2.006172839506173,0.3153515834675255,0.6239935587761675,0.06038647342995169,0.46296296296296297,,,,
101,0.322061191626409,2.871712292002147,3.5426731078904994,6.038647342995169,54.39479334406871,15.03623188405797,7.863660762211487,6.3137412775093935,2.1806226516371443,0.3153515834675255,0.5837359098228664,0.07380568974771873,0.46296296296296297,,,,
102,0.3153515834675255,2.85829307568438,3.5292538915727323,5.83064949006978,58.380300590445515,12.164519592055823,8.3064949006978,5.703166935050993,1.4559849704777241,0.36902844873859364,0.5770263016639828,0.06709608158883522,0.4428341384863124,,,,
103,0.30864197530864196,2.8650026838432634,3.515834675254965,5.971551261406334,58.05823939881911,12.13768115942029,8.313204508856682,5.884326355340848,1.4962426194310252,0.36902844873859364,0.5703166935050993,0.06709608158883522,0.4428341384863124,,,,
104,0.30864197530864196,2.8650026838432634,3.4957058507783145,6.790123456790123,57.10547504025765,12.117552334943639,8.340042941492216,5.958132045088567,1.5297906602254427,0.38915727321524424,0.5971551261406334,0.07380568974771873,0.4294149221685454,,,,
105,0.30864197530864196,2.8650026838432634,3.4957058507783145,6.857219538378959,56.796833064949006,12.06387546967257,8.32662372517445,6.219806763285024,1.583467525496511,0.39586688137412773,0.5837359098228664,0.07380568974771873,0.4294149221685454,,,,
106,0.30193236714975846,2.831454643048846,3.4688674181427803,8.313204508856682,55.18652710681696,12.037037037037036,8.004562533548041,6.749865807836822,1.6304347826086956,0.39586688137412773,0.5837359098228664,0.07380568974771873,0.4227053140096618,,,,
107,0.1878690284487386,2.6972624798711755,4.5960815888352125,8.132045088566828,61.07085346215781,7.682501341921632,7.6556629092860975,5.340848094471283,1.221148684916801,0.38915727321524424,0.5300590445517982,0.07380568974771873,0.4227053140096618,,,,
108,0.1878690284487386,2.690552871712292,4.562533548040794,8.239398819108963,60.03086419753087,7.669082125603865,7.6556629092860975,6.253354804079442,1.247987117552335,0.38915727321524424,0.5636070853462157,0.07380568974771873,0.43612453032742887,,,,
109,0.1878690284487386,2.6637144390767578,4.582662372517445,8.252818035426731,59.77589908749329,7.669082125603865,7.628824476650563,6.481481481481482,1.261406333870102,0.38915727321524424,0.5971551261406334,0.07380568974771873,0.43612453032742887,,,,
110,0.1878690284487386,2.6637144390767578,4.53569511540526,8.246108427267847,60.889694041867955,7.065217391304348,7.702630166398282,6.092324208266238,1.1741814278046163,0.38915727321524424,0.5166398282340311,0.08722490606548577,0.4294149221685454,,0.020128824476650563,,
111,0.1878690284487386,2.576489533011272,4.575952764358561,8.3467525496511,61.808910359635,6.971282877079979,8.038110574342458,4.891304347826087,1.2144390767579174,0.35560923242082665,0.49651100375738055,0.08051529790660225,0.43612453032742887,,0.020128824476650563,,
112,0.1878690284487386,2.563070316693505,4.602791196994096,8.32662372517445,61.553945249597426,6.9310252281266775,7.997852925389157,5.159688674181428,1.221148684916801,0.39586688137412773,0.5233494363929146,0.08051529790660225,0.43612453032742887,,0.020128824476650563,,
113,0.1878690284487386,2.563070316693505,4.616210413311863,8.279656468062266,61.211755233494365,6.9310252281266775,8.024691358024691,5.4616210413311865,1.221148684916801,0.41599570585077833,0.5434782608695652,0.08722490606548577,0.43612453032742887,,0.020128824476650563,,
114,0.1878690284487386,2.5429414922168547,4.64975845410628,8.28636607622115,59.46725711218465,6.91760601180891,9.668545356951155,5.555555555555555,1.2077294685990339,0.41599570585077833,0.5434782608695652,0.08722490606548577,0.43612453032742887,0.013419216317767043,0.020128824476650563,,
115,0.1878690284487386,2.5429414922168547,4.636339237788513,8.319914117015566,59.20558239398819,6.91760601180891,9.588030059044552,5.770263016639828,1.2077294685990339,0.41599570585077833,0.5770263016639828,0.08722490606548577,0.5099302200751477,0.013419216317767043,0.020128824476650563,,
116,0.1878690284487386,2.5295222758990876,4.186795491143317,7.266505636070853,64.98926462694578,5.622651637144391,8.199141170155663,4.810789049919484,0.9125067096081588,0.4092860976918948,0.4495437466451959,0.05367686527106817,0.3488996242619431,0.013419216317767043,0.020128824476650563,,
117,0.1878690284487386,2.5295222758990876,4.186795491143317,7.313472893183038,64.79468599033817,5.589103596349974,8.232689210950081,4.978529253891573,0.9125067096081588,0.38915727321524424,0.4495437466451959,0.05367686527106817,0.3488996242619431,0.013419216317767043,0.020128824476650563,,
118,0.1878690284487386,2.5295222758990876,4.092860976918948,8.400429414922169,64.17740203972087,5.253623188405797,8.071658615136876,5.0858829844337095,0.8454106280193237,0.41599570585077833,0.4428341384863124,0.08051529790660225,0.3824476650563607,0.013419216317767043,0.020128824476650563,,
119,0.1878690284487386,2.5295222758990876,5.528717122920021,8.561460010735374,62.9898013955985,4.9651100375738055,8.024691358024691,5.032206119162641,0.8387010198604401,0.38915727321524424,0.4428341384863124,0.08051529790660225,0.39586688137412773,0.013419216317767043,0.020128824476650563,,
120,0.1878690284487386,2.5295222758990876,5.528717122920021,8.494363929146537,62.775093934514224,4.924852388620504,7.957595276435856,5.233494363929147,0.9259259259259259,0.4495437466451959,0.4562533548040794,0.08722490606548577,0.41599570585077833,0.013419216317767043,0.020128824476650563,,
121,0.1878690284487386,2.5295222758990876,5.535426731078905,8.53462157809984,61.480139559849704,4.918142780461621,7.897208803005904,6.481481481481482,0.9326355340848095,0.46967257112184646,0.48980139559849706,0.08722490606548577,0.4227053140096618,0.013419216317767043,0.020128824476650563,,
122,0.1878690284487386,2.5161030595813205,5.535426731078905,8.507783145464305,61.198336017176594,4.911433172302737,7.85024154589372,6.702898550724638,0.9728931830381106,0.5032206119162641,0.5770263016639828,0.08051529790660225,0.4227053140096618,0.013419216317767043,0.020128824476650563,,
123,0.1878690284487386,2.5161030595813205,5.528717122920021,8.581588835212024,60.85614600107354,4.898013955984971,7.9039184111647875,6.937734836285561,0.9796027911969941,0.5032206119162641,0.6038647342995169,0.08051529790660225,0.4092860976918948,0.013419216317767043,,,
124,0.1878690284487386,2.147074610842727,12.070585077831455,8.152173913043478,56.414385399892645,3.938539989264627,7.977724100912507,6.830381105743425,0.798443370907139,0.46967257112184646,0.5099302200751477,0.08051529790660225,0.4092860976918948,0.013419216317767043,,,
125,0.1878690284487386,2.100107353730542,12.077294685990339,8.192431561996779,56.09903381642512,3.938539989264627,8.071658615136876,6.998121309715513,0.798443370907139,0.49651100375738055,0.5099302200751477,0.08051529790660225,0.43612453032742887,0.013419216317767043,,,
126,0.1878690284487386,2.086688137412775,12.037037037037036,8.192431561996779,55.93800322061192,3.938539989264627,8.085077831454644,7.118894256575416,0.8051529790660226,0.5032206119162641,0.5770263016639828,0.08051529790660225,0.43612453032742887,0.013419216317767043,,,
127,0.1878690284487386,2.086688137412775,12.030327428878154,8.185721953837897,55.83064949006978,3.92512077294686,8.085077831454644,7.159151905528717,0.8185721953837896,0.5568974771873323,0.6038647342995169,0.08051529790660225,0.43612453032742887,0.013419216317767043,,,
128,0.1878690284487386,2.086688137412775,11.976650563607086,8.185721953837897,55.642780461621044,3.9318303811057436,8.085077831454644,7.286634460547504,0.8387010198604401,0.5971551261406334,0.6374127750939346,0.08051529790660225,0.4495437466451959,0.013419216317767043,,,
129,0.1878690284487386,2.086688137412775,10.903113258185721,7.98443370907139,54.508856682769725,6.152710681696189,8.071658615136876,7.467793880837359,0.8521202361782072,0.5971551261406334,0.6575415995705851,0.08051529790660225,0.43612453032742887,0.013419216317767043,,,
130,0.1878690284487386,2.046430488459474,10.674986580783683,9.353193773483628,53.133387010198604,6.139291465378422,7.991143317230274,7.689210950080516,0.8387010198604401,0.6508319914117016,0.7648953301127214,0.08051529790660225,0.43612453032742887,0.013419216317767043,,,
131,0.1878690284487386,2.046430488459474,10.648148148148149,9.373322597960279,52.97906602254428,6.146001073537305,8.011272141706923,7.803274288781535,0.8118625872249061,0.6508319914117016,0.8051529790660226,0.08051529790660225,0.4428341384863124,0.013419216317767043,,,
132,0.1878690284487386,2.046430488459474,10.641438539989265,9.366612989801396,52.824745034889965,6.125872249060655,7.991143317230274,7.836822329575953,0.8185721953837896,0.7112184648416533,0.8923778851315083,0.05367686527106817,0.48980139559849706,0.013419216317767043,,,
133,0.1878690284487386,2.046430488459474,10.641438539989265,9.386741814278047,52.65700483091788,6.125872249060655,7.96430488459474,7.96430488459474,0.8185721953837896,0.7179280730005367,0.9125067096081588,0.05367686527106817,0.49651100375738055,0.026838432635534086,,,
134,0.1878690284487386,2.046430488459474,10.63472893183038,9.339774557165862,52.33494363929147,6.092324208266238,7.971014492753623,8.266237251744498,0.8990874932903918,0.7045088566827697,0.9460547504025765,0.05367686527106817,0.49651100375738055,0.026838432635534086,,,
135,0.1878690284487386,2.0263016639828235,10.57434245840043,11.292270531400966,42.7133655394525,15.210681696188942,7.501341921631776,7.360440150295223,0.9326355340848095,0.6105743424584005,0.9997316156736447,0.06709608158883522,0.49651100375738055,0.026838432635534086,,,
136,0.1878690284487386,2.0263016639828235,10.507246376811594,11.345947396672035,42.47181964573269,15.177133655394526,7.481213097155126,7.548309178743962,0.9863123993558777,0.6105743424584005,1.0466988727858293,0.07380568974771873,0.5099302200751477,0.026838432635534086,,,
137,0.1878690284487386,2.0263016639828235,10.547504025764896,11.292270531400966,42.3040794417606,15.183843263553408,7.360440150295223,7.595276435856146,1.0601180891035964,0.6508319914117016,1.0466988727858293,0.08722490606548577,0.630703166935051,0.026838432635534086,,,
138,0.17444981213097155,1.6170155662909287,10.540794417606012,10.681696188942565,41.84111647879764,14.97584541062802,8.59500805152979,7.87037037037037,1.2815351583467525,0.6642512077294686,1.0466988727858293,0.06038647342995169,0.6239935587761675,0.026838432635534086,,,
139,0.17444981213097155,1.6170155662909287,10.46027911969941,10.768921095008052,41.6129898013956,14.888620504562533,8.621846484165324,8.031400966183575,1.3486312399355878,0.7045088566827697,1.0601180891035964,0.06038647342995169,0.6239935587761675,0.026838432635534086,,,
140,0.17444981213097155,1.6103059581320451,10.446859903381643,10.876274825550189,41.42512077294686,14.834943639291465,8.608427267847558,8.085077831454644,1.402308105206656,0.7648953301127214,1.06682769726248,0.06038647342995169,0.6172839506172839,0.026838432635534086,,,
141,0.17444981213097155,1.583467525496511,10.36634460547504,11.030595813204508,41.176865271068166,14.794685990338165,8.53462157809984,8.179012345679013,1.5297906602254427,0.785024154589372,1.0869565217391304,0.08051529790660225,0.6508319914117016,0.026838432635534086,,,
142,0.17444981213097155,1.583467525496511,10.272410091250672,11.07085346215781,41.035963499731615,14.774557165861514,8.561460010735374,8.279656468062266,1.5297906602254427,0.8252818035426731,1.1137949543746646,0.08051529790660225,0.6642512077294686,0.026838432635534086,,0.0067096081588835215,
143,0.17444981213097155,1.570048309178744,10.279119699409554,11.05072463768116,40.83467525496511,14.74771873322598,8.621846484165324,8.387010198604402,1.5432098765432098,0.8252818035426731,1.1272141706924315,0.13419216317767044,0.6709608158883521,0.026838432635534086,,0.0067096081588835215,
144,0.15432098765432098,1.596886741814278,10.272410091250672,11.104401502952227,40.76086956521739,14.700751476113794,8.601717659688674,8.36688137412775,1.570048309178744,0.8588298443370908,1.1473429951690821,0.14761137949543746,0.6843800322061192,0.026838432635534086,,0.0067096081588835215,
145,0.15432098765432098,1.596886741814278,10.205314009661835,11.211755233494364,40.58641975308642,14.65378421900161,8.608427267847558,8.373590982286634,1.6170155662909287,0.8588298443370908,1.2412775093934514,0.16774020397208803,0.6910896403650026,0.026838432635534086,,0.0067096081588835215,
146,0.15432098765432098,1.596886741814278,10.225442834138486,11.171497584541063,40.365002683843265,14.63365539452496,8.635265700483092,8.548040794417606,1.6438539989264627,0.8588298443370908,1.2412775093934514,0.16774020397208803,0.7246376811594203,0.026838432635534086,,0.0067096081588835215,
147,0.15432098765432098,1.596886741814278,10.077831454643048,10.453569511540525,44.22973698336017,14.432367149758454,7.333601717659689,7.440955448201825,1.6639828234031133,0.6910896403650026,1.093666129898014,0.16774020397208803,0.630703166935051,0.026838432635534086,,0.0067096081588835215,
148,0.15432098765432098,1.596886741814278,10.037573805689748,10.560923242082662,44.06870638754697,14.42565754159957,7.333601717659689,7.48792270531401,1.6908212560386473,0.6910896403650026,1.1137949543746646,0.14090177133655393,0.630703166935051,0.06038647342995169,,0.0067096081588835215,
149,0.15432098765432098,0.8722490606548577,10.037573805689748,10.057702630166398,47.296027911969944,14.371980676328503,5.4616210413311865,7.669082125603865,1.6841116478797638,0.6709608158883521,0.9997316156736447,0.13419216317767044,0.5233494363929146,0.06038647342995169,,0.0067096081588835215,
150,0.14090177133655393,0.8521202361782072,9.88996242619431,8.870101986044014,52.52952227589909,11.614331723027375,5.24020397208803,6.951154052603328,1.5499194847020934,0.644122383252818,0.9728931830381106,0.13419216317767044,0.5770263016639828,0.026838432635534086,,0.0067096081588835215,
151,0.10735373054213634,0.19457863660762212,9.433709071390231,7.924047235641439,43.927804616210416,26.50295222758991,3.5091250670960816,4.931561996779388,1.6035963499731616,0.5636070853462157,0.8319914117015567,0.13419216317767044,0.30193236714975846,0.026838432635534086,,0.0067096081588835215,
152,0.10735373054213634,0.19457863660762212,9.648416532474503,7.843531937734836,43.65942028985507,26.33521202361782,3.5292538915727323,5.12614063338701,1.7176596886741815,0.48980139559849706,0.9393451422436929,0.12077294685990338,0.24154589371980675,0.026838432635534086,,0.020128824476650563,
153,0.10064412238325282,0.18115942028985507,9.64170692431562,7.87037037037037,43.39774557165862,26.133923778851315,3.535963499731616,5.267042404723564,1.9860440150295222,0.48980139559849706,0.9863123993558777,0.12077294685990338,0.24154589371980675,0.026838432635534086,,0.020128824476650563,
154,0.10064412238325282,0.18115942028985507,9.5276435856146,7.816693505099302,42.40472356414385,26.080246913580247,3.5292538915727323,6.260064412238325,2.006172839506173,0.48980139559849706,1.0601180891035964,0.24154589371980675,0.2549651100375738,0.026838432635534086,,0.020128824476650563,
155,0.10064412238325282,0.18115942028985507,13.593666129898015,7.648953301127214,39.86849168008588,25.93263553408481,3.1199677938808374,5.904455179817498,1.8451422436929683,0.5032206119162641,0.7783145464304885,0.2683843263553409,0.20799785292538917,0.026838432635534086,,0.020128824476650563,
156,0.10064412238325282,0.18115942028985507,13.56682769726248,7.568438003220612,39.67391304347826,25.85212023617821,3.1535158346752548,6.0587761674718195,1.9122383252818036,0.49651100375738055,0.8856682769726248,0.2683843263553409,0.20799785292538917,0.05367686527106817,,0.020128824476650563,
157,0.10064412238325282,0.18115942028985507,13.56682769726248,7.595276435856146,39.51959205582394,25.51663982823403,3.1535158346752548,6.172839506172839,2.2074610842726785,0.49651100375738055,0.9326355340848095,0.2885131508319914,0.20799785292538917,0.040257648953301126,,0.020128824476650563,
158,0.10064412238325282,0.18115942028985507,13.466183574879228,7.62211486849168,39.412238325281805,25.449543746645197,3.166935050993022,6.266774020397209,2.24771873322598,0.4830917874396135,1.0466988727858293,0.2885131508319914,0.20799785292538917,0.040257648953301126,,0.020128824476650563,
159,0.10064412238325282,0.18115942028985507,13.365539452495975,7.581857219538379,38.52657004830918,25.42270531400966,3.227321524422974,7.105475040257649,2.341653247450349,0.49651100375738055,1.0869565217391304,0.2885131508319914,0.20799785292538917,0.04696725711218465,,0.020128824476650563,
160,0.10064412238325282,0.18115942028985507,13.298443370907139,7.62211486849168,38.22463768115942,25.335480407944175,3.2206119162640903,7.367149758454106,2.408749329039184,0.49651100375738055,1.1808910359634996,0.2885131508319914,0.20799785292538917,0.04696725711218465,,0.020128824476650563,
161,0.10064412238325282,0.17444981213097155,12.177938808373591,8.749329039184111,38.00993022007515,25.11406333870102,3.3480944712828773,7.427536231884058,2.6502952227589907,0.49651100375738055,1.2010198604401503,0.2885131508319914,0.19457863660762212,0.04696725711218465,,0.020128824476650563,
