,45,50,51,53,52,55,54,56,57
0,97.1484165324745,2.8515834675254963,,,,,,,
1,97.08803005904456,2.9119699409554483,,,,,,,
2,97.08803005904456,2.9119699409554483,,,,,,,
3,96.65861513687601,3.3413848631239937,,,,,,,
4,95.18250134192164,4.817498658078368,,,,,,,
5,95.24959742351047,4.750402576489533,,,,,,,
6,95.05501878690285,4.810789049919484,0.13419216317767044,,,,,,
7,93.43800322061192,6.427804616210413,0.13419216317767044,,,,,,
8,93.5252281266774,6.340579710144928,0.13419216317767044,,,,,,
9,93.5252281266774,6.340579710144928,0.13419216317767044,,,,,,
10,88.49973161567364,11.252012882447666,0.13419216317767044,0.11406333870101985,,,,,
11,81.95115405260333,17.67981749865808,0.11406333870101985,0.11406333870101985,0.14090177133655393,,,,
12,78.9922168545357,20.75281803542673,,0.11406333870101985,0.14090177133655393,,,,
13,75.13419216317767,24.610842726784757,,0.11406333870101985,0.14090177133655393,,,,
14,74.6779388083736,25.067096081588836,,0.11406333870101985,0.14090177133655393,,,,
15,74.85909822866344,24.58400429414922,,0.11406333870101985,0.4428341384863124,,,,
16,70.69914117015567,27.730810520665592,1.0534084809447128,0.11406333870101985,0.4025764895330113,,,,
17,69.47128287707997,28.958668813741276,1.0534084809447128,0.11406333870101985,0.4025764895330113,,,,
18,70.35695115405261,28.079710144927535,1.0534084809447128,0.11406333870101985,0.39586688137412773,,,,
19,68.6862587224906,28.187063875469672,2.6167471819645733,0.11406333870101985,0.39586688137412773,,,,
20,68.71980676328502,28.28099838969404,2.4892646269457863,0.11406333870101985,0.39586688137412773,,,,
21,68.9345142243693,28.093129361245303,2.462426194310252,0.11406333870101985,0.39586688137412773,,,,
22,69.23644659151906,27.79790660225443,2.4557165861513686,0.11406333870101985,0.39586688137412773,,,,
23,63.801663982823406,33.25281803542673,2.4355877616747184,0.11406333870101985,0.39586688137412773,,,,
24,62.27187332259796,32.400697799248526,4.683306494900698,0.11406333870101985,0.39586688137412773,0.13419216317767044,,,
25,62.5,32.17257112184648,4.683306494900698,0.11406333870101985,0.39586688137412773,0.13419216317767044,,,
26,62.64761137949544,31.904186795491142,4.663177670424047,0.2549651100375738,0.39586688137412773,0.13419216317767044,,,
27,62.94283413848631,31.34728931830381,4.549114331723027,0.6575415995705851,0.36902844873859364,0.13419216317767044,,,
28,63.27160493827161,31.05877616747182,4.522275899087493,0.644122383252818,0.36902844873859364,0.13419216317767044,,,
29,62.795222758990874,28.327965646806227,4.49543746645196,0.5770263016639828,1.9659151905528718,0.12077294685990338,1.7176596886741815,,
30,61.89613526570049,29.05931293612453,4.455179817498658,0.5770263016639828,1.932367149758454,0.38915727321524424,1.6908212560386473,,
31,61.90955448201825,28.723832528180353,4.669887278582931,0.5770263016639828,2.0397208803005906,0.38915727321524424,1.6908212560386473,,
32,61.2385936661299,27.9723564143854,6.260064412238325,0.5770263016639828,2.0128824476650564,0.38915727321524424,1.5499194847020934,,
33,60.869565217391305,28.475577026301664,6.166129898013956,0.5770263016639828,1.9860440150295222,0.38915727321524424,1.5365002683843263,,
34,56.36070853462158,32.15915190552872,7.004830917874396,0.5770263016639828,1.9860440150295222,0.38915727321524424,1.5230810520665594,,
35,56.89076757917338,31.89747718733226,6.769994632313473,0.5770263016639828,1.9860440150295222,0.38915727321524424,1.4895330112721417,,
36,50.234836285560924,36.9699409554482,8.950617283950617,0.1878690284487386,1.778046162104133,0.38915727321524424,1.4895330112721417,,
37,50.62399355877617,36.63446054750403,8.896940418679549,0.1878690284487386,1.778046162104133,0.38915727321524424,1.4895330112721417,,
38,50.81186258722491,36.540526033279654,8.863392377885132,0.1878690284487386,1.7444981213097155,0.38915727321524424,1.4626945786366077,,
39,51.64385399892646,35.849436392914654,8.829844337090714,0.1878690284487386,1.6371443907675791,0.38915727321524424,1.4626945786366077,,
40,48.78556092324208,38.519860440150296,8.756038647342995,0.35560923242082665,1.6304347826086956,0.3757380568974772,1.5767579173376274,,
41,49.22839506172839,38.18438003220612,8.709071390230811,0.35560923242082665,1.6304347826086956,0.3757380568974772,1.5163714439076759,,
42,49.651100375738054,37.64090177133655,8.655394524959743,0.35560923242082665,1.5432098765432098,0.3757380568974772,1.778046162104133,,
43,45.893719806763286,41.90150295222759,8.380300590445518,0.24825550187869028,1.5432098765432098,0.3757380568974772,1.6572732152442298,,
44,46.202361782071925,41.666666666666664,8.299785292538916,0.36231884057971014,1.4761137949543746,0.3757380568974772,1.6170155662909287,,
45,44.44444444444444,43.51851851851852,8.219269994632313,0.3488996242619431,1.4761137949543746,0.3757380568974772,1.6170155662909287,,
46,42.81400966183575,45.07514761137949,8.172302737520129,0.6374127750939346,1.3150831991411702,0.36902844873859364,1.6170155662909287,,
47,42.330917874396135,43.592324208266234,10.138217928073,0.6374127750939346,1.3150831991411702,0.36902844873859364,1.6170155662909287,,
48,41.700214707461086,44.115673644659154,10.057702630166398,0.8454106280193237,1.3150831991411702,0.36231884057971014,1.6035963499731616,,
49,42.14975845410628,43.90096618357488,9.842995169082126,0.8252818035426731,1.3150831991411702,0.36231884057971014,1.6035963499731616,,
50,42.579173376274824,42.62614063338701,9.802737520128824,0.8252818035426731,2.200751476113795,0.36231884057971014,1.6035963499731616,,
51,39.65378421900161,49.973161567364464,5.642780461621041,0.8252818035426731,2.0665593129361244,0.08722490606548577,1.751207729468599,,
52,40.06977992485239,49.5907139023081,5.548845947396672,0.8118625872249061,2.0665593129361244,0.08722490606548577,1.8250134192163177,,
53,40.94202898550725,48.698336017176594,5.394524959742351,0.8118625872249061,2.1135265700483092,0.2147074610842727,1.8250134192163177,,
54,41.55931293612453,48.081052066559316,5.394524959742351,0.8118625872249061,2.1135265700483092,0.2147074610842727,1.8250134192163177,,
55,38.92243692968331,45.2361782071927,10.809178743961352,0.8118625872249061,2.0531400966183573,0.2147074610842727,1.9524959742351047,,
56,38.83521202361782,42.67981749865808,11.869296833064949,0.8118625872249061,2.0397208803005906,0.2147074610842727,3.549382716049383,,
57,38.177670424047236,40.45893719806763,14.962426194310252,0.6508319914117016,1.9927536231884058,0.2147074610842727,3.5426731078904994,,
58,37.224906065485776,41.257380568974774,15.177133655394526,0.6508319914117016,1.9659151905528718,0.2147074610842727,3.5091250670960816,,
59,38.2313472893183,40.49919484702093,15.009393451422437,0.6374127750939346,1.9524959742351047,0.2147074610842727,3.455448201825013,,
60,38.687600644122384,40.344873859366615,14.80810520665593,0.6239935587761675,1.9390767579173376,0.2147074610842727,3.3816425120772946,,
61,39.130434782608695,39.89533011272142,14.694041867954912,0.6105743424584005,1.9390767579173376,0.2147074610842727,3.515834675254965,,
62,39.754428341384866,39.492753623188406,14.533011272141707,0.6105743424584005,1.9122383252818036,0.2147074610842727,3.4822866344605474,,
63,39.91545893719807,38.466183574879224,15.888352120236178,0.5837359098228664,1.4694041867954912,0.2147074610842727,3.4621578099838968,,
64,40.4723564143854,38.05018786902845,15.687063875469672,0.7380568974771873,1.4694041867954912,0.18115942028985507,3.4017713365539453,,
65,40.88164251207729,37.74825550187869,15.599838969404187,0.7380568974771873,1.4626945786366077,0.18115942028985507,3.388352120236178,,
66,40.9621578099839,35.88298443370907,15.351583467525497,0.7380568974771873,1.4626945786366077,1.6438539989264627,3.9586688137412773,,
67,40.693773483628554,33.89023081052066,17.69994632313473,0.6843800322061192,1.42914653784219,1.6438539989264627,3.9586688137412773,,
68,40.55958132045089,32.689210950080515,19.202898550724637,0.5904455179817498,1.4224369296833066,1.6103059581320451,3.92512077294686,,
69,40.687063875469676,31.273483628556093,19.122383252818036,0.5904455179817498,3.066290928609769,1.482823403113258,3.7775093934514223,,
70,41.237251744498124,31.03864734299517,18.820450885668276,0.5904455179817498,3.066290928609769,1.4694041867954912,3.7775093934514223,,
71,41.243961352657,29.341116478797638,18.59903381642512,2.2074610842726785,3.066290928609769,1.4492753623188406,4.092860976918948,,
72,41.80085882984434,29.05931293612453,18.4447128287708,2.0933977455716586,3.0595813204508855,1.4492753623188406,4.092860976918948,,
73,42.028985507246375,28.06629092860977,17.92807300053677,2.073268921095008,4.17337627482555,1.2345679012345678,4.49543746645196,,
74,42.77375201288245,27.690552871712292,17.70665593129361,1.9927536231884058,4.146537842190016,1.2345679012345678,4.455179817498658,,
75,43.18974771873322,26.94578636607622,17.58588298443371,2.6838432635534084,4.079441760601181,1.0735373054213635,4.441760601180891,,
76,43.833870101986044,26.476113794954376,17.357756307031668,2.6838432635534084,4.005636070853462,1.2345679012345678,4.408212560386473,,
77,43.84728931830381,25.369028448738593,20.061728395061728,2.15378421900161,3.8580246913580245,0.30193236714975846,4.408212560386473,,
78,44.22973698336017,24.416264090177133,19.28341384863124,2.13365539452496,5.307300053676865,0.30193236714975846,4.327697262479871,,
79,44.64573268921095,24.174718196457327,18.491680085882983,1.9927536231884058,6.166129898013956,0.30193236714975846,4.2270531400966185,,
80,43.79361245303274,25.483091787439612,18.297101449275363,1.9927536231884058,5.9514224369296835,0.30193236714975846,4.180085882984434,,
81,44.37734836285561,25.174449812130973,17.867686527106816,2.2342995169082127,5.911164787976382,0.30193236714975846,4.133118625872249,,
82,36.4398819108964,18.129361245303276,36.83574879227053,1.724369296833065,3.69699409554482,0.20799785292538917,2.965646806226516,,
83,37.03703703703704,18.169618894256576,36.553945249597426,1.6438539989264627,3.556092324208266,0.20799785292538917,2.831454643048846,,
84,37.76167471819646,17.975040257648953,36.090982286634464,1.6438539989264627,3.5091250670960816,0.20799785292538917,2.8113258185721954,,
85,36.79549114331723,16.7337627482555,38.20450885668277,1.7579173376274826,3.3480944712828773,0.3488996242619431,2.8113258185721954,,
86,32.306763285024154,27.51610305958132,31.01851851851852,1.710950080515298,5.199946323134729,0.3153515834675255,1.932367149758454,,
87,32.95759527643585,27.140365002683843,30.475040257648953,1.710950080515298,5.152979066022544,0.47638217928073,2.086688137412775,,
88,33.52120236178207,26.952495974235106,30.152979066022546,1.710950080515298,5.119431025228127,0.47638217928073,2.0665593129361244,,
89,34.245840042941495,26.549919484702095,29.871175523349436,1.6908212560386473,4.985238862050457,0.4495437466451959,2.2074610842726785,,
90,34.47396672034353,25.55689747718733,29.086151368760063,1.6908212560386473,4.824208266237251,0.4495437466451959,3.9184111647879765,,
91,35.07783145464305,25.295222758990874,28.918411164787976,1.6505636070853462,4.783950617283951,0.4495437466451959,3.824476650563607,,
92,35.648148148148145,25.02012882447665,28.670155662909288,1.6170155662909287,4.783950617283951,0.4495437466451959,3.81105743424584,,
93,36.12453032742888,24.879227053140095,28.468867418142782,1.6170155662909287,4.676596886741814,0.43612453032742887,3.797638217928073,,
94,33.80971551261406,27.529522275899087,28.187063875469672,1.6035963499731616,4.64975845410628,0.43612453032742887,3.784219001610306,,
95,28.764090177133657,39.53972088030059,19.826892109500804,1.5096618357487923,7.675791733762749,0.43612453032742887,2.24771873322598,,
96,29.66988727858293,39.01637144390767,19.51825013419216,1.5096618357487923,7.601986044015029,0.43612453032742887,2.24771873322598,,
97,30.22007514761138,37.97638217928073,18.88083735909823,1.4694041867954912,8.796296296296296,0.41599570585077833,2.2410091250670963,,
98,30.649490069779926,37.533548040794415,18.833870101986044,1.4694041867954912,8.715780998389693,0.5568974771873323,2.2410091250670963,,
99,31.159420289855074,37.31884057971015,18.726516371443907,1.3955984970477724,8.641975308641975,0.5568974771873323,2.200751476113795,,
100,31.635802469135804,37.17122920021471,18.50509930220075,1.3955984970477724,8.59500805152979,0.5568974771873323,2.1403650026838434,,
101,32.70263016639828,36.54723564143854,18.344068706387546,1.3687600644122384,8.413848631239935,0.5300590445517982,2.0933977455716586,,
102,33.467525496511,36.24530327428878,17.995169082125603,1.3419216317767042,8.205850778314547,0.6575415995705851,2.086688137412775,,
103,33.400429414922165,26.32850241545894,28.395061728395063,1.3419216317767042,8.011272141706923,0.5166398282340311,2.006172839506173,,
104,33.62855609232421,26.422436929683307,28.12667740203972,1.3352120236178207,7.85024154589372,0.48980139559849706,2.006172839506173,0.14090177133655393,
105,34.05797101449275,26.207729468599034,27.84487385936661,1.3352120236178207,7.729468599033816,0.48980139559849706,2.1940418679549114,0.14090177133655393,
106,34.84299516908212,25.93263553408481,27.462426194310254,1.3352120236178207,7.62211486849168,0.48980139559849706,2.1739130434782608,0.14090177133655393,
107,35.560923242082666,25.657541599570585,27.120236178207193,1.3352120236178207,7.5281803542673105,0.48980139559849706,2.167203435319377,0.14090177133655393,
108,36.030595813204506,25.261674718196456,27.106816961889425,1.3352120236178207,7.474503488996243,0.48980139559849706,2.1604938271604937,0.14090177133655393,
109,36.93639291465379,24.872517444981213,26.7512077294686,1.3352120236178207,7.367149758454106,0.48980139559849706,2.1068169618894257,0.14090177133655393,
110,37.493290391841114,24.711486849168008,26.442565754159958,1.3352120236178207,7.326892109500805,0.48980139559849706,2.059849704777241,0.14090177133655393,
111,34.0378421900161,20.142243692968332,37.513419216317764,0.4495437466451959,5.8239398819108965,0.36902844873859364,1.5230810520665594,0.14090177133655393,
112,34.554482018250134,19.98792270531401,37.21148684916801,0.4495437466451959,5.776972624798712,0.36902844873859364,1.5096618357487923,0.14090177133655393,
113,35.01073537305421,19.887278582930758,36.862587224906065,0.4495437466451959,5.770263016639828,0.36902844873859364,1.5096618357487923,0.14090177133655393,
114,35.44015029522276,19.605475040257648,36.73510466988728,0.4495437466451959,5.763553408480945,0.36902844873859364,1.4962426194310252,0.14090177133655393,
115,35.87627482555019,19.51154052603328,36.45330112721417,0.4495437466451959,5.5756843800322065,0.36902844873859364,1.6237251744498122,0.14090177133655393,
116,36.460010735373054,19.390767579173378,36.01717659688674,0.4495437466451959,5.548845947396672,0.36902844873859364,1.6237251744498122,0.14090177133655393,
117,36.97665056360709,19.189479334406872,35.72195383789587,0.4495437466451959,5.381105743424584,0.5636070853462157,1.5767579173376274,0.14090177133655393,
118,37.56038647342995,19.0150295222759,35.32608695652174,0.4495437466451959,5.360976918947934,0.6709608158883521,1.4761137949543746,0.14090177133655393,
119,38.00993022007515,18.99490069779925,33.675523349436396,0.4025764895330113,5.314009661835748,2.01959205582394,1.442565754159957,0.14090177133655393,
120,38.6808910359635,18.833870101986044,33.28636607622115,0.4025764895330113,5.193236714975845,2.01959205582394,1.442565754159957,0.14090177133655393,
121,39.36527106816962,18.572195383789587,32.96430488459474,0.4025764895330113,5.112721417069243,2.01959205582394,1.4224369296833066,0.14090177133655393,
122,39.30488459473967,18.08239398819109,34.044551798174986,0.4025764895330113,4.582662372517445,2.01959205582394,1.4224369296833066,0.14090177133655393,
123,38.79495437466452,17.64626945786366,36.44659151905529,0.4025764895330113,3.3950617283950617,1.9592055823939882,1.2144390767579174,0.14090177133655393,
124,38.446054750402574,17.330917874396135,34.23913043478261,0.4025764895330113,6.515029522275899,1.710950080515298,1.2144390767579174,0.14090177133655393,
125,37.88915727321525,16.002415458937197,36.862587224906065,0.36902844873859364,6.025228126677402,1.7042404723564144,1.1473429951690821,,
126,38.31186258722491,15.962157809983896,36.540526033279654,0.36902844873859364,5.964841653247451,1.7042404723564144,1.1473429951690821,,
127,38.61379495437466,15.915190552871712,36.3593666129898,0.36902844873859364,5.924584004294149,1.6774020397208802,1.1406333870101986,,
128,39.378690284487384,15.861513687600644,35.67498658078368,0.36902844873859364,5.924584004294149,1.6505636070853462,1.1406333870101986,,
129,38.808373590982285,15.418679549114332,36.69484702093398,0.36902844873859364,5.790391841116479,1.6371443907675791,1.1406333870101986,0.14090177133655393,
130,39.28475577026302,15.28448738593666,36.540526033279654,0.36902844873859364,5.636070853462158,1.6304347826086956,1.1137949543746646,0.14090177133655393,
131,39.52630166398282,15.083199141170155,36.22517444981213,0.36902844873859364,5.991680085882985,1.6304347826086956,1.0332796564680622,0.14090177133655393,
132,40.143585614600106,14.80810520665593,36.03730542136339,0.36902844873859364,5.938003220611916,1.583467525496511,0.9796027911969941,0.14090177133655393,
133,40.713902308105204,14.680622651637144,35.46027911969941,0.36902844873859364,5.938003220611916,1.7176596886741815,0.9796027911969941,0.14090177133655393,
134,40.54616210413312,15.063070316693505,35.265700483091784,0.36902844873859364,5.917874396135265,1.7176596886741815,0.9796027911969941,0.14090177133655393,
135,40.94202898550725,14.922168545356952,35.10466988727858,0.36902844873859364,5.8239398819108965,1.7176596886741815,0.9796027911969941,0.14090177133655393,
136,41.44524959742351,14.781266774020397,34.77589908749329,0.36902844873859364,5.797101449275362,1.710950080515298,0.9796027911969941,0.14090177133655393,
137,41.80756843800322,14.647074610842727,34.574610842726784,0.36902844873859364,5.783682232957595,1.6975308641975309,0.9796027911969941,0.14090177133655393,
138,42.28395061728395,14.647074610842727,33.984165324745035,0.36902844873859364,5.776972624798712,1.8183038110574343,0.9796027911969941,0.14090177133655393,
139,42.76033279656468,14.546430488459475,33.66881374127751,0.36902844873859364,5.71658615136876,1.8183038110574343,0.9796027911969941,0.14090177133655393,
140,42.68652710681696,14.492753623188406,30.595813204508858,0.36902844873859364,5.548845947396672,5.226784755770263,0.9728931830381106,0.10735373054213634,
141,43.042136339237786,14.392109500805153,30.340848094471284,0.36902844873859364,5.548845947396672,5.226784755770263,0.9728931830381106,0.10735373054213634,
142,43.545356951154055,14.2914653784219,30.04562533548041,0.36902844873859364,5.481749865807837,5.186527106816962,0.9728931830381106,0.10735373054213634,
143,44.10225442834138,14.096886741814279,29.716854535695116,0.36902844873859364,6.66935050993022,3.965378421900161,0.9728931830381106,0.10735373054213634,
144,44.43102522812668,14.036500268384327,29.49543746645196,0.36902844873859364,6.488191089640365,3.965378421900161,1.107085346215781,0.10735373054213634,
145,44.87385936661299,13.79495437466452,29.03918411164788,0.6374127750939346,6.481481481481482,3.965378421900161,1.1003757380568975,0.10735373054213634,
146,45.58507783145464,13.694310252281268,28.73725174449812,0.6374127750939346,6.239935587761675,3.911701556629093,1.0869565217391304,0.10735373054213634,
147,46.08829844337091,13.580246913580247,28.475577026301664,0.6172839506172839,6.226516371443908,3.8177670424047236,1.0869565217391304,0.10735373054213634,
148,40.693773483628554,26.127214170692433,19.82018250134192,0.4495437466451959,8.548040794417606,3.5292538915727323,0.8319914117015567,,
149,41.06951154052604,25.97289318303811,19.659151905528716,0.4495437466451959,8.487654320987655,3.5292538915727323,0.8319914117015567,,
150,40.774288781535155,25.825281803542673,20.303274288781534,0.4495437466451959,8.413848631239935,3.4822866344605474,0.7514761137949544,,
151,40.54616210413312,24.671229200214707,19.961084272678477,0.4495437466451959,8.259527643585615,5.360976918947934,0.7514761137949544,,
152,41.04938271604938,24.496779388083738,19.847020933977454,0.41599570585077833,8.158883521202362,5.293880837359098,0.7380568974771873,,
153,40.37842190016103,24.094202898550726,19.082125603864736,3.307836822329576,8.11862587224906,4.314278046162104,0.7045088566827697,,
154,40.955448201825014,23.866076221148685,18.726516371443907,3.2877079978529253,8.024691358024691,4.435050993022007,0.7045088566827697,,
155,40.53274288781535,23.11460010735373,18.337359098228664,3.589640365002684,9.292807300053678,4.428341384863124,0.7045088566827697,,
156,41.096349973161566,22.893183038110575,18.149490069779926,3.569511540526033,9.185453569511541,4.40150295222759,0.7045088566827697,,
157,41.87466451959206,22.57783145464305,17.72007514761138,3.556092324208266,9.16532474503489,4.40150295222759,0.7045088566827697,,
158,42.07595276435856,22.322866344605476,17.693236714975846,3.5426731078904994,9.057971014492754,4.4820182501341925,0.8252818035426731,,
159,42.48523886205046,22.14170692431562,17.538915727321523,3.535963499731616,9.004294149221685,4.468599033816425,0.8252818035426731,,
160,42.860976918947934,21.866612989801396,17.498658078368223,3.502415458937198,8.977455716586151,4.468599033816425,0.8252818035426731,,
161,42.89452495974235,21.531132581857218,18.169618894256576,3.408480944712829,8.749329039184111,4.408212560386473,0.7246376811594203,0.11406333870101985,
162,43.303811057434245,21.4170692431562,17.840848094471284,3.2004830917874396,8.695652173913043,4.703435319377348,0.7246376811594203,0.11406333870101985,
163,42.901234567901234,21.18894256575416,19.30354267310789,3.166935050993022,7.98443370907139,4.555823939881911,0.6843800322061192,0.2147074610842727,
164,42.0625335480408,20.8064949006978,20.652173913043477,3.1333870101986045,7.9039184111647875,4.555823939881911,0.6709608158883521,0.2147074610842727,
165,42.81400966183575,20.591787439613526,20.44417606011809,3.066290928609769,7.716049382716049,4.51556629092861,0.6374127750939346,0.2147074610842727,
166,43.605743424584006,20.417337627482556,19.96779388083736,3.066290928609769,7.675791733762749,4.461889425657541,0.5904455179817498,0.2147074610842727,
167,43.934514224369295,20.29656468062265,19.981213097155127,2.9119699409554483,7.608695652173913,4.461889425657541,0.5904455179817498,0.2147074610842727,
168,42.50536768652711,18.65271068169619,20.055018786902846,2.9119699409554483,8.36688137412775,4.341116478797638,2.952227589908749,0.2147074610842727,
169,42.901234567901234,18.310520665593128,19.92753623188406,2.9119699409554483,8.360171765968868,4.294149221685454,2.952227589908749,0.3421900161030596,
170,43.364197530864196,17.860976918947934,19.699409554482017,2.9052603327965647,8.3064949006978,4.582662372517445,2.9388083735909825,0.3421900161030596,
171,43.98819108964037,17.57246376811594,19.32367149758454,2.9052603327965647,8.246108427267847,4.7168545356951155,2.9052603327965647,0.3421900161030596,
172,44.51154052603328,16.941760601180892,18.914385399892645,4.079441760601181,8.225979602791197,4.696725711218465,2.328234031132582,0.30193236714975846,
173,44.91411701556629,16.774020397208805,18.739935587761675,4.079441760601181,8.051529790660226,4.676596886741814,2.328234031132582,0.43612453032742887,
174,45.22275899087493,16.774020397208805,18.572195383789587,4.032474503488996,8.011272141706923,4.663177670424047,2.2879763821792807,0.43612453032742887,
175,45.54482018250134,16.67337627482555,18.47826086956522,4.019055287171229,7.991143317230274,4.62962962962963,2.227589908749329,0.43612453032742887,
176,45.8870101986044,16.512345679012345,18.431293612453032,4.019055287171229,7.944176060118089,4.575952764358561,2.1940418679549114,0.43612453032742887,
177,46.49087493290392,16.223832528180353,18.377616747181964,3.978797638217928,7.763016639828234,4.555823939881911,2.1739130434782608,0.43612453032742887,
178,46.81964573268921,16.19699409554482,18.230005367686527,3.978797638217928,7.635534084809447,4.42163177670424,2.1739130434782608,0.43612453032742887,0.10735373054213634
179,47.10144927536232,16.14331723027375,18.10252281266774,3.965378421900161,7.635534084809447,4.388083735909823,2.13365539452496,0.4227053140096618,0.10735373054213634
180,47.819377348362856,15.995705850778315,17.800590445517983,3.9519592055823938,7.561728395061729,4.260601180891036,2.0799785292538915,0.4227053140096618,0.10735373054213634
181,48.24208266237252,15.801127214170693,17.746913580246915,3.851315083199141,7.541599570585078,4.213633923778851,2.073268921095008,0.4227053140096618,0.10735373054213634
182,48.698336017176594,15.72061191626409,17.639559849704778,3.7640901771336552,7.440955448201825,4.139828234031133,2.0665593129361244,0.4227053140096618,0.10735373054213634
183,49.02710681696189,15.619967793880837,17.58588298443371,3.69699409554482,7.37385936661299,4.106280193236715,2.059849704777241,0.4227053140096618,0.10735373054213634
184,49.543746645195924,15.45222758990875,17.431561996779386,3.69699409554482,7.239667203435319,4.086151368760064,2.0263016639828235,0.4227053140096618,0.10064412238325282
185,49.36929683306495,15.217391304347826,16.99543746645196,4.663177670424047,7.139023081052066,3.9049919484702094,2.2879763821792807,0.322061191626409,0.10064412238325282
186,49.55716586151369,15.177133655394526,16.888083735909824,4.663177670424047,7.125603864734299,3.898282340311326,2.26784755770263,0.322061191626409,0.10064412238325282
187,49.86580783682233,15.069779924852389,16.76731078904992,4.62962962962963,7.078636607622115,3.898282340311326,2.26784755770263,0.322061191626409,0.10064412238325282
188,50.10735373054214,14.9020397208803,16.74718196457327,4.602791196994096,7.078636607622115,3.898282340311326,2.2410091250670963,0.322061191626409,0.10064412238325282
189,50.456253354804076,14.80810520665593,16.6532474503489,4.549114331723027,7.058507783145465,3.81105743424584,2.2410091250670963,0.322061191626409,0.10064412238325282
190,50.71121846484165,14.700751476113794,16.63311862587225,4.508856682769726,7.0383789586688135,3.7573805689747717,2.227589908749329,0.322061191626409,0.10064412238325282
191,51.09366612989801,14.65378421900161,16.485507246376812,4.428341384863124,6.991411701556629,3.7104133118625873,2.214170692431562,0.322061191626409,0.10064412238325282
192,50.7313472893183,13.399087493290391,16.324476650563607,4.320987654320987,6.937734836285561,5.662909286097692,2.2074610842726785,0.3153515834675255,0.10064412238325282
193,50.234836285560924,13.211218464841654,18.015297906602253,4.193505099302201,6.810252281266774,4.931561996779388,2.187332259796028,0.3153515834675255,0.10064412238325282
194,50.966183574879224,13.036768652710682,17.881105743424584,4.159957058507783,6.756575415995706,4.85775630703167,1.9256575415995705,0.3153515834675255,0.10064412238325282
195,51.42243692968331,12.869028448738593,17.538915727321523,4.159957058507783,6.66935050993022,4.8376274825550185,2.086688137412775,0.3153515834675255,0.10064412238325282
196,51.06682769726248,11.929683306494901,17.310789049919485,5.656199677938808,6.608964036500268,4.951690821256038,2.073268921095008,0.3153515834675255,0.08722490606548577
197,51.368760064412236,11.761943102522812,16.874664519592056,6.1929683306494905,6.421095008051529,4.911433172302737,2.0665593129361244,0.3153515834675255,0.08722490606548577
198,51.51637144390767,11.406333870101985,16.6532474503489,6.045356951154052,6.387546967257112,5.542136339237788,2.046430488459474,0.3153515834675255,0.08722490606548577
199,51.75791733762748,11.366076221148685,16.532474503488995,5.964841653247451,6.387546967257112,5.542136339237788,2.046430488459474,0.3153515834675255,0.08722490606548577
200,50.7313472893183,11.023886205045626,17.840848094471284,5.911164787976382,6.286902844873859,5.810520665593129,1.9927536231884058,0.3153515834675255,0.08722490606548577
201,50.68438003220612,11.010466988727858,17.787171229200215,5.877616747181965,6.260064412238325,5.810520665593129,1.9793344068706387,0.5032206119162641,0.08722490606548577
202,51.11379495437466,10.970209339774557,17.659688674181428,5.709876543209877,6.226516371443908,5.756843800322061,1.9726247987117553,0.5032206119162641,0.08722490606548577
203,51.59688674181428,10.903113258185721,17.431561996779386,5.642780461621041,6.1862587224906065,5.683038110574342,1.9726247987117553,0.49651100375738055,0.08722490606548577
204,51.85856146001073,10.84272678475577,17.364465915190554,5.629361245303274,6.099033816425121,5.649490069779925,1.9726247987117553,0.49651100375738055,0.08722490606548577
205,52.180622651637144,10.695115405260333,17.176596886741816,5.609232420826624,6.018518518518518,5.770263016639828,1.9659151905528718,0.49651100375738055,0.08722490606548577
206,52.41545893719807,10.567632850241546,17.143048845947398,5.60252281266774,5.958132045088567,5.763553408480945,1.9659151905528718,0.49651100375738055,0.08722490606548577
207,52.67713365539453,10.453569511540525,17.042404723564143,5.58239398819109,5.958132045088567,5.750134192163178,1.9524959742351047,0.49651100375738055,0.08722490606548577
208,53.07971014492754,10.36634460547504,16.80756843800322,5.58239398819109,5.958132045088567,5.683038110574342,1.9390767579173376,0.49651100375738055,0.08722490606548577
209,53.52254428341385,10.218733225979603,16.59957058507783,5.58239398819109,5.911164787976382,5.662909286097692,1.9390767579173376,0.47638217928073,0.08722490606548577
210,53.636607622114866,10.19189479334407,16.55931293612453,5.58239398819109,5.891035963499732,5.636070853462158,1.9390767579173376,0.47638217928073,0.08722490606548577
211,53.87144390767579,10.171765968867419,16.411701556629094,5.5756843800322065,5.877616747181965,5.595813204508857,1.932367149758454,0.47638217928073,0.08722490606548577
212,54.206924315619965,10.124798711755233,16.31105743424584,5.488459473966721,5.8172302737520125,5.5756843800322065,1.9122383252818036,0.47638217928073,0.08722490606548577
213,54.37466451959206,10.091250670960816,16.129898013955984,5.4616210413311865,5.790391841116479,5.562265163714439,2.0263016639828235,0.47638217928073,0.08722490606548577
214,54.66317767042405,10.017444981213098,15.874932903918411,5.434782608695652,5.891035963499732,5.555555555555555,1.9994632313472893,0.47638217928073,0.08722490606548577
215,54.97181964573269,9.997316156736447,15.814546430488459,5.22007514761138,5.978260869565218,5.501878690284487,1.9994632313472893,0.4294149221685454,0.08722490606548577
216,55.360976918947934,9.88996242619431,15.74074074074074,5.193236714975845,5.9514224369296835,5.35426731078905,1.9927536231884058,0.4294149221685454,0.08722490606548577
217,55.62936124530327,9.802737520128824,15.573000536768653,5.12614063338701,5.897745571658615,5.475040257648954,1.9793344068706387,0.4294149221685454,0.08722490606548577
218,54.74369296833065,9.574610842726784,15.33816425120773,7.729468599033816,5.884326355340848,5.152979066022544,1.0601180891035964,0.4294149221685454,0.08722490606548577
219,54.37466451959206,9.520933977455716,14.707461084272678,7.675791733762749,5.837359098228664,5.092592592592593,2.2745571658615136,0.4294149221685454,0.08722490606548577
220,54.5625335480408,9.447128287707997,14.714170692431562,7.62211486849168,5.8239398819108965,5.038915727321524,2.2745571658615136,0.4294149221685454,0.08722490606548577
221,54.86446591519055,9.426999463231347,14.579978529253891,7.561728395061729,5.783682232957595,5.032206119162641,2.2745571658615136,0.38915727321524424,0.08722490606548577
222,55.40794417606012,9.27938808373591,14.345142243692969,7.440955448201825,5.763553408480945,4.958400429414922,2.328234031132582,0.38915727321524424,0.08722490606548577
223,55.542136339237786,9.198872785829307,14.170692431561998,7.588566827697263,5.763553408480945,4.931561996779388,2.328234031132582,0.38915727321524424,0.08722490606548577
224,55.85748792270532,9.111647879763822,14.13714439076758,7.48792270531401,5.763553408480945,4.851046698872786,2.314814814814815,0.38915727321524424,0.08722490606548577
225,56.092324208266234,9.091519055287172,13.955984970477724,7.48792270531401,5.736714975845411,4.8443370907139025,2.314814814814815,0.38915727321524424,0.08722490606548577
226,56.447933440687066,8.896940418679549,13.848631239935587,7.367149758454106,5.622651637144391,5.072463768115942,2.26784755770263,0.38915727321524424,0.08722490606548577
227,56.515029522275896,8.796296296296296,13.855340848094471,7.266505636070853,5.750134192163178,5.072463768115942,2.26784755770263,0.38915727321524424,0.08722490606548577
228,56.91089640365003,8.749329039184111,13.761406333870102,7.226247987117552,5.743424584004294,4.87788513150832,2.254428341384863,0.38915727321524424,0.08722490606548577
229,57.05179817498658,8.722490606548577,13.754696725711218,7.199409554482019,5.71658615136876,4.830917874396135,2.24771873322598,0.38915727321524424,0.08722490606548577
230,57.37385936661299,8.722490606548577,13.633923778851315,7.051798174986581,5.71658615136876,4.777241009125067,2.24771873322598,0.38915727321524424,0.08722490606548577
231,57.46779388083736,8.635265700483092,13.687600644122384,7.018250134192163,5.6964573268921095,4.770531400966184,2.24771873322598,0.38915727321524424,0.08722490606548577
232,57.70263016639828,8.568169618894256,13.627214170692431,6.984702093397746,5.6964573268921095,4.730273752012883,2.24771873322598,0.35560923242082665,0.08722490606548577
233,58.111916264090176,8.55475040257649,13.446054750402576,6.910896403650026,5.5689747718733225,4.730273752012883,2.24771873322598,0.35560923242082665,0.07380568974771873
234,58.313204508856685,8.541331186258722,13.365539452495975,6.857219538378959,5.5689747718733225,4.703435319377348,2.2208803005904456,0.35560923242082665,0.07380568974771873
235,58.561460010735374,8.474235104669887,13.311862587224907,6.823671497584541,5.562265163714439,4.663177670424047,2.1739130434782608,0.35560923242082665,0.07380568974771873
236,58.77616747181965,8.387010198604402,13.191089640365004,6.756575415995706,5.622651637144391,4.663177670424047,2.1739130434782608,0.35560923242082665,0.07380568974771873
237,59.07809983896941,8.3064949006978,13.157541599570585,6.756575415995706,5.528717122920021,4.636339237788513,2.1068169618894257,0.35560923242082665,0.07380568974771873
238,59.245840042941495,8.246108427267847,13.110574342458401,6.696188942565755,5.528717122920021,4.636339237788513,2.1068169618894257,0.35560923242082665,0.07380568974771873
239,59.628287707997856,8.158883521202362,13.036768652710682,6.629092860976919,5.441492216854535,4.5893719806763285,2.1068169618894257,0.35560923242082665,0.05367686527106817
240,60.198604401502955,7.991143317230274,12.875738056897477,6.595544820182502,5.347557702630167,4.502147074610843,2.0933977455716586,0.3421900161030596,0.05367686527106817
241,59.17874396135266,7.326892109500805,12.815351583467525,6.635802469135802,5.320719269994632,4.374664519592056,3.9519592055823938,0.3421900161030596,0.05367686527106817
242,58.883521202361784,6.971282877079979,12.593934514224369,6.568706387546968,5.300590445517981,4.341116478797638,4.978529253891573,0.30864197530864196,0.05367686527106817
243,58.97074610842727,6.971282877079979,12.560386473429952,6.5485775630703165,5.287171229200215,4.341116478797638,4.958400429414922,0.30864197530864196,0.05367686527106817
244,59.29951690821256,6.937734836285561,12.513419216317766,6.380837359098229,5.280461621041331,4.341116478797638,4.736983360171766,0.4562533548040794,0.05367686527106817
245,59.634997316156735,6.877348362855609,12.406065485775631,6.374127750939345,5.260332796564681,4.327697262479871,4.609500805152979,0.4562533548040794,0.05367686527106817
246,60.13150831991412,6.857219538378959,12.29200214707461,6.226516371443908,5.22007514761138,4.17337627482555,4.5893719806763285,0.4562533548040794,0.05367686527106817
247,60.42673107890499,6.830381105743425,12.285292538915728,6.139291465378422,5.119431025228127,4.119699409554482,4.569243156199678,0.4562533548040794,0.05367686527106817
248,60.587761674718195,6.810252281266774,12.23161567364466,6.112453032742888,5.0858829844337095,4.119699409554482,4.542404723564144,0.4562533548040794,0.05367686527106817
249,60.77563070316693,6.655931293612453,12.177938808373591,6.320450885668277,5.025496511003757,3.8915727321524423,4.643048845947397,0.4562533548040794,0.05367686527106817
250,61.00375738056898,6.575415995705851,12.06387546967257,6.347289318303811,5.025496511003757,3.851315083199141,4.622920021470746,0.4562533548040794,0.05367686527106817
251,60.03086419753087,6.421095008051529,14.002952227589908,6.273483628556092,4.944981213097155,3.7104133118625873,4.133118625872249,0.4294149221685454,0.05367686527106817
252,60.38647342995169,6.394256575415996,13.781535158346752,6.226516371443908,4.944981213097155,3.670155662909286,4.133118625872249,0.4092860976918948,0.05367686527106817
253,60.581052066559316,6.300322061191626,13.70101986044015,6.146001073537305,4.944981213097155,3.797638217928073,4.072732152442297,0.4025764895330113,0.05367686527106817
254,60.53408480944713,6.266774020397209,13.955984970477724,6.146001073537305,4.824208266237251,3.7909286097691894,4.032474503488996,0.39586688137412773,0.05367686527106817
255,60.829307568438004,6.078904991948471,13.895598497047773,6.146001073537305,4.810789049919484,3.7573805689747717,4.032474503488996,0.39586688137412773,0.05367686527106817
256,60.990338164251206,6.031937734836285,13.841921631776705,6.105743424584004,4.851046698872786,3.750670960815888,3.978797638217928,0.39586688137412773,0.05367686527106817
257,61.030595813204506,6.018518518518518,13.593666129898015,6.085614600107354,4.851046698872786,4.019055287171229,3.9586688137412773,0.38915727321524424,0.05367686527106817
258,61.211755233494365,6.005099302200751,13.513150831991412,6.031937734836285,4.851046698872786,3.8714439076757916,4.072732152442297,0.38915727321524424,0.05367686527106817
259,61.85587761674718,5.971551261406334,13.18438003220612,5.998389694041868,4.770531400966184,3.8043478260869565,3.978797638217928,0.3824476650563607,0.05367686527106817
260,62.224906065485776,5.891035963499732,13.083735909822867,5.971551261406334,4.730273752012883,3.7573805689747717,3.9049919484702094,0.3824476650563607,0.05367686527106817
261,62.86231884057971,5.797101449275362,12.842190016103059,5.783682232957595,4.696725711218465,3.7037037037037037,3.878153515834675,0.3824476650563607,0.05367686527106817
262,63.36553945249597,5.797101449275362,12.741545893719806,5.783682232957595,4.341116478797638,3.683574879227053,3.851315083199141,0.3824476650563607,0.05367686527106817
263,63.801663982823406,5.797101449275362,12.661030595813205,5.662909286097692,4.327697262479871,3.5762211486849167,3.7372517444981215,0.3824476650563607,0.05367686527106817
264,64.07004830917874,5.689747718733226,12.526838432635534,5.629361245303274,4.300858829844337,3.5762211486849167,3.7775093934514223,0.3757380568974772,0.05367686527106817
265,64.29817498658079,5.669618894256575,12.466451959205582,5.5689747718733225,4.2270531400966185,3.5762211486849167,3.7640901771336552,0.3757380568974772,0.05367686527106817
266,64.79468599033817,5.562265163714439,12.057165861513688,5.508588298443371,4.193505099302201,3.535963499731616,3.9184111647879765,0.3757380568974772,0.05367686527106817
267,65.25093934514224,5.46833064949007,12.030327428878154,5.421363392377885,4.119699409554482,3.488996242619431,3.6500268384326353,0.5166398282340311,0.05367686527106817
268,65.42538915727322,5.448201825013419,11.969940955448202,5.421363392377885,4.1129898013955986,3.4822866344605474,3.5829307568438002,0.5032206119162641,0.05367686527106817
269,65.61325818572196,5.367686527106817,11.963231347289318,5.367686527106817,4.086151368760064,3.4822866344605474,3.5628019323671496,0.5032206119162641,0.05367686527106817
270,65.73403113258186,5.360976918947934,11.896135265700483,5.340848094471283,4.072732152442297,3.4822866344605474,3.556092324208266,0.5032206119162641,0.05367686527106817
271,66.0829307568438,5.314009661835748,11.862587224906065,5.307300053676865,3.9989264626945786,3.455448201825013,3.421900161030596,0.5032206119162641,0.05367686527106817
