,45,50,54,55,51,53,52,56
0,88.3185721953838,11.681427804616211,,,,,,
1,83.63526570048309,16.364734299516908,,,,,,
2,82.3671497584541,17.632850241545892,,,,,,
3,80.02549651100375,19.97450348899624,,,,,,
4,80.20665593129361,19.162640901771336,0.630703166935051,,,,,
5,80.22678475577027,19.142512077294686,0.630703166935051,,,,,
6,79.3947933440687,19.97450348899624,0.630703166935051,,,,,
7,56.756575415995705,42.3845947396672,0.630703166935051,0.2281266774020397,,,,
8,56.91760601180891,41.1634460547504,0.630703166935051,0.2281266774020397,1.0601180891035964,,,
9,57.23966720343532,40.86151368760064,0.630703166935051,0.2281266774020397,1.0399892646269457,,,
10,55.05904455179817,42.07595276435856,0.630703166935051,0.2281266774020397,1.0399892646269457,0.966183574879227,,
11,54.83762748255502,42.53220611916264,0.5770263016639828,0.2147074610842727,1.0399892646269457,0.798443370907139,,
12,50.55018786902845,46.88674181427805,0.5770263016639828,0.2147074610842727,1.0265700483091786,0.7447665056360708,,
13,50.13419216317767,47.36312399355877,0.5770263016639828,0.20799785292538917,0.9997316156736447,0.7179280730005367,,
14,49.20155662909286,48.30246913580247,0.5770263016639828,0.20799785292538917,0.9997316156736447,0.7112184648416533,,
15,49.39613526570049,48.107890499194845,0.5770263016639828,0.20799785292538917,0.9997316156736447,0.7112184648416533,,
16,49.5504562533548,47.63150831991412,0.5770263016639828,0.20799785292538917,1.1473429951690821,0.8856682769726248,,
17,49.77187332259796,47.14170692431562,0.5568974771873323,0.20799785292538917,1.4358561460010735,0.8856682769726248,,
18,45.28314546430489,50.1207729468599,2.0665593129361244,0.20799785292538917,1.4358561460010735,0.8856682769726248,,
19,44.18276972624799,51.2211486849168,2.0665593129361244,0.20799785292538917,1.4358561460010735,0.8856682769726248,,
20,44.196188942565755,50.516639828234034,2.0531400966183573,0.20799785292538917,1.4358561460010735,0.4294149221685454,1.1607622114868492,
21,42.45169082125604,51.83843263553408,2.006172839506173,0.6776704240472357,1.4358561460010735,0.4294149221685454,1.1607622114868492,
22,40.21068169618894,54.428341384863124,1.9860440150295222,0.6776704240472357,1.4358561460010735,0.27509393451422437,0.9863123993558777,
23,37.97638217928073,56.5552871712292,1.9860440150295222,0.6776704240472357,1.4358561460010735,0.3824476650563607,0.9863123993558777,
24,37.92270531400966,54.06602254428341,1.9726247987117553,0.6776704240472357,1.4358561460010735,0.2952227589908749,3.629898013955985,
25,38.25147611379496,53.77079978529254,1.9726247987117553,0.6776704240472357,1.4358561460010735,0.2952227589908749,3.5963499731615673,
26,38.81508319914117,51.64385399892646,3.1535158346752548,1.328502415458937,1.3955984970477724,0.2952227589908749,3.3682232957595275,
27,38.58695652173913,50.19457863660762,3.1468062265163717,2.1806226516371443,2.2410091250670963,0.28180354267310787,3.3682232957595275,
28,38.62050456253355,48.93317230273752,3.294417606011809,2.1068169618894257,3.3950617283950617,0.28180354267310787,3.3682232957595275,
29,37.27187332259796,46.9068706387547,3.260869565217391,2.0933977455716586,4.139828234031133,2.9723564143853998,3.3548040794417604,
30,37.56038647342995,46.69887278582931,3.260869565217391,2.046430488459474,4.139828234031133,2.945517981749866,3.3480944712828773,
31,38.2313472893183,45.14224369296833,3.2474503488996245,1.8988191089640365,4.106280193236715,4.133118625872249,3.240740740740741,
32,37.835480407944175,44.37734836285561,3.227321524422974,1.8988191089640365,4.03918411164788,4.133118625872249,4.488727858293076,
33,38.32528180354267,43.994900697799245,3.1870638754696725,1.8786902844873858,4.012345679012346,4.119699409554482,4.4820182501341925,
34,38.31857219538379,42.008856682769725,3.1870638754696725,1.8786902844873858,6.0654857756307035,4.0995705850778315,4.441760601180891,
35,37.895866881374126,40.89506172839506,3.1870638754696725,1.865271068169619,7.03166935050993,4.730273752012883,4.394793344068707,
36,37.01690821256039,41.21041331186259,2.7442297369833604,1.865271068169619,6.944444444444445,4.703435319377348,5.515297906602254,
37,34.49409554482018,44.73295759527644,2.7106816961889426,2.0531400966183573,5.837359098228664,4.703435319377348,5.46833064949007,
38,34.66854535695116,43.53864734299517,2.5161030595813205,2.0531400966183573,5.83064949006978,4.676596886741814,6.716317767042405,
39,35.13150831991412,43.15619967793881,2.5161030595813205,2.0397208803005906,5.83064949006978,4.622920021470746,6.702898550724638,
40,35.11808910359635,42.223564143854,2.49597423510467,2.1806226516371443,6.702898550724638,4.582662372517445,6.696188942565755,
41,32.79656468062265,45.108695652173914,2.49597423510467,2.1739130434782608,6.6760601180891035,4.663177670424047,6.085614600107354,
42,32.63553408480945,44.24986580783682,2.475845410628019,2.167203435319377,7.823403113258186,4.643048845947397,6.005099302200751,
43,31.662640901771336,42.45169082125604,1.8183038110574343,2.167203435319377,9.86983360171766,5.589103596349974,6.4412238325281805,
44,32.118894256575416,42.03569511540526,1.7981749865807837,2.147074610842727,9.822866344605474,5.495169082125604,6.582125603864735,
45,32.48121309715513,41.78073000536769,1.7981749865807837,2.1135265700483092,9.762479871175524,5.495169082125604,6.568706387546968,
46,32.340311325818575,40.82796564680623,2.2410091250670963,2.1135265700483092,10.534084809447128,5.414653784219001,6.528448738593666,
47,30.334138486312398,36.90955448201825,2.2208803005904456,3.92512077294686,14.969135802469136,5.35426731078905,6.286902844873859,
48,30.683038110574344,36.70155662909286,2.1940418679549114,3.8714439076757916,14.969135802469136,5.3274288781535155,6.253354804079442,
49,30.314009661835748,37.446323134728935,2.1940418679549114,3.8580246913580245,14.955716586151368,5.280461621041331,5.9514224369296835,
50,30.776972624798713,37.21148684916801,2.167203435319377,3.8043478260869565,14.848362855609233,5.24020397208803,5.9514224369296835,
51,31.011808910359633,36.198336017176594,2.15378421900161,3.978797638217928,16.15673644659152,4.562533548040794,5.938003220611916,
52,31.30703166935051,35.91653247450349,2.15378421900161,3.978797638217928,16.14331723027375,4.562533548040794,5.938003220611916,
53,30.629361245303276,37.78851315083199,2.15378421900161,3.9519592055823938,14.351851851851851,5.199946323134729,5.924584004294149,
54,30.52200751476114,36.66129898013956,1.7981749865807837,3.5963499731615673,14.210950080515298,7.326892109500805,5.884326355340848,
55,30.770263016639827,36.50697799248524,1.7914653784219001,2.9589371980676327,14.123725174449811,7.98443370907139,5.864197530864198,
56,30.253623188405797,35.13150831991412,1.7310789049919484,2.9589371980676327,16.23725174449812,7.823403113258186,5.864197530864198,
57,30.66290928609769,34.86983360171766,1.7042404723564144,2.945517981749866,16.170155662909288,7.809983896940419,5.837359098228664,
58,30.589103596349972,35.20531400966183,1.6639828234031133,2.9388083735909825,15.982286634460548,7.809983896940419,5.810520665593129,
59,30.683038110574344,34.76918947933441,2.38191089640365,2.9253891572732154,16.190284487385938,7.709339774557166,5.340848094471283,
60,30.971551261406333,34.60144927536232,2.38191089640365,2.9253891572732154,16.129898013955984,7.648953301127214,5.340848094471283,
61,30.803811057434245,34.12506709608159,2.368491680085883,2.9253891572732154,16.888083735909824,7.615405260332796,5.273752012882448,
62,31.0252281266774,34.044551798174986,2.3550724637681157,3.5762211486849167,16.774020397208805,6.977992485238862,5.246913580246914,
63,31.50161030595813,33.8365539452496,2.341653247450349,3.5762211486849167,16.6129898013956,6.9310252281266775,5.199946323134729,
64,31.696188942565755,33.722490606548575,2.341653247450349,3.556092324208266,16.552603327965645,6.9310252281266775,5.199946323134729,
65,31.93773483628556,32.950885668276975,2.341653247450349,4.247181964573269,16.431830381105744,6.910896403650026,5.179817498658078,
66,32.17257112184648,32.830112721417066,2.341653247450349,4.213633923778851,16.378153515834676,6.910896403650026,5.152979066022544,
67,32.6556629092861,32.51476113794954,2.341653247450349,4.213633923778851,16.284219001610307,6.870638754696726,5.119431025228127,
68,33.051529790660226,31.964573268921097,2.3349436392914655,4.146537842190016,15.942028985507246,6.749865807836822,5.810520665593129,
69,33.58829844337091,31.629092860976918,2.4691358024691357,4.119699409554482,15.666935050993022,6.723027375201288,5.803811057434245,
70,33.742619431025226,31.300322061191626,2.462426194310252,3.9720880300590444,15.24422973698336,7.541599570585078,5.736714975845411,
71,34.25925925925926,31.07890499194847,2.462426194310252,3.938539989264627,15.143585614600108,7.4208266237251745,5.6964573268921095,
72,34.21229200214707,30.97826086956522,2.4355877616747184,3.92512077294686,16.566022544283413,6.1862587224906065,5.6964573268921095,
73,34.534353193773484,30.783682232957595,2.3886205045625335,3.92512077294686,16.492216854535695,6.179549114331723,5.6964573268921095,
74,32.118894256575416,33.80971551261406,2.3886205045625335,3.92512077294686,15.915190552871712,6.146001073537305,5.6964573268921095,
75,31.09903381642512,33.071658615136876,2.3752012882447664,3.374932903918411,15.848094471282877,5.5756843800322065,8.655394524959743,
76,31.253354804079443,32.99785292538916,2.3752012882447664,3.374932903918411,15.821256038647343,5.5756843800322065,8.601717659688674,
77,28.488996242619432,28.904991948470208,2.086688137412775,2.281266774020397,27.885131508319915,3.7909286097691894,6.561996779388084,
78,29.066022544283413,28.723832528180353,2.059849704777241,2.254428341384863,27.65029522275899,3.7104133118625873,6.535158346752549,
79,29.347826086956523,28.267579173376276,2.033011272141707,2.254428341384863,24.496779388083738,7.065217391304348,6.535158346752549,
80,29.522275899087493,27.925389157273216,2.2879763821792807,2.254428341384863,24.44310252281267,7.051798174986581,6.515029522275899,
81,29.146537842190018,26.704240472356414,2.2879763821792807,2.2342995169082127,26.140633387010197,6.991411701556629,6.494900697799249,
82,29.314278046162105,26.50966183574879,2.6167471819645733,2.2342995169082127,25.664251207729468,7.179280730005368,6.481481481481482,
83,29.770531400966185,26.221148684916802,2.589908749329039,2.100107353730542,24.14117015566291,8.756038647342995,6.421095008051529,
84,29.401502952227588,25.301932367149757,2.5831991411701556,2.100107353730542,25.51663982823403,8.735909822866345,6.360708534621578,
85,29.602791196994094,25.161030595813205,2.7106816961889426,2.100107353730542,25.42270531400966,8.641975308641975,6.360708534621578,
86,30.079173376274827,25.05367686527107,2.6838432635534084,2.100107353730542,25.187869028448738,8.61513687600644,6.280193236714976,
87,30.50858829844337,24.9597423510467,2.6637144390767578,2.0933977455716586,25.167740203972087,8.360171765968868,6.246645195920558,
88,30.689747718733226,24.322329575952764,2.6637144390767578,2.690552871712292,24.9194847020934,8.340042941492216,6.246645195920558,0.1274825550187869
89,31.072195383789587,24.14787976382179,2.6637144390767578,2.690552871712292,24.65780998389694,8.252818035426731,6.387546967257112,0.1274825550187869
90,29.898013955984972,22.745571658615138,2.61003757380569,2.1806226516371443,28.166935050993022,9.400161030595813,4.871175523349437,0.1274825550187869
91,29.367954911433173,22.463768115942027,1.778046162104133,2.0665593129361244,27.9723564143854,8.246108427267847,7.977724100912507,0.1274825550187869
92,29.66988727858293,22.38996242619431,1.7646269457863661,2.0531400966183573,27.851583467525497,8.219269994632313,7.924047235641439,0.1274825550187869
93,29.87788513150832,22.309447128287708,1.7646269457863661,2.0531400966183573,27.623456790123456,8.319914117015566,7.924047235641439,0.1274825550187869
94,27.76435856146001,23.67149758454106,1.7646269457863661,2.1806226516371443,27.2812667740204,8.172302737520129,9.037842190016104,0.1274825550187869
95,28.22061191626409,23.49704777241009,1.7646269457863661,2.167203435319377,27.194041867954912,8.044820182501342,8.984165324745035,0.1274825550187869
96,27.83816425120773,22.758990874932906,1.751207729468599,2.187332259796028,26.637144390767578,7.447665056360709,11.352657004830919,0.026838432635534086
97,28.25415995705851,22.69860440150295,1.751207729468599,2.187332259796028,26.32850241545894,7.447665056360709,11.305689747718732,0.026838432635534086
98,28.488996242619432,22.517444981213096,1.7444981213097155,2.1739130434782608,25.845410628019323,7.447665056360709,11.75523349436393,0.026838432635534086
99,28.683574879227052,22.48389694041868,1.7444981213097155,2.1739130434782608,24.50348899624262,7.434245840042942,11.714975845410628,1.261406333870102
100,26.194310252281266,21.014492753623188,1.710950080515298,2.0799785292538915,31.05877616747182,5.776972624798712,10.929951690821255,1.2345679012345678
101,26.31508319914117,20.88030059044552,1.8719806763285025,2.0799785292538915,30.83064949006978,5.776972624798712,10.86285560923242,1.3821792807300053
102,26.73107890499195,20.82662372517445,1.8518518518518519,2.0799785292538915,30.62265163714439,5.649490069779925,10.856146001073537,1.3821792807300053
103,27.073268921095007,20.725979602791195,1.8451422436929683,2.033011272141707,30.50187869028449,5.642780461621041,10.795759527643586,1.3821792807300053
104,27.220880300590444,20.719269994632313,1.8451422436929683,2.033011272141707,30.387815351583466,5.615942028985507,10.795759527643586,1.3821792807300053
105,27.677133655394524,20.645464304884594,1.8451422436929683,2.033011272141707,30.132850241545892,5.515297906602254,10.795759527643586,1.3553408480944713
106,27.911969940955448,20.605206655931294,1.8451422436929683,2.033011272141707,30.038915727321523,5.515297906602254,10.695115405260333,1.3553408480944713
107,27.361782071927,20.04830917874396,1.5901771336553945,2.6637144390767578,30.891035963499732,5.475040257648954,10.61460010735373,1.3553408480944713
108,26.898819108964037,18.874127750939344,1.415727321524423,2.6637144390767578,33.12533548040794,5.401234567901234,10.339506172839506,1.2815351583467525
109,27.234299516908212,18.840579710144926,1.415727321524423,2.6637144390767578,31.743156199677937,6.508319914117015,10.312667740203972,1.2815351583467525
110,26.402308105206657,23.778851315083198,1.402308105206656,2.623456790123457,27.965646806226516,6.387546967257112,10.158346752549651,1.2815351583467525
111,26.744498121309714,23.698336017176597,1.3352120236178207,2.623456790123457,27.89855072463768,6.327160493827161,10.111379495437467,1.261406333870102
112,27.026301663982824,23.637949543746647,1.3352120236178207,2.623456790123457,27.74422973698336,6.327160493827161,10.044283413848632,1.261406333870102
113,27.274557165861513,23.55072463768116,1.3352120236178207,2.6167471819645733,27.61003757380569,6.320450885668277,10.030864197530864,1.261406333870102
114,27.63016639828234,23.637949543746647,1.2681159420289856,2.563070316693505,27.408749329039185,6.266774020397209,9.96376811594203,1.261406333870102
115,28.019323671497585,23.49033816425121,1.2681159420289856,2.563070316693505,27.18733225979603,6.246645195920558,9.96376811594203,1.261406333870102
116,28.24074074074074,23.45679012345679,1.261406333870102,2.563070316693505,27.066559312936125,6.246645195920558,9.903381642512077,1.261406333870102
117,27.569779924852387,22.63150831991412,1.261406333870102,3.7037037037037037,26.42914653784219,6.172839506172839,10.970209339774557,1.261406333870102
118,26.093666129898015,20.29656468062265,1.1607622114868492,3.670155662909286,31.42109500805153,5.756843800322061,10.34621578099839,1.2546967257112185
119,26.496242619431026,20.12211486849168,1.1607622114868492,3.6097691894793345,31.300322061191626,5.884326355340848,10.171765968867419,1.2546967257112185
120,26.670692431561996,19.85373054213634,1.1607622114868492,3.549382716049383,30.515297906602253,5.857487922705314,11.137949543746645,1.2546967257112185
121,27.234299516908212,19.685990338164252,1.1607622114868492,3.515834675254965,30.273752012882447,5.850778314546431,11.037305421363392,1.2412775093934514
122,27.697262479871174,19.484702093397747,1.1607622114868492,3.515834675254965,30.193236714975846,5.837359098228664,10.869565217391305,1.2412775093934514
123,28.26086956521739,19.404186795491142,1.1607622114868492,3.4621578099838968,29.851046698872786,5.8172302737520125,10.802469135802468,1.2412775093934514
124,28.549382716049383,19.296833064949006,1.442565754159957,3.44873859366613,28.764090177133657,5.790391841116479,11.466720343531938,1.2412775093934514
125,28.965378421900162,19.189479334406872,1.42914653784219,3.44873859366613,28.56280193236715,5.71658615136876,11.460010735373054,1.2278582930756843
126,29.032474503488995,19.04186795491143,1.42914653784219,5.978260869565218,26.717659688674182,5.508588298443371,11.419753086419753,0.8722490606548577
127,29.334406870638755,18.96135265700483,1.4224369296833066,5.9514224369296835,26.570048309178745,5.481749865807837,11.406333870101985,0.8722490606548577
128,29.502147074610843,18.96135265700483,1.4224369296833066,5.938003220611916,26.42914653784219,5.481749865807837,11.392914653784219,0.8722490606548577
129,29.723564143854,18.88083735909823,1.4224369296833066,5.904455179817498,26.187600644122384,5.790391841116479,11.218464841653248,0.8722490606548577
130,29.851046698872786,18.820450885668276,1.402308105206656,5.904455179817498,25.865539452495973,5.770263016639828,11.513687600644122,0.8722490606548577
131,30.06575415995706,18.907675791733762,1.3821792807300053,5.877616747181965,25.72463768115942,5.743424584004294,11.426462694578637,0.8722490606548577
132,30.327428878153516,18.86070853462158,1.3553408480944713,5.877616747181965,25.577026301663984,5.730005367686527,11.399624261943103,0.8722490606548577
133,30.10601180891036,18.19645732689211,1.3553408480944713,5.850778314546431,25.55689747718733,6.723027375201288,11.33923778851315,0.8722490606548577
134,29.025764895330113,20.00805152979066,1.3553408480944713,5.837359098228664,24.90606548577563,6.696188942565755,11.29898013955985,0.8722490606548577
135,28.804347826086957,19.79334406870639,1.3553408480944713,6.494900697799249,25.0,6.582125603864735,11.097691894793345,0.8722490606548577
136,28.629898013955984,19.746376811594203,1.3553408480944713,6.387546967257112,26.20101986044015,5.897745571658615,10.909822866344605,0.8722490606548577
137,29.032474503488995,19.585346215780998,1.3419216317767042,6.340579710144928,26.053408480944714,5.897745571658615,10.876274825550189,0.8722490606548577
138,29.341116478797638,19.504830917874397,1.3419216317767042,6.333870101986044,25.89237788513151,5.870907139023081,10.84272678475577,0.8722490606548577
139,29.70343531937735,19.350509930220074,1.3419216317767042,6.286902844873859,25.81857219538379,5.850778314546431,10.775630703166936,0.8722490606548577
140,30.139559849704778,19.129092860976918,1.3352120236178207,6.213097155126141,25.717928073000536,5.837359098228664,10.755501878690284,0.8722490606548577
141,29.757112184648417,18.867418142780462,2.120236178207193,6.280193236714976,24.510198604401502,5.770263016639828,11.822329575952764,0.8722490606548577
142,29.636339237788512,18.733225979602793,2.046430488459474,6.253354804079442,25.10064412238325,5.770263016639828,11.58749329039184,0.8722490606548577
143,29.985238862050455,18.699677938808374,2.046430488459474,6.206387546967257,24.93961352657005,5.750134192163178,11.500268384326356,0.8722490606548577
144,30.334138486312398,18.679549114331724,2.408749329039184,6.092324208266238,24.792002147074612,5.723295759527644,11.097691894793345,0.8722490606548577
145,30.689747718733226,18.625872249060656,2.408749329039184,6.092324208266238,24.570585077831456,5.71658615136876,11.05072463768116,0.8454106280193237
146,30.92458400429415,18.344068706387546,2.3886205045625335,6.092324208266238,24.3894256575416,5.703166935050993,11.312399355877616,0.8454106280193237
147,30.951422436929683,18.189747718733226,2.227589908749329,6.0587761674718195,24.84567901234568,5.689747718733226,11.191626409017713,0.8454106280193237
148,30.750134192163177,17.505367686527105,2.073268921095008,6.045356951154052,25.771604938271604,5.636070853462158,11.372785829307569,0.8454106280193237
149,29.978529253891573,17.24369296833065,2.0665593129361244,5.46833064949007,27.462426194310254,5.589103596349974,11.345947396672035,0.8454106280193237
150,29.488727858293075,16.243961352657006,2.0665593129361244,5.46833064949007,30.35426731078905,5.515297906602254,10.017444981213098,0.8454106280193237
151,29.837627482555018,15.995705850778315,2.0665593129361244,5.4616210413311865,30.293880837359097,5.508588298443371,9.990606548577563,0.8454106280193237
152,29.97181964573269,15.98899624261943,2.0665593129361244,5.4616210413311865,30.16639828234031,5.508588298443371,9.990606548577563,0.8454106280193237
153,30.340848094471284,15.915190552871712,2.033011272141707,5.4549114331723025,30.005367686527105,5.495169082125604,9.91009125067096,0.8454106280193237
154,30.48845947396672,15.874932903918411,3.066290928609769,5.428073000536768,29.508856682769725,5.434782608695652,9.863123993558776,0.33548040794417605
155,30.66290928609769,15.848094471282877,3.066290928609769,5.414653784219001,29.414922168545356,5.434782608695652,9.822866344605474,0.33548040794417605
156,31.199677938808374,15.660225442834138,3.0059044551798175,5.414653784219001,29.24718196457327,5.414653784219001,9.722222222222221,0.33548040794417605
157,31.0654857756307,15.599838969404187,2.9723564143853998,5.367686527106817,30.059044551798173,5.193236714975845,9.406870638754697,0.33548040794417605
158,31.233225979602793,15.505904455179817,2.965646806226516,5.367686527106817,30.02549651100376,5.193236714975845,9.373322597960279,0.33548040794417605
159,31.15271068169619,15.479066022544284,2.952227589908749,5.367686527106817,29.005636070853463,5.025496511003757,10.681696188942565,0.33548040794417605
160,31.30703166935051,15.458937198067632,2.871712292002147,5.347557702630167,28.529253891572733,5.723295759527644,10.426731078904991,0.33548040794417605
161,31.709608158883523,15.35829307568438,2.871712292002147,5.340848094471283,28.267579173376276,5.6964573268921095,10.420021470746109,0.33548040794417605
162,31.682769726247987,15.344873859366613,2.831454643048846,6.360708534621578,27.4422973698336,5.683038110574342,10.36634460547504,0.2885131508319914
163,31.85721953837896,15.237520128824476,2.831454643048846,7.340311325818572,26.455984970477726,5.669618894256575,10.34621578099839,0.2616747181964573
164,31.374127750939344,15.143585614600108,2.8247450348899625,7.333601717659689,27.549651100375737,5.669618894256575,9.842995169082126,0.2616747181964573
165,31.266774020397207,14.9020397208803,3.535963499731616,7.27992485238862,27.388620504562535,5.642780461621041,9.722222222222221,0.2616747181964573
166,31.582125603864736,14.801395598497047,3.535963499731616,7.192699946323135,27.3215244229737,5.589103596349974,9.71551261406334,0.2616747181964573
167,31.97128287707998,14.61352657004831,3.7640901771336552,7.152442297369833,27.180622651637144,5.548845947396672,9.50751476113795,0.2616747181964573
168,32.118894256575416,14.593397745571659,3.7640901771336552,7.14573268921095,27.140365002683843,5.528717122920021,9.447128287707997,0.2616747181964573
169,32.32018250134192,14.566559312936125,3.7640901771336552,7.078636607622115,27.126945786366075,5.515297906602254,9.406870638754697,0.2214170692431562
170,31.904186795491142,14.586688137412775,3.717122920021471,7.065217391304348,27.717391304347824,5.414653784219001,9.373322597960279,0.2214170692431562
171,32.21282877079979,14.579978529253891,3.717122920021471,7.051798174986581,27.509393451422437,5.374396135265701,9.333064949006978,0.2214170692431562
172,32.45437466451959,14.53972088030059,3.717122920021471,7.051798174986581,27.388620504562535,5.360976918947934,9.265968867418144,0.2214170692431562
173,32.29334406870639,14.506172839506172,3.3816425120772946,6.91760601180891,26.992753623188406,6.709608158883521,8.977455716586151,0.2214170692431562
174,32.648953301127214,14.459205582393988,3.3548040794417604,6.863929146537842,26.86527106816962,6.736446591519055,8.849973161567364,0.2214170692431562
175,32.9777241009125,14.345142243692969,3.5292538915727323,6.790123456790123,26.38888888888889,7.018250134192163,8.749329039184111,0.20128824476650564
176,33.24610842726785,14.304884594739667,3.5091250670960816,6.78341384863124,26.234567901234566,6.977992485238862,8.742619431025227,0.20128824476650564
177,33.58829844337091,14.27133655394525,3.455448201825013,6.78341384863124,26.02657004830918,6.977992485238862,8.695652173913043,0.20128824476650564
178,33.77616747181965,14.197530864197532,3.44873859366613,6.78341384863124,25.95276435856146,6.944444444444445,8.695652173913043,0.20128824476650564
179,33.91035963499731,14.130434782608695,3.44873859366613,6.78341384863124,25.91250670960816,6.91760601180891,8.695652173913043,0.20128824476650564
180,34.12506709608159,14.103596349973161,3.4151905528717124,6.723027375201288,25.89237788513151,6.91760601180891,8.621846484165324,0.20128824476650564
181,34.306226516371446,14.002952227589908,3.4151905528717124,6.723027375201288,25.751476113794954,6.790123456790123,8.809715512614064,0.20128824476650564
182,34.09822866344606,13.955984970477724,3.3682232957595275,6.568706387546968,25.301932367149757,7.763016639828234,8.742619431025227,0.20128824476650564
183,34.46725711218465,13.81508319914117,3.3279656468062266,6.568706387546968,25.201288244766506,7.763016639828234,8.655394524959743,0.20128824476650564
184,34.37332259796028,13.493022007514762,4.025764895330113,6.535158346752549,25.05367686527107,7.709339774557166,8.648684916800859,0.1610305958132045
185,34.514224369296834,13.311862587224907,4.025764895330113,5.8239398819108965,24.986580783682232,7.689210950080516,9.4873859366613,0.1610305958132045
186,31.863929146537842,21.70558239398819,3.4688674181427803,5.736714975845411,20.551529790660226,7.64224369296833,8.870101986044014,0.1610305958132045
187,32.17928073000537,20.638754696725712,3.421900161030596,6.8035426731078905,20.356951154052602,7.568438003220612,8.870101986044014,0.1610305958132045
188,32.367149758454104,20.598497047772412,3.421900161030596,6.729736983360172,20.33011272141707,7.5348899624261945,8.856682769726248,0.1610305958132045
189,30.797101449275363,20.25630703166935,3.3480944712828773,6.099033816425121,18.16290928609769,7.521470746108427,13.674181427804616,0.14090177133655393
190,30.703166935050994,20.075147611379496,3.3279656468062266,6.736446591519055,17.51207729468599,8.266237251744498,13.238056897477188,0.14090177133655393
191,30.83064949006978,19.847020933977454,3.280998389694042,6.702898550724638,18.310520665593128,8.11862587224906,12.76838432635534,0.14090177133655393
192,31.17283950617284,19.484702093397747,3.240740740740741,6.608964036500268,17.807300053676865,9.01100375738057,12.533548040794418,0.14090177133655393
193,31.488191089640367,19.464573268921097,3.2340311325818574,6.5552871712292005,17.67981749865808,8.917069243156199,12.52012882447665,0.14090177133655393
194,31.78341384863124,19.209608158883523,3.2004830917874396,6.689479334406871,17.344337090713903,8.910359634997317,12.721417069243156,0.14090177133655393
195,32.23966720343532,19.142512077294686,3.166935050993022,6.588835212023618,17.330917874396135,8.883521202361782,12.506709608158884,0.14090177133655393
196,32.55501878690284,19.142512077294686,3.1602254428341383,6.582125603864735,17.136339237788512,8.82313472893183,12.4597423510467,0.14090177133655393
197,32.83682232957595,19.122383252818036,3.1602254428341383,6.582125603864735,17.06924315619968,8.789586688137414,12.298711755233494,0.14090177133655393
198,33.1454643048846,19.008319914117017,3.1602254428341383,6.5552871712292005,16.935050993022006,8.756038647342995,12.298711755233494,0.14090177133655393
199,33.45410628019324,18.907675791733762,3.1333870101986045,6.501610305958132,16.867954911433173,8.735909822866345,12.258454106280194,0.14090177133655393
200,33.84997316156736,18.82716049382716,3.1199677938808374,6.494900697799249,16.75389157273215,8.675523349436393,12.13768115942029,0.14090177133655393
201,33.4272678475577,18.65271068169619,3.052871712292002,6.756575415995706,15.505904455179817,8.400429414922169,14.06333870101986,0.14090177133655393
202,33.52120236178207,18.605743424584006,3.052871712292002,6.488191089640365,15.4723564143854,8.695652173913043,14.049919484702093,0.11406333870101985
203,33.9573268921095,18.357487922705314,3.052871712292002,6.414385399892646,15.411969940955448,8.662104133118627,14.029790660225443,0.11406333870101985
204,34.292807300053674,18.263553408480945,3.026033279656468,6.246645195920558,15.411969940955448,8.621846484165324,14.023081052066559,0.11406333870101985
205,34.66854535695116,18.156199677938808,3.0193236714975846,6.166129898013956,15.351583467525497,8.621846484165324,13.902308105206655,0.11406333870101985
206,34.84299516908212,18.095813204508858,3.0193236714975846,6.166129898013956,15.304616210413311,8.601717659688674,13.855340848094471,0.11406333870101985
207,35.037573805689746,18.04884594739667,2.898550724637681,6.159420289855072,15.277777777777779,8.61513687600644,13.848631239935587,0.11406333870101985
208,35.198604401502955,18.04213633923779,2.898550724637681,6.125872249060655,15.22410091250671,8.61513687600644,13.781535158346752,0.11406333870101985
209,35.41331186258722,17.98845947396672,2.898550724637681,6.092324208266238,15.197262479871176,8.55475040257649,13.741277509393452,0.11406333870101985
210,35.11808910359635,17.907944176060116,2.898550724637681,6.0654857756307035,14.841653247450349,8.55475040257649,14.49946323134729,0.11406333870101985
211,35.61460010735373,17.887815351583466,2.871712292002147,6.011808910359635,14.821524422973699,8.474235104669887,14.204240472356414,0.11406333870101985
212,34.896672034353195,16.99543746645196,2.804616210413312,6.005099302200751,16.163446054750402,8.272946859903382,14.74771873322598,0.11406333870101985
213,35.18518518518518,16.941760601180892,2.804616210413312,5.9447128287707995,16.13660762211487,8.225979602791197,14.647074610842727,0.11406333870101985
214,35.017444981213096,16.847826086956523,2.804616210413312,5.891035963499732,15.83467525496511,9.326355340848094,14.163982823403114,0.11406333870101985
215,35.68169618894257,16.659957058507782,2.6033279656468062,5.877616747181965,15.687063875469672,9.306226516371444,14.070048309178745,0.11406333870101985
216,35.21202361782072,16.451959205582394,2.576489533011272,5.877616747181965,16.15673644659152,9.668545356951155,13.942565754159958,0.11406333870101985
217,35.32608695652174,16.411701556629094,2.7106816961889426,5.870907139023081,16.049382716049383,9.66183574879227,13.855340848094471,0.11406333870101985
218,34.46054750402576,16.19699409554482,2.690552871712292,5.770263016639828,16.069511540526033,9.64170692431562,15.056360708534621,0.11406333870101985
219,34.70880300590446,16.15673644659152,2.690552871712292,5.770263016639828,15.995705850778315,9.588030059044552,14.97584541062802,0.11406333870101985
220,34.91009125067096,16.10305958132045,2.690552871712292,5.743424584004294,15.942028985507246,9.54777241009125,14.949006977992486,0.11406333870101985
221,35.265700483091784,16.009125067096083,2.657004830917874,5.703166935050993,15.901771336553946,9.534353193773484,14.814814814814815,0.11406333870101985
222,35.507246376811594,15.921900161030596,2.657004830917874,5.703166935050993,15.848094471282877,9.46725711218465,14.781266774020397,0.11406333870101985
223,35.42673107890499,15.888352120236178,2.657004830917874,5.683038110574342,15.197262479871176,9.433709071390231,15.599838969404187,0.11406333870101985
224,35.527375201288244,15.888352120236178,2.791196994095545,5.562265163714439,15.177133655394526,9.39345142243693,15.546162104133119,0.11406333870101985
225,35.36634460547504,15.707192699946322,2.8381642512077296,5.548845947396672,14.922168545356952,9.373322597960279,16.129898013955984,0.11406333870101985
226,35.527375201288244,15.613258185721953,2.8381642512077296,5.548845947396672,14.868491680085883,9.373322597960279,16.11647879763822,0.11406333870101985
227,35.66156736446592,15.593129361245303,2.7844873859366612,5.481749865807837,14.868491680085883,9.588030059044552,15.908480944712828,0.11406333870101985
228,36.218464841653244,15.277777777777779,2.7241009125067097,5.636070853462158,14.828234031132581,9.574610842726784,15.626677402039721,0.11406333870101985
229,36.52710681696189,15.177133655394526,2.7106816961889426,5.636070853462158,14.727589908749328,9.520933977455716,15.58641975308642,0.11406333870101985
230,36.90955448201825,15.03623188405797,2.7106816961889426,5.629361245303274,14.553140096618357,9.480676328502415,15.566290928609769,0.11406333870101985
231,37.164519592055825,14.895330112721417,2.8381642512077296,5.750134192163178,14.53972088030059,9.480676328502415,15.217391304347826,0.11406333870101985
232,37.35238862050456,14.855072463768115,2.8113258185721954,5.71658615136876,14.472624798711756,9.473966720343531,15.203972088030058,0.11406333870101985
233,37.64090177133655,14.828234031132581,2.8113258185721954,5.629361245303274,14.40552871712292,9.447128287707997,15.123456790123457,0.11406333870101985
234,36.131239935587764,14.486044015029522,2.7979066022544283,5.35426731078905,18.16290928609769,8.769457863660762,14.184111647879764,0.11406333870101985
235,36.37949543746645,14.418947933440688,2.7979066022544283,5.340848094471283,18.06226516371444,8.769457863660762,14.11701556629093,0.11406333870101985
236,36.71497584541063,14.378690284487385,2.7509393451422435,5.24020397208803,18.055555555555557,8.742619431025227,14.002952227589908,0.11406333870101985
237,37.265163714439076,14.304884594739667,2.717391304347826,5.2066559312936125,17.767042404723565,8.675523349436393,13.94927536231884,0.11406333870101985
238,37.63419216317767,14.224369296833064,2.717391304347826,5.179817498658078,17.66639828234031,8.641975308641975,13.821792807300053,0.11406333870101985
239,37.58722490606549,14.184111647879764,2.9052603327965647,5.152979066022544,18.65271068169619,8.628556092324208,12.775093934514224,0.11406333870101985
240,37.88915727321525,14.13714439076758,2.8918411164787976,5.146269457863661,18.63929146537842,8.480944712828771,12.701288244766506,0.11406333870101985
241,37.3792270531401,13.533279656468062,2.791196994095545,5.112721417069243,20.39049919484702,8.420558239398819,12.258454106280194,0.11406333870101985
242,37.64761137949544,13.43263553408481,2.791196994095545,5.112721417069243,20.33011272141707,8.400429414922169,12.171229200214707,0.11406333870101985
243,37.92941492216855,13.325281803542673,2.7844873859366612,5.072463768115942,20.263016639828233,8.400429414922169,12.110842726784755,0.11406333870101985
244,38.439345142243695,13.298443370907139,2.7777777777777777,5.072463768115942,20.169082125603865,8.125335480407944,12.00348899624262,0.11406333870101985
245,38.58695652173913,13.278314546430488,2.771068169618894,5.052334943639291,20.115405260332796,8.09849704777241,11.98336017176597,0.11406333870101985
246,38.71443907675792,13.251476113794954,2.771068169618894,5.052334943639291,20.04830917874396,8.071658615136876,11.976650563607086,0.11406333870101985
247,39.070048309178745,13.123993558776167,2.771068169618894,5.038915727321524,19.97450348899624,8.044820182501342,11.862587224906065,0.11406333870101985
248,39.27133655394525,13.077026301663983,2.771068169618894,5.01207729468599,19.887278582930758,8.031400966183575,11.83574879227053,0.11406333870101985
249,39.54643048845947,13.009930220075148,2.771068169618894,5.01207729468599,19.80005367686527,7.924047235641439,11.822329575952764,0.11406333870101985
250,39.774557165861516,12.969672571121846,2.771068169618894,5.233494363929147,19.424315619967793,7.897208803005904,11.81561996779388,0.11406333870101985
251,39.99597423510467,12.949543746645196,2.771068169618894,5.179817498658078,19.350509930220074,7.85024154589372,11.788781535158346,0.11406333870101985
252,40.19055287171229,12.93612453032743,2.771068169618894,5.179817498658078,19.236446591519055,7.836822329575953,11.735104669887278,0.11406333870101985
253,40.365002683843265,12.855609232420827,2.771068169618894,5.179817498658078,19.176060118089104,7.830112721417069,11.708266237251744,0.11406333870101985
254,40.61996779388084,12.795222758990874,2.771068169618894,5.173107890499195,19.0955448201825,7.776435856146001,11.654589371980677,0.11406333870101985
255,40.87493290391841,12.681159420289855,2.7241009125067097,5.139559849704777,18.78690284487386,8.064949006977992,11.614331723027375,0.11406333870101985
256,41.14331723027375,12.567096081588835,2.703972088030059,5.10601180891036,18.753354804079443,8.017981749865807,11.594202898550725,0.11406333870101985
257,41.4922168545357,12.426194310252281,2.703972088030059,5.092592592592593,18.739935587761675,7.991143317230274,11.439881910896403,0.11406333870101985
258,41.606280193236714,12.412775093934513,2.6972624798711755,5.072463768115942,18.679549114331724,7.991143317230274,11.426462694578637,0.11406333870101985
259,41.87466451959206,12.325550187869029,2.677133655394525,5.038915727321524,18.585614600107355,7.991143317230274,11.392914653784219,0.11406333870101985
260,42.04240472356415,12.285292538915728,2.6637144390767578,5.038915727321524,18.531937734836287,7.96430488459474,11.3593666129898,0.11406333870101985
261,42.43827160493827,12.238325281803542,2.6637144390767578,5.025496511003757,18.364197530864196,7.924047235641439,11.231884057971014,0.11406333870101985
262,42.7133655394525,12.218196457326892,2.61003757380569,4.99194847020934,18.290391841116477,7.87037037037037,11.191626409017713,0.11406333870101985
263,42.78717122920021,12.184648416532475,2.61003757380569,4.9718196457326895,18.270263016639827,7.87037037037037,11.191626409017713,0.11406333870101985
264,43.08239398819109,12.110842726784755,2.61003757380569,4.9718196457326895,18.19645732689211,7.816693505099302,11.097691894793345,0.11406333870101985
265,43.4044551798175,11.98336017176597,2.61003757380569,4.944981213097155,18.115942028985508,7.816693505099302,11.010466988727858,0.11406333870101985
266,43.29710144927536,11.929683306494901,2.563070316693505,4.944981213097155,17.793880837359097,8.360171765968868,10.997047772410092,0.11406333870101985
267,43.39774557165862,11.896135265700483,2.4221685453569513,4.944981213097155,17.726784755770264,8.3064949006978,11.198336017176597,0.10735373054213634
268,43.63929146537842,11.882716049382717,2.395330112721417,4.884594739667204,17.62614063338701,8.246108427267847,11.218464841653248,0.10735373054213634
269,43.75335480407944,11.83574879227053,2.395330112721417,4.871175523349437,17.599302200751477,8.225979602791197,11.211755233494364,0.10735373054213634
270,43.894256575415994,11.808910359634996,2.3617820719269993,4.85775630703167,17.599302200751477,8.125335480407944,11.258722490606548,0.0939345142243693
271,43.552066559312934,11.782071926999464,2.3550724637681157,4.85775630703167,18.06897477187332,8.05823939881911,11.231884057971014,0.0939345142243693
272,43.82716049382716,11.748523886205046,2.6838432635534084,4.8376274825550185,18.04213633923779,8.05823939881911,10.7085346215781,0.0939345142243693
273,43.77348362855609,11.721685453569512,2.6838432635534084,4.817498658078368,18.283682232957595,7.937466451959206,10.68840579710145,0.0939345142243693
274,43.35077831454643,11.178207192699947,3.8043478260869565,4.817498658078368,18.223295759527645,7.843531937734836,10.68840579710145,0.0939345142243693
275,43.565485775630705,11.131239935587761,3.7909286097691894,4.777241009125067,18.12265163714439,7.843531937734836,10.674986580783683,0.0939345142243693
276,44.135802469135804,11.09098228663446,3.7909286097691894,4.7101449275362315,17.820719269994633,7.843531937734836,10.513955984970478,0.0939345142243693
277,44.36392914653784,11.037305421363392,3.784219001610306,4.7101449275362315,17.76033279656468,7.816693505099302,10.433440687063875,0.0939345142243693
278,44.498121309715515,11.003757380568974,3.784219001610306,4.696725711218465,17.726784755770264,7.809983896940419,10.38647342995169,0.0939345142243693
