,45,50,55,51,53,52,54,56,57,58,59,61,60,62,63,64,66
0,99.49677938808374,0.5032206119162641,,,,,,,,,,,,,,,
1,98.97342995169082,1.0265700483091786,,,,,,,,,,,,,,,
2,92.82742887815351,7.159151905528717,0.013419216317767043,,,,,,,,,,,,,,
3,88.09044551798175,11.60762211486849,0.27509393451422437,0.026838432635534086,,,,,,,,,,,,,
4,81.11916264090178,18.57890499194847,0.27509393451422437,0.026838432635534086,,,,,,,,,,,,,
5,77.29468599033817,22.34970477724101,0.32877079978529256,0.026838432635534086,,,,,,,,,,,,,
6,76.59017713365539,23.020665593129362,0.36231884057971014,0.026838432635534086,,,,,,,,,,,,,
7,73.47020933977456,26.100375738056897,0.39586688137412773,0.026838432635534086,0.0067096081588835215,,,,,,,,,,,,
8,72.5979602791197,26.529790660225444,0.4227053140096618,0.3421900161030596,0.013419216317767043,0.0939345142243693,,,,,,,,,,,
9,67.53220611916264,31.40096618357488,0.5904455179817498,0.3421900161030596,0.013419216317767043,0.0939345142243693,0.026838432635534086,,,,,,,,,,
10,53.696994095544824,45.108695652173914,0.6776704240472357,0.3421900161030596,0.05367686527106817,0.0939345142243693,0.026838432635534086,,,,,,,,,,
11,47.57783145464305,42.12292002147075,0.5636070853462157,9.346484165324744,0.05367686527106817,0.12077294685990338,,0.2147074610842727,,,,,,,,,
12,41.76060118089104,45.63204508856683,0.6239935587761675,11.325818572195384,0.04696725711218465,0.36902844873859364,,0.24154589371980675,,,,,,,,,
13,40.98228663446055,45.799785292538914,0.8789586688137413,11.272141706924316,0.04696725711218465,0.7112184648416533,0.040257648953301126,0.2683843263553409,,,,,,,,,
14,39.72758990874933,46.51771336553945,1.402308105206656,11.345947396672035,0.026838432635534086,0.7179280730005367,0.07380568974771873,0.1878690284487386,,,,,,,,,
15,38.39237788513151,47.457058507783145,1.4626945786366077,11.345947396672035,0.026838432635534086,0.7179280730005367,0.4092860976918948,0.1878690284487386,,,,,,,,,
16,37.07729468599034,48.59769189479334,1.4559849704777241,11.218464841653248,0.026838432635534086,0.6977992485238862,0.7246376811594203,0.18115942028985507,0.020128824476650563,,,,,,,,
17,36.43317230273752,49.094202898550726,1.5432098765432098,11.225174449812132,0.026838432635534086,0.7045088566827697,0.6977992485238862,0.19457863660762212,0.08051529790660225,,,,,,,,
18,35.88298443370907,48.510466988727856,1.737788513150832,11.654589371980677,0.39586688137412773,0.7045088566827697,0.8387010198604401,0.19457863660762212,0.08051529790660225,,,,,,,,
19,34.82286634460547,47.5979602791197,1.5767579173376274,10.144927536231885,0.7246376811594203,4.106280193236715,0.5300590445517982,0.41599570585077833,0.08051529790660225,,,,,,,,
20,34.6081588835212,47.436929683306495,1.7981749865807837,10.285829307568438,0.7246376811594203,4.106280193236715,0.5300590445517982,0.4294149221685454,0.08051529790660225,,,,,,,,
21,29.24718196457327,47.94685990338164,1.7579173376274826,15.351583467525497,0.9192163177670424,4.045893719806763,0.20799785292538917,0.4562533548040794,0.06709608158883522,,,,,,,,
22,26.778046162104133,46.524422973698336,1.9927536231884058,15.573000536768653,0.5837359098228664,7.689210950080516,0.28180354267310787,0.48980139559849706,0.08722490606548577,,,,,,,,
23,26.717659688674182,46.5378421900161,1.9659151905528718,15.546162104133119,0.6239935587761675,7.709339774557166,0.28180354267310787,0.5166398282340311,0.10064412238325282,,,,,,,,
24,26.50295222758991,53.71041331186259,1.737788513150832,8.55475040257649,4.072732152442297,4.817498658078368,0.4294149221685454,0.11406333870101985,0.06038647342995169,,,,,,,,
25,26.33521202361782,53.68357487922705,1.8384326355340848,8.601717659688674,4.079441760601181,4.824208266237251,0.4227053140096618,0.11406333870101985,0.08051529790660225,0.020128824476650563,,,,,,,
26,25.644122383252817,53.77079978529254,1.8585614600107354,8.655394524959743,4.079441760601181,5.340848094471283,0.4092860976918948,0.14090177133655393,0.08051529790660225,,0.020128824476650563,,,,,,
27,25.489801395598498,53.207192699946326,2.046430488459474,8.635265700483092,4.575952764358561,5.3274288781535155,0.4294149221685454,0.18115942028985507,0.08722490606548577,,0.020128824476650563,,,,,,
28,24.36929683306495,52.89855072463768,2.214170692431562,10.245571658615138,4.549114331723027,5.032206119162641,0.39586688137412773,0.16774020397208803,0.08051529790660225,0.026838432635534086,0.020128824476650563,,,,,,
29,23.18840579710145,54.58266237251745,2.395330112721417,10.25228126677402,4.609500805152979,4.213633923778851,0.46296296296296297,0.16774020397208803,0.08051529790660225,0.026838432635534086,0.020128824476650563,,,,,,
30,22.20209339774557,54.63633923778851,2.771068169618894,10.782340311325818,4.636339237788513,4.05931293612453,0.5367686527106817,0.16774020397208803,0.1610305958132045,0.026838432635534086,0.020128824476650563,,,,,,
31,22.0276435856146,54.05931293612453,3.3682232957595275,10.61460010735373,4.911433172302737,3.9720880300590444,0.5434782608695652,0.30193236714975846,0.15432098765432098,0.026838432635534086,0.020128824476650563,,,,,,
32,21.953837895866883,53.76409017713365,3.7372517444981215,10.587761674718196,4.898013955984971,3.9989264626945786,0.5434782608695652,0.30193236714975846,0.15432098765432098,0.040257648953301126,0.020128824476650563,,,,,,
33,21.79951690821256,53.26086956521739,4.3478260869565215,10.567632850241546,4.817498658078368,4.019055287171229,0.5434782608695652,0.3153515834675255,0.15432098765432098,0.15432098765432098,0.020128824476650563,,,,,,
34,21.71900161030596,52.91867954911433,4.455179817498658,10.534084809447128,4.9651100375738055,4.025764895330113,0.6038647342995169,0.3153515834675255,0.2885131508319914,0.15432098765432098,0.020128824476650563,,,,,,
35,21.564680622651636,51.96591519055287,5.038915727321524,10.292538915727322,4.9651100375738055,4.314278046162104,0.5770263016639828,0.785024154589372,0.30864197530864196,0.16774020397208803,0.020128824476650563,,,,,,
36,20.813204508856682,48.711755233494365,5.0993022007514766,13.694310252281268,5.595813204508857,4.274020397208803,0.5770263016639828,0.6843800322061192,0.33548040794417605,0.19457863660762212,0.020128824476650563,,,,,,
37,20.585077831454644,46.564680622651636,5.501878690284487,13.66076221148685,5.662909286097692,6.092324208266238,0.7112184648416533,0.6172839506172839,0.3757380568974772,0.20799785292538917,0.020128824476650563,,,,,,
38,20.471014492753625,46.22920021470746,5.8239398819108965,13.66076221148685,5.669618894256575,6.078904991948471,0.7112184648416533,0.7648953301127214,0.4025764895330113,0.16774020397208803,0.020128824476650563,,,,,,
39,20.222758990874933,44.46457326892109,5.776972624798712,16.639828234031132,5.146269457863661,5.5756843800322065,0.6508319914117016,0.9326355340848095,0.4025764895330113,0.16774020397208803,0.020128824476650563,,,,,,
40,20.115405260332796,42.96833064949007,5.535426731078905,17.53220611916264,5.018786902844874,5.488459473966721,1.7176596886741815,0.9997316156736447,0.4227053140096618,0.18115942028985507,0.020128824476650563,,,,,,
41,19.26328502415459,43.4447128287708,5.803811057434245,17.53220611916264,4.9718196457326895,5.428073000536768,1.90552871712292,1.0265700483091786,0.4092860976918948,0.19457863660762212,0.020128824476650563,,,,,,
42,19.229736983360173,43.323939881910896,5.891035963499732,17.424852388620504,4.99194847020934,5.428073000536768,1.892109500805153,1.1808910359634996,0.4092860976918948,0.19457863660762212,0.03354804079441761,,,,,,
43,18.169618894256576,43.954643048845945,6.3070316693505095,17.364465915190554,4.99194847020934,5.428073000536768,1.9659151905528718,1.1808910359634996,0.4092860976918948,0.19457863660762212,0.03354804079441761,,,,,,
44,18.12265163714439,43.874127750939344,6.380837359098229,17.357756307031668,4.99194847020934,5.428073000536768,1.9994632313472893,1.2077294685990339,0.4092860976918948,0.19457863660762212,0.03354804079441761,,,,,,
45,17.92807300053677,42.96833064949007,6.468062265163715,16.847826086956523,4.998658078368224,7.092055823939882,1.7176596886741815,1.288244766505636,0.4495437466451959,0.20799785292538917,0.03354804079441761,,,,,,
46,17.867686527106816,42.7938808373591,6.635802469135802,16.780730005367687,4.938271604938271,7.1658615136876005,1.7176596886741815,1.3486312399355878,0.4495437466451959,0.2683843263553409,0.03354804079441761,,,,,,
47,15.982286634460548,44.16264090177134,6.454643048845948,16.968599033816425,5.226784755770263,7.179280730005368,1.7176596886741815,1.5230810520665594,0.46296296296296297,0.2885131508319914,0.03354804079441761,,,,,,
48,14.526301663982823,45.78636607622115,6.353998926462695,16.935050993022006,5.173107890499195,7.192699946323135,1.7176596886741815,1.5230810520665594,0.46296296296296297,0.30864197530864196,0.020128824476650563,,,,,,
49,13.747987117552334,46.63848631239936,6.528448738593666,16.7337627482555,5.199946323134729,6.991411701556629,1.751207729468599,1.6035963499731616,0.46296296296296297,0.30864197530864196,0.03354804079441761,,,,,,
50,11.419753086419753,50.79173376274826,6.239935587761675,16.881374127750938,5.186527106816962,5.394524959742351,1.7444981213097155,1.570048309178744,0.38915727321524424,0.322061191626409,0.06038647342995169,,,,,,
51,10.581052066559312,41.599570585077835,3.938539989264627,34.5679012345679,2.3215244229736984,4.045893719806763,1.3687600644122384,1.3352120236178207,0.20128824476650564,0.040257648953301126,,,,,,,
52,8.749329039184111,45.16237251744498,3.589640365002684,32.23295759527644,2.0397208803005906,5.307300053676865,1.3687600644122384,1.288244766505636,0.2214170692431562,0.040257648953301126,,,,,,,
53,8.742619431025227,45.02818035426731,3.7238325281803544,32.14573268921095,2.059849704777241,5.314009661835748,1.3821792807300053,1.3419216317767042,0.2214170692431562,0.040257648953301126,,,,,,,
54,8.695652173913043,40.60654857756307,3.978797638217928,36.24530327428878,2.059849704777241,5.273752012882448,1.3821792807300053,1.4962426194310252,0.2214170692431562,0.040257648953301126,,,,,,,
55,8.648684916800859,40.465646806226516,4.0995705850778315,35.889694041867955,2.086688137412775,5.3341384863123995,1.3754696725711217,1.8384326355340848,0.2214170692431562,0.040257648953301126,,,,,,,
56,7.575147611379496,33.58829844337091,3.502415458937198,45.169082125603865,1.8317230273752012,4.790660225442834,1.2412775093934514,2.0397208803005906,0.24825550187869028,0.013419216317767043,,,,,,,
57,7.548309178743962,33.16559312936125,3.992216854535695,44.93424584004294,1.8317230273752012,4.783950617283951,1.3419216317767042,2.1269457863660763,0.24825550187869028,0.013419216317767043,0.013419216317767043,,,,,,
58,7.548309178743962,32.99785292538916,4.146537842190016,44.75979602791197,1.8317230273752012,4.777241009125067,1.3419216317767042,2.3215244229736984,0.24825550187869028,0.013419216317767043,0.013419216317767043,,,,,,
59,6.998121309715513,28.468867418142782,3.8311862587224907,50.006709608158886,1.8048845947396672,4.757112184648417,1.2748255501878691,2.5831991411701556,0.24825550187869028,0.013419216317767043,0.013419216317767043,,,,,,
60,6.716317767042405,28.012614063338702,4.019055287171229,50.026838432635536,1.778046162104133,4.508856682769726,1.4962426194310252,3.1870638754696725,0.24154589371980675,0.013419216317767043,,,,,,,
61,6.568706387546968,26.288244766505635,4.562533548040794,50.07380568974772,1.7444981213097155,4.951690821256038,1.482823403113258,4.072732152442297,0.24154589371980675,0.013419216317767043,,,,,,,
62,4.8376274825550185,28.428609769189478,4.7168545356951155,49.16129898013956,1.5767579173376274,5.273752012882448,1.6841116478797638,4.086151368760064,0.20799785292538917,0.026838432635534086,,,,,,,
63,4.830917874396135,27.932098765432098,4.656468062265164,46.08829844337091,1.9189479334406871,8.588298443370908,1.4895330112721417,4.2270531400966185,0.24154589371980675,0.026838432635534086,,,,,,,
64,4.830917874396135,26.86527106816962,5.213365539452496,45.9272678475577,1.8853998926462694,8.521202361782072,1.9390767579173376,4.4820182501341925,0.30864197530864196,0.026838432635534086,,,,,,,
65,4.804079441760601,26.8317230273752,5.287171229200215,45.75281803542673,1.8786902844873858,8.514492753623188,1.90552871712292,4.616210413311863,0.3153515834675255,0.06038647342995169,0.0067096081588835215,0.026838432635534086,,,,,
66,4.804079441760601,26.737788513150832,5.347557702630167,45.6454643048846,1.8853998926462694,8.514492753623188,1.9189479334406871,4.723564143853999,0.3153515834675255,0.06038647342995169,0.0067096081588835215,0.026838432635534086,0.013419216317767043,,,,
67,4.804079441760601,26.643853998926463,5.347557702630167,45.269726247987116,1.8853998926462694,8.467525496511003,2.046430488459474,5.052334943639291,0.3757380568974772,0.06038647342995169,0.0067096081588835215,0.026838432635534086,0.013419216317767043,,,,
68,4.770531400966184,26.529790660225444,5.448201825013419,45.17579173376275,1.9659151905528718,8.353462157809984,2.1403650026838434,5.132850241545894,0.3757380568974772,0.06038647342995169,0.0067096081588835215,0.026838432635534086,0.013419216317767043,,,,
69,4.7101449275362315,26.214439076757916,5.528717122920021,44.71953837895867,2.4154589371980677,8.541331186258722,2.15378421900161,5.213365539452496,0.39586688137412773,0.06038647342995169,0.0067096081588835215,0.026838432635534086,0.013419216317767043,,,,
70,4.582662372517445,26.120504562533547,5.4616210413311865,44.75979602791197,2.3349436392914655,8.521202361782072,2.214170692431562,5.501878690284487,0.39586688137412773,0.06038647342995169,0.0067096081588835215,0.026838432635534086,0.013419216317767043,,,,
71,4.582662372517445,25.744766505636072,5.656199677938808,44.639023081052066,2.5429414922168547,8.460815888352121,2.227589908749329,5.5756843800322065,0.4562533548040794,0.06709608158883522,0.0067096081588835215,0.026838432635534086,0.013419216317767043,,,,
72,4.569243156199678,25.644122383252817,5.850778314546431,44.44444444444444,2.5429414922168547,8.460815888352121,2.254428341384863,5.669618894256575,0.4495437466451959,0.06709608158883522,0.0067096081588835215,0.026838432635534086,0.013419216317767043,,,,
73,4.522275899087493,25.563607085346217,6.105743424584004,43.37761674718197,2.4490069779924855,9.292807300053678,2.314814814814815,5.756843800322061,0.47638217928073,0.06709608158883522,0.03354804079441761,0.026838432635534086,0.013419216317767043,,,,
74,4.522275899087493,25.41599570585078,6.213097155126141,41.6129898013956,2.965646806226516,9.212292002147075,3.4286097691894795,6.005099302200751,0.49651100375738055,0.05367686527106817,0.03354804079441761,0.026838432635534086,0.013419216317767043,,,,
75,4.502147074610843,25.36231884057971,6.260064412238325,41.606280193236714,3.0059044551798175,9.05126140633387,3.6366076221148687,5.938003220611916,0.5099302200751477,0.05367686527106817,0.03354804079441761,0.026838432635534086,0.013419216317767043,,,,
76,4.455179817498658,25.11406333870102,6.447933440687064,41.015834675254965,3.0730005367686526,9.39345142243693,3.9586688137412773,5.904455179817498,0.47638217928073,0.08722490606548577,0.03354804079441761,0.026838432635534086,0.013419216317767043,,,,
77,3.824476650563607,23.101180891035963,6.360708534621578,43.65271068169619,3.0864197530864197,9.353193773483628,4.05931293612453,5.911164787976382,0.48980139559849706,0.08722490606548577,0.03354804079441761,0.026838432635534086,0.013419216317767043,,,,
78,3.7775093934514223,21.812936124530328,6.286902844873859,43.47826086956522,3.0595813204508855,10.674986580783683,4.206924315619967,6.078904991948471,0.4495437466451959,0.10064412238325282,0.03354804079441761,0.026838432635534086,0.013419216317767043,,,,
79,3.629898013955985,21.62506709608159,6.400966183574879,43.4447128287708,3.2742887815351582,10.63472893183038,4.180085882984434,6.146001073537305,0.48980139559849706,0.10064412238325282,0.03354804079441761,0.026838432635534086,0.013419216317767043,,,,
80,3.616478797638218,21.55126140633387,6.5485775630703165,43.13607085346216,3.240740740740741,10.59447128287708,4.180085882984434,6.4412238325281805,0.5233494363929146,0.10064412238325282,0.03354804079441761,0.020128824476650563,0.013419216317767043,,,,
81,3.589640365002684,21.182232957595275,6.407675791733762,42.693236714975846,3.717122920021471,10.393183038110575,4.582662372517445,6.649221685453569,0.5568974771873323,0.11406333870101985,0.06038647342995169,0.03354804079441761,0.020128824476650563,,,,
82,3.569511540526033,20.571658615136876,6.3137412775093935,43.68625872249061,3.589640365002684,10.305958132045088,4.408212560386473,6.6827697262479875,0.644122383252818,0.11406333870101985,0.06038647342995169,0.03354804079441761,0.020128824476650563,,,,
83,3.5426731078904994,19.732957595276435,6.0654857756307035,43.45813204508857,3.7573805689747717,11.43317230273752,4.394793344068707,6.642512077294686,0.7045088566827697,0.14090177133655393,0.07380568974771873,0.03354804079441761,0.020128824476650563,,,,
84,3.5091250670960816,18.874127750939344,6.327160493827161,42.659688674181425,3.44873859366613,13.271604938271604,4.260601180891036,6.608964036500268,0.7246376811594203,0.1878690284487386,0.07380568974771873,0.03354804079441761,0.020128824476650563,,,,
85,3.421900161030596,18.719806763285025,6.501610305958132,44.36392914653784,3.3011272141706924,12.359098228663447,4.012345679012346,6.3137412775093935,0.7179280730005367,0.1610305958132045,0.07380568974771873,0.03354804079441761,0.020128824476650563,,,,
86,3.421900161030596,18.625872249060656,6.588835212023618,44.20960815888352,3.8580246913580245,11.79549114331723,4.005636070853462,6.474771873322598,0.7179280730005367,0.16774020397208803,0.08051529790660225,0.03354804079441761,0.020128824476650563,,,,
87,3.3548040794417604,18.511808910359633,6.615673644659152,44.24986580783682,3.824476650563607,11.788781535158346,4.019055287171229,6.5552871712292005,0.7246376811594203,0.20128824476650564,0.08051529790660225,0.05367686527106817,0.020128824476650563,,,,
88,3.3480944712828773,18.4849704777241,6.696188942565755,43.42458400429415,3.864734299516908,11.75523349436393,4.206924315619967,7.098765432098766,0.7581857219538379,0.17444981213097155,0.11406333870101985,0.05367686527106817,0.020128824476650563,,,,
89,3.2675791733762747,18.35077831454643,6.655931293612453,42.33762748255502,3.8580246913580245,12.560386473429952,4.2203435319377345,7.588566827697263,0.798443370907139,0.17444981213097155,0.11406333870101985,0.05367686527106817,0.020128824476650563,,,,
90,3.260869565217391,18.283682232957595,6.763285024154589,42.00214707461084,3.8177670424047236,12.70799785292539,4.0995705850778315,7.9106280193236715,0.7783145464304885,0.17444981213097155,0.11406333870101985,0.05367686527106817,0.03354804079441761,,,,
91,3.180354267310789,18.089103596349972,6.850509930220075,42.129629629629626,3.784219001610306,12.667740203972087,4.092860976918948,7.957595276435856,0.8185721953837896,0.17444981213097155,0.11406333870101985,0.05367686527106817,0.08722490606548577,,,,
92,3.180354267310789,18.06897477187332,6.843800322061192,41.82098765432099,3.784219001610306,12.647611379495437,4.092860976918948,8.259527643585615,0.8387010198604401,0.17444981213097155,0.13419216317767044,0.06709608158883522,0.08722490606548577,,,,
93,3.180354267310789,17.693236714975846,7.092055823939882,41.358024691358025,4.012345679012346,12.5,4.193505099302201,8.635265700483092,0.8722490606548577,0.17444981213097155,0.13419216317767044,0.06709608158883522,0.08722490606548577,,,,
94,2.033011272141707,16.532474503488995,6.736446591519055,44.598765432098766,3.7775093934514223,12.325550187869029,4.126409017713366,8.474235104669887,0.9125067096081588,0.16774020397208803,0.13419216317767044,0.0939345142243693,0.08722490606548577,,,,
95,2.0128824476650564,15.96886741814278,7.0450885668276975,44.44444444444444,3.7909286097691894,12.157809983896941,4.582662372517445,8.514492753623188,0.9997316156736447,0.16774020397208803,0.13419216317767044,0.0939345142243693,0.08722490606548577,,,,
96,2.0128824476650564,15.70048309178744,6.998121309715513,44.16935050993022,4.133118625872249,11.963231347289318,4.783950617283951,8.662104133118627,1.093666129898014,0.16774020397208803,0.13419216317767044,0.0939345142243693,0.08722490606548577,,,,
97,2.006172839506173,15.579710144927537,7.246376811594203,44.04186795491143,4.1532474503489,11.882716049382717,4.770531400966184,8.735909822866345,1.1003757380568975,0.16774020397208803,0.13419216317767044,0.0939345142243693,0.08722490606548577,,,,
98,2.006172839506173,15.28448738593666,7.9039184111647875,43.37761674718197,4.126409017713366,11.882716049382717,4.723564143853999,9.098228663446054,1.1205045625335481,0.16774020397208803,0.13419216317767044,0.0939345142243693,0.08051529790660225,,,,
99,2.006172839506173,14.962426194310252,8.447396672034353,43.10923242082662,4.052603327965647,11.869296833064949,4.790660225442834,9.151905528717123,1.1137949543746646,0.1878690284487386,0.13419216317767044,0.0939345142243693,0.08051529790660225,,,,
100,2.006172839506173,14.875201288244767,8.387010198604402,42.98845947396672,4.066022544283414,11.90955448201825,4.931561996779388,9.265968867418144,1.0735373054213635,0.19457863660762212,0.14090177133655393,0.0939345142243693,0.06709608158883522,,,,
101,1.9793344068706387,14.17740203972088,7.836822329575953,42.12292002147075,4.5893719806763285,13.79495437466452,4.904723564143854,8.984165324745035,1.133923778851315,0.19457863660762212,0.14090177133655393,0.0939345142243693,0.04696725711218465,,,,
102,1.9592055823939882,14.11701556629093,7.863660762211487,42.01556629092861,4.636339237788513,13.841921631776705,4.864465915190553,9.07139023081052,1.1003757380568975,0.24825550187869028,0.14090177133655393,0.0939345142243693,0.04696725711218465,,,,
103,1.9592055823939882,14.103596349973161,7.823403113258186,41.666666666666664,4.643048845947397,13.955984970477724,4.830917874396135,9.272678475577026,1.1003757380568975,0.32877079978529256,0.17444981213097155,0.0939345142243693,0.04696725711218465,,,,
104,1.8988191089640365,13.667471819645733,7.635534084809447,41.5727321524423,5.005367686527107,13.882179280730005,5.12614063338701,9.406870638754697,1.1406333870101986,0.35560923242082665,0.17444981213097155,0.0939345142243693,0.040257648953301126,,,,
105,1.8988191089640365,13.6406333870102,7.6623725174449815,41.02925389157273,4.951690821256038,14.298174986580785,5.12614063338701,9.46725711218465,1.1943102522812667,0.3824476650563607,0.20128824476650564,0.0939345142243693,0.05367686527106817,,,,
106,1.8518518518518519,12.99651100375738,7.615405260332796,40.653515834675254,4.944981213097155,15.24422973698336,5.213365539452496,9.494095544820183,1.2278582930756843,0.3824476650563607,0.20128824476650564,0.0939345142243693,0.08051529790660225,,,,
107,1.8518518518518519,12.962962962962964,7.682501341921632,40.55958132045089,4.998658078368224,15.24422973698336,5.226784755770263,9.473966720343531,1.2278582930756843,0.39586688137412773,0.1878690284487386,0.0939345142243693,0.08051529790660225,0.013419216317767043,,,
108,1.8451422436929683,12.412775093934513,7.306763285024155,40.74074074074074,4.602791196994096,16.814278046162105,5.24020397208803,9.098228663446054,1.1943102522812667,0.3488996242619431,0.20799785292538917,0.0939345142243693,0.08051529790660225,0.013419216317767043,,,
109,1.778046162104133,12.379227053140097,7.018250134192163,39.734299516908216,5.770263016639828,16.63311862587225,5.669618894256575,9.03113258185722,1.1876006441223832,0.36902844873859364,0.20799785292538917,0.11406333870101985,0.0939345142243693,0.013419216317767043,,,
110,1.7579173376274826,23.812399355877616,6.353998926462695,32.588566827697264,4.408212560386473,15.297906602254429,5.307300053676865,8.514492753623188,1.1808910359634996,0.3488996242619431,0.20799785292538917,0.11406333870101985,0.0939345142243693,0.013419216317767043,,,
111,1.737788513150832,18.230005367686527,5.58239398819109,30.287171229200215,3.965378421900161,25.0402576489533,4.998658078368224,8.225979602791197,1.2144390767579174,0.2683843263553409,0.2281266774020397,0.11406333870101985,0.0939345142243693,0.013419216317767043,,,
112,1.737788513150832,18.21658615136876,5.5756843800322065,30.22007514761138,3.9989264626945786,24.93961352657005,4.9718196457326895,8.279656468062266,1.3083735909822867,0.30193236714975846,0.2281266774020397,0.11406333870101985,0.0939345142243693,0.013419216317767043,,,
113,1.737788513150832,18.115942028985508,5.9447128287707995,29.898013955984972,4.005636070853462,24.738325281803544,4.978529253891573,8.36688137412775,1.4559849704777241,0.30193236714975846,0.2147074610842727,0.1274825550187869,0.10064412238325282,0.013419216317767043,,,
114,1.737788513150832,18.095813204508858,5.998389694041868,29.656468062265162,4.005636070853462,24.416264090177133,5.226784755770263,8.561460010735374,1.5432098765432098,0.30193236714975846,0.2147074610842727,0.1274825550187869,0.10064412238325282,0.013419216317767043,,,
115,1.737788513150832,17.8743961352657,6.146001073537305,29.61621041331186,4.005636070853462,24.27536231884058,5.300590445517981,8.648684916800859,1.6304347826086956,0.30193236714975846,0.2214170692431562,0.1274825550187869,0.10064412238325282,0.013419216317767043,,,
116,1.4559849704777241,18.21658615136876,6.0654857756307035,29.54911433172303,4.092860976918948,23.859366612989803,5.60252281266774,8.742619431025227,1.6572732152442298,0.2885131508319914,0.2214170692431562,0.1274825550187869,0.10735373054213634,0.013419216317767043,,,
117,1.4559849704777241,17.814009661835748,6.340579710144928,29.200214707461082,4.2203435319377345,23.49704777241009,5.763553408480945,9.252549651100376,1.6841116478797638,0.27509393451422437,0.2214170692431562,0.1274825550187869,0.13419216317767044,0.013419216317767043,,,
118,1.3419216317767042,12.801932367149758,5.810520665593129,39.12372517444981,3.9184111647879765,20.82662372517445,5.253623188405797,8.628556092324208,1.5230810520665594,0.27509393451422437,0.2214170692431562,0.1274825550187869,0.13419216317767044,0.013419216317767043,,,
119,1.3419216317767042,12.775093934514224,5.870907139023081,37.94283413848631,5.005367686527107,20.73268921095008,5.246913580246914,8.682232957595277,1.6304347826086956,0.2885131508319914,0.2214170692431562,0.11406333870101985,0.13419216317767044,0.013419216317767043,,,
120,1.3419216317767042,12.701288244766506,5.9447128287707995,37.17122920021471,5.6964573268921095,20.538110574342458,5.199946323134729,8.809715512614064,1.7579173376274826,0.30864197530864196,0.2683843263553409,0.11406333870101985,0.13419216317767044,0.013419216317767043,,,
121,1.2815351583467525,12.432903918411165,5.9447128287707995,36.72168545356951,5.662909286097692,21.477455716586153,5.065754159957058,8.78287707997853,1.778046162104133,0.30864197530864196,0.28180354267310787,0.11406333870101985,0.13419216317767044,0.013419216317767043,,,
122,1.2748255501878691,12.298711755233494,5.9447128287707995,35.560923242082666,5.609232420826624,23.00053676865271,5.0791733762748255,8.608427267847558,1.7847557702630166,0.322061191626409,0.2549651100375738,0.11406333870101985,0.13419216317767044,0.013419216317767043,,,
123,1.2412775093934514,11.694847020933977,5.790391841116479,37.63419216317767,6.468062265163715,22.510735373054214,4.7638217928073,7.4141170155662905,1.6505636070853462,0.3153515834675255,0.24825550187869028,0.12077294685990338,0.13419216317767044,0.013419216317767043,,,
124,1.2412775093934514,11.641170155662909,6.219806763285024,37.224906065485776,6.454643048845948,22.490606548577563,4.783950617283951,7.494632313472893,1.6237251744498122,0.322061191626409,0.24825550187869028,0.12077294685990338,0.12077294685990338,0.013419216317767043,,,
125,1.2412775093934514,11.386205045625335,6.367418142780462,37.0907139023081,6.380837359098229,22.490606548577563,4.918142780461621,7.568438003220612,1.7310789049919484,0.322061191626409,0.24825550187869028,0.12077294685990338,0.12077294685990338,0.013419216317767043,,,
126,1.2412775093934514,11.3593666129898,6.528448738593666,36.40633387010199,6.380837359098229,23.79898013955985,4.240472356414386,7.434245840042942,1.7444981213097155,0.3488996242619431,0.23483628556092323,0.12077294685990338,0.14761137949543746,0.013419216317767043,,,
127,1.2412775093934514,11.3593666129898,6.508319914117015,36.06414385399893,6.300322061191626,23.72517444981213,4.522275899087493,7.595276435856146,1.778046162104133,0.35560923242082665,0.2683843263553409,0.12077294685990338,0.14761137949543746,0.013419216317767043,,,
128,1.2412775093934514,11.305689747718732,6.575415995705851,35.7487922705314,6.206387546967257,23.678207192699947,4.522275899087493,7.883789586688137,1.9189479334406871,0.36902844873859364,0.2683843263553409,0.12077294685990338,0.14761137949543746,0.013419216317767043,,,
129,1.2412775093934514,11.285560923242082,6.843800322061192,35.45356951154053,6.246645195920558,23.62453032742888,4.555823939881911,7.843531937734836,1.9659151905528718,0.36902844873859364,0.2683843263553409,0.14090177133655393,0.14761137949543746,0.013419216317767043,,,
130,0.8856682769726248,30.01207729468599,4.797369833601718,26.596886741814277,5.3274288781535155,22.57783145464305,3.844605475040258,3.878153515834675,1.778046162104133,0.18115942028985507,0.020128824476650563,0.013419216317767043,0.08722490606548577,,,,
131,0.8856682769726248,29.716854535695116,4.924852388620504,26.50966183574879,5.636070853462158,22.490606548577563,3.7909286097691894,3.8311862587224907,1.9122383252818036,0.18115942028985507,0.020128824476650563,0.013419216317767043,0.08722490606548577,,,,
132,0.8856682769726248,29.30756843800322,5.307300053676865,26.482823403113258,5.649490069779925,22.436929683306495,3.8177670424047236,3.851315083199141,1.9457863660762211,0.16774020397208803,0.04696725711218465,0.013419216317767043,0.08722490606548577,,,,
133,0.8856682769726248,29.24718196457327,5.273752012882448,27.314814814814813,5.870907139023081,21.62506709608159,3.7037037037037037,3.8177670424047236,1.9256575415995705,0.16774020397208803,0.040257648953301126,0.013419216317767043,0.11406333870101985,,,,
134,0.8856682769726248,29.139828234031132,5.273752012882448,27.220880300590444,5.870907139023081,21.537842190016104,3.7104133118625873,4.025764895330113,1.9659151905528718,0.20128824476650564,0.040257648953301126,0.013419216317767043,0.11406333870101985,,,,
135,0.8789586688137413,28.931830381105744,5.22007514761138,27.220880300590444,6.085614600107354,21.410359634997317,3.7372517444981215,4.025764895330113,2.0933977455716586,0.20128824476650564,0.06709608158883522,0.013419216317767043,0.11406333870101985,,,,
136,0.8789586688137413,28.67686527106817,5.481749865807837,27.093397745571657,6.092324208266238,21.3768115942029,3.7909286097691894,4.052603327965647,2.15378421900161,0.20128824476650564,0.07380568974771873,0.013419216317767043,0.11406333870101985,,,,
137,0.8789586688137413,28.59634997316157,5.515297906602254,27.079978529253893,6.092324208266238,21.162104133118625,3.9720880300590444,4.0995705850778315,2.1739130434782608,0.2281266774020397,0.0939345142243693,0.013419216317767043,0.0939345142243693,,,,
138,0.8789586688137413,28.556092324208265,5.5756843800322065,26.972624798711756,6.0654857756307035,21.101717659688674,4.032474503488996,4.180085882984434,2.1806226516371443,0.2549651100375738,0.0939345142243693,0.013419216317767043,0.0939345142243693,,,,
139,0.8118625872249061,27.63016639828234,6.796833064949007,27.65029522275899,5.501878690284487,21.054750402576488,4.03918411164788,4.005636070853462,2.059849704777241,0.24154589371980675,0.08722490606548577,0.013419216317767043,0.10735373054213634,,,,
140,0.8051529790660226,27.529522275899087,6.877348362855609,27.77777777777778,5.4616210413311865,20.833333333333332,4.032474503488996,4.092860976918948,2.120236178207193,0.24154589371980675,0.08722490606548577,0.013419216317767043,0.1274825550187869,,,,
141,0.8051529790660226,27.22758990874933,7.0383789586688135,27.710681696188942,5.71658615136876,20.74610842726785,3.938539989264627,4.186795491143317,2.13365539452496,0.24154589371980675,0.11406333870101985,0.013419216317767043,0.1274825550187869,,,,
142,0.8051529790660226,26.898819108964037,7.273215244229737,27.61003757380569,5.884326355340848,20.739398819108963,3.938539989264627,4.2270531400966185,2.13365539452496,0.2281266774020397,0.12077294685990338,0.013419216317767043,0.1274825550187869,,,,
143,0.8051529790660226,26.704240472356414,7.326892109500805,27.77777777777778,5.797101449275362,20.799785292538918,3.8848631239935587,4.280730005367687,2.13365539452496,0.2281266774020397,0.12077294685990338,0.013419216317767043,0.1274825550187869,,,,
144,0.8051529790660226,26.516371443907676,7.434245840042942,28.435319377348364,5.790391841116479,20.142243692968332,4.052603327965647,4.253891572732153,2.0799785292538915,0.2281266774020397,0.12077294685990338,0.013419216317767043,0.1274825550187869,,,,
145,0.8051529790660226,26.462694578636608,7.474503488996243,28.213902308105208,5.763553408480945,20.108695652173914,4.079441760601181,4.448470209339774,2.120236178207193,0.24154589371980675,0.1274825550187869,0.013419216317767043,0.14090177133655393,,,,
146,0.8051529790660226,26.32850241545894,7.648953301127214,28.093129361245303,5.797101449275362,20.055018786902846,4.045893719806763,4.542404723564144,2.1604938271604937,0.24154589371980675,0.1274825550187869,0.013419216317767043,0.14090177133655393,,,,
147,0.798443370907139,26.241277509393452,7.7361782071927,28.012614063338702,5.776972624798712,20.02818035426731,4.106280193236715,4.5893719806763285,2.187332259796028,0.24154589371980675,0.1274825550187869,0.013419216317767043,0.14090177133655393,,,,
148,0.798443370907139,25.946054750402578,7.7898550724637685,27.905260332796566,5.797101449275362,19.98792270531401,4.38137412775094,4.62962962962963,2.2410091250670963,0.24154589371980675,0.1274825550187869,0.013419216317767043,0.14090177133655393,,,,
149,0.798443370907139,25.87895866881374,7.883789586688137,27.81803542673108,5.770263016639828,19.994632313472895,4.428341384863124,4.643048845947397,2.2342995169082127,0.2683843263553409,0.1274825550187869,0.013419216317767043,0.14090177133655393,,,,
150,0.798443370907139,25.77831454643049,8.038110574342458,27.549651100375737,5.770263016639828,19.95437466451959,4.428341384863124,4.85775630703167,2.2745571658615136,0.2683843263553409,0.1274825550187869,0.013419216317767043,0.14090177133655393,,,,
151,0.798443370907139,25.684380032206118,8.051529790660226,27.536231884057973,5.770263016639828,19.81347289318304,4.522275899087493,5.018786902844874,2.254428341384863,0.2683843263553409,0.1274825550187869,0.026838432635534086,0.1274825550187869,,,,
152,0.798443370907139,25.429414922168544,8.480944712828771,27.254428341384862,5.756843800322061,19.53166935050993,4.643048845947397,5.0858829844337095,2.4557165861513686,0.28180354267310787,0.1274825550187869,0.026838432635534086,0.1274825550187869,,,,
153,0.7917337627482555,25.194578636607623,8.635265700483092,27.086688137412775,5.998389694041868,19.49812130971551,4.643048845947397,5.072463768115942,2.4825550187869028,0.3153515834675255,0.1274825550187869,0.026838432635534086,0.1274825550187869,,,,
154,0.7917337627482555,25.194578636607623,8.635265700483092,26.88539989264627,5.971551261406334,19.350509930220074,4.656468062265164,5.428073000536768,2.475845410628019,0.3421900161030596,0.11406333870101985,0.026838432635534086,0.1274825550187869,,,,
155,0.7917337627482555,25.140901771336555,8.655394524959743,26.73107890499195,5.998389694041868,19.310252281266774,4.74369296833065,5.528717122920021,2.475845410628019,0.3421900161030596,0.1274825550187869,0.026838432635534086,0.1274825550187869,,,,
156,0.6843800322061192,24.302200751476114,9.16532474503489,28.891572732152444,5.495169082125604,17.94820182501342,4.944981213097155,5.522007514761138,2.368491680085883,0.3757380568974772,0.1274825550187869,0.04696725711218465,0.1274825550187869,,,,
157,0.6843800322061192,24.10762211486849,9.359903381642512,28.65673644659152,5.495169082125604,17.934782608695652,5.193236714975845,5.515297906602254,2.3617820719269993,0.38915727321524424,0.1274825550187869,0.04696725711218465,0.1274825550187869,,,,
158,0.6642512077294686,24.08078368223296,9.326355340848094,28.629898013955984,5.481749865807837,18.04884594739667,5.22007514761138,5.508588298443371,2.3483628556092326,0.38915727321524424,0.1274825550187869,0.04696725711218465,0.1274825550187869,,,,
159,0.6642512077294686,24.000268384326354,9.916800858829845,28.27428878153516,5.662909286097692,17.438271604938272,5.179817498658078,5.642780461621041,2.4020397208803006,0.5166398282340311,0.1274825550187869,0.04696725711218465,0.1274825550187869,,,,
160,0.6642512077294686,22.96027911969941,10.990338164251208,28.18035426731079,5.656199677938808,17.297369833601717,5.280461621041331,5.750134192163178,2.4355877616747184,0.49651100375738055,0.10064412238325282,0.04696725711218465,0.14090177133655393,,,,
161,0.6642512077294686,22.82608695652174,11.151368760064413,28.079710144927535,5.649490069779925,17.257112184648417,5.267042404723564,5.857487922705314,2.4490069779924855,0.49651100375738055,0.10064412238325282,0.04696725711218465,0.15432098765432098,,,,
162,0.6575415995705851,21.886741814278047,10.93666129898014,27.851583467525497,5.5756843800322065,18.471551261406333,5.770263016639828,5.730005367686527,2.3349436392914655,0.4830917874396135,0.10064412238325282,0.04696725711218465,0.15432098765432098,,,,
163,0.6575415995705851,21.826355340848096,10.909822866344605,27.851583467525497,5.5756843800322065,18.47826086956522,5.8172302737520125,5.703166935050993,2.3550724637681157,0.47638217928073,0.1274825550187869,0.05367686527106817,0.16774020397208803,,,,
164,0.6575415995705851,21.812936124530328,10.916532474503489,27.30139559849705,5.743424584004294,18.230005367686527,6.400966183574879,5.743424584004294,2.3550724637681157,0.47638217928073,0.1274825550187869,0.05367686527106817,0.18115942028985507,,,,
165,0.6575415995705851,21.76596886741814,10.93666129898014,27.26784755770263,5.763553408480945,18.189747718733226,6.4345142243692965,5.743424584004294,2.3752012882447664,0.47638217928073,0.1274825550187869,0.05367686527106817,0.20799785292538917,,,,
166,0.6575415995705851,21.69887278582931,10.856146001073537,27.220880300590444,5.763553408480945,18.17632850241546,6.602254428341385,5.756843800322061,2.3752012882447664,0.47638217928073,0.1274825550187869,0.05367686527106817,0.23483628556092323,,,,
167,0.6575415995705851,21.578099838969404,10.82259796027912,29.891304347826086,4.810789049919484,18.14278046162104,5.743424584004294,5.347557702630167,2.3349436392914655,0.2683843263553409,0.1274825550187869,0.05367686527106817,0.2214170692431562,,,,
168,0.6575415995705851,19.91411701556629,13.137412775093935,29.562533548040793,4.683306494900698,18.02200751476114,5.448201825013419,5.495169082125604,2.3752012882447664,0.2885131508319914,0.1274825550187869,0.05367686527106817,0.23483628556092323,,,,
169,0.6575415995705851,19.840311325818572,12.95625335480408,29.562533548040793,4.703435319377348,17.96833064949007,5.475040257648954,5.46833064949007,2.4221685453569513,0.30193236714975846,0.1274825550187869,0.05367686527106817,0.46296296296296297,,,,
170,0.6575415995705851,19.672571121846484,11.849168008588299,29.20692431561997,6.266774020397209,17.907944176060116,5.522007514761138,5.528717122920021,2.462426194310252,0.30864197530864196,0.13419216317767044,0.04696725711218465,0.43612453032742887,,,,
171,0.6374127750939346,19.524959742351047,11.842458400429415,29.0727321524423,6.501610305958132,17.921363392377884,5.703166935050993,5.394524959742351,2.462426194310252,0.30864197530864196,0.13419216317767044,0.04696725711218465,0.4495437466451959,,,,
172,0.6374127750939346,19.484702093397747,11.896135265700483,29.025764895330113,6.508319914117015,17.8743961352657,5.71658615136876,5.434782608695652,2.4490069779924855,0.33548040794417605,0.13419216317767044,0.04696725711218465,0.4562533548040794,,,,
173,0.6374127750939346,19.45786366076221,11.902844873859367,28.965378421900162,6.488191089640365,17.834138486312398,5.750134192163178,5.508588298443371,2.4490069779924855,0.35560923242082665,0.13419216317767044,0.04696725711218465,0.46967257112184646,,,,
