,45,50,55,52,53,51,56,54,57
0,100.0,,,,,,,,
1,99.66451959205583,0.33548040794417605,,,,,,,
2,99.66451959205583,0.33548040794417605,,,,,,,
3,99.18813741277509,0.8118625872249061,,,,,,,
4,99.18813741277509,0.8118625872249061,,,,,,,
5,98.93317230273752,1.06682769726248,,,,,,,
6,98.75201288244766,1.247987117552335,,,,,,,
7,98.75201288244766,1.247987117552335,,,,,,,
8,85.54079441760601,14.459205582393988,,,,,,,
9,85.56092324208267,14.439076757917338,,,,,,,
10,85.56092324208267,14.439076757917338,,,,,,,
11,85.56092324208267,14.439076757917338,,,,,,,
12,78.16693505099302,21.833064949006978,,,,,,,
13,77.9723564143854,21.812936124530328,0.2147074610842727,,,,,,
14,77.92538915727322,21.85990338164251,0.2147074610842727,,,,,,
15,75.71121846484165,24.074074074074073,0.2147074610842727,,,,,,
16,74.87251744498121,24.912775093934513,0.2147074610842727,,,,,,
17,74.44310252281267,25.34219001610306,0.2147074610842727,,,,,,
18,65.72732152442298,33.333333333333336,0.2147074610842727,0.7246376811594203,,,,,
19,65.76757917337628,33.293075684380035,0.2147074610842727,0.7246376811594203,,,,,
20,65.81454643048846,33.071658615136876,0.38915727321524424,0.7246376811594203,,,,,
21,65.86151368760065,33.02469135802469,0.38915727321524424,0.7246376811594203,,,,,
22,65.86151368760065,33.02469135802469,0.38915727321524424,0.7246376811594203,,,,,
23,65.86151368760065,32.950885668276975,0.38915727321524424,0.798443370907139,,,,,
24,65.61325818572196,33.19914117015566,0.38915727321524424,0.798443370907139,,,,,
25,65.24422973698336,33.56816961889426,0.38915727321524424,0.798443370907139,,,,,
26,63.17096081588835,34.93022007514761,0.38915727321524424,0.798443370907139,0.7112184648416533,,,,
27,61.66800858829844,33.52791196994095,0.38915727321524424,0.798443370907139,0.7112184648416533,2.9052603327965647,,,
28,61.68142780461621,33.51449275362319,0.38915727321524424,0.798443370907139,0.7112184648416533,2.9052603327965647,,,
29,54.86446591519055,40.33145464304884,0.38915727321524424,0.798443370907139,0.7112184648416533,2.9052603327965647,,,
30,54.74369296833065,40.45222758990875,0.38915727321524424,0.798443370907139,0.7112184648416533,2.9052603327965647,,,
31,54.159957058507786,40.88164251207729,0.5434782608695652,0.798443370907139,0.7112184648416533,2.9052603327965647,,,
32,54.34111647879764,40.54616210413312,0.47638217928073,0.798443370907139,1.0064412238325282,2.831454643048846,,,
33,54.36795491143317,40.51932367149758,0.47638217928073,0.798443370907139,1.0064412238325282,2.831454643048846,,,
34,54.388083735909824,40.49919484702093,0.47638217928073,0.798443370907139,1.0064412238325282,2.831454643048846,,,
35,54.0727321524423,40.81454643048846,0.47638217928073,0.798443370907139,1.0064412238325282,2.831454643048846,,,
36,54.126409017713364,40.76086956521739,0.47638217928073,0.798443370907139,1.0064412238325282,2.831454643048846,,,
37,54.126409017713364,40.653515834675254,0.5837359098228664,0.798443370907139,1.0064412238325282,2.831454643048846,,,
38,53.38835212023618,41.056092324208265,0.9192163177670424,0.798443370907139,1.0064412238325282,2.831454643048846,,,
39,53.38835212023618,41.056092324208265,0.9192163177670424,0.798443370907139,1.0064412238325282,2.831454643048846,,,
40,53.207192699946326,41.0829307568438,1.0534084809447128,1.482823403113258,1.0064412238325282,2.167203435319377,,,
41,52.9723564143854,41.21041331186259,1.1607622114868492,1.482823403113258,1.0064412238325282,2.167203435319377,,,
42,48.329307568438004,46.22920021470746,0.5434782608695652,1.724369296833065,1.0064412238325282,2.167203435319377,,,
43,48.22866344605475,46.32984433709071,0.5434782608695652,1.724369296833065,1.0064412238325282,2.167203435319377,,,
44,48.32259796027912,46.23590982286635,0.5434782608695652,1.724369296833065,1.0064412238325282,2.167203435319377,,,
45,47.30944712828771,43.08239398819109,0.5434782608695652,1.42914653784219,1.0064412238325282,6.629092860976919,,,
46,43.67283950617284,36.252012882447666,0.6038647342995169,0.9259259259259259,0.9863123993558777,17.559044551798173,,,
47,43.69967793880837,36.22517444981213,0.6038647342995169,0.9259259259259259,0.9863123993558777,17.559044551798173,,,
48,43.45813204508857,36.48684916800859,0.6038647342995169,0.9259259259259259,0.9863123993558777,17.538915727321523,,,
49,42.07595276435856,33.722490606548575,0.6038647342995169,0.9259259259259259,0.9863123993558777,21.68545356951154,,,
50,42.16317767042405,33.641975308641975,0.6038647342995169,0.9259259259259259,0.9863123993558777,21.67874396135266,,,
51,42.371175523349436,33.52791196994095,0.6038647342995169,0.9259259259259259,0.9863123993558777,21.584809447128286,,,
52,42.40472356414385,33.3064949006978,0.6038647342995169,0.9192163177670424,1.6304347826086956,20.994363929146537,0.14090177133655393,,
53,42.45840042941492,33.25281803542673,0.6038647342995169,0.9192163177670424,1.6304347826086956,20.994363929146537,0.14090177133655393,,
54,42.49865807836822,33.21926999463231,0.6038647342995169,0.9192163177670424,1.6304347826086956,20.987654320987655,0.14090177133655393,,
55,42.49865807836822,33.21926999463231,0.6038647342995169,0.9192163177670424,1.6304347826086956,20.987654320987655,0.14090177133655393,,
56,41.31105743424584,33.299785292538914,0.6038647342995169,0.5904455179817498,1.6304347826086956,22.423510466988727,0.14090177133655393,,
57,41.48550724637681,33.17230273752013,0.5904455179817498,0.5904455179817498,1.6304347826086956,22.38996242619431,0.14090177133655393,,
58,41.52576489533011,33.13204508856683,0.5904455179817498,0.5904455179817498,1.6304347826086956,22.38996242619431,0.14090177133655393,,
59,41.639828234031135,33.06494900697799,0.5904455179817498,0.5904455179817498,1.6304347826086956,22.342995169082126,0.14090177133655393,,
60,41.176865271068166,32.91733762748255,0.5904455179817498,1.221148684916801,1.6304347826086956,22.322866344605476,0.14090177133655393,,
61,39.71417069243156,30.54213633923779,0.5904455179817498,1.221148684916801,1.6304347826086956,26.160762211486848,0.14090177133655393,,
62,39.90874932903918,30.54213633923779,0.5904455179817498,1.221148684916801,1.6304347826086956,25.966183574879228,0.14090177133655393,,
63,39.53301127214171,30.327428878153516,0.5904455179817498,1.221148684916801,1.6304347826086956,26.556629092860977,0.14090177133655393,,
64,39.439076757917334,28.509125067096083,0.5904455179817498,1.221148684916801,3.5426731078904994,26.556629092860977,0.14090177133655393,,
65,39.26462694578637,28.73054213633924,0.5904455179817498,1.221148684916801,3.535963499731616,26.516371443907676,0.14090177133655393,,
66,39.2914653784219,28.73054213633924,0.5904455179817498,1.221148684916801,3.535963499731616,26.41572732152442,0.2147074610842727,,
67,39.21765968867418,28.703703703703702,0.5904455179817498,3.260869565217391,3.4957058507783145,24.516908212560388,0.2147074610842727,,
68,39.13714439076758,28.784219001610307,0.5904455179817498,3.260869565217391,3.4957058507783145,24.402844873859365,0.32877079978529256,,
69,39.13714439076758,28.784219001610307,0.5904455179817498,3.260869565217391,3.4957058507783145,24.402844873859365,0.32877079978529256,,
70,36.11782071926999,31.816961889425656,0.5904455179817498,3.260869565217391,3.4151905528717124,24.322329575952764,0.32877079978529256,0.14761137949543746,
71,36.22517444981213,31.749865807836823,0.5904455179817498,3.260869565217391,3.3011272141706924,24.27536231884058,0.30193236714975846,0.2952227589908749,
72,36.33252818035427,31.736446591519055,0.5904455179817498,3.260869565217391,3.3011272141706924,24.18142780461621,0.30193236714975846,0.2952227589908749,
73,32.60198604401503,34.836285560923244,0.5904455179817498,3.2340311325818574,4.005636070853462,24.134460547504027,0.30193236714975846,0.2952227589908749,
74,32.63553408480945,34.80273752012882,0.5904455179817498,3.2340311325818574,4.005636070853462,24.134460547504027,0.30193236714975846,0.2952227589908749,
75,32.74288781535159,34.68867418142781,0.5904455179817498,3.2340311325818574,3.9452495974235107,24.12104133118626,0.30193236714975846,0.3757380568974772,
76,32.78314546430489,34.66183574879227,0.5904455179817498,3.2206119162640903,3.9452495974235107,24.12104133118626,0.30193236714975846,0.3757380568974772,
77,32.70263016639828,34.68196457326892,0.5904455179817498,3.180354267310789,3.9452495974235107,24.12104133118626,0.30193236714975846,0.47638217928073,
78,32.50134192163178,34.88325281803543,0.5904455179817498,3.180354267310789,3.9452495974235107,24.12104133118626,0.30193236714975846,0.47638217928073,
79,32.51476113794954,34.876543209876544,0.5904455179817498,3.1736446591519054,3.9452495974235107,24.12104133118626,0.30193236714975846,0.47638217928073,
80,32.46108427267848,34.46725711218465,0.5904455179817498,3.6366076221148687,3.9452495974235107,24.12104133118626,0.30193236714975846,0.47638217928073,
81,31.78341384863124,32.427536231884055,0.5904455179817498,3.6366076221148687,3.9452495974235107,26.838432635534083,0.30193236714975846,0.47638217928073,
82,31.85721953837896,32.387278582930755,0.7112184648416533,3.6366076221148687,3.81105743424584,26.818303811057433,0.30193236714975846,0.47638217928073,
83,32.085346215781,32.21953837895867,0.7112184648416533,3.6366076221148687,3.81105743424584,26.757917337627482,0.30193236714975846,0.47638217928073,
84,32.37385936661299,32.07192699946323,0.7112184648416533,3.603059581320451,3.81105743424584,26.650563607085346,0.30193236714975846,0.47638217928073,
85,32.340311325818575,31.830381105743424,0.6709608158883521,3.603059581320451,4.126409017713366,26.650563607085346,0.30193236714975846,0.47638217928073,
86,32.41411701556629,31.810252281266774,0.6709608158883521,3.603059581320451,4.126409017713366,26.596886741814277,0.30193236714975846,0.47638217928073,
87,32.427536231884055,31.635802469135804,0.8387010198604401,3.603059581320451,4.126409017713366,26.590177133655395,0.30193236714975846,0.47638217928073,
88,32.57514761137949,31.588835212023618,0.8319914117015567,3.603059581320451,4.126409017713366,26.496242619431026,0.30193236714975846,0.47638217928073,
89,32.6154052603328,31.568706387546968,0.8319914117015567,3.603059581320451,4.012345679012346,26.442565754159958,0.30193236714975846,0.6239935587761675,
90,32.6154052603328,31.568706387546968,0.8319914117015567,3.603059581320451,4.012345679012346,26.442565754159958,0.30193236714975846,0.6239935587761675,
91,31.723027375201287,29.73027375201288,0.8319914117015567,3.603059581320451,6.743156199677939,26.442565754159958,0.30193236714975846,0.6239935587761675,
92,31.64922168545357,29.582662372517444,0.8118625872249061,3.5426731078904994,4.898013955984971,28.488996242619432,0.30193236714975846,0.7246376811594203,
93,31.689479334406872,29.582662372517444,0.8118625872249061,3.5426731078904994,4.871175523349437,28.475577026301664,0.30193236714975846,0.7246376811594203,
94,30.971551261406333,29.166666666666668,0.8118625872249061,3.5426731078904994,4.871175523349437,29.60950080515298,0.30193236714975846,0.7246376811594203,
95,30.64278046162104,28.166935050993022,0.8118625872249061,3.5426731078904994,4.871175523349437,30.938003220611915,0.30193236714975846,0.7246376811594203,
96,30.71658615136876,28.166935050993022,0.8118625872249061,3.5426731078904994,4.810789049919484,30.92458400429415,0.30193236714975846,0.7246376811594203,
97,30.589103596349972,28.29441760601181,0.8118625872249061,3.5426731078904994,4.810789049919484,30.92458400429415,0.30193236714975846,0.7246376811594203,
98,30.669618894256576,28.28099838969404,0.8118625872249061,3.535963499731616,4.810789049919484,30.864197530864196,0.30193236714975846,0.7246376811594203,
99,30.803811057434245,28.18035426731079,0.8118625872249061,3.535963499731616,4.777241009125067,30.864197530864196,0.30193236714975846,0.7246376811594203,
100,30.770263016639827,28.28099838969404,0.8118625872249061,3.535963499731616,4.777241009125067,30.797101449275363,0.30193236714975846,0.7246376811594203,
101,30.609232420826622,28.207192699946322,1.0802469135802468,3.535963499731616,4.770531400966184,30.770263016639827,0.30193236714975846,0.7246376811594203,
102,29.97181964573269,26.167471819645733,0.9863123993558777,3.435319377348363,4.428341384863124,34.09822866344606,0.30193236714975846,0.6105743424584005,
103,30.01207729468599,26.167471819645733,0.9863123993558777,3.435319377348363,4.428341384863124,34.05797101449275,0.30193236714975846,0.6105743424584005,
104,29.918142780461622,26.060118089103597,0.9863123993558777,3.5829307568438002,4.300858829844337,34.05797101449275,0.30193236714975846,0.7917337627482555,
105,30.06575415995706,26.03327965646806,0.9863123993558777,3.5829307568438002,4.300858829844337,33.93719806763285,0.30193236714975846,0.7917337627482555,
106,30.24020397208803,25.87895866881374,0.9863123993558777,3.5829307568438002,4.300858829844337,33.9170692431562,0.30193236714975846,0.7917337627482555,
107,30.307300053676865,25.87895866881374,0.9863123993558777,3.5829307568438002,4.300858829844337,33.84997316156736,0.30193236714975846,0.7917337627482555,
108,29.7638217928073,26.382179280730007,0.9863123993558777,3.5829307568438002,4.300858829844337,33.89023081052066,0.30193236714975846,0.7917337627482555,
109,29.47530864197531,26.100375738056897,0.9863123993558777,3.5225442834138487,7.004830917874396,31.95786366076221,0.1610305958132045,0.7917337627482555,
110,29.57595276435856,25.89908749329039,1.1003757380568975,3.488996242619431,7.004830917874396,31.93102522812668,0.1610305958132045,0.8387010198604401,
111,29.59608158883521,25.87895866881374,1.9524959742351047,3.488996242619431,7.004830917874396,31.07890499194847,0.1610305958132045,0.8387010198604401,
112,29.676596886741816,25.87895866881374,1.9256575415995705,3.488996242619431,7.004830917874396,31.0252281266774,0.1610305958132045,0.8387010198604401,
113,29.70343531937735,25.81857219538379,1.9994632313472893,3.488996242619431,7.004830917874396,30.9849704777241,0.1610305958132045,0.8387010198604401,
114,29.71014492753623,25.81857219538379,1.9994632313472893,3.488996242619431,7.004830917874396,30.763553408480945,0.1610305958132045,1.0534084809447128,
115,29.8040794417606,25.677670424047236,1.9927536231884058,3.569511540526033,6.984702093397746,30.756843800322063,0.1610305958132045,1.0534084809447128,
116,30.079173376274827,25.623993558776167,1.9927536231884058,3.5426731078904994,6.89747718733226,30.649490069779926,0.1610305958132045,1.0534084809447128,
117,28.442028985507246,24.711486849168008,2.0397208803005906,3.5426731078904994,7.863660762211487,32.18599033816425,0.1610305958132045,1.0534084809447128,
118,28.468867418142782,24.711486849168008,2.0397208803005906,3.5426731078904994,7.863660762211487,32.15915190552872,0.1610305958132045,1.0534084809447128,
119,28.509125067096083,24.704777241009126,2.0397208803005906,3.5426731078904994,7.85024154589372,32.139023081052066,0.1610305958132045,1.0534084809447128,
120,28.576221148684915,24.704777241009126,2.4020397208803006,3.535963499731616,7.836822329575953,31.736446591519055,0.1610305958132045,1.0466988727858293,
121,28.529253891572733,24.684648416532475,2.4020397208803006,3.535963499731616,7.836822329575953,31.588835212023618,0.27509393451422437,1.1473429951690821,
122,28.56280193236715,24.684648416532475,2.4020397208803006,3.44873859366613,7.830112721417069,31.508319914117017,0.27509393451422437,1.288244766505636,
123,28.670155662909288,24.684648416532475,2.4020397208803006,3.44873859366613,7.830112721417069,31.40096618357488,0.27509393451422437,1.288244766505636,
124,28.871443907675793,24.402844873859365,2.4020397208803006,3.44873859366613,7.830112721417069,31.374127750939344,0.27509393451422437,1.3955984970477724,
125,28.898282340311326,24.396135265700483,2.4020397208803006,3.44873859366613,7.816693505099302,31.367418142780462,0.27509393451422437,1.3955984970477724,
126,29.032474503488995,24.329039184111647,2.4020397208803006,3.435319377348363,7.816693505099302,31.313741277509394,0.27509393451422437,1.3955984970477724,
127,28.871443907675793,24.56387546967257,2.4020397208803006,3.421900161030596,7.776435856146001,31.293612453032743,0.27509393451422437,1.3955984970477724,
128,28.77750939345142,24.691358024691358,2.4020397208803006,3.421900161030596,7.776435856146001,31.260064412238325,0.27509393451422437,1.3955984970477724,
129,28.804347826086957,24.664519592055825,2.4020397208803006,3.421900161030596,7.776435856146001,31.260064412238325,0.27509393451422437,1.3955984970477724,
130,28.81105743424584,24.46323134728932,2.4020397208803006,3.421900161030596,7.98443370907139,31.246645195920557,0.27509393451422437,1.3955984970477724,
131,28.817767042404725,24.46323134728932,2.4020397208803006,3.421900161030596,7.977724100912507,31.246645195920557,0.27509393451422437,1.3955984970477724,
132,28.878153515834676,24.46323134728932,2.4020397208803006,3.421900161030596,7.977724100912507,31.186258722490606,0.27509393451422437,1.3955984970477724,
133,29.032474503488995,24.36929683306495,2.395330112721417,3.4151905528717124,7.957595276435856,31.159420289855074,0.27509393451422437,1.3955984970477724,
134,29.066022544283413,24.355877616747183,2.395330112721417,3.4151905528717124,7.957595276435856,31.13929146537842,0.27509393451422437,1.3955984970477724,
135,29.106280193236714,24.329039184111647,2.395330112721417,3.4151905528717124,7.957595276435856,31.125872249060656,0.27509393451422437,1.3955984970477724,
136,29.146537842190018,24.322329575952764,2.395330112721417,3.4151905528717124,7.957595276435856,31.092324208266238,0.27509393451422437,1.3955984970477724,
137,29.220343531937736,24.288781535158346,2.395330112721417,3.4151905528717124,7.944176060118089,31.0654857756307,0.27509393451422437,1.3955984970477724,
138,29.166666666666668,24.382716049382715,2.395330112721417,3.4151905528717124,7.924047235641439,31.04535695115405,0.27509393451422437,1.3955984970477724,
139,29.25389157273215,24.302200751476114,2.3550724637681157,3.4017713365539453,8.004562533548041,31.011808910359633,0.27509393451422437,1.3955984970477724,
140,29.260601180891037,24.295491143317232,2.589908749329039,3.4017713365539453,7.769726247987117,31.011808910359633,0.27509393451422437,1.3955984970477724,
141,29.320987654320987,24.268652710681696,2.576489533011272,3.4017713365539453,7.769726247987117,30.991680085882983,0.27509393451422437,1.3955984970477724,
142,28.945249597423512,24.12104133118626,2.4221685453569513,4.51556629092861,10.131508319914117,27.891841116478798,0.27509393451422437,1.6975308641975309,
143,28.488996242619432,24.12104133118626,1.737788513150832,4.51556629092861,13.117283950617283,26.06682769726248,0.2549651100375738,1.6975308641975309,
144,28.59634997316157,24.10091250670961,1.737788513150832,4.51556629092861,13.117283950617283,25.979602791196996,0.2549651100375738,1.6975308641975309,
145,28.683574879227052,24.094202898550726,1.737788513150832,4.51556629092861,13.063607085346217,25.95276435856146,0.2549651100375738,1.6975308641975309,
146,28.73054213633924,24.08078368223296,1.737788513150832,4.488727858293076,13.056897477187333,25.95276435856146,0.2549651100375738,1.6975308641975309,
147,28.804347826086957,24.08078368223296,1.737788513150832,4.4753086419753085,13.056897477187333,25.89237788513151,0.2549651100375738,1.6975308641975309,
148,28.576221148684915,24.376006441223833,1.737788513150832,4.4753086419753085,13.009930220075148,25.87224906065486,0.2549651100375738,1.6975308641975309,
149,28.670155662909288,23.919753086419753,1.737788513150832,4.4753086419753085,12.97638217928073,25.831991411701555,0.2549651100375738,2.13365539452496,
150,28.710413311862588,23.91304347826087,1.8250134192163177,4.4753086419753085,12.855609232420827,25.831991411701555,0.2549651100375738,2.13365539452496,
151,28.73725174449812,23.93317230273752,1.8250134192163177,4.455179817498658,12.808641975308642,25.744766505636072,0.36231884057971014,2.13365539452496,
152,28.817767042404725,23.805689747718734,1.7579173376274826,4.428341384863124,13.030059044551798,25.664251207729468,0.36231884057971014,2.13365539452496,
153,28.871443907675793,23.805689747718734,1.7579173376274826,4.428341384863124,12.983091787439614,25.429414922168544,0.36231884057971014,2.3617820719269993,
154,28.951959205582394,23.72517444981213,1.7579173376274826,4.428341384863124,12.983091787439614,25.429414922168544,0.36231884057971014,2.3617820719269993,
155,28.965378421900162,23.68491680085883,1.7981749865807837,4.428341384863124,12.983091787439614,25.41599570585078,0.36231884057971014,2.3617820719269993,
156,28.911701556629094,23.60440150295223,2.01959205582394,4.428341384863124,13.063607085346217,25.32206119162641,0.2885131508319914,2.3617820719269993,
157,28.978797638217927,23.60440150295223,2.01959205582394,4.569243156199678,13.063607085346217,25.11406333870102,0.2885131508319914,2.3617820719269993,
158,28.965378421900162,23.282340311325818,2.368491680085883,4.569243156199678,13.063607085346217,25.10064412238325,0.2885131508319914,2.3617820719269993,
159,29.0727321524423,23.181696188942567,2.5697799248523885,4.53569511540526,12.889157273215245,25.10064412238325,0.2885131508319914,2.3617820719269993,
160,29.17337627482555,22.893183038110575,2.818035426731079,4.53569511540526,12.889157273215245,25.0402576489533,0.2885131508319914,2.3617820719269993,
161,29.09286097691895,22.873054213633925,2.690552871712292,5.911164787976382,12.889157273215245,24.12104133118626,0.2683843263553409,2.15378421900161,
162,29.139828234031132,22.859634997316157,2.690552871712292,5.911164787976382,12.875738056897477,24.10091250670961,0.2683843263553409,2.15378421900161,
163,29.280730005367687,22.859634997316157,2.690552871712292,5.897745571658615,12.828770799785293,24.020397208803004,0.2683843263553409,2.15378421900161,
164,29.354535695115406,22.832796564680624,2.657004830917874,5.897745571658615,12.815351583467525,24.020397208803004,0.2683843263553409,2.15378421900161,
165,29.394793344068706,22.832796564680624,2.657004830917874,5.864197530864198,12.815351583467525,24.013687600644122,0.2683843263553409,2.15378421900161,
166,29.468599033816425,22.758990874932906,2.657004830917874,5.864197530864198,12.815351583467525,24.013687600644122,0.2683843263553409,2.15378421900161,
167,29.528985507246375,22.75228126677402,2.657004830917874,5.864197530864198,12.761674718196458,24.013687600644122,0.2683843263553409,2.15378421900161,
168,29.64975845410628,22.665056360708533,2.636876006441224,5.864197530864198,12.74825550187869,24.013687600644122,0.2683843263553409,2.15378421900161,
169,29.676596886741816,22.65163714439077,2.623456790123457,5.864197530864198,12.74825550187869,24.013687600644122,0.2683843263553409,2.15378421900161,
170,29.676596886741816,22.638217928073,2.623456790123457,5.8239398819108965,12.74825550187869,24.06736446591519,0.2683843263553409,2.15378421900161,
171,29.750402576489535,21.940418679549115,2.2745571658615136,7.011540526033279,12.681159420289855,23.919753086419753,0.2683843263553409,2.15378421900161,
172,29.851046698872786,21.880032206119164,2.3617820719269993,7.011540526033279,12.661030595813205,23.812399355877616,0.2683843263553409,2.15378421900161,
173,29.95169082125604,21.880032206119164,2.3617820719269993,6.984702093397746,12.627482555018787,23.772141706924316,0.2683843263553409,2.15378421900161,
174,29.924852388620504,21.880032206119164,2.5026838432635534,6.971282877079979,12.627482555018787,23.68491680085883,0.2683843263553409,2.1403650026838434,
175,29.95169082125604,21.880032206119164,2.5026838432635534,6.971282877079979,12.600644122383253,23.349436392914654,0.6038647342995169,2.1403650026838434,
176,30.06575415995706,21.812936124530328,2.5026838432635534,6.971282877079979,12.573805689747719,23.329307568438004,0.6038647342995169,2.1403650026838434,
177,30.099302200751477,21.77938808373591,2.5026838432635534,6.971282877079979,12.573805689747719,23.329307568438004,0.6038647342995169,2.1403650026838434,
178,30.10601180891036,21.76596886741814,2.757648953301127,6.971282877079979,12.573805689747719,23.087761674718198,0.6038647342995169,2.13365539452496,
179,30.04562533548041,21.752549651100377,2.757648953301127,6.890767579173376,12.815351583467525,23.027375201288244,0.6038647342995169,2.1068169618894257,
180,29.944981213097154,21.973966720343533,2.844873859366613,6.890767579173376,12.795222758990874,22.886473429951693,0.5568974771873323,2.1068169618894257,
181,29.898013955984972,22.061191626409016,2.844873859366613,6.877348362855609,12.795222758990874,22.859634997316157,0.5568974771873323,2.1068169618894257,
182,29.95169082125604,22.061191626409016,2.844873859366613,6.877348362855609,12.795222758990874,22.805958132045088,0.5568974771873323,2.1068169618894257,
183,30.018786902844873,22.041062801932366,2.844873859366613,6.877348362855609,12.781803542673108,22.77241009125067,0.5568974771873323,2.1068169618894257,
184,30.04562533548041,22.074610842726784,2.844873859366613,6.870638754696726,12.781803542673108,22.7187332259796,0.5568974771873323,2.1068169618894257,
185,30.132850241545892,21.960547504025765,2.9052603327965647,6.870638754696726,12.76838432635534,22.69860440150295,0.5568974771873323,2.1068169618894257,
186,30.327428878153516,21.91358024691358,2.8918411164787976,6.763285024154589,12.714707461084272,22.6784755770263,0.5568974771873323,2.15378421900161,
187,30.18652710681696,22.067901234567902,2.985775630703167,6.763285024154589,12.714707461084272,22.571121846484164,0.5568974771873323,2.15378421900161,
188,30.3743961352657,22.054482018250134,2.985775630703167,6.723027375201288,12.681159420289855,22.470477724100913,0.5568974771873323,2.15378421900161,
189,30.475040257648953,22.034353193773484,2.985775630703167,6.723027375201288,12.667740203972087,22.403381642512077,0.5568974771873323,2.15378421900161,
190,30.454911433172303,22.007514761137948,2.985775630703167,6.723027375201288,12.822061191626409,22.29602791196994,0.5568974771873323,2.15378421900161,
191,30.441492216854535,21.987385936661298,3.0864197530864197,6.723027375201288,12.674449812130971,22.269189479334408,0.5568974771873323,2.2611379495437465,
192,30.213365539452496,21.812936124530328,3.0864197530864197,6.723027375201288,12.674449812130971,22.685185185185187,0.5568974771873323,2.24771873322598,
193,30.347557702630166,21.79951690821256,3.052871712292002,6.6827697262479875,12.667740203972087,22.644927536231883,0.5568974771873323,2.24771873322598,
194,30.293880837359097,22.000805152979066,3.052871712292002,6.6827697262479875,12.667740203972087,22.497316156736446,0.5568974771873323,2.24771873322598,
195,30.434782608695652,21.967257112184647,3.052871712292002,6.662640901771336,12.593934514224369,22.48389694041868,0.5568974771873323,2.24771873322598,
196,30.48845947396672,21.967257112184647,3.052871712292002,6.662640901771336,12.5402576489533,22.48389694041868,0.5568974771873323,2.24771873322598,
197,30.54884594739667,21.953837895866883,2.952227589908749,6.662640901771336,12.654320987654321,22.450348899624263,0.5300590445517982,2.24771873322598,
198,30.64278046162104,21.826355340848096,2.952227589908749,6.655931293612453,12.654320987654321,22.497316156736446,0.5300590445517982,2.2410091250670963,
199,30.421363392377884,21.826355340848096,2.952227589908749,6.515029522275899,12.627482555018787,22.906602254428343,0.5300590445517982,2.2208803005904456,
200,30.44820182501342,21.812936124530328,2.952227589908749,6.501610305958132,12.627482555018787,22.906602254428343,0.5300590445517982,2.2208803005904456,
201,30.609232420826622,21.68545356951154,2.952227589908749,6.501610305958132,12.627482555018787,22.873054213633925,0.5300590445517982,2.2208803005904456,
202,30.649490069779926,21.658615136876005,2.952227589908749,6.501610305958132,12.627482555018787,22.859634997316157,0.5300590445517982,2.2208803005904456,
203,30.535426731078903,21.77938808373591,2.952227589908749,6.501610305958132,12.627482555018787,22.852925389157274,0.5300590445517982,2.2208803005904456,
204,30.56897477187332,21.772678475577028,2.952227589908749,6.481481481481482,12.627482555018787,22.84621578099839,0.5300590445517982,2.2208803005904456,
205,29.99194847020934,22.544283413848632,2.952227589908749,6.293612453032743,12.627482555018787,22.839506172839506,0.5300590445517982,2.2208803005904456,
206,30.193236714975846,22.38996242619431,2.952227589908749,6.293612453032743,12.620772946859903,22.799248523886206,0.5300590445517982,2.2208803005904456,
207,30.267042404723565,22.24235104669887,3.012614063338701,6.293612453032743,12.553676865271068,22.765700483091788,0.5300590445517982,2.3349436392914655,
208,30.441492216854535,22.21551261406334,2.999194847020934,6.293612453032743,12.553676865271068,22.63150831991412,0.5300590445517982,2.3349436392914655,
209,30.461621041331185,22.21551261406334,2.999194847020934,6.293612453032743,12.553676865271068,22.611379495437465,0.5300590445517982,2.3349436392914655,
210,30.314009661835748,22.094739667203434,2.999194847020934,6.602254428341385,12.553676865271068,22.571121846484164,0.5300590445517982,2.3349436392914655,
211,30.381105743424584,22.08132045088567,2.999194847020934,6.595544820182502,12.5402576489533,22.470477724100913,0.5971551261406334,2.3349436392914655,
212,30.246913580246915,21.906870638754697,2.999194847020934,6.481481481481482,12.5402576489533,22.893183038110575,0.5971551261406334,2.3349436392914655,
213,30.293880837359097,22.0276435856146,2.999194847020934,6.481481481481482,12.5402576489533,22.86634460547504,0.5971551261406334,2.1940418679549114,
214,30.340848094471284,22.000805152979066,2.999194847020934,6.481481481481482,12.52012882447665,22.86634460547504,0.5971551261406334,2.1940418679549114,
215,30.340848094471284,22.000805152979066,3.066290928609769,6.414385399892646,12.493290391841116,22.81266774020397,0.5971551261406334,2.2745571658615136,
216,30.48174986580784,22.000805152979066,3.066290928609769,6.340579710144928,12.473161567364466,22.779119699409556,0.5837359098228664,2.2745571658615136,
217,30.54884594739667,21.846484165324746,3.066290928609769,6.340579710144928,12.560386473429952,22.779119699409556,0.5837359098228664,2.2745571658615136,
218,30.615942028985508,21.83977455716586,3.066290928609769,6.3070316693505095,12.560386473429952,22.75228126677402,0.5837359098228664,2.2745571658615136,
219,30.877616747181964,21.658615136876005,3.026033279656468,6.3070316693505095,12.681159420289855,22.463768115942027,0.7112184648416533,2.2745571658615136,
220,30.971551261406333,21.62506709608159,3.026033279656468,6.293612453032743,12.681159420289855,22.32957595276436,0.7112184648416533,2.3617820719269993,
221,30.97826086956522,21.544551798174986,3.1468062265163717,6.293612453032743,12.681159420289855,22.282608695652176,0.7112184648416533,2.3617820719269993,
222,31.085614600107355,21.36339237788513,3.2877079978529253,6.293612453032743,12.640901771336553,22.25577026301664,0.7112184648416533,2.3617820719269993,
223,31.179549114331724,21.316425120772948,3.2877079978529253,6.293612453032743,12.627482555018787,22.22222222222222,0.7112184648416533,2.3617820719269993,
224,31.186258722490606,21.309715512614062,3.2877079978529253,6.293612453032743,12.627482555018787,22.22222222222222,0.7112184648416533,2.3617820719269993,
225,31.34728931830381,21.115136876006442,3.44873859366613,6.266774020397209,12.546967257112184,22.20209339774557,0.7112184648416533,2.3617820719269993,
226,31.239935587761675,20.840042941492218,3.44873859366613,6.260064412238325,13.030059044551798,22.108158883521202,0.7112184648416533,2.3617820719269993,
227,31.266774020397207,20.840042941492218,3.44873859366613,6.260064412238325,13.030059044551798,22.08132045088567,0.7112184648416533,2.3617820719269993,
228,31.4345142243693,20.665593129361245,3.5762211486849167,6.260064412238325,13.01663982823403,21.973966720343533,0.7112184648416533,2.3617820719269993,
229,31.48148148148148,20.578368223295758,3.569511540526033,6.233225979602791,13.271604938271604,21.792807300053678,0.7112184648416533,2.3617820719269993,
230,31.49490069779925,20.564949006977994,3.569511540526033,6.233225979602791,13.271604938271604,21.792807300053678,0.7112184648416533,2.3617820719269993,
231,31.682769726247987,20.48443370907139,3.569511540526033,6.206387546967257,13.24476650563607,21.73913043478261,0.7112184648416533,2.3617820719269993,
232,31.723027375201287,20.48443370907139,3.569511540526033,6.206387546967257,13.24476650563607,21.69887278582931,0.7112184648416533,2.3617820719269993,
233,31.696188942565755,20.48443370907139,3.569511540526033,6.206387546967257,13.24476650563607,21.477455716586153,0.9594739667203436,2.3617820719269993,
234,31.57541599570585,20.356951154052602,3.6097691894793345,6.1862587224906065,13.526570048309178,21.256038647342994,0.9728931830381106,2.5161030595813205,
235,31.125872249060656,20.94068706387547,3.569511540526033,6.1862587224906065,13.311862587224907,21.256038647342994,0.9728931830381106,2.636876006441224,
236,31.226516371443907,20.94068706387547,3.569511540526033,6.1862587224906065,13.271604938271604,21.195652173913043,0.9728931830381106,2.636876006441224,
237,31.30703166935051,20.893719806763286,3.717122920021471,6.119162640901771,13.238056897477188,20.96081588835212,0.9728931830381106,2.791196994095545,
238,31.488191089640367,20.819914117015568,3.717122920021471,6.0587761674718195,13.231347289318304,20.833333333333332,1.0601180891035964,2.791196994095545,
239,31.676060118089104,20.69243156199678,3.717122920021471,6.0587761674718195,13.217928073000536,20.78636607622115,1.0601180891035964,2.791196994095545,
240,31.723027375201287,20.69243156199678,3.7104133118625873,6.0587761674718195,13.217928073000536,20.699141170155663,1.0466988727858293,2.8515834675254963,
241,30.35426731078905,22.108158883521202,3.7104133118625873,6.1862587224906065,13.197799248523886,20.544820182501343,1.0466988727858293,2.8515834675254963,
242,30.48174986580784,22.10144927536232,3.7104133118625873,6.1862587224906065,13.097155126140633,20.52469135802469,1.0466988727858293,2.8515834675254963,
243,30.52200751476114,22.088030059044552,3.7104133118625873,6.1862587224906065,13.097155126140633,20.52469135802469,1.0466988727858293,2.8247450348899625,
244,30.535426731078903,22.088030059044552,3.938539989264627,6.1862587224906065,12.855609232420827,20.52469135802469,1.0466988727858293,2.8247450348899625,
245,30.62265163714439,22.074610842726784,3.9184111647879765,6.1862587224906065,12.815351583467525,20.511272141706925,1.0466988727858293,2.8247450348899625,
246,30.656199677938808,22.074610842726784,3.9184111647879765,6.179549114331723,12.788513150831992,20.511272141706925,1.0466988727858293,2.8247450348899625,
247,30.797101449275363,22.014224369296834,3.9184111647879765,6.179549114331723,12.74825550187869,20.471014492753625,1.0466988727858293,2.8247450348899625,
248,30.837359098228664,21.920289855072465,3.9184111647879765,6.179549114331723,12.74825550187869,20.189210950080515,1.0466988727858293,3.1602254428341383,
249,27.147074610842726,29.200214707461082,3.8311862587224907,6.172839506172839,12.144390767579173,17.297369833601717,1.0466988727858293,3.1602254428341383,
250,27.180622651637144,29.200214707461082,3.8311862587224907,6.172839506172839,12.144390767579173,17.2638217928073,1.0466988727858293,3.1602254428341383,
251,27.375201288244767,29.07944176060118,3.743961352657005,6.172839506172839,12.23161567364466,17.19001610305958,1.0466988727858293,3.1602254428341383,
252,27.375201288244767,29.07944176060118,3.743961352657005,6.172839506172839,12.23161567364466,17.19001610305958,1.0466988727858293,3.1602254428341383,
253,27.388620504562535,29.07944176060118,3.743961352657005,6.172839506172839,12.218196457326892,17.19001610305958,1.0466988727858293,3.1602254428341383,
254,27.462426194310254,29.01905528717123,3.743961352657005,6.172839506172839,12.204777241009126,17.19001610305958,1.0466988727858293,3.1602254428341383,
255,27.415458937198068,28.992216854535695,3.743961352657005,6.266774020397209,12.204777241009126,17.16988727858293,1.0466988727858293,3.1602254428341383,
256,27.49597423510467,28.951959205582394,3.730542136339238,6.266774020397209,12.184648416532475,17.163177670424048,1.0466988727858293,3.1602254428341383,
257,27.549651100375737,28.938539989264626,3.730542136339238,6.239935587761675,12.171229200214707,17.163177670424048,1.0466988727858293,3.1602254428341383,
258,27.596618357487923,28.918411164787976,3.730542136339238,6.239935587761675,12.157809983896941,17.14975845410628,1.0466988727858293,3.1602254428341383,
259,27.536231884057973,28.898282340311326,3.730542136339238,6.239935587761675,12.057165861513688,17.14975845410628,1.0466988727858293,3.3413848631239937,
260,27.079978529253893,27.9723564143854,3.730542136339238,6.239935587761675,12.050456253354804,18.53864734299517,1.0466988727858293,3.3413848631239937,
261,27.167203435319376,27.945517981749866,3.730542136339238,6.239935587761675,12.010198604401502,18.53864734299517,1.0466988727858293,3.321256038647343,
262,27.194041867954912,27.945517981749866,3.730542136339238,6.239935587761675,11.98336017176597,18.53864734299517,1.0466988727858293,3.321256038647343,
263,27.200751476113794,27.938808373590984,3.730542136339238,6.239935587761675,11.98336017176597,18.53864734299517,1.0466988727858293,3.321256038647343,
264,27.294685990338163,27.87842190016103,3.7238325281803544,6.239935587761675,11.969940955448202,18.5252281266774,1.0466988727858293,3.321256038647343,
265,27.509393451422437,27.710681696188942,3.824476650563607,6.239935587761675,11.90955448201825,18.57890499194847,1.0466988727858293,3.180354267310789,
266,27.549651100375737,27.677133655394524,3.824476650563607,6.239935587761675,11.90955448201825,18.572195383789587,1.0466988727858293,3.180354267310789,
267,27.717391304347824,27.576489533011273,3.8043478260869565,6.1929683306494905,11.90955448201825,18.572195383789587,1.0466988727858293,3.180354267310789,
268,27.677133655394524,27.549651100375737,3.8043478260869565,6.1929683306494905,11.90955448201825,18.33064949006978,1.0399892646269457,3.4957058507783145,
269,27.730810520665592,27.549651100375737,3.8043478260869565,6.166129898013956,11.882716049382717,18.33064949006978,1.0399892646269457,3.4957058507783145,
270,27.80461621041331,27.529522275899087,3.7909286097691894,6.166129898013956,11.882716049382717,18.223295759527645,1.0399892646269457,3.5628019323671496,
271,27.871712292002147,27.502683843263554,3.7775093934514223,6.166129898013956,11.882716049382717,18.21658615136876,1.0399892646269457,3.5426731078904994,
272,27.911969940955448,27.502683843263554,3.7775093934514223,6.152710681696189,11.882716049382717,18.189747718733226,1.0399892646269457,3.5426731078904994,
273,28.019323671497585,27.4020397208803,3.7775093934514223,6.152710681696189,11.882716049382717,18.183038110574344,1.0399892646269457,3.5426731078904994,
274,28.361513687600645,27.24771873322598,3.7775093934514223,6.152710681696189,11.694847020933977,18.183038110574344,1.0399892646269457,3.5426731078904994,
275,28.361513687600645,27.24771873322598,3.7775093934514223,6.152710681696189,11.694847020933977,18.183038110574344,1.0399892646269457,3.5426731078904994,
276,28.361513687600645,27.24771873322598,3.7775093934514223,6.152710681696189,11.694847020933977,18.183038110574344,1.0399892646269457,3.5426731078904994,
277,28.408480944712828,27.24771873322598,3.7775093934514223,6.152710681696189,11.681427804616211,18.149490069779926,1.0399892646269457,3.5426731078904994,
278,28.522544283413847,27.220880300590444,3.7775093934514223,6.152710681696189,11.647879763821793,18.095813204508858,1.0399892646269457,3.5426731078904994,
279,28.509125067096083,27.126945786366075,3.770799785292539,6.152710681696189,11.782071926999464,18.075684380032207,1.0399892646269457,3.5426731078904994,
280,28.589640365002683,27.126945786366075,3.7573805689747717,6.099033816425121,11.782071926999464,18.06226516371444,1.0399892646269457,3.5426731078904994,
281,28.683574879227052,27.100107353730543,3.750670960815888,6.099033816425121,11.741814278046162,18.04213633923779,1.0399892646269457,3.5426731078904994,
282,28.77079978529254,27.046430488459475,3.750670960815888,6.099033816425121,11.728395061728396,17.98845947396672,1.0869565217391304,3.5292538915727323,
283,28.804347826086957,27.026301663982824,3.750670960815888,6.085614600107354,11.728395061728396,17.98845947396672,1.0869565217391304,3.5292538915727323,
