,45,50,55,53,52,51,54,58,56,57,59,60,61
0,99.92619431025228,0.07380568974771873,,,,,,,,,,,
1,99.56387546967257,0.43612453032742887,,,,,,,,,,,
2,99.49006977992485,0.5099302200751477,,,,,,,,,,,
3,98.94659151905529,1.0534084809447128,,,,,,,,,,,
4,98.79898013955984,1.2010198604401503,,,,,,,,,,,
5,98.34272678475577,1.6572732152442298,,,,,,,,,,,
6,98.07434245840042,1.9256575415995705,,,,,,,,,,,
7,97.98040794417606,2.01959205582394,,,,,,,,,,,
8,84.70209339774557,15.297906602254429,,,,,,,,,,,
9,84.64170692431561,15.33816425120773,0.020128824476650563,,,,,,,,,,
10,84.42028985507247,15.559581320450885,0.020128824476650563,,,,,,,,,,
11,84.31964573268921,15.660225442834138,0.020128824476650563,,,,,,,,,,
12,76.73107890499195,23.101180891035963,0.16774020397208803,,,,,,,,,,
13,76.43585614600107,23.11460010735373,0.41599570585077833,0.03354804079441761,,,,,,,,,
14,76.39559849704777,23.11460010735373,0.43612453032742887,0.03354804079441761,0.020128824476650563,,,,,,,,
15,74.20826623725175,25.301932367149757,0.43612453032742887,0.03354804079441761,0.020128824476650563,,,,,,,,
16,73.31588835212024,26.174181427804616,0.4562533548040794,0.03354804079441761,0.020128824476650563,,,,,,,,
17,72.73886205045625,26.724369296833064,0.4830917874396135,0.03354804079441761,0.020128824476650563,,,,,,,,
18,64.15056360708535,34.54777241009125,0.5233494363929146,0.03354804079441761,0.7447665056360708,,,,,,,,
19,64.11701556629093,34.5276435856146,0.5568974771873323,0.03354804079441761,0.7447665056360708,0.020128824476650563,,,,,,,
20,63.969404186795494,34.42699946323135,0.7581857219538379,0.03354804079441761,0.7447665056360708,0.06709608158883522,,,,,,,
21,63.92914653784219,34.41358024691358,0.785024154589372,0.03354804079441761,0.7447665056360708,0.06709608158883522,0.026838432635534086,,,,,,
22,63.88217928073001,34.46054750402576,0.785024154589372,0.03354804079441761,0.7447665056360708,0.06709608158883522,0.026838432635534086,,,,,,
23,63.84192163177671,34.39345142243693,0.7917337627482555,0.03354804079441761,0.8454106280193237,0.06709608158883522,0.026838432635534086,,,,,,
24,63.52657004830918,34.695383789586685,0.8051529790660226,0.03354804079441761,0.8454106280193237,0.06709608158883522,0.026838432635534086,,,,,,
25,63.117283950617285,35.09125067096082,0.8185721953837896,0.03354804079441761,0.8454106280193237,0.06709608158883522,0.026838432635534086,,,,,,
26,60.85614600107354,36.594202898550726,0.8521202361782072,0.7447665056360708,0.8588298443370908,0.040257648953301126,0.026838432635534086,0.026838432635534086,,,,,
27,59.292807300053674,35.225442834138484,0.8789586688137413,0.7447665056360708,0.8588298443370908,2.945517981749866,0.026838432635534086,0.026838432635534086,,,,,
28,59.16532474503489,35.339506172839506,0.8923778851315083,0.7447665056360708,0.8588298443370908,2.945517981749866,0.026838432635534086,0.026838432635534086,,,,,
29,52.442297369833604,42.028985507246375,0.8990874932903918,0.7447665056360708,0.8588298443370908,2.945517981749866,0.05367686527106817,0.026838432635534086,,,,,
30,52.20746108427268,42.19672571121846,0.8990874932903918,0.7447665056360708,0.8588298443370908,2.9790660225442833,0.08722490606548577,0.026838432635534086,,,,,
31,51.56333870101986,42.68652710681696,1.0534084809447128,0.7447665056360708,0.8588298443370908,2.9790660225442833,0.08722490606548577,0.026838432635534086,,,,,
32,51.509661835748794,42.36446591519055,1.0399892646269457,1.06682769726248,0.8588298443370908,2.9052603327965647,0.08722490606548577,0.026838432635534086,0.14090177133655393,,,,
33,51.43585614600107,42.43827160493827,1.0399892646269457,1.06682769726248,0.8588298443370908,2.9052603327965647,0.08722490606548577,0.026838432635534086,0.14090177133655393,,,,
34,51.37546967257112,42.47852925389157,1.0601180891035964,1.06682769726248,0.8588298443370908,2.9052603327965647,0.08722490606548577,0.026838432635534086,0.14090177133655393,,,,
35,51.11379495437466,42.74020397208803,1.0601180891035964,1.06682769726248,0.8588298443370908,2.9052603327965647,0.08722490606548577,0.026838432635534086,0.14090177133655393,,,,
36,51.14734299516908,42.70665593129361,1.0601180891035964,1.06682769726248,0.8588298443370908,2.9052603327965647,0.08722490606548577,0.026838432635534086,0.14090177133655393,,,,
37,51.11379495437466,42.632850241545896,1.1674718196457328,1.06682769726248,0.8588298443370908,2.9052603327965647,0.08722490606548577,0.026838432635534086,0.14090177133655393,,,,
38,50.335480407944175,43.10923242082662,1.4694041867954912,1.0332796564680622,0.8588298443370908,2.9052603327965647,0.12077294685990338,0.026838432635534086,0.14090177133655393,,,,
39,50.335480407944175,43.10923242082662,1.4694041867954912,1.0332796564680622,0.8588298443370908,2.9052603327965647,0.12077294685990338,0.026838432635534086,0.14090177133655393,,,,
40,50.11406333870102,43.16961889425657,1.6035963499731616,1.0332796564680622,1.5432098765432098,2.26784755770263,0.12077294685990338,0.026838432635534086,0.12077294685990338,,,,
41,49.85238862050456,43.33064949006978,1.710950080515298,1.0332796564680622,1.5432098765432098,2.2611379495437465,0.12077294685990338,0.026838432635534086,0.12077294685990338,,,,
42,45.51798174986581,48.2085346215781,0.9393451422436929,1.0332796564680622,1.8317230273752012,2.24771873322598,0.07380568974771873,0.026838432635534086,0.12077294685990338,,,,
43,45.390499194847024,48.31588835212023,0.9594739667203436,1.0332796564680622,1.8317230273752012,2.24771873322598,0.07380568974771873,0.026838432635534086,0.12077294685990338,,,,
44,45.3569511540526,48.268921095008054,1.0399892646269457,1.0332796564680622,1.8317230273752012,2.24771873322598,0.07380568974771873,0.026838432635534086,0.12077294685990338,,,,
45,44.40418679549114,45.148953301127214,1.0064412238325282,1.0064412238325282,1.5365002683843263,6.709608158883521,0.0939345142243693,0.026838432635534086,0.06709608158883522,,,,
46,41.116478797638216,38.20450885668277,0.9326355340848095,0.9863123993558777,0.9728931830381106,17.639559849704778,0.0939345142243693,0.026838432635534086,0.026838432635534086,,,,
47,40.955448201825014,38.33870101986044,0.9594739667203436,0.9863123993558777,0.9728931830381106,17.639559849704778,0.0939345142243693,0.026838432635534086,0.026838432635534086,,,,
48,40.68035426731079,38.6003757380569,0.9728931830381106,0.9863123993558777,0.9728931830381106,17.619431025228128,0.0939345142243693,0.026838432635534086,0.04696725711218465,,,,
49,39.40552871712292,35.7487922705314,0.9192163177670424,0.9863123993558777,0.9393451422436929,21.76596886741814,0.0939345142243693,0.026838432635534086,0.11406333870101985,,,,
50,39.412238325281805,35.64143853998927,0.9997316156736447,0.9863123993558777,0.966183574879227,21.75925925925926,0.0939345142243693,0.026838432635534086,0.11406333870101985,,,,
51,39.392109500805155,35.527375201288244,1.221148684916801,0.9863123993558777,0.966183574879227,21.66532474503489,0.0939345142243693,0.026838432635534086,0.12077294685990338,,,,
52,39.371980676328505,35.35963499731616,1.221148684916801,1.6304347826086956,0.9594739667203436,21.07487922705314,0.0939345142243693,0.026838432635534086,0.2616747181964573,,,,
53,39.371980676328505,35.30595813204509,1.2748255501878691,1.6304347826086956,0.9594739667203436,21.07487922705314,0.0939345142243693,0.026838432635534086,0.2616747181964573,,,,
54,39.34514224369297,35.319377348362856,1.2949543746645196,1.6304347826086956,0.9594739667203436,21.068169618894256,0.0939345142243693,0.026838432635534086,0.2616747181964573,,,,
55,39.31159420289855,35.35292538915727,1.2949543746645196,1.6304347826086956,0.9594739667203436,21.068169618894256,0.0939345142243693,0.026838432635534086,0.2616747181964573,,,,
56,38.117283950617285,35.44015029522276,1.2949543746645196,1.6304347826086956,0.630703166935051,22.50402576489533,0.0939345142243693,0.026838432635534086,0.2616747181964573,,,,
57,38.05018786902845,35.37976382179281,1.4090177133655395,1.6438539989264627,0.630703166935051,22.470477724100913,0.0939345142243693,0.026838432635534086,0.2952227589908749,,,,
58,38.05018786902845,35.39989264626946,1.4090177133655395,1.6438539989264627,0.630703166935051,22.450348899624263,0.0939345142243693,0.026838432635534086,0.2952227589908749,,,,
59,38.05018786902845,35.32608695652174,1.4626945786366077,1.6438539989264627,0.630703166935051,22.403381642512077,0.11406333870101985,0.026838432635534086,0.3421900161030596,,,,
60,37.567096081588836,35.11808910359635,1.4358561460010735,1.6706924315619969,1.3083735909822867,22.403381642512077,0.11406333870101985,0.026838432635534086,0.35560923242082665,,,,
61,36.33923778851315,32.58185721953838,1.415727321524423,1.6706924315619969,1.3083735909822867,26.234567901234566,0.11406333870101985,0.026838432635534086,0.30864197530864196,,,,
62,36.36607622114869,32.58185721953838,1.402308105206656,1.6706924315619969,1.3083735909822867,26.039989264626946,0.11406333870101985,0.026838432635534086,0.48980139559849706,,,,
63,35.97691894793344,32.31347289318304,1.402308105206656,1.6706924315619969,1.3486312399355878,26.65727321524423,0.11406333870101985,0.026838432635534086,0.48980139559849706,,,,
64,35.93666129898014,30.50858829844337,1.3553408480944713,3.5829307568438002,1.3553408480944713,26.65727321524423,0.08722490606548577,0.026838432635534086,0.48980139559849706,,,,
65,35.668276972624795,30.730005367686527,1.3620504562533549,3.603059581320451,1.3553408480944713,26.617015566290927,0.10064412238325282,0.026838432635534086,0.5367686527106817,,,,
66,35.601180891035966,30.823939881910896,1.3620504562533549,3.603059581320451,1.3553408480944713,26.516371443907676,0.10064412238325282,0.026838432635534086,0.6105743424584005,,,,
67,35.48040794417606,30.776972624798713,1.3821792807300053,3.5628019323671496,3.3950617283950617,24.664519592055825,0.10064412238325282,0.06709608158883522,0.5703166935050993,,,,
68,35.38647342995169,30.88432635534085,1.3754696725711217,3.556092324208266,3.3950617283950617,24.550456253354803,0.10064412238325282,0.06709608158883522,0.6843800322061192,,,,
69,35.37976382179281,30.917874396135264,1.3754696725711217,3.556092324208266,3.3950617283950617,24.52361782071927,0.10064412238325282,0.06709608158883522,0.6843800322061192,,,,
70,32.380568974771876,33.823134728931834,1.415727321524423,3.475577026301664,3.3950617283950617,24.44310252281267,0.24825550187869028,0.06709608158883522,0.7514761137949544,,,,
71,32.35373054213634,33.782877079978526,1.4492753623188406,3.361513687600644,3.3950617283950617,24.396135265700483,0.39586688137412773,0.0939345142243693,0.7716049382716049,,,,
72,32.33360171765969,33.762748255501876,1.4626945786366077,3.374932903918411,3.3950617283950617,24.329039184111647,0.3824476650563607,0.0939345142243693,0.8655394524959742,,,,
73,28.73725174449812,36.560654857756305,1.4962426194310252,4.186795491143317,3.3682232957595275,24.235104669887278,0.3824476650563607,0.12077294685990338,0.9125067096081588,,,,
74,28.75067096081589,36.52710681696189,1.4962426194310252,4.186795491143317,3.3682232957595275,24.255233494363928,0.3824476650563607,0.12077294685990338,0.9125067096081588,,,,
75,28.670155662909288,36.44659151905529,1.5901771336553945,4.0995705850778315,3.3950617283950617,24.27536231884058,0.47638217928073,0.12077294685990338,0.9259259259259259,,,,
76,28.663446054750402,36.43317230273752,1.6170155662909287,4.0995705850778315,3.374932903918411,24.27536231884058,0.47638217928073,0.12077294685990338,0.9259259259259259,0.013419216317767043,,,
77,28.549382716049383,36.47342995169082,1.6170155662909287,4.0995705850778315,3.374932903918411,24.248523886205046,0.5770263016639828,0.12077294685990338,0.9259259259259259,0.013419216317767043,,,
78,28.368223295759528,36.66800858829844,1.6170155662909287,4.0995705850778315,3.374932903918411,24.235104669887278,0.5770263016639828,0.12077294685990338,0.9259259259259259,0.013419216317767043,,,
79,28.368223295759528,36.66129898013956,1.6237251744498122,4.0995705850778315,3.3682232957595275,24.235104669887278,0.5770263016639828,0.12077294685990338,0.9259259259259259,0.020128824476650563,,,
80,28.31454643048846,36.2385936661299,1.6237251744498122,4.126409017713366,3.8043478260869565,24.235104669887278,0.5904455179817498,0.12077294685990338,0.9259259259259259,0.020128824476650563,,,
81,27.66371443907676,34.17203435319377,1.6237251744498122,4.126409017713366,3.8043478260869565,26.92565754159957,0.6172839506172839,0.12077294685990338,0.9259259259259259,0.020128824476650563,,,
82,27.67042404723564,34.15861513687601,1.7847557702630166,3.992216854535695,3.8043478260869565,26.90552871712292,0.6172839506172839,0.12077294685990338,0.9259259259259259,0.020128824476650563,,,
83,27.63016639828234,34.01100375738057,1.8786902844873858,4.032474503488996,3.8714439076757916,26.84514224369297,0.6172839506172839,0.12077294685990338,0.9728931830381106,0.020128824476650563,,,
84,27.697262479871174,33.84997316156736,2.046430488459474,4.052603327965647,3.824476650563607,26.737788513150832,0.6172839506172839,0.12077294685990338,0.9997316156736447,0.05367686527106817,,,
85,27.68384326355341,33.57487922705314,2.01959205582394,4.367954911433173,3.824476650563607,26.737788513150832,0.6172839506172839,0.12077294685990338,0.9997316156736447,0.05367686527106817,,,
86,27.67042404723564,33.54804079441761,2.01959205582394,4.408212560386473,3.824476650563607,26.684111647879764,0.6172839506172839,0.12077294685990338,1.0534084809447128,0.05367686527106817,,,
87,27.542941492216855,33.42055823939882,2.2410091250670963,4.408212560386473,3.8311862587224907,26.710950080515296,0.6172839506172839,0.12077294685990338,1.0534084809447128,0.05367686527106817,,,
88,27.536231884057973,33.41384863123994,2.2879763821792807,4.408212560386473,3.8311862587224907,26.617015566290927,0.6172839506172839,0.12077294685990338,1.1137949543746646,0.05367686527106817,,,
89,27.529522275899087,33.393719806763286,2.2879763821792807,4.294149221685454,3.824476650563607,26.56333870101986,0.7648953301127214,0.12077294685990338,1.1674718196457328,0.05367686527106817,,,
90,27.408749329039185,33.47423510466989,2.328234031132582,4.294149221685454,3.824476650563607,26.56333870101986,0.7648953301127214,0.12077294685990338,1.1674718196457328,0.05367686527106817,,,
91,26.590177133655395,31.682769726247987,2.1739130434782608,7.0383789586688135,3.824476650563607,26.583467525496513,0.7648953301127214,0.12077294685990338,1.1674718196457328,0.05367686527106817,,,
92,26.590177133655395,31.52173913043478,2.15378421900161,5.193236714975845,3.743961352657005,28.65673644659152,0.8655394524959742,0.12077294685990338,1.1003757380568975,0.05367686527106817,,,
93,26.48953301127214,31.662640901771336,2.15378421900161,5.166398282340311,3.717122920021471,28.629898013955984,0.8655394524959742,0.14761137949543746,1.1137949543746646,0.05367686527106817,,,
94,25.85212023617821,31.159420289855074,2.200751476113795,5.032206119162641,3.7104133118625873,29.736983360171767,0.8655394524959742,0.14761137949543746,1.2412775093934514,0.05367686527106817,,,
95,25.543478260869566,30.099302200751477,2.227589908749329,5.032206119162641,3.7104133118625873,31.0654857756307,0.8655394524959742,0.14761137949543746,1.2546967257112185,0.05367686527106817,,,
96,25.503220611916262,30.099302200751477,2.2208803005904456,4.9718196457326895,3.7104133118625873,31.052066559312937,0.8655394524959742,0.14761137949543746,1.2681159420289856,0.1610305958132045,,,
97,25.335480407944175,30.226784755770264,2.2208803005904456,4.9718196457326895,3.743961352657005,31.05877616747182,0.8655394524959742,0.14761137949543746,1.2681159420289856,0.1610305958132045,,,
98,25.37573805689748,30.19994632313473,2.2342995169082127,4.9718196457326895,3.7372517444981215,30.99838969404187,0.8655394524959742,0.14761137949543746,1.3016639828234031,0.16774020397208803,,,
99,25.36231884057971,30.112721417069242,2.368491680085883,4.938271604938271,3.7372517444981215,30.99838969404187,0.8655394524959742,0.14761137949543746,1.3016639828234031,0.16774020397208803,,,
100,25.234836285560924,30.20665593129361,2.38191089640365,4.938271604938271,3.7372517444981215,30.917874396135264,0.8990874932903918,0.14761137949543746,1.3687600644122384,0.16774020397208803,,,
101,25.05367686527107,30.132850241545892,2.6435856146001075,4.931561996779388,3.750670960815888,30.891035963499732,0.8990874932903918,0.14761137949543746,1.3687600644122384,0.18115942028985507,,,
102,24.52361782071927,28.093129361245303,2.3886205045625335,4.5893719806763285,3.6500268384326353,34.21900161030596,0.7716049382716049,0.12077294685990338,1.4626945786366077,0.18115942028985507,,,
103,24.537037037037038,28.093129361245303,2.3886205045625335,4.5893719806763285,3.643317230273752,34.17203435319377,0.7716049382716049,0.12077294685990338,1.5029522275899088,0.18115942028985507,,,
104,24.490069779924852,27.965646806226516,2.3752012882447664,4.461889425657541,3.7909286097691894,34.17203435319377,0.95276435856146,0.12077294685990338,1.4895330112721417,0.18115942028985507,,,
105,24.52361782071927,27.925389157273216,2.4020397208803006,4.461889425657541,3.7909286097691894,34.05126140633387,0.95276435856146,0.12077294685990338,1.5901771336553945,0.18115942028985507,,,
106,24.56387546967257,27.750939345142243,2.509393451422437,4.461889425657541,3.851315083199141,34.03113258185722,0.95276435856146,0.12077294685990338,1.5767579173376274,0.18115942028985507,,,
107,24.57729468599034,27.750939345142243,2.509393451422437,4.461889425657541,3.851315083199141,33.964036500268385,0.95276435856146,0.12077294685990338,1.6304347826086956,0.18115942028985507,,,
108,23.95330112721417,28.30112721417069,2.4825550187869028,4.461889425657541,3.7775093934514223,34.004294149221685,0.9930220075147611,0.12077294685990338,1.724369296833065,0.18115942028985507,,,
109,23.805689747718734,27.979066022544284,2.462426194310252,7.14573268921095,3.7238325281803544,32.098765432098766,1.0064412238325282,0.12077294685990338,1.4761137949543746,0.18115942028985507,,,
110,23.805689747718734,27.750939345142243,2.636876006441224,7.14573268921095,3.6902844873859366,32.10547504025765,1.0534084809447128,0.12077294685990338,1.4761137949543746,0.2147074610842727,,,
111,23.825818572195384,27.730810520665592,3.488996242619431,7.14573268921095,3.6902844873859366,31.253354804079443,1.0534084809447128,0.12077294685990338,1.4761137949543746,0.2147074610842727,,,
112,23.79898013955985,27.737520128824478,3.535963499731616,7.14573268921095,3.6902844873859366,31.199677938808374,1.0534084809447128,0.12077294685990338,1.5029522275899088,0.2147074610842727,,,
113,23.792270531400966,27.657004830917874,3.6097691894793345,7.14573268921095,3.730542136339238,31.159420289855074,1.0534084809447128,0.12077294685990338,1.5163714439076759,0.2147074610842727,,,
114,23.79898013955985,27.657004830917874,3.6097691894793345,7.14573268921095,3.730542136339238,30.938003220611915,1.2681159420289856,0.12077294685990338,1.5163714439076759,0.2147074610842727,,,
115,23.731884057971016,27.542941492216855,3.656736446591519,7.125603864734299,3.8177670424047236,30.931293612453032,1.2949543746645196,0.14090177133655393,1.5230810520665594,0.23483628556092323,,,
116,23.731884057971016,27.502683843263554,3.69699409554482,7.03166935050993,3.7909286097691894,30.817230273752013,1.3083735909822867,0.23483628556092323,1.6237251744498122,0.2616747181964573,,,
117,22.302737520128826,26.402308105206657,3.7573805689747717,7.997852925389157,3.770799785292539,32.35373054213634,1.3083735909822867,0.23483628556092323,1.6103059581320451,0.2616747181964573,,,
118,22.309447128287708,26.422436929683307,3.7573805689747717,7.997852925389157,3.770799785292539,32.326892109500804,1.3083735909822867,0.23483628556092323,1.6103059581320451,0.2616747181964573,,,
119,22.302737520128826,26.41572732152442,3.7573805689747717,7.98443370907139,3.770799785292539,32.306763285024154,1.3217928073000538,0.24825550187869028,1.6304347826086956,0.2616747181964573,,,
120,22.363123993558776,26.38888888888889,4.119699409554482,7.98443370907139,3.7640901771336552,31.904186795491142,1.3150831991411702,0.2616747181964573,1.6170155662909287,0.28180354267310787,,,
121,22.342995169082126,26.36876006441224,4.092860976918948,7.98443370907139,3.7640901771336552,31.756575415995705,1.415727321524423,0.2616747181964573,1.7310789049919484,0.28180354267310787,,,
122,22.36983360171766,26.38888888888889,4.092860976918948,7.977724100912507,3.6768652710681695,31.662640901771336,1.556629092860977,0.2616747181964573,1.7310789049919484,0.28180354267310787,,,
123,22.36983360171766,26.38888888888889,4.092860976918948,7.977724100912507,3.6768652710681695,31.5552871712292,1.5901771336553945,0.2616747181964573,1.8048845947396672,0.28180354267310787,,,
124,22.403381642512077,26.073537305421365,4.206924315619967,8.05823939881911,3.6500268384326353,31.561996779388085,1.6975308641975309,0.2616747181964573,1.8048845947396672,0.28180354267310787,,,
125,22.450348899624263,26.04669887278583,4.206924315619967,8.044820182501342,3.6500268384326353,31.5552871712292,1.6774020397208802,0.27509393451422437,1.8115942028985508,0.28180354267310787,,,
126,22.457058507783145,25.97289318303811,4.327697262479871,8.044820182501342,3.6366076221148687,31.50161030595813,1.6774020397208802,0.27509393451422437,1.8115942028985508,0.2952227589908749,,,
127,22.282608695652176,26.147342995169083,4.300858829844337,8.038110574342458,3.643317230273752,31.48148148148148,1.6774020397208802,0.3153515834675255,1.8115942028985508,0.30193236714975846,,,
128,22.188674181427803,26.27482555018787,4.300858829844337,8.038110574342458,3.643317230273752,31.447933440687063,1.6774020397208802,0.3153515834675255,1.8115942028985508,0.30193236714975846,,,
129,22.188674181427803,26.247987117552334,4.327697262479871,8.038110574342458,3.643317230273752,31.447933440687063,1.6774020397208802,0.3153515834675255,1.8115942028985508,0.30193236714975846,,,
130,22.17525496511004,26.060118089103597,4.334406870638754,8.246108427267847,3.643317230273752,31.4345142243693,1.6774020397208802,0.3153515834675255,1.8115942028985508,0.30193236714975846,,,
131,22.15512614063339,26.080246913580247,4.334406870638754,8.239398819108963,3.643317230273752,31.4345142243693,1.6774020397208802,0.322061191626409,1.8115942028985508,0.30193236714975846,,,
132,22.188674181427803,26.093666129898015,4.334406870638754,8.239398819108963,3.643317230273752,31.36070853462158,1.6774020397208802,0.322061191626409,1.8384326355340848,0.30193236714975846,,,
133,22.228931830381107,25.999731615673646,4.3545356951154055,8.219269994632313,3.6366076221148687,31.333870101986044,1.6774020397208802,0.322061191626409,1.9256575415995705,0.30193236714975846,,,
134,22.24235104669887,25.986312399355878,4.3545356951154055,8.219269994632313,3.6366076221148687,31.313741277509394,1.6774020397208802,0.322061191626409,1.9457863660762211,0.30193236714975846,,,
135,22.228931830381107,25.986312399355878,4.38137412775094,8.219269994632313,3.6366076221148687,31.300322061191626,1.6774020397208802,0.322061191626409,1.9457863660762211,0.30193236714975846,,,
136,22.16183574879227,26.04669887278583,4.374664519592056,8.225979602791197,3.6366076221148687,31.28690284487386,1.6841116478797638,0.322061191626409,1.9592055823939882,0.30193236714975846,,,
137,22.094739667203434,26.053408480944714,4.40150295222759,8.21256038647343,3.6366076221148687,31.38083735909823,1.6841116478797638,0.322061191626409,1.9122383252818036,0.30193236714975846,,,
138,21.994095544820183,26.147342995169083,4.38137412775094,8.192431561996779,3.656736446591519,31.36070853462158,1.6841116478797638,0.322061191626409,1.932367149758454,0.32877079978529256,,,
139,21.953837895866883,26.127214170692433,4.3545356951154055,8.259527643585615,3.7037037037037037,31.32716049382716,1.6841116478797638,0.30864197530864196,1.9524959742351047,0.32877079978529256,,,
140,21.973966720343533,26.093666129898015,4.5893719806763285,8.024691358024691,3.7037037037037037,31.340579710144926,1.6841116478797638,0.30864197530864196,1.9524959742351047,0.32877079978529256,,,
141,22.014224369296834,26.06682769726248,4.575952764358561,8.024691358024691,3.7037037037037037,31.320450885668276,1.6841116478797638,0.30864197530864196,1.9726247987117553,0.32877079978529256,,,
142,21.920289855072465,25.966183574879228,4.361245303274289,10.393183038110575,4.810789049919484,28.213902308105208,2.0128824476650564,0.30864197530864196,1.7646269457863661,0.24825550187869028,,,
143,21.68545356951154,25.966183574879228,3.683574879227053,13.378958668813741,4.810789049919484,26.41572732152442,2.0128824476650564,0.30193236714975846,1.4962426194310252,0.24825550187869028,,,
144,21.74584004294149,25.946054750402578,3.7238325281803544,13.378958668813741,4.797369833601718,26.32850241545894,2.0128824476650564,0.30193236714975846,1.5163714439076759,0.24825550187869028,,,
145,21.732420826623724,25.939345142243692,3.7238325281803544,13.352120236178207,4.797369833601718,26.31508319914117,2.0128824476650564,0.33548040794417605,1.5163714439076759,0.27509393451422437,,,
146,21.70558239398819,25.979602791196996,3.7372517444981215,13.345410628019323,4.770531400966184,26.32850241545894,2.0128824476650564,0.33548040794417605,1.5096618357487923,0.27509393451422437,,,
147,21.73913043478261,25.999731615673646,3.7640901771336552,13.345410628019323,4.757112184648417,26.268115942028984,2.0128824476650564,0.33548040794417605,1.5029522275899088,0.27509393451422437,,,
148,21.4573268921095,26.288244766505635,3.7640901771336552,13.298443370907139,4.750402576489533,26.247987117552334,2.0128824476650564,0.3824476650563607,1.5230810520665594,0.27509393451422437,,,
149,21.4573268921095,25.85212023617821,3.7573805689747717,13.251476113794954,4.750402576489533,26.207729468599034,2.509393451422437,0.41599570585077833,1.5230810520665594,0.27509393451422437,,,
150,21.490874932903917,25.85212023617821,3.824476650563607,13.117283950617283,4.750402576489533,26.207729468599034,2.509393451422437,0.4495437466451959,1.5230810520665594,0.27509393451422437,,,
151,21.450617283950617,25.91250670960816,3.824476650563607,13.070316693505099,4.730273752012883,26.120504562533547,2.509393451422437,0.47638217928073,1.6304347826086956,0.27509393451422437,,,
152,21.464036500268385,25.785024154589372,3.7372517444981215,13.385668276972625,4.703435319377348,26.039989264626946,2.5026838432635534,0.46967257112184646,1.6170155662909287,0.2952227589908749,,,
153,21.410359634997317,25.83870101986044,3.743961352657005,13.33870101986044,4.703435319377348,25.805152979066023,2.7308105206655933,0.49651100375738055,1.6371443907675791,0.2952227589908749,,,
154,21.430488459473967,25.758185721953836,3.8043478260869565,13.33870101986044,4.703435319377348,25.805152979066023,2.7308105206655933,0.49651100375738055,1.6371443907675791,0.2952227589908749,,,
155,21.4170692431562,25.731347289318304,3.844605475040258,13.33870101986044,4.703435319377348,25.791733762748255,2.7308105206655933,0.49651100375738055,1.6505636070853462,0.2952227589908749,,,
156,21.43719806763285,25.650831991411703,4.005636070853462,13.419216317767042,4.703435319377348,25.697799248523886,2.7308105206655933,0.49651100375738055,1.5633387010198605,0.2952227589908749,,,
157,21.4170692431562,25.650831991411703,4.005636070853462,13.526570048309178,4.8443370907139025,25.483091787439612,2.703972088030059,0.49651100375738055,1.5767579173376274,0.2952227589908749,,,
158,21.4170692431562,25.355609232420825,4.314278046162104,13.526570048309178,4.8443370907139025,25.469672571121848,2.703972088030059,0.49651100375738055,1.5767579173376274,0.2952227589908749,,,
159,21.430488459473967,25.254965110037574,4.508856682769726,13.358829844337091,4.810789049919484,25.469672571121848,2.703972088030059,0.5568974771873323,1.5767579173376274,0.32877079978529256,,,
160,21.43719806763285,24.953032742887814,4.804079441760601,13.358829844337091,4.810789049919484,25.409286097691894,2.703972088030059,0.5568974771873323,1.6371443907675791,0.32877079978529256,,,
161,21.4573268921095,24.912775093934513,4.663177670424047,13.39237788513151,6.1862587224906065,24.510198604401502,2.49597423510467,0.5568974771873323,1.5163714439076759,0.30864197530864196,,,
162,21.470746108427267,24.89935587761675,4.663177670424047,13.378958668813741,6.1862587224906065,24.490069779924852,2.49597423510467,0.5568974771873323,1.5163714439076759,0.3421900161030596,,,
163,21.464036500268385,24.9194847020934,4.663177670424047,13.331991411701557,6.172839506172839,24.40955448201825,2.49597423510467,0.6172839506172839,1.583467525496511,0.3421900161030596,,,
164,21.497584541062803,24.90606548577563,4.656468062265164,13.352120236178207,6.159420289855072,24.396135265700483,2.49597423510467,0.630703166935051,1.5633387010198605,0.3421900161030596,,,
165,21.537842190016104,24.912775093934513,4.656468062265164,13.372249060654857,6.125872249060655,24.382716049382715,2.49597423510467,0.630703166935051,1.5432098765432098,0.3421900161030596,,,
166,21.537842190016104,24.852388620504563,4.683306494900698,13.372249060654857,6.125872249060655,24.3894256575416,2.522812667740204,0.630703166935051,1.5432098765432098,0.3421900161030596,,,
167,21.537842190016104,24.825550187869027,4.683306494900698,13.311862587224907,6.125872249060655,24.422973698336016,2.522812667740204,0.6843800322061192,1.5432098765432098,0.3421900161030596,,,
168,21.557971014492754,24.724906065485776,4.690016103059581,13.39237788513151,6.092324208266238,24.436392914653783,2.522812667740204,0.6642512077294686,1.5432098765432098,0.3421900161030596,0.03354804079441761,,
169,21.571390230810522,24.731615673644658,4.676596886741814,13.399087493290391,6.078904991948471,24.436392914653783,2.522812667740204,0.6642512077294686,1.5432098765432098,0.3421900161030596,0.03354804079441761,,
170,21.517713365539453,24.745034889962426,4.703435319377348,13.399087493290391,6.038647342995169,24.490069779924852,2.522812667740204,0.6642512077294686,1.5432098765432098,0.3421900161030596,0.03354804079441761,,
171,21.390230810520666,24.06736446591519,4.30756843800322,13.33870101986044,7.232957595276436,24.349168008588297,2.522812667740204,0.6642512077294686,1.6774020397208802,0.41599570585077833,0.03354804079441761,,
172,21.423778851315085,23.993558776167472,4.394793344068707,13.331991411701557,7.232957595276436,24.228395061728396,2.522812667740204,0.6642512077294686,1.7444981213097155,0.4294149221685454,0.03354804079441761,,
173,21.443907675791735,24.020397208803004,4.408212560386473,13.298443370907139,7.226247987117552,24.16129898013956,2.522812667740204,0.6977992485238862,1.7579173376274826,0.4294149221685454,0.03354804079441761,,
174,21.43719806763285,24.020397208803004,4.488727858293076,13.331991411701557,7.212828770799785,24.074074074074073,2.509393451422437,0.6977992485238862,1.751207729468599,0.4428341384863124,0.03354804079441761,,
175,21.43719806763285,24.020397208803004,4.488727858293076,13.305152979066023,7.212828770799785,23.738593666129898,2.509393451422437,0.7246376811594203,2.086688137412775,0.4428341384863124,0.03354804079441761,,
176,21.423778851315085,23.96672034353194,4.51556629092861,13.278314546430488,7.212828770799785,23.718464841653248,2.5429414922168547,0.7514761137949544,2.1135265700483092,0.4428341384863124,0.03354804079441761,,
177,21.423778851315085,23.93317230273752,4.53569511540526,13.278314546430488,7.212828770799785,23.718464841653248,2.5563607085346214,0.7514761137949544,2.1135265700483092,0.4428341384863124,0.03354804079441761,,
178,21.443907675791735,23.919753086419753,4.7638217928073,13.291733762748256,7.212828770799785,23.47691894793344,2.5496511003757383,0.7514761137949544,2.1135265700483092,0.4428341384863124,0.03354804079441761,,
179,21.34326355340848,23.89291465378422,4.810789049919484,13.560118089103597,7.132313472893183,23.429951690821255,2.522812667740204,0.7514761137949544,2.100107353730542,0.4227053140096618,0.03354804079441761,,
180,21.20907139023081,24.08078368223296,4.898013955984971,13.573537305421363,7.14573268921095,23.255501878690286,2.522812667740204,0.7514761137949544,2.1068169618894257,0.4227053140096618,0.03354804079441761,,
181,21.061460010735374,24.261943102522814,4.924852388620504,13.573537305421363,7.132313472893183,23.181696188942567,2.522812667740204,0.7514761137949544,2.13365539452496,0.4227053140096618,0.03354804079441761,,
182,21.048040794417606,24.261943102522814,4.998658078368224,13.600375738056897,7.132313472893183,23.1280193236715,2.5295222758990876,0.7447665056360708,2.100107353730542,0.4227053140096618,0.03354804079441761,,
183,21.048040794417606,24.261943102522814,5.018786902844874,13.58695652173913,7.132313472893183,23.09447128287708,2.5295222758990876,0.7447665056360708,2.1269457863660763,0.4227053140096618,0.03354804079441761,,
184,21.00107353730542,24.27536231884058,5.045625335480408,13.573537305421363,7.14573268921095,23.040794417606012,2.5295222758990876,0.7447665056360708,2.1806226516371443,0.4294149221685454,0.03354804079441761,,
185,21.027911969940956,24.168008588298445,5.10601180891036,13.560118089103597,7.1725711218464845,23.03408480944713,2.5295222758990876,0.7447665056360708,2.1806226516371443,0.4294149221685454,0.04696725711218465,,
186,21.081588835212024,24.12775093934514,5.159688674181428,13.506441223832528,7.098765432098766,23.013955984970476,2.576489533011272,0.7716049382716049,2.1604938271604937,0.4562533548040794,0.04696725711218465,,
187,20.933977455716587,24.255233494363928,5.253623188405797,13.506441223832528,7.098765432098766,22.906602254428343,2.576489533011272,0.7716049382716049,2.1806226516371443,0.4562533548040794,0.04696725711218465,0.013419216317767043,
188,20.974235104669887,24.235104669887278,5.280461621041331,13.446054750402576,7.112184648416532,22.799248523886206,2.576489533011272,0.7716049382716049,2.24771873322598,0.49651100375738055,0.04696725711218465,0.013419216317767043,
189,20.987654320987655,24.20155662909286,5.280461621041331,13.43263553408481,7.112184648416532,22.73215244229737,2.5966183574879227,0.7716049382716049,2.328234031132582,0.49651100375738055,0.04696725711218465,0.013419216317767043,
190,21.021202361782073,24.174718196457327,5.273752012882448,13.58695652173913,7.112184648416532,22.624798711755233,2.5966183574879227,0.7447665056360708,2.3081052066559313,0.49651100375738055,0.04696725711218465,0.013419216317767043,
191,21.014492753623188,24.16129898013956,5.374396135265701,13.439345142243694,7.112184648416532,22.5979602791197,2.703972088030059,0.7313472893183038,2.3349436392914655,0.46967257112184646,0.04696725711218465,0.013419216317767043,
192,20.8064949006978,23.899624261943103,5.428073000536768,13.439345142243694,7.112184648416532,23.013955984970476,2.690552871712292,0.7313472893183038,2.3483628556092326,0.46967257112184646,0.04696725711218465,0.013419216317767043,
193,20.88030059044552,23.872785829307567,5.428073000536768,13.43263553408481,7.071926999463232,22.973698336017176,2.690552871712292,0.7380568974771873,2.38191089640365,0.46967257112184646,0.04696725711218465,0.013419216317767043,
194,20.779656468062264,24.074074074074073,5.4616210413311865,13.43263553408481,7.071926999463232,22.82608695652174,2.690552871712292,0.7380568974771873,2.395330112721417,0.46967257112184646,0.04696725711218465,0.013419216317767043,
195,20.79307568438003,24.040526033279658,5.495169082125604,13.358829844337091,7.051798174986581,22.81266774020397,2.690552871712292,0.798443370907139,2.395330112721417,0.48980139559849706,0.06038647342995169,0.013419216317767043,
196,20.779656468062264,24.094202898550726,5.46833064949007,13.331991411701557,7.051798174986581,22.81266774020397,2.690552871712292,0.785024154589372,2.395330112721417,0.48980139559849706,0.08722490606548577,0.013419216317767043,
197,20.82662372517445,24.053945249597422,5.3341384863123995,13.47289318303811,7.0383789586688135,22.805958132045088,2.690552871712292,0.785024154589372,2.3752012882447664,0.48980139559849706,0.08722490606548577,0.013419216317767043,0.026838432635534086
198,20.8064949006978,23.939881910896403,5.360976918947934,13.47289318303811,7.03166935050993,22.852925389157274,2.7308105206655933,0.7581857219538379,2.428878153515835,0.48980139559849706,0.08722490606548577,0.013419216317767043,0.026838432635534086
199,20.658883521202362,23.886205045625335,5.3274288781535155,13.439345142243694,6.884057971014493,23.262211486849168,2.7308105206655933,0.785024154589372,2.408749329039184,0.48980139559849706,0.08722490606548577,0.013419216317767043,0.026838432635534086
200,20.658883521202362,23.872785829307567,5.3274288781535155,13.466183574879228,6.870638754696726,23.2487922705314,2.7308105206655933,0.785024154589372,2.408749329039184,0.5032206119162641,0.08722490606548577,0.013419216317767043,0.026838432635534086
201,20.625335480407944,23.778851315083198,5.4549114331723025,13.466183574879228,6.870638754696726,23.21524422973698,2.7308105206655933,0.785024154589372,2.442297369833602,0.5032206119162641,0.08722490606548577,0.013419216317767043,0.026838432635534086
202,20.638754696725712,23.752012882447666,5.46833064949007,13.446054750402576,6.904186795491143,23.201825013419217,2.7442297369833604,0.785024154589372,2.428878153515835,0.5032206119162641,0.08722490606548577,0.013419216317767043,0.026838432635534086
203,20.571658615136876,23.859366612989803,5.46833064949007,13.459473966720344,6.904186795491143,23.161567364465917,2.7442297369833604,0.785024154589372,2.4154589371980677,0.5032206119162641,0.08722490606548577,0.013419216317767043,0.026838432635534086
204,20.564949006977994,23.872785829307567,5.46833064949007,13.459473966720344,6.870638754696726,23.15485775630703,2.757648953301127,0.785024154589372,2.4154589371980677,0.5233494363929146,0.08722490606548577,0.013419216317767043,0.026838432635534086
205,20.034889962426195,24.61755233494364,5.46833064949007,13.459473966720344,6.6827697262479875,23.17498658078368,2.7442297369833604,0.785024154589372,2.4154589371980677,0.48980139559849706,0.08722490606548577,0.013419216317767043,0.026838432635534086
206,20.021470746108427,24.46323134728932,5.615942028985507,13.45276435856146,6.696188942565755,23.13472893183038,2.7442297369833604,0.785024154589372,2.4691358024691357,0.48980139559849706,0.08722490606548577,0.013419216317767043,0.026838432635534086
207,20.061728395061728,24.315619967793882,5.723295759527644,13.385668276972625,6.696188942565755,23.101180891035963,2.8784219001610305,0.7514761137949544,2.4691358024691357,0.48980139559849706,0.08722490606548577,0.013419216317767043,0.026838432635534086
208,20.055018786902846,24.308910359634996,5.743424584004294,13.419216317767042,6.696188942565755,22.966988727858293,2.8784219001610305,0.7514761137949544,2.563070316693505,0.48980139559849706,0.08722490606548577,0.013419216317767043,0.026838432635534086
209,20.061728395061728,24.295491143317232,5.743424584004294,13.419216317767042,6.723027375201288,22.96027911969941,2.8650026838432634,0.7514761137949544,2.563070316693505,0.48980139559849706,0.08722490606548577,0.013419216317767043,0.026838432635534086
210,19.900697799248523,24.154589371980677,5.750134192163178,13.405797101449275,7.03166935050993,22.920021470746107,2.8650026838432634,0.7514761137949544,2.6033279656468062,0.48980139559849706,0.08722490606548577,0.013419216317767043,0.026838432635534086
211,19.961084272678477,24.14117015566291,5.770263016639828,13.378958668813741,7.0383789586688135,22.819377348362856,2.8650026838432634,0.7514761137949544,2.636876006441224,0.5099302200751477,0.08722490606548577,0.013419216317767043,0.026838432635534086
212,19.80005367686527,23.91304347826087,5.770263016639828,13.378958668813741,6.951154052603328,23.262211486849168,2.898550724637681,0.7514761137949544,2.6637144390767578,0.4830917874396135,0.08722490606548577,0.013419216317767043,0.026838432635534086
213,19.665861513687602,24.04723564143854,5.770263016639828,13.546698872785829,6.951154052603328,23.235373054213635,2.757648953301127,0.7514761137949544,2.6637144390767578,0.4830917874396135,0.08722490606548577,0.013419216317767043,0.026838432635534086
214,19.679280730005367,24.020397208803004,5.810520665593129,13.526570048309178,6.951154052603328,23.235373054213635,2.7509393451422435,0.7514761137949544,2.6637144390767578,0.4830917874396135,0.08722490606548577,0.013419216317767043,0.026838432635534086
