,45,50,51,55,54,56,53,52,59,60,58,57,46
0,78.61647879763822,19.558507783145465,1.6841116478797638,0.14090177133655393,,,,,,,,,
1,69.48470209339774,28.690284487385938,1.6841116478797638,0.14090177133655393,,,,,,,,,
2,69.0552871712292,29.052603327965645,1.6841116478797638,0.20799785292538917,,,,,,,,,
3,68.66612989801395,28.6231884057971,1.6505636070853462,0.28180354267310787,0.7514761137949544,0.026838432635534086,,,,,,,
4,67.223564143854,29.95169082125604,1.6505636070853462,0.30864197530864196,0.7514761137949544,0.026838432635534086,0.08722490606548577,,,,,,
5,65.07648953301127,32.10547504025765,1.5901771336553945,0.36231884057971014,0.7514761137949544,0.026838432635534086,0.08722490606548577,,,,,,
6,64.7410091250671,32.27321524422974,1.5901771336553945,0.36231884057971014,0.798443370907139,0.026838432635534086,0.20799785292538917,,,,,,
7,64.44578636607622,32.427536231884055,1.4626945786366077,0.36231884057971014,0.798443370907139,0.1610305958132045,0.3421900161030596,,,,,,
8,56.937734836285564,40.13016639828234,1.4626945786366077,0.2683843263553409,0.798443370907139,0.1610305958132045,0.2214170692431562,0.020128824476650563,,,,,
9,55.723295759527645,40.39855072463768,1.3687600644122384,0.8118625872249061,1.0534084809447128,0.12077294685990338,0.2214170692431562,0.30193236714975846,,,,,
10,54.26731078904992,40.51932367149758,1.3687600644122384,2.0263016639828235,1.1741814278046163,0.12077294685990338,0.2214170692431562,0.30193236714975846,,,,,
11,53.04616210413312,41.29092860976919,1.415727321524423,2.1403650026838434,1.3217928073000538,0.12077294685990338,0.2214170692431562,0.4025764895330113,0.040257648953301126,,,,
12,52.14707461084273,37.76167471819646,3.1468062265163717,2.1403650026838434,1.1540526033279657,0.12077294685990338,3.1065485775630703,0.3824476650563607,0.040257648953301126,,,,
13,49.241814278046164,40.4320987654321,3.140096618357488,2.368491680085883,1.1406333870101986,0.12077294685990338,3.1065485775630703,0.3824476650563607,0.040257648953301126,0.026838432635534086,,,
14,48.79898013955985,40.68035426731079,2.7777777777777777,2.38191089640365,1.1137949543746646,0.12077294685990338,3.1065485775630703,0.95276435856146,0.040257648953301126,0.026838432635534086,,,
15,47.20209339774557,42.028985507246375,2.7979066022544283,2.61003757380569,1.1137949543746646,0.12077294685990338,3.1065485775630703,0.95276435856146,0.040257648953301126,0.026838432635534086,,,
16,46.9068706387547,41.6935050993022,2.885131508319914,2.8247450348899625,1.1137949543746646,0.15432098765432098,3.1065485775630703,1.247987117552335,0.040257648953301126,0.026838432635534086,,,
17,45.32340311325819,37.104133118625874,10.628019323671497,1.4895330112721417,0.9930220075147611,0.15432098765432098,3.0193236714975846,1.247987117552335,0.040257648953301126,,,,
18,45.1959205582394,37.3389694041868,10.628019323671497,1.4895330112721417,0.9930220075147611,0.15432098765432098,3.0193236714975846,1.1406333870101986,0.040257648953301126,,,,
19,43.08239398819109,37.94283413848631,10.621309715512615,1.3419216317767042,0.966183574879227,0.15432098765432098,2.254428341384863,3.5963499731615673,0.040257648953301126,,,,
20,41.324476650563604,39.38539989264627,10.413311862587225,1.4895330112721417,0.966183574879227,0.3824476650563607,2.4020397208803006,3.5963499731615673,0.040257648953301126,,,,
21,41.10305958132045,38.097155126140635,13.144122383252817,1.5096618357487923,0.966183574879227,0.3824476650563607,2.462426194310252,2.2946859903381642,0.040257648953301126,,,,
22,40.143585614600106,38.191089640365,13.311862587224907,1.9927536231884058,0.966183574879227,0.5032206119162641,2.5563607085346214,2.2946859903381642,0.040257648953301126,,,,
23,39.982555018786904,37.72812667740204,13.298443370907139,2.227589908749329,0.966183574879227,0.5032206119162641,2.9589371980676327,2.2946859903381642,0.040257648953301126,,,,
24,28.247450348899623,55.99168008588298,5.58239398819109,2.0665593129361244,1.2144390767579174,0.322061191626409,2.5831991411701556,3.8378958668813743,0.040257648953301126,,0.11406333870101985,,
25,25.79844337090714,54.87788513150832,5.501878690284487,2.4490069779924855,3.9184111647879765,0.322061191626409,2.5563607085346214,4.42163177670424,0.040257648953301126,,0.11406333870101985,,
26,25.5703166935051,51.10708534621578,5.649490069779925,6.226516371443908,3.9452495974235107,0.322061191626409,2.6704240472356413,4.3545356951154055,0.040257648953301126,,0.11406333870101985,,
27,24.12104133118626,52.29468599033817,5.508588298443371,6.5485775630703165,3.9184111647879765,0.322061191626409,2.536231884057971,4.3545356951154055,0.040257648953301126,0.10735373054213634,0.24825550187869028,,
28,23.577563070316693,51.932367149758456,6.588835212023618,6.528448738593666,3.8043478260869565,0.2952227589908749,2.509393451422437,4.320987654320987,0.040257648953301126,0.10735373054213634,0.2616747181964573,0.03354804079441761,
29,23.040794417606012,51.95920558239399,6.655931293612453,6.863929146537842,3.8043478260869565,0.2952227589908749,2.636876006441224,4.300858829844337,0.040257648953301126,0.10735373054213634,0.2616747181964573,0.03354804079441761,
30,23.03408480944713,51.469404186795494,6.608964036500268,7.239667203435319,4.045893719806763,0.2952227589908749,2.6502952227589907,4.213633923778851,0.040257648953301126,0.10735373054213634,0.2616747181964573,0.03354804079441761,
31,22.96027911969941,50.946054750402574,6.629092860976919,7.0450885668276975,4.669887278582931,0.2549651100375738,2.8381642512077296,4.213633923778851,0.040257648953301126,0.10735373054213634,0.2616747181964573,0.03354804079441761,
32,22.765700483091788,50.415995705850776,6.689479334406871,7.541599570585078,4.736983360171766,0.2549651100375738,2.9253891572732154,4.200214707461084,0.06709608158883522,0.10735373054213634,0.2616747181964573,0.03354804079441761,
33,21.027911969940956,47.51073537305421,10.138217928073,7.333601717659689,4.64975845410628,0.23483628556092323,1.90552871712292,6.9310252281266775,0.06709608158883522,0.16774020397208803,,0.03354804079441761,
34,19.639023081052066,49.15458937198068,9.916800858829845,7.226247987117552,4.1532474503489,0.6776704240472357,1.8719806763285025,6.890767579173376,0.19457863660762212,0.16774020397208803,0.07380568974771873,0.03354804079441761,
35,19.679280730005367,48.82581857219538,9.822866344605474,7.447665056360709,4.260601180891036,0.7313472893183038,1.8719806763285025,6.890767579173376,0.19457863660762212,0.16774020397208803,0.07380568974771873,0.03354804079441761,
36,19.088835212023618,49.24852388620504,9.728931830381105,7.669082125603865,4.146537842190016,0.7313472893183038,1.9860440150295222,6.890767579173376,0.23483628556092323,0.16774020397208803,0.07380568974771873,0.03354804079441761,
37,19.182769726247987,48.72517444981213,9.836285560923242,7.977724100912507,4.213633923778851,0.7313472893183038,1.9659151905528718,6.857219538378959,0.23483628556092323,0.16774020397208803,0.07380568974771873,0.03354804079441761,
38,19.082125603864736,43.4447128287708,9.769189479334408,7.75630703166935,9.977187332259795,0.6776704240472357,1.9256575415995705,6.857219538378959,0.23483628556092323,0.16774020397208803,0.07380568974771873,0.03354804079441761,
39,18.887546967257112,42.901234567901234,10.59447128287708,8.239398819108963,9.842995169082126,0.6776704240472357,1.892109500805153,6.327160493827161,0.3421900161030596,0.16774020397208803,0.07380568974771873,0.05367686527106817,
40,18.552066559312937,41.82098765432099,10.587761674718196,9.017713365539452,9.809447128287708,0.6776704240472357,2.147074610842727,6.729736983360172,0.33548040794417605,0.16774020397208803,0.07380568974771873,0.08051529790660225,
41,14.371980676328503,36.500268384326354,19.256575415995705,8.420558239398819,9.50751476113795,0.7783145464304885,1.932367149758454,8.608427267847558,0.33548040794417605,0.13419216317767044,0.07380568974771873,0.08051529790660225,
42,14.378690284487385,36.312399355877616,19.209608158883523,8.467525496511003,9.574610842726784,0.8185721953837896,1.9122383252818036,8.608427267847558,0.33548040794417605,0.13419216317767044,0.07380568974771873,0.17444981213097155,
43,14.42565754159957,36.13794954374664,19.33709071390231,8.480944712828771,9.567901234567902,0.8722490606548577,1.8518518518518519,8.568169618894256,0.33548040794417605,0.13419216317767044,0.07380568974771873,0.2147074610842727,
44,13.43263553408481,36.82903918411165,19.410896403650028,8.360171765968868,9.836285560923242,0.95276435856146,1.8048845947396672,8.61513687600644,0.33548040794417605,0.13419216317767044,0.07380568974771873,0.2147074610842727,
45,13.325281803542673,36.14465915190553,20.48443370907139,7.950885668276973,9.574610842726784,1.1674718196457328,1.737788513150832,8.521202361782072,0.4294149221685454,0.28180354267310787,0.07380568974771873,0.30864197530864196,
46,13.41250670960816,35.91653247450349,20.43075684380032,8.105206655931294,9.628287707997853,1.247987117552335,1.724369296833065,8.380300590445518,0.4294149221685454,0.28180354267310787,0.07380568974771873,0.36902844873859364,
47,13.39237788513151,35.621309715512616,20.276435856146,8.225979602791197,9.936929683306495,1.2815351583467525,1.8585614600107354,8.252818035426731,0.4294149221685454,0.28180354267310787,0.07380568974771873,0.36902844873859364,
48,13.499731615673644,35.35292538915727,20.276435856146,8.36688137412775,10.037573805689748,1.2278582930756843,1.7713365539452497,8.239398819108963,0.47638217928073,0.30864197530864196,0.07380568974771873,0.36902844873859364,
49,13.526570048309178,35.23215244229737,20.276435856146,8.474235104669887,10.00402576489533,1.247987117552335,1.7713365539452497,8.239398819108963,0.47638217928073,0.30864197530864196,0.07380568974771873,0.36902844873859364,
50,12.795222758990874,36.91626409017714,19.826892109500804,8.454106280193237,9.950348899624261,1.2815351583467525,1.710950080515298,7.85024154589372,0.46296296296296297,0.30864197530864196,0.07380568974771873,0.36902844873859364,
51,12.93612453032743,36.3996242619431,19.692699946323135,8.903650026838433,9.722222222222221,1.3083735909822867,1.710950080515298,7.648953301127214,0.6843800322061192,0.30193236714975846,0.1878690284487386,0.5032206119162641,
52,12.734836285560924,35.339506172839506,21.537842190016104,8.735909822866345,9.581320450885668,1.2949543746645196,1.7713365539452497,7.132313472893183,0.7447665056360708,0.30193236714975846,0.322061191626409,0.5032206119162641,
53,12.848899624261943,34.99060654857756,21.101717659688674,9.057971014492754,9.675254965110037,1.5432098765432098,1.7713365539452497,7.139023081052066,0.7447665056360708,0.30193236714975846,0.322061191626409,0.5032206119162641,
54,12.674449812130971,34.35990338164251,21.115136876006442,9.172034353193773,9.628287707997853,1.6572732152442298,1.7713365539452497,7.682501341921632,0.8118625872249061,0.30193236714975846,0.322061191626409,0.5032206119162641,
55,12.74825550187869,33.675523349436396,20.947396672034355,9.75577026301664,9.614868491680086,1.7847557702630166,1.8585614600107354,7.682501341921632,0.8118625872249061,0.30193236714975846,0.3153515834675255,0.5032206119162641,
56,12.788513150831992,33.15888352120236,22.094739667203434,9.41358024691358,9.185453569511541,2.1940418679549114,1.6572732152442298,7.588566827697263,0.8051529790660226,0.30193236714975846,0.3153515834675255,0.49651100375738055,
57,12.661030595813205,31.374127750939344,23.18840579710145,10.138217928073,9.205582393988191,2.1940418679549114,1.596886741814278,7.367149758454106,0.9393451422436929,0.36231884057971014,0.3153515834675255,0.6575415995705851,
58,12.70799785292539,30.340848094471284,23.121309715512613,10.151637144390767,9.930220075147611,2.1940418679549114,1.5499194847020934,7.601986044015029,0.9393451422436929,0.36231884057971014,0.4294149221685454,0.6709608158883521,
59,12.647611379495437,29.73027375201288,22.799248523886206,9.997316156736447,10.326086956521738,2.3483628556092326,1.6237251744498122,8.125335480407944,0.9393451422436929,0.36231884057971014,0.4294149221685454,0.6709608158883521,
60,12.010198604401502,29.435050993022006,23.617820719269993,9.96376811594203,10.50053676865271,2.301395598497048,1.583467525496511,8.165593129361245,0.9393451422436929,0.36231884057971014,0.4294149221685454,0.6910896403650026,
61,11.741814278046162,26.84514224369297,23.470209339774556,8.856682769726248,14.573268921095009,2.281266774020397,1.932367149758454,7.971014492753623,0.9192163177670424,0.36231884057971014,0.35560923242082665,0.6910896403650026,
62,9.406870638754697,20.263016639828233,34.40016103059581,8.796296296296296,13.264895330112722,1.9994632313472893,1.8719806763285025,7.695920558239399,0.8722490606548577,0.43612453032742887,0.35560923242082665,0.6374127750939346,
63,9.339774557165862,19.847020933977454,33.863392377885134,9.286097691894794,13.982823403113258,2.046430488459474,1.8518518518518519,7.6556629092860975,0.8051529790660226,0.43612453032742887,0.35560923242082665,0.5300590445517982,
64,9.426999463231347,19.64573268921095,30.48845947396672,9.46725711218465,13.982823403113258,2.046430488459474,1.9390767579173376,10.876274825550189,0.8051529790660226,0.43612453032742887,0.35560923242082665,0.5300590445517982,
65,9.588030059044552,19.558507783145465,30.22007514761138,9.192163177670425,13.902308105206655,2.167203435319377,2.0531400966183573,10.876274825550189,1.1205045625335481,0.43612453032742887,0.35560923242082665,0.5300590445517982,
66,9.588030059044552,19.612184648416534,30.01207729468599,9.172034353193773,13.935856146001074,2.167203435319377,2.1940418679549114,10.82259796027912,1.1137949543746646,0.4562533548040794,0.35560923242082665,0.5703166935050993,
67,9.561191626409018,19.484702093397747,27.006172839506174,9.219001610305957,14.325013419216317,2.1739130434782608,4.824208266237251,10.775630703166936,1.1406333870101986,0.4562533548040794,0.48980139559849706,0.5434782608695652,
68,9.5276435856146,19.43102522812668,26.838432635534083,9.554482018250134,14.231078904991948,2.24771873322598,4.804079441760601,10.7085346215781,1.1674718196457328,0.4562533548040794,0.48980139559849706,0.5434782608695652,
69,9.64170692431562,19.37734836285561,26.42914653784219,9.447128287707997,13.955984970477724,2.3483628556092326,4.804079441760601,11.010466988727858,1.2345679012345678,0.5636070853462157,0.6038647342995169,0.5837359098228664,
70,9.769189479334408,19.07541599570585,24.58400429414922,9.245840042941492,14.38539989264627,2.3349436392914655,4.663177670424047,12.95625335480408,1.288244766505636,0.5636070853462157,0.5770263016639828,0.5568974771873323,
71,9.950348899624261,18.99490069779925,24.416264090177133,9.225711218464841,14.257917337627482,2.4154589371980677,4.656468062265164,12.909286097691895,1.288244766505636,0.5636070853462157,0.6843800322061192,0.6374127750939346,
72,9.265968867418144,19.578636607622116,24.114331723027377,9.29951690821256,14.110305958132045,2.6033279656468062,4.824208266237251,12.915995705850777,1.2815351583467525,0.5636070853462157,0.7716049382716049,0.6709608158883521,
73,9.265968867418144,19.404186795491142,23.906333870101985,8.80300590445518,13.654052603327965,2.5026838432635534,4.824208266237251,14.378690284487385,1.3150831991411702,0.5367686527106817,0.7313472893183038,0.6776704240472357,
74,9.433709071390231,19.290123456790123,23.738593666129898,8.863392377885132,13.56682769726248,2.589908749329039,4.777241009125067,14.204240472356414,1.3754696725711217,0.5166398282340311,0.9057971014492754,0.7380568974771873,
75,9.46725711218465,19.196188942565755,24.65780998389694,8.735909822866345,13.553408480944713,2.1806226516371443,4.690016103059581,13.962694578636608,1.3687600644122384,0.46967257112184646,0.9796027911969941,0.7380568974771873,
76,9.601449275362318,19.04186795491143,24.456521739130434,8.84326355340848,13.499731615673644,2.314814814814815,4.690016103059581,13.862050456253355,1.328502415458937,0.46967257112184646,0.9796027911969941,0.9125067096081588,
77,9.66183574879227,18.766774020397207,24.36929683306495,8.950617283950617,12.801932367149758,2.167203435319377,4.676596886741814,15.009393451422437,1.2546967257112185,0.46967257112184646,0.9796027911969941,0.8923778851315083,
78,9.728931830381105,18.69296833064949,24.20155662909286,9.16532474503489,12.741545893719806,2.200751476113795,4.696725711218465,14.9020397208803,1.2748255501878691,0.46967257112184646,1.0601180891035964,0.8655394524959742,
79,9.628287707997853,18.646001073537306,24.12104133118626,9.205582393988191,12.882447665056361,2.1940418679549114,4.736983360171766,14.801395598497047,1.247987117552335,0.46967257112184646,1.0601180891035964,1.0064412238325282,
80,9.634997316156737,18.46484165324745,24.02710681696189,9.131776704240472,12.714707461084272,2.1940418679549114,4.736983360171766,15.103327965646805,1.3687600644122384,0.5636070853462157,1.0399892646269457,1.0198604401502953,
81,9.742351046698873,18.417874396135264,23.262211486849168,9.71551261406334,12.741545893719806,2.281266774020397,4.696725711218465,14.989264626945786,1.402308105206656,0.5636070853462157,1.0399892646269457,1.1473429951690821,
82,9.742351046698873,18.377616747181964,22.973698336017176,9.896672034353195,11.386205045625335,2.1403650026838434,6.575415995705851,14.80810520665593,1.2144390767579174,0.5636070853462157,1.0399892646269457,1.2815351583467525,
83,9.903381642512077,17.92807300053677,22.785829307568438,9.07139023081052,10.869565217391305,2.1604938271604937,8.252818035426731,15.11003757380569,1.107085346215781,0.5636070853462157,1.0399892646269457,1.2077294685990339,
84,9.769189479334408,17.324208266237253,23.61111111111111,8.917069243156199,10.84272678475577,2.341653247450349,8.266237251744498,14.99597423510467,1.107085346215781,0.5099302200751477,1.0534084809447128,1.2077294685990339,0.05367686527106817
85,9.762479871175524,17.09608158883521,23.45679012345679,8.923778851315083,10.84272678475577,2.563070316693505,8.279656468062266,15.03623188405797,1.2345679012345678,0.5099302200751477,1.0332796564680622,1.2077294685990339,0.05367686527106817
86,9.762479871175524,17.11621041331186,23.356146001073537,8.836553945249598,10.695115405260333,2.6972624798711755,8.36688137412775,14.942297369833602,1.3016639828234031,0.5099302200751477,1.1674718196457328,1.1943102522812667,0.05367686527106817
87,10.044283413848632,16.988727858293075,22.611379495437465,9.339774557165862,10.775630703166936,2.7509393451422435,8.420558239398819,14.841653247450349,1.3016639828234031,0.5099302200751477,1.221148684916801,1.1406333870101986,0.05367686527106817
88,10.601180891035963,16.861245303274288,22.510735373054214,9.27938808373591,10.554213633923778,2.85829307568438,8.360171765968868,14.600107353730541,1.2681159420289856,0.5971551261406334,1.3150831991411702,1.1406333870101986,0.05367686527106817
89,10.158346752549651,15.801127214170693,26.20101986044015,9.205582393988191,9.809447128287708,2.3483628556092326,8.165593129361245,13.902308105206655,1.2681159420289856,0.630703166935051,1.3150831991411702,1.1406333870101986,0.05367686527106817
90,10.36634460547504,15.747450348899624,25.87224906065486,9.192163177670425,9.75577026301664,2.576489533011272,8.601717659688674,13.539989264626946,1.1876006441223832,0.630703166935051,1.3150831991411702,1.1607622114868492,0.05367686527106817
91,10.540794417606012,15.579710144927537,25.5703166935051,9.27938808373591,9.75577026301664,2.6435856146001075,8.796296296296296,13.486312399355878,1.1876006441223832,0.630703166935051,1.3150831991411702,1.1607622114868492,0.05367686527106817
92,10.547504025764896,15.546162104133119,25.107353730542137,9.386741814278047,9.883252818035427,2.6435856146001075,8.903650026838433,13.620504562533547,1.2010198604401503,0.630703166935051,1.3150831991411702,1.1607622114868492,0.05367686527106817
93,10.681696188942565,15.49248523886205,24.879227053140095,9.41358024691358,9.829575952764358,2.589908749329039,8.829844337090714,13.607085346215781,1.1272141706924315,0.630703166935051,1.7042404723564144,1.1607622114868492,0.05367686527106817
94,10.815888352120236,15.297906602254429,24.818840579710145,9.541062801932368,9.91009125067096,2.7509393451422435,8.735909822866345,13.459473966720344,1.1272141706924315,0.630703166935051,1.7042404723564144,1.1540526033279657,0.05367686527106817
95,10.84272678475577,15.150295222758992,24.751744498121308,9.762479871175524,9.822866344605474,2.7509393451422435,8.68894256575416,13.41250670960816,1.1137949543746646,0.630703166935051,1.7981749865807837,1.221148684916801,0.05367686527106817
96,10.970209339774557,15.083199141170155,24.376006441223833,9.655126140633387,10.198604401502953,2.844873859366613,8.829844337090714,13.285024154589372,1.1137949543746646,0.630703166935051,1.8384326355340848,1.1205045625335481,0.05367686527106817
97,10.95679012345679,14.848362855609233,25.181159420289855,9.27938808373591,10.21202361782072,2.703972088030059,8.816425120772946,13.18438003220612,1.1137949543746646,0.630703166935051,1.8384326355340848,1.1808910359634996,0.05367686527106817
98,11.05072463768116,14.707461084272678,24.765163714439076,9.5276435856146,10.487117552334944,2.771068169618894,8.695652173913043,13.157541599570585,1.1137949543746646,0.6508319914117016,1.8384326355340848,1.1808910359634996,0.05367686527106817
99,10.721953837895867,13.976113794954374,25.577026301663984,9.078099838969404,9.950348899624261,2.771068169618894,10.7085346215781,12.661030595813205,1.0534084809447128,0.6776704240472357,1.482823403113258,1.288244766505636,0.05367686527106817
100,10.72866344605475,13.781535158346752,25.308641975308642,9.07139023081052,10.178475577026301,3.012614063338701,10.82259796027912,12.473161567364466,1.0802469135802468,0.6374127750939346,1.5767579173376274,1.2748255501878691,0.05367686527106817
101,10.802469135802468,13.727858293075684,25.05367686527107,9.091519055287172,10.265700483091788,3.079710144927536,10.909822866344605,12.426194310252281,1.0802469135802468,0.6374127750939346,1.596886741814278,1.2748255501878691,0.05367686527106817
102,10.916532474503489,13.627214170692431,24.818840579710145,9.158615136876007,10.88298443370907,3.1468062265163717,10.587761674718196,12.184648416532475,1.0601180891035964,0.6374127750939346,1.6572732152442298,1.2681159420289856,0.05367686527106817
103,10.916532474503489,13.479602791196994,23.899624261943103,9.07139023081052,10.970209339774557,3.066290928609769,8.3064949006978,15.673644659151906,1.0735373054213635,0.6374127750939346,1.4895330112721417,1.3620504562533549,0.05367686527106817
104,9.541062801932368,14.982555018786902,23.15485775630703,8.299785292538916,10.473698336017177,3.1065485775630703,10.493827160493828,15.35829307568438,1.0735373054213635,0.6575415995705851,1.442565754159957,1.3620504562533549,0.05367686527106817
105,9.520933977455716,14.97584541062802,22.993827160493826,8.454106280193237,10.393183038110575,3.1736446591519054,10.466988727858293,15.331454643048845,1.0735373054213635,0.6575415995705851,1.5432098765432098,1.3620504562533549,0.05367686527106817
106,8.896940418679549,17.384594739667204,22.383252818035427,8.501073537305421,10.030864197530864,3.207192699946323,10.406602254428341,14.371980676328503,1.1406333870101986,0.6508319914117016,1.570048309178744,1.402308105206656,0.05367686527106817
107,8.890230810520666,17.3040794417606,22.17525496511004,8.756038647342995,10.017444981213098,3.2206119162640903,11.030595813204508,13.781535158346752,1.133923778851315,0.6508319914117016,1.5365002683843263,1.4492753623188406,0.05367686527106817
108,8.93719806763285,17.11621041331186,22.114868491680085,8.957326892109501,10.030864197530864,3.435319377348363,10.93666129898014,13.694310252281268,1.06682769726248,0.6508319914117016,1.5365002683843263,1.4694041867954912,0.05367686527106817
109,8.729200214707461,16.10305958132045,24.094202898550726,9.017713365539452,10.02415458937198,3.3011272141706924,10.48040794417606,13.298443370907139,1.1808910359634996,0.6172839506172839,1.5163714439076759,1.583467525496511,0.05367686527106817
110,8.870101986044014,15.707192699946322,24.074074074074073,9.265968867418144,9.970477724100913,3.3011272141706924,10.433440687063875,13.231347289318304,1.1540526033279657,0.6172839506172839,1.482823403113258,1.8384326355340848,0.05367686527106817
111,8.78287707997853,15.177133655394526,24.04723564143854,9.272678475577026,9.896672034353195,3.3011272141706924,11.171497584541063,13.20450885668277,1.1540526033279657,0.6172839506172839,1.482823403113258,1.8384326355340848,0.05367686527106817
112,8.870101986044014,14.9020397208803,23.91304347826087,9.25925925925926,10.084541062801932,3.260869565217391,11.171497584541063,13.285024154589372,1.1473429951690821,0.6910896403650026,1.4694041867954912,1.892109500805153,0.05367686527106817
113,8.964036500268385,14.566559312936125,23.74530327428878,9.64170692431562,10.017444981213098,3.3413848631239937,10.889694041867955,13.45276435856146,1.1473429951690821,0.6910896403650026,1.6035963499731616,1.8853998926462694,0.05367686527106817
114,9.104938271604938,14.445786366076222,23.62453032742888,9.688674181427805,10.00402576489533,3.361513687600644,10.84272678475577,13.479602791196994,1.1473429951690821,0.6910896403650026,1.6103059581320451,1.9457863660762211,0.05367686527106817
115,9.232420826623725,14.371980676328503,22.84621578099839,9.936929683306495,9.916800858829845,3.4017713365539453,11.178207192699947,13.607085346215781,1.1473429951690821,0.6709608158883521,1.6103059581320451,2.0263016639828235,0.05367686527106817
116,9.326355340848094,14.217659688674182,22.074610842726784,10.077831454643048,10.674986580783683,3.3011272141706924,11.16478797638218,13.607085346215781,1.1943102522812667,0.6709608158883521,1.6103059581320451,2.0263016639828235,0.05367686527106817
117,9.373322597960279,14.150563607085346,21.85990338164251,10.124798711755233,10.755501878690284,3.421900161030596,11.20504562533548,13.553408480944713,1.1943102522812667,0.6709608158883521,1.6103059581320451,2.0263016639828235,0.05367686527106817
118,9.514224369296834,14.110305958132045,21.62506709608159,10.19189479334407,10.95679012345679,3.3816425120772946,11.124530327428879,13.539989264626946,1.1943102522812667,0.6709608158883521,1.6103059581320451,2.0263016639828235,0.05367686527106817
119,9.4873859366613,14.06333870101986,21.524422973698336,10.513955984970478,11.010466988727858,3.44873859366613,11.406333870101985,13.070316693505099,1.1943102522812667,0.6709608158883521,1.6103059581320451,1.9457863660762211,0.05367686527106817
120,9.125067096081589,13.600375738056897,20.115405260332796,9.91009125067096,10.970209339774557,3.44873859366613,11.54723564143854,15.868223295759528,1.1943102522812667,0.5971551261406334,1.6774020397208802,1.9457863660762211,
121,9.29951690821256,13.39237788513151,20.041599570585078,9.936929683306495,11.037305421363392,3.5829307568438002,11.493558776167472,15.687063875469672,1.2345679012345678,0.5971551261406334,1.6774020397208802,2.01959205582394,
122,9.406870638754697,13.33870101986044,19.847020933977454,9.681964573268921,11.05072463768116,3.7640901771336552,11.829039184111648,15.539452495974235,1.2345679012345678,0.5971551261406334,1.6975308641975309,2.0128824476650564,
123,9.312936124530328,12.895866881374127,19.826892109500804,9.742351046698873,10.943370907139023,3.844605475040258,12.00348899624262,15.841384863123993,1.2077294685990339,0.5971551261406334,1.6975308641975309,2.086688137412775,
124,9.500805152979066,12.808641975308642,19.692699946323135,9.829575952764358,10.889694041867955,3.8714439076757916,11.976650563607086,15.827965646806227,1.2077294685990339,0.5971551261406334,1.6975308641975309,2.100107353730542,
125,9.561191626409018,12.76838432635534,19.464573268921097,9.883252818035427,10.86285560923242,3.8580246913580245,12.124261943102523,15.921900161030596,1.2077294685990339,0.5971551261406334,1.6975308641975309,2.0531400966183573,
126,9.588030059044552,12.68786902844874,19.558507783145465,9.769189479334408,10.970209339774557,3.8848631239935587,12.02361782071927,15.861513687600644,1.2077294685990339,0.5971551261406334,1.6975308641975309,2.15378421900161,
127,9.648416532474503,12.68786902844874,19.504830917874397,9.997316156736447,10.909822866344605,3.784219001610306,11.949812130971551,15.754159957058508,1.2077294685990339,0.5971551261406334,1.6706924315619969,2.2879763821792807,
128,9.742351046698873,12.667740203972087,19.43102522812668,9.943639291465379,10.909822866344605,3.8580246913580245,11.949812130971551,15.666935050993022,1.2077294685990339,0.5971551261406334,1.6706924315619969,2.3550724637681157,
129,9.876543209876543,12.533548040794418,19.384057971014492,10.0979602791197,10.943370907139023,3.864734299516908,11.902844873859367,15.613258185721953,1.2077294685990339,0.5837359098228664,1.6706924315619969,2.3215244229736984,
130,9.997316156736447,12.5,19.256575415995705,10.238862050456254,10.782340311325818,4.045893719806763,11.876006441223833,15.485775630703166,1.2010198604401503,0.5837359098228664,1.7310789049919484,2.301395598497048,
131,8.507783145464305,34.91009125067096,10.23215244229737,7.796564680622652,8.84326355340848,2.4490069779924855,9.957058507783145,12.667740203972087,1.1607622114868492,0.5837359098228664,1.5297906602254427,1.3620504562533549,
132,8.55475040257649,34.856414385399894,10.23215244229737,7.769726247987117,8.749329039184111,2.5295222758990876,10.02415458937198,12.607353730542137,1.1473429951690821,0.5837359098228664,1.556629092860977,1.3888888888888888,
133,8.628556092324208,34.82957595276436,10.104669887278583,7.769726247987117,8.816425120772946,2.589908749329039,10.010735373054214,12.600644122383253,1.1473429951690821,0.5837359098228664,1.5297906602254427,1.3888888888888888,
134,8.53462157809984,34.306226516371446,10.071121846484166,7.98443370907139,8.876811594202898,2.576489533011272,10.02415458937198,12.97638217928073,1.1473429951690821,0.5837359098228664,1.5297906602254427,1.3888888888888888,
135,8.527911969940956,34.11164787976382,9.936929683306495,8.179012345679013,8.82313472893183,2.5697799248523885,10.265700483091788,12.942834138486312,1.1406333870101986,0.5837359098228664,1.5297906602254427,1.3888888888888888,
136,8.514492753623188,33.8768115942029,11.748523886205046,8.293075684380032,9.232420826623725,2.368491680085883,10.111379495437467,11.460010735373054,1.1540526033279657,0.5837359098228664,1.4962426194310252,1.1607622114868492,
137,8.621846484165324,33.77616747181965,11.708266237251744,8.460815888352121,9.232420826623725,2.328234031132582,10.071121846484166,11.419753086419753,1.1540526033279657,0.5837359098228664,1.4962426194310252,1.1473429951690821,
138,8.729200214707461,33.541331186258724,11.768652710681696,8.467525496511003,9.272678475577026,2.328234031132582,10.124798711755233,11.386205045625335,1.1540526033279657,0.5837359098228664,1.4962426194310252,1.1473429951690821,
139,8.84326355340848,33.279656468062264,11.688137412775093,8.527911969940956,9.098228663446054,2.4355877616747184,10.198604401502953,11.292270531400966,1.2345679012345678,0.5837359098228664,1.415727321524423,1.402308105206656,
140,8.997584541062801,32.890499194847024,11.621041331186259,8.36688137412775,9.608158883521202,2.563070316693505,9.98389694041868,11.218464841653248,1.2345679012345678,0.5770263016639828,1.415727321524423,1.5230810520665594,
141,9.098228663446054,31.984702093397747,11.506977992485238,9.111647879763822,9.655126140633387,2.6704240472356413,9.883252818035427,11.33923778851315,1.2345679012345678,0.5770263016639828,1.415727321524423,1.5230810520665594,
142,9.225711218464841,31.57541599570585,11.480139559849706,9.373322597960279,9.66183574879227,2.6637144390767578,9.957058507783145,11.325818572195384,1.221148684916801,0.5770263016639828,1.415727321524423,1.5230810520665594,
143,9.386741814278047,31.44122383252818,11.500268384326356,9.23913043478261,9.688674181427805,2.7442297369833604,10.071121846484166,11.117820719269995,1.2144390767579174,0.5770263016639828,1.4358561460010735,1.583467525496511,
144,9.172034353193773,31.810252281266774,11.372785829307569,9.306226516371444,9.708803005904455,2.7442297369833604,9.997316156736447,11.010466988727858,1.2815351583467525,0.5770263016639828,1.4358561460010735,1.583467525496511,
145,9.118357487922705,31.635802469135804,11.09098228663446,9.742351046698873,9.749060654857756,2.737520128824477,9.977187332259795,11.171497584541063,1.1808910359634996,0.5770263016639828,1.4358561460010735,1.583467525496511,
146,7.917337627482555,30.609232420826622,20.71256038647343,9.588030059044552,8.970746108427267,2.4691358024691357,7.729468599033816,8.09849704777241,1.0601180891035964,0.5434782608695652,1.107085346215781,1.1943102522812667,
147,8.038110574342458,30.42807300053677,20.323403113258184,9.433709071390231,9.017713365539452,2.61003757380569,7.561728395061729,8.548040794417606,1.1674718196457328,0.5300590445517982,1.107085346215781,1.2345679012345678,
148,8.199141170155663,30.119431025228128,20.101986044015028,9.769189479334408,8.93719806763285,2.690552871712292,7.5348899624261945,8.521202361782072,1.1674718196457328,0.5300590445517982,1.1943102522812667,1.2345679012345678,
149,8.205850778314547,29.898013955984972,19.87385936661299,9.916800858829845,8.943907675791733,2.9119699409554483,7.541599570585078,8.568169618894256,1.221148684916801,0.5300590445517982,1.1540526033279657,1.2345679012345678,
150,8.145464304884594,29.582662372517444,20.69243156199678,9.749060654857756,8.863392377885132,2.898550724637681,7.440955448201825,8.487654320987655,1.221148684916801,0.5300590445517982,1.1540526033279657,1.2345679012345678,
151,8.252818035426731,29.528985507246375,20.531400966183575,9.91009125067096,8.729200214707461,2.885131508319914,7.48792270531401,8.447396672034353,1.221148684916801,0.5300590445517982,1.2412775093934514,1.2345679012345678,
152,8.36688137412775,29.448470209339774,20.363660762211488,9.842995169082126,8.68894256575416,2.9924852388620504,7.454374664519592,8.541331186258722,1.221148684916801,0.5300590445517982,1.2345679012345678,1.3150831991411702,
153,8.621846484165324,29.320987654320987,20.437466451959207,9.86983360171766,8.655394524959743,2.9589371980676327,7.0383789586688135,8.32662372517445,1.221148684916801,0.5300590445517982,1.2077294685990339,1.8115942028985508,
154,8.581588835212024,29.032474503488995,20.363660762211488,10.057702630166398,8.970746108427267,2.918679549114332,7.0383789586688135,8.266237251744498,1.221148684916801,0.5300590445517982,1.2077294685990339,1.8115942028985508,
155,8.641975308641975,29.005636070853463,20.316693505099302,10.00402576489533,9.044551798174986,2.918679549114332,6.904186795491143,8.393719806763285,1.221148684916801,0.5300590445517982,1.2077294685990339,1.8115942028985508,
156,8.709071390230811,28.77079978529254,20.088566827697264,10.158346752549651,9.265968867418144,2.965646806226516,7.065217391304348,8.3064949006978,1.1607622114868492,0.5300590445517982,1.1674718196457328,1.8115942028985508,
157,8.789586688137414,28.650026838432634,19.162640901771336,10.312667740203972,9.31964573268921,2.918679549114332,7.447665056360709,8.870101986044014,1.0869565217391304,0.5300590445517982,1.1674718196457328,1.7444981213097155,
158,8.682232957595277,28.556092324208265,19.00161030595813,10.420021470746109,9.500805152979066,3.026033279656468,7.5281803542673105,8.816425120772946,1.0869565217391304,0.5300590445517982,1.1674718196457328,1.6841116478797638,
159,8.76274825550188,28.388352120236178,18.988191089640367,10.466988727858293,9.500805152979066,2.918679549114332,7.75630703166935,8.76274825550188,1.0869565217391304,0.5300590445517982,1.1674718196457328,1.6706924315619969,
160,8.829844337090714,28.153515834675254,18.82716049382716,10.554213633923778,9.628287707997853,3.0730005367686526,7.830112721417069,8.715780998389693,1.0869565217391304,0.5300590445517982,1.1674718196457328,1.6035963499731616,
161,9.064680622651638,28.046162104133117,18.719806763285025,10.789049919484702,9.567901234567902,3.140096618357488,7.729468599033816,8.715780998389693,0.9863123993558777,0.5300590445517982,1.107085346215781,1.6035963499731616,
162,9.064680622651638,27.89855072463768,18.719806763285025,10.923242082662373,9.668545356951155,3.166935050993022,7.716049382716049,8.641975308641975,0.9594739667203436,0.5300590445517982,1.107085346215781,1.6035963499731616,
163,9.380032206119163,27.509393451422437,18.679549114331724,10.997047772410092,9.722222222222221,3.166935050993022,7.702630166398282,8.641975308641975,0.9594739667203436,0.5300590445517982,1.107085346215781,1.6035963499731616,
164,9.460547504025765,27.30139559849705,18.67283950617284,11.137949543746645,9.708803005904455,3.166935050993022,7.689210950080516,8.621846484165324,0.9594739667203436,0.5300590445517982,1.107085346215781,1.6438539989264627,
165,9.621578099838969,27.106816961889425,18.612453032742888,11.077563070316694,9.883252818035427,3.1468062265163717,7.749597423510467,8.702361782071927,0.8588298443370908,0.5233494363929146,1.107085346215781,1.6103059581320451,
166,9.863123993558776,26.69753086419753,18.57890499194847,11.285560923242082,9.849704777241008,3.1468062265163717,7.776435856146001,8.68894256575416,0.8588298443370908,0.5233494363929146,1.1205045625335481,1.6103059581320451,
167,9.98389694041868,26.623725174449813,18.54535695115405,11.379495437466453,9.71551261406334,3.1468062265163717,7.669082125603865,8.655394524959743,0.8588298443370908,0.49651100375738055,1.2278582930756843,1.6975308641975309,
168,9.842995169082126,25.771604938271604,18.552066559312937,11.231884057971014,11.976650563607086,2.9790660225442833,6.9243156199677935,8.608427267847558,0.7581857219538379,0.49651100375738055,1.1607622114868492,1.6975308641975309,
169,9.943639291465379,25.623993558776167,18.223295759527645,11.20504562533548,11.936392914653783,3.307836822329576,6.957863660762212,8.655394524959743,0.7581857219538379,0.47638217928073,1.1607622114868492,1.751207729468599,
170,10.057702630166398,25.563607085346217,18.136070853462158,11.225174449812132,11.949812130971551,3.3011272141706924,7.0450885668276975,8.57487922705314,0.7581857219538379,0.4495437466451959,1.1876006441223832,1.751207729468599,
171,10.158346752549651,25.44283413848631,18.06226516371444,11.3593666129898,11.922973698336017,3.2742887815351582,7.065217391304348,8.608427267847558,0.7581857219538379,0.43612453032742887,1.1876006441223832,1.724369296833065,
172,10.178475577026301,25.288513150831992,17.887815351583466,11.66129898013956,11.936392914653783,3.3950617283950617,7.051798174986581,8.494363929146537,0.7581857219538379,0.43612453032742887,1.1876006441223832,1.724369296833065,
173,10.111379495437467,25.295222758990874,17.847557702630166,11.728395061728396,11.90955448201825,3.3950617283950617,7.004830917874396,8.561460010735374,0.7581857219538379,0.43612453032742887,1.1876006441223832,1.7646269457863661,
174,9.796027911969942,25.13419216317767,17.05582393988191,11.480139559849706,12.00348899624262,3.2742887815351582,6.622383252818035,10.701825013419215,0.7112184648416533,0.33548040794417605,1.1205045625335481,1.7646269457863661,
175,9.903381642512077,24.892646269457863,17.24369296833065,11.594202898550725,11.842458400429415,3.2206119162640903,6.608964036500268,10.695115405260333,0.8118625872249061,0.33548040794417605,1.1137949543746646,1.737788513150832,
176,9.863123993558776,24.610842726784757,17.431561996779386,11.56736446591519,12.124261943102523,3.33467525496511,6.501610305958132,10.628019323671497,0.8118625872249061,0.33548040794417605,1.0265700483091786,1.7646269457863661,
177,9.88996242619431,24.188137412775095,17.337627482555018,11.949812130971551,12.010198604401502,3.3279656468062266,6.347289318303811,10.782340311325818,0.8454106280193237,0.33548040794417605,1.0265700483091786,1.9592055823939882,
178,10.131508319914117,24.08078368223296,17.24369296833065,11.969940955448202,11.902844873859367,3.3145464304884595,6.300322061191626,10.829307568438002,0.8454106280193237,0.33548040794417605,1.093666129898014,1.9524959742351047,
179,10.238862050456254,23.91304347826087,17.16988727858293,12.184648416532475,11.90955448201825,3.260869565217391,6.266774020397209,10.735373054213634,0.8454106280193237,0.33548040794417605,1.1876006441223832,1.9524959742351047,
