,45,50,55,52,53,56,51,57,54,61,59,58,60,46,47,62
0,99.82555018786903,0.17444981213097155,,,,,,,,,,,,,,
1,97.45034889962426,2.5496511003757383,,,,,,,,,,,,,,
2,94.27670424047236,5.723295759527644,,,,,,,,,,,,,,
3,94.00161030595814,5.864197530864198,0.13419216317767044,,,,,,,,,,,,,
4,94.00831991411701,4.723564143853999,0.13419216317767044,1.133923778851315,,,,,,,,,,,,
5,93.62587224906065,5.10601180891036,0.13419216317767044,1.133923778851315,,,,,,,,,,,,
6,88.8016639828234,9.923510466988727,0.13419216317767044,1.1205045625335481,0.020128824476650563,,,,,,,,,,,
7,88.52657004830918,10.198604401502953,0.13419216317767044,1.1205045625335481,0.020128824476650563,,,,,,,,,,,
8,85.15834675254965,13.56682769726248,0.13419216317767044,1.1205045625335481,0.020128824476650563,,,,,,,,,,,
9,83.58158883521202,15.116747181964573,0.1610305958132045,1.1205045625335481,0.020128824476650563,,,,,,,,,,,
10,79.28073000536769,19.39747718733226,0.18115942028985507,1.1205045625335481,0.020128824476650563,,,,,,,,,,,
11,79.13311862587224,19.504830917874397,0.2214170692431562,1.1205045625335481,0.020128824476650563,,,,,,,,,,,
12,77.67042404723564,20.954106280193237,0.2214170692431562,1.107085346215781,0.020128824476650563,0.026838432635534086,,,,,,,,,,
13,72.23564143853999,26.32850241545894,0.2549651100375738,1.107085346215781,0.020128824476650563,0.026838432635534086,0.026838432635534086,,,,,,,,,
14,71.87332259796028,25.335480407944175,0.24154589371980675,2.475845410628019,0.020128824476650563,0.026838432635534086,0.026838432635534086,,,,,,,,,
15,71.65190552871712,25.462962962962962,0.2616747181964573,2.5496511003757383,0.020128824476650563,0.026838432635534086,0.026838432635534086,,,,,,,,,
16,68.74664519592056,28.368223295759528,0.2616747181964573,2.5496511003757383,0.020128824476650563,0.026838432635534086,0.026838432635534086,,,,,,,,,
17,68.4447128287708,28.039452495974235,0.2616747181964573,2.576489533011272,0.020128824476650563,0.026838432635534086,0.630703166935051,,,,,,,,,
18,68.08239398819109,28.401771336553946,0.2616747181964573,2.576489533011272,0.020128824476650563,0.026838432635534086,0.630703166935051,,,,,,,,,
19,59.78931830381106,37.03703703703704,0.2616747181964573,2.0933977455716586,0.020128824476650563,0.10064412238325282,0.6575415995705851,0.040257648953301126,,,,,,,,
20,59.024422973698336,36.69484702093398,0.2616747181964573,1.3955984970477724,0.020128824476650563,0.08051529790660225,2.522812667740204,,,,,,,,,
21,56.515029522275896,39.150563607085346,0.32877079978529256,1.3955984970477724,0.020128824476650563,0.08051529790660225,2.509393451422437,,,,,,,,,
22,56.29361245303274,39.27133655394525,0.36231884057971014,1.3955984970477724,0.020128824476650563,0.08051529790660225,2.5429414922168547,,0.03354804079441761,,,,,,,
23,48.76543209876543,46.62506709608159,0.5300590445517982,1.402308105206656,0.020128824476650563,0.08051529790660225,2.5429414922168547,,0.03354804079441761,,,,,,,
24,48.83252818035427,46.13526570048309,0.9796027911969941,1.3754696725711217,0.020128824476650563,0.08051529790660225,2.5429414922168547,,0.03354804079441761,,,,,,,
25,47.64492753623188,45.02818035426731,0.8923778851315083,0.7581857219538379,0.03354804079441761,0.0067096081588835215,5.60252281266774,,0.03354804079441761,,,,,,,
26,47.557702630166396,44.89398819108964,1.1876006441223832,0.7581857219538379,0.03354804079441761,0.0067096081588835215,5.528717122920021,,0.03354804079441761,,,,,,,
27,47.517444981213096,44.81347289318304,1.261406333870102,0.7581857219538379,0.03354804079441761,0.0067096081588835215,5.5756843800322065,,0.03354804079441761,,,,,,,
28,46.15539452495974,43.914385399892645,1.4962426194310252,0.5032206119162641,0.03354804079441761,0.0067096081588835215,7.856951154052603,,0.03354804079441761,,,,,,,
29,46.15539452495974,43.88083735909823,1.5633387010198605,0.5032206119162641,0.03354804079441761,0.0067096081588835215,7.823403113258186,,0.03354804079441761,,,,,,,
30,39.982555018786904,50.75147611379496,1.5029522275899088,0.4830917874396135,0.03354804079441761,0.05367686527106817,7.159151905528717,,0.03354804079441761,,,,,,,
31,39.78797638217928,50.905797101449274,1.5432098765432098,0.4830917874396135,0.03354804079441761,0.08051529790660225,7.132313472893183,,0.03354804079441761,,,,,,,
32,39.452495974235106,51.14734299516908,1.5901771336553945,0.48980139559849706,0.06038647342995169,0.08051529790660225,7.14573268921095,,0.03354804079441761,,,,,,,
33,38.92914653784219,50.56360708534621,1.6572732152442298,0.49651100375738055,0.06038647342995169,0.12077294685990338,7.078636607622115,,1.093666129898014,,,,,,,
34,36.05743424584004,57.72275899087493,0.8521202361782072,0.41599570585077833,0.06038647342995169,0.04696725711218465,3.7573805689747717,,1.0869565217391304,,,,,,,
35,35.44685990338164,57.18599033816425,0.8521202361782072,0.4092860976918948,0.06038647342995169,0.07380568974771873,4.884594739667204,,1.0869565217391304,,,,,,,
36,35.41331186258722,57.09205582393988,0.9796027911969941,0.4092860976918948,0.06038647342995169,0.07380568974771873,4.884594739667204,,1.0869565217391304,,,,,,,
37,25.42270531400966,67.92136339237788,1.0869565217391304,0.4092860976918948,0.36231884057971014,0.07380568974771873,3.6366076221148687,,1.0869565217391304,,,,,,,
38,25.38244766505636,67.8743961352657,1.1540526033279657,0.43612453032742887,0.35560923242082665,0.07380568974771873,3.6366076221148687,,1.0869565217391304,,,,,,,
39,23.45679012345679,69.47799248523886,2.187332259796028,0.4092860976918948,0.35560923242082665,0.07380568974771873,2.952227589908749,,1.0869565217391304,,,,,,,
40,23.007246376811594,67.10950080515298,2.442297369833602,3.052871712292002,0.35560923242082665,0.11406333870101985,2.8784219001610305,,1.0399892646269457,,,,,,,
41,23.020665593129362,63.33199141170156,3.140096618357488,3.052871712292002,2.5831991411701556,0.35560923242082665,2.7106816961889426,,1.8048845947396672,,,,,,,
42,23.013955984970476,62.775093934514224,3.1870638754696725,3.0394524959742353,1.596886741814278,0.35560923242082665,2.690552871712292,0.013419216317767043,3.3279656468062266,,,,,,,
43,23.027375201288244,62.61406333870102,3.321256038647343,3.0394524959742353,1.596886741814278,0.35560923242082665,2.690552871712292,0.013419216317767043,3.3413848631239937,,,,,,,
44,22.685185185185187,62.7012882447665,3.5426731078904994,3.0730005367686526,1.596886741814278,0.35560923242082665,2.690552871712292,0.013419216317767043,3.3413848631239937,,,,,,,
45,10.815888352120236,81.98470209339774,1.8384326355340848,0.3153515834675255,1.5901771336553945,0.27509393451422437,0.8722490606548577,,2.3081052066559313,,,,,,,
46,10.836017176596886,81.85050993022007,1.892109500805153,0.3153515834675255,1.5901771336553945,0.27509393451422437,0.8990874932903918,,2.341653247450349,,,,,,,
47,10.258990874932904,78.67015566290928,2.0665593129361244,0.3153515834675255,5.199946323134729,0.27509393451422437,0.8990874932903918,,2.314814814814815,,,,,,,
48,10.299248523886206,78.59634997316157,2.1068169618894257,0.3153515834675255,5.199946323134729,0.3153515834675255,0.8521202361782072,,2.314814814814815,,,,,,,
49,10.373054213633925,75.7783145464305,4.851046698872786,0.3153515834675255,5.199946323134729,0.3153515834675255,0.8521202361782072,,2.314814814814815,,,,,,,
50,8.252818035426731,71.67874396135265,8.232689210950081,0.3153515834675255,8.07836822329576,0.3153515834675255,0.8722490606548577,,2.2342995169082127,0.020128824476650563,,,,,,
51,8.272946859903382,70.77294685990339,9.138486312399356,0.30193236714975846,8.011272141706923,0.3153515834675255,0.8655394524959742,,2.227589908749329,0.020128824476650563,0.07380568974771873,,,,,
52,8.272946859903382,70.63875469672571,9.252549651100376,0.30193236714975846,8.011272141706923,0.3153515834675255,0.8856682769726248,,2.227589908749329,0.020128824476650563,0.07380568974771873,,,,,
53,8.313204508856682,70.564949006978,9.232420826623725,0.30193236714975846,7.98443370907139,0.3153515834675255,0.8856682769726248,0.040257648953301126,2.227589908749329,0.020128824476650563,0.07380568974771873,0.013419216317767043,0.026838432635534086,,,
54,8.313204508856682,65.90177133655395,9.004294149221685,0.30193236714975846,10.547504025764896,0.2885131508319914,0.8923778851315083,0.040257648953301126,4.549114331723027,0.020128824476650563,0.07380568974771873,0.040257648953301126,0.026838432635534086,,,
55,8.373590982286634,65.49919484702093,9.25925925925926,0.30193236714975846,10.520665593129362,0.4025764895330113,0.8923778851315083,0.3488996242619431,4.240472356414386,0.020128824476650563,0.07380568974771873,0.040257648953301126,0.026838432635534086,,,
56,7.139023081052066,65.89506172839506,9.326355340848094,1.0869565217391304,10.520665593129362,0.4025764895330113,0.8789586688137413,0.3488996242619431,4.206924315619967,0.020128824476650563,0.07380568974771873,0.040257648953301126,0.06038647342995169,,,
57,7.152442297369833,65.72732152442298,9.447128287707997,1.0869565217391304,10.520665593129362,0.4025764895330113,0.8789586688137413,0.3488996242619431,4.213633923778851,0.03354804079441761,0.07380568974771873,0.05367686527106817,0.06038647342995169,,,
58,7.232957595276436,64.64707461084272,10.426731078904991,1.0534084809447128,10.48040794417606,0.4025764895330113,0.8789586688137413,0.43612453032742887,4.193505099302201,0.03354804079441761,0.10064412238325282,0.05367686527106817,0.06038647342995169,,,
59,7.27992485238862,64.36527106816962,10.661567364465915,1.06682769726248,10.446859903381643,0.4025764895330113,0.8789586688137413,0.4562533548040794,4.193505099302201,0.03354804079441761,0.10064412238325282,0.05367686527106817,0.06038647342995169,,,
60,6.776704240472356,65.02952227589908,10.735373054213634,1.06682769726248,10.19189479334407,0.4025764895330113,0.8722490606548577,0.4562533548040794,4.193505099302201,0.03354804079441761,0.10064412238325282,0.08051529790660225,0.06038647342995169,,,
61,6.5552871712292005,62.74154589371981,10.701825013419215,1.06682769726248,10.02415458937198,0.38915727321524424,3.4151905528717124,0.5636070853462157,4.206924315619967,0.03354804079441761,0.11406333870101985,0.1274825550187869,0.06038647342995169,,,
62,6.561996779388084,62.184648416532475,10.84272678475577,1.06682769726248,10.017444981213098,0.38915727321524424,3.4420289855072466,0.5636070853462157,4.549114331723027,0.03354804079441761,0.14761137949543746,0.14090177133655393,0.06038647342995169,,,
63,3.4822866344605474,72.77911969940955,9.158615136876007,0.9796027911969941,7.447665056360709,0.3757380568974772,0.7112184648416533,0.5636070853462157,4.1129898013955986,0.03354804079441761,0.11406333870101985,0.17444981213097155,0.06709608158883522,,,
64,3.5225442834138487,72.37654320987654,9.520933977455716,0.9796027911969941,7.447665056360709,0.3757380568974772,0.7112184648416533,0.5636070853462157,4.1129898013955986,0.03354804079441761,0.11406333870101985,0.17444981213097155,0.06709608158883522,,,
65,3.5628019323671496,68.06897477187333,13.821792807300053,0.9594739667203436,7.447665056360709,0.3757380568974772,0.7112184648416533,0.5636070853462157,4.0995705850778315,0.03354804079441761,0.11406333870101985,0.17444981213097155,0.06709608158883522,,,
66,3.5829307568438002,67.914653784219,13.821792807300053,0.9594739667203436,7.427536231884058,0.46967257112184646,0.7112184648416533,0.5636070853462157,4.133118625872249,0.06038647342995169,0.11406333870101985,0.17444981213097155,0.06709608158883522,,,
67,3.6097691894793345,67.84755770263017,13.828502415458937,0.9594739667203436,7.427536231884058,0.46967257112184646,0.7112184648416533,0.5367686527106817,4.166666666666667,0.08722490606548577,0.11406333870101985,0.17444981213097155,0.06709608158883522,,,
68,3.6902844873859366,67.74020397208803,13.855340848094471,0.9594739667203436,7.427536231884058,0.46967257112184646,0.7112184648416533,0.5367686527106817,4.166666666666667,0.08722490606548577,0.11406333870101985,0.17444981213097155,0.06709608158883522,,,
69,3.5829307568438002,61.922973698336016,12.238325281803542,7.971014492753623,7.132313472893183,0.46967257112184646,0.7112184648416533,0.5367686527106817,4.99194847020934,0.08722490606548577,0.11406333870101985,0.17444981213097155,0.06709608158883522,,,
70,3.5426731078904994,58.08507783145464,15.318035426731079,7.816693505099302,5.810520665593129,0.46967257112184646,3.294417606011809,0.5501878690284487,4.723564143853999,0.08722490606548577,0.10064412238325282,0.13419216317767044,0.06709608158883522,,,
71,3.5762211486849167,57.749597423510465,15.599838969404187,7.816693505099302,5.8172302737520125,0.46967257112184646,3.294417606011809,0.5501878690284487,4.723564143853999,0.08722490606548577,0.11406333870101985,0.13419216317767044,0.06709608158883522,,,
72,1.8250134192163177,46.9873859366613,14.80810520665593,6.9243156199677935,8.433977455716587,0.47638217928073,15.157004830917874,0.5300590445517982,4.38137412775094,0.08722490606548577,0.16774020397208803,0.13419216317767044,0.08722490606548577,,,
73,1.8719806763285025,46.833064949006975,14.9020397208803,6.89747718733226,8.393719806763285,0.630703166935051,15.01610305958132,0.5568974771873323,4.38137412775094,0.08722490606548577,0.20799785292538917,0.13419216317767044,0.08722490606548577,,,
74,1.865271068169619,46.725711218464845,15.022812667740205,6.89747718733226,8.360171765968868,0.630703166935051,15.01610305958132,0.5703166935050993,4.38137412775094,0.08722490606548577,0.20799785292538917,0.14761137949543746,0.08722490606548577,,,
75,2.006172839506173,45.52469135802469,16.076221148684915,6.877348362855609,8.353462157809984,0.6977992485238862,14.908749329039184,0.5703166935050993,4.408212560386473,0.08722490606548577,0.2281266774020397,0.14761137949543746,0.11406333870101985,,,
76,1.9592055823939882,45.531400966183575,16.09634997316157,6.877348362855609,8.353462157809984,0.7313472893183038,14.875201288244767,0.5703166935050993,4.428341384863124,0.08722490606548577,0.2281266774020397,0.14761137949543746,0.11406333870101985,,,
77,1.9726247987117553,44.12909286097692,17.444981213097154,6.877348362855609,8.353462157809984,0.7581857219538379,14.848362855609233,0.5703166935050993,4.428341384863124,0.1274825550187869,0.2281266774020397,0.14761137949543746,0.11406333870101985,,,
78,1.9659151905528718,43.914385399892645,17.431561996779386,5.615942028985507,7.588566827697263,0.7581857219538379,13.955984970477724,0.6038647342995169,7.5348899624261945,0.1274825550187869,0.2281266774020397,0.13419216317767044,0.14090177133655393,,,
79,1.932367149758454,42.01556629092861,17.216854535695116,4.817498658078368,10.641438539989265,0.7581857219538379,13.94927536231884,0.6709608158883521,7.239667203435319,0.15432098765432098,0.30864197530864196,0.13419216317767044,0.1610305958132045,,,
80,1.9726247987117553,41.88137412775094,17.28395061728395,4.817498658078368,10.628019323671497,0.8252818035426731,13.922436929683306,0.6709608158883521,7.239667203435319,0.15432098765432098,0.30864197530864196,0.13419216317767044,0.1610305958132045,,,
81,2.006172839506173,41.8545356951154,17.290660225442835,4.817498658078368,10.628019323671497,0.8252818035426731,13.90901771336554,0.6709608158883521,7.239667203435319,0.15432098765432098,0.30864197530864196,0.13419216317767044,0.1610305958132045,,,
82,2.0799785292538915,41.39157273215244,17.28395061728395,4.7638217928073,11.044015029522276,0.8655394524959742,13.862050456253355,0.6977992485238862,7.239667203435319,0.15432098765432098,0.322061191626409,0.13419216317767044,0.1610305958132045,,,
83,2.13365539452496,41.33118625872249,17.310789049919485,4.7638217928073,10.983628556092324,0.9125067096081588,13.828502415458937,0.6977992485238862,7.239667203435319,0.15432098765432098,0.322061191626409,0.1610305958132045,0.1610305958132045,,,
84,2.0933977455716586,39.418947933440684,17.082662372517444,4.736983360171766,13.077026301663983,0.9393451422436929,13.533279656468062,0.7246376811594203,7.581857219538379,0.15432098765432098,0.322061191626409,0.17444981213097155,0.1610305958132045,,,
85,2.0799785292538915,39.34514224369297,17.11621041331186,4.736983360171766,13.036768652710682,0.9728931830381106,13.499731615673644,0.7581857219538379,7.581857219538379,0.14090177133655393,0.35560923242082665,0.2147074610842727,0.1610305958132045,,,
86,2.24771873322598,39.17740203972088,17.028985507246375,4.696725711218465,13.003220611916264,1.1205045625335481,13.446054750402576,0.7581857219538379,7.555018786902845,0.15432098765432098,0.36902844873859364,0.24154589371980675,0.20128824476650564,,,
87,2.2879763821792807,37.43961352657005,18.739935587761675,4.696725711218465,12.909286097691895,1.1540526033279657,13.358829844337091,0.8588298443370908,7.5281803542673105,0.15432098765432098,0.36902844873859364,0.30193236714975846,0.20128824476650564,,,
88,2.2208803005904456,35.52066559312936,18.491680085882983,7.890499194847021,11.862587224906065,1.1876006441223832,13.479602791196994,0.8655394524959742,7.467793880837359,0.15432098765432098,0.38915727321524424,0.2683843263553409,0.20128824476650564,,,
89,2.1806226516371443,35.50053676865271,18.5252281266774,9.346484165324744,11.842458400429415,1.1540526033279657,12.734836285560924,0.8655394524959742,6.78341384863124,0.15432098765432098,0.4227053140096618,0.2885131508319914,0.20128824476650564,,,
90,2.167203435319377,34.86312399355877,17.961621041331185,8.494363929146537,11.829039184111648,1.3955984970477724,11.916264090177133,0.8319914117015567,9.172034353193773,0.15432098765432098,0.7112184648416533,0.30193236714975846,0.20128824476650564,,,
91,2.2074610842726785,34.836285560923244,17.907944176060116,8.480944712828771,11.782071926999464,1.3955984970477724,11.902844873859367,0.8319914117015567,9.145195920558239,0.19457863660762212,0.7581857219538379,0.30193236714975846,0.2549651100375738,,,
92,2.24771873322598,34.42028985507246,18.243424584004295,8.474235104669887,11.761943102522812,1.6774020397208802,11.627750939345143,0.8319914117015567,9.078099838969404,0.18115942028985507,0.8789586688137413,0.322061191626409,0.2549651100375738,,,
93,2.2342995169082127,34.42028985507246,18.149490069779926,8.447396672034353,11.761943102522812,1.6908212560386473,11.614331723027375,0.8588298443370908,9.104938271604938,0.2147074610842727,0.8789586688137413,0.322061191626409,0.30193236714975846,,,
94,2.1403650026838434,29.07944176060118,16.67337627482555,8.447396672034353,12.72812667740204,1.751207729468599,17.53220611916264,0.6508319914117016,9.084809447128288,0.2147074610842727,0.8923778851315083,0.39586688137412773,0.4092860976918948,,,
95,2.1269457863660763,27.274557165861513,16.404991948470208,8.447396672034353,12.211486849168008,1.751207729468599,17.559044551798173,0.6910896403650026,11.721685453569512,0.2147074610842727,0.8923778851315083,0.2952227589908749,0.4092860976918948,,,
96,2.1940418679549114,27.274557165861513,16.398282340311326,8.420558239398819,12.164519592055823,1.751207729468599,17.559044551798173,0.6910896403650026,11.674718196457327,0.2147074610842727,0.95276435856146,0.2952227589908749,0.4092860976918948,,,
97,2.227589908749329,27.24771873322598,16.418411164787976,8.420558239398819,12.164519592055823,1.751207729468599,17.55233494363929,0.6910896403650026,11.647879763821793,0.2147074610842727,0.9594739667203436,0.2952227589908749,0.4092860976918948,,,
98,2.200751476113795,27.167203435319376,16.780730005367687,8.36688137412775,12.164519592055823,1.8250134192163177,16.700214707461082,0.6910896403650026,12.245034889962426,0.2147074610842727,0.9393451422436929,0.2952227589908749,0.4092860976918948,,,
99,2.2879763821792807,26.878690284487387,16.935050993022006,8.266237251744498,12.177938808373591,1.9726247987117553,16.6935050993022,0.6776704240472357,12.224906065485776,0.2147074610842727,0.95276435856146,0.30864197530864196,0.4092860976918948,,,
100,2.3081052066559313,26.744498121309714,17.05582393988191,8.259527643585615,12.177938808373591,1.9927536231884058,16.67337627482555,0.6776704240472357,12.204777241009126,0.2147074610842727,0.9728931830381106,0.30864197530864196,0.4092860976918948,,,
101,2.38191089640365,26.54320987654321,17.223564143854,8.179012345679013,12.164519592055823,2.046430488459474,16.6129898013956,0.7313472893183038,12.151100375738057,0.2147074610842727,0.9997316156736447,0.3421900161030596,0.4092860976918948,,,
102,2.442297369833602,26.529790660225444,17.20343531937735,8.132045088566828,12.164519592055823,2.033011272141707,16.606280193236714,0.798443370907139,12.097423510466989,0.2147074610842727,1.0131508319914118,0.35560923242082665,0.4092860976918948,,,
103,2.536231884057971,26.39559849704777,17.277241009125067,8.071658615136876,12.110842726784755,2.120236178207193,16.51905528717123,0.8588298443370908,12.050456253354804,0.2147074610842727,1.0534084809447128,0.35560923242082665,0.43612453032742887,,,
104,2.589908749329039,26.36876006441224,17.216854535695116,8.071658615136876,12.090713902308105,2.1135265700483092,16.49892646269458,0.8588298443370908,12.090713902308105,0.23483628556092323,1.0735373054213635,0.35560923242082665,0.43612453032742887,,,
105,2.5831991411701556,26.247987117552334,17.330917874396135,8.071658615136876,12.070585077831455,2.167203435319377,16.49892646269458,0.8588298443370908,12.077294685990339,0.23483628556092323,1.06682769726248,0.32877079978529256,0.46296296296296297,,,
106,2.5831991411701556,26.167471819645733,17.398013955984972,8.05823939881911,12.070585077831455,2.167203435319377,16.49892646269458,0.8588298443370908,12.06387546967257,0.24825550187869028,1.0802469135802468,0.3421900161030596,0.46296296296296297,,,
107,2.6167471819645733,26.10708534621578,17.411433172302736,8.024691358024691,12.084004294149223,2.200751476113795,16.465378421900162,0.8588298443370908,12.010198604401502,0.2616747181964573,1.133923778851315,0.36231884057971014,0.46296296296296297,,,
108,2.636876006441224,26.04669887278583,17.619431025228128,8.017981749865807,12.057165861513688,2.0531400966183573,16.23725174449812,0.8521202361782072,12.010198604401502,0.27509393451422437,1.2546967257112185,0.38915727321524424,0.5501878690284487,,,
109,2.6301663982823404,25.63070316693505,17.55233494363929,8.017981749865807,12.037037037037036,3.616478797638218,15.143585614600108,0.9125067096081588,12.00348899624262,0.27509393451422437,1.2412775093934514,0.38915727321524424,0.5501878690284487,,,
110,2.623456790123457,25.5703166935051,17.58588298443371,7.997852925389157,12.030327428878154,3.670155662909286,15.069779924852389,0.9125067096081588,11.990069779924852,0.2952227589908749,1.2412775093934514,0.4227053140096618,0.5904455179817498,,,
111,2.6435856146001075,25.49651100375738,17.57246376811594,7.997852925389157,11.81561996779388,3.911701556629093,14.868491680085883,1.1607622114868492,11.990069779924852,0.30864197530864196,1.221148684916801,0.4227053140096618,0.5904455179817498,,,
112,2.6838432635534084,25.43612453032743,17.639559849704778,7.997852925389157,11.788781535158346,3.9318303811057436,14.821524422973699,1.1540526033279657,11.990069779924852,0.322061191626409,1.221148684916801,0.4227053140096618,0.5904455179817498,,,
113,2.717391304347826,25.32206119162641,17.579173376274827,8.004562533548041,11.701556629092861,4.17337627482555,14.761137949543746,1.1540526033279657,11.963231347289318,0.3757380568974772,1.2345679012345678,0.4227053140096618,0.5904455179817498,,,
114,2.703972088030059,24.44981213097155,18.17632850241546,7.924047235641439,11.151368760064413,4.3478260869565215,14.606816961889425,1.093666129898014,13.123993558776167,0.3824476650563607,1.06682769726248,0.4092860976918948,0.5636070853462157,,,
115,2.737520128824477,24.194847020933977,18.370907139023082,7.924047235641439,10.983628556092324,4.294149221685454,14.573268921095009,1.261406333870102,13.123993558776167,0.47638217928073,1.06682769726248,0.4092860976918948,0.5837359098228664,,,
116,2.6972624798711755,24.013687600644122,17.934782608695652,8.776167471819646,10.976918947933441,4.274020397208803,14.573268921095009,1.3150831991411702,12.714707461084272,0.5099302200751477,1.2144390767579174,0.41599570585077833,0.5837359098228664,,,
117,2.7308105206655933,23.852657004830917,18.109232420826622,8.749329039184111,10.950080515297907,4.28743961352657,14.55984970477724,1.328502415458937,12.70799785292539,0.5099302200751477,1.2144390767579174,0.41599570585077833,0.5837359098228664,,,
118,2.7241009125067097,23.65136876006441,17.85426731078905,10.111379495437467,10.923242082662373,4.233762748255502,13.875469672571121,1.3486312399355878,12.546967257112184,0.46296296296296297,1.2144390767579174,0.4428341384863124,0.6105743424584005,,,
119,2.757648953301127,23.557434245840042,17.907944176060116,10.057702630166398,10.755501878690284,4.341116478797638,13.761406333870102,1.42914653784219,12.614063338701019,0.46296296296296297,1.2010198604401503,0.5703166935050993,0.5837359098228664,,,
120,2.7979066022544283,23.429951690821255,18.00187869028449,10.057702630166398,10.742082662372518,4.388083735909823,13.674181427804616,1.42914653784219,12.567096081588835,0.46296296296296297,1.2278582930756843,0.6038647342995169,0.6172839506172839,,,
121,2.8113258185721954,23.329307568438004,18.075684380032207,10.057702630166398,10.742082662372518,4.388083735909823,13.66076221148685,1.42914653784219,12.567096081588835,0.46296296296296297,1.2278582930756843,0.6038647342995169,0.644122383252818,,,
122,2.8247450348899625,23.26892109500805,18.12265163714439,10.030864197530864,10.742082662372518,4.367954911433173,13.66076221148685,1.4761137949543746,12.526838432635534,0.46296296296296297,1.2278582930756843,0.6038647342995169,0.6843800322061192,,,
123,2.8784219001610305,23.19511540526033,18.075684380032207,9.903381642512077,11.936392914653783,3.8915727321524423,13.036768652710682,1.5432098765432098,12.392646269457863,0.5032206119162641,1.2345679012345678,0.6575415995705851,0.7514761137949544,,,
124,2.7844873859366612,21.048040794417606,17.787171229200215,15.848094471282877,11.386205045625335,3.1333870101986045,11.802200751476114,1.556629092860977,11.614331723027375,0.5032206119162641,1.2949543746645196,0.46967257112184646,0.7716049382716049,,,
125,2.831454643048846,21.034621578099838,17.753623188405797,15.83467525496511,11.372785829307569,3.193773483628556,11.802200751476114,1.583467525496511,11.574074074074074,0.5233494363929146,1.2546967257112185,0.46967257112184646,0.7716049382716049,,,
126,2.871712292002147,20.98094471282877,17.753623188405797,15.807836822329575,11.3593666129898,3.2139023081052067,11.782071926999464,1.6237251744498122,11.58749329039184,0.5233494363929146,1.2546967257112185,0.46967257112184646,0.7716049382716049,,,
127,2.9589371980676327,20.954106280193237,17.76033279656468,15.727321524422974,11.325818572195384,3.33467525496511,11.782071926999464,1.6706924315619969,11.446591519055287,0.5233494363929146,1.2546967257112185,0.46967257112184646,0.7917337627482555,,,
128,2.8784219001610305,20.625335480407944,18.438003220611915,15.619967793880837,11.553945249597424,2.918679549114332,11.748523886205046,1.8317230273752012,11.312399355877616,0.5568974771873323,1.221148684916801,0.46296296296296297,0.8319914117015567,,,
129,2.8650026838432634,20.189210950080515,16.760601180891037,16.163446054750402,11.245303274288782,2.5831991411701556,14.090177133655395,1.8317230273752012,11.18491680085883,0.5568974771873323,1.2345679012345678,0.46296296296296297,0.8319914117015567,,,
130,2.952227589908749,20.162372517444982,16.7337627482555,16.109769189479334,11.225174449812132,2.5831991411701556,14.090177133655395,1.90552871712292,11.18491680085883,0.5568974771873323,1.2345679012345678,0.4562533548040794,0.8051529790660226,,,
131,2.9052603327965647,20.148953301127214,16.659957058507782,16.06280193236715,11.191626409017713,2.341653247450349,15.103327965646805,2.033011272141707,10.413311862587225,0.5568974771873323,1.2681159420289856,0.4562533548040794,0.8588298443370908,,,
132,2.871712292002147,19.11567364465915,15.92860976918948,14.720880300590446,10.641438539989265,1.932367149758454,19.296833064949006,1.9927536231884058,10.359634997316157,0.5367686527106817,1.2681159420289856,0.47638217928073,0.8588298443370908,,,
133,2.9589371980676327,19.0955448201825,15.901771336553946,14.720880300590446,10.628019323671497,1.9390767579173376,19.290123456790123,1.9927536231884058,10.36634460547504,0.5367686527106817,1.2345679012345678,0.47638217928073,0.8588298443370908,,,
134,2.985775630703167,19.082125603864736,18.283682232957595,14.65378421900161,10.641438539989265,2.033011272141707,16.78743961352657,2.01959205582394,10.36634460547504,0.5367686527106817,1.2345679012345678,0.49651100375738055,0.8789586688137413,,,
135,2.985775630703167,19.04186795491143,18.209876543209877,14.512882447665056,10.648148148148149,2.033011272141707,16.78743961352657,2.147074610842727,10.433440687063875,0.5971551261406334,1.2010198604401503,0.5233494363929146,0.8789586688137413,,,
136,3.026033279656468,19.008319914117017,18.17632850241546,14.398819108964037,10.63472893183038,2.1135265700483092,16.700214707461082,2.147074610842727,10.487117552334944,0.5971551261406334,1.2010198604401503,0.630703166935051,0.8789586688137413,,,
137,2.885131508319914,17.693236714975846,17.58588298443371,14.38539989264627,10.63472893183038,1.9927536231884058,16.25738056897477,2.2745571658615136,12.915995705850777,0.47638217928073,1.2278582930756843,0.7648953301127214,0.9057971014492754,,,
138,2.9052603327965647,17.56575415995706,17.599302200751477,14.378690284487385,10.607890499194847,2.0933977455716586,16.25738056897477,2.301395598497048,12.915995705850777,0.48980139559849706,1.2278582930756843,0.7648953301127214,0.8923778851315083,,,
139,3.0193236714975846,17.444981213097154,17.538915727321523,14.358561460010735,10.567632850241546,2.2342995169082127,16.25738056897477,2.2879763821792807,12.915995705850777,0.47638217928073,1.2412775093934514,0.7648953301127214,0.8923778851315083,,,
140,3.0394524959742353,17.431561996779386,17.538915727321523,14.338432635534085,10.527375201288244,2.26784755770263,16.223832528180353,2.314814814814815,12.915995705850777,0.47638217928073,1.2681159420289856,0.7648953301127214,0.8923778851315083,,,
141,3.1065485775630703,17.357756307031668,17.49194847020934,14.264626945786366,10.57434245840043,2.428878153515835,16.13660762211487,2.314814814814815,12.895866881374127,0.47638217928073,1.2681159420289856,0.7917337627482555,0.8923778851315083,,,
142,3.1602254428341383,17.357756307031668,17.47181964573269,14.163982823403114,10.540794417606012,2.657004830917874,16.049382716049383,2.2946859903381642,12.869028448738593,0.47638217928073,1.2412775093934514,0.8051529790660226,0.9125067096081588,,,
143,3.180354267310789,17.2638217928073,17.431561996779386,13.982823403113258,10.513955984970478,2.818035426731079,16.049382716049383,2.428878153515835,12.694578636607622,0.47638217928073,1.3016639828234031,0.8923778851315083,0.966183574879227,,,
144,3.207192699946323,17.257112184648417,17.37788513150832,13.6808910359635,10.513955984970478,3.1333870101986045,16.049382716049383,2.428878153515835,12.681159420289855,0.47638217928073,1.3016639828234031,0.9259259259259259,0.966183574879227,,,
145,3.193773483628556,17.24369296833065,17.330917874396135,13.036768652710682,9.809447128287708,2.999194847020934,17.887815351583466,2.38191089640365,12.446323134728932,0.5233494363929146,1.3016639828234031,0.8789586688137413,0.966183574879227,,,
146,3.2004830917874396,15.975577026301664,16.686795491143318,16.109769189479334,9.722222222222221,2.8113258185721954,17.008856682769725,2.38191089640365,12.379227053140097,0.5233494363929146,1.3553408480944713,0.8856682769726248,0.9594739667203436,,,
147,3.2139023081052067,15.921900161030596,16.72705314009662,16.089640365002683,9.71551261406334,2.8650026838432634,16.941760601180892,2.408749329039184,12.332259796027913,0.5367686527106817,1.3553408480944713,0.9057971014492754,0.9863123993558777,,,
148,3.1870638754696725,15.874932903918411,16.659957058507782,16.069511540526033,9.702093397745571,3.046162104133119,16.874664519592056,2.4691358024691357,12.318840579710145,0.5233494363929146,1.3821792807300053,0.9057971014492754,0.9863123993558777,,,
149,3.207192699946323,15.868223295759528,16.680085882984432,15.962157809983896,9.722222222222221,3.046162104133119,16.874664519592056,2.536231884057971,12.305421363392378,0.5099302200751477,1.3821792807300053,0.9057971014492754,0.9997316156736447,,,
150,2.918679549114332,15.653515834675256,17.23027375201288,16.854535695115406,9.648416532474503,3.052871712292002,16.472088030059044,2.6704240472356413,11.929683306494901,0.47638217928073,1.3083735909822867,0.8521202361782072,0.9326355340848095,,,
151,2.9723564143853998,15.5126140633387,17.14975845410628,16.492216854535695,9.634997316156737,3.5426731078904994,16.472088030059044,2.6704240472356413,11.943102522812667,0.5099302200751477,1.3150831991411702,0.8521202361782072,0.9326355340848095,,,
152,3.046162104133119,15.4723564143854,17.12962962962963,16.465378421900162,9.588030059044552,3.556092324208266,16.431830381105744,2.7509393451422435,11.922973698336017,0.5099302200751477,1.3150831991411702,0.8789586688137413,0.9326355340848095,,,
153,3.1199677938808374,15.438808373590982,17.16988727858293,16.33118625872249,9.588030059044552,3.844605475040258,16.25738056897477,2.6972624798711755,11.916264090177133,0.5099302200751477,1.3150831991411702,0.8789586688137413,0.9326355340848095,,,
154,3.207192699946323,15.398550724637682,17.19001610305958,16.29092860976919,9.588030059044552,3.9519592055823938,16.150026838432634,2.6704240472356413,11.748523886205046,0.5099302200751477,1.328502415458937,1.0332796564680622,0.9326355340848095,,,
155,3.1870638754696725,15.277777777777779,17.183306494900698,15.479066022544284,9.621578099838969,3.938539989264627,15.98899624261943,2.6972624798711755,12.808641975308642,0.5233494363929146,1.3687600644122384,0.9930220075147611,0.9326355340848095,,,
156,3.180354267310789,15.022812667740205,16.914922168545356,16.97530864197531,9.118357487922705,3.8378958668813743,15.183843263553408,2.9589371980676327,13.009930220075148,0.5233494363929146,1.3486312399355878,0.9930220075147611,0.9326355340848095,,,
157,3.2340311325818574,15.01610305958132,16.928341384863124,16.928341384863124,9.098228663446054,4.012345679012346,15.009393451422437,2.9790660225442833,13.009930220075148,0.5233494363929146,1.3486312399355878,0.9930220075147611,0.9192163177670424,,,
158,3.2206119162640903,14.969135802469136,16.941760601180892,16.21712292002147,10.010735373054214,4.200214707461084,15.009393451422437,2.918679549114332,12.848899624261943,0.5233494363929146,1.3352120236178207,0.8856682769726248,0.9192163177670424,,,
159,3.207192699946323,14.855072463768115,16.760601180891037,16.129898013955984,10.00402576489533,4.2203435319377345,14.935587761674718,3.052871712292002,13.009930220075148,0.5233494363929146,1.3620504562533549,0.9930220075147611,0.9460547504025765,,,
160,3.2004830917874396,14.828234031132581,16.391572732152444,16.10305958132045,10.151637144390767,4.200214707461084,14.895330112721417,3.079710144927536,13.291733762748256,0.5233494363929146,1.3352120236178207,1.0534084809447128,0.9460547504025765,,,
161,3.1468062265163717,14.63365539452496,17.042404723564143,16.069511540526033,10.151637144390767,4.159957058507783,14.875201288244767,2.999194847020934,13.077026301663983,0.5099302200751477,1.3352120236178207,1.0534084809447128,0.9460547504025765,,,
162,3.0931293612453032,14.63365539452496,16.800858829844337,16.988727858293075,10.151637144390767,4.0995705850778315,14.875201288244767,2.932098765432099,12.573805689747719,0.49651100375738055,1.3620504562533549,1.0265700483091786,0.966183574879227,,,
163,3.1468062265163717,14.63365539452496,16.74718196457327,16.894793344068706,10.11808910359635,4.072732152442297,14.848362855609233,2.932098765432099,12.661030595813205,0.5032206119162641,1.402308105206656,1.0735373054213635,0.966183574879227,,,
164,3.207192699946323,14.626945786366075,16.720343531937736,16.867954911433173,10.138217928073,4.0995705850778315,14.821524422973699,2.9119699409554483,12.600644122383253,0.5032206119162641,1.4358561460010735,1.0735373054213635,0.9930220075147611,,,
165,3.2206119162640903,14.593397745571659,16.7337627482555,16.867954911433173,10.091250670960816,4.0995705850778315,14.80810520665593,2.9119699409554483,12.607353730542137,0.5233494363929146,1.4492753623188406,1.1003757380568975,0.9930220075147611,,,
166,3.2742887815351582,14.412238325281804,16.955179817498657,16.854535695115406,10.00402576489533,4.119699409554482,14.774557165861514,2.9119699409554483,12.573805689747719,0.5233494363929146,1.4694041867954912,1.133923778851315,0.9930220075147611,,,
167,3.3279656468062266,14.351851851851851,16.988727858293075,16.760601180891037,9.96376811594203,4.200214707461084,14.774557165861514,2.9790660225442833,12.5402576489533,0.5501878690284487,1.4895330112721417,1.0802469135802468,0.9930220075147611,,,
168,3.3548040794417604,14.325013419216317,16.941760601180892,16.74718196457327,10.00402576489533,4.233762748255502,14.774557165861514,2.9790660225442833,12.526838432635534,0.5501878690284487,1.4895330112721417,1.0802469135802468,0.9930220075147611,,,
169,3.3950617283950617,14.318303811057435,16.97530864197531,16.75389157273215,9.970477724100913,4.2203435319377345,14.734299516908212,2.9589371980676327,12.553676865271068,0.5233494363929146,1.5230810520665594,1.0802469135802468,0.9930220075147611,,,
170,3.569511540526033,14.090177133655395,17.062533548040793,17.652979066022546,9.883252818035427,3.797638217928073,14.51959205582394,2.885131508319914,12.426194310252281,0.5233494363929146,1.5230810520665594,1.0735373054213635,0.9930220075147611,,,
171,3.589640365002684,14.090177133655395,17.062533548040793,17.60601180891036,9.86983360171766,3.797638217928073,14.51959205582394,2.885131508319914,12.385936661298981,0.5233494363929146,1.570048309178744,1.107085346215781,0.9930220075147611,,,
172,3.69699409554482,14.016371443907676,16.894793344068706,18.156199677938808,9.836285560923242,3.844605475040258,14.49946323134729,2.9388083735909825,11.949812130971551,0.5636070853462157,1.583467525496511,1.0466988727858293,0.9728931830381106,,,
173,3.717122920021471,13.976113794954374,17.07595276435856,17.834138486312398,9.836285560923242,4.066022544283414,14.465915190552872,2.932098765432099,11.916264090177133,0.5636070853462157,1.5767579173376274,1.0466988727858293,0.9930220075147611,,,
174,3.7238325281803544,13.808373590982287,17.3040794417606,17.76033279656468,9.816156736446592,4.206924315619967,14.392109500805153,2.945517981749866,11.862587224906065,0.5636070853462157,1.5767579173376274,1.0466988727858293,0.9930220075147611,,,
175,3.7573805689747717,13.808373590982287,17.236983360171767,17.726784755770264,9.809447128287708,4.327697262479871,14.257917337627482,2.999194847020934,11.876006441223833,0.5636070853462157,1.5499194847020934,1.0802469135802468,1.0064412238325282,,,
176,3.750670960815888,13.801663982823403,17.236983360171767,17.693236714975846,9.809447128287708,4.388083735909823,14.231078904991948,3.0059044551798175,11.862587224906065,0.5636070853462157,1.5499194847020934,1.1003757380568975,1.0064412238325282,,,
177,3.7775093934514223,13.788244766505636,17.20343531937735,17.632850241545892,9.809447128287708,4.428341384863124,14.231078904991948,3.052871712292002,11.83574879227053,0.5636070853462157,1.5499194847020934,1.1003757380568975,1.0265700483091786,,,
178,3.797638217928073,13.768115942028986,17.21014492753623,17.619431025228128,9.796027911969942,4.40150295222759,14.231078904991948,3.066290928609769,11.829039184111648,0.5636070853462157,1.5767579173376274,1.1003757380568975,1.0399892646269457,,,
179,3.864734299516908,13.707729468599034,17.398013955984972,17.102791196994094,9.75577026301664,4.736983360171766,14.123725174449811,3.1602254428341383,11.849168008588299,0.5636070853462157,1.5767579173376274,1.133923778851315,1.0265700483091786,,,
180,3.864734299516908,13.6808910359635,17.418142780461622,17.082662372517444,9.728931830381105,4.736983360171766,14.123725174449811,3.1602254428341383,11.748523886205046,0.5636070853462157,1.5499194847020934,1.3150831991411702,1.0265700483091786,,,
