,45,50,55,51,52,53,56,58,57,54,59,61,60,62,63
0,95.40391841116478,4.569243156199678,0.026838432635534086,,,,,,,,,,,,
1,91.66666666666667,8.279656468062266,0.05367686527106817,,,,,,,,,,,,
2,90.73403113258186,9.212292002147075,0.05367686527106817,,,,,,,,,,,,
3,83.07836822329575,16.71363392377885,0.08051529790660225,0.1274825550187869,,,,,,,,,,,
4,79.20021470746109,20.42404723564144,0.2147074610842727,0.1274825550187869,0.03354804079441761,,,,,,,,,,
5,67.6731078904992,29.1129898013956,0.30193236714975846,0.1274825550187869,0.03354804079441761,2.7509393451422435,,,,,,,,,
6,67.49194847020934,29.280730005367687,0.3153515834675255,0.1274825550187869,0.03354804079441761,2.7509393451422435,,,,,,,,,
7,54.97181964573269,42.371175523349436,0.43612453032742887,0.0939345142243693,0.03354804079441761,2.0933977455716586,,,,,,,,,
8,43.062265163714436,48.97342995169082,0.36902844873859364,5.448201825013419,0.03354804079441761,2.0933977455716586,0.020128824476650563,,,,,,,,
9,42.72678475577026,49.55716586151369,0.4227053140096618,5.448201825013419,0.03354804079441761,1.7914653784219001,0.020128824476650563,,,,,,,,
10,37.70799785292539,36.621041331186255,0.32877079978529256,20.182501341921633,3.717122920021471,1.4224369296833066,0.020128824476650563,,,,,,,,
11,37.6610305958132,36.3996242619431,0.5568974771873323,20.108695652173914,3.717122920021471,1.4694041867954912,0.08722490606548577,,,,,,,,
12,32.29334406870639,31.407675791733762,0.5703166935050993,30.421363392377884,3.730542136339238,1.4559849704777241,0.10735373054213634,0.013419216317767043,,,,,,,
13,26.194310252281266,26.187600644122384,0.5434782608695652,34.35990338164251,10.88298443370907,1.4559849704777241,0.2616747181964573,0.013419216317767043,0.10064412238325282,,,,,,
14,22.322866344605476,34.044551798174986,0.7045088566827697,30.595813204508858,10.487117552334944,1.4559849704777241,0.2616747181964573,0.013419216317767043,0.11406333870101985,,,,,,
15,20.77294685990338,35.39989264626946,0.7783145464304885,30.54213633923779,10.466988727858293,1.5901771336553945,0.30193236714975846,0.013419216317767043,0.13419216317767044,,,,,,
16,20.108695652173914,33.353462157809986,1.0534084809447128,30.347557702630166,10.433440687063875,1.5901771336553945,0.49651100375738055,0.013419216317767043,0.16774020397208803,2.4355877616747184,,,,,
17,16.163446054750402,39.741009125067094,0.8588298443370908,26.85185185185185,14.351851851851851,0.19457863660762212,0.4495437466451959,,0.14761137949543746,1.2412775093934514,,,,,
18,12.99651100375738,24.52361782071927,0.5233494363929146,50.234836285560924,10.815888352120236,0.06038647342995169,0.6910896403650026,,0.14761137949543746,0.0067096081588835215,,,,,
19,12.030327428878154,25.348899624261943,1.1205045625335481,49.71148684916801,10.815888352120236,0.06038647342995169,0.7447665056360708,,0.14761137949543746,0.020128824476650563,,,,,
20,12.016908212560386,24.422973698336016,1.8719806763285025,48.671497584541065,11.480139559849706,0.06038647342995169,0.7716049382716049,,0.15432098765432098,0.5300590445517982,0.020128824476650563,,,,
21,11.929683306494901,24.402844873859365,1.583467525496511,46.464036500268385,11.272141706924316,3.0327428878153517,0.8588298443370908,,0.24154589371980675,0.19457863660762212,0.020128824476650563,,,,
22,11.916264090177133,21.24932903918411,1.5901771336553945,40.33816425120773,11.265432098765432,12.359098228663447,0.8521202361782072,,0.24825550187869028,0.1610305958132045,0.020128824476650563,,,,
23,11.66129898013956,15.579710144927537,1.415727321524423,45.38378958668814,12.184648416532475,12.070585077831455,0.8118625872249061,0.026838432635534086,0.2683843263553409,0.5636070853462157,0.03354804079441761,,,,
24,11.574074074074074,15.539452495974235,1.4626945786366077,45.148953301127214,12.171229200214707,12.130971551261407,0.9997316156736447,0.07380568974771873,0.27509393451422437,0.5636070853462157,0.03354804079441761,0.026838432635534086,,,
25,11.272141706924316,15.499194847020934,1.5163714439076759,41.56602254428341,11.3593666129898,16.774020397208805,1.0265700483091786,0.07380568974771873,0.2885131508319914,0.5636070853462157,0.03354804079441761,0.026838432635534086,,,
26,11.245303274288782,15.505904455179817,1.5163714439076759,41.43183038110574,11.345947396672035,16.76731078904992,1.1876006441223832,0.07380568974771873,0.30193236714975846,0.5636070853462157,0.03354804079441761,0.026838432635534086,,,
27,11.178207192699947,15.425389157273216,1.6774020397208802,40.955448201825014,11.345947396672035,16.465378421900162,1.8988191089640365,0.07380568974771873,0.30193236714975846,0.5904455179817498,0.06038647342995169,0.026838432635534086,,,
28,10.856146001073537,15.727321524422974,1.8384326355340848,43.71309715512614,10.144927536231885,14.754428341384862,1.8518518518518519,0.07380568974771873,0.36231884057971014,0.5904455179817498,0.06038647342995169,0.026838432635534086,,,
29,10.782340311325818,15.774288781535159,1.8786902844873858,43.525228126677405,10.0979602791197,14.714170692431562,1.9122383252818036,0.08722490606548577,0.5099302200751477,0.630703166935051,0.06038647342995169,0.026838432635534086,,,
30,10.762211486849168,15.794417606011809,2.5831991411701556,42.89452495974235,10.071121846484166,14.65378421900161,1.8384326355340848,0.1274825550187869,0.5367686527106817,0.630703166935051,0.08051529790660225,0.026838432635534086,,,
31,10.762211486849168,15.385131508319914,4.394793344068707,41.6129898013956,9.742351046698873,14.620236178207193,1.865271068169619,0.1610305958132045,0.5099302200751477,0.8387010198604401,0.08051529790660225,0.026838432635534086,,,
32,10.762211486849168,15.304616210413311,3.9989264626945786,45.21604938271605,11.037305421363392,11.144659151905529,1.724369296833065,0.05367686527106817,0.35560923242082665,0.2885131508319914,0.08722490606548577,0.026838432635534086,,,
33,10.735373054213634,15.28448738593666,4.334406870638754,42.45840042941492,10.93666129898014,13.607085346215781,1.7310789049919484,0.05367686527106817,0.4562533548040794,0.2885131508319914,0.08722490606548577,0.026838432635534086,,,
34,10.735373054213634,15.13016639828234,4.327697262479871,42.12292002147075,13.09044551798175,11.694847020933977,1.865271068169619,0.16774020397208803,0.4830917874396135,0.2885131508319914,0.06709608158883522,0.026838432635534086,,,
35,5.381105743424584,18.4044551798175,4.079441760601181,45.28314546430489,12.929414922168545,11.09098228663446,1.3687600644122384,0.16774020397208803,0.4830917874396135,0.7179280730005367,0.06709608158883522,0.026838432635534086,,,
36,5.3274288781535155,16.223832528180353,4.17337627482555,45.169082125603865,15.103327965646805,11.09098228663446,1.402308105206656,0.16774020397208803,0.48980139559849706,0.7581857219538379,0.06709608158883522,0.026838432635534086,,,
37,5.314009661835748,14.123725174449811,4.42163177670424,44.98792270531401,16.99543746645196,11.064143853998926,1.556629092860977,0.16774020397208803,0.5166398282340311,0.7581857219538379,0.06709608158883522,0.026838432635534086,,,
38,5.293880837359098,13.546698872785829,4.42163177670424,44.65244229736983,17.847557702630166,11.151368760064413,1.8518518518518519,0.16774020397208803,0.5166398282340311,0.4562533548040794,0.06709608158883522,0.026838432635534086,,,
39,5.293880837359098,13.513150831991412,4.180085882984434,44.155931293612454,18.451422436929683,10.990338164251208,2.0933977455716586,0.1878690284487386,0.5837359098228664,0.4562533548040794,0.06709608158883522,0.026838432635534086,,,
40,5.159688674181428,13.539989264626946,4.508856682769726,43.80703166935051,16.53918411164788,10.540794417606012,2.15378421900161,0.20128824476650564,0.6508319914117016,2.804616210413312,0.06709608158883522,0.026838432635534086,,,
41,5.159688674181428,13.526570048309178,4.770531400966184,42.941492216854535,17.619431025228128,9.950348899624261,2.187332259796028,0.27509393451422437,0.6575415995705851,2.831454643048846,0.05367686527106817,0.026838432635534086,,,
42,5.159688674181428,13.466183574879228,4.884594739667204,42.86768652710682,17.06924315619968,10.36634460547504,2.2074610842726785,0.27509393451422437,0.7917337627482555,2.831454643048846,0.05367686527106817,0.026838432635534086,,,
43,4.8376274825550185,11.460010735373054,4.87788513150832,47.779119699409556,16.364734299516908,10.36634460547504,2.2410091250670963,0.27509393451422437,0.7917337627482555,0.95276435856146,0.026838432635534086,0.026838432635534086,,,
44,4.790660225442834,11.131239935587761,5.736714975845411,47.10144927536232,16.465378421900162,10.36634460547504,2.3617820719269993,0.27509393451422437,0.7917337627482555,0.9259259259259259,0.026838432635534086,0.026838432635534086,,,
45,4.777241009125067,11.144659151905529,5.797101449275362,47.0276435856146,16.31105743424584,10.332796564680622,2.3752012882447664,0.30864197530864196,0.9460547504025765,0.9259259259259259,0.026838432635534086,0.026838432635534086,,,
46,4.7638217928073,10.93666129898014,5.495169082125604,44.518250134192165,18.310520665593128,9.936929683306495,3.556092324208266,0.6776704240472357,0.8252818035426731,0.9259259259259259,0.026838432635534086,0.026838432635534086,,,
47,4.636339237788513,10.929951690821255,5.495169082125604,44.538378958668815,17.921363392377884,10.151637144390767,3.824476650563607,0.7045088566827697,0.8588298443370908,0.8856682769726248,0.026838432635534086,0.026838432635534086,,,
48,1.8518518518518519,25.617283950617285,3.844605475040258,41.58615136876006,13.251476113794954,8.340042941492216,3.4420289855072466,0.6843800322061192,0.8521202361782072,0.4495437466451959,0.026838432635534086,0.05367686527106817,,,
49,1.8518518518518519,25.617283950617285,3.938539989264627,41.0426731078905,13.251476113794954,8.340042941492216,3.8915727321524423,0.6843800322061192,0.8521202361782072,0.4495437466451959,0.026838432635534086,0.05367686527106817,,,
50,1.8518518518518519,24.168008588298445,5.3341384863123995,44.75308641975309,9.668545356951155,8.07836822329576,4.05931293612453,0.6843800322061192,0.8185721953837896,0.4495437466451959,0.026838432635534086,0.08722490606548577,0.020128824476650563,,
51,1.8183038110574343,24.094202898550726,5.394524959742351,46.92699946323135,9.668545356951155,6.045356951154052,3.9989264626945786,0.6508319914117016,0.8185721953837896,0.4495437466451959,0.026838432635534086,0.08722490606548577,0.020128824476650563,,
52,1.8183038110574343,14.935587761674718,5.072463768115942,46.343263553408484,19.618894256575416,5.756843800322061,3.992216854535695,0.4830917874396135,1.3553408480944713,0.48980139559849706,0.026838432635534086,0.08722490606548577,0.020128824476650563,,
53,1.556629092860977,13.298443370907139,5.052334943639291,44.20289855072464,25.013419216317768,5.260332796564681,3.797638217928073,0.20799785292538917,1.0064412238325282,0.48980139559849706,0.026838432635534086,0.06038647342995169,0.026838432635534086,,
54,1.556629092860977,13.298443370907139,5.032206119162641,43.65271068169619,24.879227053140095,5.260332796564681,4.341116478797638,0.20799785292538917,1.1674718196457328,0.48980139559849706,0.026838432635534086,0.06038647342995169,0.026838432635534086,,
55,1.556629092860977,13.264895330112722,5.0791733762748255,43.05555555555556,24.731615673644658,4.985238862050457,4.696725711218465,0.20799785292538917,1.2278582930756843,1.0802469135802468,0.026838432635534086,0.06038647342995169,0.026838432635534086,,
56,1.556629092860977,13.191089640365004,5.173107890499195,42.981749865807835,24.684648416532475,4.938271604938271,4.804079441760601,0.20799785292538917,1.2546967257112185,1.0802469135802468,0.026838432635534086,0.07380568974771873,0.026838432635534086,,
57,1.415727321524423,13.325281803542673,5.186527106816962,42.67981749865808,26.019860440150296,3.8714439076757916,4.87788513150832,0.14090177133655393,1.2949543746645196,1.0265700483091786,0.026838432635534086,0.07380568974771873,0.06038647342995169,,
58,0.9326355340848095,11.79549114331723,5.870907139023081,46.464036500268385,24.20155662909286,3.7238325281803544,4.542404723564144,0.14090177133655393,1.3888888888888888,0.7783145464304885,0.026838432635534086,0.07380568974771873,0.06038647342995169,,
59,0.9326355340848095,11.741814278046162,5.917874396135265,46.41035963499731,24.00697799248524,3.7238325281803544,4.636339237788513,0.14090177133655393,1.5499194847020934,0.7783145464304885,0.026838432635534086,0.07380568974771873,0.06038647342995169,,
60,0.9326355340848095,9.977187332259795,7.877079978529254,44.00831991411702,24.033816425120772,3.113258185721954,4.74369296833065,0.11406333870101985,1.5297906602254427,3.5091250670960816,0.026838432635534086,0.07380568974771873,0.06038647342995169,,
61,0.9326355340848095,9.876543209876543,8.266237251744498,43.37090713902308,23.637949543746647,3.0059044551798175,4.663177670424047,0.11406333870101985,1.5297906602254427,4.414922168545357,0.026838432635534086,0.08722490606548577,0.07380568974771873,,
62,0.9326355340848095,9.842995169082126,8.299785292538916,43.35077831454643,23.557434245840042,2.965646806226516,4.690016103059581,0.11406333870101985,1.596886741814278,4.461889425657541,0.026838432635534086,0.08722490606548577,0.07380568974771873,,
63,0.9259259259259259,9.809447128287708,8.776167471819646,41.988727858293075,23.30246913580247,5.12614063338701,3.569511540526033,0.11406333870101985,1.7914653784219001,4.408212560386473,0.026838432635534086,0.08722490606548577,0.07380568974771873,,
64,0.9259259259259259,9.809447128287708,8.816425120772946,41.92163177670424,23.295759527643586,5.119431025228127,3.589640365002684,0.11406333870101985,1.8115942028985508,4.408212560386473,0.026838432635534086,0.08722490606548577,0.07380568974771873,,
65,0.9259259259259259,9.809447128287708,8.836553945249598,40.935319377348364,25.120772946859905,5.132850241545894,3.260869565217391,0.11406333870101985,1.724369296833065,3.9519592055823938,0.026838432635534086,0.08722490606548577,0.07380568974771873,,
66,0.9259259259259259,7.991143317230274,10.7085346215781,40.92190016103059,25.05367686527107,5.132850241545894,3.260869565217391,0.14090177133655393,1.724369296833065,3.938539989264627,0.026838432635534086,0.08722490606548577,0.08722490606548577,,
67,0.0067096081588835215,6.9243156199677935,9.621578099838969,44.55179817498658,24.16129898013956,5.01207729468599,3.166935050993022,0.1274825550187869,1.5767579173376274,4.7168545356951155,,0.04696725711218465,0.08722490606548577,,
68,0.0067096081588835215,6.635802469135802,9.541062801932368,54.04589371980676,16.458668813741276,4.5893719806763285,2.3081052066559313,0.18115942028985507,1.3352120236178207,4.669887278582931,0.03354804079441761,0.07380568974771873,0.12077294685990338,,
69,0.0067096081588835215,3.321256038647343,7.950885668276973,53.153515834675254,22.403381642512077,4.28743961352657,2.589908749329039,0.16774020397208803,1.3419216317767042,4.5960815888352125,0.03354804079441761,0.0939345142243693,0.05367686527106817,,
70,0.0067096081588835215,3.227321524422974,7.991143317230274,53.01932367149758,22.665056360708533,4.28743961352657,2.6502952227589907,0.16774020397208803,1.1876006441223832,4.5893719806763285,0.03354804079441761,0.0939345142243693,0.08051529790660225,,
71,0.0067096081588835215,3.2139023081052067,10.104669887278583,52.623456790123456,20.638754696725712,4.28743961352657,2.7442297369833604,0.16774020397208803,1.3217928073000538,4.696725711218465,0.020128824476650563,0.0939345142243693,0.08051529790660225,,
72,0.0067096081588835215,3.2139023081052067,10.420021470746109,49.946323134728935,22.96027911969941,4.274020397208803,2.804616210413312,0.18115942028985507,1.2815351583467525,4.696725711218465,0.020128824476650563,0.0939345142243693,0.10064412238325282,,
73,0.0067096081588835215,3.2139023081052067,10.393183038110575,49.83225979602791,22.873054213633925,4.274020397208803,2.918679549114332,0.18115942028985507,1.3687600644122384,4.696725711218465,0.020128824476650563,0.0939345142243693,0.1274825550187869,,
74,0.0067096081588835215,3.166935050993022,10.61460010735373,49.61755233494364,22.785829307568438,4.247181964573269,2.9924852388620504,0.19457863660762212,1.3955984970477724,4.696725711218465,0.020128824476650563,0.0939345142243693,0.16774020397208803,,
75,0.0067096081588835215,3.166935050993022,10.373054213633925,48.44337090713902,22.17525496511004,5.656199677938808,3.5963499731615673,0.17444981213097155,1.3955984970477724,4.7638217928073,0.020128824476650563,0.06038647342995169,0.16774020397208803,,
76,0.0067096081588835215,3.166935050993022,10.923242082662373,48.268921095008054,21.24932903918411,5.562265163714439,3.5225442834138487,0.17444981213097155,2.0799785292538915,4.750402576489533,0.03354804079441761,0.06038647342995169,0.20128824476650564,,
77,0.0067096081588835215,3.166935050993022,10.95679012345679,48.047504025764894,21.202361782071925,5.562265163714439,3.5963499731615673,0.17444981213097155,2.200751476113795,4.777241009125067,0.03354804079441761,0.07380568974771873,0.20128824476650564,,
78,0.0067096081588835215,2.328234031132582,10.889694041867955,51.328502415458935,19.07541599570585,5.186527106816962,4.019055287171229,0.17444981213097155,1.8451422436929683,4.777241009125067,0.03354804079441761,0.12077294685990338,0.2147074610842727,,
79,0.0067096081588835215,2.328234031132582,11.104401502952227,48.8593666129898,21.66532474503489,4.864465915190553,4.119699409554482,0.18115942028985507,1.8183038110574343,4.683306494900698,0.03354804079441761,0.12077294685990338,0.2147074610842727,,
80,0.0067096081588835215,2.1940418679549114,11.218464841653248,48.62453032742888,21.66532474503489,4.864465915190553,4.314278046162104,0.18115942028985507,1.8451422436929683,4.696725711218465,0.03354804079441761,0.12077294685990338,0.23483628556092323,,
81,0.0067096081588835215,2.1940418679549114,11.211755233494364,48.329307568438004,21.16881374127751,4.851046698872786,4.582662372517445,0.20799785292538917,2.368491680085883,4.690016103059581,0.03354804079441761,0.12077294685990338,0.23483628556092323,,
82,0.0067096081588835215,2.1940418679549114,9.836285560923242,46.88003220611916,20.249597423510465,8.32662372517445,4.522275899087493,0.20799785292538917,2.1604938271604937,5.213365539452496,0.03354804079441761,0.12077294685990338,0.24825550187869028,,
83,0.0067096081588835215,1.9860440150295222,8.82313472893183,52.53623188405797,17.59259259259259,7.830112721417069,4.139828234031133,0.2549651100375738,1.7847557702630166,4.7101449275362315,0.026838432635534086,0.12077294685990338,0.1878690284487386,,
84,0.0067096081588835215,1.9659151905528718,8.84326355340848,52.43558776167472,17.55233494363929,7.809983896940419,4.2203435319377345,0.3153515834675255,1.8183038110574343,4.696725711218465,0.026838432635534086,0.12077294685990338,0.1878690284487386,,
85,0.0067096081588835215,1.9659151905528718,8.950617283950617,52.37520128824477,17.51207729468599,7.6623725174449815,4.26731078904992,0.33548040794417605,1.8518518518518519,4.696725711218465,0.06709608158883522,0.12077294685990338,0.1878690284487386,,
86,0.0067096081588835215,1.9256575415995705,8.970746108427267,51.95920558239399,17.431561996779386,7.64224369296833,4.790660225442834,0.35560923242082665,1.8786902844873858,4.64975845410628,0.08051529790660225,0.12077294685990338,0.1878690284487386,,
87,0.0067096081588835215,1.8853998926462694,8.796296296296296,54.126409017713364,16.982018250134193,5.615942028985507,4.804079441760601,0.3421900161030596,1.8384326355340848,5.193236714975845,0.08051529790660225,0.14090177133655393,0.1878690284487386,,
88,0.0067096081588835215,1.8853998926462694,8.78287707997853,53.94524959742351,16.955179817498657,5.636070853462158,4.985238862050457,0.35560923242082665,1.8451422436929683,5.179817498658078,0.08051529790660225,0.15432098765432098,0.1878690284487386,,
89,0.0067096081588835215,1.402308105206656,8.085077831454644,53.837895866881375,16.774020397208805,5.636070853462158,4.938271604938271,0.35560923242082665,1.8384326355340848,6.723027375201288,0.08051529790660225,0.14090177133655393,0.18115942028985507,,
90,0.0067096081588835215,1.402308105206656,8.581588835212024,52.865002683843265,16.74718196457327,5.636070853462158,5.414653784219001,0.35560923242082665,1.8384326355340848,6.723027375201288,0.08051529790660225,0.14090177133655393,0.18115942028985507,0.026838432635534086,
91,0.0067096081588835215,1.3754696725711217,8.635265700483092,52.703972088030056,16.646537842190018,5.636070853462158,5.5689747718733225,0.35560923242082665,1.8719806763285025,6.723027375201288,0.08051529790660225,0.17444981213097155,0.19457863660762212,0.026838432635534086,
92,0.0067096081588835215,1.3754696725711217,8.319914117015566,52.03301127214171,14.982555018786902,5.636070853462158,5.844068706387547,0.35560923242082665,1.6639828234031133,9.272678475577026,0.11406333870101985,0.17444981213097155,0.19457863660762212,0.026838432635534086,
93,0.0067096081588835215,1.3754696725711217,8.219269994632313,51.301663982823406,14.841653247450349,5.535426731078905,6.018518518518518,0.32877079978529256,1.6908212560386473,10.171765968867419,0.11406333870101985,0.17444981213097155,0.19457863660762212,0.026838432635534086,
94,0.0067096081588835215,1.3754696725711217,8.407139023081053,51.12050456253355,14.781266774020397,5.535426731078905,6.011808910359635,0.30864197530864196,1.737788513150832,10.185185185185185,0.11406333870101985,0.17444981213097155,0.20128824476650564,0.040257648953301126,
95,0.0067096081588835215,1.1406333870101986,7.749597423510467,54.47530864197531,13.996242619431026,5.0858829844337095,5.515297906602254,0.28180354267310787,1.6841116478797638,9.494095544820183,0.08722490606548577,0.2214170692431562,0.2214170692431562,0.040257648953301126,
96,0.0067096081588835215,1.1406333870101986,7.7898550724637685,53.858024691358025,13.989533011272142,5.0858829844337095,6.1862587224906065,0.30864197530864196,1.6841116478797638,9.31964573268921,0.14090177133655393,0.2214170692431562,0.2281266774020397,0.040257648953301126,
97,0.0067096081588835215,1.133923778851315,7.7831454643048845,53.696994095544824,13.955984970477724,5.139559849704777,6.273483628556092,0.3488996242619431,1.710950080515298,9.245840042941492,0.2147074610842727,0.2214170692431562,0.2281266774020397,0.040257648953301126,
98,0.0067096081588835215,1.133923778851315,7.796564680622652,53.636607622114866,13.942565754159958,5.139559849704777,6.293612453032743,0.3488996242619431,1.724369296833065,9.219001610305957,0.2683843263553409,0.2214170692431562,0.2281266774020397,0.040257648953301126,
99,0.0067096081588835215,0.5636070853462157,5.152979066022544,55.01878690284487,21.20907139023081,5.065754159957058,5.964841653247451,0.322061191626409,0.7917337627482555,5.5756843800322065,0.08051529790660225,0.10735373054213634,0.14090177133655393,,
100,0.0067096081588835215,0.5636070853462157,5.152979066022544,54.98523886205046,21.202361782071925,5.065754159957058,5.998389694041868,0.322061191626409,0.798443370907139,5.5756843800322065,0.08051529790660225,0.10735373054213634,0.14090177133655393,,
101,0.0067096081588835215,0.5636070853462157,5.132850241545894,49.2686527106817,26.88539989264627,5.052334943639291,6.125872249060655,0.2952227589908749,0.798443370907139,5.542136339237788,0.08051529790660225,0.10735373054213634,0.14090177133655393,,
102,0.0067096081588835215,0.5636070853462157,5.280461621041331,48.993558776167475,26.576757917337627,5.052334943639291,6.508319914117015,0.2952227589908749,0.8454106280193237,5.535426731078905,0.08051529790660225,0.12077294685990338,0.14090177133655393,,
103,0.0067096081588835215,0.5636070853462157,5.381105743424584,48.23537305421363,26.576757917337627,5.038915727321524,7.179280730005368,0.2952227589908749,0.8454106280193237,5.535426731078905,0.08051529790660225,0.12077294685990338,0.14090177133655393,,
104,0.0067096081588835215,0.5636070853462157,5.535426731078905,48.128019323671495,26.382179280730007,5.0858829844337095,7.239667203435319,0.3421900161030596,0.8655394524959742,5.508588298443371,0.08051529790660225,0.12077294685990338,0.14090177133655393,,
105,0.0067096081588835215,0.5636070853462157,5.622651637144391,47.90660225442834,25.63070316693505,5.515297906602254,7.367149758454106,0.33548040794417605,0.8521202361782072,5.857487922705314,0.08051529790660225,0.12077294685990338,0.14090177133655393,,
106,0.0067096081588835215,0.5636070853462157,5.8172302737520125,47.63150831991412,25.201288244766506,5.387815351583468,7.39398819108964,0.33548040794417605,1.482823403113258,5.857487922705314,0.08051529790660225,0.10064412238325282,0.14090177133655393,,
107,0.0067096081588835215,0.5636070853462157,5.8172302737520125,47.537573805689746,25.161030595813205,5.374396135265701,7.48792270531401,0.3488996242619431,1.5230810520665594,5.857487922705314,0.08051529790660225,0.10064412238325282,0.14090177133655393,,
108,0.0067096081588835215,0.5636070853462157,5.743424584004294,47.47047772410091,24.550456253354803,5.964841653247451,7.494632313472893,0.3824476650563607,1.6304347826086956,5.884326355340848,0.08051529790660225,0.10064412238325282,0.1274825550187869,,
109,0.0067096081588835215,0.5636070853462157,5.535426731078905,46.22920021470746,24.329039184111647,5.676328502415459,7.501341921631776,0.3824476650563607,1.8183038110574343,7.648953301127214,0.08051529790660225,0.10064412238325282,0.1274825550187869,,
110,0.0067096081588835215,0.5636070853462157,4.87788513150832,46.99409554482018,24.288781535158346,5.676328502415459,7.454374664519592,0.3824476650563607,1.8317230273752012,7.615405260332796,0.08722490606548577,0.10064412238325282,0.08722490606548577,0.03354804079441761,
111,0.0067096081588835215,0.5636070853462157,4.891304347826087,46.833064949006975,24.248523886205046,5.669618894256575,7.481213097155126,0.3824476650563607,1.9994632313472893,7.615405260332796,0.08722490606548577,0.10064412238325282,0.08722490606548577,0.03354804079441761,
112,0.0067096081588835215,0.5636070853462157,4.8376274825550185,46.786097691894796,24.10762211486849,5.656199677938808,7.50805152979066,0.3824476650563607,2.1739130434782608,7.615405260332796,0.08722490606548577,0.10064412238325282,0.14090177133655393,0.03354804079441761,
113,0.0067096081588835215,0.5568974771873323,5.10601180891036,45.853462157809986,25.637412775093935,5.280461621041331,7.4208266237251745,0.38915727321524424,2.214170692431562,7.159151905528717,0.10064412238325282,0.10064412238325282,0.14090177133655393,0.03354804079441761,
114,0.0067096081588835215,0.5568974771873323,5.253623188405797,45.6454643048846,25.637412775093935,5.280461621041331,7.481213097155126,0.38915727321524424,2.214170692431562,7.159151905528717,0.10064412238325282,0.10064412238325282,0.14090177133655393,0.03354804079441761,
115,0.0067096081588835215,0.5568974771873323,5.260332796564681,43.887546967257116,25.47638217928073,7.03166935050993,7.48792270531401,0.4092860976918948,2.3886205045625335,7.098765432098766,0.10064412238325282,0.0939345142243693,0.16774020397208803,0.03354804079441761,
116,0.0067096081588835215,0.5568974771873323,5.253623188405797,43.80032206119163,25.47638217928073,6.998121309715513,7.568438003220612,0.4562533548040794,2.3886205045625335,7.098765432098766,0.10064412238325282,0.0939345142243693,0.16774020397208803,0.03354804079441761,
117,0.0067096081588835215,0.5568974771873323,5.267042404723564,43.65271068169619,25.187869028448738,6.998121309715513,7.75630703166935,0.4562533548040794,2.589908749329039,7.071926999463232,0.1610305958132045,0.0939345142243693,0.16774020397208803,0.03354804079441761,
118,0.0067096081588835215,0.5568974771873323,5.280461621041331,43.384326355340846,25.13419216317767,6.78341384863124,8.219269994632313,0.43612453032742887,2.6435856146001075,7.071926999463232,0.1878690284487386,0.0939345142243693,0.16774020397208803,0.03354804079441761,
119,0.0067096081588835215,0.5568974771873323,5.22007514761138,44.927536231884055,24.89935587761675,6.622383252818035,7.635534084809447,0.5636070853462157,2.871712292002147,6.226516371443908,0.17444981213097155,0.0939345142243693,0.16774020397208803,0.03354804079441761,
120,0.0067096081588835215,0.5568974771873323,5.22007514761138,44.73966720343532,24.879227053140095,6.622383252818035,7.803274288781535,0.5636070853462157,2.932098765432099,6.219806763285024,0.1610305958132045,0.0939345142243693,0.16774020397208803,0.03354804079441761,
121,0.0067096081588835215,0.5568974771873323,5.381105743424584,44.61218464841653,24.738325281803544,6.622383252818035,7.883789586688137,0.6038647342995169,2.918679549114332,6.206387546967257,0.1878690284487386,0.08051529790660225,0.16774020397208803,0.03354804079441761,
122,0.0067096081588835215,0.5568974771873323,5.414653784219001,44.39076757917338,24.724906065485776,6.622383252818035,8.064949006977992,0.6038647342995169,2.932098765432099,6.179549114331723,0.2147074610842727,0.08051529790660225,0.17444981213097155,0.03354804079441761,
123,0.0067096081588835215,0.20799785292538917,5.179817498658078,54.06602254428341,18.659420289855074,6.535158346752549,7.37385936661299,0.5568974771873323,2.5831991411701556,4.42163177670424,0.14090177133655393,0.08051529790660225,0.15432098765432098,0.03354804079441761,
124,0.0067096081588835215,0.20799785292538917,4.260601180891036,62.01690821256039,15.405260332796564,5.535426731078905,6.246645195920558,0.5233494363929146,2.1940418679549114,3.3145464304884595,0.10735373054213634,0.06709608158883522,0.08051529790660225,0.03354804079441761,
125,,0.1274825550187869,3.8177670424047236,64.09017713365539,13.788244766505636,5.528717122920021,6.481481481481482,0.5300590445517982,2.0665593129361244,3.3011272141706924,0.0939345142243693,0.06038647342995169,0.08051529790660225,0.03354804079441761,
126,,0.1274825550187869,4.334406870638754,63.59366612989801,13.479602791196994,5.917874396135265,6.602254428341385,0.5300590445517982,2.0799785292538915,3.012614063338701,0.14761137949543746,0.06038647342995169,0.08051529790660225,0.03354804079441761,
127,,0.1274825550187869,5.475040257648954,62.104133118625874,13.331991411701557,5.917874396135265,6.910896403650026,0.5837359098228664,2.214170692431562,3.012614063338701,0.14761137949543746,0.06038647342995169,0.08051529790660225,0.03354804079441761,
128,,0.12077294685990338,5.622651637144391,58.70907139023081,16.6129898013956,5.877616747181965,6.850509930220075,0.6239935587761675,2.2208803005904456,3.066290928609769,0.12077294685990338,0.06038647342995169,0.08051529790660225,0.03354804079441761,
129,,0.11406333870101985,5.522007514761138,58.41384863123994,16.512345679012345,5.877616747181965,7.078636607622115,0.6239935587761675,2.1940418679549114,3.3548040794417604,0.12077294685990338,0.06038647342995169,0.0939345142243693,0.03354804079441761,
130,,0.11406333870101985,5.508588298443371,58.21926999463231,16.472088030059044,5.83064949006978,7.2933440687063875,0.6709608158883521,2.1940418679549114,3.3548040794417604,0.12077294685990338,0.0939345142243693,0.0939345142243693,0.03354804079441761,
131,,0.0939345142243693,5.005367686527107,47.91331186258722,28.75067096081589,5.736714975845411,5.884326355340848,0.7783145464304885,1.9189479334406871,3.6231884057971016,0.07380568974771873,0.0939345142243693,0.1274825550187869,,
132,,0.0939345142243693,5.01207729468599,47.61808910359635,28.5426731078905,5.736714975845411,6.353998926462695,0.7917337627482555,1.9189479334406871,3.6231884057971016,0.07380568974771873,0.10735373054213634,0.1274825550187869,,
133,,0.0939345142243693,4.200214707461084,45.04830917874396,31.696188942565755,5.508588298443371,6.260064412238325,0.785024154589372,1.9189479334406871,4.213633923778851,0.04696725711218465,0.10735373054213634,0.12077294685990338,,
134,,0.0939345142243693,4.663177670424047,44.618894256575416,31.66935050993022,5.508588298443371,6.226516371443908,0.785024154589372,1.9390767579173376,4.166666666666667,0.10064412238325282,0.10735373054213634,0.12077294685990338,,
135,,0.0939345142243693,4.669887278582931,44.16935050993022,31.01851851851852,5.508588298443371,6.910896403650026,0.8252818035426731,2.033011272141707,4.414922168545357,0.10064412238325282,0.10735373054213634,0.14761137949543746,,
136,,0.0939345142243693,4.690016103059581,44.08212560386473,31.00509930220075,5.481749865807837,6.977992485238862,0.8185721953837896,2.0799785292538915,4.414922168545357,0.10064412238325282,0.10735373054213634,0.14761137949543746,,
137,,0.0939345142243693,4.690016103059581,43.98148148148148,28.931830381105744,7.615405260332796,7.018250134192163,0.785024154589372,2.1135265700483092,4.414922168545357,0.10064412238325282,0.10735373054213634,0.14761137949543746,,
138,,0.0939345142243693,4.367954911433173,42.84755770263017,27.18733225979603,10.379763821792807,7.011540526033279,0.785024154589372,2.100107353730542,4.871175523349437,0.10064412238325282,0.10735373054213634,0.14761137949543746,,
139,,0.0939345142243693,4.488727858293076,41.97530864197531,27.945517981749866,10.379763821792807,7.004830917874396,0.8051529790660226,2.086688137412775,4.871175523349437,0.0939345142243693,0.10735373054213634,0.14761137949543746,,
140,,0.0939345142243693,4.49543746645196,41.94176060118089,27.932098765432098,10.379763821792807,7.03166935050993,0.8051529790660226,2.100107353730542,4.871175523349437,0.0939345142243693,0.10735373054213634,0.14761137949543746,,
141,,0.0939345142243693,4.508856682769726,41.84782608695652,27.82474503488996,10.379763821792807,7.071926999463232,0.8051529790660226,2.2074610842726785,4.898013955984971,0.10735373054213634,0.10735373054213634,0.14761137949543746,,
142,,0.0939345142243693,4.502147074610843,41.76731078904992,27.82474503488996,10.359634997316157,7.152442297369833,0.8252818035426731,2.2074610842726785,4.884594739667204,0.1274825550187869,0.10735373054213634,0.14761137949543746,,
143,,0.0939345142243693,4.502147074610843,41.76731078904992,27.509393451422437,10.547504025764896,7.152442297369833,0.8252818035426731,2.3349436392914655,4.884594739667204,0.1274825550187869,0.10735373054213634,0.14761137949543746,,
144,,0.0939345142243693,4.488727858293076,41.700214707461086,27.34165324745035,10.466988727858293,7.14573268921095,0.8454106280193237,2.61003757380569,4.891304347826087,0.1610305958132045,0.10735373054213634,0.14761137949543746,,
145,,0.040257648953301126,5.891035963499732,41.39157273215244,26.7512077294686,10.46027911969941,7.253086419753086,0.8722490606548577,2.3349436392914655,4.602791196994096,0.1610305958132045,0.10735373054213634,0.13419216317767044,,
146,,0.040257648953301126,7.0383789586688135,40.41867954911433,26.40901771336554,10.36634460547504,7.313472893183038,0.966183574879227,2.4557165861513686,4.5893719806763285,0.1610305958132045,0.10735373054213634,0.13419216317767044,,
147,,0.040257648953301126,7.0450885668276975,40.24422973698336,25.939345142243692,10.279119699409554,7.588566827697263,0.9460547504025765,2.5161030595813205,4.9718196457326895,0.1878690284487386,0.10735373054213634,0.13419216317767044,,
148,,0.040257648953301126,7.004830917874396,40.083199141170155,25.87895866881374,10.151637144390767,7.481213097155126,1.0466988727858293,2.6033279656468062,5.260332796564681,0.1878690284487386,0.11406333870101985,0.14761137949543746,,
149,,0.040257648953301126,7.004830917874396,40.002683843263554,25.791733762748255,10.151637144390767,7.548309178743962,1.0332796564680622,2.717391304347826,5.24020397208803,0.20799785292538917,0.11406333870101985,0.14761137949543746,,
150,,0.040257648953301126,7.0383789586688135,39.942297369833604,25.677670424047236,10.0979602791197,7.568438003220612,1.1137949543746646,2.844873859366613,5.213365539452496,0.20128824476650564,0.11406333870101985,0.14761137949543746,,
151,,0.040257648953301126,7.219538378958669,39.04320987654321,26.536500268384327,10.02415458937198,7.360440150295223,1.1137949543746646,2.965646806226516,5.233494363929147,0.20128824476650564,0.11406333870101985,0.14761137949543746,,
152,,0.03354804079441761,7.199409554482019,39.02308105206656,26.496242619431026,10.010735373054214,7.37385936661299,1.1272141706924315,2.9790660225442833,5.2066559312936125,0.2214170692431562,0.13419216317767044,0.16774020397208803,,0.026838432635534086
153,,0.03354804079441761,7.199409554482019,38.99624261943102,26.496242619431026,9.997316156736447,7.4006977992485234,1.1406333870101986,2.9790660225442833,5.2066559312936125,0.2214170692431562,0.13419216317767044,0.16774020397208803,,0.026838432635534086
154,,0.03354804079441761,7.239667203435319,38.92914653784219,26.42914653784219,9.997316156736447,7.4141170155662905,1.1406333870101986,3.012614063338701,5.22007514761138,0.24154589371980675,0.13419216317767044,0.16774020397208803,,0.040257648953301126
155,,0.03354804079441761,7.682501341921632,38.781535158346756,26.10708534621578,9.96376811594203,7.4141170155662905,1.1741814278046163,3.0394524959742353,5.22007514761138,0.24154589371980675,0.13419216317767044,0.16774020397208803,,0.040257648953301126
156,,0.03354804079441761,7.682501341921632,38.768115942028984,25.959473966720342,9.943639291465379,7.5281803542673105,1.1943102522812667,3.0864197530864197,5.22007514761138,0.24154589371980675,0.13419216317767044,0.16774020397208803,,0.040257648953301126
157,,0.03354804079441761,7.729468599033816,38.65405260332797,25.89237788513151,9.896672034353195,7.5281803542673105,1.2412775093934514,3.166935050993022,5.260332796564681,0.28180354267310787,0.13419216317767044,0.14090177133655393,,0.040257648953301126
158,,0.03354804079441761,7.87037037037037,38.137412775093935,25.85212023617821,9.816156736446592,7.360440150295223,1.2681159420289856,3.2742887815351582,5.797101449275362,0.28180354267310787,0.1274825550187869,0.14090177133655393,,0.040257648953301126
159,,0.03354804079441761,7.9106280193236715,38.00322061191626,25.825281803542673,9.782608695652174,7.434245840042942,1.2815351583467525,3.3413848631239937,5.770263016639828,0.30864197530864196,0.1274825550187869,0.14090177133655393,,0.040257648953301126
160,,0.03354804079441761,7.924047235641439,37.97638217928073,25.711218464841654,9.782608695652174,7.447665056360709,1.2815351583467525,3.455448201825013,5.736714975845411,0.3421900161030596,0.1274825550187869,0.14090177133655393,,0.040257648953301126
161,,0.03354804079441761,7.883789586688137,36.500268384326354,25.295222758990874,9.782608695652174,7.98443370907139,1.2681159420289856,3.4688674181427803,7.14573268921095,0.3421900161030596,0.11406333870101985,0.14090177133655393,,0.040257648953301126
162,,0.03354804079441761,8.742619431025227,35.82259796027912,25.0805152979066,9.728931830381105,7.856951154052603,1.3016639828234031,3.603059581320451,7.152442297369833,0.3421900161030596,0.11406333870101985,0.18115942028985507,,0.040257648953301126
163,,0.03354804079441761,8.742619431025227,35.82259796027912,25.06038647342995,9.695383789586689,7.856951154052603,1.3352120236178207,3.6231884057971016,7.139023081052066,0.3421900161030596,0.11406333870101985,0.19457863660762212,,0.040257648953301126
164,,0.03354804079441761,8.729200214707461,35.77563070316693,24.966451959205582,9.66183574879227,7.9039184111647875,1.3687600644122384,3.717122920021471,7.139023081052066,0.3421900161030596,0.11406333870101985,0.20799785292538917,,0.040257648953301126
165,,0.03354804079441761,8.836553945249598,34.76918947933441,26.100375738056897,9.66183574879227,7.749597423510467,1.3486312399355878,3.6634460547504024,7.132313472893183,0.3421900161030596,0.11406333870101985,0.20799785292538917,,0.040257648953301126
166,,0.026838432635534086,8.608427267847558,35.849436392914654,27.334943639291467,9.567901234567902,7.333601717659689,1.42914653784219,3.3279656468062266,5.884326355340848,0.2683843263553409,0.10735373054213634,0.2214170692431562,,0.040257648953301126
167,,0.026838432635534086,8.59500805152979,37.17122920021471,25.583735909822867,10.292538915727322,7.407407407407407,1.5163714439076759,3.0059044551798175,5.83064949006978,0.24154589371980675,0.10735373054213634,0.18115942028985507,,0.040257648953301126
168,,0.013419216317767043,8.507783145464305,35.07783145464305,29.904723564143854,9.943639291465379,6.696188942565755,1.4694041867954912,2.5161030595813205,5.260332796564681,0.24154589371980675,0.10735373054213634,0.2214170692431562,,0.040257648953301126
