,45,50,54,51,52,53,55,56,57,58,59
0,100.0,,,,,,,,,,
1,100.0,,,,,,,,,,
2,100.0,,,,,,,,,,
3,99.75174449812131,0.24825550187869028,,,,,,,,,
4,96.71229200214708,3.2877079978529253,,,,,,,,,
5,95.74610842726784,4.253891572732153,,,,,,,,,
6,93.9747718733226,6.025228126677402,,,,,,,,,
7,90.98899624261944,9.01100375738057,,,,,,,,,
8,82.15244229736983,17.847557702630166,,,,,,,,,
9,81.64251207729468,18.357487922705314,,,,,,,,,
10,74.04723564143853,25.95276435856146,,,,,,,,,
11,74.08749329039185,25.91250670960816,,,,,,,,,
12,73.68491680085883,26.31508319914117,,,,,,,,,
13,73.6983360171766,26.301663982823403,,,,,,,,,
14,73.70504562533549,26.154052603327965,0.14090177133655393,,,,,,,,
15,73.70504562533549,26.154052603327965,0.14090177133655393,,,,,,,,
16,73.29575952764358,26.147342995169083,0.12077294685990338,0.43612453032742887,,,,,,,
17,73.30917874396135,26.133923778851315,0.12077294685990338,0.43612453032742887,,,,,,,
18,73.3695652173913,26.073537305421365,0.12077294685990338,0.43612453032742887,,,,,,,
19,62.446323134728935,36.99677938808374,0.12077294685990338,0.43612453032742887,,,,,,,
20,57.1256038647343,40.22410091250671,0.12077294685990338,0.1274825550187869,2.4020397208803006,,,,,,
21,56.74986580783682,40.61325818572195,0.12077294685990338,0.1274825550187869,2.3886205045625335,,,,,,
22,46.772678475577024,37.59393451422437,0.12077294685990338,13.050187869028449,2.3886205045625335,0.07380568974771873,,,,,
23,44.927536231884055,39.45920558239399,0.12077294685990338,13.050187869028449,2.368491680085883,0.07380568974771873,,,,,
24,44.96779388083736,39.44578636607622,0.12077294685990338,13.023349436392914,2.368491680085883,0.07380568974771873,,,,,
25,45.02818035426731,39.398819108964034,0.12077294685990338,13.009930220075148,2.368491680085883,0.07380568974771873,,,,,
26,44.39747718733226,40.063070316693505,0.12077294685990338,12.97638217928073,2.368491680085883,0.07380568974771873,,,,,
27,44.18947933440687,34.62157809983897,0.12077294685990338,12.949543746645196,2.368491680085883,4.87788513150832,0.8722490606548577,,,,
28,44.35050993022008,34.5276435856146,0.12077294685990338,12.949543746645196,2.301395598497048,4.87788513150832,0.8722490606548577,,,,
29,44.437734836285564,34.46725711218465,0.12077294685990338,12.949543746645196,2.281266774020397,4.87788513150832,0.8655394524959742,,,,
30,37.265163714439076,41.57944176060118,0.12077294685990338,13.009930220075148,2.281266774020397,4.87788513150832,0.8655394524959742,,,,
31,37.33225979602791,41.52576489533011,0.5904455179817498,12.99651100375738,2.281266774020397,4.408212560386473,0.8655394524959742,,,,
32,37.486580783682236,41.34460547504026,0.5904455179817498,12.97638217928073,2.2611379495437465,4.408212560386473,0.9326355340848095,,,,
33,33.48094471282877,45.30327428878154,0.5904455179817498,12.084004294149223,1.6841116478797638,4.334406870638754,2.522812667740204,,,,
34,33.56816961889426,45.269726247987116,0.5904455179817498,12.04374664519592,1.6841116478797638,4.320987654320987,2.522812667740204,,,,
35,33.73590982286635,45.169082125603865,0.5904455179817498,11.996779388083736,1.6841116478797638,4.300858829844337,2.522812667740204,,,,
36,33.48094471282877,40.58641975308642,0.5904455179817498,16.720343531937736,1.6841116478797638,4.300858829844337,2.636876006441224,,,,
37,33.58829844337091,40.53274288781535,0.5367686527106817,16.720343531937736,1.6841116478797638,4.300858829844337,2.636876006441224,,,,
38,33.662104133118625,40.49248523886205,0.5367686527106817,16.700214707461082,1.6774020397208802,4.294149221685454,2.636876006441224,,,,
39,33.722490606548575,40.37842190016103,0.5367686527106817,16.418411164787976,1.6774020397208802,4.294149221685454,2.703972088030059,0.2683843263553409,,,
40,32.54830917874396,39.512882447665056,0.5367686527106817,18.491680085882983,1.6774020397208802,4.260601180891036,2.703972088030059,0.2683843263553409,,,
41,32.67579173376275,39.40552871712292,0.5166398282340311,18.431293612453032,1.6505636070853462,4.233762748255502,2.818035426731079,0.2683843263553409,,,
42,32.830112721417066,39.30488459473967,0.5166398282340311,18.38432635534085,1.6505636070853462,4.2270531400966185,2.818035426731079,0.2683843263553409,,,
43,32.88378958668814,38.425925925925924,0.48980139559849706,18.337359098228664,1.6505636070853462,5.12614063338701,2.818035426731079,0.2683843263553409,,,
44,32.88378958668814,37.835480407944175,0.48980139559849706,18.310520665593128,1.6505636070853462,5.743424584004294,2.818035426731079,0.2683843263553409,,,
45,32.971014492753625,37.78851315083199,0.48980139559849706,18.270263016639827,1.6505636070853462,5.743424584004294,2.818035426731079,0.2683843263553409,,,
46,33.15888352120236,37.62748255501879,0.48980139559849706,18.17632850241546,1.6505636070853462,5.743424584004294,2.885131508319914,0.2683843263553409,,,
47,33.24610842726785,37.5805152979066,0.48980139559849706,18.14278046162104,1.6505636070853462,5.736714975845411,2.885131508319914,0.2683843263553409,,,
48,33.3467525496511,37.533548040794415,0.48980139559849706,18.10252281266774,1.6505636070853462,5.723295759527644,2.885131508319914,0.2683843263553409,,,
49,31.548577563070317,39.88191089640365,0.48980139559849706,17.56575415995706,1.6371443907675791,5.723295759527644,2.885131508319914,0.2683843263553409,,,
50,31.696188942565755,39.734299516908216,0.48980139559849706,17.56575415995706,1.6371443907675791,5.723295759527644,2.885131508319914,0.2683843263553409,,,
51,24.61755233494364,41.646537842190014,0.48980139559849706,22.73215244229737,1.6371443907675791,5.723295759527644,2.885131508319914,0.2683843263553409,,,
52,24.758454106280194,41.51905528717123,0.48980139559849706,22.644927536231883,1.737788513150832,5.6964573268921095,2.885131508319914,0.2683843263553409,,,
53,24.852388620504563,41.51234567901235,0.8856682769726248,22.5577026301664,1.737788513150832,5.300590445517981,2.885131508319914,0.2683843263553409,,,
54,24.490069779924852,39.05662909286098,0.8856682769726248,25.53676865271068,1.7310789049919484,5.300590445517981,2.7308105206655933,0.2683843263553409,,,
55,24.550456253354803,38.97611379495437,0.8856682769726248,25.49651100375738,1.7310789049919484,5.300590445517981,2.791196994095545,0.2683843263553409,,,
56,22.624798711755233,41.639828234031135,0.8856682769726248,25.36231884057971,1.7310789049919484,5.300590445517981,2.187332259796028,0.2683843263553409,,,
57,22.79253891572732,41.47208803005905,0.8856682769726248,25.268384326355342,1.7176596886741815,5.300590445517981,2.2946859903381642,0.2683843263553409,,,
58,19.598765432098766,32.306763285024154,0.8856682769726248,37.795222758990874,1.7042404723564144,5.287171229200215,2.15378421900161,0.2683843263553409,,,
59,19.216317767042405,32.588566827697264,0.8856682769726248,37.66774020397209,1.7981749865807837,5.287171229200215,2.15378421900161,0.4025764895330113,,,
60,19.316961889425656,32.54830917874396,0.8856682769726248,37.60735373054214,1.7981749865807837,5.287171229200215,2.15378421900161,0.4025764895330113,,,
61,19.55179817498658,32.39398819108964,0.8856682769726248,37.567096081588836,1.7713365539452497,5.273752012882448,2.15378421900161,0.4025764895330113,,,
62,19.47799248523886,31.729736983360173,0.798443370907139,37.533548040794415,3.012614063338701,4.750402576489533,2.2946859903381642,0.4025764895330113,,,
63,18.417874396135264,33.09849704777241,0.0939345142243693,39.67391304347826,2.059849704777241,4.079441760601181,2.1739130434782608,0.4025764895330113,,,
64,18.63929146537842,33.011272141706925,0.0939345142243693,39.55984970477724,2.0397208803005906,4.079441760601181,2.1739130434782608,0.4025764895330113,,,
65,17.324208266237253,42.80730005367686,0.0939345142243693,31.34728931830381,2.3081052066559313,3.656736446591519,2.059849704777241,0.4025764895330113,,,
66,16.485507246376812,40.90848094471283,0.0939345142243693,28.549382716049383,9.017713365539452,1.7042404723564144,2.9723564143853998,0.2683843263553409,,,
67,16.659957058507782,40.80112721417069,0.0939345142243693,28.522544283413847,9.017713365539452,1.6774020397208802,2.9589371980676327,0.2683843263553409,,,
68,16.163446054750402,35.07112184648417,1.1607622114868492,27.469135802469136,15.405260332796564,1.556629092860977,2.9052603327965647,0.2683843263553409,,,
69,16.284219001610307,34.68867418142781,1.1607622114868492,27.455716586151368,15.405260332796564,1.6908212560386473,3.046162104133119,0.2683843263553409,,,
70,16.659957058507782,34.50751476113795,1.1607622114868492,27.28797638217928,15.391841116478798,1.6774020397208802,3.046162104133119,0.2683843263553409,,,
71,13.372249060654857,37.80193236714976,1.1607622114868492,27.2812667740204,15.391841116478798,1.6774020397208802,3.046162104133119,0.2683843263553409,,,
72,13.519860440150294,37.76167471819646,1.1607622114868492,27.147074610842726,15.33816425120773,1.6774020397208802,3.046162104133119,0.3488996242619431,,,
73,13.600375738056897,37.74825550187869,1.1607622114868492,27.13365539452496,15.304616210413311,1.6572732152442298,3.046162104133119,0.3488996242619431,,,
74,13.81508319914117,37.70799785292539,1.1607622114868492,26.69753086419753,15.190552871712292,1.6572732152442298,3.421900161030596,0.3488996242619431,,,
75,10.82259796027912,33.82984433709071,1.7444981213097155,35.69511540526033,12.084004294149223,1.4626945786366077,3.743961352657005,0.6172839506172839,,,
76,10.970209339774557,33.48094471282877,1.7444981213097155,35.66156736446592,12.077294685990339,1.4626945786366077,3.9855072463768115,0.6172839506172839,,,
77,11.064143853998926,33.48094471282877,1.7444981213097155,35.59447128287708,12.050456253354804,1.4626945786366077,3.9855072463768115,0.6172839506172839,,,
78,11.292270531400966,33.15888352120236,1.7444981213097155,35.09125067096082,11.990069779924852,1.4626945786366077,4.206924315619967,1.0534084809447128,,,
79,11.366076221148685,33.111916264090176,1.7444981213097155,35.07783145464305,11.976650563607086,1.4626945786366077,4.206924315619967,1.0534084809447128,,,
80,11.265432098765432,32.91733762748255,1.7444981213097155,35.03086419753087,12.325550187869029,1.4559849704777241,4.206924315619967,1.0534084809447128,,,
81,10.292538915727322,30.3743961352657,1.7444981213097155,41.40499194847021,9.272678475577026,1.4559849704777241,4.320987654320987,1.133923778851315,,,
82,9.749060654857756,27.314814814814813,1.1607622114868492,47.36312399355877,8.259527643585615,1.4559849704777241,3.4420289855072466,1.2546967257112185,,,
83,9.494095544820183,26.939076757917338,1.288244766505636,44.947665056360705,12.593934514224369,1.5767579173376274,2.2946859903381642,0.8655394524959742,,,
84,8.561460010735374,23.221953837895867,1.288244766505636,40.063070316693505,22.22222222222222,1.4559849704777241,2.2410091250670963,0.8655394524959742,0.08051529790660225,,
85,8.621846484165324,23.19511540526033,1.288244766505636,39.95571658615137,22.19538378958669,1.4559849704777241,2.2410091250670963,0.966183574879227,0.08051529790660225,,
86,8.76274825550188,23.13472893183038,1.288244766505636,39.87520128824477,22.19538378958669,1.4559849704777241,2.2410091250670963,0.966183574879227,0.08051529790660225,,
87,8.870101986044014,23.020665593129362,1.288244766505636,39.801395598497045,22.034353193773484,1.4559849704777241,2.2410091250670963,1.2412775093934514,0.04696725711218465,,
88,9.111647879763822,22.973698336017176,1.288244766505636,39.63365539452496,22.007514761137948,1.4559849704777241,2.2410091250670963,1.2412775093934514,0.04696725711218465,,
89,8.890230810520666,21.061460010735374,1.288244766505636,42.330917874396135,21.71900161030596,1.221148684916801,2.200751476113795,1.2412775093934514,0.04696725711218465,,
90,9.158615136876007,20.987654320987655,1.288244766505636,42.19672571121846,21.658615136876005,1.221148684916801,2.200751476113795,1.2412775093934514,0.04696725711218465,,
91,9.198872785829307,20.987654320987655,1.288244766505636,42.169887278582934,21.658615136876005,1.221148684916801,2.187332259796028,1.2412775093934514,0.04696725711218465,,
92,9.400161030595813,20.893719806763286,1.288244766505636,42.11621041331186,21.618357487922705,1.221148684916801,2.187332259796028,1.2278582930756843,0.04696725711218465,,
93,9.373322597960279,20.873590982286636,3.126677402039721,39.761137949543745,22.208803005904453,1.221148684916801,2.1604938271604937,1.2278582930756843,0.04696725711218465,,
94,9.426999463231347,20.8467525496511,3.126677402039721,39.741009125067094,22.20209339774557,1.221148684916801,2.1604938271604937,1.2278582930756843,0.04696725711218465,,
95,9.4873859366613,20.8467525496511,3.126677402039721,39.700751476113794,22.18196457326892,1.221148684916801,2.1604938271604937,1.2278582930756843,0.04696725711218465,,
96,9.628287707997853,20.833333333333332,3.126677402039721,39.64707461084273,22.108158883521202,1.221148684916801,2.1604938271604937,1.2278582930756843,0.04696725711218465,,
97,9.728931830381105,20.819914117015568,3.126677402039721,39.55984970477724,22.108158883521202,1.221148684916801,2.1604938271604937,1.2278582930756843,0.04696725711218465,,
98,9.856414385399892,20.7662372517445,2.9924852388620504,39.80810520665593,22.088030059044552,1.093666129898014,2.147074610842727,1.2010198604401503,0.04696725711218465,,
99,10.064412238325282,20.679012345679013,2.9924852388620504,39.71417069243156,22.061191626409016,1.093666129898014,2.147074610842727,1.2010198604401503,0.04696725711218465,,
100,10.158346752549651,20.652173913043477,2.9924852388620504,39.67391304347826,22.034353193773484,1.093666129898014,2.147074610842727,1.2010198604401503,0.04696725711218465,,
101,10.305958132045088,20.571658615136876,2.965646806226516,38.66747181964573,21.947128287707997,1.093666129898014,2.4154589371980677,1.9860440150295222,0.04696725711218465,,
102,10.205314009661835,19.404186795491142,2.9589371980676327,37.043746645195924,21.947128287707997,3.7238325281803544,2.4154589371980677,2.254428341384863,0.04696725711218465,,
103,10.34621578099839,19.216317767042405,2.952227589908749,36.87600644122383,21.91358024691358,3.878153515834675,2.4020397208803006,2.368491680085883,0.04696725711218465,,
104,10.48040794417606,19.202898550724637,2.952227589908749,36.83574879227053,21.89345142243693,3.8378958668813743,2.395330112721417,2.3617820719269993,0.040257648953301126,,
105,10.701825013419215,19.162640901771336,2.952227589908749,36.71497584541063,21.866612989801396,3.81105743424584,2.3886205045625335,2.3617820719269993,0.040257648953301126,,
106,10.63472893183038,19.0552871712292,1.3352120236178207,38.781535158346756,21.846484165324746,3.9720880300590444,2.3483628556092326,1.9860440150295222,0.040257648953301126,,
107,10.735373054213634,19.03515834675255,1.3352120236178207,38.7211486849168,21.826355340848096,3.9720880300590444,2.3483628556092326,1.9860440150295222,0.040257648953301126,,
108,10.393183038110575,18.706387546967257,1.3083735909822867,37.003488996242616,24.349168008588297,3.9049919484702094,2.3483628556092326,1.9457863660762211,0.040257648953301126,,
109,10.547504025764896,18.625872249060656,1.3083735909822867,36.99006977992485,24.349168008588297,3.878153515834675,2.3483628556092326,1.9122383252818036,0.040257648953301126,,
110,10.11808910359635,19.256575415995705,1.3083735909822867,35.40660225442834,26.482823403113258,3.5628019323671496,2.3483628556092326,1.4761137949543746,0.040257648953301126,,
111,9.936929683306495,18.50509930220075,1.3083735909822867,41.48550724637681,22.088030059044552,3.5628019323671496,1.596886741814278,1.4761137949543746,0.040257648953301126,,
112,10.144927536231885,18.357487922705314,1.3083735909822867,41.04938271604938,22.061191626409016,3.535963499731616,2.0799785292538915,1.4224369296833066,0.040257648953301126,,
113,10.25228126677402,18.344068706387546,1.3083735909822867,40.47906602254428,22.054482018250134,3.535963499731616,2.0799785292538915,1.90552871712292,0.040257648953301126,,
114,10.23215244229737,17.45169082125604,1.3083735909822867,39.54643048845947,21.571390230810522,5.615942028985507,2.0799785292538915,2.15378421900161,0.040257648953301126,,
115,10.299248523886206,17.444981213097154,1.3083735909822867,39.53301127214171,21.021202361782073,6.119162640901771,2.0799785292538915,2.15378421900161,0.040257648953301126,,
116,10.473698336017177,17.438271604938272,1.3083735909822867,39.452495974235106,20.974235104669887,6.078904991948471,2.0799785292538915,2.15378421900161,0.040257648953301126,,
117,10.721953837895867,17.404723564143854,1.3083735909822867,38.66747181964573,20.94068706387547,6.078904991948471,2.0799785292538915,2.757648953301127,0.040257648953301126,,
118,10.755501878690284,17.351046698872786,1.3016639828234031,38.0300590445518,20.819914117015568,6.078904991948471,2.3081052066559313,3.193773483628556,0.1610305958132045,,
119,10.829307568438002,17.20343531937735,1.737788513150832,37.97638217928073,20.511272141706925,6.078904991948471,2.3081052066559313,3.193773483628556,0.1610305958132045,,
120,10.903113258185721,16.720343531937736,2.254428341384863,37.895866881374126,20.497852925389157,6.078904991948471,2.2946859903381642,3.193773483628556,0.1610305958132045,,
121,10.86285560923242,16.129898013955984,4.3545356951154055,36.3593666129898,20.12211486849168,6.5485775630703165,2.2946859903381642,3.166935050993022,0.1610305958132045,,
122,10.88298443370907,15.92860976918948,4.253891572732153,36.3593666129898,20.40391841116479,6.5485775630703165,2.2946859903381642,3.166935050993022,0.1610305958132045,,
123,10.929951690821255,15.92860976918948,4.253891572732153,36.312399355877616,20.40391841116479,6.5485775630703165,2.2946859903381642,3.166935050993022,0.1610305958132045,,
124,10.990338164251208,15.92860976918948,4.253891572732153,36.25872249060655,20.37037037037037,6.508319914117015,2.2946859903381642,3.166935050993022,0.2281266774020397,,
125,11.084272678475577,15.868223295759528,4.253891572732153,35.849436392914654,20.35024154589372,6.488191089640365,2.7106816961889426,3.166935050993022,0.2281266774020397,,
126,11.225174449812132,15.868223295759528,4.2270531400966185,35.74208266237252,20.35024154589372,6.488191089640365,2.7106816961889426,3.1602254428341383,0.2281266774020397,,
127,11.151368760064413,15.619967793880837,5.340848094471283,32.9777241009125,22.24235104669887,6.447933440687064,3.3950617283950617,2.5966183574879227,0.2281266774020397,,
128,11.178207192699947,15.5126140633387,5.548845947396672,32.9777241009125,22.208803005904453,6.380837359098229,3.3682232957595275,2.5966183574879227,0.2281266774020397,,
129,10.466988727858293,14.694041867954912,4.985238862050457,39.700751476113794,20.055018786902846,4.3545356951154055,3.0059044551798175,2.576489533011272,0.1610305958132045,,
130,10.581052066559312,14.694041867954912,4.9718196457326895,39.66720343531938,20.00805152979066,4.3545356951154055,2.985775630703167,2.576489533011272,0.1610305958132045,,
131,10.534084809447128,14.620236178207193,4.891304347826087,34.01100375738057,26.113794954374665,4.106280193236715,2.985775630703167,2.576489533011272,0.1610305958132045,,
132,10.721953837895867,14.533011272141707,4.9718196457326895,33.943907675791735,25.999731615673646,4.106280193236715,2.985775630703167,2.576489533011272,0.1610305958132045,,
133,10.869565217391305,14.492753623188406,5.542136339237788,33.43397745571659,25.959473966720342,4.092860976918948,2.898550724637681,2.5496511003757383,0.1610305958132045,,
134,11.104401502952227,14.486044015029522,5.528717122920021,33.16559312936125,25.925925925925927,3.9452495974235107,2.898550724637681,2.6301663982823404,0.3153515834675255,,
135,11.272141706924316,13.882179280730005,5.528717122920021,32.6959205582394,25.885668276972623,4.522275899087493,2.844873859366613,3.0730005367686526,0.2952227589908749,,
136,11.513687600644122,13.882179280730005,5.528717122920021,32.53488996242619,25.81857219538379,4.522275899087493,2.831454643048846,3.0730005367686526,0.2952227589908749,,
137,11.66129898013956,13.855340848094471,5.515297906602254,32.45437466451959,25.791733762748255,4.522275899087493,2.831454643048846,3.0730005367686526,0.2952227589908749,,
138,11.030595813204508,13.519860440150294,4.951690821256038,36.090982286634464,23.275630703166936,4.522275899087493,3.240740740740741,3.0730005367686526,0.2952227589908749,,
139,11.285560923242082,13.506441223832528,4.951690821256038,35.97691894793344,23.18840579710145,4.4820182501341925,3.240740740740741,3.0730005367686526,0.2952227589908749,,
140,11.392914653784219,13.506441223832528,4.924852388620504,35.929951690821255,23.05421363392378,4.4820182501341925,3.240740740740741,3.0730005367686526,0.39586688137412773,,
141,11.493558776167472,13.506441223832528,4.924852388620504,35.829307568438004,23.05421363392378,4.4820182501341925,3.240740740740741,3.0730005367686526,0.39586688137412773,,
142,11.634460547504025,13.446054750402576,4.891304347826087,35.809178743961354,23.040794417606012,4.468599033816425,3.240740740740741,3.0730005367686526,0.39586688137412773,,
143,6.588835212023618,56.937734836285564,1.3486312399355878,14.17740203972088,8.957326892109501,7.669082125603865,1.6572732152442298,2.3886205045625335,0.27509393451422437,,
144,6.66935050993022,56.91089640365003,1.3486312399355878,14.150563607085346,8.943907675791733,7.6556629092860975,1.6572732152442298,2.3886205045625335,0.27509393451422437,,
145,6.977992485238862,56.62909286097692,1.4358561460010735,14.096886741814279,8.930488459473967,7.608695652173913,1.6572732152442298,2.3886205045625335,0.27509393451422437,,
146,7.159151905528717,56.50161030595813,1.4358561460010735,14.04320987654321,8.930488459473967,7.608695652173913,1.6572732152442298,2.3886205045625335,0.27509393451422437,,
147,7.239667203435319,56.454643048845945,1.415727321524423,14.029790660225443,8.930488459473967,7.608695652173913,1.6572732152442298,2.3886205045625335,0.27509393451422437,,
148,7.333601717659689,47.38996242619431,1.3888888888888888,13.989533011272142,17.03569511540526,7.608695652173913,1.6572732152442298,2.8918411164787976,0.7045088566827697,,
149,7.4006977992485234,46.826355340848096,1.3888888888888888,13.989533011272142,16.874664519592056,7.575147611379496,2.1604938271604937,2.8918411164787976,0.8923778851315083,,
150,7.689210950080516,46.73242082662372,1.3888888888888888,13.935856146001074,16.7337627482555,7.575147611379496,2.1604938271604937,2.8918411164787976,0.8923778851315083,,
151,7.87037037037037,46.61164787976382,1.3888888888888888,13.902308105206655,16.7337627482555,7.548309178743962,2.1604938271604937,2.8918411164787976,0.8923778851315083,,
152,7.991143317230274,46.544551798174986,1.3888888888888888,13.882179280730005,16.7337627482555,7.5348899624261945,2.1403650026838434,2.8918411164787976,0.8923778851315083,,
153,8.085077831454644,46.51100375738057,1.3888888888888888,13.855340848094471,16.70692431561997,7.5348899624261945,2.1403650026838434,2.885131508319914,0.8923778851315083,,
154,8.340042941492216,46.11513687600644,1.3888888888888888,13.741277509393452,16.659957058507782,7.5348899624261945,2.442297369833602,2.885131508319914,0.8923778851315083,,
155,8.467525496511003,46.041331186258724,1.3888888888888888,13.7211486849168,16.371443907675793,7.454374664519592,2.442297369833602,3.33467525496511,0.7112184648416533,0.06709608158883522,
156,8.662104133118627,46.0077831454643,1.3888888888888888,13.674181427804616,16.324476650563607,7.4006977992485234,2.428878153515835,3.33467525496511,0.7112184648416533,0.06709608158883522,
157,8.789586688137414,45.96081588835212,1.3888888888888888,13.66076221148685,16.27079978529254,7.387278582930757,2.428878153515835,3.33467525496511,0.7112184648416533,0.06709608158883522,
158,8.608427267847558,44.18947933440687,1.3888888888888888,12.795222758990874,19.37734836285561,7.387278582930757,2.1403650026838434,3.33467525496511,0.7112184648416533,0.06709608158883522,
159,8.735909822866345,44.176060118089104,1.3888888888888888,12.795222758990874,18.699677938808374,7.96430488459474,2.1403650026838434,3.321256038647343,0.7112184648416533,0.06709608158883522,
160,8.82313472893183,44.115673644659154,1.3888888888888888,12.795222758990874,18.686258722490606,7.96430488459474,2.13365539452496,3.3145464304884595,0.7112184648416533,0.06709608158883522,
161,8.876811594202898,44.10896403650027,1.3888888888888888,12.4597423510467,18.61916264090177,7.950885668276973,2.576489533011272,3.207192699946323,0.7447665056360708,0.06709608158883522,
162,8.997584541062801,44.04857756307032,1.3821792807300053,12.432903918411165,18.61916264090177,7.924047235641439,2.576489533011272,3.207192699946323,0.7447665056360708,0.06709608158883522,
163,9.078099838969404,43.86070853462158,1.4761137949543746,12.419484702093397,18.612453032742888,7.87037037037037,2.6637144390767578,3.207192699946323,0.7447665056360708,0.06709608158883522,
164,9.27938808373591,43.46484165324745,1.4761137949543746,12.392646269457863,18.55877616747182,7.856951154052603,2.952227589908749,3.207192699946323,0.7447665056360708,0.06709608158883522,
165,9.373322597960279,43.42458400429415,1.4761137949543746,12.392646269457863,18.53864734299517,7.856951154052603,2.932098765432099,3.193773483628556,0.7447665056360708,0.06709608158883522,
166,9.608158883521202,43.25684380032206,1.4761137949543746,12.392646269457863,18.5252281266774,7.830112721417069,2.932098765432099,3.166935050993022,0.7447665056360708,0.06709608158883522,
167,9.762479871175524,43.16961889425657,1.4761137949543746,12.359098228663447,18.491680085882983,7.830112721417069,2.932098765432099,3.166935050993022,0.7447665056360708,0.06709608158883522,
168,9.903381642512077,43.062265163714436,1.4761137949543746,12.345679012345679,18.491680085882983,7.830112721417069,2.9119699409554483,3.166935050993022,0.7447665056360708,0.06709608158883522,
169,10.064412238325282,42.901234567901234,1.4761137949543746,12.29200214707461,18.303811057434245,7.830112721417069,3.0193236714975846,3.321256038647343,0.7246376811594203,0.06709608158883522,
170,10.138217928073,42.8743961352657,1.4492753623188406,12.29200214707461,18.303811057434245,7.830112721417069,3.0193236714975846,3.3011272141706924,0.7246376811594203,0.06709608158883522,
171,10.305958132045088,42.72007514761138,1.4492753623188406,12.25174449812131,18.303811057434245,7.823403113258186,3.0595813204508855,3.294417606011809,0.7246376811594203,0.06709608158883522,
172,10.393183038110575,42.08266237251745,1.4492753623188406,12.25174449812131,18.250134192163177,7.823403113258186,3.6634460547504024,3.294417606011809,0.7246376811594203,0.06709608158883522,
173,10.513955984970478,42.05582393988191,1.3016639828234031,12.184648416532475,18.370907139023082,7.823403113258186,3.6634460547504024,3.294417606011809,0.7246376811594203,0.06709608158883522,
174,10.399892646269459,40.995705850778315,5.669618894256575,12.157809983896941,15.250939345142244,7.816693505099302,3.656736446591519,3.126677402039721,0.8588298443370908,0.06709608158883522,
175,10.527375201288244,40.92860976918948,5.669618894256575,12.097423510466989,15.250939345142244,7.816693505099302,3.656736446591519,3.126677402039721,0.8588298443370908,0.06709608158883522,
176,10.339506172839506,40.633387010198604,5.5689747718733225,15.123456790123457,13.043478260869565,7.769726247987117,3.603059581320451,3.113258185721954,0.7380568974771873,0.06709608158883522,
177,10.473698336017177,40.552871712292,5.5689747718733225,15.116747181964573,13.030059044551798,7.7361782071927,3.603059581320451,3.113258185721954,0.7380568974771873,0.06709608158883522,
178,10.601180891035963,40.39855072463768,5.5689747718733225,15.116747181964573,12.962962962962964,7.581857219538379,3.851315083199141,3.113258185721954,0.7380568974771873,0.06709608158883522,
179,10.695115405260333,40.11674718196457,5.5689747718733225,15.103327965646805,12.962962962962964,7.581857219538379,4.086151368760064,3.079710144927536,0.7380568974771873,0.06709608158883522,
180,10.829307568438002,39.93558776167472,5.528717122920021,15.076489533011273,12.942834138486312,7.581857219538379,4.2203435319377345,3.079710144927536,0.7380568974771873,0.06709608158883522,
181,10.983628556092324,38.81508319914117,5.528717122920021,15.03623188405797,12.875738056897477,7.581857219538379,5.293880837359098,3.079710144927536,0.7380568974771873,0.06709608158883522,
182,10.997047772410092,38.69431025228127,5.649490069779925,15.009393451422437,12.848899624261943,7.62211486849168,5.293880837359098,3.079710144927536,0.7380568974771873,0.06709608158883522,
183,10.25228126677402,30.387815351583466,3.1065485775630703,29.052603327965645,12.741545893719806,6.199677938808374,4.374664519592056,3.079710144927536,0.7380568974771873,0.06709608158883522,
184,10.292538915727322,30.360976918947934,3.1065485775630703,29.03918411164788,12.741545893719806,6.199677938808374,4.374664519592056,3.079710144927536,0.7380568974771873,0.06709608158883522,
185,10.44015029522276,30.314009661835748,3.1065485775630703,29.01905528717123,12.714707461084272,6.172839506172839,4.3478260869565215,3.079710144927536,0.7380568974771873,0.06709608158883522,
186,10.48040794417606,30.293880837359097,3.1065485775630703,28.77750939345142,12.714707461084272,6.172839506172839,4.3478260869565215,3.3011272141706924,0.7380568974771873,0.06709608158883522,
187,10.547504025764896,30.293880837359097,3.1065485775630703,28.683574879227052,12.446323134728932,6.166129898013956,4.3478260869565215,3.603059581320451,0.7380568974771873,0.06709608158883522,
188,10.836017176596886,30.005367686527105,3.1065485775630703,28.455448201825014,12.419484702093397,6.166129898013956,4.643048845947397,3.5628019323671496,0.7380568974771873,0.06709608158883522,
189,10.876274825550189,29.99194847020934,3.1065485775630703,28.442028985507246,12.419484702093397,6.166129898013956,4.643048845947397,3.549382716049383,0.7380568974771873,0.06709608158883522,
190,10.856146001073537,29.931561996779386,3.0931293612453032,27.428878153515836,12.352388620504563,6.629092860976919,4.643048845947397,4.260601180891036,0.7380568974771873,0.06709608158883522,
191,10.82259796027912,29.924852388620504,3.0931293612453032,27.38191089640365,12.130971551261407,6.629092860976919,4.643048845947397,4.569243156199678,0.7380568974771873,0.06709608158883522,
192,10.909822866344605,29.904723564143854,3.0931293612453032,27.375201288244767,12.097423510466989,6.629092860976919,4.643048845947397,4.549114331723027,0.7313472893183038,0.06709608158883522,
193,11.084272678475577,29.60950080515298,3.066290928609769,27.100107353730543,11.761943102522812,6.615673644659152,4.7101449275362315,5.253623188405797,0.7313472893183038,0.06709608158883522,
194,11.171497584541063,29.57595276435856,3.066290928609769,27.059849704777243,11.761943102522812,6.615673644659152,4.696725711218465,5.253623188405797,0.7313472893183038,0.06709608158883522,
195,11.198336017176597,28.743961352657006,3.180354267310789,26.81159420289855,11.58749329039184,6.615673644659152,5.703166935050993,5.360976918947934,0.7313472893183038,0.06709608158883522,
196,11.272141706924316,28.327965646806227,3.180354267310789,26.1808910359635,11.58749329039184,6.615673644659152,6.246645195920558,5.790391841116479,0.7313472893183038,0.06709608158883522,
197,11.292270531400966,26.77133655394525,4.656468062265164,26.174181427804616,11.58749329039184,6.615673644659152,6.340579710144928,5.763553408480945,0.7313472893183038,0.06709608158883522,
198,11.2788513150832,26.596886741814277,4.9718196457326895,26.147342995169083,11.58749329039184,6.541867954911433,6.3137412775093935,5.763553408480945,0.7313472893183038,0.06709608158883522,
199,11.453301127214171,26.48953301127214,4.958400429414922,26.113794954374665,11.41304347826087,6.515029522275899,6.3137412775093935,5.964841653247451,0.7112184648416533,0.06709608158883522,
200,11.520397208803006,26.44927536231884,4.944981213097155,26.100375738056897,11.41304347826087,6.515029522275899,6.3137412775093935,5.964841653247451,0.7112184648416533,0.06709608158883522,
201,11.627750939345143,26.41572732152442,4.944981213097155,26.073537305421365,11.41304347826087,6.515029522275899,6.3137412775093935,5.917874396135265,0.7112184648416533,0.06709608158883522,
202,11.829039184111648,26.301663982823403,4.944981213097155,26.019860440150296,11.406333870101985,6.515029522275899,6.3137412775093935,5.891035963499732,0.7112184648416533,0.06709608158883522,
203,11.963231347289318,26.288244766505635,4.944981213097155,25.91921631776704,11.399624261943103,6.515029522275899,6.3137412775093935,5.877616747181965,0.7112184648416533,0.06709608158883522,
204,12.06387546967257,26.221148684916802,4.944981213097155,25.89237788513151,11.399624261943103,6.515029522275899,6.3070316693505095,5.877616747181965,0.7112184648416533,0.06709608158883522,
205,12.338969404186795,26.133923778851315,4.944981213097155,25.684380032206118,11.386205045625335,6.515029522275899,6.253354804079442,5.964841653247451,0.7112184648416533,0.06709608158883522,
206,12.4597423510467,26.04669887278583,4.944981213097155,25.684380032206118,11.352657004830919,6.515029522275899,6.253354804079442,5.964841653247451,0.7112184648416533,0.06709608158883522,
207,12.587224906065487,26.02657004830918,4.944981213097155,25.51663982823403,11.325818572195384,6.501610305958132,6.253354804079442,6.0654857756307035,0.7112184648416533,0.06709608158883522,
208,12.842190016103059,25.91250670960816,4.931561996779388,25.469672571121848,11.131239935587761,6.501610305958132,6.239935587761675,6.0654857756307035,0.8387010198604401,0.06709608158883522,
209,12.969672571121846,25.825281803542673,4.924852388620504,25.462962962962962,11.131239935587761,6.501610305958132,6.213097155126141,6.0654857756307035,0.8387010198604401,0.06709608158883522,
210,13.117283950617283,25.758185721953836,4.797369833601718,25.429414922168544,11.07085346215781,6.642512077294686,6.213097155126141,6.0654857756307035,0.8387010198604401,0.06709608158883522,
211,13.22463768115942,25.449543746645197,4.797369833601718,25.201288244766506,11.044015029522276,6.602254428341385,6.709608158883521,6.0654857756307035,0.8387010198604401,0.06709608158883522,
212,13.613794954374665,25.181159420289855,4.797369833601718,25.127482555018787,11.044015029522276,6.602254428341385,6.696188942565755,6.031937734836285,0.8387010198604401,0.06709608158883522,
213,13.808373590982287,25.120772946859905,4.777241009125067,25.033548040794418,11.003757380568974,6.575415995705851,6.756575415995706,6.018518518518518,0.8387010198604401,0.06709608158883522,
214,13.882179280730005,25.0402576489533,4.918142780461621,24.724906065485776,11.003757380568974,6.541867954911433,6.749865807836822,6.233225979602791,0.8387010198604401,0.06709608158883522,
215,13.88888888888889,24.9597423510467,4.918142780461621,24.570585077831456,10.950080515297907,6.541867954911433,6.816961889425658,6.447933440687064,0.8387010198604401,0.06709608158883522,
216,14.070048309178745,24.67793880837359,4.918142780461621,24.349168008588297,10.889694041867955,6.474771873322598,7.051798174986581,6.662640901771336,0.8387010198604401,0.06709608158883522,
217,14.204240472356414,24.530327428878152,4.918142780461621,24.241814278046164,10.889694041867955,6.468062265163715,7.185990338164252,6.662640901771336,0.8319914117015567,0.06709608158883522,
218,14.257917337627482,24.516908212560388,4.918142780461621,24.20155662909286,10.748792270531402,6.468062265163715,7.179280730005368,6.662640901771336,0.9796027911969941,0.06709608158883522,
219,14.298174986580785,24.4296833064949,5.005367686527107,24.074074074074073,10.735373054213634,6.468062265163715,7.139023081052066,6.8035426731078905,0.9796027911969941,0.06709608158883522,
220,14.378690284487385,24.402844873859365,4.998658078368224,24.040526033279658,10.735373054213634,6.468062265163715,7.125603864734299,6.8035426731078905,0.9796027911969941,0.06709608158883522,
221,14.472624798711756,24.282071926999464,4.998658078368224,23.993558776167472,10.715244229736983,6.468062265163715,7.253086419753086,6.78341384863124,0.966183574879227,0.06709608158883522,
222,14.452495974235104,24.013687600644122,4.998658078368224,23.89291465378422,10.57434245840043,6.468062265163715,7.568438003220612,6.857219538378959,1.107085346215781,0.06709608158883522,
223,14.479334406870638,24.013687600644122,4.998658078368224,23.89291465378422,10.57434245840043,6.468062265163715,7.541599570585078,6.857219538378959,1.107085346215781,0.06709608158883522,
224,14.63365539452496,23.96672034353194,4.998658078368224,23.886205045625335,10.57434245840043,6.4412238325281805,7.48792270531401,6.837090713902308,1.107085346215781,0.06709608158883522,
225,14.774557165861514,23.53059581320451,6.957863660762212,22.322866344605476,10.540794417606012,6.4412238325281805,7.48792270531401,6.769994632313473,1.107085346215781,0.06709608158883522,
226,14.949006977992486,23.416532474503487,6.951154052603328,22.322866344605476,10.50053676865271,6.4412238325281805,7.474503488996243,6.769994632313473,1.107085346215781,0.06709608158883522,
227,14.982555018786902,23.416532474503487,6.951154052603328,22.322866344605476,10.466988727858293,6.4412238325281805,7.474503488996243,6.769994632313473,1.107085346215781,0.06709608158883522,
228,15.237520128824476,23.356146001073537,6.937734836285561,22.249060654857757,10.466988727858293,6.414385399892646,7.454374664519592,6.709608158883521,1.107085346215781,0.06709608158883522,
229,15.311325818572195,23.32259796027912,6.937734836285561,22.228931830381107,10.466988727858293,6.414385399892646,7.454374664519592,6.689479334406871,1.107085346215781,0.06709608158883522,
230,15.559581320450885,23.2085346215781,7.139023081052066,22.108158883521202,10.453569511540525,6.414385399892646,7.253086419753086,6.689479334406871,1.107085346215781,0.06709608158883522,
231,15.566290928609769,23.2085346215781,7.139023081052066,22.108158883521202,10.446859903381643,6.414385399892646,7.253086419753086,6.689479334406871,1.107085346215781,0.06709608158883522,
232,15.673644659151906,23.181696188942567,7.139023081052066,22.061191626409016,10.393183038110575,6.327160493827161,7.253086419753086,6.796833064949007,1.107085346215781,0.06709608158883522,
233,15.807836822329575,22.899892646269457,7.39398819108964,22.04777241009125,10.393183038110575,6.327160493827161,7.159151905528717,6.796833064949007,1.107085346215781,0.06709608158883522,
234,15.888352120236178,22.852925389157274,7.39398819108964,22.034353193773484,10.373054213633925,6.327160493827161,7.159151905528717,6.796833064949007,1.107085346215781,0.06709608158883522,
235,16.14331723027375,22.79253891572732,7.39398819108964,21.866612989801396,10.359634997316157,6.327160493827161,7.159151905528717,6.78341384863124,1.107085346215781,0.06709608158883522,
236,16.29092860976919,22.73886205045625,7.39398819108964,21.792807300053678,10.352925389157273,6.327160493827161,7.159151905528717,6.769994632313473,1.107085346215781,0.06709608158883522,
237,16.418411164787976,22.65834675254965,7.39398819108964,21.75925925925926,10.151637144390767,6.327160493827161,7.159151905528717,6.957863660762212,1.107085346215781,0.06709608158883522,
238,16.525764895330113,22.63150831991412,7.39398819108964,21.67874396135266,10.151637144390767,6.327160493827161,7.159151905528717,6.957863660762212,1.107085346215781,0.06709608158883522,
239,16.59286097691895,22.604669887278583,7.387278582930757,21.67874396135266,10.151637144390767,6.3070316693505095,7.159151905528717,6.944444444444445,1.107085346215781,0.06709608158883522,
240,16.6532474503489,22.591250670960815,7.387278582930757,21.67874396135266,10.151637144390767,6.3070316693505095,7.125603864734299,6.9310252281266775,1.107085346215781,0.06709608158883522,
241,16.800858829844337,22.5577026301664,7.360440150295223,21.598228663446054,10.151637144390767,6.300322061191626,7.125603864734299,6.9310252281266775,1.107085346215781,0.06709608158883522,
242,16.901502952227588,22.50402576489533,7.360440150295223,21.564680622651636,10.138217928073,6.300322061191626,7.125603864734299,6.9310252281266775,1.107085346215781,0.06709608158883522,
243,17.028985507246375,22.48389694041868,7.347020933977456,21.544551798174986,10.084541062801932,6.300322061191626,7.125603864734299,6.910896403650026,1.107085346215781,0.06709608158883522,
244,17.008856682769725,22.074610842726784,7.266505636070853,21.464036500268385,10.077831454643048,6.300322061191626,7.6556629092860975,6.977992485238862,1.107085346215781,0.06709608158883522,
