,45,50,51,52,55,54,53,56,57,58
0,98.68491680085883,1.3150831991411702,,,,,,,,
1,98.14814814814815,1.7310789049919484,0.12077294685990338,,,,,,,
2,97.6784755770263,2.200751476113795,0.12077294685990338,,,,,,,
3,87.3389694041868,12.5402576489533,0.12077294685990338,,,,,,,
4,87.27858293075684,12.600644122383253,0.12077294685990338,,,,,,,
5,86.38620504562533,12.392646269457863,0.12077294685990338,1.1003757380568975,,,,,,
6,85.19860440150295,13.58695652173913,0.11406333870101985,1.1003757380568975,,,,,,
7,84.75577026301664,11.708266237251744,3.4151905528717124,0.12077294685990338,,,,,,
8,84.61486849168008,11.849168008588299,3.4151905528717124,0.12077294685990338,,,,,,
9,84.65512614063339,11.808910359634996,3.4151905528717124,0.12077294685990338,,,,,,
10,83.05152979066023,13.41250670960816,3.4151905528717124,0.12077294685990338,,,,,,
11,83.08507783145464,13.41250670960816,3.140096618357488,0.12077294685990338,0.24154589371980675,,,,,
12,82.4476650563607,14.049919484702093,3.140096618357488,0.12077294685990338,0.24154589371980675,,,,,
13,82.38056897477188,14.002952227589908,3.2541599570585076,0.12077294685990338,0.24154589371980675,,,,,
14,82.1658615136876,13.922436929683306,3.549382716049383,0.12077294685990338,0.24154589371980675,,,,,
15,80.40794417606011,12.506709608158884,6.723027375201288,0.12077294685990338,0.24154589371980675,,,,,
16,80.34755770263017,12.567096081588835,6.723027375201288,0.12077294685990338,0.24154589371980675,,,,,
17,77.58319914117016,15.331454643048845,6.723027375201288,0.12077294685990338,0.24154589371980675,,,,,
18,74.2216854535695,17.599302200751477,7.937466451959206,,0.24154589371980675,,,,,
19,72.66505636070853,18.914385399892645,7.917337627482555,0.2616747181964573,0.24154589371980675,,,,,
20,60.23215244229737,32.94417606011809,6.078904991948471,0.7380568974771873,0.0067096081588835215,,,,,
21,60.14492753623188,33.05823939881911,6.052066559312936,0.7380568974771873,0.0067096081588835215,,,,,
22,60.07783145464305,32.9777241009125,6.052066559312936,0.7380568974771873,0.0067096081588835215,0.14761137949543746,,,,
23,59.75577026301664,33.1857219538379,6.166129898013956,0.7380568974771873,0.0067096081588835215,0.14761137949543746,,,,
24,59.47396672034353,33.467525496511,6.166129898013956,0.7380568974771873,0.0067096081588835215,0.14761137949543746,,,,
25,58.48094471282877,34.46054750402576,6.166129898013956,0.7380568974771873,0.0067096081588835215,0.14761137949543746,,,,
26,58.373590982286636,34.312936124530324,6.166129898013956,0.7380568974771873,0.0067096081588835215,0.4025764895330113,,,,
27,55.01878690284487,37.68115942028985,6.152710681696189,0.7380568974771873,0.0067096081588835215,0.4025764895330113,,,,
28,55.08588298443371,37.2987117552335,6.152710681696189,1.093666129898014,0.0067096081588835215,0.36231884057971014,,,,
29,54.54240472356415,37.815351583467525,6.052066559312936,1.093666129898014,0.13419216317767044,0.36231884057971014,,,,
30,53.4621578099839,38.89559849704777,6.052066559312936,1.093666129898014,0.13419216317767044,0.36231884057971014,,,,
31,50.677670424047236,41.680085882984436,6.052066559312936,1.093666129898014,0.13419216317767044,0.36231884057971014,,,,
32,50.7313472893183,41.646537842190014,6.038647342995169,1.093666129898014,0.13419216317767044,0.35560923242082665,,,,
33,50.878958668813745,41.49892646269458,6.038647342995169,1.093666129898014,0.13419216317767044,0.35560923242082665,,,,
34,50.4092860976919,41.968599033816425,6.038647342995169,1.093666129898014,0.13419216317767044,0.35560923242082665,,,,
35,49.946323134728935,41.0829307568438,5.314009661835748,3.166935050993022,0.13419216317767044,0.35560923242082665,,,,
36,48.168276972624795,42.53220611916264,5.018786902844874,3.307836822329576,0.6172839506172839,0.35560923242082665,,,,
37,47.436929683306495,43.263553408480945,5.018786902844874,3.307836822329576,0.6172839506172839,0.35560923242082665,,,,
38,41.33118625872249,49.3894256575416,4.998658078368224,3.307836822329576,0.6172839506172839,0.35560923242082665,,,,
39,39.378690284487384,51.34192163177671,4.998658078368224,3.307836822329576,0.6172839506172839,0.35560923242082665,,,,
40,39.36527106816962,51.17418142780462,4.757112184648417,3.435319377348363,0.9125067096081588,0.35560923242082665,,,,
41,39.210950080515296,50.89237788513151,5.193236714975845,3.435319377348363,0.9125067096081588,0.35560923242082665,,,,
42,39.110305958132045,50.59044551798175,5.179817498658078,3.435319377348363,0.9125067096081588,0.33548040794417605,0.43612453032742887,,,
43,39.07675791733763,49.53703703703704,5.146269457863661,3.435319377348363,0.9125067096081588,0.33548040794417605,1.556629092860977,,,
44,38.60708534621578,49.932903918411164,5.146269457863661,3.3145464304884595,0.9125067096081588,0.33548040794417605,1.751207729468599,,,
45,38.137412775093935,50.48309178743961,5.146269457863661,3.4017713365539453,0.7447665056360708,0.33548040794417605,1.751207729468599,,,
46,38.197799248523886,50.18115942028985,5.246913580246914,3.4017713365539453,0.8856682769726248,0.33548040794417605,1.751207729468599,,,
47,37.513419216317764,50.3690284487386,5.052334943639291,3.3950617283950617,0.8856682769726248,0.8387010198604401,1.9457863660762211,,,
48,35.94337090713902,51.16747181964573,6.239935587761675,3.2541599570585076,0.8856682769726248,0.630703166935051,1.8786902844873858,,,
49,36.09769189479334,50.77831454643049,6.125872249060655,3.515834675254965,0.9997316156736447,0.6038647342995169,1.8786902844873858,,,
50,36.191626409017715,50.68438003220612,6.125872249060655,3.515834675254965,0.9997316156736447,0.6038647342995169,1.8786902844873858,,,
51,34.044551798174986,50.10735373054214,5.776972624798712,6.588835212023618,0.9997316156736447,0.6038647342995169,1.8786902844873858,,,
52,33.17901234567901,48.38298443370907,6.052066559312936,8.964036500268385,0.9997316156736447,0.6038647342995169,1.8183038110574343,,,
53,31.5955448201825,48.90633387010199,7.139023081052066,8.964036500268385,0.9997316156736447,0.6038647342995169,1.7914653784219001,,,
54,30.615942028985508,50.08722490606549,6.984702093397746,8.917069243156199,0.9997316156736447,0.6038647342995169,1.7914653784219001,,,
55,30.461621041331185,49.8389694041868,7.4141170155662905,8.890230810520666,0.9997316156736447,0.6038647342995169,1.7914653784219001,,,
56,30.56226516371444,49.75845410628019,7.39398819108964,8.890230810520666,0.9997316156736447,0.6038647342995169,1.7914653784219001,,,
57,30.595813204508858,49.724906065485776,7.39398819108964,8.890230810520666,0.9997316156736447,0.6038647342995169,1.7914653784219001,,,
58,30.475040257648953,49.84567901234568,7.39398819108964,8.890230810520666,0.9997316156736447,0.6038647342995169,1.7914653784219001,,,
59,30.159688674181428,48.470209339774556,8.876811594202898,8.78287707997853,0.8789586688137413,0.6172839506172839,2.214170692431562,,,
60,30.280461621041333,48.40311325818572,8.863392377885132,8.776167471819646,0.8454106280193237,0.6172839506172839,2.214170692431562,,,
61,30.193236714975846,48.05421363392378,8.756038647342995,9.373322597960279,0.8454106280193237,0.7045088566827697,2.073268921095008,,,
62,30.18652710681696,48.027375201288244,8.756038647342995,9.333064949006978,0.9192163177670424,0.7045088566827697,2.073268921095008,,,
63,29.502147074610843,48.70504562533548,8.588298443370908,9.306226516371444,0.9192163177670424,0.7045088566827697,2.2745571658615136,,,
64,29.582662372517444,48.68491680085883,8.55475040257649,9.27938808373591,0.9192163177670424,0.7045088566827697,2.2745571658615136,,,
65,29.51556629092861,47.89318303811057,8.514492753623188,10.319377348362856,0.9192163177670424,0.7045088566827697,2.13365539452496,,,
66,29.602791196994094,47.88647342995169,8.494363929146537,10.319377348362856,0.8990874932903918,0.6642512077294686,2.13365539452496,,,
67,29.643048845947398,47.779119699409556,8.494363929146537,10.413311862587225,0.8990874932903918,0.6642512077294686,2.1068169618894257,,,
68,29.73027375201288,47.698604401502955,8.487654320987655,10.413311862587225,0.8990874932903918,0.6642512077294686,2.1068169618894257,,,
69,29.320987654320987,46.745840042941495,9.896672034353195,10.091250670960816,1.1876006441223832,0.6642512077294686,2.0933977455716586,,,
70,27.945517981749866,47.738862050456255,9.842995169082126,10.091250670960816,1.1741814278046163,1.133923778851315,2.073268921095008,,,
71,27.79790660225443,46.61835748792271,10.050993022007514,11.044015029522276,1.1741814278046163,1.133923778851315,2.1806226516371443,,,
72,27.87842190016103,46.584809447128286,10.050993022007514,11.037305421363392,1.133923778851315,1.133923778851315,2.1806226516371443,,,
73,28.099838969404185,46.43719806763285,10.050993022007514,10.963499731615673,1.133923778851315,1.133923778851315,2.1806226516371443,,,
74,26.288244766505635,44.65915190552872,14.002952227589908,10.789049919484702,1.133923778851315,1.107085346215781,2.01959205582394,,,
75,21.007783145464305,52.55636070853462,10.064412238325282,10.218733225979603,1.0064412238325282,0.8856682769726248,4.260601180891036,,,
76,20.632045088566827,52.75093934514224,9.460547504025765,10.809178743961352,1.0064412238325282,0.8856682769726248,4.455179817498658,,,
77,20.75281803542673,52.67042404723564,9.433709071390231,10.715244229736983,1.0064412238325282,0.966183574879227,4.455179817498658,,,
78,20.564949006977994,52.91867954911433,9.044551798174986,10.339506172839506,1.0064412238325282,0.966183574879227,5.159688674181428,,,
79,20.52469135802469,52.91196994095545,9.044551798174986,10.38647342995169,1.0064412238325282,0.966183574879227,5.159688674181428,,,
80,20.02818035426731,53.556092324208265,9.03113258185722,10.25228126677402,1.0064412238325282,0.966183574879227,5.159688674181428,,,
81,20.209339774557165,53.09983896940419,9.004294149221685,10.581052066559312,1.0064412238325282,0.966183574879227,5.132850241545894,,,
82,20.189210950080515,52.83816425120773,9.333064949006978,10.567632850241546,1.0064412238325282,0.966183574879227,5.0993022007514766,,,
83,19.95437466451959,52.274557165861516,9.306226516371444,10.567632850241546,1.596886741814278,0.966183574879227,5.3341384863123995,,,
84,20.04830917874396,51.972624798711756,9.265968867418144,10.547504025764896,1.596886741814278,1.2345679012345678,5.3341384863123995,,,
85,20.101986044015028,51.95920558239399,9.225711218464841,10.547504025764896,1.596886741814278,1.2345679012345678,5.3341384863123995,,,
86,20.189210950080515,51.918947933440684,9.212292002147075,10.513955984970478,1.596886741814278,1.2345679012345678,5.3341384863123995,,,
87,19.41760601180891,48.09447128287708,10.735373054213634,10.319377348362856,2.818035426731079,1.2345679012345678,7.380568974771873,,,
88,19.47128287707998,48.060923242082666,10.72866344605475,9.936929683306495,3.193773483628556,1.2345679012345678,7.37385936661299,,,
89,19.57192699946323,48.00053676865271,10.721953837895867,9.936929683306495,3.1736446591519054,1.221148684916801,7.37385936661299,,,
90,19.122383252818036,48.87949543746645,10.466988727858293,9.802737520128824,3.1736446591519054,1.221148684916801,7.333601717659689,,,
91,19.202898550724637,48.7385936661299,10.46027911969941,9.742351046698873,3.207192699946323,1.3150831991411702,7.333601717659689,,,
92,19.310252281266774,48.64465915190553,10.36634460547504,9.742351046698873,3.207192699946323,1.3419216317767042,7.387278582930757,,,
93,19.37734836285561,48.611111111111114,10.36634460547504,9.71551261406334,3.207192699946323,1.3419216317767042,7.380568974771873,,,
94,19.565217391304348,48.47691894793344,10.238862050456254,9.71551261406334,3.207192699946323,1.328502415458937,7.353730542136339,0.11406333870101985,,
95,19.538378958668815,47.85292538915727,11.258722490606548,9.366612989801396,3.207192699946323,1.2748255501878691,7.286634460547504,0.11406333870101985,0.10064412238325282,
96,19.719538378958667,47.67176596886742,11.258722490606548,9.366612989801396,3.207192699946323,1.2748255501878691,7.286634460547504,0.11406333870101985,0.10064412238325282,
97,19.887278582930758,46.73242082662372,11.225174449812132,9.346484165324744,4.032474503488996,1.2748255501878691,7.286634460547504,0.11406333870101985,0.10064412238325282,
98,19.93424584004294,46.69216317767042,11.030595813204508,9.346484165324744,4.032474503488996,1.2748255501878691,7.474503488996243,0.11406333870101985,0.10064412238325282,
99,18.54535695115405,45.63875469672571,13.258185721953838,9.212292002147075,4.139828234031133,1.2748255501878691,7.7898550724637685,0.040257648953301126,0.10064412238325282,
100,18.666129898013956,45.491143317230275,13.258185721953838,9.198872785829307,4.180085882984434,1.2748255501878691,7.7898550724637685,0.040257648953301126,0.10064412238325282,
101,18.63929146537842,44.12238325281803,13.238056897477188,9.198872785829307,5.595813204508857,1.2748255501878691,7.7898550724637685,0.040257648953301126,0.10064412238325282,
102,18.746645195920557,44.06199677938808,13.238056897477188,9.172034353193773,5.595813204508857,1.2748255501878691,7.769726247987117,0.040257648953301126,0.10064412238325282,
103,18.38432635534085,43.73322597960279,13.828502415458937,9.111647879763822,5.173107890499195,1.8853998926462694,7.742887815351583,0.040257648953301126,0.10064412238325282,
104,18.4849704777241,43.585614600107355,13.828502415458937,9.064680622651638,5.146269457863661,2.01959205582394,7.729468599033816,0.040257648953301126,0.10064412238325282,
105,17.733494363929147,41.25067096081589,21.202361782071925,8.890230810520666,4.461889425657541,2.0128824476650564,4.30756843800322,0.040257648953301126,0.10064412238325282,
106,17.632850241545892,40.33816425120773,21.155394524959743,8.890230810520666,3.616478797638218,2.0128824476650564,6.213097155126141,0.040257648953301126,0.10064412238325282,
107,17.69994632313473,40.29790660225443,21.155394524959743,8.863392377885132,3.616478797638218,2.0128824476650564,6.213097155126141,0.040257648953301126,0.10064412238325282,
108,17.59259259259259,39.42565754159957,22.034353193773484,8.984165324745035,3.616478797638218,2.0128824476650564,6.1929683306494905,0.040257648953301126,0.10064412238325282,
109,17.726784755770264,39.32501341921632,21.812936124530328,8.984165324745035,3.616478797638218,2.0128824476650564,6.380837359098229,0.040257648953301126,0.10064412238325282,
110,17.780461621041333,39.18411164787977,21.69887278582931,8.957326892109501,3.616478797638218,2.0128824476650564,6.608964036500268,0.040257648953301126,0.10064412238325282,
111,17.860976918947934,39.13714439076758,21.672034353193773,8.943907675791733,3.6500268384326353,2.0128824476650564,6.582125603864735,0.040257648953301126,0.10064412238325282,
112,17.96833064949007,39.02308105206656,21.497584541062803,8.501073537305421,4.159957058507783,2.1403650026838434,6.568706387546968,0.040257648953301126,0.10064412238325282,
113,18.04884594739667,37.64090177133655,21.410359634997317,8.494363929146537,5.555555555555555,2.1403650026838434,6.568706387546968,0.040257648953301126,0.10064412238325282,
114,17.814009661835748,36.72168545356951,22.108158883521202,8.494363929146537,5.555555555555555,2.5966183574879227,6.568706387546968,0.040257648953301126,0.10064412238325282,
115,17.827428878153516,36.45330112721417,22.10144927536232,8.494363929146537,5.35426731078905,2.2410091250670963,7.387278582930757,0.040257648953301126,0.10064412238325282,
116,17.800590445517983,36.39291465378422,22.08132045088567,8.494363929146537,5.3274288781535155,2.2410091250670963,7.521470746108427,0.040257648953301126,0.10064412238325282,
117,17.860976918947934,35.49382716049383,22.79253891572732,8.3064949006978,5.320719269994632,2.1068169618894257,7.977724100912507,0.040257648953301126,0.10064412238325282,
118,18.089103596349972,35.20531400966183,22.725442834138487,8.829844337090714,5.226784755770263,2.1068169618894257,7.675791733762749,0.040257648953301126,0.10064412238325282,
119,16.78743961352657,38.39237788513151,20.96081588835212,8.816425120772946,5.629361245303274,2.1068169618894257,7.1658615136876005,0.040257648953301126,0.10064412238325282,
120,16.867954911433173,38.37224906065486,20.9272678475577,8.816425120772946,5.629361245303274,2.1068169618894257,7.139023081052066,0.040257648953301126,0.10064412238325282,
121,16.861245303274288,38.33199141170156,20.9272678475577,8.816425120772946,5.629361245303274,2.1068169618894257,7.185990338164252,0.040257648953301126,0.10064412238325282,
122,16.358024691358025,37.21148684916801,23.2085346215781,8.816425120772946,5.58239398819109,1.9860440150295222,6.696188942565755,0.040257648953301126,0.10064412238325282,
123,16.485507246376812,37.17122920021471,23.17498658078368,8.796296296296296,5.5756843800322065,1.9592055823939882,6.696188942565755,0.040257648953301126,0.10064412238325282,
124,16.532474503488995,37.0101986044015,23.00053676865271,8.796296296296296,5.649490069779925,2.1739130434782608,6.696188942565755,0.040257648953301126,0.10064412238325282,
125,16.391572732152444,36.882716049382715,22.899892646269457,8.76274825550188,5.662909286097692,2.1739130434782608,7.085346215780999,0.040257648953301126,0.10064412238325282,
126,15.693773483628556,33.662104133118625,24.000268384326354,13.211218464841654,4.750402576489533,1.8451422436929683,6.696188942565755,0.040257648953301126,0.10064412238325282,
127,15.640096618357488,33.21926999463231,23.866076221148685,13.345410628019323,5.226784755770263,2.2879763821792807,6.273483628556092,0.040257648953301126,0.10064412238325282,
128,15.693773483628556,33.21926999463231,23.8191089640365,13.345410628019323,5.226784755770263,2.2879763821792807,6.266774020397209,0.040257648953301126,0.10064412238325282,
129,15.942028985507246,33.01798174986581,23.65136876006441,13.331991411701557,5.226784755770263,2.2879763821792807,6.266774020397209,0.17444981213097155,0.10064412238325282,
130,16.089640365002683,32.84353193773484,23.60440150295223,13.331991411701557,5.776972624798712,2.1940418679549114,5.884326355340848,0.17444981213097155,0.10064412238325282,
131,16.13660762211487,32.729468599033815,23.15485775630703,13.942565754159958,5.776972624798712,2.1940418679549114,5.884326355340848,0.08051529790660225,0.10064412238325282,
132,16.29092860976919,32.66237251744498,23.141438539989263,13.90901771336554,5.709876543209877,2.187332259796028,5.850778314546431,0.14761137949543746,0.10064412238325282,
133,16.53918411164788,32.60198604401503,23.020665593129362,13.855340848094471,5.709876543209877,2.1739130434782608,5.850778314546431,0.14761137949543746,0.10064412238325282,
134,16.639828234031132,32.588566827697264,22.96027911969941,13.841921631776705,5.709876543209877,2.1739130434782608,5.837359098228664,0.14761137949543746,0.10064412238325282,
135,16.71363392377885,32.11218464841653,22.913311862587225,13.7211486849168,5.709876543209877,2.7442297369833604,5.837359098228664,0.14761137949543746,0.10064412238325282,
136,16.834406870638755,31.427804616210413,22.879763821792807,14.667203435319378,5.649490069779925,2.7442297369833604,5.548845947396672,0.14761137949543746,0.10064412238325282,
137,16.854535695115406,30.897745571658614,22.745571658615138,14.640365002683843,6.1862587224906065,2.7442297369833604,5.71658615136876,0.11406333870101985,0.10064412238325282,
138,16.398282340311326,30.19994632313473,26.053408480944714,13.009930220075148,6.105743424584004,2.4825550187869028,5.589103596349974,0.11406333870101985,0.04696725711218465,
139,16.451959205582394,30.08588298443371,25.87224906065486,13.009930220075148,6.072195383789587,2.395330112721417,5.844068706387547,0.2214170692431562,0.04696725711218465,
140,16.485507246376812,30.06575415995706,25.87224906065486,13.009930220075148,6.0587761674718195,2.395330112721417,5.844068706387547,0.2214170692431562,0.04696725711218465,
141,16.59286097691895,29.97181964573269,25.731347289318304,12.902576489533011,6.0587761674718195,2.6704240472356413,5.803811057434245,0.2214170692431562,0.04696725711218465,
142,16.492216854535695,29.448470209339774,25.939345142243692,12.869028448738593,6.052066559312936,2.6704240472356413,6.146001073537305,0.33548040794417605,0.04696725711218465,
143,16.659957058507782,29.347826086956523,25.91250670960816,12.828770799785293,6.052066559312936,2.6704240472356413,6.146001073537305,0.33548040794417605,0.04696725711218465,
144,16.800858829844337,29.294149221685455,25.845410628019323,12.741545893719806,6.052066559312936,2.6704240472356413,6.213097155126141,0.33548040794417605,0.04696725711218465,
145,17.03569511540526,29.28743961352657,25.764895330112722,12.593934514224369,6.052066559312936,2.6704240472356413,6.213097155126141,0.33548040794417605,0.04696725711218465,
146,17.122920021470748,29.139828234031132,25.697799248523886,12.587224906065487,6.1862587224906065,2.6704240472356413,6.213097155126141,0.33548040794417605,0.04696725711218465,
147,16.532474503488995,27.469135802469136,25.5300590445518,15.45222758990875,5.139559849704777,2.6704240472356413,6.890767579173376,0.2683843263553409,0.04696725711218465,
148,16.800858829844337,27.408749329039185,25.11406333870102,15.801127214170693,5.059044551798175,2.61003757380569,6.890767579173376,0.2683843263553409,0.04696725711218465,
149,16.854535695115406,27.26784755770263,25.07380568974772,15.794417606011809,5.059044551798175,2.61003757380569,7.024959742351046,0.2683843263553409,0.04696725711218465,
150,16.935050993022006,27.220880300590444,25.0402576489533,15.687063875469672,5.025496511003757,2.61003757380569,7.018250134192163,0.41599570585077833,0.04696725711218465,
151,16.928341384863124,27.086688137412775,24.84567901234568,15.666935050993022,5.025496511003757,2.61003757380569,7.37385936661299,0.41599570585077833,0.04696725711218465,
152,17.01556629092861,27.073268921095007,24.832259796027913,15.626677402039721,5.025496511003757,2.61003757380569,7.353730542136339,0.41599570585077833,0.04696725711218465,
153,16.955179817498657,27.49597423510467,24.570585077831456,15.626677402039721,5.025496511003757,2.5966183574879227,7.266505636070853,0.41599570585077833,0.04696725711218465,
154,16.99543746645196,27.375201288244767,24.56387546967257,15.60654857756307,5.025496511003757,2.717391304347826,7.253086419753086,0.41599570585077833,0.04696725711218465,
155,17.11621041331186,27.361782071927,24.496779388083738,15.60654857756307,5.018786902844874,2.717391304347826,7.219538378958669,0.41599570585077833,0.04696725711218465,
156,17.08937198067633,26.764626945786365,24.490069779924852,15.861513687600644,5.394524959742351,2.717391304347826,7.219538378958669,0.41599570585077833,0.04696725711218465,
157,17.297369833601717,26.744498121309714,24.3894256575416,15.861513687600644,5.394524959742351,2.6637144390767578,7.185990338164252,0.41599570585077833,0.04696725711218465,
158,17.062533548040793,26.992753623188406,24.382716049382715,15.861513687600644,5.394524959742351,2.6637144390767578,7.179280730005368,0.41599570585077833,0.04696725711218465,
159,17.07595276435856,26.737788513150832,24.268652710681696,15.861513687600644,5.60252281266774,2.6637144390767578,7.139023081052066,0.6038647342995169,0.04696725711218465,
160,17.09608158883521,26.617015566290927,24.02710681696189,15.827965646806227,5.60252281266774,2.15378421900161,8.024691358024691,0.6038647342995169,0.04696725711218465,
161,16.049382716049383,28.18035426731079,23.66478797638218,15.673644659151906,5.60252281266774,2.15378421900161,8.024691358024691,0.6038647342995169,0.04696725711218465,
162,16.210413311862588,28.113258185721953,23.61111111111111,15.633387010198604,5.60252281266774,2.15378421900161,8.024691358024691,0.6038647342995169,0.04696725711218465,
163,16.27750939345142,28.06629092860977,23.61111111111111,15.613258185721953,5.60252281266774,2.15378421900161,8.024691358024691,0.6038647342995169,0.04696725711218465,
164,16.458668813741276,27.965646806226516,23.60440150295223,15.49248523886205,5.60252281266774,2.26784755770263,7.997852925389157,0.5636070853462157,0.04696725711218465,
165,16.51905528717123,27.938808373590984,23.55072463768116,14.667203435319378,5.595813204508857,2.26784755770263,7.997852925389157,0.5636070853462157,0.8990874932903918,
166,16.59286097691895,27.925389157273216,23.523886205045624,14.63365539452496,5.595813204508857,2.26784755770263,7.997852925389157,0.5636070853462157,0.8990874932903918,
167,16.659957058507782,27.77777777777778,22.893183038110575,14.553140096618357,5.8239398819108965,2.26784755770263,8.561460010735374,0.5636070853462157,0.8990874932903918,
168,16.82769726247987,27.677133655394524,22.604669887278583,14.553140096618357,5.703166935050993,2.26784755770263,8.917069243156199,0.5501878690284487,0.8990874932903918,
169,16.854535695115406,27.65029522275899,22.604669887278583,14.553140096618357,5.703166935050993,2.26784755770263,8.917069243156199,0.5501878690284487,0.8990874932903918,
170,16.458668813741276,26.78475577026302,24.59742351046699,14.17740203972088,5.864197530864198,2.2611379495437465,8.413848631239935,0.5434782608695652,0.8990874932903918,
171,16.525764895330113,26.764626945786365,24.57729468599034,14.150563607085346,5.864197530864198,2.2611379495437465,8.413848631239935,0.5434782608695652,0.8990874932903918,
172,16.525764895330113,26.717659688674182,24.50348899624262,14.150563607085346,5.870907139023081,2.3886205045625335,8.400429414922169,0.5434782608695652,0.8990874932903918,
173,15.975577026301664,26.167471819645733,27.053140096618357,13.331991411701557,5.797101449275362,1.9927536231884058,8.266237251744498,0.5166398282340311,0.8990874932903918,
174,16.009125067096083,26.147342995169083,27.03972088030059,13.331991411701557,5.797101449275362,1.9927536231884058,8.266237251744498,0.5166398282340311,0.8990874932903918,
175,15.868223295759528,25.49651100375738,27.03972088030059,13.311862587224907,6.796833064949007,1.9726247987117553,8.09849704777241,0.5166398282340311,0.8990874932903918,
176,15.935319377348362,25.49651100375738,26.986044015029524,13.023349436392914,6.796833064949007,1.9726247987117553,8.09849704777241,0.5166398282340311,1.1741814278046163,
177,15.780998389694043,24.718196457326894,27.100107353730543,13.493022007514762,7.675791733762749,1.9726247987117553,7.568438003220612,0.5166398282340311,1.1741814278046163,
178,15.895061728395062,24.55716586151369,27.100107353730543,13.459473966720344,7.809983896940419,1.9726247987117553,7.568438003220612,0.5166398282340311,1.1205045625335481,
179,16.035963499731615,24.530327428878152,26.99946323134729,13.459473966720344,7.803274288781535,1.9726247987117553,7.568438003220612,0.5099302200751477,1.1205045625335481,
180,16.15673644659152,24.530327428878152,26.932367149758456,13.425925925925926,7.803274288781535,1.9726247987117553,7.548309178743962,0.5099302200751477,1.1205045625335481,
181,16.150026838432634,24.053945249597422,26.78475577026302,13.405797101449275,8.319914117015566,1.9726247987117553,7.541599570585078,0.6508319914117016,1.1205045625335481,
182,16.21712292002147,24.16129898013956,26.717659688674182,13.372249060654857,8.28636607622115,1.932367149758454,7.541599570585078,0.6508319914117016,1.1205045625335481,
183,16.27750939345142,24.16129898013956,26.65727321524423,13.372249060654857,8.28636607622115,1.932367149758454,7.541599570585078,0.6508319914117016,1.1205045625335481,
184,16.384863123993558,24.033816425120772,26.583467525496513,13.331991411701557,8.246108427267847,2.006172839506173,7.64224369296833,0.6508319914117016,1.1205045625335481,
185,16.445249597423512,24.020397208803004,26.281535158346752,13.238056897477188,8.59500805152979,2.006172839506173,7.64224369296833,0.6508319914117016,1.1205045625335481,
186,16.532474503488995,23.919753086419753,25.93263553408481,13.238056897477188,8.957326892109501,2.006172839506173,7.64224369296833,0.6508319914117016,1.1205045625335481,
187,16.680085882984432,23.872785829307567,25.825281803542673,13.211218464841654,8.930488459473967,2.006172839506173,7.635534084809447,0.7179280730005367,1.1205045625335481,
188,16.841116478797638,23.812399355877616,25.811862587224905,13.197799248523886,8.890230810520666,1.9994632313472893,7.635534084809447,0.6910896403650026,1.1205045625335481,
189,16.935050993022006,22.52415458937198,25.751476113794954,14.533011272141707,8.950617283950617,1.9726247987117553,7.628824476650563,0.5837359098228664,1.1205045625335481,
190,17.07595276435856,22.497316156736446,25.677670424047236,14.492753623188406,8.950617283950617,1.9726247987117553,7.628824476650563,0.5837359098228664,1.1205045625335481,
191,17.216854535695116,22.19538378958669,25.55689747718733,14.197530864197532,9.178743961352657,1.9726247987117553,7.977724100912507,0.5837359098228664,1.1205045625335481,
192,17.09608158883521,22.054482018250134,25.5300590445518,15.24422973698336,9.158615136876007,1.7981749865807837,7.4141170155662905,0.5837359098228664,1.1205045625335481,
193,17.143048845947398,22.054482018250134,25.5300590445518,15.230810520665592,9.158615136876007,1.7981749865807837,7.380568974771873,0.5837359098228664,1.1205045625335481,
194,17.082662372517444,21.973966720343533,25.275093934514224,15.230810520665592,9.634997316156737,1.7981749865807837,7.380568974771873,0.5032206119162641,1.1205045625335481,
195,16.908212560386474,21.69887278582931,25.13419216317767,15.271068169618895,9.916800858829845,2.0263016639828235,7.4208266237251745,0.5032206119162641,1.1205045625335481,
196,16.968599033816425,21.658615136876005,25.11406333870102,15.271068169618895,9.916800858829845,2.0263016639828235,7.4208266237251745,0.5032206119162641,1.1205045625335481,
197,17.163177670424048,21.631776704240472,24.993290391841118,15.143585614600108,9.883252818035427,2.0263016639828235,7.5348899624261945,0.5032206119162641,1.1205045625335481,
198,16.794149221685455,21.108427267847556,25.85212023617821,15.069779924852389,9.883252818035427,2.0263016639828235,7.64224369296833,0.5032206119162641,1.1205045625335481,
199,17.07595276435856,21.061460010735374,25.85212023617821,14.982555018786902,9.749060654857756,2.0128824476650564,7.64224369296833,0.5032206119162641,1.1205045625335481,
200,17.270531400966185,20.98094471282877,25.85212023617821,14.868491680085883,9.749060654857756,2.0128824476650564,7.64224369296833,0.5032206119162641,1.1205045625335481,
201,17.344337090713903,20.98094471282877,25.831991411701555,14.834943639291465,9.749060654857756,2.0128824476650564,7.62211486849168,0.5032206119162641,1.1205045625335481,
202,17.444981213097154,20.913848631239937,25.811862587224905,14.814814814814815,9.796027911969942,2.006172839506173,7.595276435856146,0.5032206119162641,1.1137949543746646,
203,17.102791196994094,21.497584541062803,25.731347289318304,14.667203435319378,9.782608695652174,2.006172839506173,7.595276435856146,0.5032206119162641,1.1137949543746646,
204,16.820987654320987,21.00107353730542,25.617283950617285,15.660225442834138,9.728931830381105,1.932367149758454,7.62211486849168,0.5032206119162641,1.1137949543746646,
205,16.861245303274288,20.48443370907139,25.39586688137413,15.619967793880837,10.332796564680622,1.932367149758454,7.776435856146001,0.4830917874396135,1.1137949543746646,
206,16.948470209339774,20.471014492753625,25.228126677402038,15.579710144927537,10.305958132045088,1.932367149758454,7.856951154052603,0.4830917874396135,1.1137949543746646,0.08051529790660225
207,16.888083735909824,20.242887815351583,25.72463768115942,15.526033279656469,10.071121846484166,2.462426194310252,7.440955448201825,0.4495437466451959,1.1137949543746646,0.08051529790660225
208,16.512345679012345,20.12211486849168,26.362050456253353,15.526033279656469,10.030864197530864,2.462426194310252,7.340311325818572,0.4495437466451959,1.1137949543746646,0.08051529790660225
209,16.59286097691895,20.12211486849168,26.33521202361782,15.505904455179817,10.030864197530864,2.462426194310252,7.306763285024155,0.4495437466451959,1.1137949543746646,0.08051529790660225
210,16.639828234031132,20.108695652173914,26.33521202361782,15.505904455179817,10.00402576489533,2.462426194310252,7.306763285024155,0.4428341384863124,1.1137949543746646,0.08051529790660225
211,16.284219001610307,19.840311325818572,27.529522275899087,14.969135802469136,10.00402576489533,2.462426194310252,7.273215244229737,0.4428341384863124,1.1137949543746646,0.08051529790660225
212,16.364734299516908,19.81347289318304,27.522812667740205,14.969135802469136,9.970477724100913,2.462426194310252,7.25979602791197,0.4428341384863124,1.1137949543746646,0.08051529790660225
213,16.384863123993558,19.679280730005367,27.67042404723564,14.969135802469136,9.936929683306495,2.462426194310252,7.25979602791197,0.4428341384863124,1.1137949543746646,0.08051529790660225
214,16.478797638217927,19.672571121846484,27.58990874932904,14.908749329039184,9.936929683306495,2.462426194310252,7.313472893183038,0.4428341384863124,1.1137949543746646,0.08051529790660225
215,16.61969940955448,19.64573268921095,27.529522275899087,14.875201288244767,9.936929683306495,2.462426194310252,7.2933440687063875,0.4428341384863124,1.1137949543746646,0.08051529790660225
216,16.847826086956523,19.55179817498658,27.489264626945786,14.74771873322598,10.02415458937198,2.462426194310252,7.239667203435319,0.4428341384863124,1.1137949543746646,0.08051529790660225
217,16.820987654320987,19.243156199677937,27.355072463768117,14.949006977992486,9.98389694041868,2.623456790123457,7.387278582930757,0.4428341384863124,1.1137949543746646,0.08051529790660225
218,16.6532474503489,19.209608158883523,26.590177133655395,14.942297369833602,9.98389694041868,3.5963499731615673,7.387278582930757,0.4428341384863124,1.1137949543746646,0.08051529790660225
219,16.6935050993022,19.142512077294686,26.48953301127214,14.942297369833602,9.98389694041868,3.589640365002684,7.521470746108427,0.4428341384863124,1.1137949543746646,0.08051529790660225
220,16.740472356414386,19.142512077294686,26.435856146001072,14.915458937198068,10.050993022007514,3.556092324208266,7.521470746108427,0.4428341384863124,1.1137949543746646,0.08051529790660225
221,16.921631776704242,19.135802469135804,26.37546967257112,14.895330112721417,10.00402576489533,3.549382716049383,7.481213097155126,0.4428341384863124,1.1137949543746646,0.08051529790660225
222,17.122920021470748,19.0552871712292,26.301663982823403,14.875201288244767,9.977187332259795,3.549382716049383,7.481213097155126,0.4428341384863124,1.1137949543746646,0.08051529790660225
223,17.2638217928073,19.0150295222759,26.214439076757916,14.861782071927,9.977187332259795,3.549382716049383,7.481213097155126,0.4428341384863124,1.1137949543746646,0.08051529790660225
224,17.49194847020934,18.874127750939344,26.073537305421365,14.861782071927,10.050993022007514,3.549382716049383,7.461084272678476,0.4428341384863124,1.1137949543746646,0.08051529790660225
225,17.53220611916264,18.666129898013956,26.04669887278583,15.103327965646805,10.050993022007514,3.5225442834138487,7.440955448201825,0.4428341384863124,1.1137949543746646,0.08051529790660225
226,17.518786902844873,18.63929146537842,26.04669887278583,15.103327965646805,9.950348899624261,3.5225442834138487,7.581857219538379,0.4428341384863124,1.1137949543746646,0.08051529790660225
227,17.59259259259259,18.632581857219538,25.87224906065486,15.009393451422437,9.950348899624261,3.603059581320451,7.702630166398282,0.4428341384863124,1.1137949543746646,0.08051529790660225
228,17.64626945786366,18.625872249060656,25.85212023617821,15.002683843263553,9.950348899624261,3.5829307568438002,7.702630166398282,0.4428341384863124,1.1137949543746646,0.08051529790660225
229,17.693236714975846,18.605743424584006,25.89908749329039,14.955716586151368,9.950348899624261,3.5829307568438002,7.675791733762749,0.4428341384863124,1.1137949543746646,0.08051529790660225
230,17.438271604938272,18.17632850241546,26.03327965646806,14.942297369833602,10.567632850241546,3.5762211486849167,7.635534084809447,0.4428341384863124,1.107085346215781,0.08051529790660225
231,17.55233494363929,17.827428878153516,25.77831454643049,14.88191089640365,10.446859903381643,3.743961352657005,8.13875469672571,0.4428341384863124,1.107085346215781,0.08051529790660225
232,17.619431025228128,17.814009661835748,25.738056897477186,14.88191089640365,10.433440687063875,3.743961352657005,8.13875469672571,0.4428341384863124,1.107085346215781,0.08051529790660225
233,17.746913580246915,17.67981749865808,25.684380032206118,14.855072463768115,10.373054213633925,3.911701556629093,8.11862587224906,0.4428341384863124,1.107085346215781,0.08051529790660225
234,17.780461621041333,17.66639828234031,25.657541599570585,14.734299516908212,10.359634997316157,3.911701556629093,8.11862587224906,0.4428341384863124,1.247987117552335,0.08051529790660225
235,17.54562533548041,17.09608158883521,25.999731615673646,16.035963499731615,9.849704777241008,3.730542136339238,7.971014492753623,0.4428341384863124,1.247987117552335,0.08051529790660225
236,17.67981749865808,17.07595276435856,25.979602791196996,15.98899624261943,9.849704777241008,3.717122920021471,7.937466451959206,0.4428341384863124,1.247987117552335,0.08051529790660225
237,17.713365539452496,16.854535695115406,26.100375738056897,15.962157809983896,9.836285560923242,3.8311862587224907,7.930756843800322,0.4428341384863124,1.247987117552335,0.08051529790660225
238,17.847557702630166,16.445249597423512,26.039989264626946,16.337895866881375,9.836285560923242,3.8311862587224907,7.890499194847021,0.4428341384863124,1.247987117552335,0.08051529790660225
239,18.10252281266774,16.358024691358025,25.865539452495973,16.27750939345142,9.829575952764358,3.8311862587224907,7.823403113258186,0.5837359098228664,1.247987117552335,0.08051529790660225
240,18.16290928609769,16.35131508319914,25.85882984433709,16.27750939345142,9.816156736446592,3.8311862587224907,7.7898550724637685,0.5837359098228664,1.247987117552335,0.08051529790660225
241,18.189747718733226,16.35131508319914,26.060118089103597,16.06280193236715,9.782608695652174,3.797638217928073,7.843531937734836,0.5837359098228664,1.247987117552335,0.08051529790660225
242,18.290391841116477,16.324476650563607,25.999731615673646,16.049382716049383,9.782608695652174,3.797638217928073,7.843531937734836,0.5837359098228664,1.247987117552335,0.08051529790660225
243,18.230005367686527,16.59286097691895,25.99302200751476,15.92860976918948,9.762479871175524,3.7775093934514223,7.803274288781535,0.5837359098228664,1.247987117552335,0.08051529790660225
244,18.243424584004295,16.586151368760063,25.617283950617285,16.458668813741276,9.930220075147611,3.7775093934514223,7.340311325818572,0.5837359098228664,1.3821792807300053,0.08051529790660225
245,18.297101449275363,16.431830381105744,25.55018786902845,16.445249597423512,9.681964573268921,3.9720880300590444,7.588566827697263,0.5837359098228664,1.3687600644122384,0.08051529790660225
246,18.572195383789587,16.223832528180353,25.543478260869566,16.438539989264626,9.762479871175524,3.9720880300590444,7.481213097155126,0.5568974771873323,1.3687600644122384,0.08051529790660225
247,18.646001073537306,16.183574879227052,25.41599570585078,16.418411164787976,9.916800858829845,3.9720880300590444,7.98443370907139,0.5568974771873323,0.8252818035426731,0.08051529790660225
248,18.65271068169619,16.163446054750402,25.409286097691894,16.418411164787976,9.796027911969942,4.1129898013955986,7.98443370907139,0.5568974771873323,0.8252818035426731,0.08051529790660225
249,18.867418142780462,16.049382716049383,25.295222758990874,16.411701556629094,9.863123993558776,4.092860976918948,7.957595276435856,0.5568974771873323,0.8252818035426731,0.08051529790660225
250,19.048577563070317,16.015834675254965,25.241545893719806,16.398282340311326,9.816156736446592,4.092860976918948,7.924047235641439,0.5568974771873323,0.8252818035426731,0.08051529790660225
251,18.290391841116477,15.713902308105206,28.25415995705851,14.955716586151368,9.702093397745571,3.9452495974235107,7.675791733762749,0.5568974771873323,0.8252818035426731,0.08051529790660225
252,17.921363392377884,15.351583467525497,27.932098765432098,13.808373590982287,8.917069243156199,3.898282340311326,10.970209339774557,0.5568974771873323,0.5636070853462157,0.08051529790660225
253,17.995169082125603,15.351583467525497,27.885131508319915,13.79495437466452,8.903650026838433,3.898282340311326,10.970209339774557,0.5568974771873323,0.5636070853462157,0.08051529790660225
