,45,50,51,55,53,52,54,56,58
0,99.8792270531401,0.12077294685990338,,,,,,,
1,99.8792270531401,0.12077294685990338,,,,,,,
2,96.96054750402577,3.0394524959742353,,,,,,,
3,94.29683306494901,5.703166935050993,,,,,,,
4,93.24342458400429,6.756575415995706,,,,,,,
5,93.24342458400429,6.756575415995706,,,,,,,
6,93.0354267310789,6.964573268921095,,,,,,,
7,93.0354267310789,6.964573268921095,,,,,,,
8,90.6736446591519,9.326355340848094,,,,,,,
9,90.57971014492753,9.420289855072463,,,,,,,
10,80.10601180891035,19.89398819108964,,,,,,,
11,80.05904455179818,19.940955448201827,,,,,,,
12,80.13955984970478,19.860440150295222,,,,,,,
13,66.17686527106817,33.823134728931834,,,,,,,
14,64.96242619431025,35.037573805689746,,,,,,,
15,65.11674718196457,34.88325281803543,,,,,,,
16,65.05636070853463,34.80944712828771,0.13419216317767044,,,,,,
17,65.19726247987117,34.66854535695116,0.13419216317767044,,,,,,
18,61.822329575952764,37.92941492216855,0.24825550187869028,,,,,,
19,62.07058507783145,37.68115942028985,0.24825550187869028,,,,,,
20,53.83118625872249,45.793075684380035,0.24825550187869028,0.1274825550187869,,,,,
21,53.87144390767579,45.67230273752013,0.24825550187869028,0.1274825550187869,0.08051529790660225,,,,
22,53.7037037037037,45.611916264090176,0.24825550187869028,0.24154589371980675,0.19457863660762212,,,,
23,53.72383252818035,45.591787439613526,0.24825550187869028,0.24154589371980675,0.19457863660762212,,,,
24,53.97879763821793,45.24288781535159,0.24825550187869028,0.33548040794417605,0.19457863660762212,,,,
25,44.524959742351044,53.67015566290929,0.11406333870101985,0.24154589371980675,1.4492753623188406,,,,
26,44.16264090177134,52.4020397208803,1.778046162104133,0.24154589371980675,1.415727321524423,,,,
27,42.55904455179817,53.81105743424584,1.7310789049919484,0.36902844873859364,1.5297906602254427,,,,
28,42.78046162104133,53.44873859366613,1.8250134192163177,0.4227053140096618,1.5230810520665594,,,,
29,42.673107890499196,53.556092324208265,1.8250134192163177,0.4227053140096618,1.5230810520665594,,,,
30,42.74020397208803,53.48899624261943,1.8250134192163177,0.4227053140096618,1.5230810520665594,,,,
31,42.914653784219,53.20048309178744,1.9390767579173376,0.4227053140096618,1.5230810520665594,,,,
32,36.87600644122383,58.756038647343,0.20128824476650564,0.4227053140096618,1.3620504562533549,2.38191089640365,,,
33,36.808910359635,58.50107353730542,0.20128824476650564,0.7447665056360708,1.3620504562533549,2.38191089640365,,,
34,37.31884057971015,57.789855072463766,0.20128824476650564,1.0064412238325282,1.3016639828234031,2.38191089640365,,,
35,36.72839506172839,58.299785292538914,0.20128824476650564,1.0869565217391304,1.3016639828234031,2.38191089640365,,,
36,37.043746645195924,57.6959205582394,0.20128824476650564,1.2546967257112185,1.3016639828234031,2.38191089640365,0.12077294685990338,,
37,36.63446054750403,56.53515834675255,0.20128824476650564,1.1003757380568975,1.3016639828234031,4.106280193236715,0.12077294685990338,,
38,36.82903918411165,56.353998926462694,0.20128824476650564,1.1003757380568975,1.3016639828234031,4.092860976918948,0.12077294685990338,,
39,36.89613526570049,56.22651637144391,0.20128824476650564,1.1876006441223832,1.3016639828234031,4.066022544283414,0.12077294685990338,,
40,37.003488996242616,56.05877616747182,0.30864197530864196,1.2681159420289856,1.1876006441223832,4.052603327965647,0.12077294685990338,,
41,37.204777241009126,55.73000536768653,0.43612453032742887,1.2681159420289856,1.1876006441223832,4.052603327965647,0.12077294685990338,,
42,37.546967257112186,55.43478260869565,0.43612453032742887,1.221148684916801,1.1876006441223832,4.052603327965647,0.12077294685990338,,
43,37.895866881374126,55.22007514761138,0.43612453032742887,1.2010198604401503,1.0735373054213635,4.052603327965647,0.12077294685990338,,
44,31.219806763285025,62.37251744498121,0.2147074610842727,0.9326355340848095,0.5166398282340311,4.052603327965647,0.6910896403650026,,
45,31.5150295222759,61.09769189479334,0.2147074610842727,1.9122383252818036,0.5166398282340311,4.052603327965647,0.6910896403650026,,
46,32.367149758454104,60.15163714439077,0.2147074610842727,1.9524959742351047,0.5166398282340311,4.052603327965647,0.7447665056360708,,
47,32.82340311325819,59.70209339774557,0.2147074610842727,1.9524959742351047,0.5166398282340311,4.045893719806763,0.7447665056360708,,
48,32.991143317230275,59.42028985507246,0.2147074610842727,1.9524959742351047,0.5166398282340311,4.045893719806763,0.8588298443370908,,
49,32.11218464841653,49.14117015566291,11.728395061728396,1.5230810520665594,0.5166398282340311,3.9318303811057436,1.0466988727858293,,
50,31.105743424584006,50.09393451422437,11.876006441223833,1.4895330112721417,0.5166398282340311,3.8714439076757916,1.0466988727858293,,
51,31.340579710144926,49.92619431025228,11.876006441223833,1.4895330112721417,0.5166398282340311,3.8043478260869565,1.0466988727858293,,
52,31.49490069779925,49.82555018786903,11.876006441223833,1.4895330112721417,0.5166398282340311,3.750670960815888,1.0466988727858293,,
53,31.696188942565755,49.55716586151369,11.855877616747183,1.4895330112721417,0.5166398282340311,3.8378958668813743,1.0466988727858293,,
54,31.743156199677937,49.53032742887815,11.83574879227053,1.4895330112721417,0.5166398282340311,3.8378958668813743,1.0466988727858293,,
55,31.924315619967793,48.39640365002684,11.735104669887278,2.5496511003757383,0.5166398282340311,3.8311862587224907,1.0466988727858293,,
56,32.09205582393988,47.86634460547504,11.728395061728396,2.932098765432099,0.5166398282340311,3.8177670424047236,1.0466988727858293,,
57,32.21282877079979,47.81266774020397,11.621041331186259,2.932098765432099,0.5099302200751477,3.7573805689747717,1.0466988727858293,0.10735373054213634,
58,31.95115405260333,45.860171765968865,11.553945249597424,2.623456790123457,0.5099302200751477,3.7573805689747717,3.6366076221148687,0.10735373054213634,
59,32.09205582393988,45.66559312936125,11.466720343531938,2.7643585614600106,0.5099302200751477,3.7573805689747717,3.6366076221148687,0.10735373054213634,
60,32.367149758454104,45.189210950080515,11.466720343531938,2.965646806226516,0.5099302200751477,3.7573805689747717,3.6366076221148687,0.10735373054213634,
61,32.57514761137949,45.02147074610843,11.466720343531938,2.945517981749866,0.5099302200751477,3.7372517444981215,3.6366076221148687,0.10735373054213634,
62,32.648953301127214,44.81347289318304,11.352657004830919,3.1065485775630703,0.5099302200751477,3.7238325281803544,3.6231884057971016,0.2214170692431562,
63,32.991143317230275,44.296833064949006,11.352657004830919,3.294417606011809,0.5099302200751477,3.7238325281803544,3.6097691894793345,0.2214170692431562,
64,33.21926999463231,44.115673644659154,11.198336017176597,3.2742887815351582,0.5099302200751477,3.7238325281803544,3.6097691894793345,0.3488996242619431,
65,33.63526570048309,43.74664519592056,11.178207192699947,3.227321524422974,0.5099302200751477,3.7238325281803544,3.629898013955985,0.3488996242619431,
66,33.68894256575416,43.67283950617284,11.144659151905529,3.166935050993022,0.5099302200751477,3.8378958668813743,3.629898013955985,0.3488996242619431,
67,33.964036500268385,43.384326355340846,10.923242082662373,3.166935050993022,0.5032206119162641,3.8378958668813743,3.730542136339238,0.48980139559849706,
68,34.25925925925926,43.022007514761135,10.748792270531402,3.166935050993022,0.5032206119162641,3.9586688137412773,3.730542136339238,0.6105743424584005,
69,33.69565217391305,43.646001073537306,10.7085346215781,3.2474503488996245,0.5032206119162641,3.92512077294686,3.6634460547504024,0.6105743424584005,
70,25.067096081588836,52.623456790123456,10.59447128287708,3.126677402039721,0.5032206119162641,3.7775093934514223,3.5829307568438002,0.7246376811594203,
71,22.82608695652174,55.683038110574344,10.59447128287708,3.2004830917874396,0.5032206119162641,2.885131508319914,3.5829307568438002,0.7246376811594203,
72,23.17498658078368,55.360976918947934,10.59447128287708,3.2004830917874396,0.5032206119162641,2.8784219001610305,3.5628019323671496,0.7246376811594203,
73,23.336017176596886,54.911433172302736,10.540794417606012,3.556092324208266,0.5032206119162641,2.8784219001610305,3.549382716049383,0.7246376811594203,
74,23.57085346215781,54.55582393988191,10.540794417606012,3.770799785292539,0.5032206119162641,2.8784219001610305,3.455448201825013,0.7246376811594203,
75,23.557434245840042,54.58266237251745,10.534084809447128,3.770799785292539,0.5032206119162641,2.871712292002147,3.455448201825013,0.7246376811594203,
76,22.054482018250134,51.268115942028984,14.398819108964037,3.8043478260869565,0.5032206119162641,2.871712292002147,4.374664519592056,0.7246376811594203,
77,22.22222222222222,50.19457863660762,14.325013419216317,4.783950617283951,0.5032206119162641,2.871712292002147,4.374664519592056,0.7246376811594203,
78,22.416800858829845,50.10064412238325,13.20450885668277,4.777241009125067,1.5432098765432098,2.871712292002147,4.374664519592056,0.7112184648416533,
79,22.899892646269457,49.785292538915726,13.036768652710682,4.777241009125067,1.5432098765432098,2.871712292002147,4.374664519592056,0.7112184648416533,
80,21.490874932903917,45.390499194847024,19.256575415995705,4.388083735909823,1.5432098765432098,2.7777777777777777,4.320987654320987,0.8319914117015567,
81,22.020933977455716,44.96108427267848,19.182769726247987,4.723564143853999,1.3955984970477724,2.7777777777777777,4.126409017713366,0.8118625872249061,
82,22.356414385399894,44.81347289318304,18.99490069779925,4.723564143853999,1.3955984970477724,2.7777777777777777,4.126409017713366,0.8118625872249061,
83,22.436929683306495,44.73966720343532,18.9747718733226,4.723564143853999,1.3955984970477724,2.8247450348899625,4.092860976918948,0.8118625872249061,
84,23.020665593129362,44.337090713902306,18.874127750939344,4.723564143853999,1.3955984970477724,2.8247450348899625,4.092860976918948,0.7313472893183038,
85,23.22866344605475,44.256575415995705,18.800322061191626,4.696725711218465,1.3687600644122384,2.8247450348899625,4.092860976918948,0.7313472893183038,
86,23.409822866344605,44.08212560386473,18.800322061191626,4.696725711218465,1.3620504562533549,2.8247450348899625,4.092860976918948,0.7313472893183038,
87,23.765432098765434,43.81374127750939,18.78690284487386,4.622920021470746,1.3620504562533549,2.8247450348899625,4.092860976918948,0.7313472893183038,
88,24.228395061728396,43.63258185721954,18.686258722490606,4.582662372517445,1.3620504562533549,2.8247450348899625,3.9519592055823938,0.7313472893183038,
89,23.68491680085883,42.35775630703167,17.49194847020934,4.582662372517445,1.3620504562533549,5.837359098228664,3.9519592055823938,0.7313472893183038,
90,24.02710681696189,42.169887278582934,17.418142780461622,4.582662372517445,1.3620504562533549,5.837359098228664,3.8714439076757916,0.7313472893183038,
91,23.97342995169082,42.0625335480408,17.444981213097154,4.582662372517445,1.3620504562533549,5.837359098228664,3.8714439076757916,0.8655394524959742,
92,23.58427267847558,38.99624261943102,26.127214170692433,3.656736446591519,0.5837359098228664,2.717391304347826,3.770799785292539,0.4428341384863124,0.12077294685990338
93,23.765432098765434,38.828502415458935,25.85882984433709,3.730542136339238,0.5837359098228664,2.717391304347826,3.8311862587224907,0.5636070853462157,0.12077294685990338
94,23.866076221148685,38.58695652173913,25.657541599570585,3.8177670424047236,0.5837359098228664,2.703972088030059,3.8311862587224907,0.8319914117015567,0.12077294685990338
95,24.14117015566291,38.36553945249597,25.36231884057971,3.8177670424047236,0.5837359098228664,2.703972088030059,3.8311862587224907,1.0735373054213635,0.12077294685990338
96,24.691358024691358,37.7012882447665,25.335480407944175,5.179817498658078,0.5837359098228664,2.703972088030059,2.6637144390767578,1.06682769726248,0.07380568974771873
97,24.818840579710145,37.7012882447665,25.207997852925388,5.179817498658078,0.5837359098228664,2.703972088030059,2.6637144390767578,1.06682769726248,0.07380568974771873
98,24.93961352657005,37.64090177133655,25.194578636607623,5.132850241545894,0.5837359098228664,2.703972088030059,2.6637144390767578,1.06682769726248,0.07380568974771873
99,25.32206119162641,37.4194847020934,24.89935587761675,5.119431025228127,0.5837359098228664,2.703972088030059,2.6637144390767578,1.2144390767579174,0.07380568974771873
100,25.509930220075148,37.39264626945786,24.738325281803544,5.119431025228127,0.5837359098228664,2.703972088030059,2.6637144390767578,1.2144390767579174,0.07380568974771873
101,25.5300590445518,37.245034889962426,24.738325281803544,5.119431025228127,0.5837359098228664,2.831454643048846,2.6637144390767578,1.2144390767579174,0.07380568974771873
102,25.97289318303811,36.99006977992485,23.416532474503487,5.10601180891036,0.5367686527106817,2.7308105206655933,3.978797638217928,1.1943102522812667,0.07380568974771873
103,25.865539452495973,36.95652173913044,23.14814814814815,5.374396135265701,0.6776704240472357,2.7308105206655933,3.978797638217928,1.1943102522812667,0.07380568974771873
104,26.019860440150296,36.83574879227053,23.11460010735373,5.374396135265701,0.6776704240472357,2.7308105206655933,3.978797638217928,1.1943102522812667,0.07380568974771873
105,25.449543746645197,34.58132045088567,22.993827160493826,5.293880837359098,0.6776704240472357,2.6972624798711755,7.0383789586688135,1.1943102522812667,0.07380568974771873
106,25.744766505636072,34.23913043478261,22.940150295222757,5.193236714975845,0.6776704240472357,2.6972624798711755,7.239667203435319,1.1943102522812667,0.07380568974771873
107,25.885668276972623,32.96430488459474,22.84621578099839,4.669887278582931,0.7648953301127214,2.6972624798711755,8.903650026838433,1.1943102522812667,0.07380568974771873
108,26.019860440150296,32.83682232957595,22.73215244229737,4.777241009125067,0.7648953301127214,2.6972624798711755,8.903650026838433,1.1943102522812667,0.07380568974771873
109,25.99302200751476,31.394256575415994,22.73215244229737,4.757112184648417,2.5161030595813205,2.6301663982823404,8.715780998389693,1.1876006441223832,0.07380568974771873
110,26.093666129898015,31.239935587761675,22.65163714439077,4.757112184648417,2.5161030595813205,2.6301663982823404,8.715780998389693,1.3217928073000538,0.07380568974771873
111,26.39559849704777,31.09903381642512,22.5577026301664,4.730273752012883,2.5161030595813205,2.6033279656468062,8.702361782071927,1.3217928073000538,0.07380568974771873
112,26.516371443907676,31.031937734836287,22.544283413848632,4.730273752012883,2.5026838432635534,2.6033279656468062,8.675523349436393,1.3217928073000538,0.07380568974771873
113,26.85185185185185,30.911164787976382,22.33628556092324,4.723564143853999,2.5026838432635534,2.6033279656468062,8.675523349436393,1.3217928073000538,0.07380568974771873
114,27.160493827160494,30.709876543209877,22.094739667203434,4.7638217928073,2.5026838432635534,2.589908749329039,8.527911969940956,1.5767579173376274,0.07380568974771873
115,27.254428341384862,30.3743961352657,22.074610842726784,4.7638217928073,2.5026838432635534,2.589908749329039,8.789586688137414,1.5767579173376274,0.07380568974771873
116,27.737520128824478,30.26033279656468,21.752549651100377,4.7638217928073,2.5026838432635534,2.589908749329039,8.494363929146537,1.8250134192163177,0.07380568974771873
117,28.026033279656467,30.340848094471284,21.55126140633387,4.703435319377348,2.5026838432635534,2.589908749329039,8.387010198604402,1.8250134192163177,0.07380568974771873
118,28.421900161030596,30.139559849704778,21.477455716586153,4.696725711218465,2.5026838432635534,2.522812667740204,8.3467525496511,1.8183038110574343,0.07380568974771873
119,28.824476650563607,30.02549651100376,21.202361782071925,4.696725711218465,2.5026838432635534,2.522812667740204,8.333333333333334,1.8183038110574343,0.07380568974771873
120,28.287707997852927,29.53569511540526,20.068438003220614,4.569243156199678,4.824208266237251,2.522812667740204,8.319914117015566,1.7981749865807837,0.07380568974771873
121,28.395061728395063,29.62962962962963,19.87385936661299,4.555823939881911,4.958400429414922,2.522812667740204,8.192431561996779,1.7981749865807837,0.07380568974771873
122,28.73054213633924,29.334406870638755,19.732957595276435,4.542404723564144,4.951690821256038,2.5161030595813205,8.179012345679013,1.9390767579173376,0.07380568974771873
123,28.64331723027375,29.30756843800322,19.47128287707998,5.045625335480408,4.951690821256038,2.5161030595813205,8.179012345679013,1.8115942028985508,0.07380568974771873
124,29.01905528717123,29.025764895330113,19.45786366076221,5.045625335480408,4.87788513150832,2.4892646269457863,8.199141170155663,1.8115942028985508,0.07380568974771873
125,29.294149221685455,28.918411164787976,19.236446591519055,5.045625335480408,4.8443370907139025,2.4892646269457863,8.179012345679013,1.9189479334406871,0.07380568974771873
126,29.904723564143854,28.837895866881375,18.947933440687063,5.038915727321524,4.74369296833065,2.4892646269457863,8.158883521202362,1.8048845947396672,0.07380568974771873
127,30.24020397208803,28.784219001610307,18.820450885668276,4.998658078368224,4.74369296833065,2.4892646269457863,8.044820182501342,1.8048845947396672,0.07380568974771873
128,30.35426731078905,28.71712292002147,18.719806763285025,4.998658078368224,4.871175523349437,2.475845410628019,8.011272141706923,1.778046162104133,0.07380568974771873
129,30.60252281266774,28.589640365002683,18.612453032742888,4.998658078368224,4.871175523349437,2.475845410628019,8.011272141706923,1.7646269457863661,0.07380568974771873
130,31.0252281266774,28.381642512077295,18.491680085882983,4.931561996779388,4.871175523349437,2.475845410628019,7.997852925389157,1.751207729468599,0.07380568974771873
131,31.66935050993022,27.925389157273216,18.370907139023082,4.783950617283951,4.864465915190553,2.475845410628019,8.085077831454644,1.751207729468599,0.07380568974771873
132,31.85721953837896,27.72410091250671,18.310520665593128,4.864465915190553,4.864465915190553,2.475845410628019,8.085077831454644,1.7444981213097155,0.07380568974771873
133,32.045088566827694,27.623456790123456,18.290391841116477,4.830917874396135,4.864465915190553,2.475845410628019,8.051529790660226,1.7444981213097155,0.07380568974771873
134,32.15244229736983,27.549651100375737,18.270263016639827,4.830917874396135,4.851046698872786,2.475845410628019,8.051529790660226,1.7444981213097155,0.07380568974771873
135,32.26650563607085,27.542941492216855,18.270263016639827,4.830917874396135,4.851046698872786,2.462426194310252,7.957595276435856,1.7444981213097155,0.07380568974771873
136,32.17928073000537,27.502683843263554,18.438003220611915,4.7101449275362315,4.851046698872786,2.462426194310252,8.038110574342458,1.7444981213097155,0.07380568974771873
137,32.58185721953838,27.361782071927,18.377616747181964,4.7101449275362315,4.7638217928073,2.4557165861513686,7.930756843800322,1.7444981213097155,0.07380568974771873
138,32.588566827697264,27.34165324745035,18.438003220611915,4.7101449275362315,4.7168545356951155,2.4557165861513686,7.930756843800322,1.7444981213097155,0.07380568974771873
139,32.83682232957595,27.28797638217928,18.370907139023082,4.7101449275362315,4.62962962962963,2.4557165861513686,7.890499194847021,1.7444981213097155,0.07380568974771873
140,32.971014492753625,27.20746108427268,18.189747718733226,4.7101449275362315,4.609500805152979,2.5429414922168547,7.856951154052603,1.8384326355340848,0.07380568974771873
141,32.9777241009125,27.126945786366075,18.19645732689211,4.696725711218465,4.609500805152979,2.5429414922168547,7.843531937734836,1.932367149758454,0.07380568974771873
142,33.293075684380035,27.01959205582394,18.129361245303276,4.696725711218465,4.562533548040794,2.5429414922168547,7.749597423510467,1.932367149758454,0.07380568974771873
143,33.36688137412775,26.99946323134729,18.00187869028449,4.851046698872786,4.542404723564144,2.5161030595813205,7.716049382716049,1.932367149758454,0.07380568974771873
144,33.293075684380035,26.89210950080515,18.00187869028449,4.985238862050457,4.508856682769726,2.5966183574879227,7.716049382716049,1.932367149758454,0.07380568974771873
145,33.400429414922165,26.84514224369297,17.941492216854535,4.985238862050457,4.508856682769726,2.5966183574879227,7.716049382716049,1.932367149758454,0.07380568974771873
146,33.601717659688674,26.7512077294686,17.85426731078905,5.0993022007514766,4.508856682769726,2.5831991411701556,7.702630166398282,1.8250134192163177,0.07380568974771873
147,33.72920021470746,26.764626945786365,17.713365539452496,5.0993022007514766,4.508856682769726,2.5831991411701556,7.702630166398282,1.8250134192163177,0.07380568974771873
148,33.782877079978526,26.670692431561996,17.16988727858293,5.0993022007514766,4.49543746645196,2.5831991411701556,8.299785292538916,1.8250134192163177,0.07380568974771873
149,34.534353193773484,26.10708534621578,17.136339237788512,5.018786902844874,4.49543746645196,2.5831991411701556,8.225979602791197,1.8250134192163177,0.07380568974771873
150,35.057702630166396,25.979602791196996,17.002147074610843,4.998658078368224,4.414922168545357,2.49597423510467,8.225979602791197,1.751207729468599,0.07380568974771873
151,35.40660225442834,25.885668276972623,16.941760601180892,4.9718196457326895,4.3545356951154055,2.49597423510467,8.132045088566828,1.737788513150832,0.07380568974771873
152,35.65485775630703,25.85882984433709,16.80756843800322,4.9718196457326895,4.3545356951154055,2.49597423510467,8.051529790660226,1.7310789049919484,0.07380568974771873
153,35.67498658078368,25.85212023617821,16.760601180891037,4.9718196457326895,4.327697262479871,2.49597423510467,8.111916264090176,1.7310789049919484,0.07380568974771873
154,34.957058507783145,25.207997852925388,19.39747718733226,4.683306494900698,4.327697262479871,1.06682769726248,8.749329039184111,1.5365002683843263,0.07380568974771873
155,35.07112184648417,25.0805152979066,19.390767579173378,4.562533548040794,4.4820182501341925,1.0534084809447128,8.749329039184111,1.5365002683843263,0.07380568974771873
156,35.39318303811057,24.90606548577563,19.30354267310789,4.522275899087493,4.468599033816425,1.0534084809447128,8.749329039184111,1.5297906602254427,0.07380568974771873
157,35.61460010735373,24.805421363392377,19.196188942565755,4.522275899087493,4.468599033816425,1.0534084809447128,8.735909822866345,1.5297906602254427,0.07380568974771873
158,35.950080515297905,24.718196457326894,18.947933440687063,4.522275899087493,4.468599033816425,1.0534084809447128,8.735909822866345,1.5297906602254427,0.07380568974771873
159,36.09769189479334,24.54374664519592,18.92109500805153,4.636339237788513,4.468599033816425,1.0534084809447128,8.682232957595277,1.5230810520665594,0.07380568974771873
160,36.292270531400966,24.496779388083738,18.887546967257112,4.555823939881911,4.468599033816425,1.0534084809447128,8.648684916800859,1.5230810520665594,0.07380568974771873
161,36.30568974771873,24.490069779924852,18.887546967257112,4.616210413311863,4.468599033816425,1.1808910359634996,8.467525496511003,1.5096618357487923,0.07380568974771873
162,36.3191089640365,24.490069779924852,18.874127750939344,4.616210413311863,4.468599033816425,1.1808910359634996,8.467525496511003,1.5096618357487923,0.07380568974771873
163,36.36607622114869,24.382716049382715,18.86070853462158,4.7101449275362315,4.468599033816425,1.1808910359634996,8.454106280193237,1.5029522275899088,0.07380568974771873
164,36.39291465378422,24.349168008588297,18.80703166935051,4.7638217928073,4.609500805152979,1.1808910359634996,8.319914117015566,1.5029522275899088,0.07380568974771873
165,36.22517444981213,23.382984433709073,18.53864734299517,4.884594739667204,4.582662372517445,2.4892646269457863,8.319914117015566,1.5029522275899088,0.07380568974771873
166,36.77536231884058,23.2487922705314,18.50509930220075,4.770531400966184,4.528985507246377,2.4892646269457863,8.105206655931294,1.5029522275899088,0.07380568974771873
167,37.02361782071927,23.141438539989263,18.451422436929683,4.736983360171766,4.528985507246377,2.4892646269457863,8.05823939881911,1.4962426194310252,0.07380568974771873
168,37.0504562533548,23.00053676865271,18.38432635534085,4.7101449275362315,4.804079441760601,2.4221685453569513,8.05823939881911,1.4962426194310252,0.07380568974771873
169,36.99006977992485,22.973698336017176,18.33064949006978,4.797369833601718,4.804079441760601,2.4221685453569513,8.111916264090176,1.4962426194310252,0.07380568974771873
170,37.1309715512614,22.953569511540525,18.169618894256576,4.790660225442834,4.790660225442834,2.4154589371980677,8.038110574342458,1.6371443907675791,0.07380568974771873
171,36.60762211486849,22.6784755770263,16.532474503488995,4.790660225442834,3.7909286097691894,6.166129898013956,7.7831454643048845,1.5767579173376274,0.07380568974771873
172,36.90955448201825,22.6784755770263,16.364734299516908,4.804079441760601,3.603059581320451,6.213097155126141,7.7831454643048845,1.570048309178744,0.07380568974771873
173,37.124261943102525,22.624798711755233,16.25738056897477,4.804079441760601,3.5762211486849167,6.213097155126141,7.75630703166935,1.570048309178744,0.07380568974771873
174,37.224906065485776,22.436929683306495,16.384863123993558,4.804079441760601,3.5762211486849167,6.1862587224906065,7.763016639828234,1.5499194847020934,0.07380568974771873
175,37.40606548577563,22.430220075147613,16.022544283413847,5.032206119162641,3.5762211486849167,6.179549114331723,7.763016639828234,1.5163714439076759,0.07380568974771873
176,37.76167471819646,22.289318303811058,15.955448201825014,5.0791733762748255,3.5762211486849167,5.984970477724101,7.763016639828234,1.5163714439076759,0.07380568974771873
177,38.016639828234034,22.262479871175522,15.83467525496511,5.045625335480408,3.5762211486849167,5.984970477724101,7.689210950080516,1.5163714439076759,0.07380568974771873
178,38.02334943639291,21.920289855072465,15.787707997852925,5.434782608695652,3.5762211486849167,5.984970477724101,7.682501341921632,1.5163714439076759,0.07380568974771873
179,38.197799248523886,21.866612989801396,15.687063875469672,5.501878690284487,3.5762211486849167,5.897745571658615,7.682501341921632,1.5163714439076759,0.07380568974771873
180,38.1508319914117,21.77938808373591,15.519323671497585,5.4616210413311865,3.5762211486849167,5.897745571658615,8.044820182501342,1.4962426194310252,0.07380568974771873
181,38.30515297906602,21.70558239398819,15.49248523886205,5.401234567901234,3.6902844873859366,5.884326355340848,7.950885668276973,1.4962426194310252,0.07380568974771873
182,38.405797101449274,21.64519592055824,15.49248523886205,5.387815351583468,3.6902844873859366,5.857487922705314,7.950885668276973,1.4962426194310252,0.07380568974771873
183,38.17096081588835,21.40365002683843,15.908480944712828,5.475040257648954,3.6902844873859366,5.844068706387547,7.937466451959206,1.4962426194310252,0.07380568974771873
184,38.238056897477186,21.390230810520666,15.901771336553946,5.475040257648954,3.6902844873859366,5.8172302737520125,7.917337627482555,1.4962426194310252,0.07380568974771873
185,38.66747181964573,21.135265700483092,15.801127214170693,5.475040257648954,3.6500268384326353,5.776972624798712,7.836822329575953,1.583467525496511,0.07380568974771873
186,38.09044551798175,20.571658615136876,17.250402576489535,5.589103596349974,3.6500268384326353,5.35426731078905,7.836822329575953,1.583467525496511,0.07380568974771873
187,38.459473966720346,20.44417606011809,17.06924315619968,5.542136339237788,3.6366076221148687,5.35426731078905,7.836822329575953,1.583467525496511,0.07380568974771873
188,38.64734299516908,20.44417606011809,16.901502952227588,5.542136339237788,3.629898013955985,5.340848094471283,7.836822329575953,1.583467525496511,0.07380568974771873
189,38.808373590982285,20.38378958668814,16.841116478797638,5.636070853462158,3.5426731078904994,5.293880837359098,7.836822329575953,1.583467525496511,0.07380568974771873
190,38.75469672571122,20.44417606011809,16.774020397208805,5.629361245303274,3.5292538915727323,5.293880837359098,7.957595276435856,1.5432098765432098,0.07380568974771873
191,38.64734299516908,20.558239398819108,16.888083735909824,5.528717122920021,3.5292538915727323,5.293880837359098,7.937466451959206,1.5432098765432098,0.07380568974771873
192,39.070048309178745,20.531400966183575,16.686795491143318,5.528717122920021,3.374932903918411,5.186527106816962,7.917337627482555,1.6304347826086956,0.07380568974771873
193,39.20424047235642,20.477724100912507,16.5727321524423,5.528717122920021,3.374932903918411,5.059044551798175,8.07836822329576,1.6304347826086956,0.07380568974771873
194,39.439076757917334,20.40391841116479,16.398282340311326,5.595813204508857,3.4420289855072466,4.978529253891573,8.05823939881911,1.6103059581320451,0.07380568974771873
195,39.63365539452496,20.229468599033815,16.27750939345142,5.6964573268921095,3.4420289855072466,4.978529253891573,8.05823939881911,1.6103059581320451,0.07380568974771873
196,39.74771873322598,20.081857219538378,16.210413311862588,5.83064949006978,3.4420289855072466,4.944981213097155,8.05823939881911,1.6103059581320451,0.07380568974771873
197,40.03623188405797,19.97450348899624,16.163446054750402,5.8172302737520125,3.4286097691894795,4.8376274825550185,8.091787439613526,1.5767579173376274,0.07380568974771873
198,40.19055287171229,19.97450348899624,16.035963499731615,5.8172302737520125,3.4286097691894795,4.810789049919484,8.091787439613526,1.5767579173376274,0.07380568974771873
199,40.29119699409554,19.786634460547504,16.009125067096083,5.877616747181965,3.4286097691894795,4.810789049919484,8.172302737520129,1.5499194847020934,0.07380568974771873
200,40.351583467525494,19.786634460547504,16.009125067096083,5.857487922705314,3.4286097691894795,4.810789049919484,8.132045088566828,1.5499194847020934,0.07380568974771873
201,40.707192699946326,19.524959742351047,15.98899624261943,5.736714975845411,3.3480944712828773,4.750402576489533,8.319914117015566,1.5499194847020934,0.07380568974771873
202,40.713902308105204,19.47128287707998,15.901771336553946,5.71658615136876,3.408480944712829,4.85775630703167,8.3064949006978,1.5499194847020934,0.07380568974771873
203,40.92860976918948,19.404186795491142,15.901771336553946,5.676328502415459,3.321256038647343,4.8376274825550185,8.3064949006978,1.5499194847020934,0.07380568974771873
204,41.02925389157273,19.296833064949006,16.009125067096083,5.636070853462158,3.307836822329576,4.810789049919484,8.28636607622115,1.5499194847020934,0.07380568974771873
205,41.217122920021474,19.142512077294686,15.921900161030596,5.629361245303274,3.307836822329576,4.810789049919484,8.3467525496511,1.5499194847020934,0.07380568974771873
206,41.33118625872249,19.11567364465915,15.713902308105206,5.703166935050993,3.3011272141706924,4.810789049919484,8.279656468062266,1.6706924315619969,0.07380568974771873
207,41.532474503489,19.216317767042405,15.593129361245303,5.676328502415459,3.2004830917874396,4.810789049919484,8.232689210950081,1.6639828234031133,0.07380568974771873
208,41.56602254428341,19.122383252818036,15.552871712292003,5.810520665593129,3.2004830917874396,4.810789049919484,8.232689210950081,1.6304347826086956,0.07380568974771873
209,41.84111647879764,19.00161030595813,15.5126140633387,5.642780461621041,3.240740740740741,4.810789049919484,8.246108427267847,1.6304347826086956,0.07380568974771873
210,41.968599033816425,18.988191089640367,15.418679549114332,5.636070853462158,3.2340311325818574,4.810789049919484,8.239398819108963,1.6304347826086956,0.07380568974771873
211,42.069243156199676,18.968062265163713,15.35829307568438,5.636070853462158,3.2340311325818574,4.790660225442834,8.239398819108963,1.6304347826086956,0.07380568974771873
212,42.00214707461084,18.82716049382716,15.35829307568438,5.60252281266774,3.374932903918411,4.783950617283951,8.3467525496511,1.6304347826086956,0.07380568974771873
213,42.3040794417606,18.780193236714975,15.237520128824476,5.60252281266774,3.374932903918411,4.676596886741814,8.319914117015566,1.6304347826086956,0.07380568974771873
214,42.72007514761138,18.719806763285025,15.08990874932904,5.481749865807837,3.374932903918411,4.622920021470746,8.299785292538916,1.6170155662909287,0.07380568974771873
215,42.70665593129361,18.699677938808374,15.056360708534621,5.481749865807837,3.374932903918411,4.730273752012883,8.259527643585615,1.6170155662909287,0.07380568974771873
216,42.78717122920021,18.686258722490606,15.002683843263553,5.481749865807837,3.374932903918411,4.7168545356951155,8.259527643585615,1.6170155662909287,0.07380568974771873
217,43.02871712292002,18.666129898013956,14.861782071927,5.481749865807837,3.3011272141706924,4.7101449275362315,8.259527643585615,1.6170155662909287,0.07380568974771873
218,43.10923242082662,18.632581857219538,14.848362855609233,5.4549114331723025,3.3011272141706924,4.7101449275362315,8.259527643585615,1.6103059581320451,0.07380568974771873
219,43.263553408480945,18.50509930220075,14.848362855609233,5.4549114331723025,3.3011272141706924,4.7101449275362315,8.232689210950081,1.6103059581320451,0.07380568974771873
220,43.43129361245303,18.491680085882983,14.720880300590446,5.4549114331723025,3.3011272141706924,4.7101449275362315,8.232689210950081,1.583467525496511,0.07380568974771873
221,43.74664519592056,18.230005367686527,14.647074610842727,5.421363392377885,3.3011272141706924,4.7101449275362315,8.387010198604402,1.482823403113258,0.07380568974771873
222,43.887546967257116,18.156199677938808,14.526301663982823,5.414653784219001,3.3011272141706924,4.656468062265164,8.501073537305421,1.482823403113258,0.07380568974771873
223,43.98819108964037,18.129361245303276,14.465915190552872,5.414653784219001,3.3011272141706924,4.656468062265164,8.487654320987655,1.482823403113258,0.07380568974771873
224,43.76677402039721,17.62614063338701,14.465915190552872,5.233494363929147,3.1736446591519054,4.508856682769726,9.675254965110037,1.4761137949543746,0.07380568974771873
225,43.73322597960279,17.85426731078905,14.40552871712292,5.199946323134729,3.0864197530864197,4.49543746645196,9.675254965110037,1.4761137949543746,0.07380568974771873
226,43.853998926462694,17.753623188405797,14.338432635534085,5.3341384863123995,3.0864197530864197,4.49543746645196,9.594739667203436,1.4761137949543746,0.06709608158883522
227,44.04186795491143,17.538915727321523,14.338432635534085,5.3274288781535155,3.0730005367686526,4.428341384863124,9.708803005904455,1.4761137949543746,0.06709608158883522
228,44.10896403650027,17.404723564143854,14.143853998926463,5.676328502415459,3.046162104133119,4.428341384863124,9.688674181427805,1.4358561460010735,0.06709608158883522
229,44.32367149758454,17.364465915190554,14.04320987654321,5.676328502415459,3.0327428878153517,4.367954911433173,9.634997316156737,1.4895330112721417,0.06709608158883522
230,44.316961889425656,17.364465915190554,14.029790660225443,5.656199677938808,3.0327428878153517,4.367954911433173,9.675254965110037,1.4895330112721417,0.06709608158883522
231,44.41089640365003,17.364465915190554,13.982823403113258,5.656199677938808,3.0327428878153517,4.367954911433173,9.648416532474503,1.4694041867954912,0.06709608158883522
232,44.578636607622116,17.337627482555018,13.88888888888889,5.656199677938808,3.0327428878153517,4.341116478797638,9.66183574879227,1.4358561460010735,0.06709608158883522
233,44.927536231884055,17.236983360171767,13.855340848094471,5.656199677938808,2.965646806226516,4.327697262479871,9.54777241009125,1.415727321524423,0.06709608158883522
234,44.97450348899624,17.223564143854,13.855340848094471,5.636070853462158,2.965646806226516,4.327697262479871,9.534353193773484,1.415727321524423,0.06709608158883522
235,45.088566827697264,17.21014492753623,13.788244766505636,5.636070853462158,2.965646806226516,4.294149221685454,9.534353193773484,1.415727321524423,0.06709608158883522
236,45.209339774557165,17.176596886741816,13.788244766505636,5.629361245303274,2.918679549114332,4.260601180891036,9.534353193773484,1.415727321524423,0.06709608158883522
237,45.46430488459474,17.143048845947398,13.707729468599034,5.629361245303274,2.9052603327965647,4.03918411164788,9.5276435856146,1.5163714439076759,0.06709608158883522
238,45.813204508856685,17.002147074610843,13.573537305421363,5.58239398819109,2.9052603327965647,4.025764895330113,9.514224369296834,1.5163714439076759,0.06709608158883522
239,45.98765432098765,16.982018250134193,13.546698872785829,5.58239398819109,2.898550724637681,4.025764895330113,9.46725711218465,1.442565754159957,0.06709608158883522
240,46.03462157809984,16.982018250134193,13.499731615673644,5.58239398819109,2.898550724637681,4.025764895330113,9.46725711218465,1.442565754159957,0.06709608158883522
241,46.282877079978526,16.908212560386474,13.499731615673644,5.5756843800322065,2.8918411164787976,3.878153515834675,9.46725711218465,1.42914653784219,0.06709608158883522
242,46.57809983896941,16.78743961352657,13.405797101449275,5.555555555555555,2.8918411164787976,3.878153515834675,9.420289855072463,1.415727321524423,0.06709608158883522
243,46.833064949006975,16.780730005367687,13.291733762748256,5.488459473966721,2.885131508319914,3.844605475040258,9.39345142243693,1.415727321524423,0.06709608158883522
244,45.8467525496511,16.25738056897477,13.271604938271604,5.320719269994632,2.885131508319914,5.542136339237788,9.39345142243693,1.415727321524423,0.06709608158883522
245,46.02120236178207,16.243961352657006,13.110574342458401,5.300590445517981,2.932098765432099,5.542136339237788,9.292807300053678,1.4895330112721417,0.06709608158883522
246,46.101717659688674,16.203703703703702,13.083735909822867,5.300590445517981,2.932098765432099,5.542136339237788,9.27938808373591,1.4895330112721417,0.06709608158883522
247,46.4573268921095,16.129898013955984,13.009930220075148,5.186527106816962,2.932098765432099,5.542136339237788,9.185453569511541,1.4895330112721417,0.06709608158883522
248,46.544551798174986,15.92860976918948,13.117283950617283,5.287171229200215,2.932098765432099,5.528717122920021,9.185453569511541,1.4090177133655395,0.06709608158883522
249,46.806226516371446,15.801127214170693,13.110574342458401,5.260332796564681,2.932098765432099,5.508588298443371,9.104938271604938,1.4090177133655395,0.06709608158883522
250,47.215512614063336,15.72061191626409,13.030059044551798,5.246913580246914,2.8918411164787976,5.488459473966721,8.930488459473967,1.4090177133655395,0.06709608158883522
251,47.12157809983897,15.640096618357488,13.110574342458401,5.233494363929147,3.0394524959742353,5.5689747718733225,8.883521202361782,1.3352120236178207,0.06709608158883522
252,47.42351046698873,15.566290928609769,13.01663982823403,5.152979066022544,3.012614063338701,5.542136339237788,8.883521202361782,1.3352120236178207,0.06709608158883522
253,47.66505636070853,15.505904455179817,12.922705314009661,5.139559849704777,2.9924852388620504,5.501878690284487,8.870101986044014,1.3352120236178207,0.06709608158883522
254,47.85963499731616,15.33816425120773,12.922705314009661,5.139559849704777,3.3548040794417604,5.495169082125604,8.487654320987655,1.3352120236178207,0.06709608158883522
255,47.93344068706388,15.183843263553408,12.875738056897477,5.307300053676865,3.3548040794417604,5.414653784219001,8.527911969940956,1.3352120236178207,0.06709608158883522
256,48.047504025764894,15.143585614600108,12.822061191626409,5.347557702630167,3.3548040794417604,5.347557702630167,8.668813741277509,1.2010198604401503,0.06709608158883522
257,47.94015029522276,15.136876006441224,12.822061191626409,5.347557702630167,3.4688674181427803,5.347557702630167,8.668813741277509,1.2010198604401503,0.06709608158883522
258,48.09447128287708,15.056360708534621,12.754965110037574,5.280461621041331,3.435319377348363,5.347557702630167,8.76274825550188,1.2010198604401503,0.06709608158883522
259,48.21524422973698,14.969135802469136,12.72812667740204,5.273752012882448,3.435319377348363,5.347557702630167,8.76274825550188,1.2010198604401503,0.06709608158883522
260,48.22866344605475,14.915458937198068,12.815351583467525,5.273752012882448,3.421900161030596,5.347557702630167,8.729200214707461,1.2010198604401503,0.06709608158883522
261,48.33601717659689,14.814814814814815,12.815351583467525,5.2066559312936125,3.421900161030596,5.4616210413311865,8.675523349436393,1.2010198604401503,0.06709608158883522
