,45,50,53,55,54,51,56,52,57,58,60,59,61,46
0,55.48845947396672,43.283682232957595,1.1808910359634996,0.04696725711218465,,,,,,,,,,
1,54.55582393988191,44.16264090177134,1.1808910359634996,0.10064412238325282,,,,,,,,,,
2,54.29414922168545,41.619699409554485,1.1674718196457328,2.918679549114332,,,,,,,,,,
3,49.624261943102525,41.378153515834676,1.1674718196457328,2.6502952227589907,5.179817498658078,,,,,,,,,
4,38.33870101986044,48.8996242619431,1.1876006441223832,2.7241009125067097,5.179817498658078,3.643317230273752,0.026838432635534086,,,,,,,
5,37.875738056897475,48.95330112721417,1.5029522275899088,2.771068169618894,5.179817498658078,3.643317230273752,0.026838432635534086,0.020128824476650563,0.026838432635534086,,,,,
6,35.71524422973698,51.77133655394525,0.7045088566827697,2.9119699409554483,5.139559849704777,3.629898013955985,0.026838432635534086,0.08051529790660225,0.020128824476650563,,,,,
7,32.98443370907139,51.7512077294686,0.7045088566827697,2.965646806226516,5.10601180891036,3.629898013955985,0.026838432635534086,2.8113258185721954,0.020128824476650563,,,,,
8,28.133387010198604,47.96027911969941,5.911164787976382,2.3349436392914655,4.723564143853999,6.910896403650026,0.026838432635534086,3.8915727321524423,0.020128824476650563,0.05367686527106817,0.03354804079441761,,,
9,25.93263553408481,46.182232957595275,5.253623188405797,3.3145464304884595,4.864465915190553,10.44015029522276,0.026838432635534086,3.851315083199141,0.020128824476650563,0.08051529790660225,0.03354804079441761,,,
10,24.376006441223833,46.121846484165324,5.226784755770263,3.3413848631239937,4.804079441760601,8.917069243156199,0.06709608158883522,7.011540526033279,0.020128824476650563,0.08051529790660225,0.03354804079441761,,,
11,15.754159957058508,57.427536231884055,7.5281803542673105,2.576489533011272,4.327697262479871,5.481749865807837,0.06709608158883522,6.66935050993022,0.05367686527106817,0.08051529790660225,0.03354804079441761,,,
12,15.11003757380569,55.132850241545896,7.461084272678476,2.563070316693505,6.561996779388084,6.239935587761675,0.06709608158883522,6.662640901771336,0.05367686527106817,0.11406333870101985,0.03354804079441761,,,
13,15.344873859366613,54.78395061728395,7.407407407407407,2.7442297369833604,6.528448738593666,6.239935587761675,0.06709608158883522,6.635802469135802,0.05367686527106817,0.13419216317767044,0.03354804079441761,0.026838432635534086,,
14,15.324745034889963,53.30783682232958,7.360440150295223,2.871712292002147,6.615673644659152,7.608695652173913,0.06709608158883522,6.608964036500268,0.05367686527106817,0.12077294685990338,0.03354804079441761,0.026838432635534086,,
15,13.405797101449275,26.073537305421365,7.340311325818572,3.408480944712829,4.508856682769726,38.69431025228127,0.06709608158883522,6.273483628556092,0.07380568974771873,0.12077294685990338,0.03354804079441761,,,
16,13.848631239935587,25.959473966720342,7.2933440687063875,3.374932903918411,4.4753086419753085,38.486312399355874,0.06709608158883522,6.260064412238325,0.07380568974771873,0.1274825550187869,0.03354804079441761,,,
17,13.6808910359635,23.55072463768116,8.319914117015566,3.3480944712828773,8.373590982286634,35.47369833601718,0.06709608158883522,6.655931293612453,0.23483628556092323,0.1274825550187869,0.03354804079441761,0.13419216317767044,,
18,13.81508319914117,23.58427267847558,8.272946859903382,3.4420289855072466,8.360171765968868,35.245571658615134,0.10735373054213634,6.642512077294686,0.23483628556092323,0.1274825550187869,0.03354804079441761,0.13419216317767044,,
19,14.083467525496511,23.450080515297905,8.152173913043478,3.81105743424584,8.333333333333334,34.70209339774557,0.10735373054213634,6.642512077294686,0.2885131508319914,0.2616747181964573,0.03354804079441761,0.13419216317767044,,
20,14.150563607085346,23.22866344605475,8.091787439613526,9.722222222222221,7.883789586688137,28.113258185721953,1.2748255501878691,6.629092860976919,0.3153515834675255,0.33548040794417605,0.040257648953301126,0.2147074610842727,,
21,11.842458400429415,25.5300590445518,7.98443370907139,9.91009125067096,7.856951154052603,27.932098765432098,1.2949543746645196,6.535158346752549,0.39586688137412773,0.36902844873859364,0.040257648953301126,0.30864197530864196,,
22,12.057165861513688,24.610842726784757,7.937466451959206,9.769189479334408,8.856682769726248,27.79790660225443,1.261406333870102,6.521739130434782,0.3824476650563607,0.38915727321524424,0.040257648953301126,0.3757380568974772,,
23,12.345679012345679,23.637949543746647,10.25228126677402,9.722222222222221,8.776167471819646,27.415458937198068,1.221148684916801,5.360976918947934,0.3488996242619431,0.46296296296296297,0.08051529790660225,0.3757380568974772,,
24,12.533548040794418,23.62453032742888,10.225442834138486,9.782608695652174,8.749329039184111,27.200751476113794,1.2345679012345678,5.360976918947934,0.36231884057971014,0.46296296296296297,0.08722490606548577,0.3757380568974772,,
25,12.117552334943639,19.35721953837896,16.794149221685455,8.199141170155663,8.655394524959743,27.106816961889425,1.2681159420289856,5.347557702630167,0.36231884057971014,0.3421900161030596,0.04696725711218465,0.4025764895330113,,
26,12.124261943102523,18.303811057434245,16.74718196457327,8.192431561996779,8.621846484165324,28.213902308105208,1.2815351583467525,5.3341384863123995,0.36231884057971014,0.36902844873859364,0.04696725711218465,0.4025764895330113,,
27,12.453032742887816,18.149490069779926,14.61352657004831,9.39345142243693,10.61460010735373,26.898819108964037,1.2815351583467525,5.3274288781535155,0.38915727321524424,0.36902844873859364,0.04696725711218465,0.46296296296296297,,
28,12.29200214707461,17.12962962962963,11.956521739130435,9.145195920558239,9.702093397745571,26.7512077294686,1.2546967257112185,10.856146001073537,0.23483628556092323,0.28180354267310787,0.04696725711218465,0.3153515834675255,0.03354804079441761,
29,12.453032742887816,16.371443907675793,11.520397208803006,9.118357487922705,8.769457863660762,26.006441223832528,1.6035963499731616,13.33870101986044,0.23483628556092323,0.28180354267310787,0.0067096081588835215,0.2616747181964573,0.03354804079441761,
30,12.607353730542137,15.217391304347826,11.010466988727858,9.145195920558239,12.130971551261407,24.282071926999464,1.6975308641975309,13.130703166935051,0.23483628556092323,0.24154589371980675,0.0067096081588835215,0.2616747181964573,0.03354804079441761,
31,12.734836285560924,15.150295222758992,10.983628556092324,9.25925925925926,12.00348899624262,24.16129898013956,1.6975308641975309,13.023349436392914,0.322061191626409,0.24154589371980675,0.0067096081588835215,0.3824476650563607,0.03354804079441761,
32,12.983091787439614,14.928878153515834,11.252012882447666,9.232420826623725,11.936392914653783,24.000268384326354,1.6908212560386473,12.989801395598498,0.322061191626409,0.24154589371980675,0.0067096081588835215,0.3824476650563607,0.03354804079441761,
33,12.567096081588835,12.627482555018787,6.172839506172839,9.541062801932368,10.34621578099839,23.832528180354267,1.556629092860977,22.396672034353195,0.3421900161030596,0.24154589371980675,0.0067096081588835215,0.33548040794417605,0.03354804079441761,
34,12.93612453032743,12.560386473429952,6.159420289855072,9.494095544820183,10.359634997316157,23.66478797638218,1.556629092860977,22.309447128287708,0.3421900161030596,0.24154589371980675,0.0067096081588835215,0.33548040794417605,0.03354804079441761,
35,13.358829844337091,12.486580783682234,6.119162640901771,9.359903381642512,10.319377348362856,23.55072463768116,1.5767579173376274,22.22222222222222,0.32877079978529256,0.23483628556092323,0.03354804079441761,0.33548040794417605,0.07380568974771873,
36,12.647611379495437,10.802469135802468,5.374396135265701,10.527375201288244,6.977992485238862,21.900161030595815,1.5499194847020934,29.180085882984432,0.35560923242082665,0.23483628556092323,0.03354804079441761,0.3421900161030596,0.07380568974771873,
37,12.634192163177671,10.748792270531402,8.004562533548041,9.380032206119163,6.837090713902308,20.78636607622115,1.5499194847020934,28.83118625872249,0.5032206119162641,0.23483628556092323,0.03354804079441761,0.322061191626409,0.13419216317767044,
38,12.379227053140097,11.312399355877616,7.883789586688137,9.380032206119163,6.837090713902308,20.69243156199678,1.4962426194310252,28.75067096081589,0.5568974771873323,0.23483628556092323,0.03354804079441761,0.30864197530864196,0.13419216317767044,
39,12.432903918411165,10.560923242082662,7.823403113258186,9.433709071390231,7.96430488459474,20.544820182501343,1.5365002683843263,28.341384863123995,0.6508319914117016,0.23483628556092323,0.03354804079441761,0.30864197530864196,0.13419216317767044,
40,12.754965110037574,10.446859903381643,7.648953301127214,10.23215244229737,7.9039184111647875,20.39049919484702,1.3217928073000538,27.89855072463768,0.7045088566827697,0.2147074610842727,0.03354804079441761,0.322061191626409,0.1274825550187869,
41,13.030059044551798,10.426731078904991,7.6623725174449815,10.218733225979603,7.883789586688137,20.088566827697264,2.006172839506173,27.113526570048307,0.8722490606548577,0.2147074610842727,0.03354804079441761,0.322061191626409,0.1274825550187869,
42,13.197799248523886,10.326086956521738,7.568438003220612,10.071121846484166,7.9106280193236715,19.860440150295222,2.006172839506173,27.053140096618357,1.1876006441223832,0.2147074610842727,0.12077294685990338,0.35560923242082665,0.1274825550187869,
43,13.291733762748256,10.144927536231885,8.3467525496511,9.4873859366613,8.085077831454644,19.64573268921095,2.006172839506173,26.94578636607622,1.2010198604401503,0.24154589371980675,0.12077294685990338,0.38915727321524424,0.0939345142243693,
44,13.479602791196994,10.044283413848632,8.319914117015566,9.453837895866881,8.165593129361245,19.64573268921095,1.9726247987117553,26.798174986580783,1.2412775093934514,0.24154589371980675,0.12077294685990338,0.4227053140096618,0.0939345142243693,
45,12.714707461084272,9.749060654857756,8.279656468062266,9.440418679549115,7.96430488459474,21.886741814278047,2.01959205582394,25.738056897477186,1.2748255501878691,0.2616747181964573,0.12077294685990338,0.4562533548040794,0.0939345142243693,
46,13.003220611916264,9.722222222222221,7.702630166398282,8.293075684380032,7.722758990874933,24.510198604401502,1.9659151905528718,24.89935587761675,1.2748255501878691,0.23483628556092323,0.12077294685990338,0.4562533548040794,0.0939345142243693,
47,12.828770799785293,8.447396672034353,6.843800322061192,8.185721953837897,7.407407407407407,27.220880300590444,2.006172839506173,24.745034889962426,1.3687600644122384,0.23483628556092323,0.12077294685990338,0.46967257112184646,0.12077294685990338,
48,12.828770799785293,8.266237251744498,6.702898550724638,8.333333333333334,7.434245840042942,26.96591519055287,2.6502952227589907,24.476650563607084,1.3955984970477724,0.23483628556092323,0.12077294685990338,0.46967257112184646,0.12077294685990338,
49,12.909286097691895,8.165593129361245,6.723027375201288,8.863392377885132,7.407407407407407,26.46940418679549,2.690552871712292,23.34272678475577,2.4691358024691357,0.24825550187869028,0.12077294685990338,0.46967257112184646,0.12077294685990338,
50,13.103864734299517,8.132045088566828,6.696188942565755,8.78287707997853,7.4208266237251745,26.39559849704777,2.677133655394525,23.22866344605475,2.536231884057971,0.28180354267310787,0.12077294685990338,0.46967257112184646,0.15432098765432098,
51,12.634192163177671,7.957595276435856,6.6760601180891035,8.816425120772946,7.407407407407407,27.334943639291467,2.7442297369833604,22.84621578099839,2.5295222758990876,0.28180354267310787,0.12077294685990338,0.49651100375738055,0.15432098765432098,
52,12.714707461084272,7.971014492753623,6.6760601180891035,8.80300590445518,7.474503488996243,27.241009125067094,2.737520128824477,22.765700483091788,2.576489533011272,0.28180354267310787,0.12077294685990338,0.4830917874396135,0.15432098765432098,
53,12.95625335480408,7.816693505099302,6.561996779388084,8.709071390230811,7.360440150295223,26.113794954374665,2.7509393451422435,24.04723564143854,2.5697799248523885,0.28180354267310787,0.1610305958132045,0.5166398282340311,0.15432098765432098,
54,13.050187869028449,7.763016639828234,6.964573268921095,9.936929683306495,7.0450885668276975,25.45625335480408,2.4691358024691357,23.812399355877616,2.4892646269457863,0.28180354267310787,0.1610305958132045,0.41599570585077833,0.15432098765432098,
55,13.311862587224907,7.722758990874933,7.266505636070853,9.916800858829845,6.9243156199677935,25.02012882447665,2.4825550187869028,23.72517444981213,2.6167471819645733,0.28180354267310787,0.1610305958132045,0.41599570585077833,0.15432098765432098,
56,13.493022007514762,7.675791733762749,7.253086419753086,9.836285560923242,6.964573268921095,24.953032742887814,2.5026838432635534,23.658078368223297,2.6301663982823404,0.28180354267310787,0.1610305958132045,0.41599570585077833,0.17444981213097155,
57,13.365539452495975,7.561728395061729,12.164519592055823,8.863392377885132,6.66935050993022,24.516908212560388,2.49597423510467,20.860171765968868,2.6637144390767578,0.28180354267310787,0.07380568974771873,0.35560923242082665,0.1274825550187869,
58,13.58695652173913,7.5348899624261945,12.077294685990339,8.82313472893183,6.66935050993022,24.376006441223833,2.522812667740204,20.833333333333332,2.6502952227589907,0.322061191626409,0.10064412238325282,0.35560923242082665,0.14761137949543746,
59,13.741277509393452,7.467793880837359,12.070585077831455,8.68894256575416,7.199409554482019,24.20155662909286,2.3617820719269993,20.75281803542673,2.6435856146001075,0.322061191626409,0.10064412238325282,0.30193236714975846,0.14761137949543746,
60,13.848631239935587,7.454374664519592,12.070585077831455,8.501073537305421,7.185990338164252,24.060654857756308,2.6704240472356413,20.665593129361245,2.6704240472356413,0.322061191626409,0.10064412238325282,0.30193236714975846,0.14761137949543746,
61,13.734567901234568,7.440955448201825,8.735909822866345,9.675254965110037,7.085346215780999,28.267579173376276,2.8650026838432634,19.28341384863124,2.1135265700483092,0.24825550187869028,0.10064412238325282,0.30193236714975846,0.14761137949543746,
62,11.748523886205046,5.173107890499195,7.5281803542673105,8.84326355340848,3.5963499731615673,29.528985507246375,2.589908749329039,28.549382716049383,1.8115942028985508,0.20128824476650564,0.0939345142243693,0.20799785292538917,0.1274825550187869,
63,11.66129898013956,5.065754159957058,7.185990338164252,9.923510466988727,3.3816425120772946,29.28743961352657,2.576489533011272,28.482286634460547,1.751207729468599,0.2281266774020397,0.0939345142243693,0.23483628556092323,0.1274825550187869,
64,11.721685453569512,5.052334943639291,6.749865807836822,9.950348899624261,3.099838969404187,28.683574879227052,2.5429414922168547,29.790660225442835,1.7042404723564144,0.2281266774020397,0.0939345142243693,0.20799785292538917,0.17444981213097155,
65,12.02361782071927,5.045625335480408,6.615673644659152,9.863123993558776,3.099838969404187,28.549382716049383,2.6704240472356413,29.683306494900698,1.7310789049919484,0.2549651100375738,0.0939345142243693,0.20799785292538917,0.1610305958132045,
66,12.332259796027913,5.059044551798175,6.568706387546968,9.876543209876543,3.099838969404187,28.395061728395063,2.6502952227589907,29.482018250134193,1.7981749865807837,0.2885131508319914,0.08051529790660225,0.20799785292538917,0.1610305958132045,
67,12.493290391841116,5.032206119162641,6.588835212023618,9.71551261406334,3.2541599570585076,28.267579173376276,2.690552871712292,29.374664519592056,1.8317230273752012,0.30193236714975846,0.08051529790660225,0.20799785292538917,0.1610305958132045,
68,12.842190016103059,5.032206119162641,6.535158346752549,9.749060654857756,3.2541599570585076,28.046162104133117,2.703972088030059,29.240472356414386,1.8451422436929683,0.30193236714975846,0.08051529790660225,0.20799785292538917,0.1610305958132045,
69,13.09044551798175,4.998658078368224,6.488191089640365,10.21202361782072,3.2541599570585076,27.4422973698336,2.703972088030059,29.13311862587225,1.8719806763285025,0.322061191626409,0.08051529790660225,0.20799785292538917,0.19457863660762212,
70,12.754965110037574,4.978529253891573,6.340579710144928,9.668545356951155,5.58239398819109,26.764626945786365,2.7308105206655933,28.63660762211487,1.7847557702630166,0.33548040794417605,0.06709608158883522,0.13419216317767044,0.2214170692431562,
71,11.064143853998926,4.4753086419753085,6.0654857756307035,8.621846484165324,3.4621578099838968,46.77938808373591,2.1068169618894257,15.203972088030058,1.6438539989264627,0.2147074610842727,0.040257648953301126,0.10064412238325282,0.2214170692431562,
72,11.151368760064413,4.4753086419753085,6.0587761674718195,9.541062801932368,5.850778314546431,43.384326355340846,2.1403650026838434,15.143585614600108,1.6438539989264627,0.2147074610842727,0.07380568974771873,0.10064412238325282,0.2214170692431562,
73,11.392914653784219,4.502147074610843,6.038647342995169,9.802737520128824,5.810520665593129,42.981749865807835,2.1403650026838434,15.029522275899087,1.6908212560386473,0.2147074610842727,0.07380568974771873,0.10064412238325282,0.2214170692431562,
74,10.7085346215781,4.38137412775094,5.83064949006978,9.809447128287708,5.71658615136876,41.968599033816425,2.0799785292538915,17.19001610305958,1.724369296833065,0.18115942028985507,0.07380568974771873,0.13419216317767044,0.20128824476650564,
75,10.86285560923242,4.334406870638754,5.790391841116479,10.674986580783683,5.723295759527644,40.35829307568438,2.818035426731079,17.09608158883521,1.6975308641975309,0.23483628556092323,0.040257648953301126,0.16774020397208803,0.20128824476650564,
76,11.09098228663446,4.274020397208803,5.776972624798712,11.312399355877616,5.810520665593129,39.9020397208803,2.985775630703167,16.384863123993558,1.8317230273752012,0.23483628556092323,0.040257648953301126,0.16774020397208803,0.1878690284487386,
77,11.419753086419753,4.274020397208803,5.776972624798712,11.231884057971014,5.776972624798712,39.660493827160494,3.113258185721954,16.25067096081589,1.8317230273752012,0.2683843263553409,0.040257648953301126,0.16774020397208803,0.1878690284487386,
78,11.486849168008588,4.253891572732153,5.770263016639828,12.06387546967257,5.776972624798712,39.44578636607622,3.2139023081052067,15.552871712292003,1.7713365539452497,0.2683843263553409,0.040257648953301126,0.16774020397208803,0.1878690284487386,
79,11.11111111111111,4.045893719806763,5.730005367686527,11.876006441223833,5.803811057434245,41.19028448738594,3.180354267310789,14.781266774020397,1.596886741814278,0.2885131508319914,0.040257648953301126,0.16774020397208803,0.1878690284487386,
80,11.352657004830919,3.9519592055823938,5.629361245303274,11.98336017176597,5.837359098228664,40.955448201825014,3.2474503488996245,14.734299516908212,1.596886741814278,0.3153515834675255,0.040257648953301126,0.16774020397208803,0.1878690284487386,
81,11.392914653784219,3.9519592055823938,5.60252281266774,11.540526033279656,8.923778851315083,37.815351583467525,3.3950617283950617,14.78797638217928,1.865271068169619,0.3153515834675255,0.040257648953301126,0.19457863660762212,0.17444981213097155,
82,11.11111111111111,3.9519592055823938,5.5689747718733225,11.18491680085883,6.333870101986044,27.865002683843265,2.5496511003757383,28.951959205582394,1.8317230273752012,0.2683843263553409,0.040257648953301126,0.16774020397208803,0.17444981213097155,
83,11.466720343531938,3.9855072463768115,5.562265163714439,11.124530327428879,6.320450885668277,27.677133655394524,2.576489533011272,28.81105743424584,1.865271068169619,0.24154589371980675,0.040257648953301126,0.15432098765432098,0.17444981213097155,
84,11.600912506709609,3.965378421900161,7.360440150295223,11.077563070316694,5.60252281266774,27.556360708534623,2.576489533011272,27.885131508319915,1.7579173376274826,0.24154589371980675,0.040257648953301126,0.1610305958132045,0.17444981213097155,
85,11.949812130971551,3.9586688137412773,7.25979602791197,11.07085346215781,5.58239398819109,27.47584541062802,2.5429414922168547,27.75764895330113,1.7847557702630166,0.24154589371980675,0.040257648953301126,0.1610305958132045,0.17444981213097155,
86,12.338969404186795,3.9318303811057436,7.212828770799785,10.997047772410092,5.589103596349974,27.30139559849705,2.5429414922168547,27.623456790123456,1.7847557702630166,0.30193236714975846,0.040257648953301126,0.1610305958132045,0.17444981213097155,
87,12.473161567364466,3.9989264626945786,7.206119162640902,10.782340311325818,5.548845947396672,27.274557165861513,2.6972624798711755,27.51610305958132,1.7847557702630166,0.32877079978529256,0.040257648953301126,0.15432098765432098,0.19457863660762212,
88,12.607353730542137,3.9989264626945786,7.219538378958669,10.748792270531402,5.595813204508857,27.033011272141707,2.690552871712292,27.536231884057973,1.8317230273752012,0.32877079978529256,0.040257648953301126,0.15432098765432098,0.2147074610842727,
89,12.513419216317766,3.9855072463768115,7.125603864734299,11.802200751476114,5.542136339237788,26.31508319914117,2.717391304347826,27.34165324745035,1.9189479334406871,0.3421900161030596,0.040257648953301126,0.15432098765432098,0.20128824476650564,
90,12.385936661298981,3.9184111647879765,7.018250134192163,11.688137412775093,5.226784755770263,25.13419216317767,2.4490069779924855,29.508856682769725,1.9256575415995705,0.3421900161030596,0.040257648953301126,0.15432098765432098,0.20799785292538917,
91,12.526838432635534,3.864734299516908,7.071926999463232,11.674718196457327,5.22007514761138,25.10064412238325,2.4154589371980677,29.428341384863124,1.9524959742351047,0.3421900161030596,0.040257648953301126,0.15432098765432098,0.20799785292538917,
92,12.855609232420827,3.824476650563607,7.0450885668276975,11.614331723027375,5.179817498658078,24.9597423510467,2.4355877616747184,28.871443907675793,2.4355877616747184,0.3757380568974772,0.040257648953301126,0.15432098765432098,0.20799785292538917,
93,13.130703166935051,3.8043478260869565,7.0383789586688135,11.54723564143854,5.166398282340311,24.852388620504563,2.4355877616747184,28.690284487385938,2.522812667740204,0.4092860976918948,0.040257648953301126,0.15432098765432098,0.20799785292538917,
94,13.345410628019323,3.7775093934514223,7.105475040257649,11.493558776167472,5.146269457863661,24.84567901234568,2.4355877616747184,28.509125067096083,2.5295222758990876,0.4092860976918948,0.040257648953301126,0.15432098765432098,0.20799785292538917,
95,12.298711755233494,6.125872249060655,6.951154052603328,11.594202898550725,4.998658078368224,23.778851315083198,2.657004830917874,28.193773483628558,2.5697799248523885,0.4025764895330113,0.040257648953301126,0.15432098765432098,0.23483628556092323,
96,12.379227053140097,6.125872249060655,6.951154052603328,12.473161567364466,4.998658078368224,23.557434245840042,2.6167471819645733,27.556360708534623,2.509393451422437,0.4025764895330113,0.040257648953301126,0.15432098765432098,0.23483628556092323,
97,12.526838432635534,6.112453032742888,6.964573268921095,12.372517444981213,4.99194847020934,23.423242082662373,2.6167471819645733,27.435587761674718,2.5966183574879227,0.39586688137412773,0.040257648953301126,0.2885131508319914,0.23483628556092323,
98,11.976650563607086,5.548845947396672,6.615673644659152,11.808910359634996,8.279656468062266,22.61808910359635,2.5496511003757383,27.24771873322598,2.4020397208803006,0.39586688137412773,0.040257648953301126,0.2885131508319914,0.2281266774020397,
99,12.164519592055823,5.448201825013419,6.649221685453569,11.855877616747183,8.21256038647343,22.52415458937198,2.5496511003757383,27.160493827160494,2.428878153515835,0.39586688137412773,0.040257648953301126,0.3421900161030596,0.2281266774020397,
100,12.057165861513688,4.85775630703167,7.1725711218464845,10.795759527643586,7.937466451959206,25.97289318303811,2.6167471819645733,24.966451959205582,2.3886205045625335,0.4227053140096618,0.07380568974771873,0.5099302200751477,0.2281266774020397,
101,12.218196457326892,4.85775630703167,7.1725711218464845,10.775630703166936,7.9106280193236715,25.751476113794954,2.8515834675254963,24.818840579710145,2.408749329039184,0.4227053140096618,0.07380568974771873,0.5099302200751477,0.2281266774020397,
102,12.27187332259796,4.7638217928073,7.152442297369833,10.520665593129362,7.5281803542673105,25.288513150831992,2.945517981749866,25.91250670960816,2.341653247450349,0.4227053140096618,0.07380568974771873,0.5099302200751477,0.2281266774020397,0.040257648953301126
103,12.385936661298981,4.757112184648417,8.145464304884594,10.57434245840043,7.5281803542673105,27.334943639291467,2.85829307568438,22.839506172839506,2.26784755770263,0.4227053140096618,0.07380568974771873,0.5434782608695652,0.2281266774020397,0.040257648953301126
104,12.338969404186795,4.528985507246377,7.924047235641439,10.25228126677402,8.568169618894256,27.120236178207193,2.9388083735909825,22.77241009125067,2.26784755770263,0.4428341384863124,0.07380568974771873,0.5434782608695652,0.1878690284487386,0.040257648953301126
105,12.573805689747719,4.488727858293076,7.924047235641439,10.245571658615138,8.507783145464305,27.053140096618357,2.9589371980676327,22.624798711755233,2.3617820719269993,0.41599570585077833,0.07380568974771873,0.5434782608695652,0.1878690284487386,0.040257648953301126
106,12.211486849168008,4.488727858293076,7.199409554482019,9.883252818035427,7.695920558239399,22.940150295222757,2.6704240472356413,29.47530864197531,2.281266774020397,0.38915727321524424,0.07380568974771873,0.46967257112184646,0.18115942028985507,0.040257648953301126
107,12.104133118625873,4.461889425657541,9.4873859366613,9.842995169082126,7.689210950080516,22.57783145464305,2.3081052066559313,28.012614063338702,2.328234031132582,0.4227053140096618,0.07380568974771873,0.46967257112184646,0.18115942028985507,0.040257648953301126
108,12.365807836822329,4.441760601180891,9.433709071390231,9.789318303811058,7.6623725174449815,22.50402576489533,2.3886205045625335,27.83816425120773,2.3886205045625335,0.4227053140096618,0.07380568974771873,0.46967257112184646,0.18115942028985507,0.040257648953301126
109,12.318840579710145,4.414922168545357,12.258454106280194,9.648416532474503,6.213097155126141,21.557971014492754,2.3483628556092326,27.737520128824478,2.3886205045625335,0.4092860976918948,0.07380568974771873,0.4092860976918948,0.18115942028985507,0.040257648953301126
110,12.144390767579173,4.408212560386473,12.211486849168008,10.72866344605475,6.199677938808374,20.88030059044552,2.3483628556092326,27.556360708534623,2.3886205045625335,0.4092860976918948,0.07380568974771873,0.4227053140096618,0.18115942028985507,0.04696725711218465
111,12.338969404186795,4.374664519592056,12.164519592055823,10.607890499194847,6.246645195920558,20.819914117015568,2.3617820719269993,27.449006977992486,2.522812667740204,0.4092860976918948,0.07380568974771873,0.4227053140096618,0.1610305958132045,0.04696725711218465
112,12.184648416532475,4.374664519592056,13.331991411701557,10.131508319914117,5.958132045088567,20.652173913043477,2.395330112721417,27.462426194310254,2.4691358024691357,0.39586688137412773,0.07380568974771873,0.4227053140096618,0.10064412238325282,0.04696725711218465
113,12.211486849168008,4.367954911433173,13.613794954374665,10.285829307568438,6.89747718733226,20.182501341921633,2.4691358024691357,26.321792807300053,2.5966183574879227,0.4227053140096618,0.07380568974771873,0.4092860976918948,0.10064412238325282,0.04696725711218465
114,12.446323134728932,4.341116478797638,13.539989264626946,10.25228126677402,6.877348362855609,20.088566827697264,2.5026838432635534,26.214439076757916,2.636876006441224,0.39586688137412773,0.07380568974771873,0.4562533548040794,0.1274825550187869,0.04696725711218465
115,12.493290391841116,4.341116478797638,13.486312399355878,10.25228126677402,6.769994632313473,20.041599570585078,2.6637144390767578,26.1808910359635,2.6301663982823404,0.43612453032742887,0.07380568974771873,0.4562533548040794,0.1274825550187869,0.04696725711218465
116,12.607353730542137,4.300858829844337,13.325281803542673,10.48040794417606,6.776704240472356,19.89398819108964,2.623456790123457,26.08695652173913,2.6972624798711755,0.5032206119162641,0.07380568974771873,0.4562533548040794,0.1274825550187869,0.04696725711218465
117,12.714707461084272,4.280730005367687,13.285024154589372,10.466988727858293,6.8035426731078905,19.860440150295222,2.5966183574879227,25.91921631776704,2.791196994095545,0.5032206119162641,0.07380568974771873,0.5166398282340311,0.1274825550187869,0.06038647342995169
118,12.634192163177671,4.280730005367687,12.359098228663447,10.124798711755233,6.709608158883521,22.396672034353195,2.576489533011272,25.0805152979066,2.563070316693505,0.5032206119162641,0.07380568974771873,0.5099302200751477,0.1274825550187869,0.06038647342995169
119,12.5402576489533,4.280730005367687,12.345679012345679,9.997316156736447,6.447933440687064,22.208803005904453,2.589908749329039,25.617283950617285,2.677133655394525,0.5032206119162641,0.07380568974771873,0.5434782608695652,0.11406333870101985,0.06038647342995169
120,12.31213097155126,4.247181964573269,12.365807836822329,9.96376811594203,6.508319914117015,25.241545893719806,2.522812667740204,22.886473429951693,2.657004830917874,0.5032206119162641,0.07380568974771873,0.5434782608695652,0.11406333870101985,0.06038647342995169
121,12.493290391841116,4.247181964573269,12.399355877616747,9.936929683306495,6.501610305958132,25.194578636607623,2.4892646269457863,22.81266774020397,2.636876006441224,0.5032206119162641,0.07380568974771873,0.5367686527106817,0.11406333870101985,0.06038647342995169
122,12.68786902844874,4.133118625872249,12.298711755233494,10.104669887278583,7.2933440687063875,25.127482555018787,2.4490069779924855,22.094739667203434,2.563070316693505,0.47638217928073,0.07380568974771873,0.5367686527106817,0.10064412238325282,0.06038647342995169
123,13.01663982823403,4.133118625872249,12.25174449812131,10.044283413848632,7.239667203435319,25.02012882447665,2.4825550187869028,21.953837895866883,2.5429414922168547,0.47638217928073,0.10735373054213634,0.5367686527106817,0.13419216317767044,0.06038647342995169
124,12.513419216317766,4.133118625872249,14.640365002683843,9.950348899624261,6.964573268921095,24.08078368223296,2.2208803005904456,21.74584004294149,2.589908749329039,0.46296296296296297,0.10735373054213634,0.39586688137412773,0.13419216317767044,0.06038647342995169
125,12.68786902844874,4.119699409554482,14.647074610842727,10.151637144390767,6.904186795491143,23.980139559849704,2.2410091250670963,21.477455716586153,2.657004830917874,0.43612453032742887,0.10735373054213634,0.39586688137412773,0.13419216317767044,0.06038647342995169
126,12.580515297906603,4.119699409554482,15.230810520665592,9.789318303811058,6.749865807836822,23.778851315083198,2.301395598497048,21.74584004294149,2.522812667740204,0.43612453032742887,0.13419216317767044,0.4294149221685454,0.1274825550187869,0.05367686527106817
127,12.761674718196458,4.119699409554482,15.157004830917874,9.809447128287708,6.723027375201288,23.67149758454106,2.314814814814815,21.68545356951154,2.5697799248523885,0.4428341384863124,0.13419216317767044,0.4294149221685454,0.1274825550187869,0.05367686527106817
128,12.278582930756844,3.6366076221148687,14.492753623188406,9.782608695652174,6.6760601180891035,22.376543209876544,2.301395598497048,24.758454106280194,2.4892646269457863,0.46296296296296297,0.13419216317767044,0.4294149221685454,0.1274825550187869,0.05367686527106817
129,12.466451959205582,3.6366076221148687,14.445786366076222,9.77589908749329,6.662640901771336,22.363123993558776,2.301395598497048,24.644390767579175,2.522812667740204,0.46296296296296297,0.12077294685990338,0.4294149221685454,0.1274825550187869,0.040257648953301126
130,11.969940955448202,2.5026838432635534,14.318303811057435,9.702093397745571,6.635802469135802,25.0402576489533,2.2611379495437465,23.8191089640365,2.563070316693505,0.46967257112184646,0.12077294685990338,0.4294149221685454,0.1274825550187869,0.040257648953301126
131,12.184648416532475,2.4892646269457863,14.257917337627482,9.648416532474503,6.649221685453569,24.90606548577563,2.2879763821792807,23.79898013955985,2.576489533011272,0.46967257112184646,0.12077294685990338,0.4428341384863124,0.1274825550187869,0.040257648953301126
132,12.473161567364466,2.4825550187869028,14.13714439076758,9.822866344605474,6.515029522275899,24.630971551261407,2.281266774020397,23.678207192699947,2.791196994095545,0.4562533548040794,0.12077294685990338,0.4428341384863124,0.1274825550187869,0.040257648953301126
133,12.526838432635534,2.4825550187869028,13.935856146001074,11.017176596886742,6.427804616210413,23.845947396672035,2.2611379495437465,23.51046698872786,2.8247450348899625,0.43612453032742887,0.12077294685990338,0.4428341384863124,0.1274825550187869,0.040257648953301126
134,12.734836285560924,2.4825550187869028,13.935856146001074,10.896403650026839,6.454643048845948,23.758722490606548,2.2879763821792807,23.369565217391305,2.871712292002147,0.5501878690284487,0.08722490606548577,0.4025764895330113,0.1274825550187869,0.040257648953301126
135,12.614063338701019,2.4825550187869028,13.868760064412239,10.68840579710145,6.407675791733762,22.450348899624263,2.2745571658615136,25.38244766505636,2.6502952227589907,0.5367686527106817,0.0939345142243693,0.3824476650563607,0.1274825550187869,0.040257648953301126
136,12.607353730542137,2.4825550187869028,13.808373590982287,10.72866344605475,6.394256575415996,22.356414385399894,2.341653247450349,25.38244766505636,2.6637144390767578,0.5904455179817498,0.0939345142243693,0.3824476650563607,0.1274825550187869,0.040257648953301126
137,12.667740203972087,2.475845410628019,13.841921631776705,10.715244229736983,6.414385399892646,22.262479871175522,2.341653247450349,25.37573805689748,2.657004830917874,0.5904455179817498,0.0939345142243693,0.39586688137412773,0.1274825550187869,0.040257648953301126
138,12.869028448738593,2.475845410628019,14.076757917337627,10.674986580783683,6.427804616210413,22.15512614063339,2.328234031132582,25.06038647342995,2.657004830917874,0.6239935587761675,0.0939345142243693,0.38915727321524424,0.1274825550187869,0.040257648953301126
139,13.009930220075148,2.462426194310252,14.016371443907676,10.748792270531402,6.394256575415996,22.08132045088567,2.3617820719269993,24.966451959205582,2.6972624798711755,0.6105743424584005,0.0939345142243693,0.38915727321524424,0.1274825550187869,0.040257648953301126
140,13.177670424047236,2.4557165861513686,13.654052603327965,10.802469135802468,7.024959742351046,22.014224369296834,2.3617820719269993,24.724906065485776,2.522812667740204,0.6105743424584005,0.0939345142243693,0.38915727321524424,0.1274825550187869,0.040257648953301126
141,13.405797101449275,2.4557165861513686,13.217928073000536,10.715244229736983,7.675791733762749,21.85990338164251,2.314814814814815,24.510198604401502,2.563070316693505,0.6105743424584005,0.08722490606548577,0.41599570585077833,0.1274825550187869,0.040257648953301126
142,13.16425120772947,2.4557165861513686,14.016371443907676,10.621309715512615,6.407675791733762,23.778851315083198,2.2745571658615136,23.66478797638218,2.328234031132582,0.644122383252818,0.08722490606548577,0.38915727321524424,0.1274825550187869,0.040257648953301126
143,12.801932367149758,2.4557165861513686,14.351851851851851,9.608158883521202,6.320450885668277,22.7187332259796,2.2745571658615136,25.89908749329039,2.301395598497048,0.644122383252818,0.08722490606548577,0.36902844873859364,0.1274825550187869,0.040257648953301126
144,12.842190016103059,2.428878153515835,15.331454643048845,9.628287707997853,6.300322061191626,22.63150831991412,2.26784755770263,25.006709608158882,2.2879763821792807,0.6508319914117016,0.08722490606548577,0.36902844873859364,0.1274825550187869,0.040257648953301126
145,13.123993558776167,2.4221685453569513,15.210681696188942,9.796027911969942,6.3137412775093935,22.376543209876544,2.2611379495437465,24.90606548577563,2.2879763821792807,0.6776704240472357,0.08722490606548577,0.36902844873859364,0.1274825550187869,0.040257648953301126
146,13.446054750402576,2.395330112721417,15.203972088030058,9.789318303811058,6.260064412238325,22.289318303811058,2.26784755770263,24.758454106280194,2.2879763821792807,0.6776704240472357,0.08722490606548577,0.36902844873859364,0.1274825550187869,0.040257648953301126
147,13.372249060654857,2.3886205045625335,15.083199141170155,10.59447128287708,6.239935587761675,21.812936124530328,2.24771873322598,24.651100375738057,2.3081052066559313,0.7045088566827697,0.08722490606548577,0.36902844873859364,0.10064412238325282,0.040257648953301126
148,13.499731615673644,2.3752012882447664,15.344873859366613,10.601180891035963,6.233225979602791,21.658615136876005,2.254428341384863,24.48336017176597,2.2611379495437465,0.7045088566827697,0.08722490606548577,0.35560923242082665,0.10064412238325282,0.040257648953301126
149,13.754696725711218,2.3752012882447664,15.197262479871176,10.413311862587225,6.1929683306494905,21.101717659688674,2.2074610842726785,25.11406333870102,2.24771873322598,0.8319914117015567,0.08722490606548577,0.35560923242082665,0.08051529790660225,0.040257648953301126
150,13.828502415458937,2.328234031132582,15.08990874932904,10.57434245840043,6.904186795491143,20.759527643585614,2.1940418679549114,24.62426194310252,2.301395598497048,0.8319914117015567,0.08722490606548577,0.35560923242082665,0.08051529790660225,0.040257648953301126
151,13.633923778851315,2.2946859903381642,13.976113794954374,10.34621578099839,6.857219538378959,20.457595276435857,2.214170692431562,26.570048309178745,2.2879763821792807,0.8185721953837896,0.08722490606548577,0.35560923242082665,0.06038647342995169,0.040257648953301126
152,13.479602791196994,2.2611379495437465,13.868760064412239,9.480676328502415,6.561996779388084,22.926731078904993,2.8381642512077296,25.067096081588836,2.15378421900161,0.8185721953837896,0.08722490606548577,0.35560923242082665,0.06038647342995169,0.040257648953301126
153,13.627214170692431,2.2611379495437465,13.81508319914117,9.46725711218465,6.662640901771336,22.859634997316157,2.8113258185721954,24.90606548577563,2.26784755770263,0.8185721953837896,0.04696725711218465,0.35560923242082665,0.06038647342995169,0.040257648953301126
154,13.734567901234568,2.24771873322598,14.15727321524423,9.31964573268921,6.716317767042405,22.758990874932906,2.8113258185721954,24.56387546967257,2.3349436392914655,0.8521202361782072,0.04696725711218465,0.35560923242082665,0.06038647342995169,0.040257648953301126
155,13.81508319914117,2.24771873322598,14.15727321524423,9.353193773483628,6.716317767042405,22.65163714439077,2.8381642512077296,24.50348899624262,2.3886205045625335,0.8387010198604401,0.04696725711218465,0.3421900161030596,0.06038647342995169,0.040257648953301126
156,13.694310252281268,2.01959205582394,14.11701556629093,9.333064949006978,5.991680085882985,22.262479871175522,2.844873859366613,26.06682769726248,2.341653247450349,0.8387010198604401,0.04696725711218465,0.3421900161030596,0.06038647342995169,0.040257648953301126
157,13.828502415458937,2.01959205582394,14.163982823403114,9.31964573268921,6.018518518518518,22.18196457326892,2.8113258185721954,25.97289318303811,2.38191089640365,0.8118625872249061,0.04696725711218465,0.3421900161030596,0.06038647342995169,0.040257648953301126
158,14.009661835748792,2.01959205582394,14.123725174449811,9.306226516371444,5.984970477724101,22.108158883521202,2.8784219001610305,25.93263553408481,2.3349436392914655,0.8118625872249061,0.04696725711218465,0.3421900161030596,0.06038647342995169,0.040257648953301126
159,14.465915190552872,2.01959205582394,14.04320987654321,9.272678475577026,5.998389694041868,22.007514761137948,2.844873859366613,25.697799248523886,2.3617820719269993,0.8118625872249061,0.04696725711218465,0.32877079978529256,0.06038647342995169,0.040257648953301126
160,14.61352657004831,2.01959205582394,14.04320987654321,9.225711218464841,5.978260869565218,21.920289855072465,2.831454643048846,25.63070316693505,2.4221685453569513,0.8118625872249061,0.04696725711218465,0.35560923242082665,0.06038647342995169,0.040257648953301126
