,45,50,54,55,53,52,59,60,51,58,56,57
0,99.55045625335481,0.4495437466451959,,,,,,,,,,
1,97.18196457326893,2.818035426731079,,,,,,,,,,
2,92.82742887815351,7.1725711218464845,,,,,,,,,,
3,92.82742887815351,7.1725711218464845,,,,,,,,,,
4,92.86097691894793,7.139023081052066,,,,,,,,,,
5,92.7536231884058,6.9243156199677935,0.322061191626409,,,,,,,,,
6,92.69994632313472,6.850509930220075,0.4495437466451959,,,,,,,,,
7,92.43827160493827,7.112184648416532,0.4495437466451959,,,,,,,,,
8,92.14304884594739,7.407407407407407,0.4495437466451959,,,,,,,,,
9,91.20370370370371,8.3467525496511,0.4495437466451959,,,,,,,,,
10,91.06951154052604,8.480944712828771,0.4495437466451959,,,,,,,,,
11,88.77482555018787,10.72866344605475,0.46967257112184646,0.026838432635534086,,,,,,,,
12,71.55797101449275,28.415190552871714,0.026838432635534086,,,,,,,,,
13,71.65861513687601,28.31454643048846,0.026838432635534086,,,,,,,,,
14,68.53864734299516,31.40096618357488,0.026838432635534086,0.03354804079441761,,,,,,,,
15,68.75335480407944,31.159420289855074,0.026838432635534086,0.06038647342995169,,,,,,,,
16,68.31052066559313,31.602254428341386,0.026838432635534086,0.06038647342995169,,,,,,,,
17,59.09151905528717,40.82125603864734,0.026838432635534086,0.06038647342995169,,,,,,,,
18,58.93719806763285,40.90848094471283,0.026838432635534086,0.1274825550187869,,,,,,,,
19,57.19269994632314,39.19753086419753,0.026838432635534086,1.0131508319914118,2.5697799248523885,,,,,,,
20,57.21282877079979,39.13714439076758,0.026838432635534086,1.0131508319914118,2.5429414922168547,0.040257648953301126,0.026838432635534086,,,,,
21,53.737251744498124,42.652979066022546,0.026838432635534086,0.9997316156736447,2.395330112721417,0.040257648953301126,0.14761137949543746,,,,,
22,40.633387010198604,53.475577026301664,2.703972088030059,1.0332796564680622,1.9659151905528718,0.040257648953301126,0.14761137949543746,,,,,
23,40.3918411164788,53.73054213633924,2.703972088030059,1.0332796564680622,1.9524959742351047,0.040257648953301126,0.14761137949543746,,,,,
24,40.52603327965647,53.35480407944176,2.9052603327965647,1.0332796564680622,1.9256575415995705,0.07380568974771873,0.14761137949543746,0.03354804079441761,,,,
25,40.64009661835749,51.61701556629093,5.528717122920021,1.0601180891035964,0.9393451422436929,0.06038647342995169,0.12077294685990338,0.03354804079441761,,,,
26,40.87493290391841,51.388888888888886,5.528717122920021,1.0601180891035964,0.9326355340848095,0.06038647342995169,0.12077294685990338,0.03354804079441761,,,,
27,41.10305958132045,51.15405260332797,5.515297906602254,1.0802469135802468,0.9326355340848095,0.06038647342995169,0.12077294685990338,0.03354804079441761,,,,
28,41.23054213633924,50.93263553408481,5.4616210413311865,1.2412775093934514,0.9192163177670424,0.06038647342995169,0.12077294685990338,0.03354804079441761,,,,
29,41.41170155662909,50.6508319914117,5.394524959742351,1.4090177133655395,0.9192163177670424,0.06038647342995169,0.12077294685990338,0.03354804079441761,,,,
30,41.49892646269458,50.4495437466452,5.407944176060118,1.4224369296833066,0.9192163177670424,0.06038647342995169,0.12077294685990338,0.03354804079441761,0.08722490606548577,,,
31,39.95571658615137,49.12775093934514,5.360976918947934,1.482823403113258,0.9192163177670424,0.06038647342995169,0.12077294685990338,0.03354804079441761,2.9388083735909825,,,
32,38.66747181964573,50.348899624261946,5.314009661835748,1.6438539989264627,0.9192163177670424,0.06038647342995169,0.12077294685990338,0.03354804079441761,2.8918411164787976,,,
33,38.7614063338701,50.026838432635536,5.46833064949007,1.6841116478797638,0.9728931830381106,0.06038647342995169,0.11406333870101985,0.03354804079441761,2.8784219001610305,,,
34,39.08346752549651,49.71148684916801,5.46833064949007,1.6841116478797638,0.966183574879227,0.06038647342995169,0.11406333870101985,0.03354804079441761,2.8784219001610305,,,
35,39.24449812130972,49.16129898013956,5.448201825013419,2.0933977455716586,0.966183574879227,0.06038647342995169,0.11406333870101985,0.03354804079441761,2.8784219001610305,,,
36,39.51959205582394,48.88620504562534,5.441492216854535,2.100107353730542,0.966183574879227,0.06038647342995169,0.11406333870101985,0.03354804079441761,2.8784219001610305,,,
37,39.700751476113794,48.651368760064415,5.481749865807837,2.13365539452496,0.95276435856146,0.06038647342995169,0.11406333870101985,0.03354804079441761,2.871712292002147,,,
38,39.80810520665593,48.54401502952228,5.4616210413311865,2.1403650026838434,0.9192163177670424,0.06038647342995169,0.11406333870101985,0.03354804079441761,2.885131508319914,0.03354804079441761,,
39,31.790123456790123,56.68947933440687,4.193505099302201,3.207192699946323,0.9192163177670424,0.13419216317767044,0.11406333870101985,0.03354804079441761,2.885131508319914,0.03354804079441761,,
40,30.917874396135264,54.32769726247987,4.159957058507783,3.079710144927536,0.9192163177670424,3.4957058507783145,0.14761137949543746,0.03354804079441761,2.818035426731079,0.03354804079441761,0.06709608158883522,
41,30.475040257648953,48.752012882447666,1.737788513150832,2.636876006441224,0.9192163177670424,12.446323134728932,0.11406333870101985,0.03354804079441761,2.8113258185721954,0.03354804079441761,0.040257648953301126,
42,30.589103596349972,48.62453032742888,1.737788513150832,2.690552871712292,0.9057971014492754,12.365807836822329,0.11406333870101985,0.03354804079441761,2.7844873859366612,0.03354804079441761,0.040257648953301126,0.08051529790660225
43,30.46833064949007,48.59769189479334,1.737788513150832,2.690552871712292,0.9057971014492754,12.318840579710145,0.11406333870101985,0.03354804079441761,2.9790660225442833,0.03354804079441761,0.040257648953301126,0.08051529790660225
44,29.24718196457327,49.4699409554482,1.6304347826086956,2.918679549114332,1.482823403113258,12.224906065485776,0.1274825550187869,0.03354804079441761,2.7106816961889426,0.03354804079441761,0.040257648953301126,0.08051529790660225
45,29.47530864197531,49.362587224906065,1.6304347826086956,2.918679549114332,1.482823403113258,12.13768115942029,0.1274825550187869,0.03354804079441761,2.677133655394525,0.03354804079441761,0.040257648953301126,0.08051529790660225
46,29.736983360171767,49.16800858829844,1.6237251744498122,2.9052603327965647,1.482823403113258,12.050456253354804,0.1274825550187869,0.03354804079441761,2.657004830917874,0.03354804079441761,0.07380568974771873,0.10735373054213634
47,30.139559849704778,48.698336017176594,1.6237251744498122,3.0864197530864197,1.4559849704777241,11.929683306494901,0.1274825550187869,0.03354804079441761,2.6704240472356413,0.03354804079441761,0.07380568974771873,0.1274825550187869
48,27.30810520665593,39.32501341921632,1.247987117552335,3.207192699946323,1.247987117552335,11.761943102522812,0.1274825550187869,0.03354804079441761,15.445517981749866,0.03354804079441761,0.10735373054213634,0.15432098765432098
49,27.28797638217928,38.71443907675792,1.2681159420289856,3.3413848631239937,1.247987117552335,12.298711755233494,0.1274825550187869,0.03354804079441761,15.385131508319914,0.03354804079441761,0.10735373054213634,0.15432098765432098
50,25.704508856682768,40.405260332796566,1.2681159420289856,3.3413848631239937,1.247987117552335,12.27187332259796,0.1274825550187869,0.03354804079441761,15.324745034889963,0.03354804079441761,0.08722490606548577,0.15432098765432098
51,25.758185721953836,40.344873859366615,1.2681159420289856,3.3279656468062266,1.247987117552335,12.191358024691358,0.1274825550187869,0.03354804079441761,15.365002683843263,0.03354804079441761,0.08722490606548577,0.2147074610842727
52,25.758185721953836,40.264358561460014,1.3016639828234031,3.408480944712829,1.247987117552335,12.184648416532475,0.1274825550187869,0.03354804079441761,15.203972088030058,0.03354804079441761,0.2214170692431562,0.2147074610842727
53,25.979602791196996,39.97584541062802,1.3016639828234031,3.515834675254965,1.247987117552335,12.171229200214707,0.1274825550187869,0.03354804079441761,15.177133655394526,0.03354804079441761,0.2214170692431562,0.2147074610842727
54,26.207729468599034,39.31159420289855,2.717391304347826,3.455448201825013,1.2010198604401503,12.130971551261407,0.1274825550187869,0.03354804079441761,14.345142243692969,0.03354804079441761,0.2214170692431562,0.2147074610842727
55,26.060118089103597,37.67444981213097,2.657004830917874,3.455448201825013,1.2010198604401503,12.426194310252281,0.1274825550187869,0.03354804079441761,15.861513687600644,0.03354804079441761,0.2549651100375738,0.2147074610842727
56,26.35534084809447,37.486580783682236,2.61003757380569,3.4957058507783145,1.2010198604401503,12.385936661298981,0.1610305958132045,0.03354804079441761,15.767579173376275,0.03354804079441761,0.2549651100375738,0.2147074610842727
57,26.46940418679549,37.37251744498121,2.6435856146001075,3.5292538915727323,1.2010198604401503,12.318840579710145,0.1610305958132045,0.03354804079441761,15.707192699946322,0.03354804079441761,0.28180354267310787,0.24825550187869028
58,24.9597423510467,36.04401502952228,2.6435856146001075,3.408480944712829,1.2010198604401503,12.245034889962426,0.1610305958132045,0.03354804079441761,18.739935587761675,0.03354804079441761,0.28180354267310787,0.24825550187869028
59,25.301932367149757,35.92324208266237,2.6435856146001075,3.3548040794417604,1.2010198604401503,12.130971551261407,0.1610305958132045,0.03354804079441761,18.659420289855074,0.03354804079441761,0.30864197530864196,0.24825550187869028
60,22.007514761137948,37.39264626945786,2.4020397208803006,3.3279656468062266,1.1272141706924315,11.943102522812667,0.1610305958132045,0.03354804079441761,20.90713902308105,0.03354804079441761,0.2952227589908749,0.36902844873859364
61,22.34970477724101,36.963231347289316,2.3886205045625335,3.7037037037037037,1.1272141706924315,11.876006441223833,0.1610305958132045,0.03354804079441761,20.699141170155663,0.03354804079441761,0.2952227589908749,0.36902844873859364
62,21.93370907139023,35.04428341384863,1.7981749865807837,3.7909286097691894,1.1272141706924315,21.571390230810522,0.13419216317767044,0.03354804079441761,13.855340848094471,0.03354804079441761,0.30864197530864196,0.36902844873859364
63,22.014224369296834,34.94363929146538,1.8250134192163177,3.7909286097691894,1.1272141706924315,21.598228663446054,0.13419216317767044,0.03354804079441761,13.855340848094471,0.03354804079441761,0.27509393451422437,0.36902844873859364
64,21.24932903918411,33.722490606548575,3.2742887815351582,3.8177670424047236,1.1674718196457328,20.954106280193237,0.13419216317767044,0.03354804079441761,15.022812667740205,0.03354804079441761,0.20128824476650564,0.38915727321524424
65,21.71900161030596,33.621846484165324,3.2541599570585076,3.7573805689747717,1.1674718196457328,20.833333333333332,0.13419216317767044,0.03354804079441761,14.855072463768115,0.03354804079441761,0.20128824476650564,0.38915727321524424
66,22.108158883521202,33.49436392914654,3.240740740740741,3.743961352657005,1.0735373054213635,20.75281803542673,0.13419216317767044,0.03354804079441761,14.794685990338165,0.03354804079441761,0.20128824476650564,0.38915727321524424
67,22.32957595276436,33.393719806763286,3.240740740740741,3.7372517444981215,1.0869565217391304,20.699141170155663,0.13419216317767044,0.03354804079441761,14.687332259796028,0.03354804079441761,0.23483628556092323,0.38915727321524424
68,22.65834675254965,33.24610842726785,3.280998389694042,3.7104133118625873,1.0869565217391304,20.544820182501343,0.13419216317767044,0.03354804079441761,14.579978529253891,0.03354804079441761,0.27509393451422437,0.41599570585077833
69,22.84621578099839,33.13204508856683,3.207192699946323,3.7037037037037037,1.0735373054213635,20.471014492753625,0.20128824476650564,0.03354804079441761,14.479334406870638,0.03354804079441761,0.3757380568974772,0.4428341384863124
70,23.17498658078368,32.991143317230275,3.207192699946323,3.7037037037037037,1.0735373054213635,20.001341921631777,0.20128824476650564,0.03354804079441761,14.42565754159957,0.03354804079441761,0.3757380568974772,0.7783145464304885
71,23.221953837895867,32.84353193773484,3.33467525496511,3.7037037037037037,1.0735373054213635,19.94766505636071,0.20128824476650564,0.03354804079441761,14.398819108964037,0.03354804079441761,0.4092860976918948,0.798443370907139
72,23.382984433709073,32.82340311325819,3.3011272141706924,3.69699409554482,1.107085346215781,19.900697799248523,0.17444981213097155,0.03354804079441761,14.325013419216317,0.03354804079441761,0.43612453032742887,0.785024154589372
73,23.67149758454106,32.46108427267848,3.5628019323671496,3.717122920021471,1.107085346215781,19.685990338164252,0.17444981213097155,0.03354804079441761,14.197530864197532,0.03354804079441761,0.5971551261406334,0.7581857219538379
74,23.839237788513152,32.400697799248526,3.5628019323671496,3.683574879227053,1.107085346215781,19.685990338164252,0.17444981213097155,0.03354804079441761,14.123725174449811,0.03354804079441761,0.5971551261406334,0.7581857219538379
75,22.71202361782072,28.529253891572733,3.140096618357488,2.576489533011272,1.107085346215781,18.63929146537842,0.17444981213097155,0.03354804079441761,21.81964573268921,0.03354804079441761,0.5904455179817498,0.644122383252818
76,22.21551261406334,27.408749329039185,3.126677402039721,2.475845410628019,1.107085346215781,20.26972624798712,0.17444981213097155,0.03354804079441761,21.973966720343533,0.03354804079441761,0.6172839506172839,0.5636070853462157
77,22.33628556092324,27.38191089640365,3.0931293612453032,2.475845410628019,1.107085346215781,20.21604938271605,0.20799785292538917,0.03354804079441761,21.920289855072465,0.03354804079441761,0.6038647342995169,0.5904455179817498
78,22.490606548577563,27.059849704777243,3.0864197530864197,2.791196994095545,1.107085346215781,20.162372517444982,0.20799785292538917,0.026838432635534086,21.833064949006978,0.03354804079441761,0.6105743424584005,0.5904455179817498
79,22.571121846484164,26.86527106816962,3.0730005367686526,2.9253891572732154,1.107085346215781,20.189210950080515,0.20799785292538917,0.026838432635534086,21.477455716586153,0.03354804079441761,0.9326355340848095,0.5904455179817498
80,22.638217928073,26.8317230273752,3.079710144927536,2.9253891572732154,0.9728931830381106,20.377079978529252,0.20799785292538917,0.026838432635534086,21.4170692431562,0.03354804079441761,0.9259259259259259,0.5636070853462157
81,22.940150295222757,26.798174986580783,3.012614063338701,2.8918411164787976,0.9728931830381106,20.28985507246377,0.24154589371980675,0.026838432635534086,21.32313472893183,0.03354804079441761,0.9259259259259259,0.5434782608695652
82,23.013955984970476,26.710950080515296,3.012614063338701,2.918679549114332,0.9728931830381106,20.316693505099302,0.24154589371980675,0.026838432635534086,21.26945786366076,0.03354804079441761,0.9259259259259259,0.5568974771873323
83,22.987117552334944,26.690821256038646,2.9119699409554483,2.918679549114332,3.616478797638218,18.49838969404187,0.23483628556092323,0.026838432635534086,20.7662372517445,0.03354804079441761,0.9393451422436929,0.3757380568974772
84,23.2085346215781,26.65727321524423,2.9119699409554483,2.918679549114332,3.5762211486849167,18.438003220611915,0.23483628556092323,0.026838432635534086,20.679012345679013,0.0067096081588835215,0.9326355340848095,0.4092860976918948
85,23.11460010735373,26.52308105206656,4.032474503488996,3.046162104133119,3.5426731078904994,17.57246376811594,0.2214170692431562,0.026838432635534086,20.397208803005906,0.0067096081588835215,1.0802469135802468,0.43612453032742887
86,23.21524422973698,26.570048309178745,4.066022544283414,3.046162104133119,3.4286097691894795,17.518786902844873,0.20799785292538917,0.026838432635534086,20.38378958668814,0.0067096081588835215,1.0802469135802468,0.4495437466451959
87,23.2487922705314,26.576757917337627,4.066022544283414,3.079710144927536,3.435319377348363,17.47181964573269,0.20799785292538917,0.026838432635534086,20.363660762211488,0.0067096081588835215,1.06682769726248,0.4495437466451959
88,23.22866344605475,26.529790660225444,4.146537842190016,3.1065485775630703,3.435319377348363,17.639559849704778,0.20799785292538917,0.026838432635534086,20.222758990874933,0.0067096081588835215,1.0399892646269457,0.4092860976918948
89,23.443370907139023,26.48953301127214,4.2270531400966185,3.1065485775630703,3.408480944712829,17.56575415995706,0.20799785292538917,0.026838432635534086,20.068438003220614,0.0067096081588835215,1.0399892646269457,0.4092860976918948
90,23.517176596886742,26.362050456253353,6.112453032742888,3.0730005367686526,3.408480944712829,16.11647879763822,0.20799785292538917,0.026838432635534086,19.94766505636071,0.0067096081588835215,0.9259259259259259,0.2952227589908749
91,23.59098228663446,26.140633387010197,6.105743424584004,3.0730005367686526,3.656736446591519,16.069511540526033,0.20799785292538917,0.026838432635534086,19.900697799248523,0.0067096081588835215,0.9259259259259259,0.2952227589908749
92,23.792270531400966,26.073537305421365,6.105743424584004,3.140096618357488,3.629898013955985,16.029253891572733,0.20799785292538917,0.026838432635534086,19.766505636070853,0.0067096081588835215,0.9259259259259259,0.2952227589908749
93,23.960010735373054,25.999731615673646,6.078904991948471,3.1065485775630703,3.629898013955985,16.035963499731615,0.20799785292538917,0.026838432635534086,19.665861513687602,0.0067096081588835215,0.9863123993558777,0.2952227589908749
94,24.308910359634996,25.865539452495973,6.018518518518518,3.1065485775630703,3.616478797638218,16.009125067096083,0.20799785292538917,0.026838432635534086,19.565217391304348,0.0067096081588835215,0.9728931830381106,0.2952227589908749
95,24.4699409554482,25.791733762748255,5.984970477724101,3.066290928609769,3.629898013955985,15.861513687600644,0.20799785292538917,0.026838432635534086,19.57192699946323,0.0067096081588835215,0.9728931830381106,0.4092860976918948
96,24.61755233494364,25.785024154589372,5.958132045088567,3.066290928609769,3.629898013955985,15.780998389694043,0.20799785292538917,0.026838432635534086,19.538378958668815,0.0067096081588835215,0.9728931830381106,0.4092860976918948
97,24.684648416532475,25.033548040794418,6.716317767042405,3.0394524959742353,3.629898013955985,15.76086956521739,0.20799785292538917,0.026838432635534086,19.43773483628556,0.04696725711218465,1.0064412238325282,0.4092860976918948
98,24.590713902308106,24.986580783682232,8.252818035426731,3.0193236714975846,3.6500268384326353,14.472624798711756,0.20799785292538917,0.026838432635534086,19.384057971014492,0.06709608158883522,0.9997316156736447,0.3421900161030596
99,22.71202361782072,22.436929683306495,8.185721953837897,3.099838969404187,3.7238325281803544,14.251207729468598,0.20128824476650564,0.026838432635534086,23.919753086419753,0.06709608158883522,1.0332796564680622,0.3421900161030596
100,22.6784755770263,22.383252818035427,7.7831454643048845,3.126677402039721,3.227321524422974,15.385131508319914,0.20128824476650564,0.026838432635534086,23.825818572195384,0.06709608158883522,1.0332796564680622,0.2616747181964573
101,22.940150295222757,22.31615673644659,7.763016639828234,3.066290928609769,3.240740740740741,15.297906602254429,0.20128824476650564,0.026838432635534086,23.785560923242084,0.06709608158883522,1.0332796564680622,0.2616747181964573
102,23.19511540526033,22.15512614063339,7.950885668276973,3.066290928609769,3.2139023081052067,15.210681696188942,0.20128824476650564,0.026838432635534086,23.60440150295223,0.06709608158883522,1.0265700483091786,0.28180354267310787
103,23.47691894793344,22.114868491680085,7.823403113258186,3.066290928609769,3.2004830917874396,15.163714439076758,0.20128824476650564,0.026838432635534086,23.376274825550187,0.06038647342995169,1.1943102522812667,0.2952227589908749
104,23.758722490606548,22.094739667203434,7.763016639828234,3.066290928609769,3.2004830917874396,15.076489533011273,0.20128824476650564,0.026838432635534086,23.295759527643586,0.026838432635534086,1.1943102522812667,0.2952227589908749
105,24.094202898550726,22.04777241009125,7.75630703166935,2.999194847020934,3.1736446591519054,15.009393451422437,0.20128824476650564,0.026838432635534086,23.17498658078368,0.026838432635534086,1.1943102522812667,0.2952227589908749
106,24.214975845410628,21.906870638754697,7.836822329575953,2.999194847020934,3.1535158346752548,14.982555018786902,0.20128824476650564,0.026838432635534086,23.1280193236715,0.026838432635534086,1.2278582930756843,0.2952227589908749
107,24.476650563607084,21.866612989801396,7.803274288781535,2.9723564143853998,3.1535158346752548,14.922168545356952,0.20128824476650564,0.026838432635534086,23.013955984970476,0.026838432635534086,1.2412775093934514,0.2952227589908749
108,24.496779388083738,21.43719806763285,7.809983896940419,2.918679549114332,3.9452495974235107,14.861782071927,0.20128824476650564,0.026838432635534086,22.71202361782072,0.026838432635534086,1.2412775093934514,0.322061191626409
109,24.610842726784757,21.36339237788513,7.5281803542673105,2.9790660225442833,3.9452495974235107,14.76784755770263,0.2281266774020397,0.026838432635534086,22.638217928073,0.13419216317767044,1.4559849704777241,0.322061191626409
110,22.940150295222757,20.30998389694042,5.314009661835748,2.4892646269457863,3.9452495974235107,10.540794417606012,0.20799785292538917,,32.59527643585615,0.1274825550187869,1.261406333870102,0.2683843263553409
111,23.10789049919485,20.061728395061728,5.488459473966721,2.4557165861513686,3.9318303811057436,10.735373054213634,0.20799785292538917,,32.2866344605475,0.1274825550187869,1.2949543746645196,0.30193236714975846
112,23.235373054213635,20.04830917874396,5.475040257648954,2.703972088030059,3.9318303811057436,10.674986580783683,0.20799785292538917,,31.944444444444443,0.1274825550187869,1.3486312399355878,0.30193236714975846
113,23.18840579710145,19.97450348899624,5.528717122920021,2.6972624798711755,3.9720880300590444,10.648148148148149,0.20799785292538917,,32.00483091787439,0.1274825550187869,1.3486312399355878,0.30193236714975846
114,23.315888352120236,19.96779388083736,5.562265163714439,2.7241009125067097,3.9452495974235107,10.621309715512615,0.17444981213097155,,31.910896403650028,0.1274825550187869,1.3486312399355878,0.30193236714975846
115,23.2085346215781,19.940955448201827,6.957863660762212,2.8515834675254963,3.92512077294686,10.399892646269459,0.17444981213097155,,30.703166935050994,0.1878690284487386,1.3486312399355878,0.30193236714975846
116,23.49033816425121,19.786634460547504,6.904186795491143,3.052871712292002,3.92512077294686,10.359634997316157,0.17444981213097155,,30.52200751476114,0.1878690284487386,1.2949543746645196,0.30193236714975846
117,23.597691894793343,19.558507783145465,6.89747718733226,3.079710144927536,3.9519592055823938,10.312667740203972,0.17444981213097155,,30.60252281266774,0.1878690284487386,1.3352120236178207,0.30193236714975846
118,18.726516371443907,32.628824476650564,6.018518518518518,2.2074610842726785,3.1468062265163717,9.876543209876543,0.17444981213097155,,25.543478260869566,0.1878690284487386,1.1876006441223832,0.30193236714975846
119,19.02173913043478,32.37385936661299,6.018518518518518,2.4154589371980677,3.1333870101986045,9.849704777241008,0.17444981213097155,,25.348899624261943,0.1878690284487386,1.1741814278046163,0.30193236714975846
120,19.256575415995705,32.30005367686527,5.978260869565218,2.6167471819645733,3.126677402039721,9.75577026301664,0.17444981213097155,,25.127482555018787,0.1878690284487386,1.1741814278046163,0.30193236714975846
121,19.37734836285561,32.17257112184648,5.978260869565218,2.703972088030059,3.066290928609769,9.856414385399892,0.17444981213097155,,25.0,0.1878690284487386,1.1808910359634996,0.30193236714975846
122,19.64573268921095,32.018250134192165,5.971551261406334,2.7308105206655933,3.0327428878153517,9.836285560923242,0.17444981213097155,,24.771873322597962,0.1878690284487386,1.3016639828234031,0.32877079978529256
123,19.880568974771872,31.810252281266774,6.045356951154052,2.804616210413312,2.985775630703167,9.822866344605474,0.17444981213097155,,24.65780998389694,0.1878690284487386,1.3016639828234031,0.32877079978529256
124,20.222758990874933,31.702898550724637,5.897745571658615,2.804616210413312,2.9723564143853998,9.762479871175524,0.17444981213097155,,24.644390767579175,0.1878690284487386,1.3016639828234031,0.32877079978529256
125,20.249597423510465,31.561996779388085,5.911164787976382,2.7777777777777777,2.9723564143853998,9.75577026301664,0.17444981213097155,,23.362855609232422,0.1878690284487386,2.717391304347826,0.32877079978529256
126,20.417337627482556,31.280193236714975,6.099033816425121,2.7643585614600106,2.9924852388620504,9.742351046698873,0.17444981213097155,,23.262211486849168,0.1878690284487386,2.7509393451422435,0.32877079978529256
127,20.511272141706925,31.146001073537306,6.005099302200751,2.8918411164787976,3.1870638754696725,9.628287707997853,0.17444981213097155,,23.201825013419217,0.1878690284487386,2.737520128824477,0.32877079978529256
128,20.571658615136876,31.072195383789587,5.991680085882985,3.4957058507783145,3.1870638754696725,9.554482018250134,0.17444981213097155,,22.685185185185187,0.1878690284487386,2.7241009125067097,0.35560923242082665
129,20.79307568438003,30.95813204508857,6.025228126677402,3.5225442834138487,3.193773483628556,9.534353193773484,0.17444981213097155,,22.564412238325282,0.1878690284487386,2.690552871712292,0.35560923242082665
130,21.115136876006442,30.817230273752013,6.011808910359635,3.549382716049383,3.166935050993022,9.473966720343531,0.17444981213097155,,22.356414385399894,0.1878690284487386,2.791196994095545,0.35560923242082665
131,21.329844337090712,30.709876543209877,6.4345142243692965,3.5762211486849167,3.1333870101986045,9.373322597960279,0.17444981213097155,,21.85990338164251,0.1878690284487386,2.8515834675254963,0.36902844873859364
132,21.511003757380568,30.636070853462158,6.387546967257112,3.5225442834138487,3.2742887815351582,9.31964573268921,0.17444981213097155,,21.792807300053678,0.1878690284487386,2.8247450348899625,0.36902844873859364
133,21.732420826623724,30.56897477187332,6.400966183574879,3.475577026301664,3.180354267310789,9.312936124530328,0.17444981213097155,,21.772678475577028,0.1878690284487386,2.8247450348899625,0.36902844873859364
134,22.114868491680085,30.48174986580784,6.380837359098229,3.589640365002684,3.180354267310789,9.286097691894794,0.14761137949543746,,21.55126140633387,0.1878690284487386,2.7106816961889426,0.36902844873859364
135,22.342995169082126,30.414653784219002,6.461352657004831,3.569511540526033,3.0931293612453032,9.245840042941492,0.17444981213097155,,21.490874932903917,0.1878690284487386,2.6502952227589907,0.36902844873859364
136,22.544283413848632,30.280461621041333,6.414385399892646,3.670155662909286,3.026033279656468,9.212292002147075,0.17444981213097155,,21.477455716586153,0.1878690284487386,2.6435856146001075,0.36902844873859364
137,22.7187332259796,30.152979066022546,6.394256575415996,3.643317230273752,3.026033279656468,9.232420826623725,0.17444981213097155,,21.470746108427267,0.1878690284487386,2.6301663982823404,0.36902844873859364
138,22.98040794417606,30.03220611916264,6.353998926462695,3.643317230273752,3.026033279656468,9.172034353193773,0.17444981213097155,,21.430488459473967,0.1878690284487386,2.6301663982823404,0.36902844873859364
139,23.19511540526033,30.005367686527105,6.347289318303811,3.616478797638218,3.026033279656468,9.125067096081589,0.17444981213097155,,21.38352120236178,0.1878690284487386,2.5429414922168547,0.39586688137412773
140,23.349436392914654,29.931561996779386,6.273483628556092,3.6366076221148687,3.0595813204508855,9.057971014492754,0.17444981213097155,,21.336553945249598,0.1878690284487386,2.5966183574879227,0.39586688137412773
141,23.336017176596886,26.570048309178745,9.849704777241008,3.502415458937198,2.985775630703167,9.172034353193773,0.17444981213097155,,21.22920021470746,0.1878690284487386,2.5966183574879227,0.39586688137412773
142,23.45679012345679,26.54320987654321,9.789318303811058,3.5292538915727323,2.985775630703167,9.145195920558239,0.17444981213097155,,21.155394524959743,0.2281266774020397,2.5966183574879227,0.39586688137412773
143,23.59098228663446,26.50295222758991,9.71551261406334,3.5292538915727323,2.985775630703167,9.125067096081589,0.17444981213097155,,20.913848631239937,0.2281266774020397,2.8650026838432634,0.36902844873859364
144,23.59098228663446,26.482823403113258,9.728931830381105,3.824476650563607,2.9723564143853998,9.07139023081052,0.17444981213097155,,20.67230273752013,0.2281266774020397,2.885131508319914,0.36902844873859364
145,23.778851315083198,26.34863123993559,9.708803005904455,3.8378958668813743,2.9924852388620504,9.064680622651638,0.17444981213097155,,20.67230273752013,0.2281266774020397,2.85829307568438,0.33548040794417605
146,24.000268384326354,26.167471819645733,9.608158883521202,3.9586688137412773,2.9924852388620504,9.037842190016104,0.20799785292538917,,20.598497047772412,0.2281266774020397,2.885131508319914,0.3153515834675255
147,24.168008588298445,26.127214170692433,9.581320450885668,3.9586688137412773,2.985775630703167,9.037842190016104,0.20799785292538917,,20.517981749865807,0.2147074610842727,2.885131508319914,0.3153515834675255
148,23.242082662372518,25.83870101986044,9.54777241009125,3.8714439076757916,3.0193236714975846,8.749329039184111,0.20799785292538917,,22.108158883521202,0.2147074610842727,2.885131508319914,0.3153515834675255
149,22.82608695652174,26.78475577026302,9.634997316156737,3.8714439076757916,2.999194847020934,8.293075684380032,0.20799785292538917,,21.886741814278047,0.2147074610842727,2.965646806226516,0.3153515834675255
150,22.98040794417606,26.737788513150832,9.594739667203436,3.878153515834675,3.026033279656468,8.28636607622115,0.20799785292538917,,21.79951690821256,0.24154589371980675,2.932098765432099,0.3153515834675255
151,22.920021470746107,25.261674718196456,11.33923778851315,3.7775093934514223,3.012614063338701,8.28636607622115,0.1878690284487386,,21.752549651100377,0.24154589371980675,2.9052603327965647,0.3153515834675255
152,23.14814814814815,25.15432098765432,11.325818572195384,3.750670960815888,2.9790660225442833,8.28636607622115,0.1878690284487386,,21.68545356951154,0.2885131508319914,2.8784219001610305,0.3153515834675255
153,23.282340311325818,25.046967257112186,11.29898013955985,3.7372517444981215,2.9790660225442833,8.199141170155663,0.1878690284487386,,21.62506709608159,0.2885131508319914,3.0394524959742353,0.3153515834675255
154,23.53059581320451,24.86580783682233,11.272141706924316,3.824476650563607,2.9790660225442833,8.158883521202362,0.1878690284487386,,21.511003757380568,0.2885131508319914,3.0394524959742353,0.3421900161030596
155,23.59098228663446,24.792002147074612,11.285560923242082,3.824476650563607,2.9790660225442833,8.158883521202362,0.1878690284487386,,21.477455716586153,0.2885131508319914,3.0730005367686526,0.3421900161030596
156,23.597691894793343,24.302200751476114,12.761674718196458,3.7573805689747717,2.757648953301127,8.09849704777241,0.28180354267310787,,20.893719806763286,0.2885131508319914,2.952227589908749,0.30864197530864196
157,23.711755233494365,24.282071926999464,12.828770799785293,3.643317230273752,2.7777777777777777,8.09849704777241,0.28180354267310787,,20.833333333333332,0.2683843263553409,2.965646806226516,0.30864197530864196
158,23.678207192699947,24.06736446591519,12.842190016103059,3.629898013955985,2.804616210413312,8.460815888352121,0.2549651100375738,,20.77294685990338,0.2683843263553409,2.9119699409554483,0.30864197530864196
159,23.866076221148685,24.000268384326354,12.781803542673108,3.670155662909286,2.7979066022544283,8.393719806763285,0.2549651100375738,,20.725979602791195,0.2683843263553409,2.9052603327965647,0.33548040794417605
160,23.79898013955985,23.89291465378422,12.701288244766506,4.079441760601181,2.6704240472356413,8.380300590445518,0.2281266774020397,,20.705850778314545,0.2683843263553409,2.9388083735909825,0.33548040794417605
161,24.013687600644122,23.839237788513152,12.654320987654321,4.072732152442297,2.6704240472356413,8.380300590445518,0.2281266774020397,,20.598497047772412,0.2683843263553409,2.9388083735909825,0.33548040794417605
162,24.188137412775095,23.778851315083198,12.593934514224369,4.106280193236715,2.6167471819645733,8.3064949006978,0.2281266774020397,,20.531400966183575,0.2683843263553409,2.9253891572732154,0.4562533548040794
163,24.335748792270532,23.70504562533548,12.506709608158884,4.106280193236715,2.677133655394525,8.293075684380032,0.20799785292538917,,20.50456253354804,0.2683843263553409,2.9052603327965647,0.48980139559849706
164,24.46323134728932,23.617820719269993,12.446323134728932,4.106280193236715,2.677133655394525,8.279656468062266,0.24154589371980675,,20.44417606011809,0.2683843263553409,2.965646806226516,0.48980139559849706
165,24.57729468599034,23.53059581320451,12.426194310252281,4.139828234031133,2.7106816961889426,8.232689210950081,0.24154589371980675,,20.343531937734838,0.2683843263553409,3.0394524959742353,0.48980139559849706
166,24.745034889962426,23.517176596886742,12.305421363392378,4.119699409554482,2.6972624798711755,8.225979602791197,0.30193236714975846,,20.283145464304884,0.2683843263553409,3.0595813204508855,0.47638217928073
167,24.792002147074612,23.503757380568974,12.298711755233494,4.0995705850778315,2.737520128824477,8.21256038647343,0.30193236714975846,,20.229468599033815,0.2683843263553409,3.079710144927536,0.47638217928073
168,24.932903918411164,23.429951690821255,12.332259796027913,4.079441760601181,2.737520128824477,8.152173913043478,0.30193236714975846,,20.148953301127214,0.2683843263553409,3.113258185721954,0.5032206119162641
169,25.187869028448738,23.349436392914654,12.285292538915728,4.045893719806763,2.737520128824477,8.125335480407944,0.30193236714975846,,20.101986044015028,0.2683843263553409,3.0931293612453032,0.5032206119162641
170,25.207997852925388,23.11460010735373,12.265163714439076,4.280730005367687,2.757648953301127,8.085077831454644,0.30193236714975846,,20.081857219538378,0.2683843263553409,3.1333870101986045,0.5032206119162641
171,25.268384326355342,23.10789049919485,12.218196457326892,4.435050993022007,2.636876006441224,8.044820182501342,0.30193236714975846,0.026838432635534086,20.02818035426731,0.2683843263553409,3.1333870101986045,0.5300590445517982
172,25.509930220075148,22.926731078904993,12.151100375738057,4.488727858293076,2.677133655394525,8.011272141706923,0.32877079978529256,0.026838432635534086,20.001341921631777,0.2683843263553409,3.113258185721954,0.49651100375738055
173,25.5300590445518,22.65834675254965,12.607353730542137,4.461889425657541,2.636876006441224,7.997852925389157,0.30864197530864196,0.026838432635534086,19.83360171765969,0.2683843263553409,3.1468062265163717,0.5233494363929146
174,25.36231884057971,22.517444981213096,12.567096081588835,4.3478260869565215,2.6167471819645733,7.991143317230274,0.30864197530864196,0.026838432635534086,20.397208803005906,0.2683843263553409,3.0730005367686526,0.5233494363929146
175,25.711218464841654,22.41009125067096,12.493290391841116,4.361245303274289,2.5966183574879227,7.944176060118089,0.30864197530864196,0.026838432635534086,20.35024154589372,0.2683843263553409,3.0059044551798175,0.5233494363929146
176,25.711218464841654,22.36983360171766,12.473161567364466,4.38137412775094,2.623456790123457,7.971014492753623,0.30864197530864196,0.026838432635534086,20.336822329575952,0.2683843263553409,3.0059044551798175,0.5233494363929146
177,25.925925925925927,21.77938808373591,12.439613526570048,4.87788513150832,2.6502952227589907,7.937466451959206,0.30864197530864196,0.026838432635534086,20.29656468062265,0.2683843263553409,2.965646806226516,0.5233494363929146
178,26.006441223832528,21.477455716586153,12.439613526570048,5.22007514761138,2.6502952227589907,7.917337627482555,0.30864197530864196,0.026838432635534086,20.229468599033815,0.2683843263553409,2.932098765432099,0.5233494363929146
179,26.207729468599034,21.410359634997317,12.412775093934513,5.233494363929147,2.6502952227589907,7.917337627482555,0.30864197530864196,0.026838432635534086,20.108695652173914,0.2683843263553409,2.932098765432099,0.5233494363929146
180,26.140633387010197,21.618357487922705,12.379227053140097,5.287171229200215,2.6502952227589907,7.890499194847021,0.30864197530864196,0.026838432635534086,20.034889962426195,0.2683843263553409,2.871712292002147,0.5233494363929146
181,26.194310252281266,21.611647879763822,12.352388620504563,5.273752012882448,2.6502952227589907,7.890499194847021,0.30864197530864196,0.026838432635534086,20.021470746108427,0.2683843263553409,2.844873859366613,0.5568974771873323
182,26.288244766505635,21.564680622651636,12.318840579710145,5.273752012882448,2.6435856146001075,7.883789586688137,0.30864197530864196,0.026838432635534086,19.994632313472895,0.2683843263553409,2.871712292002147,0.5568974771873323
183,26.34863123993559,21.557971014492754,12.318840579710145,5.246913580246914,2.6167471819645733,7.9106280193236715,0.30864197530864196,0.026838432635534086,19.96779388083736,0.2683843263553409,2.871712292002147,0.5568974771873323
184,26.44927536231884,21.477455716586153,12.318840579710145,5.246913580246914,2.6167471819645733,7.9106280193236715,0.30864197530864196,0.026838432635534086,19.940955448201827,0.2683843263553409,2.8784219001610305,0.5568974771873323
185,26.690821256038646,21.336553945249598,12.325550187869029,5.24020397208803,2.61003757380569,7.856951154052603,0.30864197530864196,0.026838432635534086,19.867149758454108,0.2683843263553409,2.9119699409554483,0.5568974771873323
186,26.78475577026302,21.26274825550188,12.29200214707461,5.35426731078905,2.5966183574879227,7.856951154052603,0.30864197530864196,0.026838432635534086,19.77992485238862,0.2683843263553409,2.9119699409554483,0.5568974771873323
187,26.85185185185185,21.24932903918411,12.224906065485776,5.347557702630167,2.5966183574879227,7.883789586688137,0.3488996242619431,0.026838432635534086,19.766505636070853,0.2683843263553409,2.8784219001610305,0.5568974771873323
188,26.570048309178745,20.799785292538918,12.070585077831455,5.387815351583468,2.3752012882447664,7.716049382716049,0.3824476650563607,0.026838432635534086,20.967525496511005,0.2683843263553409,2.8784219001610305,0.5568974771873323
189,26.704240472356414,20.71256038647343,12.13768115942029,5.3341384863123995,2.3617820719269993,7.716049382716049,0.3824476650563607,0.026838432635534086,20.860171765968868,0.2683843263553409,2.9388083735909825,0.5568974771873323
190,26.583467525496513,20.632045088566827,12.124261943102523,5.515297906602254,2.49597423510467,7.75630703166935,0.3824476650563607,0.026838432635534086,20.719269994632313,0.2683843263553409,2.9388083735909825,0.5568974771873323
191,26.576757917337627,20.50456253354804,12.110842726784755,5.683038110574342,2.49597423510467,7.763016639828234,0.3824476650563607,0.026838432635534086,20.665593129361245,0.2683843263553409,2.898550724637681,0.6239935587761675
192,26.603596349973163,20.46430488459474,12.110842726784755,5.689747718733226,2.49597423510467,7.763016639828234,0.3824476650563607,0.026838432635534086,20.605206655931294,0.2683843263553409,2.965646806226516,0.6239935587761675
193,26.78475577026302,20.397208803005906,12.077294685990339,5.649490069779925,2.4892646269457863,7.763016639828234,0.3824476650563607,0.026838432635534086,20.517981749865807,0.2683843263553409,3.0193236714975846,0.6239935587761675
194,26.84514224369297,20.249597423510465,11.634460547504025,5.622651637144391,2.522812667740204,7.729468599033816,0.4495437466451959,0.026838432635534086,20.471014492753625,0.2616747181964573,2.9790660225442833,1.2077294685990339
195,26.90552871712292,20.088566827697264,11.553945249597424,5.636070853462158,2.8650026838432634,7.695920558239399,0.48980139559849706,0.026838432635534086,20.28985507246377,0.2616747181964573,3.0059044551798175,1.1808910359634996
196,27.026301663982824,20.04830917874396,11.553945249597424,5.636070853462158,2.8784219001610305,7.695920558239399,0.4830917874396135,0.026838432635534086,20.2361782071927,0.2616747181964573,2.9723564143853998,1.1808910359634996
