,45,50,55,51,53,54,52,56,57
0,100.0,,,,,,,,
1,96.80622651637144,3.193773483628556,,,,,,,
2,96.26945786366076,3.730542136339238,,,,,,,
3,88.58695652173913,11.41304347826087,,,,,,,
4,87.12426194310252,12.875738056897477,,,,,,,
5,87.17122920021471,12.828770799785293,,,,,,,
6,83.09849704777241,16.901502952227588,,,,,,,
7,80.5756843800322,19.135802469135804,0.2885131508319914,,,,,,
8,75.91250670960815,23.79898013955985,0.2885131508319914,,,,,,
9,74.06736446591519,25.644122383252817,0.2885131508319914,,,,,,
10,73.84594739667203,25.865539452495973,0.2885131508319914,,,,,,
11,73.73188405797102,25.979602791196996,0.2885131508319914,,,,,,
12,73.74530327428879,25.966183574879228,0.2885131508319914,,,,,,
13,73.62453032742887,26.08695652173913,0.2885131508319914,,,,,,
14,73.69162640901772,26.019860440150296,0.2885131508319914,,,,,,
15,59.614868491680085,39.754428341384866,0.2885131508319914,0.3421900161030596,,,,,
16,56.70289855072464,42.66639828234031,0.2885131508319914,0.3421900161030596,,,,,
17,54.99865807836822,42.612721417069245,0.03354804079441761,2.3550724637681157,,,,,
18,54.01234567901235,43.59903381642512,0.03354804079441761,2.3550724637681157,,,,,
19,52.39533011272142,45.21604938271605,0.03354804079441761,2.3550724637681157,,,,,
20,50.71121846484165,46.90016103059581,0.03354804079441761,2.3550724637681157,,,,,
21,47.678475577026305,49.7987117552335,0.16774020397208803,2.3550724637681157,,,,,
22,47.68518518518518,49.79200214707461,0.16774020397208803,2.3550724637681157,,,,,
23,47.60466988727858,49.986580783682236,0.16774020397208803,2.2410091250670963,,,,,
24,47.57783145464305,49.45652173913044,0.4830917874396135,2.2410091250670963,0.24154589371980675,,,,
25,45.450885668276975,51.58346752549651,0.4830917874396135,2.2410091250670963,0.24154589371980675,,,,
26,45.4374664519592,51.59688674181428,0.4830917874396135,2.2410091250670963,0.24154589371980675,,,,
27,45.36366076221149,51.670692431561996,0.4830917874396135,2.2410091250670963,0.24154589371980675,,,,
28,45.55823939881911,51.47611379495437,0.4830917874396135,2.2410091250670963,0.24154589371980675,,,,
29,42.3040794417606,54.51556629092861,0.5703166935050993,2.2410091250670963,0.24154589371980675,0.1274825550187869,,,
30,40.915190552871714,55.9044551798175,0.5703166935050993,2.2410091250670963,0.24154589371980675,0.1274825550187869,,,
31,38.7614063338701,57.91733762748255,0.7917337627482555,2.214170692431562,0.24154589371980675,0.07380568974771873,,,
32,37.39935587761675,55.26033279656468,1.2412775093934514,5.783682232957595,0.24154589371980675,0.07380568974771873,,,
33,37.74154589371981,53.03945249597424,1.1540526033279657,3.2206119162640903,0.4294149221685454,0.07380568974771873,4.341116478797638,,
34,36.74852388620504,53.90499194847021,1.1540526033279657,3.2206119162640903,0.4294149221685454,0.20128824476650564,4.341116478797638,,
35,36.761943102522814,52.85829307568438,1.1540526033279657,3.2004830917874396,2.690552871712292,0.20128824476650564,3.1333870101986045,,
36,35.929951690821255,53.435319377348364,1.328502415458937,3.166935050993022,2.6502952227589907,0.20128824476650564,3.2877079978529253,,
37,33.9170692431562,55.481749865807835,1.328502415458937,3.166935050993022,2.6502952227589907,0.20128824476650564,3.2541599570585076,,
38,26.858561460010737,64.94900697799248,0.9326355340848095,3.0193236714975846,2.9589371980676327,0.07380568974771873,1.2077294685990339,,
39,27.012882447665056,64.573268921095,1.1540526033279657,3.0193236714975846,2.9589371980676327,0.07380568974771873,1.2077294685990339,,
40,23.362855609232422,68.47155126140633,1.1540526033279657,3.0193236714975846,2.918679549114332,0.07380568974771873,0.9997316156736447,,
41,23.60440150295223,67.67981749865808,1.6103059581320451,3.0193236714975846,2.918679549114332,0.16774020397208803,0.9997316156736447,,
42,24.040526033279658,65.50590445517982,1.6908212560386473,3.0193236714975846,4.428341384863124,0.3153515834675255,0.9997316156736447,,
43,23.812399355877616,64.861782071927,1.9390767579173376,3.0193236714975846,3.743961352657005,0.3153515834675255,2.3081052066559313,,
44,24.16129898013956,64.58668813741278,2.073268921095008,3.0193236714975846,3.535963499731616,0.3153515834675255,2.3081052066559313,,
45,24.241814278046164,63.27160493827161,2.536231884057971,3.0193236714975846,4.005636070853462,0.6172839506172839,2.3081052066559313,,
46,24.530327428878152,62.5402576489533,2.536231884057971,3.1535158346752548,4.314278046162104,0.6172839506172839,2.3081052066559313,,
47,22.497316156736446,65.06307031669351,2.368491680085883,3.1535158346752548,4.314278046162104,0.2952227589908749,2.3081052066559313,,
48,21.564680622651636,59.97047772410091,2.368491680085883,9.675254965110037,3.8177670424047236,0.2952227589908749,2.3081052066559313,,
49,21.72571121846484,59.84299516908212,2.368491680085883,9.668545356951155,3.7909286097691894,0.2952227589908749,2.3081052066559313,,
50,22.25577026301664,58.7962962962963,2.522812667740204,8.849973161567364,4.9718196457326895,0.2952227589908749,2.3081052066559313,,
51,21.76596886741814,57.07192699946323,2.871712292002147,10.775630703166936,4.951690821256038,0.2549651100375738,2.3081052066559313,,
52,21.712292002147073,56.23993558776167,2.871712292002147,10.775630703166936,4.951690821256038,1.1406333870101986,2.3081052066559313,,
53,21.786097691894792,55.864197530864196,2.8381642512077296,10.775630703166936,5.300590445517981,1.1406333870101986,2.2946859903381642,,
54,22.088030059044552,55.66961889425657,2.818035426731079,10.775630703166936,5.139559849704777,1.2144390767579174,2.2946859903381642,,
55,21.70558239398819,54.28073000536769,2.85829307568438,12.29200214707461,5.381105743424584,1.1876006441223832,2.2946859903381642,,
56,21.07487922705314,54.408212560386474,2.8113258185721954,12.5402576489533,5.689747718733226,1.1808910359634996,2.2946859903381642,,
57,21.155394524959743,53.556092324208265,2.918679549114332,12.151100375738057,5.649490069779925,1.1808910359634996,3.388352120236178,,
58,21.70558239398819,52.851583467525494,2.918679549114332,12.084004294149223,5.615942028985507,1.4358561460010735,3.388352120236178,,
59,20.974235104669887,52.301395598497045,3.227321524422974,14.284755770263017,5.307300053676865,1.4358561460010735,2.4691358024691357,,
60,20.92055823939882,51.33521202361782,3.421900161030596,14.284755770263017,5.005367686527107,1.2546967257112185,3.7775093934514223,,
61,21.141975308641975,51.1406333870102,3.4151905528717124,14.284755770263017,5.005367686527107,1.2546967257112185,3.7573805689747717,,
62,21.544551798174986,50.99302200751476,3.4151905528717124,14.04320987654321,5.005367686527107,1.2546967257112185,3.743961352657005,,
63,21.732420826623724,50.925925925925924,3.408480944712829,13.982823403113258,4.99194847020934,1.2144390767579174,3.743961352657005,,
64,22.23564143853999,50.71121846484165,3.408480944712829,13.727858293075684,4.9651100375738055,1.2144390767579174,3.7372517444981215,,
65,20.356951154052602,55.28046162104133,2.3752012882447664,12.097423510466989,4.891304347826087,1.2681159420289856,3.616478797638218,0.11406333870101985,
66,20.571658615136876,55.08588298443371,2.462426194310252,12.04374664519592,4.891304347826087,1.2681159420289856,3.5628019323671496,0.11406333870101985,
67,19.77992485238862,55.173107890499196,2.38191089640365,13.271604938271604,4.7168545356951155,1.2144390767579174,3.3480944712828773,0.11406333870101985,
68,19.90740740740741,54.669887278582934,2.6033279656468062,13.446054750402576,4.696725711218465,1.2144390767579174,3.3480944712828773,0.11406333870101985,
69,20.088566827697264,54.589371980676326,2.6033279656468062,13.425925925925926,4.696725711218465,1.2144390767579174,3.2675791733762747,0.11406333870101985,
70,20.28985507246377,54.54240472356415,2.6033279656468062,13.298443370907139,4.683306494900698,1.2010198604401503,3.2675791733762747,0.11406333870101985,
71,20.04830917874396,53.455448201825014,2.7308105206655933,13.22463768115942,4.64975845410628,1.5432098765432098,4.233762748255502,0.11406333870101985,
72,20.068438003220614,53.435319377348364,2.7308105206655933,13.22463768115942,4.64975845410628,1.5432098765432098,4.233762748255502,0.11406333870101985,
73,20.276435856146,53.10654857756307,2.7308105206655933,13.22463768115942,4.64975845410628,1.6639828234031133,4.233762748255502,0.11406333870101985,
74,19.81347289318304,51.37546967257112,2.985775630703167,12.372517444981213,7.380568974771873,1.724369296833065,4.233762748255502,0.11406333870101985,
75,20.303274288781534,50.899087493290395,2.985775630703167,12.29200214707461,7.380568974771873,1.724369296833065,4.233762748255502,0.18115942028985507,
76,20.45088566827697,50.85882984433709,2.9589371980676327,12.278582930756844,7.333601717659689,1.7042404723564144,4.233762748255502,0.18115942028985507,
77,20.48443370907139,50.70450885668277,2.9589371980676327,12.513419216317766,7.306763285024155,1.6908212560386473,4.159957058507783,0.18115942028985507,
78,15.022812667740205,47.36312399355877,2.1068169618894257,26.684111647879764,3.388352120236178,1.415727321524423,3.8378958668813743,0.18115942028985507,
79,15.083199141170155,47.134997316156735,2.3215244229736984,26.650563607085346,3.374932903918411,1.415727321524423,3.8378958668813743,0.18115942028985507,
80,15.197262479871176,46.812936124530324,2.536231884057971,26.39559849704777,3.33467525496511,1.710950080515298,3.8311862587224907,0.18115942028985507,
81,12.151100375738057,42.975040257648956,2.6838432635534084,35.40660225442834,2.576489533011272,1.1943102522812667,2.522812667740204,0.48980139559849706,
82,11.969940955448202,36.90955448201825,2.657004830917874,41.680085882984436,2.576489533011272,1.1943102522812667,2.522812667740204,0.48980139559849706,
83,12.426194310252281,36.533816425120776,2.8247450348899625,41.45195920558239,2.576489533011272,1.1808910359634996,2.522812667740204,0.4830917874396135,
84,12.627482555018787,36.272141706924316,3.026033279656468,41.317767042404725,2.5697799248523885,1.1808910359634996,2.522812667740204,0.4830917874396135,
85,12.76838432635534,36.111111111111114,3.026033279656468,41.398282340311326,2.5697799248523885,1.1540526033279657,2.522812667740204,0.4495437466451959,
86,13.110574342458401,35.869565217391305,3.026033279656468,41.297638217928075,2.5697799248523885,1.1540526033279657,2.522812667740204,0.4495437466451959,
87,13.231347289318304,35.83601717659689,3.026033279656468,41.2842190016103,2.5563607085346214,1.093666129898014,2.522812667740204,0.4495437466451959,
88,13.365539452495975,35.789049919484704,3.026033279656468,41.196994095544824,2.5563607085346214,1.093666129898014,2.522812667740204,0.4495437466451959,
89,12.453032742887816,33.467525496511,3.1468062265163717,44.176060118089104,2.8784219001610305,0.9057971014492754,2.522812667740204,0.4495437466451959,
90,12.5,32.950885668276975,3.824476650563607,44.02173913043478,2.8784219001610305,0.9057971014492754,2.4691358024691357,0.4495437466451959,
91,12.567096081588835,31.414385399892645,3.9184111647879765,39.64707461084273,2.6972624798711755,1.0332796564680622,8.272946859903382,0.4495437466451959,
92,12.325550187869029,30.293880837359097,3.844605475040258,39.492753623188406,4.200214707461084,1.0332796564680622,8.272946859903382,0.5367686527106817,
93,12.694578636607622,29.891304347826086,3.92512077294686,39.45920558239399,4.200214707461084,1.0332796564680622,8.259527643585615,0.5367686527106817,
94,12.942834138486312,29.790660225442835,3.92512077294686,39.33843263553408,4.200214707461084,1.0332796564680622,8.232689210950081,0.5367686527106817,
95,13.18438003220612,29.56924315619968,4.253891572732153,38.88217928073001,4.200214707461084,1.0332796564680622,8.11862587224906,0.7581857219538379,
96,13.365539452495975,29.361245303274288,4.253891572732153,38.157541599570585,4.159957058507783,0.9930220075147611,8.950617283950617,0.7581857219538379,
97,13.399087493290391,29.361245303274288,4.253891572732153,37.35909822866345,4.159957058507783,1.8384326355340848,8.870101986044014,0.7581857219538379,
98,13.137412775093935,24.46323134728932,4.2203435319377345,45.370370370370374,2.657004830917874,1.5633387010198605,7.836822329575953,0.7514761137949544,
99,12.869028448738593,24.57729468599034,4.3478260869565215,41.532474503489,6.400966183574879,1.556629092860977,7.96430488459474,0.7514761137949544,
100,13.238056897477188,24.56387546967257,4.320987654320987,41.237251744498124,6.374127750939345,1.556629092860977,7.957595276435856,0.7514761137949544,
101,13.399087493290391,24.48336017176597,4.30756843800322,41.217122920021474,6.367418142780462,1.556629092860977,7.917337627482555,0.7514761137949544,
102,13.607085346215781,24.456521739130434,4.30756843800322,41.06280193236715,6.367418142780462,1.556629092860977,7.890499194847021,0.7514761137949544,
103,13.868760064412239,24.188137412775095,4.488727858293076,40.747450348899626,6.286902844873859,1.5297906602254427,7.843531937734836,1.0466988727858293,
104,14.143853998926463,24.074074074074073,4.488727858293076,40.58641975308642,6.286902844873859,1.5297906602254427,7.843531937734836,1.0466988727858293,
105,14.848362855609233,23.8191089640365,4.488727858293076,40.19726247987118,6.239935587761675,1.5297906602254427,7.830112721417069,1.0466988727858293,
106,15.069779924852389,23.72517444981213,4.488727858293076,40.143585614600106,6.213097155126141,1.5096618357487923,7.803274288781535,1.0466988727858293,
107,15.365002683843263,23.637949543746647,4.488727858293076,40.103327965646805,6.112453032742888,1.4962426194310252,7.749597423510467,1.0466988727858293,
108,15.351583467525497,23.61111111111111,5.35426731078905,39.331723027375205,6.112453032742888,1.482823403113258,7.729468599033816,1.0265700483091786,
109,15.693773483628556,23.336017176596886,5.4616210413311865,39.28475577026302,6.011808910359635,1.4694041867954912,7.716049382716049,1.0265700483091786,
110,15.653515834675256,22.86634460547504,5.448201825013419,39.27133655394525,6.481481481481482,1.4694041867954912,7.7831454643048845,1.0265700483091786,
111,14.741009125067096,20.638754696725712,4.119699409554482,44.477992485238865,6.447933440687064,1.415727321524423,7.179280730005368,0.9796027911969941,
112,15.009393451422437,20.638754696725712,4.0995705850778315,44.276704240472355,6.347289318303811,1.3888888888888888,7.152442297369833,1.0869565217391304,
113,14.841653247450349,20.457595276435857,4.0995705850778315,44.14922168545357,6.615673644659152,1.4962426194310252,7.105475040257649,1.2345679012345678,
114,14.184111647879764,18.552066559312937,4.086151368760064,43.887546967257116,5.931293612453032,1.6841116478797638,10.453569511540525,1.221148684916801,
115,13.399087493290391,19.712828770799785,3.9318303811057436,43.70638754696726,5.904455179817498,1.6505636070853462,10.44015029522276,1.2546967257112185,
116,13.47289318303811,19.47128287707998,4.274020397208803,43.67954911433172,5.770263016639828,1.6505636070853462,10.305958132045088,1.2546967257112185,0.12077294685990338
117,13.808373590982287,19.209608158883523,4.253891572732153,43.69296833064949,5.770263016639828,1.6505636070853462,10.238862050456254,1.2546967257112185,0.12077294685990338
118,14.103596349973161,19.176060118089104,4.253891572732153,43.49168008588298,5.770263016639828,1.6505636070853462,10.218733225979603,1.2144390767579174,0.12077294685990338
119,14.231078904991948,19.176060118089104,4.253891572732153,43.42458400429415,5.770263016639828,1.6505636070853462,10.158346752549651,1.2144390767579174,0.12077294685990338
120,14.13714439076758,17.867686527106816,4.079441760601181,43.08239398819109,5.770263016639828,3.569511540526033,10.158346752549651,1.2144390767579174,0.12077294685990338
121,14.284755770263017,17.820719269994633,4.079441760601181,43.022007514761135,5.770263016639828,3.569511540526033,10.11808910359635,1.2144390767579174,0.12077294685990338
122,14.264626945786366,17.713365539452496,4.367954911433173,43.00858829844337,5.770263016639828,3.421900161030596,10.11808910359635,1.2144390767579174,0.12077294685990338
123,14.338432635534085,17.07595276435856,4.193505099302201,42.1833064949007,7.427536231884058,3.421900161030596,10.11808910359635,1.1205045625335481,0.12077294685990338
124,14.204240472356414,15.94873859366613,4.193505099302201,41.75389157273215,7.407407407407407,4.797369833601718,10.104669887278583,1.4694041867954912,0.12077294685990338
125,14.432367149758454,15.83467525496511,4.159957058507783,41.4922168545357,7.407407407407407,4.797369833601718,10.285829307568438,1.4694041867954912,0.12077294685990338
126,14.828234031132581,15.539452495974235,4.159957058507783,41.217122920021474,7.380568974771873,5.072463768115942,10.225442834138486,1.4694041867954912,0.10735373054213634
127,14.754428341384862,15.331454643048845,4.139828234031133,41.10305958132045,7.380568974771873,5.488459473966721,10.225442834138486,1.4694041867954912,0.10735373054213634
128,15.049651100375739,15.250939345142244,4.106280193236715,40.53274288781535,7.380568974771873,5.488459473966721,10.21202361782072,1.8719806763285025,0.10735373054213634
129,15.123456790123457,15.217391304347826,4.106280193236715,40.39855072463768,7.521470746108427,5.448201825013419,10.104669887278583,1.9726247987117553,0.10735373054213634
130,15.271068169618895,15.203972088030058,4.052603327965647,38.217928073000536,7.6623725174449815,5.441492216854535,12.104133118625873,1.9390767579173376,0.10735373054213634
131,15.35829307568438,15.203972088030058,4.052603327965647,38.097155126140635,7.695920558239399,5.441492216854535,12.104133118625873,1.9390767579173376,0.10735373054213634
132,15.780998389694043,15.203972088030058,4.03918411164788,37.96967257112185,7.581857219538379,5.347557702630167,12.030327428878154,1.9390767579173376,0.10735373054213634
133,15.955448201825014,15.177133655394526,4.03918411164788,37.895866881374126,7.581857219538379,5.307300053676865,12.010198604401502,1.9256575415995705,0.10735373054213634
134,16.190284487385938,15.136876006441224,4.03918411164788,37.734836285560924,7.581857219538379,5.293880837359098,11.990069779924852,1.9256575415995705,0.10735373054213634
135,16.512345679012345,15.116747181964573,4.03918411164788,37.59393451422437,7.568438003220612,5.293880837359098,11.842458400429415,1.9256575415995705,0.10735373054213634
136,15.465646806226516,12.218196457326892,3.3413848631239937,37.4194847020934,7.494632313472893,5.280461621041331,16.854535695115406,1.9256575415995705,
137,15.774288781535159,12.110842726784755,3.3145464304884595,37.27858293075684,7.494632313472893,5.280461621041331,16.820987654320987,1.9256575415995705,
138,15.868223295759528,11.869296833064949,3.44873859366613,37.36580783682233,7.447665056360709,6.253354804079442,15.848094471282877,1.8988191089640365,
139,15.92860976918948,11.855877616747183,3.421900161030596,37.35909822866345,7.447665056360709,6.239935587761675,15.848094471282877,1.8988191089640365,
140,15.687063875469672,11.748523886205046,3.421900161030596,35.07112184648417,7.4208266237251745,5.984970477724101,18.766774020397207,1.8988191089640365,
141,15.94873859366613,11.748523886205046,3.4017713365539453,34.88996242619431,7.407407407407407,5.984970477724101,18.391035963499732,1.892109500805153,0.33548040794417605
142,14.418947933440688,9.796027911969942,2.9924852388620504,39.90874932903918,6.971282877079979,5.488459473966721,18.209876543209877,1.8786902844873858,0.33548040794417605
143,14.566559312936125,9.447128287707997,2.9924852388620504,39.56655931293612,7.568438003220612,5.488459473966721,18.156199677938808,1.8786902844873858,0.33548040794417605
144,15.230810520665592,9.158615136876007,2.9924852388620504,39.27133655394525,7.387278582930757,5.8239398819108965,18.02871712292002,1.8786902844873858,0.2281266774020397
145,15.331454643048845,9.131776704240472,3.166935050993022,39.13714439076758,7.018250134192163,6.239935587761675,17.867686527106816,1.8786902844873858,0.2281266774020397
146,15.45222758990875,9.131776704240472,3.1602254428341383,39.06333870101986,6.977992485238862,6.105743424584004,17.867686527106816,1.8786902844873858,0.36231884057971014
147,15.83467525496511,8.997584541062801,3.1602254428341383,39.04320987654321,6.857219538378959,6.038647342995169,17.64626945786366,2.059849704777241,0.36231884057971014
148,15.942028985507246,8.903650026838433,3.1199677938808374,38.90230810520666,7.058507783145465,6.031937734836285,17.619431025228128,2.059849704777241,0.36231884057971014
149,15.955448201825014,9.01100375738057,3.1065485775630703,38.81508319914117,7.058507783145465,6.031937734836285,17.599302200751477,2.059849704777241,0.36231884057971014
150,16.056092324208265,9.01100375738057,3.1065485775630703,38.61379495437466,7.0383789586688135,6.031937734836285,17.599302200751477,2.1806226516371443,0.36231884057971014
151,16.17686527106817,8.943907675791733,3.1065485775630703,38.59366612989801,7.0383789586688135,6.005099302200751,17.59259259259259,2.1806226516371443,0.36231884057971014
152,16.304347826086957,8.930488459473967,2.9924852388620504,38.33870101986044,7.306763285024155,6.005099302200751,17.57246376811594,2.187332259796028,0.36231884057971014
153,15.217391304347826,8.756038647342995,2.9790660225442833,40.90848094471283,7.139023081052066,5.3274288781535155,17.56575415995706,1.7444981213097155,0.36231884057971014
154,14.53972088030059,8.05823939881911,2.522812667740204,39.88191089640365,7.03166935050993,8.447396672034353,17.599302200751477,1.556629092860977,0.36231884057971014
155,14.680622651637144,7.957595276435856,2.7106816961889426,39.78797638217928,6.89747718733226,8.447396672034353,17.599302200751477,1.556629092860977,0.36231884057971014
156,14.855072463768115,7.957595276435856,2.7106816961889426,39.76784755770263,6.884057971014493,8.447396672034353,17.458400429414922,1.556629092860977,0.36231884057971014
157,14.928878153515834,7.957595276435856,2.8113258185721954,38.62050456253355,6.568706387546968,9.749060654857756,17.444981213097154,1.556629092860977,0.36231884057971014
158,15.479066022544284,7.944176060118089,2.7979066022544283,38.31186258722491,6.568706387546968,9.54777241009125,17.431561996779386,1.556629092860977,0.36231884057971014
159,15.599838969404187,7.803274288781535,2.7844873859366612,38.2313472893183,6.568706387546968,9.514224369296834,17.59259259259259,1.5432098765432098,0.36231884057971014
160,15.660225442834138,7.796564680622652,2.7844873859366612,38.177670424047236,6.568706387546968,9.514224369296834,17.59259259259259,1.5432098765432098,0.36231884057971014
161,15.861513687600644,7.595276435856146,2.7777777777777777,38.05018786902845,7.078636607622115,9.39345142243693,17.337627482555018,1.5432098765432098,0.36231884057971014
162,16.264090177133657,7.595276435856146,2.7777777777777777,37.74154589371981,7.078636607622115,9.494095544820183,17.04911433172303,1.5096618357487923,0.48980139559849706
163,16.59286097691895,7.588566827697263,2.757648953301127,37.43961352657005,7.273215244229737,9.31964573268921,17.028985507246375,1.5096618357487923,0.48980139559849706
164,16.659957058507782,7.581857219538379,2.757648953301127,37.432903918411164,7.232957595276436,9.31964573268921,17.01556629092861,1.5096618357487923,0.48980139559849706
165,16.794149221685455,7.581857219538379,2.757648953301127,37.31213097155126,7.232957595276436,9.31964573268921,17.002147074610843,1.5096618357487923,0.48980139559849706
166,16.908212560386474,7.5348899624261945,2.757648953301127,37.17122920021471,7.226247987117552,9.31964573268921,17.002147074610843,1.5901771336553945,0.48980139559849706
167,16.914922168545356,7.521470746108427,2.7241009125067097,36.70826623725174,7.118894256575416,9.782608695652174,16.914922168545356,1.8250134192163177,0.48980139559849706
168,17.10950080515298,7.514761137949543,3.4017713365539453,35.79575952764358,7.112184648416532,9.782608695652174,16.834406870638755,1.9592055823939882,0.48980139559849706
169,17.008856682769725,7.514761137949543,4.2203435319377345,35.27241009125067,7.078636607622115,9.77589908749329,16.7337627482555,1.90552871712292,0.48980139559849706
170,17.297369833601717,7.481213097155126,4.2203435319377345,35.16505636070853,7.051798174986581,9.769189479334408,16.639828234031132,1.8853998926462694,0.48980139559849706
171,17.632850241545892,7.440955448201825,4.032474503488996,35.07783145464305,7.051798174986581,9.769189479334408,16.61969940955448,1.8853998926462694,0.48980139559849706
172,17.69994632313473,7.440955448201825,4.233762748255502,34.58132045088567,7.306763285024155,10.017444981213098,16.344605475040257,1.8853998926462694,0.48980139559849706
173,18.015297906602253,7.407407407407407,4.233762748255502,34.37332259796028,7.2933440687063875,9.957058507783145,16.344605475040257,1.8853998926462694,0.48980139559849706
174,18.19645732689211,7.380568974771873,4.233762748255502,34.333064949006975,7.266505636070853,9.957058507783145,16.264090177133657,1.8786902844873858,0.48980139559849706
175,18.699677938808374,7.353730542136339,4.213633923778851,34.05797101449275,7.159151905528717,9.936929683306495,16.210413311862588,1.8786902844873858,0.48980139559849706
176,18.800322061191626,7.239667203435319,4.394793344068707,33.9573268921095,7.14573268921095,9.903381642512077,16.190284487385938,1.8786902844873858,0.48980139559849706
177,18.96135265700483,7.239667203435319,4.394793344068707,33.903650026838434,7.118894256575416,9.849704777241008,16.17686527106817,1.865271068169619,0.48980139559849706
178,19.048577563070317,7.232957595276436,4.38137412775094,33.843263553408484,7.112184648416532,9.849704777241008,16.17686527106817,1.865271068169619,0.48980139559849706
179,19.350509930220074,7.232957595276436,4.341116478797638,33.66881374127751,7.112184648416532,9.977187332259795,16.056092324208265,1.7713365539452497,0.48980139559849706
180,19.51825013419216,7.232957595276436,4.341116478797638,33.57487922705314,7.092055823939882,9.950348899624261,15.848094471282877,1.9659151905528718,0.47638217928073
181,19.712828770799785,7.232957595276436,4.341116478797638,33.43397745571659,7.071926999463232,9.916800858829845,15.848094471282877,1.9659151905528718,0.47638217928073
182,19.940955448201827,7.159151905528717,4.341116478797638,33.360171765968865,7.071926999463232,9.88996242619431,15.794417606011809,1.9659151905528718,0.47638217928073
183,20.477724100912507,7.159151905528717,4.334406870638754,32.769726247987116,7.071926999463232,9.75577026301664,15.68035426731079,2.2745571658615136,0.47638217928073
184,20.611916264090176,7.159151905528717,4.334406870638754,32.74288781535159,7.071926999463232,9.742351046698873,15.58641975308642,2.2745571658615136,0.47638217928073
185,20.48443370907139,7.159151905528717,4.334406870638754,32.70263016639828,7.253086419753086,9.742351046698873,15.573000536768653,2.2745571658615136,0.47638217928073
186,20.611916264090176,7.333601717659689,4.28743961352657,32.57514761137949,7.253086419753086,9.742351046698873,15.33816425120773,2.38191089640365,0.47638217928073
187,20.638754696725712,7.326892109500805,4.428341384863124,32.44095544820183,7.246376811594203,9.742351046698873,15.318035426731079,2.38191089640365,0.47638217928073
188,20.78636607622115,7.326892109500805,4.38137412775094,32.340311325818575,7.246376811594203,9.742351046698873,15.318035426731079,2.38191089640365,0.47638217928073
189,20.840042941492218,7.212828770799785,4.334406870638754,32.30005367686527,7.246376811594203,9.742351046698873,14.949006977992486,2.898550724637681,0.47638217928073
190,21.128556092324207,7.03166935050993,4.30756843800322,32.23966720343532,7.219538378958669,9.702093397745571,15.009393451422437,2.885131508319914,0.47638217928073
191,21.32313472893183,6.991411701556629,4.508856682769726,32.09205582393988,7.185990338164252,9.554482018250134,14.982555018786902,2.885131508319914,0.47638217928073
192,21.32313472893183,6.991411701556629,4.508856682769726,31.83709071390231,7.185990338164252,9.554482018250134,14.949006977992486,3.1736446591519054,0.47638217928073
193,21.3768115942029,6.830381105743425,4.508856682769726,31.944444444444443,7.185990338164252,9.554482018250134,14.949006977992486,3.1736446591519054,0.47638217928073
194,21.79951690821256,6.8035426731078905,4.502147074610843,31.729736983360173,7.159151905528717,9.554482018250134,14.895330112721417,3.079710144927536,0.47638217928073
195,22.269189479334408,6.743156199677939,4.461889425657541,31.61567364465915,7.125603864734299,9.46725711218465,14.761137949543746,3.079710144927536,0.47638217928073
196,22.18196457326892,6.709608158883521,5.005367686527107,31.40096618357488,7.125603864734299,9.46725711218465,14.553140096618357,3.079710144927536,0.47638217928073
197,22.262479871175522,6.66935050993022,5.307300053676865,31.226516371443907,7.387278582930757,9.353193773483628,14.278046162104133,3.079710144927536,0.43612453032742887
198,22.108158883521202,6.649221685453569,5.307300053676865,28.30112721417069,7.360440150295223,9.25925925925926,17.418142780461622,3.1602254428341383,0.43612453032742887
199,21.135265700483092,6.608964036500268,4.7101449275362315,32.74288781535159,7.4141170155662905,9.037842190016104,14.626945786366075,3.1602254428341383,0.5636070853462157
200,21.26274825550188,6.608964036500268,4.7101449275362315,32.71604938271605,7.4141170155662905,9.017713365539452,14.546430488459475,3.1602254428341383,0.5636070853462157
201,21.658615136876005,6.582125603864735,4.683306494900698,32.6556629092861,7.320182501341922,8.903650026838433,14.472624798711756,3.1602254428341383,0.5636070853462157
202,22.054482018250134,6.521739130434782,4.669887278582931,32.55501878690284,7.306763285024155,8.876811594202898,14.338432635534085,3.113258185721954,0.5636070853462157
203,22.463768115942027,6.508319914117015,4.669887278582931,32.52147074610843,7.199409554482019,8.635265700483092,14.325013419216317,3.113258185721954,0.5636070853462157
204,22.530864197530864,6.508319914117015,4.663177670424047,32.48792270531401,7.199409554482019,8.61513687600644,14.318303811057435,3.113258185721954,0.5636070853462157
205,22.604669887278583,6.508319914117015,4.663177670424047,32.46779388083736,7.179280730005368,8.608427267847558,14.318303811057435,3.0864197530864197,0.5636070853462157
206,23.027375201288244,6.508319914117015,4.64975845410628,32.17928073000537,7.139023081052066,8.57487922705314,14.27133655394525,3.0864197530864197,0.5636070853462157
207,22.77241009125067,6.4412238325281805,4.582662372517445,32.00483091787439,7.4208266237251745,8.883521202361782,14.197530864197532,3.1333870101986045,0.5636070853462157
208,22.873054213633925,6.4412238325281805,4.582662372517445,31.76328502415459,7.4208266237251745,8.883521202361782,14.197530864197532,3.2742887815351582,0.5636070853462157
209,23.03408480944713,6.394256575415996,4.582662372517445,31.743156199677937,7.4208266237251745,8.809715512614064,14.17740203972088,3.2742887815351582,0.5636070853462157
210,23.2487922705314,6.353998926462695,4.582662372517445,31.629092860976918,7.4208266237251745,8.78287707997853,14.143853998926463,3.2742887815351582,0.5636070853462157
211,23.376274825550187,6.353998926462695,4.53569511540526,31.548577563070317,7.367149758454106,9.118357487922705,14.06333870101986,3.0730005367686526,0.5636070853462157
212,23.577563070316693,6.353998926462695,4.522275899087493,29.394793344068706,9.634997316156737,8.957326892109501,13.92914653784219,3.0730005367686526,0.5568974771873323
213,23.62453032742888,6.266774020397209,4.394793344068707,29.354535695115406,9.634997316156737,9.23913043478261,13.855340848094471,3.0730005367686526,0.5568974771873323
214,23.59098228663446,6.266774020397209,4.374664519592056,29.260601180891037,9.634997316156737,9.118357487922705,13.855340848094471,3.3413848631239937,0.5568974771873323
215,23.62453032742888,6.266774020397209,4.327697262479871,29.21363392377885,9.728931830381105,9.104938271604938,13.855340848094471,3.321256038647343,0.5568974771873323
216,23.678207192699947,6.246645195920558,4.327697262479871,29.106280193236714,9.728931830381105,9.23913043478261,13.801663982823403,3.3145464304884595,0.5568974771873323
217,23.8191089640365,6.246645195920558,4.428341384863124,28.951959205582394,9.681964573268921,9.23913043478261,13.774825550187868,3.3011272141706924,0.5568974771873323
218,23.91304347826087,6.246645195920558,4.428341384863124,28.891572732152444,9.64170692431562,9.265968867418144,13.754696725711218,3.3011272141706924,0.5568974771873323
219,24.208266237251745,6.1862587224906065,4.42163177670424,28.723832528180353,9.64170692431562,9.366612989801396,13.627214170692431,3.2675791733762747,0.5568974771873323
220,24.322329575952764,6.1862587224906065,4.42163177670424,28.6231884057971,9.71551261406334,9.359903381642512,13.620504562533547,3.193773483628556,0.5568974771873323
221,24.516908212560388,6.1862587224906065,4.42163177670424,28.502415458937197,9.695383789586689,9.359903381642512,13.607085346215781,3.1602254428341383,0.5501878690284487
222,24.510198604401502,6.1862587224906065,4.40150295222759,28.475577026301664,9.997316156736447,9.16532474503489,13.553408480944713,3.1602254428341383,0.5501878690284487
223,24.859098228663445,5.991680085882985,4.3478260869565215,28.207192699946322,10.104669887278583,9.265968867418144,13.513150831991412,3.1602254428341383,0.5501878690284487
224,24.718196457326894,5.515297906602254,4.3478260869565215,29.025764895330113,9.970477724100913,9.212292002147075,13.499731615673644,3.1602254428341383,0.5501878690284487
225,24.65780998389694,5.636070853462158,4.3478260869565215,28.992216854535695,9.970477724100913,9.212292002147075,13.47289318303811,3.1602254428341383,0.5501878690284487
226,25.0,5.548845947396672,4.3478260869565215,28.690284487385938,9.943639291465379,9.098228663446054,13.238056897477188,3.5829307568438002,0.5501878690284487
227,25.127482555018787,5.548845947396672,4.327697262479871,28.663446054750402,9.91009125067096,9.064680622651638,13.22463768115942,3.5829307568438002,0.5501878690284487
228,25.221417069243156,5.515297906602254,4.891304347826087,28.495705850778315,9.903381642512077,9.01100375738057,12.895866881374127,3.515834675254965,0.5501878690284487
229,25.201288244766506,5.508588298443371,5.018786902844874,28.287707997852927,9.903381642512077,9.145195920558239,12.895866881374127,3.488996242619431,0.5501878690284487
230,25.281803542673106,5.508588298443371,5.01207729468599,28.287707997852927,9.88996242619431,9.145195920558239,12.835480407944177,3.488996242619431,0.5501878690284487
231,25.462962962962962,5.508588298443371,5.193236714975845,28.032742887815353,10.044283413848632,9.111647879763822,12.788513150831992,3.307836822329576,0.5501878690284487
232,25.53676865271068,5.508588298443371,5.179817498658078,27.985775630703166,10.044283413848632,9.111647879763822,12.775093934514224,3.307836822329576,0.5501878690284487
233,25.738056897477186,5.508588298443371,5.159688674181428,27.925389157273216,10.00402576489533,9.091519055287172,12.714707461084272,3.307836822329576,0.5501878690284487
234,26.221148684916802,5.508588298443371,5.112721417069243,27.70397208803006,10.00402576489533,8.943907675791733,12.714707461084272,3.240740740740741,0.5501878690284487
235,26.27482555018787,5.508588298443371,5.374396135265701,27.623456790123456,9.96376811594203,8.943907675791733,12.5402576489533,3.2340311325818574,0.5367686527106817
236,26.549919484702095,5.508588298443371,5.360976918947934,27.4422973698336,9.936929683306495,8.896940418679549,12.5402576489533,3.227321524422974,0.5367686527106817
237,26.610305958132045,5.434782608695652,5.508588298443371,27.126945786366075,9.936929683306495,8.749329039184111,12.929414922168545,3.166935050993022,0.5367686527106817
238,26.684111647879764,5.434782608695652,5.662909286097692,27.059849704777243,9.916800858829845,8.648684916800859,12.889157273215245,3.166935050993022,0.5367686527106817
239,26.69753086419753,5.401234567901234,5.642780461621041,27.03972088030059,9.916800858829845,8.876811594202898,12.781803542673108,3.1199677938808374,0.5233494363929146
240,26.737788513150832,5.401234567901234,5.642780461621041,26.99946323134729,9.916800858829845,8.876811594202898,12.781803542673108,3.1199677938808374,0.5233494363929146
241,26.99946323134729,5.35426731078905,5.629361245303274,26.96591519055287,9.88996242619431,8.796296296296296,12.721417069243156,3.1199677938808374,0.5233494363929146
242,27.34836285560923,5.260332796564681,5.5756843800322065,26.7914653784219,9.863123993558776,8.796296296296296,12.721417069243156,3.1199677938808374,0.5233494363929146
243,27.42216854535695,5.260332796564681,5.5756843800322065,26.78475577026302,9.863123993558776,8.789586688137414,12.661030595813205,3.1199677938808374,0.5233494363929146
244,27.710681696188942,5.179817498658078,5.528717122920021,26.630434782608695,9.782608695652174,9.017713365539452,12.546967257112184,3.079710144927536,0.5233494363929146
245,28.052871712292003,5.052334943639291,5.441492216854535,26.570048309178745,9.782608695652174,9.017713365539452,12.506709608158884,3.052871712292002,0.5233494363929146
246,28.16022544283414,5.052334943639291,5.562265163714439,26.48953301127214,9.681964573268921,9.004294149221685,12.473161567364466,3.052871712292002,0.5233494363929146
247,28.08641975308642,4.9651100375738055,5.488459473966721,26.32850241545894,10.265700483091788,9.07139023081052,12.23161567364466,3.0394524959742353,0.5233494363929146
248,28.227321524422972,4.9651100375738055,5.488459473966721,26.174181427804616,10.238862050456254,9.064680622651638,12.144390767579173,3.1736446591519054,0.5233494363929146
249,28.522544283413847,4.9651100375738055,5.320719269994632,25.805152979066023,10.19189479334407,9.064680622651638,12.466451959205582,3.140096618357488,0.5233494363929146
250,28.6231884057971,4.9651100375738055,5.320719269994632,25.771604938271604,10.185185185185185,9.01100375738057,12.466451959205582,3.1333870101986045,0.5233494363929146
251,28.522544283413847,4.958400429414922,5.320719269994632,25.369028448738593,10.111379495437467,8.433977455716587,13.922436929683306,2.8381642512077296,0.5233494363929146
252,28.663446054750402,4.924852388620504,5.320719269994632,25.369028448738593,10.071121846484166,8.433977455716587,13.855340848094471,2.8381642512077296,0.5233494363929146
253,28.670155662909288,4.87788513150832,5.589103596349974,25.147611379495437,10.071121846484166,8.433977455716587,13.855340848094471,2.831454643048846,0.5233494363929146
254,28.77750939345142,4.87788513150832,5.5756843800322065,25.0805152979066,10.057702630166398,8.420558239398819,13.855340848094471,2.831454643048846,0.5233494363929146
255,29.025764895330113,4.87788513150832,5.5756843800322065,25.033548040794418,9.936929683306495,8.353462157809984,13.855340848094471,2.818035426731079,0.5233494363929146
256,29.180085882984432,4.85775630703167,5.5756843800322065,24.993290391841118,9.896672034353195,8.353462157809984,13.828502415458937,2.791196994095545,0.5233494363929146
257,29.260601180891037,4.817498658078368,5.689747718733226,24.966451959205582,9.883252818035427,8.353462157809984,13.727858293075684,2.791196994095545,0.5099302200751477
258,29.045893719806763,4.911433172302737,6.743156199677939,24.530327428878152,9.836285560923242,8.13875469672571,13.533279656468062,2.7509393451422435,0.5099302200751477
259,29.1935050993022,4.891304347826087,6.743156199677939,24.476650563607084,9.822866344605474,8.125335480407944,13.486312399355878,2.7509393451422435,0.5099302200751477
260,29.0727321524423,4.891304347826087,6.743156199677939,24.3894256575416,9.822866344605474,8.333333333333334,13.486312399355878,2.7509393451422435,0.5099302200751477
261,29.294149221685455,4.891304347826087,6.716317767042405,24.295491143317232,9.802737520128824,8.299785292538916,13.439345142243694,2.7509393451422435,0.5099302200751477
262,28.79092860976919,5.119431025228127,6.400966183574879,24.154589371980677,9.88996242619431,9.037842190016104,13.358829844337091,2.737520128824477,0.5099302200751477
263,28.844605475040257,5.119431025228127,6.374127750939345,24.013687600644122,9.829575952764358,9.125067096081589,13.33870101986044,2.844873859366613,0.5099302200751477
264,28.81105743424584,5.253623188405797,6.152710681696189,23.872785829307567,9.802737520128824,9.333064949006978,13.479602791196994,2.7844873859366612,0.5099302200751477
