,45,50,51,55,52,54,57,53,56,58
0,100.0,,,,,,,,,
1,100.0,,,,,,,,,
2,99.45652173913044,0.4025764895330113,0.14090177133655393,,,,,,,
3,99.45652173913044,0.4025764895330113,0.14090177133655393,,,,,,,
4,99.32232957595276,0.5367686527106817,0.14090177133655393,,,,,,,
5,98.83252818035427,1.0265700483091786,0.14090177133655393,,,,,,,
6,98.61782071927,1.2412775093934514,0.14090177133655393,,,,,,,
7,86.82903918411165,12.318840579710145,,0.8521202361782072,,,,,,
8,86.61433172302738,12.533548040794418,,0.8521202361782072,,,,,,
9,73.07434245840042,26.073537305421365,,0.8521202361782072,,,,,,
10,73.18169618894257,25.966183574879228,,0.8521202361782072,,,,,,
11,72.66505636070853,26.482823403113258,,0.8521202361782072,,,,,,
12,68.26355340848094,30.88432635534085,,0.8521202361782072,,,,,,
13,68.31723027375202,30.83064949006978,,0.8521202361782072,,,,,,
14,45.94068706387547,53.7037037037037,,0.35560923242082665,,,,,,
15,46.57139023081052,53.07300053676865,,0.35560923242082665,,,,,,
16,46.37010198604401,52.33494363929147,,0.35560923242082665,0.9393451422436929,,,,,
17,39.60010735373054,53.28770799785293,0.9192163177670424,0.35560923242082665,0.8990874932903918,4.938271604938271,,,,
18,38.90230810520666,54.02576489533011,0.9192163177670424,0.35560923242082665,0.8990874932903918,4.898013955984971,,,,
19,38.821792807300056,53.50912506709608,0.9192163177670424,0.6843800322061192,0.8990874932903918,4.931561996779388,0.23483628556092323,,,
20,36.36607622114869,48.268921095008054,0.9192163177670424,0.4428341384863124,9.91009125067096,3.8580246913580245,0.23483628556092323,,,
21,35.18518518518518,47.69189479334407,6.608964036500268,0.4428341384863124,5.978260869565218,3.8580246913580245,0.23483628556092323,,,
22,35.7487922705314,47.316156736446594,6.608964036500268,0.4428341384863124,5.790391841116479,3.8580246913580245,0.23483628556092323,,,
23,35.88298443370907,46.92028985507246,6.608964036500268,0.7045088566827697,5.790391841116479,3.8580246913580245,0.23483628556092323,,,
24,12.077294685990339,82.97772410091251,0.7112184648416533,0.3757380568974772,0.0067096081588835215,,,3.851315083199141,,
25,12.426194310252281,82.78314546430488,0.7112184648416533,0.35560923242082665,0.0067096081588835215,,,3.717122920021471,,
26,13.217928073000536,82.03837895866882,0.7112184648416533,0.30864197530864196,0.0067096081588835215,,,3.717122920021471,,
27,14.163982823403114,81.2265163714439,0.5770263016639828,0.30864197530864196,0.0067096081588835215,,,3.717122920021471,,
28,15.22410091250671,80.03220611916264,0.5770263016639828,0.4428341384863124,0.0067096081588835215,,,3.717122920021471,,
29,13.935856146001074,78.9519592055824,2.9790660225442833,0.4428341384863124,0.0067096081588835215,,,3.683574879227053,,
30,13.942565754159958,68.9345142243693,2.965646806226516,0.30864197530864196,10.017444981213098,,0.14761137949543746,3.683574879227053,,
31,14.217659688674182,68.6862587224906,2.965646806226516,0.30864197530864196,9.990606548577563,,0.14761137949543746,3.683574879227053,,
32,10.21202361782072,35.65485775630703,52.9723564143854,,1.1607622114868492,,,,,
33,10.493827160493828,35.621309715512616,39.9020397208803,,1.1607622114868492,,,12.822061191626409,,
34,10.909822866344605,34.75577026301664,39.10359634997316,,0.8521202361782072,,,13.654052603327965,0.7246376811594203,
35,11.842458400429415,34.01771336553945,38.64734299516908,0.24825550187869028,0.8521202361782072,,,13.620504562533547,0.7716049382716049,
36,12.298711755233494,33.04482018250134,36.37278582930757,4.233762748255502,0.8521202361782072,,,12.13768115942029,1.0601180891035964,
37,12.674449812130971,32.44095544820183,36.13794954374664,4.7638217928073,0.8521202361782072,,,12.117552334943639,1.0131508319914118,
38,12.99651100375738,32.400697799248526,35.94337090713902,4.676596886741814,0.8521202361782072,,,12.117552334943639,1.0131508319914118,
39,13.647342995169081,32.078636607622116,35.89640365002684,4.676596886741814,0.8521202361782072,,,11.83574879227053,1.0131508319914118,
40,14.479334406870638,30.750134192163177,37.4194847020934,4.622920021470746,0.8521202361782072,,,10.86285560923242,1.0131508319914118,
41,14.31159420289855,29.388083735909824,37.29200214707461,6.172839506172839,0.8521202361782072,,,10.815888352120236,1.1674718196457328,
42,14.774557165861514,28.71712292002147,29.354535695115406,6.266774020397209,13.620504562533547,,,6.152710681696189,0.9863123993558777,0.1274825550187869
43,15.096618357487923,28.569511540526033,29.24718196457327,6.253354804079442,13.620504562533547,,,6.099033816425121,0.9863123993558777,0.1274825550187869
44,16.015834675254965,28.207192699946322,28.83118625872249,6.253354804079442,13.479602791196994,,,6.099033816425121,0.9863123993558777,0.1274825550187869
45,16.284219001610307,27.85829307568438,27.106816961889425,6.166129898013956,15.371712292002147,,,6.099033816425121,0.9863123993558777,0.1274825550187869
46,16.794149221685455,27.636876006441224,26.932367149758456,6.166129898013956,15.304616210413311,,,6.099033816425121,0.9393451422436929,0.1274825550187869
47,17.042404723564143,26.603596349973163,26.89210950080515,7.159151905528717,15.203972088030058,,,6.099033816425121,0.8722490606548577,0.1274825550187869
48,17.52549651100376,25.670960815888353,26.06682769726248,8.487654320987655,15.056360708534621,,,6.045356951154052,1.0198604401502953,0.1274825550187869
49,17.941492216854535,25.644122383252817,25.97289318303811,8.487654320987655,14.855072463768115,,,5.971551261406334,1.0198604401502953,0.10735373054213634
50,17.66639828234031,22.25577026301664,23.2487922705314,9.728931830381105,14.774557165861514,,,11.399624261943103,0.8185721953837896,0.10735373054213634
51,18.08239398819109,21.886741814278047,23.15485775630703,9.77589908749329,14.774557165861514,,,11.399624261943103,0.8185721953837896,0.10735373054213634
52,18.5252281266774,21.772678475577028,23.101180891035963,9.77589908749329,14.51959205582394,,,11.379495437466453,0.8185721953837896,0.10735373054213634
53,18.800322061191626,21.692163177670423,22.81266774020397,9.91009125067096,15.962157809983896,,,9.896672034353195,0.8185721953837896,0.10735373054213634
54,18.47826086956522,20.061728395061728,22.67176596886742,7.96430488459474,19.981213097155127,,0.14761137949543746,9.769189479334408,0.8185721953837896,0.10735373054213634
55,18.968062265163713,19.860440150295222,22.41009125067096,7.96430488459474,19.880568974771872,,0.14761137949543746,9.702093397745571,0.9594739667203436,0.10735373054213634
56,19.47128287707998,19.6256038647343,22.134997316156735,7.87037037037037,19.363929146537842,,1.0802469135802468,9.386741814278047,0.9594739667203436,0.10735373054213634
57,19.47128287707998,19.350509930220074,19.90740740740741,7.2933440687063875,18.270263016639827,,1.0735373054213635,13.110574342458401,1.415727321524423,0.10735373054213634
58,18.96135265700483,18.98148148148148,18.80703166935051,5.978260869565218,16.391572732152444,3.3279656468062266,0.9326355340848095,13.741277509393452,2.771068169618894,0.10735373054213634
59,19.048577563070317,18.968062265163713,18.411164787976382,5.978260869565218,15.365002683843263,3.3279656468062266,0.8990874932903918,13.687600644122384,4.206924315619967,0.10735373054213634
60,19.565217391304348,18.55877616747182,16.867954911433173,7.7361782071927,15.143585614600108,3.3145464304884595,0.8990874932903918,13.633923778851315,4.17337627482555,0.10735373054213634
61,19.665861513687602,18.55877616747182,16.78743961352657,7.7361782071927,15.136876006441224,3.3145464304884595,0.8990874932903918,13.627214170692431,4.166666666666667,0.10735373054213634
62,20.645464304884594,18.33064949006978,16.63311862587225,7.64224369296833,14.673913043478262,3.2139023081052067,1.1540526033279657,13.607085346215781,3.992216854535695,0.10735373054213634
63,21.00107353730542,18.230005367686527,16.545893719806763,7.64224369296833,14.566559312936125,3.2139023081052067,1.1540526033279657,13.546698872785829,3.992216854535695,0.10735373054213634
64,21.490874932903917,17.887815351583466,19.87385936661299,6.400966183574879,14.304884594739667,3.2139023081052067,1.1540526033279657,11.627750939345143,3.938539989264627,0.10735373054213634
65,20.377079978529252,17.60601180891036,17.122920021470748,6.347289318303811,17.56575415995706,5.656199677938808,1.0534084809447128,11.627750939345143,2.536231884057971,0.10735373054213634
66,20.725979602791195,17.290660225442835,16.814278046162105,6.776704240472356,17.444981213097154,5.656199677938808,1.0534084809447128,11.594202898550725,2.536231884057971,0.10735373054213634
67,20.853462157809982,17.290660225442835,16.814278046162105,6.776704240472356,17.444981213097154,5.589103596349974,1.0534084809447128,11.533816425120772,2.536231884057971,0.10735373054213634
68,21.672034353193773,16.982018250134193,16.384863123993558,6.776704240472356,17.163177670424048,5.589103596349974,1.1674718196457328,11.654589371980677,2.5026838432635534,0.10735373054213634
69,22.114868491680085,16.854535695115406,16.384863123993558,6.723027375201288,16.74718196457327,5.589103596349974,1.3955984970477724,11.594202898550725,2.5026838432635534,0.0939345142243693
70,22.436929683306495,16.545893719806763,16.874664519592056,6.629092860976919,16.42512077294686,5.589103596349974,1.3955984970477724,11.574074074074074,2.4355877616747184,0.0939345142243693
71,22.443639291465377,15.351583467525497,16.25067096081589,7.9106280193236715,14.533011272141707,8.21256038647343,1.2412775093934514,11.574074074074074,2.3886205045625335,0.0939345142243693
72,22.805958132045088,15.344873859366613,16.210413311862588,7.883789586688137,14.412238325281804,8.179012345679013,1.2278582930756843,11.453301127214171,2.3886205045625335,0.0939345142243693
73,23.577563070316693,14.78797638217928,16.10305958132045,7.85024154589372,14.345142243692969,8.179012345679013,1.2278582930756843,11.446591519055287,2.3886205045625335,0.0939345142243693
74,23.718464841653248,14.754428341384862,15.92860976918948,7.997852925389157,14.345142243692969,8.179012345679013,1.2278582930756843,11.366076221148685,2.3886205045625335,0.0939345142243693
75,23.906333870101985,14.660493827160494,15.908480944712828,7.977724100912507,14.298174986580785,8.172302737520129,1.2278582930756843,11.231884057971014,2.3886205045625335,0.2281266774020397
76,23.939881910896403,14.660493827160494,15.908480944712828,7.977724100912507,14.284755770263017,8.172302737520129,1.3687600644122384,11.077563070316694,2.3886205045625335,0.2214170692431562
77,24.63768115942029,14.620236178207193,15.780998389694043,7.360440150295223,13.955984970477724,8.172302737520129,1.3687600644122384,10.735373054213634,3.1468062265163717,0.2214170692431562
78,24.537037037037038,15.022812667740205,15.479066022544284,7.347020933977456,13.33870101986044,8.158883521202362,2.0665593129361244,10.695115405260333,3.1468062265163717,0.20799785292538917
79,24.48336017176597,14.53972088030059,14.76784755770263,7.018250134192163,12.942834138486312,7.7831454643048845,2.0263016639828235,13.083735909822867,3.1468062265163717,0.20799785292538917
80,25.02012882447665,14.418947933440688,14.65378421900161,6.964573268921095,12.694578636607622,7.7831454643048845,2.0263016639828235,13.083735909822867,3.1468062265163717,0.20799785292538917
81,24.308910359634996,11.916264090177133,14.626945786366075,6.696188942565755,12.694578636607622,7.7831454643048845,2.0263016639828235,16.59286097691895,3.1468062265163717,0.20799785292538917
82,24.651100375738057,11.533816425120772,14.593397745571659,6.655931293612453,14.586688137412775,7.7831454643048845,2.0263016639828235,14.814814814814815,3.1468062265163717,0.20799785292538917
83,24.90606548577563,11.419753086419753,14.459205582393988,7.360440150295223,13.875469672571121,7.7831454643048845,2.0263016639828235,14.814814814814815,3.1468062265163717,0.20799785292538917
84,25.02012882447665,11.191626409017713,14.734299516908212,7.300053676865271,13.868760064412239,7.7831454643048845,2.0263016639828235,14.74771873322598,3.1468062265163717,0.18115942028985507
85,25.228126677402038,11.171497584541063,14.593397745571659,7.300053676865271,13.821792807300053,7.7831454643048845,2.0263016639828235,14.74771873322598,3.1468062265163717,0.18115942028985507
86,25.523349436392916,11.137949543746645,14.465915190552872,7.440955448201825,13.821792807300053,7.7831454643048845,2.0263016639828235,14.472624798711756,3.1468062265163717,0.18115942028985507
87,25.704508856682768,11.064143853998926,14.36527106816962,7.266505636070853,13.727858293075684,8.07836822329576,2.0263016639828235,14.439076757917338,3.1468062265163717,0.18115942028985507
88,26.073537305421365,11.044015029522276,14.27133655394525,7.347020933977456,13.674181427804616,7.950885668276973,2.01959205582394,14.351851851851851,3.0864197530864197,0.18115942028985507
89,26.496242619431026,11.030595813204508,14.244498121309716,7.306763285024155,13.633923778851315,7.863660762211487,2.01959205582394,14.13714439076758,3.0864197530864197,0.18115942028985507
90,26.99946323134729,10.86285560923242,14.130434782608695,7.4141170155662905,13.526570048309178,7.7831454643048845,2.01959205582394,14.009661835748792,3.0730005367686526,0.18115942028985507
91,27.113526570048307,10.86285560923242,14.103596349973161,7.387278582930757,13.519860440150294,7.749597423510467,2.01959205582394,13.989533011272142,3.0730005367686526,0.18115942028985507
92,25.147611379495437,9.473966720343531,26.053408480944714,6.233225979602791,10.44015029522276,3.643317230273752,1.9122383252818036,13.875469672571121,3.0394524959742353,0.18115942028985507
93,25.44283413848631,9.172034353193773,22.32957595276436,6.233225979602791,14.27133655394525,3.5963499731615673,1.9122383252818036,13.875469672571121,2.985775630703167,0.18115942028985507
94,25.83870101986044,9.057971014492754,22.32957595276436,6.166129898013956,14.056629092860977,3.5963499731615673,1.9122383252818036,13.875469672571121,2.985775630703167,0.18115942028985507
95,26.462694578636608,8.82313472893183,22.14170692431562,6.045356951154052,14.016371443907676,3.5963499731615673,1.9122383252818036,13.855340848094471,2.965646806226516,0.18115942028985507
96,26.952495974235106,8.769457863660762,22.007514761137948,6.179549114331723,13.90901771336554,3.5292538915727323,1.9122383252818036,13.654052603327965,2.9052603327965647,0.18115942028985507
97,27.314814814814813,8.702361782071927,21.920289855072465,6.152710681696189,13.821792807300053,3.5292538915727323,1.9122383252818036,13.560118089103597,2.9052603327965647,0.18115942028985507
98,27.34165324745035,8.031400966183575,20.71256038647343,6.005099302200751,13.714439076757918,6.031937734836285,1.8451422436929683,13.231347289318304,2.9052603327965647,0.18115942028985507
99,27.677133655394524,7.937466451959206,20.242887815351583,6.347289318303811,13.560118089103597,5.683038110574342,1.8183038110574343,13.499731615673644,3.052871712292002,0.18115942028985507
100,27.74422973698336,7.897208803005904,20.095276435856146,6.333870101986044,13.560118089103597,5.683038110574342,1.8183038110574343,13.633923778851315,3.052871712292002,0.18115942028985507
101,24.44981213097155,7.897208803005904,29.924852388620504,4.166666666666667,12.426194310252281,5.347557702630167,1.4761137949543746,11.83574879227053,2.38191089640365,0.0939345142243693
102,23.57085346215781,6.971282877079979,29.924852388620504,4.166666666666667,12.426194310252281,7.152442297369833,1.4761137949543746,11.83574879227053,2.38191089640365,0.0939345142243693
103,23.64465915190553,6.971282877079979,29.56924315619968,5.488459473966721,11.238593666129898,7.152442297369833,1.4761137949543746,11.83574879227053,2.5295222758990876,0.0939345142243693
104,24.013687600644122,6.884057971014493,29.320987654320987,5.488459473966721,11.238593666129898,7.139023081052066,1.4761137949543746,11.81561996779388,2.5295222758990876,0.0939345142243693
105,24.422973698336016,6.850509930220075,29.1532474503489,5.35426731078905,11.225174449812132,7.078636607622115,1.4761137949543746,11.81561996779388,2.5295222758990876,0.0939345142243693
106,24.825550187869027,6.629092860976919,29.09286097691895,5.3341384863123995,11.178207192699947,7.004830917874396,1.4224369296833066,11.889425657541599,2.5295222758990876,0.0939345142243693
107,25.046967257112186,6.588835212023618,28.972088030059044,5.3341384863123995,11.11111111111111,6.910896403650026,1.4224369296833066,12.473161567364466,2.046430488459474,0.0939345142243693
108,25.55689747718733,6.588835212023618,28.784219001610307,5.3341384863123995,10.88298443370907,6.910896403650026,1.3888888888888888,12.453032742887816,2.006172839506173,0.0939345142243693
109,21.32313472893183,12.526838432635534,28.046162104133117,5.307300053676865,10.23215244229737,6.884057971014493,1.3888888888888888,12.124261943102523,2.073268921095008,0.0939345142243693
110,21.732420826623724,12.506709608158884,27.85829307568438,6.018518518518518,9.75577026301664,6.884057971014493,1.3754696725711217,11.701556629092861,2.073268921095008,0.0939345142243693
111,22.356414385399894,12.426194310252281,27.831454643048847,5.703166935050993,9.722222222222221,6.964573268921095,1.3754696725711217,11.453301127214171,2.073268921095008,0.0939345142243693
112,20.088566827697264,11.56736446591519,30.743424584004295,7.5281803542673105,9.66183574879227,6.951154052603328,1.3754696725711217,10.010735373054214,2.073268921095008,
113,20.517981749865807,11.553945249597424,30.66290928609769,7.5281803542673105,9.480676328502415,6.951154052603328,1.3754696725711217,9.863123993558776,2.0665593129361244,
114,20.947396672034355,11.520397208803006,30.475040257648953,7.434245840042942,9.447128287707997,6.951154052603328,1.3754696725711217,9.782608695652174,2.0665593129361244,
115,21.4170692431562,11.439881910896403,30.3743961352657,7.387278582930757,9.306226516371444,6.951154052603328,1.2748255501878691,9.782608695652174,2.0665593129361244,
116,22.04777241009125,11.372785829307569,30.233494363929147,7.25979602791197,9.178743961352657,6.837090713902308,1.221148684916801,9.782608695652174,2.0665593129361244,
117,22.134997316156735,11.372785829307569,30.17981749865808,7.226247987117552,9.178743961352657,6.837090713902308,1.221148684916801,9.782608695652174,2.0665593129361244,
118,22.725442834138487,11.178207192699947,29.918142780461622,7.14573268921095,9.084809447128288,6.796833064949007,1.0601180891035964,10.02415458937198,2.0665593129361244,
119,23.289049919484704,11.05072463768116,29.64975845410628,7.112184648416532,9.03113258185722,6.736446591519055,1.0601180891035964,10.017444981213098,2.0531400966183573,
120,23.289049919484704,11.030595813204508,27.979066022544284,6.863929146537842,10.997047772410092,6.890767579173376,1.0601180891035964,9.836285560923242,2.0531400966183573,
121,22.228931830381107,10.923242082662373,36.090982286634464,5.6964573268921095,7.924047235641439,6.850509930220075,0.5367686527106817,8.085077831454644,1.6639828234031133,
122,22.852925389157274,10.923242082662373,35.72195383789587,5.589103596349974,7.87037037037037,6.837090713902308,0.5099302200751477,8.085077831454644,1.6103059581320451,
123,23.05421363392378,10.923242082662373,35.581052066559316,5.589103596349974,7.809983896940419,6.837090713902308,0.5099302200751477,8.085077831454644,1.6103059581320451,
124,23.523886205045624,10.903113258185721,35.178475577026305,5.589103596349974,7.809983896940419,6.837090713902308,0.5099302200751477,8.038110574342458,1.6103059581320451,
125,23.832528180354267,10.869565217391305,34.80273752012882,5.5756843800322065,7.809983896940419,6.78341384863124,0.5099302200751477,8.038110574342458,1.778046162104133,
126,24.20155662909286,10.869565217391305,34.54106280193237,5.515297906602254,7.763016639828234,6.78341384863124,0.5099302200751477,8.038110574342458,1.778046162104133,
127,24.302200751476114,10.869565217391305,34.33977455716586,5.515297906602254,7.917337627482555,6.78341384863124,0.5099302200751477,7.98443370907139,1.778046162104133,
128,24.785292538915726,10.762211486849168,34.084809447128286,5.434782608695652,7.917337627482555,6.769994632313473,0.5099302200751477,7.957595276435856,1.778046162104133,
129,24.993290391841118,10.735373054213634,33.9170692431562,5.119431025228127,8.360171765968868,6.709608158883521,0.5099302200751477,7.877079978529254,1.778046162104133,
130,25.697799248523886,10.7085346215781,33.299785292538914,5.0858829844337095,8.333333333333334,6.709608158883521,0.5099302200751477,7.877079978529254,1.778046162104133,
131,25.637412775093935,10.641438539989265,30.24020397208803,5.0791733762748255,7.64224369296833,6.374127750939345,0.5032206119162641,12.278582930756844,1.6035963499731616,
132,25.83870101986044,10.534084809447128,30.19994632313473,5.038915727321524,7.64224369296833,6.360708534621578,0.5032206119162641,12.278582930756844,1.6035963499731616,
133,25.979602791196996,10.507246376811594,29.944981213097154,5.01207729468599,7.62211486849168,6.353998926462695,0.5032206119162641,12.278582930756844,1.7981749865807837,
134,26.187600644122384,10.38647342995169,29.857756307031668,5.891035963499732,7.682501341921632,6.099033816425121,0.5032206119162641,11.688137412775093,1.7042404723564144,
135,26.590177133655395,10.373054213633925,29.777241009125067,5.891035963499732,7.581857219538379,6.045356951154052,0.5032206119162641,11.574074074074074,1.6639828234031133,
136,26.89210950080515,10.25228126677402,29.59608158883521,5.891035963499732,7.581857219538379,6.045356951154052,0.5032206119162641,11.574074074074074,1.6639828234031133,
137,27.200751476113794,10.158346752549651,29.461889425657542,5.810520665593129,7.581857219538379,6.045356951154052,0.5032206119162641,11.574074074074074,1.6639828234031133,
138,27.576489533011273,10.030864197530864,29.361245303274288,5.790391841116479,7.5348899624261945,6.005099302200751,0.5032206119162641,11.533816425120772,1.6639828234031133,
139,26.88539989264627,9.333064949006978,29.180085882984432,5.683038110574342,6.877348362855609,5.857487922705314,0.5032206119162641,13.493022007514762,2.187332259796028,
140,27.18733225979603,9.333064949006978,29.012345679012345,5.683038110574342,6.837090713902308,5.998389694041868,0.5032206119162641,13.358829844337091,2.086688137412775,
141,27.556360708534623,9.192163177670425,28.85131508319914,5.522007514761138,6.743156199677939,5.998389694041868,0.5032206119162641,13.546698872785829,2.086688137412775,
142,27.865002683843265,9.192163177670425,28.73725174449812,5.441492216854535,6.702898550724638,5.971551261406334,0.49651100375738055,13.506441223832528,2.086688137412775,
143,28.267579173376276,9.104938271604938,28.73725174449812,5.434782608695652,6.635802469135802,5.743424584004294,0.49651100375738055,13.493022007514762,2.086688137412775,
144,28.401771336553946,9.104938271604938,28.650026838432634,5.428073000536768,6.635802469135802,5.703166935050993,0.49651100375738055,13.493022007514762,2.086688137412775,
145,28.227321524422972,8.99087493290392,28.59634997316157,5.481749865807837,6.588835212023618,6.119162640901771,0.48980139559849706,13.43263553408481,2.073268921095008,
146,28.33467525496511,8.99087493290392,28.488996242619432,5.481749865807837,6.588835212023618,6.119162640901771,0.48980139559849706,13.43263553408481,2.073268921095008,
147,28.61647879763822,8.715780998389693,28.267579173376276,5.059044551798175,7.924047235641439,6.105743424584004,0.48980139559849706,12.74825550187869,2.073268921095008,
148,29.032474503488995,8.61513687600644,27.945517981749866,5.3341384863123995,7.769726247987117,6.011808910359635,0.48980139559849706,12.72812667740204,2.073268921095008,
149,29.58937198067633,8.61513687600644,27.47584541062802,5.179817498658078,7.749597423510467,6.011808910359635,0.48980139559849706,12.667740203972087,2.2208803005904456,
150,28.958668813741276,5.038915727321524,26.986044015029524,5.139559849704777,12.5,5.998389694041868,0.48980139559849706,12.667740203972087,2.2208803005904456,
151,29.58937198067633,4.924852388620504,26.570048309178745,5.139559849704777,12.305421363392378,5.971551261406334,0.6239935587761675,12.654320987654321,2.2208803005904456,
152,29.824208266237253,4.911433172302737,26.556629092860977,5.005367686527107,12.25174449812131,5.964841653247451,0.6105743424584005,12.654320987654321,2.2208803005904456,
153,30.213365539452496,4.911433172302737,26.29495437466452,5.005367686527107,12.224906065485776,5.864197530864198,0.6105743424584005,12.654320987654321,2.2208803005904456,
154,30.56226516371444,4.898013955984971,26.133923778851315,4.998658078368224,12.130971551261407,5.864197530864198,0.5971551261406334,12.593934514224369,2.2208803005904456,
155,30.810520665593128,4.783950617283951,26.080246913580247,4.985238862050457,12.050456253354804,5.857487922705314,0.7447665056360708,12.466451959205582,2.2208803005904456,
156,31.146001073537306,4.730273752012883,25.959473966720342,4.978529253891573,12.050456253354804,5.857487922705314,0.7447665056360708,12.057165861513688,2.475845410628019,
157,31.64922168545357,4.676596886741814,25.805152979066023,4.884594739667204,11.902844873859367,5.857487922705314,0.7380568974771873,12.010198604401502,2.475845410628019,
158,31.635802469135804,4.676596886741814,25.758185721953836,4.884594739667204,11.902844873859367,5.8172302737520125,0.7380568974771873,11.788781535158346,2.7979066022544283,
159,31.662640901771336,4.616210413311863,25.523349436392916,4.864465915190553,11.882716049382717,5.9447128287707995,0.7380568974771873,11.768652710681696,2.999194847020934,
160,31.5552871712292,4.609500805152979,24.349168008588297,4.750402576489533,11.674718196457327,6.823671497584541,0.7380568974771873,11.688137412775093,3.81105743424584,
161,31.924315619967793,4.562533548040794,24.00697799248524,4.7168545356951155,11.594202898550725,6.8035426731078905,0.7380568974771873,11.668008588298443,3.9855072463768115,
162,32.41411701556629,4.542404723564144,23.845947396672035,4.663177670424047,11.560654857756306,6.729736983360172,0.7179280730005367,11.594202898550725,3.9318303811057436,
163,32.54830917874396,4.53569511540526,23.79898013955985,4.62962962962963,11.560654857756306,6.6827697262479875,0.7179280730005367,11.594202898550725,3.9318303811057436,
164,33.08507783145464,4.448470209339774,23.62453032742888,4.62962962962963,11.352657004830919,6.655931293612453,0.7045088566827697,11.56736446591519,3.9318303811057436,
165,33.25281803542673,4.086151368760064,23.517176596886742,5.159688674181428,11.16478797638218,6.615673644659152,0.7045088566827697,11.56736446591519,3.9318303811057436,
166,33.25952764358561,4.086151368760064,21.618357487922705,5.287171229200215,14.512882447665056,5.978260869565218,0.6910896403650026,11.520397208803006,3.046162104133119,
167,34.024422973698336,4.025764895330113,21.22920021470746,5.287171229200215,14.472624798711756,5.938003220611916,0.6910896403650026,11.325818572195384,3.0059044551798175,
168,34.41358024691358,4.025764895330113,21.108427267847556,5.287171229200215,14.358561460010735,5.938003220611916,0.6910896403650026,11.178207192699947,2.999194847020934,
169,34.44041867954911,4.025764895330113,20.095276435856146,6.5552871712292005,14.11701556629093,5.931293612453032,0.6910896403650026,10.909822866344605,3.2340311325818574,
170,34.245840042941495,3.992216854535695,20.055018786902846,6.387546967257112,13.895598497047773,5.528717122920021,0.8118625872249061,11.869296833064949,3.2139023081052067,
171,34.54106280193237,3.8915727321524423,19.98792270531401,6.387546967257112,13.808373590982287,5.501878690284487,0.798443370907139,11.869296833064949,3.2139023081052067,
172,34.54106280193237,3.8580246913580245,19.97450348899624,6.293612453032743,13.90901771336554,5.46833064949007,0.798443370907139,12.016908212560386,3.140096618357488,
173,34.60144927536232,3.8311862587224907,19.89398819108964,6.293612453032743,13.902308105206655,5.4549114331723025,0.798443370907139,12.084004294149223,3.140096618357488,
174,34.88996242619431,3.784219001610306,19.806763285024154,6.286902844873859,13.902308105206655,5.428073000536768,0.798443370907139,11.976650563607086,3.126677402039721,
175,35.67498658078368,3.7573805689747717,19.726247987117553,6.246645195920558,13.45276435856146,5.374396135265701,0.7648953301127214,11.876006441223833,3.126677402039721,
176,36.131239935587764,3.743961352657005,19.410896403650028,6.246645195920558,13.345410628019323,5.3341384863123995,0.7648953301127214,11.808910359634996,3.2139023081052067,
177,36.48684916800859,3.69699409554482,19.176060118089104,6.246645195920558,13.271604938271604,5.3341384863123995,0.7648953301127214,11.808910359634996,3.2139023081052067,
178,34.84299516908212,3.643317230273752,22.50402576489533,5.656199677938808,12.869028448738593,5.622651637144391,0.7648953301127214,11.097691894793345,2.999194847020934,
179,32.43424584004294,2.7844873859366612,29.723564143854,5.119431025228127,9.29951690821256,6.3137412775093935,0.644122383252818,10.701825013419215,2.9790660225442833,
180,32.82340311325819,2.7844873859366612,29.49543746645196,5.119431025228127,9.219001610305957,6.3137412775093935,0.6105743424584005,10.654857756307031,2.9790660225442833,
181,33.3064949006978,2.7777777777777777,29.180085882984432,5.119431025228127,9.185453569511541,6.3137412775093935,0.6105743424584005,10.607890499194847,2.898550724637681,
182,33.63526570048309,2.7777777777777777,28.515834675254965,5.10601180891036,9.16532474503489,7.085346215780999,0.6105743424584005,10.520665593129362,2.5831991411701556,
183,33.82984433709071,2.7777777777777777,27.77777777777778,5.10601180891036,9.16532474503489,7.689210950080516,0.6105743424584005,10.46027911969941,2.5831991411701556,
184,34.11164787976382,2.7442297369833604,27.563070316693505,5.092592592592593,9.96376811594203,7.635534084809447,0.6105743424584005,9.73564143853999,2.5429414922168547,
185,34.25925925925926,2.690552871712292,27.536231884057973,5.092592592592593,9.936929683306495,7.635534084809447,0.6105743424584005,9.73564143853999,2.5026838432635534,
186,34.614868491680085,2.690552871712292,27.30810520665593,5.092592592592593,9.923510466988727,7.635534084809447,0.6105743424584005,9.621578099838969,2.5026838432635534,
187,34.90338164251208,2.6838432635534084,26.48953301127214,5.092592592592593,9.923510466988727,7.561728395061729,0.6105743424584005,9.574610842726784,3.1602254428341383,
188,35.18518518518518,2.6838432635534084,26.308373590982285,5.092592592592593,9.856414385399892,7.494632313472893,0.5703166935050993,9.500805152979066,3.307836822329576,
189,35.33279656468062,2.6637144390767578,26.241277509393452,5.092592592592593,9.836285560923242,7.454374664519592,0.5703166935050993,9.500805152979066,3.307836822329576,
190,35.52066559312936,2.6033279656468062,26.147342995169083,5.0858829844337095,9.594739667203436,7.85024154589372,0.5703166935050993,9.359903381642512,3.2675791733762747,
191,35.829307568438004,2.5966183574879227,25.825281803542673,5.0858829844337095,9.594739667203436,7.823403113258186,0.5703166935050993,9.272678475577026,3.4017713365539453,
192,35.990338164251206,2.5563607085346214,25.825281803542673,5.0858829844337095,9.520933977455716,7.682501341921632,0.5568974771873323,9.380032206119163,3.4017713365539453,
193,36.45330112721417,2.522812667740204,25.771604938271604,5.0858829844337095,9.312936124530328,7.615405260332796,0.5568974771873323,9.27938808373591,3.4017713365539453,
194,36.46672034353194,2.522812667740204,25.771604938271604,5.0858829844337095,9.29951690821256,7.615405260332796,0.5568974771873323,9.27938808373591,3.4017713365539453,
195,36.26543209876543,2.5026838432635534,25.51663982823403,5.173107890499195,9.158615136876007,8.225979602791197,0.5568974771873323,9.198872785829307,3.4017713365539453,
196,36.60762211486849,2.4892646269457863,25.006709608158882,4.938271604938271,9.078099838969404,8.071658615136876,0.5568974771873323,9.849704777241008,3.4017713365539453,
197,36.983360171765966,2.4892646269457863,24.785292538915726,4.938271604938271,8.970746108427267,8.004562533548041,0.5568974771873323,9.936929683306495,3.33467525496511,
198,37.3792270531401,2.4892646269457863,24.530327428878152,4.931561996779388,8.970746108427267,7.991143317230274,0.5568974771873323,9.916800858829845,3.2340311325818574,
199,37.56038647342995,2.4825550187869028,24.46323134728932,4.87788513150832,8.970746108427267,7.991143317230274,0.5568974771873323,9.896672034353195,3.2004830917874396,
200,37.90257648953301,2.4221685453569513,24.288781535158346,4.87788513150832,8.957326892109501,7.950885668276973,0.5568974771873323,9.842995169082126,3.2004830917874396,
201,38.1508319914117,2.4221685453569513,24.288781535158346,4.74369296833065,8.917069243156199,7.950885668276973,0.5568974771873323,9.782608695652174,3.1870638754696725,
202,38.58695652173913,2.341653247450349,24.08749329039184,4.723564143853999,8.917069243156199,7.843531937734836,0.5568974771873323,9.782608695652174,3.1602254428341383,
203,38.137412775093935,2.2342995169082127,23.993558776167472,4.723564143853999,8.836553945249598,8.749329039184111,0.5568974771873323,9.655126140633387,3.113258185721954,
204,38.486312399355874,2.2342995169082127,23.812399355877616,4.663177670424047,8.82313472893183,8.729200214707461,0.5568974771873323,9.601449275362318,3.0931293612453032,
205,38.768115942028984,2.2342995169082127,23.792270531400966,4.636339237788513,8.76274825550188,8.68894256575416,0.5568974771873323,9.46725711218465,3.0931293612453032,
206,38.95598497047772,2.2342995169082127,23.64465915190553,4.636339237788513,8.749329039184111,8.675523349436393,0.5501878690284487,9.46725711218465,3.0864197530864197,
207,39.01637144390767,2.2342995169082127,23.403113258185723,4.602791196994096,8.158883521202362,9.5276435856146,0.5434782608695652,9.433709071390231,3.079710144927536,
208,39.231078904991946,2.2342995169082127,23.242082662372518,4.602791196994096,8.158883521202362,9.5276435856146,0.5434782608695652,9.39345142243693,3.066290928609769,
209,39.432367149758456,2.200751476113795,23.067632850241544,4.602791196994096,8.152173913043478,9.668545356951155,0.5434782608695652,9.292807300053678,3.0394524959742353,
210,39.84836285560923,2.1739130434782608,22.624798711755233,4.723564143853999,8.152173913043478,9.621578099838969,0.5434782608695652,9.272678475577026,3.0394524959742353,
211,39.89533011272142,2.1739130434782608,22.470477724100913,5.059044551798175,7.997852925389157,9.621578099838969,0.5434782608695652,9.198872785829307,3.0394524959742353,
212,40.09661835748792,2.1739130434782608,22.457058507783145,5.059044551798175,7.917337627482555,9.54777241009125,0.5434782608695652,9.16532474503489,3.0394524959742353,
213,40.35829307568438,2.1739130434782608,22.33628556092324,5.059044551798175,7.883789586688137,9.541062801932368,0.5434782608695652,9.078099838969404,3.026033279656468,
214,40.734031132581855,2.1604938271604937,22.18196457326892,5.038915727321524,7.803274288781535,9.494095544820183,0.5367686527106817,9.024422973698336,3.026033279656468,
215,41.21041331186259,2.15378421900161,21.926999463231347,5.032206119162641,7.763016639828234,9.406870638754697,0.5367686527106817,8.984165324745035,2.985775630703167,
216,41.38486312399356,2.15378421900161,21.752549651100377,5.032206119162641,7.763016639828234,9.406870638754697,0.5367686527106817,8.984165324745035,2.985775630703167,
217,41.706924315619965,2.15378421900161,21.34326355340848,5.032206119162641,7.7361782071927,9.380032206119163,0.5367686527106817,8.984165324745035,3.126677402039721,
218,41.98201825013419,2.1269457863660763,21.329844337090712,5.032206119162641,7.702630166398282,9.326355340848094,0.5367686527106817,8.883521202361782,3.079710144927536,
219,42.12292002147075,2.1269457863660763,21.316425120772948,4.9718196457326895,7.6623725174449815,9.31964573268921,0.5367686527106817,8.883521202361782,3.0595813204508855,
220,42.43827160493827,2.033011272141707,21.202361782071925,4.951690821256038,7.64224369296833,9.286097691894794,0.5367686527106817,8.863392377885132,3.046162104133119,
221,42.51878690284487,2.033011272141707,21.061460010735374,5.0858829844337095,7.615405260332796,9.23913043478261,0.5367686527106817,8.863392377885132,3.046162104133119,
222,42.43156199677939,2.033011272141707,21.611647879763822,4.757112184648417,7.615405260332796,9.185453569511541,0.5367686527106817,8.863392377885132,2.965646806226516,
223,42.901234567901234,2.033011272141707,21.309715512614062,4.757112184648417,7.615405260332796,9.172034353193773,0.5367686527106817,8.863392377885132,2.8113258185721954,
224,42.99516908212561,2.033011272141707,21.296296296296298,4.757112184648417,7.541599570585078,9.172034353193773,0.5367686527106817,8.856682769726248,2.8113258185721954,
225,43.05555555555556,2.0263016639828235,20.860171765968868,5.260332796564681,7.62211486849168,9.091519055287172,0.5367686527106817,8.776167471819646,2.771068169618894,
226,42.81400966183575,1.9994632313472893,22.16183574879227,4.938271604938271,7.62211486849168,8.756038647342995,0.5367686527106817,8.769457863660762,2.4020397208803006,
227,42.954911433172306,1.9994632313472893,22.134997316156735,4.938271604938271,7.62211486849168,8.695652173913043,0.5367686527106817,8.729200214707461,2.3886205045625335,
228,42.85426731078905,1.9994632313472893,22.014224369296834,4.918142780461621,7.944176060118089,8.668813741277509,0.5367686527106817,8.729200214707461,2.3349436392914655,
229,43.05555555555556,1.9927536231884058,21.68545356951154,5.059044551798175,7.944176060118089,8.668813741277509,0.5367686527106817,8.722490606548577,2.3349436392914655,
230,42.93478260869565,1.9927536231884058,21.638486312399355,5.46833064949007,7.85024154589372,8.668813741277509,0.5367686527106817,8.628556092324208,2.281266774020397,
231,43.18974771873322,1.90552871712292,21.517713365539453,5.340848094471283,7.836822329575953,8.816425120772946,0.5367686527106817,8.581588835212024,2.2745571658615136,
232,43.33735909822866,1.90552871712292,21.276167471819647,5.508588298443371,7.803274288781535,8.789586688137414,0.5367686527106817,8.581588835212024,2.2611379495437465,
233,43.49168008588298,1.90552871712292,21.22249060654858,5.46833064949007,7.776435856146001,8.776167471819646,0.5367686527106817,8.561460010735374,2.2611379495437465,
234,43.63929146537842,1.90552871712292,20.913848631239937,5.401234567901234,7.132313472893183,9.608158883521202,0.49651100375738055,8.501073537305421,2.4020397208803006,
235,43.82716049382716,1.90552871712292,20.82662372517445,5.360976918947934,7.118894256575416,9.561191626409018,0.49651100375738055,8.501073537305421,2.4020397208803006,
236,43.80032206119163,1.8518518518518519,20.323403113258184,5.280461621041331,7.0383789586688135,9.856414385399892,0.49651100375738055,9.192163177670425,2.1604938271604937,
237,44.04857756307032,1.8518518518518519,20.2361782071927,5.280461621041331,6.984702093397746,9.77589908749329,0.49651100375738055,9.192163177670425,2.13365539452496,
238,44.18947933440687,1.737788513150832,20.068438003220614,5.213365539452496,6.984702093397746,10.091250670960816,0.49651100375738055,9.118357487922705,2.100107353730542,
239,44.47128287707998,1.737788513150832,19.900697799248523,5.159688674181428,6.984702093397746,9.88996242619431,0.49651100375738055,9.25925925925926,2.100107353730542,
240,44.71282877079979,1.7310789049919484,19.880568974771872,5.139559849704777,6.984702093397746,9.695383789586689,0.49651100375738055,9.25925925925926,2.100107353730542,
241,44.63231347289318,1.7042404723564144,19.81347289318304,5.367686527106817,6.984702093397746,9.695383789586689,0.49651100375738055,9.23913043478261,2.0665593129361244,
242,44.71282877079979,1.7042404723564144,19.79334406870639,5.367686527106817,6.971282877079979,9.668545356951155,0.49651100375738055,9.219001610305957,2.0665593129361244,
243,44.72624798711755,1.7042404723564144,19.79334406870639,5.367686527106817,6.971282877079979,9.655126140633387,0.49651100375738055,9.219001610305957,2.0665593129361244,
244,44.887278582930755,1.7042404723564144,19.79334406870639,5.35426731078905,6.971282877079979,9.628287707997853,0.49651100375738055,9.098228663446054,2.0665593129361244,
245,45.13553408480945,1.7042404723564144,19.746376811594203,5.35426731078905,6.843800322061192,9.588030059044552,0.49651100375738055,9.064680622651638,2.0665593129361244,
