,45,50,55,51,52,56,57,53,54,59,60,58,61,62,63,64
0,99.19484702093398,0.8051529790660226,,,,,,,,,,,,,,
1,81.6760601180891,18.189747718733226,0.13419216317767044,,,,,,,,,,,,,
2,74.05394524959742,25.758185721953836,0.16774020397208803,0.020128824476650563,,,,,,,,,,,,
3,73.98684916800859,25.751476113794954,0.2147074610842727,0.020128824476650563,0.026838432635534086,,,,,,,,,,,
4,62.453032742887814,25.409286097691894,0.20128824476650564,11.929683306494901,0.0067096081588835215,,,,,,,,,,,
5,50.335480407944175,30.193236714975846,0.1274825550187869,19.249865807836823,,0.0939345142243693,,,,,,,,,,
6,50.214707461084274,29.924852388620504,0.8990874932903918,13.298443370907139,5.562265163714439,0.08722490606548577,0.013419216317767043,,,,,,,,,
7,46.43719806763285,27.938808373590984,0.9594739667203436,19.00161030595813,5.562265163714439,0.08722490606548577,0.013419216317767043,,,,,,,,,
8,46.04804079441761,28.113258185721953,0.7648953301127214,18.84728931830381,5.938003220611916,0.24154589371980675,0.04696725711218465,,,,,,,,,
9,39.53301127214171,21.3768115942029,0.6709608158883521,32.420826623725176,5.917874396135265,0.013419216317767043,0.06709608158883522,,,,,,,,,
10,39.42565754159957,21.26945786366076,0.7179280730005367,32.1256038647343,5.917874396135265,0.47638217928073,0.06709608158883522,,,,,,,,,
11,38.868760064412236,21.115136876006442,0.7313472893183038,32.085346215781,6.608964036500268,0.5032206119162641,0.08722490606548577,,,,,,,,,
12,38.848631239935585,21.095008051529792,0.7716049382716049,31.944444444444443,6.608964036500268,0.644122383252818,0.08722490606548577,,,,,,,,,
13,38.821792807300056,21.095008051529792,0.798443370907139,31.904186795491142,6.575415995705851,0.6843800322061192,0.12077294685990338,,,,,,,,,
14,7.601986044015029,53.213902308105204,0.8118625872249061,23.65136876006441,13.654052603327965,0.8856682769726248,0.18115942028985507,,,,,,,,,
15,7.5348899624261945,53.22061191626409,0.8722490606548577,23.597691894793343,13.654052603327965,0.9393451422436929,0.18115942028985507,,,,,,,,,
16,5.884326355340848,48.812399355877616,1.1674718196457328,30.48174986580784,13.211218464841654,0.2616747181964573,0.18115942028985507,,,,,,,,,
17,5.857487922705314,48.651368760064415,1.3553408480944713,24.966451959205582,18.57890499194847,0.3488996242619431,0.24154589371980675,,,,,,,,,
18,5.844068706387547,41.076221148684915,1.288244766505636,24.93961352657005,18.5654857756307,0.3757380568974772,0.2549651100375738,7.6556629092860975,,,,,,,,
19,5.844068706387547,33.675523349436396,8.641975308641975,24.838969404186795,18.51851851851852,0.47638217928073,0.30193236714975846,7.64224369296833,0.026838432635534086,0.013419216317767043,0.020128824476650563,,,,,
20,5.844068706387547,33.53462157809984,8.61513687600644,24.805421363392377,18.511808910359633,0.5099302200751477,0.30864197530864196,7.5348899624261945,0.013419216317767043,0.17444981213097155,0.020128824476650563,0.1274825550187869,,,,
21,5.844068706387547,33.46081588835212,8.675523349436393,24.771873322597962,18.438003220611915,0.5434782608695652,0.3824476650563607,7.5348899624261945,0.013419216317767043,0.17444981213097155,0.03354804079441761,0.1274825550187869,,,,
22,5.83064949006978,33.10520665593129,8.930488459473967,24.55716586151369,18.38432635534085,0.8118625872249061,0.43612453032742887,7.561728395061729,0.013419216317767043,0.17444981213097155,0.06709608158883522,0.1274825550187869,,,,
23,5.83064949006978,32.749597423510465,9.286097691894794,24.54374664519592,18.38432635534085,0.8252818035426731,0.43612453032742887,7.561728395061729,0.013419216317767043,0.17444981213097155,0.06709608158883522,0.1274825550187869,,,,
24,5.83064949006978,32.74288781535159,9.286097691894794,27.89855072463768,14.97584541062802,0.9393451422436929,0.3757380568974772,7.092055823939882,0.013419216317767043,0.6239935587761675,0.06709608158883522,0.15432098765432098,,,,
25,5.656199677938808,31.736446591519055,9.326355340848094,24.90606548577563,14.432367149758454,1.2345679012345678,0.3757380568974772,11.419753086419753,0.013419216317767043,0.644122383252818,0.10064412238325282,0.15432098765432098,,,,
26,4.871175523349437,29.87788513150832,7.7898550724637685,29.240472356414386,14.418947933440688,0.9259259259259259,0.5568974771873323,11.406333870101985,0.013419216317767043,0.644122383252818,0.10064412238325282,0.15432098765432098,,,,
27,4.871175523349437,29.562533548040793,7.890499194847021,28.77750939345142,14.096886741814279,1.9122383252818036,0.5703166935050993,11.406333870101985,0.013419216317767043,0.644122383252818,0.10064412238325282,0.15432098765432098,,,,
28,4.871175523349437,29.55582393988191,7.883789586688137,28.166935050993022,13.285024154589372,1.8518518518518519,0.5770263016639828,12.895866881374127,0.013419216317767043,0.644122383252818,0.10064412238325282,0.15432098765432098,,,,
29,4.871175523349437,29.320987654320987,8.11862587224906,25.87224906065486,13.251476113794954,1.9122383252818036,0.6105743424584005,15.069779924852389,0.013419216317767043,0.6642512077294686,0.10064412238325282,0.18115942028985507,0.013419216317767043,,,
30,4.851046698872786,29.24718196457327,8.205850778314547,25.831991411701555,13.238056897477188,1.9524959742351047,0.6239935587761675,15.069779924852389,0.020128824476650563,0.6642512077294686,0.10064412238325282,0.18115942028985507,0.013419216317767043,,,
31,4.851046698872786,29.20692431561997,8.232689210950081,30.495169082125603,11.372785829307569,1.7579173376274826,0.5233494363929146,12.567096081588835,0.020128824476650563,0.6642512077294686,0.11406333870101985,0.18115942028985507,0.013419216317767043,,,
32,3.1199677938808374,15.955448201825014,2.100107353730542,57.23295759527644,15.841384863123993,1.2278582930756843,0.10735373054213634,4.0995705850778315,,0.30193236714975846,,,0.013419216317767043,,,
33,2.677133655394525,10.84272678475577,1.778046162104133,52.851583467525494,20.50456253354804,1.7914653784219001,0.20799785292538917,2.6167471819645733,6.66935050993022,,0.0067096081588835215,0.05367686527106817,,,,
34,2.677133655394525,10.84272678475577,1.778046162104133,52.77106816961889,20.497852925389157,1.8719806763285025,0.2147074610842727,2.589908749329039,6.662640901771336,,0.013419216317767043,0.08051529790660225,,,,
35,0.23483628556092323,5.964841653247451,1.4090177133655395,51.09366612989801,29.97181964573269,1.778046162104133,0.2147074610842727,2.563070316693505,6.635802469135802,,0.026838432635534086,0.10735373054213634,,,,
36,0.23483628556092323,5.9514224369296835,1.4224369296833066,50.91250670960816,29.965110037573805,1.9659151905528718,0.2147074610842727,2.5496511003757383,6.635802469135802,,0.026838432635534086,0.12077294685990338,,,,
37,0.0067096081588835215,4.891304347826087,0.644122383252818,69.30354267310788,15.009393451422437,2.2074610842726785,0.11406333870101985,2.5496511003757383,5.132850241545894,,0.020128824476650563,0.12077294685990338,,,,
38,0.0067096081588835215,4.891304347826087,0.644122383252818,69.43102522812667,15.009393451422437,2.15378421900161,0.11406333870101985,2.475845410628019,5.119431025228127,,0.03354804079441761,0.12077294685990338,,,,
39,0.0067096081588835215,4.8376274825550185,0.6977992485238862,69.33709071390231,14.982555018786902,2.24771873322598,0.14090177133655393,2.462426194310252,5.119431025228127,,0.03354804079441761,0.13419216317767044,,,,
40,0.0067096081588835215,4.8376274825550185,1.0802469135802468,68.4447128287708,14.949006977992486,2.7777777777777777,0.15432098765432098,2.4221685453569513,5.119431025228127,,0.03354804079441761,0.17444981213097155,,,,
41,0.0067096081588835215,4.804079441760601,0.8722490606548577,61.090982286634464,21.108427267847556,4.690016103059581,0.1878690284487386,1.9122383252818036,5.112721417069243,,0.040257648953301126,0.17444981213097155,,,,
42,,4.790660225442834,0.8722490606548577,72.41009125067096,9.359903381642512,4.327697262479871,0.11406333870101985,1.90552871712292,6.005099302200751,,0.040257648953301126,0.17444981213097155,,,,
43,,4.542404723564144,0.8722490606548577,69.96108427267848,12.93612453032743,5.3341384863123995,0.19457863660762212,0.08722490606548577,6.005099302200751,,0.040257648953301126,0.026838432635534086,,,,
44,,4.53569511540526,0.8722490606548577,69.84031132581858,12.882447665056361,5.4616210413311865,0.24825550187869028,0.08722490606548577,6.005099302200751,,0.040257648953301126,0.026838432635534086,,,,
45,,4.51556629092861,0.8923778851315083,66.37815351583467,12.76838432635534,8.977455716586151,0.30193236714975846,0.08722490606548577,5.877616747181965,0.13419216317767044,0.040257648953301126,0.026838432635534086,,,,
46,,4.51556629092861,1.737788513150832,62.0907139023081,16.854535695115406,8.32662372517445,0.30193236714975846,0.08722490606548577,5.877616747181965,0.13419216317767044,0.04696725711218465,0.026838432635534086,,,,
47,,4.51556629092861,2.4892646269457863,61.16478797638218,16.780730005367687,8.474235104669887,0.3757380568974772,0.08722490606548577,5.877616747181965,0.13419216317767044,0.04696725711218465,0.026838432635534086,,0.026838432635534086,,
48,,4.51556629092861,2.4892646269457863,61.04401502952228,16.6935050993022,8.608427267847558,0.43612453032742887,0.08722490606548577,5.870907139023081,0.13419216317767044,0.05367686527106817,0.040257648953301126,,0.026838432635534086,,
49,,4.374664519592056,3.656736446591519,57.03166935050993,16.6935050993022,8.185721953837897,0.43612453032742887,4.5893719806763285,4.62962962962963,0.13419216317767044,0.20128824476650564,0.040257648953301126,,0.026838432635534086,,
50,,4.367954911433173,3.6634460547504024,56.837090713902306,16.6935050993022,8.380300590445518,0.43612453032742887,4.5893719806763285,4.62962962962963,0.13419216317767044,0.20128824476650564,0.040257648953301126,,0.026838432635534086,,
51,,4.367954911433173,3.6634460547504024,56.5955448201825,16.666666666666668,8.621846484165324,0.46296296296296297,4.555823939881911,4.62962962962963,0.13419216317767044,0.20128824476650564,0.07380568974771873,,0.026838432635534086,,
52,,4.361245303274289,3.6768652710681695,54.64975845410628,16.666666666666668,8.480944712828771,0.48980139559849706,6.608964036500268,4.62962962962963,0.13419216317767044,0.20128824476650564,0.07380568974771873,,0.026838432635534086,,
53,,4.327697262479871,3.44873859366613,50.85882984433709,15.378421900161031,8.702361782071927,0.4562533548040794,13.419216317767042,3.1468062265163717,0.013419216317767043,0.16774020397208803,0.03354804079441761,0.020128824476650563,0.026838432635534086,,
54,,4.327697262479871,8.004562533548041,52.24771873322598,11.520397208803006,8.440687063875469,0.30193236714975846,11.741814278046162,3.166935050993022,0.013419216317767043,0.17444981213097155,0.03354804079441761,,0.026838432635534086,,
55,,4.314278046162104,8.152173913043478,52.012882447665056,11.506977992485238,8.521202361782072,0.30193236714975846,11.714975845410628,3.166935050993022,0.013419216317767043,0.17444981213097155,0.0939345142243693,,0.026838432635534086,,
56,,4.314278046162104,8.152173913043478,50.68438003220612,12.882447665056361,8.568169618894256,0.4428341384863124,11.708266237251744,2.9253891572732154,0.013419216317767043,0.18115942028985507,0.10064412238325282,,0.026838432635534086,,
57,,4.314278046162104,8.09849704777241,50.55018786902845,12.875738056897477,8.662104133118627,0.5032206119162641,11.674718196457327,2.9253891572732154,0.040257648953301126,0.19457863660762212,0.13419216317767044,,0.026838432635534086,,
58,,1.9592055823939882,6.971282877079979,38.66747181964573,18.612453032742888,11.520397208803006,0.5904455179817498,18.38432635534085,2.8650026838432634,0.026838432635534086,0.1878690284487386,0.14090177133655393,,0.07380568974771873,,
59,,1.9592055823939882,6.971282877079979,38.55340848094471,18.50509930220075,11.614331723027375,0.6977992485238862,18.223295759527645,2.8650026838432634,0.026838432635534086,0.1878690284487386,0.30193236714975846,,0.0939345142243693,,
60,,1.9592055823939882,6.971282877079979,38.499731615673646,18.250134192163177,11.668008588298443,0.95276435856146,18.209876543209877,2.8381642512077296,0.026838432635534086,0.2147074610842727,0.3153515834675255,,0.0939345142243693,,
61,,1.9592055823939882,6.9310252281266775,38.27831454643049,18.156199677938808,11.936392914653783,0.9796027911969941,18.02200751476114,2.818035426731079,0.05367686527106817,0.2147074610842727,0.5568974771873323,,0.0939345142243693,,
62,,1.9592055823939882,6.951154052603328,38.22463768115942,19.108964036500268,11.064143853998926,0.9796027911969941,17.92807300053677,2.818035426731079,0.05367686527106817,0.2147074610842727,0.630703166935051,,0.06709608158883522,,
63,,0.8789586688137413,6.951154052603328,41.93505099302201,16.552603327965645,8.172302737520129,0.8387010198604401,15.197262479871176,8.59500805152979,0.07380568974771873,0.18115942028985507,0.6105743424584005,0.0067096081588835215,0.0067096081588835215,,
64,,0.8789586688137413,6.951154052603328,41.888083735909824,16.42512077294686,8.172302737520129,0.9997316156736447,15.183843263553408,8.55475040257649,0.11406333870101985,0.18115942028985507,0.6105743424584005,0.03354804079441761,0.0067096081588835215,,
65,,0.7917337627482555,6.380837359098229,51.55662909286098,18.67283950617284,4.85775630703167,0.9728931830381106,9.138486312399356,7.085346215780999,0.06038647342995169,0.040257648953301126,0.4025764895330113,0.03354804079441761,0.0067096081588835215,,
66,,0.7917337627482555,6.367418142780462,51.48282340311326,18.67283950617284,4.931561996779388,0.9728931830381106,9.125067096081589,7.078636607622115,0.06709608158883522,0.05367686527106817,0.41599570585077833,0.03354804079441761,0.0067096081588835215,,
67,,0.7917337627482555,5.542136339237788,51.1808910359635,18.605743424584006,5.10601180891036,0.95276435856146,10.205314009661835,7.078636607622115,0.06709608158883522,0.040257648953301126,0.38915727321524424,0.03354804079441761,0.0067096081588835215,,
68,,0.7917337627482555,6.273483628556092,50.66425120772947,18.209876543209877,5.246913580246914,0.9930220075147611,10.205314009661835,7.065217391304348,0.08051529790660225,0.040257648953301126,0.38915727321524424,0.03354804079441761,0.0067096081588835215,,
69,,0.7917337627482555,6.273483628556092,50.556897477187334,18.136070853462158,5.35426731078905,1.0534084809447128,10.205314009661835,7.065217391304348,0.0939345142243693,0.040257648953301126,0.38915727321524424,0.03354804079441761,0.0067096081588835215,,
70,,0.7917337627482555,6.3070316693505095,50.496511003757384,18.10252281266774,5.374396135265701,1.0534084809447128,10.185185185185185,7.051798174986581,0.12077294685990338,0.06709608158883522,0.4092860976918948,0.03354804079441761,0.0067096081588835215,,
71,,0.6642512077294686,5.850778314546431,39.02308105206656,43.183038110574344,4.461889425657541,1.0802469135802468,2.844873859366613,2.462426194310252,0.06709608158883522,0.06709608158883522,0.28180354267310787,0.0067096081588835215,0.0067096081588835215,,
72,,0.6642512077294686,4.240472356414386,34.37332259796028,49.84567901234568,4.274020397208803,1.0735373054213635,2.9790660225442833,2.0128824476650564,0.06709608158883522,0.05367686527106817,0.4025764895330113,0.0067096081588835215,0.0067096081588835215,,
73,,0.6642512077294686,4.240472356414386,34.27938808373591,49.75174449812131,4.3545356951154055,1.1741814278046163,2.9790660225442833,1.9860440150295222,0.0939345142243693,0.05367686527106817,0.4025764895330113,0.013419216317767043,0.0067096081588835215,,
74,,0.6642512077294686,4.166666666666667,25.147611379495437,49.61084272678475,3.797638217928073,1.3016639828234031,12.781803542673108,1.9189479334406871,0.0939345142243693,0.08051529790660225,0.41599570585077833,0.013419216317767043,0.0067096081588835215,,
75,,0.6642512077294686,4.166666666666667,25.033548040794418,49.22168545356951,3.878153515834675,1.402308105206656,12.74825550187869,2.254428341384863,0.0939345142243693,0.08051529790660225,0.43612453032742887,0.013419216317767043,0.0067096081588835215,,
76,,0.6642512077294686,4.159957058507783,25.006709608158882,49.11433172302738,3.9049919484702094,1.5096618357487923,12.285292538915728,2.2342995169082127,0.12077294685990338,0.08051529790660225,0.8923778851315083,0.013419216317767043,0.0067096081588835215,0.0067096081588835215,
77,,0.6642512077294686,4.159957058507783,23.336017176596886,57.830112721417066,3.7238325281803544,1.5029522275899088,6.078904991948471,2.0128824476650564,0.12077294685990338,0.08051529790660225,0.46967257112184646,0.013419216317767043,0.0067096081588835215,,
78,,0.6642512077294686,4.159957058507783,23.309178743961354,57.669082125603865,3.750670960815888,1.6639828234031133,5.897745571658615,2.0128824476650564,0.12077294685990338,0.08051529790660225,0.6508319914117016,0.013419216317767043,0.0067096081588835215,,
79,,0.6642512077294686,4.159957058507783,23.309178743961354,57.56172839506173,3.750670960815888,1.7310789049919484,5.897745571658615,2.0128824476650564,0.14090177133655393,0.08051529790660225,0.6709608158883521,0.013419216317767043,0.0067096081588835215,,
80,,0.6642512077294686,4.159957058507783,22.96027911969941,57.71604938271605,3.7775093934514223,1.8384326355340848,5.803811057434245,2.01959205582394,0.14090177133655393,0.08051529790660225,0.8185721953837896,0.013419216317767043,0.0067096081588835215,,
81,,0.6642512077294686,3.824476650563607,22.638217928073,54.730273752012884,3.374932903918411,1.9189479334406871,9.192163177670425,2.5966183574879227,0.14090177133655393,0.08051529790660225,0.8319914117015567,0.0067096081588835215,,,
82,,0.6642512077294686,3.81105743424584,22.63150831991412,54.63633923778851,3.3279656468062266,2.0128824476650564,9.084809447128288,2.6301663982823404,0.14090177133655393,0.08051529790660225,0.9728931830381106,0.0067096081588835215,,,
83,,0.6642512077294686,3.81105743424584,22.5979602791197,54.2337627482555,3.656736446591519,2.120236178207193,9.084809447128288,2.6301663982823404,0.14090177133655393,0.08051529790660225,0.9728931830381106,0.0067096081588835215,,,
84,,0.6642512077294686,5.032206119162641,22.5577026301664,52.81132581857219,3.643317230273752,2.3483628556092326,9.078099838969404,2.657004830917874,0.14090177133655393,0.08051529790660225,0.9796027911969941,0.0067096081588835215,,,
85,,0.6642512077294686,5.032206119162641,22.550993022007514,52.74422973698336,3.6500268384326353,2.4154589371980677,9.01100375738057,2.657004830917874,0.14090177133655393,0.08051529790660225,1.0466988727858293,0.0067096081588835215,,,
86,,0.6642512077294686,5.032206119162641,22.517444981213096,52.65700483091788,3.6366076221148687,2.5295222758990876,8.984165324745035,2.7106816961889426,0.14090177133655393,0.08051529790660225,1.0399892646269457,0.0067096081588835215,,,
87,,0.6575415995705851,4.441760601180891,26.50295222758991,49.25523349436393,3.616478797638218,2.5966183574879227,8.917069243156199,2.7106816961889426,0.14090177133655393,0.07380568974771873,1.0802469135802468,0.0067096081588835215,,,
88,,0.6575415995705851,4.441760601180891,26.341921631776703,49.04723564143854,3.8177670424047236,2.7643585614600106,8.917069243156199,2.6637144390767578,0.17444981213097155,0.08722490606548577,1.0802469135802468,0.0067096081588835215,,,
89,,0.6575415995705851,3.750670960815888,38.439345142243695,39.78797638217928,3.3011272141706924,2.623456790123457,8.628556092324208,1.5163714439076759,0.08722490606548577,0.0939345142243693,1.107085346215781,0.0067096081588835215,,,
90,,0.6575415995705851,3.750670960815888,38.38566827697262,39.66720343531938,3.3480944712828773,2.7241009125067097,8.628556092324208,1.5297906602254427,0.08722490606548577,0.0939345142243693,1.1205045625335481,0.0067096081588835215,,,
91,,0.6575415995705851,3.750670960815888,38.33199141170156,39.62694578636608,3.4151905528717124,2.7442297369833604,8.628556092324208,1.5297906602254427,0.0939345142243693,0.0939345142243693,1.1205045625335481,0.0067096081588835215,,,
92,,0.6508319914117016,3.7573805689747717,29.220343531937736,47.396672034353195,3.5225442834138487,2.717391304347826,9.88996242619431,1.5297906602254427,0.0939345142243693,0.0939345142243693,1.1205045625335481,0.0067096081588835215,,,
93,,0.6508319914117016,3.7573805689747717,29.11969940955448,46.43719806763285,4.562533548040794,2.7308105206655933,9.88996242619431,1.5297906602254427,0.0939345142243693,0.0939345142243693,1.1003757380568975,0.03354804079441761,,,
94,,0.6508319914117016,3.864734299516908,29.05931293612453,46.39023081052066,4.528985507246377,2.7442297369833604,9.88996242619431,1.5297906602254427,0.0939345142243693,0.11406333870101985,1.1003757380568975,0.03354804079441761,,,
95,,0.6508319914117016,3.864734299516908,28.395061728395063,46.28958668813741,5.2066559312936125,2.818035426731079,9.88996242619431,1.5297906602254427,0.10735373054213634,0.11406333870101985,1.1003757380568975,0.03354804079441761,,,
96,,0.6508319914117016,3.864734299516908,28.327965646806227,46.242619431025226,5.24020397208803,2.8650026838432634,9.88996242619431,1.5297906602254427,0.10735373054213634,0.11406333870101985,1.1003757380568975,0.06709608158883522,,,
97,,0.6508319914117016,3.864734299516908,28.31454643048846,46.162104133118625,5.253623188405797,2.945517981749866,9.829575952764358,1.556629092860977,0.10735373054213634,0.11406333870101985,1.133923778851315,0.06709608158883522,,,
98,,0.644122383252818,3.8915727321524423,28.30112721417069,46.041331186258724,5.253623188405797,3.1065485775630703,9.796027911969942,1.556629092860977,0.12077294685990338,0.08722490606548577,1.133923778851315,0.06709608158883522,,,
99,,0.644122383252818,3.8915727321524423,28.213902308105208,45.93397745571659,5.340848094471283,3.2139023081052067,9.796027911969942,1.556629092860977,0.12077294685990338,0.08722490606548577,1.133923778851315,0.06709608158883522,,,
100,,0.644122383252818,3.8915727321524423,28.213902308105208,45.880300590445515,5.340848094471283,3.2541599570585076,9.796027911969942,1.556629092860977,0.12077294685990338,0.08722490606548577,1.1473429951690821,0.06709608158883522,,,
101,,0.644122383252818,3.8915727321524423,28.12667740203972,45.82662372517445,5.35426731078905,3.4151905528717124,9.73564143853999,1.556629092860977,0.12077294685990338,0.08722490606548577,1.1741814278046163,0.06709608158883522,,,
102,,0.644122383252818,3.8915727321524423,28.026033279656467,45.71926999463231,5.374396135265701,3.6634460547504024,9.681964573268921,1.556629092860977,0.12077294685990338,0.08722490606548577,1.1674718196457328,0.06709608158883522,,,
103,,0.644122383252818,3.911701556629093,27.958937198067634,44.920826623725176,5.367686527106817,3.7037037037037037,9.648416532474503,2.3617820719269993,0.12077294685990338,0.08722490606548577,1.1943102522812667,0.08051529790660225,,,
104,,0.644122383252818,3.911701556629093,27.78448738593666,44.907407407407405,5.119431025228127,3.770799785292539,9.634997316156737,2.7308105206655933,0.13419216317767044,0.08722490606548577,1.1943102522812667,0.08051529790660225,,,
105,,0.644122383252818,3.9989264626945786,27.75764895330113,44.02844873859367,5.374396135265701,4.327697262479871,9.655126140633387,2.7509393451422435,0.13419216317767044,0.08722490606548577,1.1607622114868492,0.08051529790660225,,,
106,,0.644122383252818,3.9989264626945786,27.750939345142243,43.907675791733766,5.374396135265701,4.455179817498658,9.614868491680086,2.7509393451422435,0.13419216317767044,0.08722490606548577,1.2010198604401503,0.08051529790660225,,,
107,,0.644122383252818,4.133118625872249,27.730810520665592,43.74664519592056,5.387815351583468,4.4820182501341925,9.473966720343531,2.7509393451422435,0.14761137949543746,0.11406333870101985,1.3083735909822867,0.08051529790660225,,,
108,,0.644122383252818,4.159957058507783,27.67042404723564,43.08239398819109,5.428073000536768,5.173107890499195,9.473966720343531,2.717391304347826,0.14761137949543746,0.11406333870101985,1.3083735909822867,0.08051529790660225,,,
109,,0.644122383252818,4.159957058507783,27.603327965646805,43.01529790660226,5.508588298443371,5.233494363929147,9.46725711218465,2.717391304347826,0.14761137949543746,0.11406333870101985,1.3083735909822867,0.08051529790660225,,,
110,,0.644122383252818,4.1532474503489,27.51610305958132,42.76704240472356,5.642780461621041,5.387815351583468,9.46725711218465,2.703972088030059,0.18115942028985507,0.13419216317767044,1.3217928073000538,0.08051529790660225,,,
111,,0.644122383252818,4.159957058507783,27.42216854535695,42.673107890499196,5.770263016639828,5.434782608695652,9.46725711218465,2.703972088030059,0.1878690284487386,0.13419216317767044,1.3217928073000538,0.08051529790660225,,,
112,,0.644122383252818,5.005367686527107,29.562533548040793,42.17659688674181,5.60252281266774,5.515297906602254,7.763016639828234,2.26784755770263,0.2147074610842727,0.1274825550187869,1.0399892646269457,0.08051529790660225,,,
113,,0.644122383252818,5.005367686527107,29.482018250134193,42.1430488459474,5.683038110574342,5.542136339237788,7.75630703166935,2.26784755770263,0.2147074610842727,0.1274825550187869,1.0399892646269457,0.0939345142243693,,,
114,,0.644122383252818,5.005367686527107,29.421631776704242,42.04240472356415,5.662909286097692,5.609232420826624,7.776435856146001,2.314814814814815,0.24154589371980675,0.1274825550187869,1.0399892646269457,0.11406333870101985,,,
115,,0.644122383252818,4.99194847020934,29.381374127750938,41.86795491143317,5.703166935050993,5.850778314546431,7.695920558239399,2.2946859903381642,0.2616747181964573,0.14090177133655393,1.0534084809447128,0.11406333870101985,,,
116,,0.6239935587761675,5.005367686527107,29.24718196457327,41.80085882984434,5.790391841116479,5.891035963499732,7.695920558239399,2.2946859903381642,0.2616747181964573,0.15432098765432098,1.0534084809447128,0.18115942028985507,,,
117,,0.6239935587761675,5.005367686527107,29.21363392377885,41.74047235641439,5.83064949006978,5.9447128287707995,7.695920558239399,2.2946859903381642,0.2616747181964573,0.15432098765432098,1.0534084809447128,0.18115942028985507,,,
118,,0.6239935587761675,5.005367686527107,29.03918411164788,41.6129898013956,6.038647342995169,6.038647342995169,7.695920558239399,2.2946859903381642,0.2616747181964573,0.15432098765432098,1.0534084809447128,0.18115942028985507,,,
119,,0.6239935587761675,5.018786902844874,29.025764895330113,41.599570585077835,6.052066559312936,6.038647342995169,7.6556629092860975,2.2946859903381642,0.2616747181964573,0.15432098765432098,1.093666129898014,0.18115942028985507,,,
120,,0.6239935587761675,4.783950617283951,35.66156736446592,36.8491680085883,5.783682232957595,5.978260869565218,6.253354804079442,2.6167471819645733,0.2616747181964573,0.13419216317767044,0.8722490606548577,0.18115942028985507,,,
121,,0.6239935587761675,4.797369833601718,35.547504025764894,36.72168545356951,5.964841653247451,6.038647342995169,6.239935587761675,2.6167471819645733,0.2616747181964573,0.12077294685990338,0.8856682769726248,0.18115942028985507,,,
122,,0.6239935587761675,4.810789049919484,35.23215244229737,36.65458937198068,6.280193236714976,6.085614600107354,6.260064412238325,2.6167471819645733,0.2616747181964573,0.12077294685990338,0.8722490606548577,0.18115942028985507,,,
123,,0.6239935587761675,4.730273752012883,39.398819108964034,33.7157809983897,6.367418142780462,5.730005367686527,6.179549114331723,1.8853998926462694,0.24154589371980675,0.10064412238325282,0.8454106280193237,0.18115942028985507,,,
124,,0.6239935587761675,5.0791733762748255,38.969404186795494,33.48094471282877,6.360708534621578,6.045356951154052,6.179549114331723,1.8719806763285025,0.24825550187869028,0.10064412238325282,0.8655394524959742,0.17444981213097155,,,
125,,0.6239935587761675,5.092592592592593,38.51315083199141,33.19914117015566,7.078636607622115,6.038647342995169,6.159420289855072,1.8719806763285025,0.24825550187869028,0.10064412238325282,0.8856682769726248,0.1878690284487386,,,
126,,0.6239935587761675,5.0791733762748255,41.86124530327429,30.9447128287708,6.421095008051529,5.938003220611916,6.112453032742888,1.482823403113258,0.2549651100375738,0.10064412238325282,0.9930220075147611,0.1878690284487386,,,
127,,0.6239935587761675,5.0791733762748255,41.74718196457327,30.9447128287708,6.535158346752549,5.938003220611916,6.112453032742888,1.482823403113258,0.2549651100375738,0.10064412238325282,0.9997316156736447,0.18115942028985507,,,
128,,0.6239935587761675,5.092592592592593,41.6935050993022,30.83064949006978,6.5552871712292005,6.018518518518518,6.099033816425121,1.482823403113258,0.2683843263553409,0.10064412238325282,0.9997316156736447,0.23483628556092323,,,
129,,0.2147074610842727,4.314278046162104,49.06736446591519,26.972624798711756,5.407944176060118,5.548845947396672,5.595813204508857,1.3754696725711217,0.2549651100375738,0.08722490606548577,0.9594739667203436,0.20128824476650564,,,
130,,0.2147074610842727,4.314278046162104,49.00697799248524,26.838432635534083,5.46833064949007,5.703166935050993,5.5756843800322065,1.3754696725711217,0.2549651100375738,0.08722490606548577,0.9594739667203436,0.20128824476650564,,,
131,,0.2147074610842727,4.3478260869565215,48.960010735373054,26.82501341921632,5.428073000536768,5.730005367686527,5.562265163714439,1.3754696725711217,0.2549651100375738,0.08722490606548577,0.9594739667203436,0.23483628556092323,0.020128824476650563,,
132,,0.2147074610842727,4.341116478797638,47.43022007514761,26.650563607085346,5.394524959742351,5.870907139023081,5.562265163714439,2.9253891572732154,0.2549651100375738,0.10735373054213634,0.9594739667203436,0.23483628556092323,0.020128824476650563,0.03354804079441761,
133,,0.2147074610842727,4.428341384863124,47.376543209876544,26.596886741814277,5.360976918947934,5.897745571658615,5.508588298443371,2.9253891572732154,0.2549651100375738,0.12077294685990338,1.0265700483091786,0.23483628556092323,0.020128824476650563,0.03354804079441761,
134,,0.2147074610842727,4.455179817498658,47.32957595276436,26.583467525496513,5.340848094471283,5.870907139023081,5.495169082125604,2.9253891572732154,0.2683843263553409,0.12077294685990338,1.06682769726248,0.27509393451422437,0.020128824476650563,0.03354804079441761,
135,,0.2147074610842727,4.549114331723027,48.17498658078368,26.50295222758991,5.314009661835748,5.911164787976382,5.495169082125604,2.0128824476650564,0.2683843263553409,0.12077294685990338,1.107085346215781,0.27509393451422437,0.020128824476650563,0.03354804079441761,
136,,0.2147074610842727,4.549114331723027,48.13472893183038,26.42914653784219,5.35426731078905,5.964841653247451,5.495169082125604,2.033011272141707,0.2683843263553409,0.12077294685990338,1.107085346215781,0.27509393451422437,0.020128824476650563,0.03354804079441761,
137,,0.2147074610842727,4.582662372517445,48.087761674718195,26.402308105206657,5.374396135265701,5.991680085882985,5.46833064949007,2.033011272141707,0.2952227589908749,0.12077294685990338,1.1003757380568975,0.27509393451422437,0.020128824476650563,0.03354804079441761,
138,,0.2147074610842727,4.582662372517445,48.081052066559316,26.39559849704777,5.347557702630167,5.998389694041868,5.488459473966721,2.046430488459474,0.2952227589908749,0.12077294685990338,1.1003757380568975,0.27509393451422437,0.020128824476650563,0.03354804079441761,
139,,0.2147074610842727,4.555823939881911,48.007246376811594,26.35534084809447,5.394524959742351,6.011808910359635,5.488459473966721,2.100107353730542,0.27509393451422437,0.13419216317767044,1.1003757380568975,0.30864197530864196,0.020128824476650563,0.03354804079441761,
140,,0.2147074610842727,4.575952764358561,47.81266774020397,26.207729468599034,5.629361245303274,6.078904991948471,5.46833064949007,2.100107353730542,0.27509393451422437,0.15432098765432098,1.1205045625335481,0.30864197530864196,0.020128824476650563,0.03354804079441761,
141,,0.2147074610842727,4.602791196994096,47.79253891572732,26.160762211486848,5.649490069779925,6.0587761674718195,5.4549114331723025,2.1403650026838434,0.27509393451422437,0.1878690284487386,1.1003757380568975,0.30864197530864196,0.020128824476650563,0.03354804079441761,
142,,0.2147074610842727,4.602791196994096,47.75228126677402,26.093666129898015,5.689747718733226,6.112453032742888,5.475040257648954,2.1068169618894257,0.2885131508319914,0.20128824476650564,1.1003757380568975,0.30864197530864196,0.020128824476650563,0.03354804079441761,
143,,0.2147074610842727,4.616210413311863,47.75228126677402,26.080246913580247,5.662909286097692,6.125872249060655,5.46833064949007,2.13365539452496,0.27509393451422437,0.20128824476650564,1.107085346215781,0.30864197530864196,0.020128824476650563,0.03354804079441761,
144,,0.2147074610842727,4.931561996779388,47.54428341384863,25.91921631776704,5.656199677938808,6.172839506172839,5.4549114331723025,2.13365539452496,0.27509393451422437,0.2281266774020397,1.107085346215781,0.30864197530864196,0.020128824476650563,0.03354804079441761,
145,,0.2147074610842727,5.10601180891036,47.14170692431562,25.91250670960816,5.877616747181965,6.166129898013956,5.4616210413311865,2.147074610842727,0.27509393451422437,0.2281266774020397,1.107085346215781,0.30864197530864196,0.020128824476650563,0.03354804079441761,
146,,0.2147074610842727,5.119431025228127,47.074610842726784,25.89237788513151,5.958132045088567,6.179549114331723,5.4616210413311865,2.147074610842727,0.27509393451422437,0.2281266774020397,1.0869565217391304,0.30864197530864196,0.020128824476650563,0.03354804079441761,
147,,0.2147074610842727,5.193236714975845,46.081588835212024,25.89237788513151,6.89747718733226,6.172839506172839,5.4616210413311865,2.167203435319377,0.27509393451422437,0.2147074610842727,1.06682769726248,0.30864197530864196,0.020128824476650563,0.03354804079441761,
148,,0.2147074610842727,5.132850241545894,46.01449275362319,25.811862587224905,6.957863660762212,6.1929683306494905,5.4549114331723025,2.2611379495437465,0.27509393451422437,0.2147074610842727,1.093666129898014,0.322061191626409,0.020128824476650563,0.03354804079441761,
149,,0.2147074610842727,5.132850241545894,45.591787439613526,25.771604938271604,6.951154052603328,6.226516371443908,5.314009661835748,2.657004830917874,0.35560923242082665,0.2147074610842727,1.1607622114868492,0.35560923242082665,0.020128824476650563,0.03354804079441761,
150,,0.2147074610842727,5.287171229200215,45.1959205582394,25.684380032206118,7.179280730005368,6.246645195920558,5.166398282340311,2.9253891572732154,0.2952227589908749,0.2147074610842727,1.1808910359634996,0.35560923242082665,0.020128824476650563,0.03354804079441761,
151,,0.2147074610842727,5.287171229200215,45.169082125603865,25.637412775093935,7.199409554482019,6.273483628556092,5.166398282340311,2.9723564143853998,0.2952227589908749,0.2147074610842727,1.1808910359634996,0.33548040794417605,0.020128824476650563,0.03354804079441761,
152,,0.2147074610842727,5.387815351583468,44.41089640365003,25.597155126140635,7.917337627482555,6.260064412238325,5.166398282340311,2.999194847020934,0.2952227589908749,0.2147074610842727,1.1473429951690821,0.33548040794417605,0.020128824476650563,0.03354804079441761,
153,,0.2147074610842727,5.407944176060118,44.35050993022008,25.5703166935051,7.930756843800322,6.293612453032743,5.139559849704777,2.985775630703167,0.322061191626409,0.2147074610842727,1.1741814278046163,0.3421900161030596,0.020128824476650563,0.03354804079441761,
154,,0.2147074610842727,5.421363392377885,44.24986580783682,25.42270531400966,7.96430488459474,6.494900697799249,5.139559849704777,2.985775630703167,0.322061191626409,0.2147074610842727,1.1741814278046163,0.3421900161030596,0.020128824476650563,0.03354804079441761,
155,,0.2147074610842727,5.421363392377885,44.24986580783682,25.140901771336555,7.944176060118089,6.796833064949007,5.139559849704777,2.985775630703167,0.322061191626409,0.2147074610842727,1.1607622114868492,0.35560923242082665,0.020128824476650563,0.03354804079441761,
156,,0.2147074610842727,5.548845947396672,47.99382716049383,22.940150295222757,7.541599570585078,6.260064412238325,4.656468062265164,2.8381642512077296,0.28180354267310787,0.1610305958132045,1.1674718196457328,0.3421900161030596,0.020128824476650563,0.03354804079441761,
157,,0.2147074610842727,5.877616747181965,47.58454106280193,22.873054213633925,7.648953301127214,6.327160493827161,4.656468062265164,2.8247450348899625,0.28180354267310787,0.1610305958132045,1.1540526033279657,0.3421900161030596,0.020128824476650563,0.03354804079441761,
158,,0.2147074610842727,5.870907139023081,47.517444981213096,22.832796564680624,7.709339774557166,6.360708534621578,4.656468062265164,2.8247450348899625,0.2952227589908749,0.1610305958132045,1.1540526033279657,0.3488996242619431,0.020128824476650563,0.03354804079441761,
159,,0.2147074610842727,6.528448738593666,47.00751476113795,22.638217928073,7.75630703166935,6.300322061191626,4.636339237788513,2.8247450348899625,0.30864197530864196,0.1610305958132045,1.221148684916801,0.3488996242619431,0.020128824476650563,0.03354804079441761,
160,,0.2147074610842727,6.568706387546968,46.95383789586688,22.604669887278583,7.722758990874933,6.347289318303811,4.64975845410628,2.818035426731079,0.322061191626409,0.1610305958132045,1.221148684916801,0.36231884057971014,0.020128824476650563,0.03354804079441761,
161,,0.2147074610842727,6.723027375201288,46.772678475577024,22.000805152979066,7.675791733762749,6.333870101986044,5.407944176060118,2.757648953301127,0.3488996242619431,0.13419216317767044,1.2412775093934514,0.33548040794417605,0.020128824476650563,0.03354804079441761,
162,,0.2147074610842727,6.635802469135802,46.71900161030596,21.544551798174986,7.689210950080516,6.910896403650026,5.374396135265701,2.757648953301127,0.33548040794417605,0.17444981213097155,1.2278582930756843,0.33548040794417605,0.020128824476650563,0.06038647342995169,
163,,0.2147074610842727,6.622383252818035,46.67203435319377,21.75925925925926,7.7361782071927,6.756575415995706,5.374396135265701,2.7308105206655933,0.33548040794417605,0.17444981213097155,1.2077294685990339,0.33548040794417605,0.020128824476650563,0.06038647342995169,
164,,0.2147074610842727,6.6827697262479875,46.504294149221685,21.69887278582931,7.85024154589372,6.78341384863124,5.360976918947934,2.7308105206655933,0.35560923242082665,0.17444981213097155,1.2278582930756843,0.33548040794417605,0.020128824476650563,0.06038647342995169,
165,,0.2147074610842727,7.635534084809447,46.08829844337091,21.316425120772948,7.9106280193236715,6.535158346752549,5.347557702630167,2.7308105206655933,0.35560923242082665,0.17444981213097155,1.2681159420289856,0.33548040794417605,0.026838432635534086,0.06038647342995169,
166,,0.2147074610842727,7.957595276435856,45.73939881910896,21.316425120772948,7.944176060118089,6.528448738593666,5.347557702630167,2.7308105206655933,0.35560923242082665,0.17444981213097155,1.2681159420289856,0.33548040794417605,0.026838432635534086,0.06038647342995169,
167,,0.2147074610842727,8.68894256575416,44.85373054213634,21.101717659688674,7.977724100912507,6.501610305958132,5.555555555555555,2.7308105206655933,0.35560923242082665,0.17444981213097155,1.3888888888888888,0.36902844873859364,0.026838432635534086,0.06038647342995169,
168,,0.20128824476650564,8.682232957595277,44.73295759527644,21.07487922705314,8.064949006977992,6.595544820182502,5.528717122920021,2.7308105206655933,0.35560923242082665,0.17444981213097155,1.3888888888888888,0.36902844873859364,0.040257648953301126,0.06038647342995169,
169,,0.20128824476650564,8.655394524959743,44.50483091787439,21.034621578099838,8.279656468062266,6.615673644659152,5.528717122920021,2.7442297369833604,0.35560923242082665,0.17444981213097155,1.4090177133655395,0.39586688137412773,0.040257648953301126,0.06038647342995169,
170,,0.20128824476650564,8.729200214707461,44.337090713902306,20.933977455716587,8.413848631239935,6.642512077294686,5.528717122920021,2.6972624798711755,0.3757380568974772,0.20128824476650564,1.4492753623188406,0.38915727321524424,0.040257648953301126,0.06038647342995169,
171,,0.20128824476650564,8.729200214707461,44.06199677938808,20.28985507246377,8.648684916800859,7.313472893183038,5.501878690284487,2.7106816961889426,0.38915727321524424,0.20128824476650564,1.4626945786366077,0.38915727321524424,0.040257648953301126,0.06038647342995169,
