,45,50,53,55,52,51,56,54
0,99.1814278046162,0.8185721953837896,,,,,,
1,83.07836822329575,16.921631776704242,,,,,,
2,77.43558776167473,22.564412238325282,,,,,,
3,74.7181964573269,25.281803542673106,,,,,,
4,74.40284487385937,25.597155126140635,,,,,,
5,74.44981213097155,25.55018786902845,,,,,,
6,74.68464841653247,25.315351583467525,,,,,,
7,74.73161567364465,25.268384326355342,,,,,,
8,57.387278582930755,41.63311862587225,0.9796027911969941,,,,,
9,45.840042941492214,53.18035426731079,0.9796027911969941,,,,,
10,45.93397745571659,52.61674718196457,0.9796027911969941,0.46967257112184646,,,,
11,39.07675791733763,59.80273752012882,0.5032206119162641,0.6172839506172839,,,,
12,39.13714439076758,56.776704240472355,0.5032206119162641,0.6172839506172839,2.965646806226516,,,
13,35.990338164251206,58.95061728395062,0.33548040794417605,0.6172839506172839,4.106280193236715,,,
14,36.178207192699944,58.762748255501876,0.33548040794417605,0.6172839506172839,4.106280193236715,,,
15,30.04562533548041,64.89533011272141,0.33548040794417605,0.6172839506172839,4.106280193236715,,,
16,30.152979066022546,64.78797638217928,0.33548040794417605,0.6172839506172839,4.106280193236715,,,
17,26.50966183574879,60.829307568438004,0.33548040794417605,0.6172839506172839,4.106280193236715,7.601986044015029,,
18,25.785024154589372,52.75764895330113,3.9049919484702094,0.6172839506172839,4.106280193236715,12.828770799785293,,
19,26.08695652173913,52.55636070853462,3.8714439076757916,0.6172839506172839,4.03918411164788,12.828770799785293,,
20,26.174181427804616,47.59125067096082,3.864734299516908,0.6172839506172839,4.03918411164788,17.713365539452496,,
21,26.214439076757916,47.55099302200752,3.864734299516908,0.6172839506172839,4.03918411164788,17.713365539452496,,
22,26.42914653784219,47.497316156736446,3.851315083199141,0.6172839506172839,4.03918411164788,17.45169082125604,0.11406333870101985,
23,26.992753623188406,47.18196457326892,3.770799785292539,0.6172839506172839,4.005636070853462,17.317498658078367,0.11406333870101985,
24,26.81159420289855,42.37788513150832,3.770799785292539,0.6172839506172839,4.005636070853462,22.302737520128826,0.11406333870101985,
25,27.026301663982824,42.230273752012884,3.770799785292539,0.6172839506172839,3.992216854535695,22.249060654857757,0.11406333870101985,
26,27.294685990338163,41.06951154052604,4.428341384863124,0.6172839506172839,3.992216854535695,21.256038647342994,0.11406333870101985,1.2278582930756843
27,24.932903918411164,45.1959205582394,4.42163177670424,0.6172839506172839,2.4154589371980677,21.07487922705314,0.11406333870101985,1.2278582930756843
28,25.32206119162641,45.06843800322061,4.26731078904992,0.5904455179817498,2.3886205045625335,20.893719806763286,0.24154589371980675,1.2278582930756843
29,25.389157273215243,44.16264090177134,4.26731078904992,0.7313472893183038,3.92512077294686,20.055018786902846,0.24154589371980675,1.2278582930756843
30,25.489801395598498,44.0955448201825,4.26731078904992,0.7313472893183038,3.92512077294686,20.021470746108427,0.24154589371980675,1.2278582930756843
31,25.97289318303811,43.612453032742884,4.26731078904992,0.7313472893183038,3.92512077294686,20.021470746108427,0.24154589371980675,1.2278582930756843
32,26.20101986044015,43.41787439613527,4.26731078904992,0.7179280730005367,5.535426731078905,18.391035963499732,0.24154589371980675,1.2278582930756843
33,21.14868491680086,49.2686527106817,3.4286097691894795,0.7716049382716049,9.675254965110037,14.351851851851851,0.1274825550187869,1.2278582930756843
34,19.108964036500268,49.73832528180354,3.3480944712828773,1.482823403113258,9.655126140633387,15.324745034889963,0.1274825550187869,1.2144390767579174
35,18.914385399892645,46.92699946323135,3.3480944712828773,1.482823403113258,14.640365002683843,13.345410628019323,0.1274825550187869,1.2144390767579174
36,19.316961889425656,46.73242082662372,3.3279656468062266,1.415727321524423,14.586688137412775,13.285024154589372,0.1274825550187869,1.2077294685990339
37,18.438003220611915,34.675254965110035,2.9723564143853998,0.7112184648416533,15.445517981749866,26.42914653784219,0.1274825550187869,1.2010198604401503
38,18.706387546967257,33.5077831454643,2.2879763821792807,0.7112184648416533,15.445517981749866,26.31508319914117,,3.026033279656468
39,18.471551261406333,32.729468599033815,2.2879763821792807,0.6709608158883521,18.270263016639827,24.590713902308106,,2.9790660225442833
40,16.80756843800322,30.723295759527645,2.2745571658615136,1.3620504562533549,17.438271604938272,29.032474503488995,,2.3617820719269993
41,17.21014492753623,30.46833064949007,2.2745571658615136,1.3620504562533549,17.438271604938272,28.884863123993558,,2.3617820719269993
42,17.310789049919485,30.441492216854535,2.2745571658615136,1.3620504562533549,17.438271604938272,28.824476650563607,,2.3483628556092326
43,17.70665593129361,30.347557702630166,2.2745571658615136,1.3620504562533549,17.2638217928073,28.69699409554482,,2.3483628556092326
44,17.921363392377884,30.19994632313473,2.2074610842726785,1.3620504562533549,17.2638217928073,28.69699409554482,,2.3483628556092326
45,16.968599033816425,29.8040794417606,2.2074610842726785,1.3486312399355878,17.2638217928073,30.059044551798173,,2.3483628556092326
46,16.31105743424584,28.804347826086957,1.2077294685990339,1.3486312399355878,23.517176596886742,27.865002683843265,,0.9460547504025765
47,16.358024691358025,28.63660762211487,1.2077294685990339,1.4559849704777241,23.65136876006441,27.74422973698336,,0.9460547504025765
48,16.774020397208805,28.166935050993022,1.2010198604401503,2.2611379495437465,23.517176596886742,27.13365539452496,,0.9460547504025765
49,17.042404723564143,28.166935050993022,2.073268921095008,2.15378421900161,23.45679012345679,26.160762211486848,,0.9460547504025765
50,17.49194847020934,27.91867954911433,2.046430488459474,2.15378421900161,23.349436392914654,26.093666129898015,,0.9460547504025765
51,16.928341384863124,24.986580783682232,2.046430488459474,1.1876006441223832,21.108427267847556,32.991143317230275,,0.7514761137949544
52,17.008856682769725,24.295491143317232,2.046430488459474,1.1876006441223832,20.531400966183575,33.843263553408484,,1.0869565217391304
53,17.11621041331186,24.228395061728396,2.046430488459474,1.1876006441223832,20.531400966183575,33.66881374127751,0.13419216317767044,1.0869565217391304
54,17.136339237788512,23.960010735373054,2.046430488459474,1.1876006441223832,20.82662372517445,33.621846484165324,0.13419216317767044,1.0869565217391304
55,17.05582393988191,23.879495437466453,2.046430488459474,0.9125067096081588,16.914922168545356,37.96967257112185,0.13419216317767044,1.0869565217391304
56,15.566290928609769,24.315619967793882,3.374932903918411,0.7514761137949544,17.934782608695652,36.83574879227053,0.13419216317767044,1.0869565217391304
57,15.157004830917874,24.208266237251745,3.374932903918411,0.8856682769726248,15.94873859366613,39.20424047235642,0.13419216317767044,1.0869565217391304
58,14.318303811057435,27.160493827160494,3.784219001610306,0.6239935587761675,13.144122383252817,39.74771873322598,0.13419216317767044,1.0869565217391304
59,14.673913043478262,27.059849704777243,3.7573805689747717,0.6239935587761675,15.029522275899087,37.63419216317767,0.13419216317767044,1.0869565217391304
60,14.834943639291465,27.026301663982824,3.7104133118625873,1.8317230273752012,15.002683843263553,36.37278582930757,0.13419216317767044,1.0869565217391304
61,14.412238325281804,24.691358024691358,2.9388083735909825,2.341653247450349,13.070316693505099,41.458668813741276,,1.0869565217391304
62,14.734299516908212,24.4296833064949,2.9388083735909825,2.341653247450349,12.446323134728932,41.40499194847021,,1.7042404723564144
63,14.264626945786366,22.926731078904993,2.9388083735909825,1.6438539989264627,9.681964573268921,46.83977455716586,,1.7042404723564144
64,14.969135802469136,21.64519592055824,4.0995705850778315,1.6438539989264627,9.614868491680086,45.98094471282877,0.3421900161030596,1.7042404723564144
65,15.318035426731079,21.584809447128286,4.0995705850778315,1.6438539989264627,9.614868491680086,45.69243156199678,0.3421900161030596,1.7042404723564144
66,15.445517981749866,21.00107353730542,4.757112184648417,1.596886741814278,9.554482018250134,45.390499194847024,0.5501878690284487,1.7042404723564144
67,15.371712292002147,20.947396672034355,5.998389694041868,1.596886741814278,9.346484165324744,44.48470209339774,0.5501878690284487,1.7042404723564144
68,15.53274288781535,20.88030059044552,7.407407407407407,1.596886741814278,9.225711218464841,43.10252281266774,0.5501878690284487,1.7042404723564144
69,15.318035426731079,20.618625872249062,7.407407407407407,1.596886741814278,14.298174986580785,38.848631239935585,0.20799785292538917,1.7042404723564144
70,15.70048309178744,20.544820182501343,7.306763285024155,1.5901771336553945,14.251207729468598,38.69431025228127,0.20799785292538917,1.7042404723564144
71,16.210413311862588,20.21604938271605,7.273215244229737,2.442297369833602,13.915727321524423,38.0300590445518,0.20799785292538917,1.7042404723564144
72,16.264090177133657,20.00805152979066,7.273215244229737,2.442297369833602,14.586688137412775,37.513419216317764,0.20799785292538917,1.7042404723564144
73,14.969135802469136,18.666129898013956,4.643048845947397,1.482823403113258,13.097155126140633,45.229468599033815,0.20799785292538917,1.7042404723564144
74,15.056360708534621,18.625872249060656,4.643048845947397,1.6237251744498122,13.097155126140633,45.04159957058508,0.20799785292538917,1.7042404723564144
75,15.257648953301127,18.411164787976382,4.616210413311863,1.8183038110574343,13.056897477187333,44.93424584004294,0.20128824476650564,1.7042404723564144
76,15.344873859366613,17.2638217928073,5.018786902844874,1.7914653784219001,12.983091787439614,45.69243156199678,0.20128824476650564,1.7042404723564144
77,15.385131508319914,17.236983360171767,4.696725711218465,1.9256575415995705,12.962962962962964,45.92055823939882,0.20128824476650564,1.6706924315619969
78,13.714439076757918,16.15673644659152,4.669887278582931,1.9189479334406871,11.81561996779388,49.92619431025228,0.20128824476650564,1.596886741814278
79,13.895598497047773,16.11647879763822,4.669887278582931,1.9189479334406871,11.741814278046162,49.85909822866345,0.20128824476650564,1.596886741814278
80,13.714439076757918,15.331454643048845,4.669887278582931,2.6301663982823404,11.701556629092861,50.15432098765432,0.20128824476650564,1.596886741814278
81,13.922436929683306,15.24422973698336,4.669887278582931,2.623456790123457,11.66129898013956,49.52361782071927,0.5233494363929146,1.8317230273752012
82,14.130434782608695,15.163714439076758,4.622920021470746,2.623456790123457,11.647879763821793,49.45652173913044,0.5233494363929146,1.8317230273752012
83,14.53972088030059,15.136876006441224,4.622920021470746,2.563070316693505,11.594202898550725,49.18813741277509,0.5233494363929146,1.8317230273752012
84,14.908749329039184,15.11003757380569,4.616210413311863,2.563070316693505,11.426462694578637,49.020397208803004,0.5233494363929146,1.8317230273752012
85,15.163714439076758,15.029522275899087,4.616210413311863,2.563070316693505,11.426462694578637,48.92646269457864,0.5233494363929146,1.751207729468599
86,15.311325818572195,15.029522275899087,4.5960815888352125,2.563070316693505,11.426462694578637,48.79898013955985,0.5233494363929146,1.751207729468599
87,14.888620504562533,13.103864734299517,4.066022544283414,2.254428341384863,10.755501878690284,52.865002683843265,0.5233494363929146,1.5432098765432098
88,15.22410091250671,13.09044551798175,4.066022544283414,2.254428341384863,10.695115405260333,52.603327965646805,0.5233494363929146,1.5432098765432098
89,15.230810520665592,13.050187869028449,4.032474503488996,2.254428341384863,11.929683306494901,51.43585614600107,0.5233494363929146,1.5432098765432098
90,15.11003757380569,13.170960815888352,4.032474503488996,2.254428341384863,11.929683306494901,51.43585614600107,0.5233494363929146,1.5432098765432098
91,16.06280193236715,13.103864734299517,3.9989264626945786,2.254428341384863,11.822329575952764,50.697799248523886,0.5166398282340311,1.5432098765432098
92,16.485507246376812,12.869028448738593,3.9989264626945786,2.2342995169082127,11.81561996779388,50.536768652710684,0.5166398282340311,1.5432098765432098
93,16.418411164787976,12.801932367149758,5.6964573268921095,2.2342995169082127,11.721685453569512,49.06736446591519,0.5166398282340311,1.5432098765432098
94,16.720343531937736,12.741545893719806,5.669618894256575,2.2342995169082127,11.721685453569512,48.85265700483092,0.5166398282340311,1.5432098765432098
95,16.861245303274288,12.634192163177671,5.649490069779925,2.2342995169082127,11.41304347826087,48.39640365002684,1.2949543746645196,1.5163714439076759
96,17.176596886741816,12.634192163177671,5.595813204508857,2.2208803005904456,11.379495437466453,48.18169618894257,1.2949543746645196,1.5163714439076759
97,17.2638217928073,12.634192163177671,5.595813204508857,2.2208803005904456,11.379495437466453,48.128019323671495,1.2949543746645196,1.482823403113258
98,17.54562533548041,12.634192163177671,5.58239398819109,2.2208803005904456,11.379495437466453,47.87305421363392,1.2949543746645196,1.4694041867954912
99,17.66639828234031,12.607353730542137,5.58239398819109,2.2208803005904456,11.372785829307569,47.799248523886206,1.2815351583467525,1.4694041867954912
100,17.92807300053677,12.513419216317766,5.475040257648954,2.6972624798711755,11.372785829307569,47.26247987117552,1.2815351583467525,1.4694041867954912
101,18.189747718733226,12.385936661298981,5.475040257648954,2.6972624798711755,10.963499731615673,46.69216317767042,1.2815351583467525,2.314814814814815
102,17.599302200751477,12.942834138486312,7.39398819108964,2.690552871712292,9.594739667203436,46.182232957595275,1.2815351583467525,2.314814814814815
103,18.169618894256576,12.93612453032743,7.226247987117552,2.690552871712292,9.594739667203436,45.78636607622115,1.2815351583467525,2.314814814814815
104,18.169618894256576,12.889157273215245,7.950885668276973,2.690552871712292,9.594739667203436,45.2361782071927,1.1540526033279657,2.314814814814815
105,18.69296833064949,12.795222758990874,7.950885668276973,2.690552871712292,9.494095544820183,44.907407407407405,1.1540526033279657,2.314814814814815
106,19.39747718733226,12.607353730542137,7.883789586688137,2.690552871712292,9.447128287707997,44.50483091787439,1.1540526033279657,2.314814814814815
107,19.605475040257648,12.607353730542137,7.883789586688137,2.6637144390767578,9.447128287707997,44.33038110574343,1.1540526033279657,2.3081052066559313
108,20.00805152979066,12.419484702093397,7.87037037037037,2.61003757380569,9.420289855072463,44.20960815888352,1.1540526033279657,2.3081052066559313
109,20.075147611379496,12.359098228663447,7.87037037037037,3.2675791733762747,9.420289855072463,43.61916264090177,1.1540526033279657,2.2342995169082127
110,20.142243692968332,11.58749329039184,9.473966720343531,3.361513687600644,9.037842190016104,43.23000536768653,1.1540526033279657,2.0128824476650564
111,20.148953301127214,11.54723564143854,9.473966720343531,3.5091250670960816,9.024422973698336,43.12936124530327,1.1540526033279657,2.0128824476650564
112,20.652173913043477,11.506977992485238,9.473966720343531,3.4957058507783145,9.01100375738057,42.85426731078905,1.1540526033279657,1.8518518518518519
113,20.947396672034355,11.486849168008588,9.453837895866881,3.4957058507783145,8.99087493290392,42.619431025228124,1.1540526033279657,1.8518518518518519
114,21.041331186258724,11.460010735373054,9.453837895866881,3.4822866344605474,8.99087493290392,42.56575415995706,1.1540526033279657,1.8518518518518519
115,20.38378958668814,12.298711755233494,10.071121846484166,3.4822866344605474,8.581588835212024,42.3845947396672,0.9460547504025765,1.8518518518518519
116,20.73268921095008,12.224906065485776,10.057702630166398,3.435319377348363,8.57487922705314,42.310789049919485,0.9460547504025765,1.7176596886741815
117,20.82662372517445,11.949812130971551,10.010735373054214,3.435319377348363,8.561460010735374,41.74047235641439,0.9460547504025765,2.5295222758990876
118,20.913848631239937,11.882716049382717,10.010735373054214,3.435319377348363,8.561460010735374,41.5727321524423,1.093666129898014,2.5295222758990876
119,21.081588835212024,11.882716049382717,9.997316156736447,3.435319377348363,8.561460010735374,41.418411164787976,1.093666129898014,2.5295222758990876
120,20.45088566827697,13.399087493290391,9.91009125067096,3.435319377348363,7.823403113258186,41.21041331186259,1.2412775093934514,2.5295222758990876
121,20.819914117015568,13.325281803542673,9.896672034353195,3.435319377348363,7.803274288781535,41.02254428341385,1.1674718196457328,2.5295222758990876
122,18.209876543209877,16.639828234031132,9.16532474503489,3.435319377348363,7.568438003220612,41.2842190016103,1.1674718196457328,2.5295222758990876
123,17.98174986580784,15.022812667740205,9.145195920558239,3.435319377348363,11.030595813204508,39.80810520665593,1.1674718196457328,2.408749329039184
124,18.095813204508858,15.022812667740205,9.03113258185722,3.435319377348363,11.030595813204508,39.80810520665593,1.1674718196457328,2.408749329039184
125,17.418142780461622,14.600107353730541,11.252012882447666,3.140096618357488,11.030595813204508,38.98282340311326,1.1674718196457328,2.408749329039184
126,17.746913580246915,14.40552871712292,11.252012882447666,3.140096618357488,11.030595813204508,38.88217928073001,1.1406333870101986,2.4020397208803006
127,14.982555018786902,18.800322061191626,10.38647342995169,3.0193236714975846,9.346484165324744,40.123456790123456,0.9393451422436929,2.4020397208803006
128,14.942297369833602,18.706387546967257,11.540526033279656,3.0193236714975846,9.091519055287172,39.55314009661836,0.7447665056360708,2.4020397208803006
129,15.190552871712292,18.625872249060656,11.419753086419753,3.0193236714975846,12.124261943102523,36.493558776167475,0.7246376811594203,2.4020397208803006
130,15.593129361245303,18.47826086956522,11.352657004830919,3.0193236714975846,12.110842726784755,36.3191089640365,0.7246376811594203,2.4020397208803006
131,16.049382716049383,18.344068706387546,11.352657004830919,3.0193236714975846,12.110842726784755,36.030595813204506,0.7246376811594203,2.368491680085883
132,16.056092324208265,16.626409017713364,14.11701556629093,3.0193236714975846,12.104133118625873,34.43370907139023,1.2748255501878691,2.368491680085883
133,16.21712292002147,16.6129898013956,14.11701556629093,3.0193236714975846,12.090713902308105,34.29951690821256,1.2748255501878691,2.368491680085883
134,16.659957058507782,16.566022544283413,14.090177133655395,3.0059044551798175,12.070585077831455,33.964036500268385,1.2748255501878691,2.368491680085883
135,16.955179817498657,16.53918411164788,13.969404186795492,3.0059044551798175,12.016908212560386,33.87010198604401,1.2748255501878691,2.368491680085883
136,16.968599033816425,16.53918411164788,13.969404186795492,3.0059044551798175,12.016908212560386,33.87010198604401,1.2748255501878691,2.3550724637681157
137,17.062533548040793,16.458668813741276,13.969404186795492,3.0059044551798175,12.016908212560386,33.87010198604401,1.261406333870102,2.3550724637681157
138,17.223564143854,16.391572732152444,13.969404186795492,2.999194847020934,11.990069779924852,33.823134728931834,1.247987117552335,2.3550724637681157
139,17.317498658078367,16.384863123993558,13.969404186795492,2.999194847020934,11.922973698336017,33.68894256575416,1.3888888888888888,2.328234031132582
140,17.505367686527105,16.371443907675793,13.962694578636608,2.999194847020934,11.902844873859367,33.561460010735374,1.3888888888888888,2.3081052066559313
141,17.66639828234031,16.324476650563607,13.868760064412239,2.999194847020934,11.862587224906065,33.52791196994095,1.3888888888888888,2.3617820719269993
142,18.035426731078903,16.25067096081589,13.855340848094471,2.9589371980676327,11.748523886205046,33.400429414922165,1.3888888888888888,2.3617820719269993
143,18.411164787976382,16.243961352657006,13.781535158346752,2.9052603327965647,11.721685453569512,33.1857219538379,1.3888888888888888,2.3617820719269993
144,18.55877616747182,16.17686527106817,13.747987117552334,2.9052603327965647,11.721685453569512,33.13875469672571,1.3888888888888888,2.3617820719269993
145,18.69296833064949,16.1231884057971,13.734567901234568,2.9052603327965647,11.701556629092861,33.091787439613526,1.3888888888888888,2.3617820719269993
146,16.284219001610307,15.660225442834138,12.93612453032743,2.844873859366613,11.191626409017713,38.35882984433709,1.261406333870102,1.4626945786366077
147,15.962157809983896,12.245034889962426,13.539989264626946,2.844873859366613,14.720880300590446,37.96296296296296,1.261406333870102,1.4626945786366077
148,16.089640365002683,12.245034889962426,13.519860440150294,2.844873859366613,14.720880300590446,37.855609232420825,1.261406333870102,1.4626945786366077
149,16.49892646269458,11.735104669887278,13.519860440150294,3.0327428878153517,14.720880300590446,37.76838432635534,1.261406333870102,1.4626945786366077
150,16.57944176060118,11.694847020933977,13.486312399355878,3.0327428878153517,14.720880300590446,37.76167471819646,1.261406333870102,1.4626945786366077
151,16.928341384863124,11.694847020933977,13.486312399355878,2.985775630703167,14.694041867954912,37.486580783682236,1.261406333870102,1.4626945786366077
152,17.14975845410628,11.681427804616211,13.446054750402576,2.985775630703167,14.63365539452496,37.3792270531401,1.261406333870102,1.4626945786366077
153,17.57246376811594,11.560654857756306,13.271604938271604,2.985775630703167,14.533011272141707,37.35238862050456,1.261406333870102,1.4626945786366077
154,17.673107890499196,11.513687600644122,13.238056897477188,2.985775630703167,14.533011272141707,37.33225979602791,1.261406333870102,1.4626945786366077
155,17.894524959742352,11.486849168008588,13.191089640365004,2.965646806226516,14.533011272141707,37.204777241009126,1.261406333870102,1.4626945786366077
156,16.478797638217927,11.43317230273752,11.60762211486849,2.831454643048846,12.600644122383253,42.45840042941492,1.1272141706924315,1.4626945786366077
157,16.59286097691895,11.386205045625335,11.600912506709609,2.8113258185721954,12.600644122383253,42.41814278046162,1.1272141706924315,1.4626945786366077
158,16.74718196457327,11.352657004830919,11.58749329039184,2.8113258185721954,12.513419216317766,42.39801395598497,1.1272141706924315,1.4626945786366077
159,17.143048845947398,10.547504025764896,12.27187332259796,2.8113258185721954,12.372517444981213,42.2638217928073,1.1272141706924315,1.4626945786366077
160,17.236983360171767,10.453569511540525,12.27187332259796,2.8113258185721954,12.372517444981213,42.2638217928073,1.1272141706924315,1.4626945786366077
161,17.70665593129361,10.373054213633925,12.177938808373591,2.8113258185721954,12.097423510466989,42.09608158883521,1.1272141706924315,1.6103059581320451
162,17.820719269994633,10.352925389157273,12.177938808373591,2.8113258185721954,12.097423510466989,42.00214707461084,1.1272141706924315,1.6103059581320451
163,18.00858829844337,10.352925389157273,12.084004294149223,2.7979066022544283,12.070585077831455,41.948470209339774,1.1272141706924315,1.6103059581320451
164,18.276972624798713,10.272410091250672,12.077294685990339,2.717391304347826,12.057165861513688,41.86124530327429,1.1272141706924315,1.6103059581320451
165,18.357487922705314,10.23215244229737,12.057165861513688,2.6972624798711755,12.057165861513688,41.86124530327429,1.1272141706924315,1.6103059581320451
166,18.773483628556093,10.23215244229737,12.057165861513688,2.6972624798711755,12.037037037037036,41.30434782608695,1.288244766505636,1.6103059581320451
167,18.947933440687063,10.23215244229737,12.057165861513688,2.6972624798711755,12.010198604401502,41.156736446591516,1.288244766505636,1.6103059581320451
168,19.182769726247987,10.23215244229737,12.037037037037036,2.677133655394525,12.010198604401502,40.9621578099839,1.288244766505636,1.6103059581320451
169,19.269994632313473,10.23215244229737,12.030327428878154,2.677133655394525,12.010198604401502,40.88164251207729,1.288244766505636,1.6103059581320451
170,19.484702093397747,10.23215244229737,11.882716049382717,2.677133655394525,12.010198604401502,40.81454643048846,1.288244766505636,1.6103059581320451
171,19.598765432098766,10.23215244229737,11.849168008588299,2.677133655394525,12.010198604401502,40.734031132581855,1.288244766505636,1.6103059581320451
172,19.85373054213634,10.185185185185185,11.81561996779388,2.677133655394525,11.98336017176597,40.09661835748792,1.2681159420289856,2.120236178207193
173,20.014761137949545,10.11808910359635,11.81561996779388,2.677133655394525,11.949812130971551,40.03623188405797,1.2681159420289856,2.120236178207193
174,18.719806763285025,9.789318303811058,10.017444981213098,2.6637144390767578,11.849168008588299,43.592324208266234,1.2681159420289856,2.100107353730542
175,19.14922168545357,9.789318303811058,9.977187332259795,2.6637144390767578,11.721685453569512,43.33064949006978,1.2681159420289856,2.100107353730542
176,19.39747718733226,9.702093397745571,9.950348899624261,2.6637144390767578,11.654589371980677,43.263553408480945,1.2681159420289856,2.100107353730542
177,19.410896403650028,9.608158883521202,9.950348899624261,3.3682232957595275,11.58749329039184,42.70665593129361,1.2681159420289856,2.100107353730542
178,19.47799248523886,9.601449275362318,9.950348899624261,3.3682232957595275,11.553945249597424,41.5727321524423,1.261406333870102,3.2139023081052067
179,20.00805152979066,9.480676328502415,9.88996242619431,3.3682232957595275,11.553945249597424,41.23054213633924,1.261406333870102,3.207192699946323
180,20.182501341921633,9.46725711218465,9.863123993558776,3.3682232957595275,11.446591519055287,41.2037037037037,1.261406333870102,3.207192699946323
181,20.50456253354804,9.433709071390231,9.836285560923242,3.2877079978529253,11.446591519055287,40.89506172839506,1.4090177133655395,3.1870638754696725
182,20.679012345679013,9.433709071390231,9.782608695652174,3.3950617283950617,11.406333870101985,40.707192699946326,1.4090177133655395,3.1870638754696725
183,20.873590982286636,9.433709071390231,9.782608695652174,3.33467525496511,11.3593666129898,40.64680622651637,1.4090177133655395,3.1602254428341383
184,20.974235104669887,9.433709071390231,9.782608695652174,3.3279656468062266,11.352657004830919,40.56629092860977,1.4090177133655395,3.1535158346752548
185,21.202361782071925,9.39345142243693,9.708803005904455,3.3279656468062266,11.29898013955985,40.50590445517982,1.4090177133655395,3.1535158346752548
186,21.256038647342994,9.39345142243693,9.708803005904455,3.066290928609769,12.050456253354804,39.962426194310254,1.4090177133655395,3.1535158346752548
187,21.40365002683843,9.39345142243693,9.708803005904455,3.026033279656468,12.050456253354804,39.85507246376812,1.4090177133655395,3.1535158346752548
188,21.732420826623724,9.39345142243693,9.702093397745571,3.026033279656468,11.79549114331723,39.78797638217928,1.4090177133655395,3.1535158346752548
189,21.69887278582931,9.27938808373591,10.144927536231885,3.026033279656468,11.533816425120772,39.781266774020395,1.4090177133655395,3.126677402039721
190,21.826355340848096,9.27938808373591,10.144927536231885,3.1602254428341383,11.520397208803006,39.55984970477724,1.4090177133655395,3.099838969404187
191,22.10144927536232,9.27938808373591,10.111379495437467,3.1602254428341383,11.493558776167472,39.34514224369297,1.4090177133655395,3.099838969404187
192,22.383252818035427,9.151905528717123,10.802469135802468,3.2675791733762747,11.426462694578637,38.459473966720346,1.415727321524423,3.0931293612453032
193,22.779119699409556,9.111647879763822,10.802469135802468,3.227321524422974,11.379495437466453,38.08373590982286,1.415727321524423,3.2004830917874396
194,23.040794417606012,9.111647879763822,10.802469135802468,3.227321524422974,11.33923778851315,37.86231884057971,1.415727321524423,3.2004830917874396
195,23.221953837895867,9.111647879763822,10.802469135802468,3.227321524422974,11.191626409017713,37.82877079978529,1.415727321524423,3.2004830917874396
196,23.369565217391305,9.098228663446054,10.775630703166936,3.3145464304884595,11.191626409017713,37.63419216317767,1.415727321524423,3.2004830917874396
197,23.51046698872786,9.098228663446054,10.695115405260333,3.9586688137412773,11.191626409017713,36.9296833064949,1.415727321524423,3.2004830917874396
198,23.59098228663446,9.098228663446054,10.695115405260333,4.072732152442297,11.16478797638218,36.761943102522814,1.415727321524423,3.2004830917874396
199,23.97342995169082,9.098228663446054,10.628019323671497,4.072732152442297,11.05072463768116,36.600912506709605,1.402308105206656,3.1736446591519054
200,24.241814278046164,9.064680622651638,10.628019323671497,4.066022544283414,10.929951690821255,36.493558776167475,1.402308105206656,3.1736446591519054
201,24.704777241009126,9.05126140633387,10.601180891035963,4.066022544283414,10.84272678475577,36.171497584541065,1.402308105206656,3.1602254428341383
202,24.892646269457863,8.977455716586151,10.547504025764896,4.019055287171229,10.755501878690284,36.11782071926999,1.5297906602254427,3.1602254428341383
203,24.94632313472893,8.970746108427267,10.547504025764896,4.019055287171229,10.742082662372518,36.08427267847558,1.5297906602254427,3.1602254428341383
204,25.174449812130973,8.957326892109501,10.513955984970478,3.730542136339238,10.701825013419215,35.39989264626946,1.5163714439076759,4.005636070853462
205,25.295222758990874,8.930488459473967,10.507246376811594,3.730542136339238,10.701825013419215,35.31266774020397,1.5163714439076759,4.005636070853462
206,25.650831991411703,8.917069243156199,10.466988727858293,3.730542136339238,10.674986580783683,35.037573805689746,1.5163714439076759,4.005636070853462
207,25.87895866881374,8.876811594202898,10.399892646269459,3.730542136339238,10.641438539989265,34.95034889962426,1.5163714439076759,4.005636070853462
208,26.100375738056897,8.789586688137414,10.339506172839506,3.6902844873859366,10.641438539989265,34.916800858829845,1.5163714439076759,4.005636070853462
209,26.241277509393452,8.789586688137414,10.332796564680622,3.6902844873859366,10.554213633923778,34.86983360171766,1.5163714439076759,4.005636070853462
210,26.442565754159958,8.641975308641975,10.332796564680622,3.6902844873859366,10.554213633923778,34.84299516908212,1.5163714439076759,3.978797638217928
211,26.50966183574879,8.641975308641975,10.312667740203972,3.6902844873859366,10.554213633923778,34.796027911969944,1.5163714439076759,3.978797638217928
212,25.469672571121848,6.468062265163715,9.037842190016104,3.643317230273752,9.64170692431562,38.969404186795494,2.9253891572732154,3.844605475040258
213,25.617283950617285,6.468062265163715,9.037842190016104,3.643317230273752,9.608158883521202,38.85534084809447,2.9253891572732154,3.844605475040258
214,25.711218464841654,6.468062265163715,9.024422973698336,3.589640365002684,9.608158883521202,38.828502415458935,2.9253891572732154,3.844605475040258
215,25.885668276972623,6.246645195920558,8.84326355340848,3.556092324208266,9.567901234567902,38.98282340311326,2.9253891572732154,3.992216854535695
216,26.221148684916802,6.219806763285024,8.809715512614064,3.556092324208266,9.500805152979066,38.788244766505635,2.9253891572732154,3.978797638217928
217,26.583467525496513,6.219806763285024,8.809715512614064,3.475577026301664,9.500805152979066,38.69431025228127,2.9253891572732154,3.7909286097691894
218,26.818303811057433,6.213097155126141,8.796296296296296,3.4688674181427803,9.400161030595813,38.58695652173913,2.9253891572732154,3.7909286097691894
219,26.952495974235106,6.1862587224906065,8.789586688137414,3.4688674181427803,9.366612989801396,38.519860440150296,2.9253891572732154,3.7909286097691894
220,27.167203435319376,6.132581857219538,8.769457863660762,3.435319377348363,9.306226516371444,38.486312399355874,2.9253891572732154,3.7775093934514223
221,27.38191089640365,6.125872249060655,8.709071390230811,3.435319377348363,9.292807300053678,38.36553945249597,2.9119699409554483,3.7775093934514223
222,27.15378421900161,6.052066559312936,8.682232957595277,3.374932903918411,9.198872785829307,37.063875469672574,2.8784219001610305,5.595813204508857
223,27.435587761674718,6.031937734836285,8.668813741277509,3.3548040794417604,9.172034353193773,36.8894256575416,2.8784219001610305,5.5689747718733225
224,27.831454643048847,5.911164787976382,8.655394524959743,3.4017713365539453,9.145195920558239,36.64117015566291,2.844873859366613,5.5689747718733225
225,28.348094471282877,5.850778314546431,8.621846484165324,3.2675791733762747,9.145195920558239,36.35265700483092,2.844873859366613,5.5689747718733225
226,28.509125067096083,5.844068706387547,8.61513687600644,3.2675791733762747,9.131776704240472,36.24530327428878,2.844873859366613,5.542136339237788
227,28.797638217928075,5.83064949006978,8.561460010735374,3.2675791733762747,9.131776704240472,36.04401502952228,2.844873859366613,5.522007514761138
228,29.13311862587225,5.83064949006978,8.561460010735374,3.2675791733762747,9.03113258185722,35.82259796027912,2.8381642512077296,5.515297906602254
229,29.314278046162105,5.83064949006978,8.480944712828771,3.2675791733762747,9.024422973698336,35.75550187869028,2.8381642512077296,5.488459473966721
230,29.374664519592056,5.803811057434245,8.467525496511003,3.2474503488996245,9.024422973698336,35.75550187869028,2.8381642512077296,5.488459473966721
231,29.542404723564143,5.803811057434245,8.413848631239935,3.240740740740741,8.950617283950617,35.72866344605475,2.831454643048846,5.488459473966721
232,29.830917874396135,5.776972624798712,8.407139023081053,3.180354267310789,8.849973161567364,35.66156736446592,2.804616210413312,5.488459473966721
233,29.998658078368223,5.776972624798712,8.32662372517445,3.1535158346752548,8.816425120772946,35.63472893183038,2.804616210413312,5.488459473966721
234,29.622920021470748,5.776972624798712,8.32662372517445,3.2206119162640903,9.749060654857756,35.16505636070853,2.6838432635534084,5.4549114331723025
235,29.770531400966185,5.709876543209877,8.32662372517445,3.207192699946323,9.728931830381105,35.13150831991412,2.6838432635534084,5.441492216854535
236,29.045893719806763,5.709876543209877,8.32662372517445,3.0864197530864197,11.419753086419753,34.48067632850242,2.5563607085346214,5.374396135265701
237,29.341116478797638,5.709876543209877,8.32662372517445,3.0327428878153517,11.419753086419753,34.312936124530324,2.5429414922168547,5.314009661835748
238,23.409822866344605,28.629898013955984,7.917337627482555,2.006172839506173,6.823671497584541,24.22168545356951,2.49597423510467,4.49543746645196
239,23.758722490606548,28.32125603864734,7.890499194847021,2.006172839506173,6.823671497584541,24.208266237251745,2.49597423510467,4.49543746645196
240,24.208266237251745,28.173644659151904,7.796564680622652,2.006172839506173,6.756575415995706,24.06736446591519,2.49597423510467,4.49543746645196
241,24.44981213097155,28.039452495974235,7.796564680622652,2.006172839506173,6.756575415995706,24.020397208803004,2.49597423510467,4.435050993022007
242,24.56387546967257,28.019323671497585,7.796564680622652,1.9860440150295222,6.6827697262479875,24.020397208803004,2.49597423510467,4.435050993022007
243,24.812130971551262,27.992485238862052,7.75630703166935,1.9860440150295222,6.595544820182502,23.926462694578635,2.49597423510467,4.435050993022007
244,25.033548040794418,27.83816425120773,7.75630703166935,1.9860440150295222,6.595544820182502,23.859366612989803,2.49597423510467,4.435050993022007
245,25.13419216317767,27.77777777777778,7.729468599033816,1.9860440150295222,6.595544820182502,23.845947396672035,2.49597423510467,4.435050993022007
246,25.275093934514224,27.65029522275899,7.689210950080516,2.120236178207193,6.595544820182502,23.752012882447666,2.49597423510467,4.42163177670424
247,25.462962962962962,27.603327965646805,7.689210950080516,2.120236178207193,6.595544820182502,23.698336017176597,2.442297369833602,4.388083735909823
248,25.805152979066023,27.556360708534623,7.675791733762749,2.120236178207193,6.5552871712292005,23.470209339774556,2.442297369833602,4.374664519592056
249,26.006441223832528,27.549651100375737,7.6623725174449815,2.1135265700483092,6.501610305958132,23.423242082662373,2.4020397208803006,4.341116478797638
250,26.207729468599034,27.38191089640365,7.64224369296833,2.1135265700483092,6.501610305958132,23.409822866344605,2.4020397208803006,4.341116478797638
251,26.422436929683307,27.3215244229737,7.581857219538379,2.1135265700483092,6.494900697799249,23.329307568438004,2.4020397208803006,4.334406870638754
252,26.630434782608695,27.214170692431562,7.555018786902845,2.1135265700483092,6.494900697799249,23.255501878690286,2.4020397208803006,4.334406870638754
253,26.82501341921632,27.106816961889425,7.5281803542673105,2.0933977455716586,6.494900697799249,23.221953837895867,2.4020397208803006,4.327697262479871
254,23.101180891035963,24.496779388083738,6.602254428341385,1.8988191089640365,6.146001073537305,31.588835212023618,1.8384326355340848,4.327697262479871
255,23.32259796027912,24.362587224906065,6.602254428341385,1.8988191089640365,6.146001073537305,31.53515834675255,1.8317230273752012,4.300858829844337
256,23.59098228663446,24.154589371980677,6.568706387546968,1.892109500805153,6.139291465378422,31.52173913043478,1.8317230273752012,4.300858829844337
257,23.93317230273752,24.033816425120772,6.568706387546968,1.892109500805153,6.112453032742888,31.353998926462694,1.8317230273752012,4.274020397208803
258,24.10762211486849,23.980139559849704,6.535158346752549,1.892109500805153,6.112453032742888,31.300322061191626,1.7981749865807837,4.274020397208803
259,24.194847020933977,23.980139559849704,6.501610305958132,1.8518518518518519,6.112453032742888,31.293612453032743,1.7981749865807837,4.26731078904992
260,24.295491143317232,23.839237788513152,6.488191089640365,1.8518518518518519,6.112453032742888,31.253354804079443,1.7981749865807837,4.361245303274289
261,24.610842726784757,23.772141706924316,6.447933440687064,1.8518518518518519,6.112453032742888,31.052066559312937,1.7981749865807837,4.3545356951154055
262,24.953032742887814,23.72517444981213,6.447933440687064,1.8518518518518519,5.998389694041868,30.917874396135264,1.7981749865807837,4.30756843800322
263,25.261674718196456,23.658078368223297,6.367418142780462,1.8518518518518519,5.998389694041868,30.797101449275363,1.7579173376274826,4.30756843800322
264,25.49651100375738,23.483628556092324,6.340579710144928,1.8518518518518519,5.998389694041868,30.763553408480945,1.7579173376274826,4.30756843800322
265,25.939345142243692,23.21524422973698,6.340579710144928,1.8518518518518519,5.998389694041868,30.615942028985508,1.7579173376274826,4.280730005367687
266,25.89908749329039,22.82608695652174,6.273483628556092,2.5295222758990876,5.998389694041868,30.52871712292002,1.7579173376274826,4.186795491143317
267,26.147342995169083,22.77241009125067,6.253354804079442,2.5295222758990876,5.998389694041868,30.407944176060116,1.7579173376274826,4.133118625872249
268,26.37546967257112,22.69860440150295,6.253354804079442,2.5295222758990876,5.958132045088567,30.327428878153516,1.724369296833065,4.133118625872249
269,26.650563607085346,22.5979602791197,6.226516371443908,2.5295222758990876,5.891035963499732,30.267042404723565,1.710950080515298,4.126409017713366
270,27.15378421900161,22.436929683306495,6.172839506172839,2.5295222758990876,5.844068706387547,30.059044551798173,1.710950080515298,4.092860976918948
271,27.375201288244767,22.416800858829845,6.172839506172839,2.5295222758990876,5.783682232957595,29.918142780461622,1.710950080515298,4.092860976918948
272,27.67042404723564,22.38996242619431,6.172839506172839,2.5295222758990876,5.703166935050993,29.797369833601717,1.6572732152442298,4.079441760601181
273,27.87842190016103,22.383252818035427,6.159420289855072,2.5295222758990876,5.683038110574342,29.62962962962963,1.6572732152442298,4.079441760601181
274,28.28099838969404,22.15512614063339,6.159420289855072,2.522812667740204,5.649490069779925,29.49543746645196,1.6572732152442298,4.079441760601181
275,28.522544283413847,22.15512614063339,6.159420289855072,2.522812667740204,5.58239398819109,29.354535695115406,1.6237251744498122,4.079441760601181
