,45,50,51,55,53,54,52,58,56,57
0,97.15512614063339,2.844873859366613,,,,,,,,
1,91.42512077294685,8.57487922705314,,,,,,,,
2,88.9224369296833,6.890767579173376,4.186795491143317,,,,,,,
3,88.9626945786366,6.850509930220075,4.186795491143317,,,,,,,
4,88.83521202361781,6.984702093397746,4.03918411164788,0.14090177133655393,,,,,,
5,86.29898013955984,9.520933977455716,4.03918411164788,0.14090177133655393,,,,,,
6,86.20504562533549,9.728931830381105,4.03918411164788,0.026838432635534086,,,,,,
7,84.1653247450349,11.600912506709609,4.03918411164788,0.026838432635534086,0.16774020397208803,,,,,
8,84.17874396135265,11.647879763821793,3.978797638217928,0.026838432635534086,0.16774020397208803,,,,,
9,81.69618894256575,14.130434782608695,3.978797638217928,0.026838432635534086,0.16774020397208803,,,,,
10,74.6779388083736,20.819914117015568,3.978797638217928,0.026838432635534086,0.49651100375738055,,,,,
11,74.70477724100913,20.819914117015568,3.9519592055823938,0.026838432635534086,0.49651100375738055,,,,,
12,74.00026838432636,21.531132581857218,3.9452495974235107,0.026838432635534086,0.49651100375738055,,,,,
13,67.53220611916264,27.91867954911433,3.7372517444981215,0.026838432635534086,0.49651100375738055,0.2885131508319914,,,,
14,63.49302200751476,28.10654857756307,7.588566827697263,0.026838432635534086,0.49651100375738055,0.2885131508319914,,,,
15,63.405797101449274,28.22061191626409,7.561728395061729,0.026838432635534086,0.49651100375738055,0.2885131508319914,,,,
16,47.12157809983897,48.68491680085883,4.025764895330113,,0.16774020397208803,,,,,
17,47.28931830381106,48.51717659688674,4.025764895330113,,0.16774020397208803,,,,,
18,47.30273752012882,48.369565217391305,4.025764895330113,,0.16774020397208803,0.13419216317767044,,,,
19,47.396672034353195,48.27563070316693,4.025764895330113,,0.16774020397208803,0.13419216317767044,,,,
20,46.175523349436396,49.261943102522814,4.025764895330113,,0.16774020397208803,0.13419216317767044,0.23483628556092323,,,
21,34.72893183038111,51.76462694578637,12.969672571121846,,0.16774020397208803,0.13419216317767044,0.23483628556092323,,,
22,34.648416532474506,50.22141706924316,12.593934514224369,1.9994632313472893,0.16774020397208803,0.13419216317767044,0.23483628556092323,,,
23,24.590713902308106,66.02925389157274,6.843800322061192,1.9994632313472893,0.16774020397208803,0.13419216317767044,0.23483628556092323,,,
24,24.402844873859365,56.105743424584006,9.098228663446054,1.9994632313472893,8.024691358024691,0.13419216317767044,0.23483628556092323,,,
25,22.819377348362856,50.46296296296296,10.82259796027912,1.9994632313472893,7.548309178743962,0.4428341384863124,5.428073000536768,0.47638217928073,,
26,19.37734836285561,44.357219538378956,23.30246913580247,1.9994632313472893,4.616210413311863,0.4428341384863124,5.428073000536768,0.47638217928073,,
27,14.620236178207193,34.98389694041868,37.56038647342995,2.3886205045625335,4.616210413311863,0.13419216317767044,5.22007514761138,0.47638217928073,,
28,14.741009125067096,34.98389694041868,37.52012882447665,2.3886205045625335,4.616210413311863,0.13419216317767044,5.139559849704777,0.47638217928073,,
29,14.304884594739667,34.634997316156735,37.52012882447665,2.3886205045625335,4.575952764358561,0.13419216317767044,5.964841653247451,0.47638217928073,,
30,14.331723027375201,32.950885668276975,31.85721953837896,2.3886205045625335,10.084541062801932,1.8451422436929683,5.884326355340848,0.47638217928073,0.18115942028985507,
31,14.096886741814279,31.5552871712292,33.20585077831455,2.5429414922168547,10.084541062801932,2.120236178207193,5.401234567901234,0.47638217928073,0.5166398282340311,
32,9.816156736446592,30.132850241545892,41.83440687063875,0.7246376811594203,10.00402576489533,2.100107353730542,4.394793344068707,0.47638217928073,0.5166398282340311,
33,10.017444981213098,30.112721417069242,39.07675791733763,0.7246376811594203,9.990606548577563,2.100107353730542,6.984702093397746,0.47638217928073,0.5166398282340311,
34,10.00402576489533,28.27428878153516,38.909017713365536,0.8521202361782072,9.990606548577563,2.100107353730542,8.876811594202898,0.47638217928073,0.5166398282340311,
35,10.030864197530864,28.247450348899623,38.909017713365536,0.8521202361782072,9.990606548577563,2.100107353730542,8.876811594202898,0.47638217928073,0.5166398282340311,
36,10.057702630166398,28.22061191626409,38.687600644122384,0.8521202361782072,9.990606548577563,2.3215244229736984,8.876811594202898,0.47638217928073,0.5166398282340311,
37,6.9310252281266775,73.5373054213634,7.924047235641439,3.1602254428341383,,1.9390767579173376,6.132581857219538,,0.3757380568974772,
38,6.957863660762212,73.50375738056897,7.924047235641439,3.0193236714975846,,1.9390767579173376,6.132581857219538,,0.5233494363929146,
39,6.172839506172839,73.75201288244766,7.897208803005904,3.5829307568438002,,1.9390767579173376,6.132581857219538,,0.5233494363929146,
40,4.676596886741814,64.18411164787976,24.54374664519592,2.9589371980676327,,0.14090177133655393,3.307836822329576,,0.1878690284487386,
41,4.703435319377348,64.170692431562,24.530327428878152,2.9589371980676327,,0.14090177133655393,3.307836822329576,,0.1878690284487386,
42,4.830917874396135,64.09688674181427,24.476650563607084,2.9589371980676327,,0.14090177133655393,3.307836822329576,,0.1878690284487386,
43,5.092592592592593,64.02979066022544,24.36929683306495,2.8918411164787976,,0.13419216317767044,3.294417606011809,,0.1878690284487386,
44,4.542404723564144,62.07058507783145,19.618894256575416,2.7643585614600106,,0.13419216317767044,10.681696188942565,,0.1878690284487386,
45,4.5893719806763285,62.02361782071927,19.618894256575416,2.7643585614600106,,0.13419216317767044,10.681696188942565,,0.1878690284487386,
46,3.8311862587224907,59.312936124530324,16.57944176060118,2.8918411164787976,,0.13419216317767044,16.49892646269458,,0.7514761137949544,
47,3.8311862587224907,57.27992485238862,16.57944176060118,4.924852388620504,,0.13419216317767044,16.49892646269458,,0.7514761137949544,
48,3.844605475040258,57.26650563607085,16.57944176060118,4.924852388620504,,0.13419216317767044,16.49892646269458,,0.7514761137949544,
49,3.8848631239935587,55.28046162104133,16.13660762211487,6.870638754696726,,0.13419216317767044,16.49892646269458,,1.1943102522812667,
50,4.012345679012346,54.64975845410628,16.13660762211487,7.37385936661299,,0.13419216317767044,16.49892646269458,,1.1943102522812667,
51,4.193505099302201,54.38137412775094,14.781266774020397,7.6623725174449815,,1.4761137949543746,16.324476650563607,,1.1808910359634996,
52,4.186795491143317,51.31508319914117,14.761137949543746,7.575147611379496,3.1870638754696725,1.4761137949543746,16.317767042404725,,1.1808910359634996,
53,4.186795491143317,50.93263553408481,12.238325281803542,7.796564680622652,3.1065485775630703,4.374664519592056,16.10305958132045,0.08051529790660225,1.1808910359634996,
54,4.253891572732153,50.88566827697262,12.23161567364466,7.7831454643048845,3.1065485775630703,4.374664519592056,16.10305958132045,0.08051529790660225,1.1808910359634996,
55,4.361245303274289,50.63070316693505,12.23161567364466,7.930756843800322,3.1065485775630703,4.374664519592056,16.10305958132045,0.08051529790660225,1.1808910359634996,
56,4.42163177670424,50.59044551798175,12.23161567364466,7.930756843800322,3.1065485775630703,4.374664519592056,16.0829307568438,0.08051529790660225,1.1808910359634996,
57,4.549114331723027,48.83923778851315,12.211486849168008,9.574610842726784,3.1065485775630703,4.374664519592056,16.0829307568438,0.08051529790660225,1.1808910359634996,
58,4.62962962962963,48.812399355877616,12.184648416532475,9.567901234567902,3.1065485775630703,4.374664519592056,16.06280193236715,0.08051529790660225,1.1808910359634996,
59,4.602791196994096,46.57809983896941,12.184648416532475,11.829039184111648,3.1065485775630703,4.374664519592056,16.06280193236715,0.08051529790660225,1.1808910359634996,
60,4.757112184648417,46.242619431025226,12.184648416532475,12.02361782071927,3.1065485775630703,4.374664519592056,16.049382716049383,0.08051529790660225,1.1808910359634996,
61,4.8376274825550185,46.07487922705314,12.151100375738057,12.010198604401502,3.1065485775630703,4.374664519592056,16.183574879227052,0.08051529790660225,1.1808910359634996,
62,4.871175523349437,46.07487922705314,12.13768115942029,12.010198604401502,3.1065485775630703,4.3545356951154055,16.183574879227052,0.08051529790660225,1.1808910359634996,
63,5.059044551798175,46.05475040257649,12.117552334943639,11.896135265700483,3.1065485775630703,4.341116478797638,16.163446054750402,0.08051529790660225,1.1808910359634996,
64,5.092592592592593,43.80703166935051,12.084004294149223,13.439345142243694,3.1065485775630703,6.454643048845948,14.80810520665593,0.08051529790660225,1.1272141706924315,
65,4.884594739667204,39.28475577026302,22.69189479334407,12.070585077831455,2.9790660225442833,6.327160493827161,10.735373054213634,0.08051529790660225,0.8655394524959742,0.08051529790660225
66,5.12614063338701,39.08346752549651,22.6784755770263,12.13768115942029,2.945517981749866,6.3137412775093935,10.68840579710145,0.08051529790660225,0.8655394524959742,0.08051529790660225
67,5.166398282340311,39.070048309178745,22.591250670960815,12.13768115942029,4.05931293612453,6.280193236714976,9.668545356951155,0.08051529790660225,0.8655394524959742,0.08051529790660225
68,5.2066559312936125,38.77482555018787,22.52415458937198,12.406065485775631,4.05931293612453,6.280193236714976,9.655126140633387,0.08051529790660225,0.9326355340848095,0.08051529790660225
69,5.280461621041331,38.77482555018787,22.114868491680085,13.258185721953838,4.025764895330113,5.837359098228664,9.614868491680086,0.08051529790660225,0.9326355340848095,0.08051529790660225
70,5.186527106816962,38.405797101449274,26.25469672571122,13.22463768115942,4.025764895330113,5.8239398819108965,5.984970477724101,0.08051529790660225,0.9326355340848095,0.08051529790660225
71,5.3274288781535155,38.28502415458937,26.147342995169083,13.345410628019323,4.025764895330113,5.790391841116479,5.984970477724101,0.08051529790660225,0.9326355340848095,0.08051529790660225
72,4.8443370907139025,29.22705314009662,26.080246913580247,12.325550187869029,4.817498658078368,4.690016103059581,16.921631776704242,0.08051529790660225,0.9326355340848095,0.08051529790660225
73,5.005367686527107,29.11969940955448,26.039989264626946,12.325550187869029,4.817498658078368,4.690016103059581,16.908212560386474,0.08051529790660225,0.9326355340848095,0.08051529790660225
74,5.2066559312936125,29.07944176060118,26.039989264626946,12.177938808373591,4.804079441760601,4.690016103059581,16.908212560386474,0.08051529790660225,0.9326355340848095,0.08051529790660225
75,5.018786902844874,26.127214170692433,23.201825013419217,11.017176596886742,2.5026838432635534,4.944981213097155,26.174181427804616,,0.9326355340848095,0.08051529790660225
76,4.3545356951154055,24.724906065485776,18.129361245303276,8.635265700483092,2.5026838432635534,2.1739130434782608,38.84192163177671,,0.13419216317767044,0.5032206119162641
77,4.374664519592056,24.724906065485776,16.035963499731615,8.59500805152979,4.696725711218465,2.1739130434782608,38.7614063338701,,0.13419216317767044,0.5032206119162641
78,4.334406870638754,24.691358024691358,13.117283950617283,7.830112721417069,2.7777777777777777,2.1135265700483092,44.26328502415459,,0.13419216317767044,0.7380568974771873
79,4.435050993022007,24.684648416532475,13.09044551798175,7.830112721417069,2.7442297369833604,2.1135265700483092,44.22973698336017,,0.13419216317767044,0.7380568974771873
80,4.468599033816425,24.684648416532475,13.050187869028449,7.830112721417069,2.7442297369833604,2.073268921095008,44.276704240472355,,0.13419216317767044,0.7380568974771873
81,4.53569511540526,24.44310252281267,13.023349436392914,8.05823939881911,2.7442297369833604,2.073268921095008,44.24986580783682,,0.13419216317767044,0.7380568974771873
82,4.656468062265164,24.44310252281267,13.023349436392914,8.011272141706923,2.737520128824477,2.073268921095008,44.18276972624799,,0.13419216317767044,0.7380568974771873
83,4.790660225442834,24.436392914653783,13.023349436392914,8.004562533548041,2.7308105206655933,2.073268921095008,44.06870638754697,,0.13419216317767044,0.7380568974771873
84,4.87788513150832,23.43666129898014,12.754965110037574,8.004562533548041,4.066022544283414,1.9994632313472893,44.02173913043478,,0.13419216317767044,0.7045088566827697
85,4.9718196457326895,23.376274825550187,12.754965110037574,7.971014492753623,4.066022544283414,1.9994632313472893,44.02173913043478,,0.13419216317767044,0.7045088566827697
86,5.12614063338701,23.34272678475577,12.754965110037574,7.971014492753623,4.066022544283414,1.9994632313472893,43.90096618357488,,0.13419216317767044,0.7045088566827697
87,5.233494363929147,23.329307568438004,12.754965110037574,7.957595276435856,4.066022544283414,1.9994632313472893,43.82045088566828,,0.13419216317767044,0.7045088566827697
88,5.448201825013419,23.2085346215781,12.714707461084272,8.064949006977992,4.03918411164788,1.9860440150295222,43.69967793880837,,0.13419216317767044,0.7045088566827697
89,5.58239398819109,22.805958132045088,12.573805689747719,8.514492753623188,4.03918411164788,1.9860440150295222,43.65942028985507,,0.13419216317767044,0.7045088566827697
90,5.676328502415459,22.785829307568438,12.560386473429952,8.514492753623188,4.032474503488996,1.9860440150295222,43.51180891035963,,0.13419216317767044,0.798443370907139
91,5.790391841116479,22.705314009661837,12.560386473429952,8.514492753623188,4.032474503488996,1.9860440150295222,43.33735909822866,,0.27509393451422437,0.798443370907139
92,5.226784755770263,22.36983360171766,13.278314546430488,8.514492753623188,3.965378421900161,3.6768652710681695,41.74718196457327,,0.4227053140096618,0.798443370907139
93,5.253623188405797,22.309447128287708,13.271604938271604,8.507783145464305,3.8848631239935587,3.9855072463768115,41.71363392377885,,0.27509393451422437,0.798443370907139
94,5.4549114331723025,22.22222222222222,13.271604938271604,8.507783145464305,3.8848631239935587,3.8580246913580245,41.44524959742351,,0.27509393451422437,1.0802469135802468
95,5.870907139023081,22.19538378958669,13.271604938271604,8.480944712828771,3.8848631239935587,3.8580246913580245,41.08964036500269,,0.27509393451422437,1.0735373054213635
96,5.964841653247451,22.168545356951153,13.20450885668277,8.480944712828771,3.8848631239935587,3.8580246913580245,40.96886741814278,,0.39586688137412773,1.0735373054213635
97,5.971551261406334,22.034353193773484,13.20450885668277,8.99087493290392,3.8848631239935587,3.8580246913580245,40.49248523886205,,0.48980139559849706,1.0735373054213635
98,6.139291465378422,22.007514761137948,13.20450885668277,8.930488459473967,3.8848631239935587,3.8580246913580245,40.27777777777778,,0.48980139559849706,1.2077294685990339
99,6.112453032742888,21.69887278582931,13.20450885668277,10.030864197530864,3.8848631239935587,3.8580246913580245,39.512882447665056,,0.48980139559849706,1.2077294685990339
100,6.159420289855072,21.67874396135266,13.191089640365004,10.017444981213098,3.8848631239935587,3.8580246913580245,39.512882447665056,,0.48980139559849706,1.2077294685990339
101,6.139291465378422,21.67874396135266,13.18438003220612,10.11808910359635,3.8848631239935587,3.8580246913580245,39.439076757917334,,0.48980139559849706,1.2077294685990339
102,6.0654857756307035,21.349973161567366,12.93612453032743,10.11808910359635,3.8848631239935587,3.8378958668813743,37.466451959205585,,3.374932903918411,0.966183574879227
103,6.105743424584004,21.162104133118625,12.895866881374127,9.970477724100913,3.8848631239935587,4.133118625872249,37.466451959205585,,3.4151905528717124,0.966183574879227
104,6.199677938808374,21.068169618894256,12.86231884057971,9.970477724100913,4.012345679012346,4.1129898013955986,37.4194847020934,,3.388352120236178,0.966183574879227
105,5.669618894256575,19.612184648416534,12.86231884057971,8.883521202361782,4.012345679012346,4.106280193236715,41.2037037037037,,2.7777777777777777,0.8722490606548577
106,5.71658615136876,19.612184648416534,12.86231884057971,8.883521202361782,4.012345679012346,4.106280193236715,41.156736446591516,,2.7777777777777777,0.8722490606548577
107,4.414922168545357,8.99087493290392,43.86070853462158,3.026033279656468,3.670155662909286,2.871712292002147,30.16639828234031,,2.7777777777777777,0.2214170692431562
108,4.53569511540526,8.99087493290392,43.57890499194847,3.026033279656468,4.2203435319377345,2.871712292002147,29.777241009125067,,2.7777777777777777,0.2214170692431562
109,4.575952764358561,8.896940418679549,43.565485775630705,3.1199677938808374,4.2203435319377345,2.871712292002147,29.750402576489535,,2.7777777777777777,0.2214170692431562
110,4.663177670424047,8.896940418679549,43.525228126677405,3.1199677938808374,4.2203435319377345,2.871712292002147,29.70343531937735,,2.7777777777777777,0.2214170692431562
111,4.64975845410628,8.890230810520666,41.2037037037037,3.1199677938808374,4.2203435319377345,6.588835212023618,28.327965646806227,,2.7777777777777777,0.2214170692431562
112,4.676596886741814,8.870101986044014,38.439345142243695,3.1199677938808374,7.427536231884058,6.588835212023618,27.87842190016103,,2.7777777777777777,0.2214170692431562
113,4.757112184648417,8.870101986044014,38.41250670960816,3.1199677938808374,7.427536231884058,6.588835212023618,27.67042404723564,,2.7777777777777777,0.3757380568974772
114,4.508856682769726,8.561460010735374,41.659957058507786,8.648684916800859,7.185990338164252,6.588835212023618,19.692699946323135,,2.7777777777777777,0.3757380568974772
115,4.810789049919484,8.53462157809984,41.37144390767579,8.749329039184111,7.185990338164252,6.501610305958132,19.692699946323135,,2.7777777777777777,0.3757380568974772
116,4.931561996779388,8.53462157809984,41.31105743424584,8.722490606548577,7.185990338164252,6.488191089640365,19.424315619967793,,3.026033279656468,0.3757380568974772
117,5.0858829844337095,8.527911969940956,41.19028448738594,8.722490606548577,7.185990338164252,6.488191089640365,19.410896403650028,,3.012614063338701,0.3757380568974772
118,5.226784755770263,8.527911969940956,41.12989801395599,8.662104133118627,7.185990338164252,6.488191089640365,19.390767579173378,,3.012614063338701,0.3757380568974772
119,5.267042404723564,8.380300590445518,41.12989801395599,8.55475040257649,7.185990338164252,6.837090713902308,19.35721953837896,,2.9119699409554483,0.3757380568974772
120,3.9586688137412773,6.823671497584541,45.8467525496511,8.55475040257649,5.783682232957595,6.837090713902308,18.968062265163713,,2.8515834675254963,0.3757380568974772
121,3.911701556629093,6.649221685453569,43.80703166935051,8.628556092324208,5.629361245303274,9.628287707997853,18.51851851851852,,2.8515834675254963,0.3757380568974772
122,4.025764895330113,6.649221685453569,43.78019323671498,8.628556092324208,5.60252281266774,9.601449275362318,18.51851851851852,,2.818035426731079,0.3757380568974772
123,4.079441760601181,6.642512077294686,43.78019323671498,8.608427267847558,5.5756843800322065,9.601449275362318,18.51851851851852,,2.818035426731079,0.3757380568974772
124,4.2270531400966185,6.642512077294686,43.67283950617284,8.28636607622115,5.5756843800322065,9.588030059044552,18.491680085882983,0.322061191626409,2.818035426731079,0.3757380568974772
125,3.824476650563607,4.730273752012883,41.35131508319914,8.091787439613526,10.554213633923778,9.54777241009125,18.38432635534085,0.322061191626409,2.818035426731079,0.3757380568974772
126,3.851315083199141,4.730273752012883,41.35131508319914,8.091787439613526,10.554213633923778,9.520933977455716,18.38432635534085,0.322061191626409,2.818035426731079,0.3757380568974772
127,3.9452495974235107,4.723564143853999,41.337895866881375,8.091787439613526,10.554213633923778,9.4873859366613,18.344068706387546,0.322061191626409,2.818035426731079,0.3757380568974772
128,4.206924315619967,4.723564143853999,41.156736446591516,8.091787439613526,10.554213633923778,9.460547504025765,18.290391841116477,0.322061191626409,2.818035426731079,0.3757380568974772
129,4.260601180891036,4.723564143853999,40.98228663446055,8.004562533548041,10.520665593129362,9.628287707997853,18.189747718733226,0.322061191626409,2.9924852388620504,0.3757380568974772
130,4.334406870638754,4.723564143853999,40.61325818572195,8.3467525496511,10.473698336017177,9.628287707997853,18.189747718733226,0.322061191626409,2.9924852388620504,0.3757380568974772
131,4.3478260869565215,4.723564143853999,39.69404186795491,7.353730542136339,10.433440687063875,10.560923242082662,18.12265163714439,0.322061191626409,4.066022544283414,0.3757380568974772
132,4.555823939881911,4.723564143853999,39.660493827160494,7.273215244229737,10.433440687063875,10.560923242082662,18.02871712292002,0.322061191626409,4.066022544283414,0.3757380568974772
133,4.690016103059581,4.7101449275362315,39.63365539452496,7.239667203435319,10.433440687063875,10.560923242082662,17.96833064949007,0.322061191626409,4.066022544283414,0.3757380568974772
134,4.8376274825550185,4.7101449275362315,39.60010735373054,7.199409554482019,10.433440687063875,10.534084809447128,17.921363392377884,0.322061191626409,4.066022544283414,0.3757380568974772
135,4.978529253891573,4.7101449275362315,39.55984970477724,7.179280730005368,10.413311862587225,10.513955984970478,17.726784755770264,0.322061191626409,4.106280193236715,0.48980139559849706
136,4.99194847020934,4.7101449275362315,38.909017713365536,7.179280730005368,11.151368760064413,10.513955984970478,17.693236714975846,0.322061191626409,4.03918411164788,0.48980139559849706
137,5.179817498658078,4.7101449275362315,38.87546967257112,7.152442297369833,11.131239935587761,10.44015029522276,17.659688674181428,0.322061191626409,4.03918411164788,0.48980139559849706
138,5.360976918947934,4.7101449275362315,38.84192163177671,7.14573268921095,11.131239935587761,10.406602254428341,17.58588298443371,0.322061191626409,4.005636070853462,0.48980139559849706
139,5.548845947396672,4.696725711218465,38.84192163177671,7.139023081052066,11.131239935587761,10.359634997316157,17.47181964573269,0.322061191626409,4.005636070853462,0.4830917874396135
140,5.6964573268921095,4.696725711218465,38.81508319914117,7.112184648416532,11.084272678475577,10.34621578099839,17.438271604938272,0.322061191626409,4.005636070853462,0.4830917874396135
141,5.441492216854535,4.696725711218465,33.53462157809984,6.998121309715513,10.319377348362856,6.099033816425121,28.099838969404185,0.322061191626409,4.005636070853462,0.4830917874396135
142,5.555555555555555,4.696725711218465,33.49436392914654,6.984702093397746,10.292538915727322,6.0654857756307035,27.81803542673108,0.3757380568974772,4.233762748255502,0.4830917874396135
143,5.904455179817498,4.696725711218465,33.353462157809986,6.984702093397746,10.258990874932904,6.0654857756307035,27.643585614600106,0.3757380568974772,4.233762748255502,0.4830917874396135
144,5.83064949006978,4.502147074610843,32.608695652173914,7.950885668276973,10.218733225979603,5.776972624798712,28.046162104133117,0.3757380568974772,4.159957058507783,0.5300590445517982
145,5.83064949006978,4.502147074610843,31.50161030595813,7.890499194847021,10.218733225979603,4.502147074610843,30.05233494363929,0.3757380568974772,4.5960815888352125,0.5300590445517982
146,6.246645195920558,4.502147074610843,31.072195383789587,8.044820182501342,10.11808910359635,4.502147074610843,30.05233494363929,0.3757380568974772,4.582662372517445,0.5032206119162641
147,6.3070316693505095,4.502147074610843,31.0654857756307,8.044820182501342,10.104669887278583,4.502147074610843,30.02549651100376,0.3757380568974772,4.569243156199678,0.5032206119162641
148,6.367418142780462,4.502147074610843,30.575684380032207,8.387010198604402,9.977187332259795,4.502147074610843,30.01207729468599,0.48980139559849706,4.683306494900698,0.5032206119162641
149,6.414385399892646,4.502147074610843,30.575684380032207,8.387010198604402,9.977187332259795,4.455179817498658,30.01207729468599,0.48980139559849706,4.683306494900698,0.5032206119162641
150,6.461352657004831,4.186795491143317,30.434782608695652,8.641975308641975,9.943639291465379,4.455179817498658,29.87788513150832,0.48980139559849706,4.683306494900698,0.8252818035426731
151,6.340579710144928,3.5225442834138487,30.421363392377884,8.36688137412775,11.60762211486849,4.455179817498658,28.670155662909288,0.48980139559849706,4.683306494900698,1.442565754159957
152,6.407675791733762,3.488996242619431,30.414653784219002,8.360171765968868,11.58749329039184,4.455179817498658,28.670155662909288,0.48980139559849706,4.683306494900698,1.442565754159957
153,6.716317767042405,3.488996242619431,30.267042404723565,8.360171765968868,11.56736446591519,4.455179817498658,28.529253891572733,0.48980139559849706,4.683306494900698,1.442565754159957
154,6.877348362855609,3.488996242619431,30.173107890499196,8.53462157809984,12.902576489533011,4.260601180891036,27.334943639291467,0.43612453032742887,4.683306494900698,1.3083735909822867
155,6.857219538378959,3.475577026301664,30.173107890499196,8.53462157809984,12.245034889962426,4.260601180891036,27.30139559849705,1.093666129898014,4.750402576489533,1.3083735909822867
156,6.904186795491143,3.475577026301664,30.139559849704778,8.53462157809984,12.23161567364466,4.260601180891036,27.30139559849705,1.093666129898014,4.750402576489533,1.3083735909822867
157,6.977992485238862,3.475577026301664,29.978529253891573,8.53462157809984,12.23161567364466,4.260601180891036,27.2812667740204,1.093666129898014,4.85775630703167,1.3083735909822867
158,7.1658615136876005,3.455448201825013,29.918142780461622,8.53462157809984,12.23161567364466,4.2270531400966185,27.214170692431562,1.093666129898014,4.85775630703167,1.3016639828234031
159,7.226247987117552,3.44873859366613,29.55582393988191,8.910359634997317,12.218196457326892,4.2203435319377345,27.167203435319376,1.093666129898014,4.85775630703167,1.3016639828234031
160,7.320182501341922,3.44873859366613,29.53569511540526,9.205582393988191,12.198067632850242,4.2203435319377345,26.92565754159957,1.093666129898014,4.750402576489533,1.3016639828234031
161,7.326892109500805,3.44873859366613,29.53569511540526,9.205582393988191,12.198067632850242,4.2203435319377345,26.918947933440688,1.093666129898014,4.750402576489533,1.3016639828234031
162,7.407407407407407,3.44873859366613,29.488727858293075,9.205582393988191,12.198067632850242,4.2203435319377345,26.88539989264627,1.093666129898014,4.750402576489533,1.3016639828234031
163,7.4208266237251745,3.44873859366613,29.320987654320987,9.594739667203436,12.198067632850242,4.2203435319377345,26.617015566290927,1.093666129898014,4.851046698872786,1.2345679012345678
164,7.447665056360709,3.44873859366613,29.314278046162105,9.594739667203436,12.198067632850242,4.2203435319377345,26.48953301127214,1.093666129898014,4.8443370907139025,1.3486312399355878
165,7.601986044015029,3.44873859366613,29.274020397208805,9.608158883521202,12.077294685990339,4.2203435319377345,26.48953301127214,1.093666129898014,4.8376274825550185,1.3486312399355878
166,7.695920558239399,3.44873859366613,29.1935050993022,9.608158883521202,12.077294685990339,4.2203435319377345,26.40901771336554,1.093666129898014,4.904723564143854,1.3486312399355878
167,7.7361782071927,3.44873859366613,29.180085882984432,9.608158883521202,12.077294685990339,4.2203435319377345,26.40901771336554,1.06682769726248,4.904723564143854,1.3486312399355878
168,7.749597423510467,3.44873859366613,29.180085882984432,9.608158883521202,12.06387546967257,4.2203435319377345,26.40901771336554,1.06682769726248,4.904723564143854,1.3486312399355878
169,7.648953301127214,3.44873859366613,28.073000536768653,9.608158883521202,11.023886205045626,4.2203435319377345,28.690284487385938,1.06682769726248,4.904723564143854,1.3150831991411702
170,7.977724100912507,3.307836822329576,27.9723564143854,9.655126140633387,11.023886205045626,4.186795491143317,28.5426731078905,1.06682769726248,4.904723564143854,1.3620504562533549
171,7.957595276435856,3.2139023081052067,27.85829307568438,9.749060654857756,11.023886205045626,3.5091250670960816,28.005904455179817,1.06682769726248,6.253354804079442,1.3620504562533549
172,7.877079978529254,3.2139023081052067,27.03972088030059,10.050993022007514,10.976918947933441,5.776972624798712,27.241009125067094,1.0534084809447128,5.407944176060118,1.3620504562533549
173,7.971014492753623,3.2139023081052067,26.261406333870102,10.044283413848632,10.95679012345679,6.723027375201288,27.066559312936125,1.0534084809447128,5.347557702630167,1.3620504562533549
174,8.071658615136876,3.2139023081052067,26.261406333870102,10.010735373054214,10.95679012345679,6.723027375201288,27.026301663982824,1.0534084809447128,5.320719269994632,1.3620504562533549
175,8.185721953837897,3.2139023081052067,26.247987117552334,10.010735373054214,10.943370907139023,6.723027375201288,26.41572732152442,1.0534084809447128,5.844068706387547,1.3620504562533549
176,8.205850778314547,3.2139023081052067,26.247987117552334,10.010735373054214,10.943370907139023,6.723027375201288,26.39559849704777,1.0534084809447128,5.844068706387547,1.3620504562533549
177,8.299785292538916,3.2139023081052067,26.1808910359635,10.010735373054214,10.943370907139023,6.702898550724638,26.38888888888889,1.0534084809447128,5.844068706387547,1.3620504562533549
178,8.3467525496511,3.2139023081052067,26.1808910359635,10.010735373054214,10.943370907139023,6.689479334406871,26.35534084809447,1.0534084809447128,5.844068706387547,1.3620504562533549
179,8.480944712828771,3.193773483628556,26.120504562533547,10.084541062801932,10.896403650026839,6.743156199677939,26.241277509393452,1.0534084809447128,5.8239398819108965,1.3620504562533549
180,8.541331186258722,3.193773483628556,26.120504562533547,10.071121846484166,10.889694041867955,6.729736983360172,26.214439076757916,1.0534084809447128,5.8239398819108965,1.3620504562533549
181,8.621846484165324,3.193773483628556,26.120504562533547,10.037573805689748,10.889694041867955,6.729736983360172,26.1808910359635,1.0534084809447128,5.810520665593129,1.3620504562533549
182,8.621846484165324,3.193773483628556,26.120504562533547,10.037573805689748,10.889694041867955,6.729736983360172,26.1808910359635,1.0534084809447128,5.810520665593129,1.3620504562533549
183,8.682232957595277,3.193773483628556,26.06682769726248,9.997316156736447,10.889694041867955,6.729736983360172,26.113794954374665,1.0534084809447128,5.924584004294149,1.3486312399355878
184,8.863392377885132,3.140096618357488,26.06682769726248,9.98389694041868,10.88298443370907,6.729736983360172,26.006441223832528,1.0534084809447128,5.924584004294149,1.3486312399355878
185,8.849973161567364,3.140096618357488,26.06682769726248,9.98389694041868,10.869565217391305,6.729736983360172,25.83870101986044,1.0534084809447128,5.917874396135265,1.5499194847020934
186,8.011272141706923,3.140096618357488,18.4044551798175,6.642512077294686,10.869565217391305,6.179549114331723,37.915995705850776,1.0534084809447128,5.917874396135265,1.865271068169619
187,8.192431561996779,3.140096618357488,18.38432635534085,6.629092860976919,10.869565217391305,6.179549114331723,37.76838432635534,1.0534084809447128,5.917874396135265,1.865271068169619
188,8.32662372517445,3.140096618357488,18.317230273752013,6.629092860976919,10.869565217391305,6.179549114331723,37.7012882447665,1.0534084809447128,5.917874396135265,1.865271068169619
189,8.440687063875469,3.0864197530864197,18.203166935050994,7.051798174986581,10.869565217391305,6.179549114331723,37.19806763285024,1.0265700483091786,5.917874396135265,2.0263016639828235
190,8.467525496511003,3.0864197530864197,18.203166935050994,7.051798174986581,10.869565217391305,6.179549114331723,37.19806763285024,1.0265700483091786,5.891035963499732,2.0263016639828235
191,8.299785292538916,3.683574879227053,18.203166935050994,7.011540526033279,10.84272678475577,6.005099302200751,37.01690821256039,1.0265700483091786,5.891035963499732,2.01959205582394
192,8.313204508856682,3.683574879227053,18.203166935050994,6.991411701556629,10.836017176596886,6.099033816425121,36.93639291465379,1.0265700483091786,5.891035963499732,2.01959205582394
193,8.447396672034353,3.683574879227053,18.156199677938808,7.0450885668276975,10.815888352120236,6.092324208266238,36.822329575952764,1.0265700483091786,5.891035963499732,2.01959205582394
194,8.467525496511003,3.683574879227053,18.149490069779926,7.024959742351046,10.802469135802468,7.306763285024155,35.628019323671495,1.0265700483091786,5.891035963499732,2.01959205582394
195,8.621846484165324,3.683574879227053,18.149490069779926,7.024959742351046,10.72866344605475,7.306763285024155,35.567632850241544,1.0198604401502953,5.877616747181965,2.01959205582394
196,8.568169618894256,3.307836822329576,20.081857219538378,7.011540526033279,10.607890499194847,7.306763285024155,34.346484165324746,1.0198604401502953,5.857487922705314,1.892109500805153
197,8.796296296296296,3.307836822329576,20.081857219538378,6.910896403650026,10.581052066559312,7.306763285024155,34.245840042941495,1.0198604401502953,5.857487922705314,1.892109500805153
198,8.849973161567364,3.307836822329576,20.055018786902846,6.89747718733226,10.581052066559312,7.306763285024155,34.23242082662372,1.0198604401502953,5.857487922705314,1.892109500805153
199,9.05126140633387,3.307836822329576,19.994632313472895,6.89747718733226,10.473698336017177,7.14573268921095,34.084809447128286,1.2345679012345678,5.991680085882985,1.8183038110574343
200,8.776167471819646,2.898550724637681,18.894256575415994,5.991680085882985,10.453569511540525,10.064412238325282,33.923778851315085,1.2010198604401503,5.978260869565218,1.8183038110574343
201,8.977455716586151,2.898550724637681,18.840579710144926,5.991680085882985,10.453569511540525,10.037573805689748,33.803005904455176,1.2010198604401503,5.978260869565218,1.8183038110574343
202,9.111647879763822,2.871712292002147,18.840579710144926,5.991680085882985,10.44015029522276,10.037573805689748,33.762748255501876,1.2010198604401503,5.9447128287707995,1.7981749865807837
203,9.25925925925926,2.871712292002147,18.800322061191626,5.991680085882985,10.34621578099839,10.037573805689748,33.74932903918411,1.2010198604401503,5.9447128287707995,1.7981749865807837
204,9.064680622651638,2.6033279656468062,18.78690284487386,5.8172302737520125,11.634460547504025,9.265968867418144,33.68894256575416,1.3955984970477724,5.9447128287707995,1.7981749865807837
205,9.017713365539452,2.6033279656468062,17.310789049919485,5.8172302737520125,13.976113794954374,9.265968867418144,33.06494900697799,1.3955984970477724,5.783682232957595,1.7646269457863661
206,9.158615136876007,2.6033279656468062,15.915190552871712,5.750134192163178,15.613258185721953,9.111647879763822,32.628824476650564,1.3955984970477724,6.0587761674718195,1.7646269457863661
207,9.172034353193773,2.6033279656468062,15.915190552871712,5.750134192163178,15.613258185721953,9.098228663446054,32.628824476650564,1.3955984970477724,6.0587761674718195,1.7646269457863661
208,9.212292002147075,2.6033279656468062,15.888352120236178,5.790391841116479,15.613258185721953,9.091519055287172,32.60198604401503,1.3955984970477724,6.038647342995169,1.7646269457863661
209,9.245840042941492,2.6033279656468062,15.780998389694043,5.790391841116479,15.566290928609769,9.091519055287172,32.360440150295226,1.3955984970477724,6.266774020397209,1.8988191089640365
210,9.286097691894794,2.6033279656468062,15.780998389694043,6.092324208266238,15.311325818572195,9.091519055287172,32.2866344605475,1.3821792807300053,6.266774020397209,1.8988191089640365
211,9.380032206119163,2.5831991411701556,15.774288781535159,6.092324208266238,15.311325818572195,9.091519055287172,32.21953837895867,1.3821792807300053,6.266774020397209,1.8988191089640365
212,9.520933977455716,2.5563607085346214,15.693773483628556,6.085614600107354,15.063070316693505,9.091519055287172,32.17257112184648,1.5096618357487923,6.266774020397209,2.0397208803005906
213,9.473966720343531,2.522812667740204,15.170424047235642,6.0587761674718195,15.009393451422437,9.091519055287172,31.89747718733226,1.5096618357487923,7.226247987117552,2.0397208803005906
214,9.561191626409018,2.522812667740204,15.170424047235642,6.045356951154052,14.9020397208803,9.084809447128288,31.830381105743424,1.5096618357487923,7.226247987117552,2.147074610842727
215,9.702093397745571,2.522812667740204,15.150295222758992,6.045356951154052,14.78797638217928,9.078099838969404,31.830381105743424,1.5096618357487923,7.226247987117552,2.147074610842727
216,9.708803005904455,2.522812667740204,15.056360708534621,6.172839506172839,14.720880300590446,8.984165324745035,31.488191089640367,1.5096618357487923,7.37385936661299,2.462426194310252
217,9.769189479334408,2.522812667740204,15.042941492216855,6.172839506172839,14.720880300590446,8.970746108427267,31.4747718733226,1.5096618357487923,7.353730542136339,2.462426194310252
218,9.769189479334408,2.522812667740204,15.042941492216855,6.172839506172839,14.720880300590446,8.970746108427267,31.4747718733226,1.5096618357487923,7.353730542136339,2.462426194310252
219,9.829575952764358,2.522812667740204,15.042941492216855,6.172839506172839,14.694041867954912,8.93719806763285,31.4747718733226,1.5096618357487923,7.353730542136339,2.462426194310252
220,10.030864197530864,2.522812667740204,15.042941492216855,6.166129898013956,14.600107353730541,8.923778851315083,31.40096618357488,1.5029522275899088,7.347020933977456,2.462426194310252
221,10.21202361782072,2.522812667740204,15.042941492216855,6.166129898013956,14.600107353730541,8.910359634997317,31.367418142780462,1.5029522275899088,7.212828770799785,2.462426194310252
222,10.305958132045088,2.522812667740204,15.042941492216855,6.166129898013956,14.566559312936125,8.84326355340848,31.179549114331724,1.5029522275899088,7.206119162640902,2.6637144390767578
223,10.34621578099839,2.522812667740204,15.042941492216855,6.166129898013956,14.459205582393988,9.286097691894794,31.132581857219538,1.2010198604401503,7.199409554482019,2.6435856146001075
224,10.393183038110575,2.475845410628019,15.03623188405797,6.119162640901771,14.452495974235104,9.386741814278047,31.09903381642512,1.2010198604401503,7.199409554482019,2.636876006441224
225,10.46027911969941,2.475845410628019,15.01610305958132,6.119162640901771,14.452495974235104,9.386741814278047,31.052066559312937,1.2010198604401503,7.199409554482019,2.636876006441224
226,10.245571658615138,2.475845410628019,14.962426194310252,6.119162640901771,18.431293612453032,9.386741814278047,27.428878153515836,1.2010198604401503,7.118894256575416,2.6301663982823404
227,10.218733225979603,2.475845410628019,14.720880300590446,6.414385399892646,18.417874396135264,9.373322597960279,27.334943639291467,1.2010198604401503,7.118894256575416,2.7241009125067097
228,10.352925389157273,2.475845410628019,14.720880300590446,6.374127750939345,18.4044551798175,9.400161030595813,27.22758990874933,1.2010198604401503,7.118894256575416,2.7241009125067097
229,10.420021470746109,2.475845410628019,14.694041867954912,6.353998926462695,18.397745571658614,9.400161030595813,27.214170692431562,1.2010198604401503,7.118894256575416,2.7241009125067097
230,10.621309715512615,2.475845410628019,14.680622651637144,6.347289318303811,18.397745571658614,9.39345142243693,27.073268921095007,1.2010198604401503,7.092055823939882,2.717391304347826
231,10.789049919484702,2.475845410628019,14.660493827160494,6.3070316693505095,18.370907139023082,9.39345142243693,26.992753623188406,1.2010198604401503,7.092055823939882,2.717391304347826
232,10.82259796027912,2.475845410628019,17.14975845410628,6.159420289855072,16.297638217928075,9.39345142243693,26.8719806763285,1.2010198604401503,6.910896403650026,2.717391304347826
233,10.909822866344605,2.4691358024691357,17.11621041331186,6.353998926462695,16.297638217928075,9.39345142243693,26.764626945786365,1.2010198604401503,6.904186795491143,2.589908749329039
234,10.909822866344605,2.4691358024691357,17.11621041331186,6.353998926462695,16.297638217928075,9.39345142243693,26.764626945786365,1.2010198604401503,6.904186795491143,2.589908749329039
