,45,50,51,55,53,52,54,56,58,59,57
0,98.22195383789587,1.778046162104133,,,,,,,,,
1,96.38352120236178,3.616478797638218,,,,,,,,,
2,95.94739667203436,4.052603327965647,,,,,,,,,
3,95.89371980676329,3.8848631239935587,0.11406333870101985,0.10735373054213634,,,,,,,
4,95.00134192163178,4.777241009125067,0.11406333870101985,0.10735373054213634,,,,,,,
5,94.29012345679013,5.488459473966721,0.11406333870101985,0.10735373054213634,,,,,,,
6,91.12989801395598,8.648684916800859,0.11406333870101985,0.10735373054213634,,,,,,,
7,86.21846484165324,13.560118089103597,0.11406333870101985,0.10735373054213634,,,,,,,
8,79.99865807836822,19.89398819108964,,0.10735373054213634,,,,,,,
9,80.01878690284488,19.87385936661299,,0.10735373054213634,,,,,,,
10,60.889694041867955,38.12399355877617,,0.10735373054213634,0.8789586688137413,,,,,,
11,58.78958668813741,39.42565754159957,,0.24154589371980675,0.8789586688137413,0.6642512077294686,,,,,
12,57.29334406870639,40.92190016103059,,0.24154589371980675,0.8789586688137413,0.6642512077294686,,,,,
13,57.139023081052066,39.89533011272142,,0.24154589371980675,0.8789586688137413,1.8451422436929683,,,,,
14,57.11218464841653,39.68733225979603,,0.3421900161030596,1.0131508319914118,1.8451422436929683,,,,,
15,56.89076757917338,39.90874932903918,,0.3421900161030596,1.0131508319914118,1.8451422436929683,,,,,
16,56.837090713902306,39.398819108964034,,0.2683843263553409,1.0131508319914118,2.4825550187869028,,,,,
17,52.885131508319915,43.61916264090177,,0.13419216317767044,1.0131508319914118,2.3483628556092326,,,,,
18,50.375738056897475,46.75925925925926,,0.10735373054213634,1.0131508319914118,1.7444981213097155,,,,,
19,50.30864197530864,46.826355340848096,,0.10735373054213634,1.0131508319914118,1.7444981213097155,,,,,
20,50.30864197530864,46.745840042941495,,0.1878690284487386,1.0131508319914118,1.7444981213097155,,,,,
21,48.268921095008054,46.846484165324746,1.9390767579173376,0.1878690284487386,1.0131508319914118,1.7444981213097155,,,,,
22,48.470209339774556,46.69216317767042,1.9390767579173376,0.1878690284487386,1.0131508319914118,1.6975308641975309,,,,,
23,48.46349973161568,45.20263016639828,1.9390767579173376,0.1878690284487386,2.509393451422437,1.6975308641975309,,,,,
24,48.39640365002684,44.56521739130435,1.9122383252818036,0.1878690284487386,3.240740740740741,1.6975308641975309,,,,,
25,44.518250134192165,49.308910359635,0.43612453032742887,0.1878690284487386,3.052871712292002,1.6975308641975309,0.798443370907139,,,,
26,44.32367149758454,47.84621578099839,0.43612453032742887,0.08051529790660225,4.676596886741814,1.6975308641975309,0.9393451422436929,,,,
27,44.216317767042405,47.18867418142781,0.43612453032742887,0.08051529790660225,5.381105743424584,1.7579173376274826,0.9393451422436929,,,,
28,37.60735373054214,48.711755233494365,3.6231884057971016,0.08051529790660225,5.609232420826624,3.4286097691894795,0.9393451422436929,,,,
29,31.40096618357488,54.97852925389157,3.6231884057971016,0.08051529790660225,5.595813204508857,3.3816425120772946,0.9393451422436929,,,,
30,29.468599033816425,48.90633387010199,11.694847020933977,0.08051529790660225,5.595813204508857,3.3816425120772946,0.8722490606548577,,,,
31,29.47530864197531,48.8996242619431,11.694847020933977,0.08051529790660225,5.595813204508857,3.3816425120772946,0.8722490606548577,,,,
32,29.56924315619968,48.41653247450349,11.681427804616211,0.6977992485238862,5.381105743424584,3.3816425120772946,0.8722490606548577,,,,
33,29.643048845947398,48.34272678475577,11.681427804616211,0.6977992485238862,5.381105743424584,3.3816425120772946,0.8722490606548577,,,,
34,23.577563070316693,53.6634460547504,11.681427804616211,1.751207729468599,5.340848094471283,3.3413848631239937,0.644122383252818,,,,
35,23.617820719269993,53.65002683843264,11.56736446591519,1.865271068169619,5.314009661835748,3.3413848631239937,0.644122383252818,,,,
36,23.72517444981213,53.576221148684915,11.56736446591519,1.865271068169619,5.280461621041331,3.3413848631239937,0.644122383252818,,,,
37,23.64465915190553,53.435319377348364,11.862587224906065,1.7914653784219001,5.280461621041331,3.3413848631239937,0.644122383252818,,,,
38,24.033816425120772,52.945517981749866,11.560654857756306,1.7579173376274826,4.978529253891573,3.3413848631239937,1.3821792807300053,,,,
39,24.282071926999464,52.51610305958132,11.560654857756306,1.7579173376274826,5.186527106816962,3.3145464304884595,1.3821792807300053,,,,
40,24.382716049382715,52.442297369833604,11.54723564143854,1.7579173376274826,5.173107890499195,3.3145464304884595,1.3821792807300053,,,,
41,23.47691894793344,39.90874932903918,25.623993558776167,0.7716049382716049,5.166398282340311,2.717391304347826,2.3349436392914655,,,,
42,23.597691894793343,39.19753086419753,25.597155126140635,0.7716049382716049,5.166398282340311,2.717391304347826,2.952227589908749,,,,
43,23.597691894793343,39.19753086419753,25.315351583467525,0.7716049382716049,5.166398282340311,2.717391304347826,2.952227589908749,0.28180354267310787,,,
44,23.832528180354267,38.93585614600107,25.09393451422437,0.7716049382716049,5.166398282340311,2.8650026838432634,2.8515834675254963,0.4830917874396135,,,
45,23.19511540526033,39.371980676328505,24.510198604401502,1.6908212560386473,5.166398282340311,2.7308105206655933,2.8515834675254963,0.4830917874396135,,,
46,23.2487922705314,39.34514224369297,24.496779388083738,1.6908212560386473,5.166398282340311,2.7308105206655933,2.8381642512077296,0.4830917874396135,,,
47,23.309178743961354,38.59366612989801,23.577563070316693,1.6706924315619969,7.085346215780999,2.6704240472356413,2.7106816961889426,0.3824476650563607,,,
48,23.369565217391305,38.217928073000536,23.577563070316693,1.4358561460010735,7.776435856146001,2.6704240472356413,2.5697799248523885,0.3824476650563607,,,
49,23.416532474503487,38.17096081588835,23.470209339774556,1.4358561460010735,7.776435856146001,2.6704240472356413,2.5697799248523885,0.48980139559849706,,,
50,23.564143853998928,38.04347826086956,23.45679012345679,1.4358561460010735,7.709339774557166,2.6704240472356413,2.5697799248523885,0.48980139559849706,0.06038647342995169,,
51,20.33011272141707,35.809178743961354,27.462426194310254,1.42914653784219,9.178743961352657,2.6704240472356413,2.5697799248523885,0.48980139559849706,0.06038647342995169,,
52,20.437466451959207,35.75550187869028,27.32823403113258,1.42914653784219,9.178743961352657,2.6704240472356413,2.5429414922168547,0.5971551261406334,0.06038647342995169,,
53,20.45088566827697,35.74208266237252,27.32823403113258,1.42914653784219,9.178743961352657,2.6704240472356413,2.5429414922168547,0.5971551261406334,0.06038647342995169,,
54,20.50456253354804,35.72866344605475,27.32823403113258,1.42914653784219,9.138486312399356,2.6704240472356413,2.5429414922168547,0.5971551261406334,0.06038647342995169,,
55,20.611916264090176,35.57434245840043,27.3215244229737,1.5633387010198605,9.138486312399356,2.6637144390767578,2.4691358024691357,0.5971551261406334,0.06038647342995169,,
56,20.725979602791195,35.20531400966183,26.778046162104133,2.3617820719269993,9.138486312399356,2.6637144390767578,2.4691358024691357,0.5971551261406334,0.06038647342995169,,
57,20.182501341921633,33.45410628019324,29.09286097691895,2.2208803005904456,9.802737520128824,2.26784755770263,2.3215244229736984,0.5971551261406334,0.06038647342995169,,
58,20.283145464304884,33.373590982286636,29.025764895330113,2.2208803005904456,9.802737520128824,2.26784755770263,2.368491680085883,0.5971551261406334,0.06038647342995169,,
59,20.40391841116479,33.360171765968865,28.938539989264626,2.2208803005904456,9.796027911969942,2.254428341384863,2.368491680085883,0.5971551261406334,0.06038647342995169,,
60,20.471014492753625,33.360171765968865,28.911701556629094,2.2208803005904456,9.77589908749329,2.2410091250670963,2.368491680085883,0.5904455179817498,0.06038647342995169,,
61,20.538110574342458,33.3064949006978,28.764090177133657,2.2208803005904456,9.73564143853999,2.2410091250670963,2.4221685453569513,0.7112184648416533,0.06038647342995169,,
62,20.799785292538918,33.272946859903385,28.576221148684915,2.2208803005904456,9.695383789586689,2.1135265700483092,2.5496511003757383,0.7112184648416533,0.06038647342995169,,
63,21.014492753623188,33.40713902308105,28.227321524422972,2.2208803005904456,9.695383789586689,2.1135265700483092,2.5496511003757383,0.7112184648416533,0.06038647342995169,,
64,21.068169618894256,33.373590982286636,28.227321524422972,2.2208803005904456,9.688674181427805,2.1135265700483092,2.536231884057971,0.7112184648416533,0.06038647342995169,,
65,19.90740740740741,34.514224369296834,28.099838969404185,2.3886205045625335,9.688674181427805,2.0933977455716586,2.536231884057971,0.7112184648416533,0.06038647342995169,,
66,19.47128287707998,34.96376811594203,28.099838969404185,2.3752012882447664,9.688674181427805,2.0933977455716586,2.536231884057971,0.7112184648416533,0.06038647342995169,,
67,16.57944176060118,33.353462157809986,33.99087493290392,1.4358561460010735,8.628556092324208,2.831454643048846,2.428878153515835,0.6910896403650026,0.06038647342995169,,
68,16.384863123993558,31.910896403650028,35.88298443370907,1.482823403113258,8.32662372517445,2.831454643048846,2.5429414922168547,0.5770263016639828,0.06038647342995169,,
69,16.190284487385938,30.334138486312398,38.036768652710684,1.482823403113258,7.561728395061729,2.831454643048846,2.5429414922168547,0.9594739667203436,0.06038647342995169,,
70,14.982555018786902,27.65029522275899,46.57809983896941,1.4761137949543746,5.293880837359098,1.2077294685990339,1.9659151905528718,0.785024154589372,0.06038647342995169,,
71,14.99597423510467,27.65029522275899,46.564680622651636,1.4761137949543746,5.293880837359098,1.2077294685990339,1.9659151905528718,0.785024154589372,0.06038647342995169,,
72,15.103327965646805,27.65029522275899,46.4573268921095,1.4761137949543746,5.293880837359098,1.2077294685990339,1.9659151905528718,0.785024154589372,0.06038647342995169,,
73,14.841653247450349,27.985775630703166,46.403650026838434,1.4761137949543746,5.273752012882448,1.2077294685990339,1.9659151905528718,0.785024154589372,0.06038647342995169,,
74,14.955716586151368,27.871712292002147,44.71953837895867,1.4761137949543746,5.273752012882448,1.2077294685990339,3.6500268384326353,0.785024154589372,0.06038647342995169,,
75,15.029522275899087,27.871712292002147,44.65244229736983,1.4761137949543746,5.267042404723564,1.2077294685990339,3.6500268384326353,0.785024154589372,0.06038647342995169,,
76,15.190552871712292,27.737520128824478,44.6256038647343,1.5029522275899088,5.267042404723564,1.2077294685990339,3.6231884057971016,0.785024154589372,0.06038647342995169,,
77,15.311325818572195,27.68384326355341,44.538378958668815,1.5029522275899088,5.267042404723564,1.2077294685990339,3.603059581320451,0.8252818035426731,0.06038647342995169,,
78,15.257648953301127,27.68384326355341,43.90096618357488,1.5029522275899088,4.770531400966184,2.6838432635534084,3.603059581320451,0.5971551261406334,,,
79,15.505904455179817,27.65029522275899,42.7133655394525,1.5029522275899088,4.770531400966184,2.6838432635534084,3.535963499731616,1.6371443907675791,,,
80,15.579710144927537,27.636876006441224,41.666666666666664,2.4892646269457863,4.770531400966184,2.6838432635534084,3.535963499731616,1.6371443907675791,,,
81,15.599838969404187,27.636876006441224,41.659957058507786,2.475845410628019,4.770531400966184,2.6838432635534084,3.535963499731616,1.6371443907675791,,,
82,16.109769189479334,27.435587761674718,41.0426731078905,2.462426194310252,4.7101449275362315,3.099838969404187,3.502415458937198,1.6371443907675791,,,
83,15.854804079441761,27.791196994095547,40.94202898550725,2.462426194310252,4.7101449275362315,3.099838969404187,3.502415458937198,1.6371443907675791,,,
84,15.935319377348362,27.737520128824478,40.915190552871714,2.462426194310252,4.7101449275362315,3.099838969404187,3.502415458937198,1.6371443907675791,,,
85,15.854804079441761,27.79790660225443,40.774288781535155,2.623456790123457,4.7101449275362315,3.099838969404187,3.502415458937198,1.6371443907675791,,,
86,15.908480944712828,27.603327965646805,40.5126140633387,2.737520128824477,4.998658078368224,3.099838969404187,3.502415458937198,1.6371443907675791,,,
87,14.88191089640365,25.05367686527107,37.4194847020934,3.066290928609769,4.28743961352657,10.406602254428341,3.2474503488996245,1.6371443907675791,,,
88,15.116747181964573,24.993290391841118,37.35909822866345,3.0595813204508855,4.260601180891036,10.326086956521738,3.2474503488996245,1.6371443907675791,,,
89,15.351583467525497,24.966451959205582,36.68813741277509,3.9855072463768115,4.019055287171229,10.285829307568438,3.2474503488996245,1.2278582930756843,,0.2281266774020397,
90,15.324745034889963,24.798711755233494,36.07756307031669,3.9720880300590444,4.824208266237251,10.319377348362856,3.2474503488996245,1.2077294685990339,,0.2281266774020397,
91,15.217391304347826,24.798711755233494,36.211755233494365,3.9720880300590444,4.824208266237251,10.292538915727322,3.1333870101986045,1.2077294685990339,,0.3421900161030596,
92,15.378421900161031,24.651100375738057,33.84997316156736,2.8113258185721954,4.817498658078368,13.325281803542673,3.978797638217928,0.8454106280193237,,0.3421900161030596,
93,14.398819108964037,33.313204508856685,27.053140096618357,3.361513687600644,4.28743961352657,12.828770799785293,3.569511540526033,0.8454106280193237,,0.3421900161030596,
94,14.439076757917338,33.293075684380035,27.046430488459475,3.361513687600644,4.274020397208803,12.828770799785293,3.569511540526033,0.8454106280193237,,0.3421900161030596,
95,14.445786366076222,33.28636607622115,27.046430488459475,3.361513687600644,4.274020397208803,12.828770799785293,3.569511540526033,0.8454106280193237,,0.3421900161030596,
96,14.445786366076222,33.28636607622115,27.046430488459475,3.361513687600644,4.274020397208803,12.828770799785293,3.569511540526033,0.8454106280193237,,0.3421900161030596,
97,13.620504562533547,34.265968867418145,26.31508319914117,3.166935050993022,4.274020397208803,12.775093934514224,4.441760601180891,0.798443370907139,,0.3421900161030596,
98,13.459473966720344,33.782877079978526,27.395330112721417,2.8113258185721954,4.274020397208803,12.76838432635534,4.367954911433173,0.798443370907139,,0.3421900161030596,
99,13.613794954374665,33.72920021470746,27.355072463768117,2.8113258185721954,4.274020397208803,12.70799785292539,4.367954911433173,0.798443370907139,,0.3421900161030596,
100,13.667471819645733,33.70907139023081,27.34836285560923,2.804616210413312,4.274020397208803,12.68786902844874,4.367954911433173,0.798443370907139,,0.3421900161030596,
101,13.734567901234568,32.99785292538916,27.34836285560923,2.6301663982823404,4.388083735909823,12.68786902844874,5.072463768115942,0.798443370907139,,0.3421900161030596,
102,13.79495437466452,32.99785292538916,27.334943639291467,2.6301663982823404,4.361245303274289,12.68786902844874,5.059044551798175,0.7917337627482555,,0.3421900161030596,
103,13.895598497047773,32.98443370907139,27.254428341384862,2.6301663982823404,4.361245303274289,12.681159420289855,5.059044551798175,0.7917337627482555,,0.3421900161030596,
104,13.989533011272142,32.96430488459474,27.200751476113794,2.61003757380569,4.361245303274289,12.681159420289855,5.059044551798175,0.7917337627482555,,0.3421900161030596,
105,14.257917337627482,32.83682232957595,27.194041867954912,2.61003757380569,4.361245303274289,12.600644122383253,5.005367686527107,0.7917337627482555,,0.3421900161030596,
106,13.231347289318304,32.62211486849168,36.33923778851315,2.0397208803005906,4.361245303274289,4.824208266237251,5.5689747718733225,0.6709608158883521,,0.3421900161030596,
107,13.170960815888352,32.06521739130435,36.09769189479334,1.9524959742351047,5.307300053676865,4.824208266237251,5.5689747718733225,0.6709608158883521,,0.3421900161030596,
108,13.298443370907139,31.99141170155663,36.04401502952228,1.9524959742351047,5.307300053676865,4.824208266237251,5.5689747718733225,0.6709608158883521,,0.3421900161030596,
109,13.311862587224907,31.97799248523886,36.04401502952228,1.9524959742351047,5.307300053676865,4.824208266237251,5.5689747718733225,0.6709608158883521,,0.3421900161030596,
110,13.372249060654857,31.776704240472355,35.80246913580247,2.3349436392914655,5.307300053676865,4.824208266237251,5.5689747718733225,0.6709608158883521,,0.3421900161030596,
111,13.036768652710682,30.938003220611915,39.861782071927,2.885131508319914,5.293880837359098,4.441760601180891,2.6838432635534084,0.630703166935051,,0.2281266774020397,
112,13.331991411701557,30.837359098228664,37.9495437466452,2.885131508319914,5.226784755770263,4.435050993022007,3.4621578099838968,1.710950080515298,,0.1610305958132045,
113,13.33870101986044,29.274020397208805,37.875738056897475,2.885131508319914,5.213365539452496,5.8239398819108965,3.5628019323671496,1.710950080515298,,0.1610305958132045,0.15432098765432098
114,13.318572195383789,28.951959205582394,37.432903918411164,2.9790660225442833,5.548845947396672,5.488459473966721,3.5628019323671496,1.6975308641975309,,0.1610305958132045,0.8588298443370908
115,13.493022007514762,28.911701556629094,37.32555018786903,2.952227589908749,5.548845947396672,5.488459473966721,3.5628019323671496,1.6975308641975309,,0.1610305958132045,0.8588298443370908
116,13.633923778851315,28.71712292002147,37.2987117552335,3.046162104133119,5.629361245303274,5.488459473966721,3.4688674181427803,1.6975308641975309,,0.1610305958132045,0.8588298443370908
117,13.539989264626946,29.11969940955448,37.19135802469136,3.0327428878153517,5.4616210413311865,5.46833064949007,3.4688674181427803,1.6975308641975309,,0.1610305958132045,0.8588298443370908
118,13.727858293075684,29.11969940955448,36.99006977992485,3.066290928609769,5.4549114331723025,5.46833064949007,3.4688674181427803,1.6841116478797638,,0.1610305958132045,0.8588298443370908
119,13.774825550187868,28.99892646269458,36.983360171765966,3.066290928609769,5.4549114331723025,5.548845947396672,3.4688674181427803,1.6841116478797638,,0.1610305958132045,0.8588298443370908
120,14.009661835748792,28.904991948470208,36.842458400429415,3.066290928609769,5.4549114331723025,5.548845947396672,3.4688674181427803,1.6841116478797638,,0.1610305958132045,0.8588298443370908
121,14.049919484702093,28.710413311862588,36.808910359635,3.2877079978529253,5.4549114331723025,5.548845947396672,3.4688674181427803,1.6505636070853462,,0.1610305958132045,0.8588298443370908
122,14.150563607085346,28.61647879763822,36.72839506172839,3.2877079978529253,5.448201825013419,5.548845947396672,3.4688674181427803,1.7310789049919484,,0.1610305958132045,0.8588298443370908
123,14.237788513150832,27.167203435319376,36.63446054750403,4.750402576489533,5.448201825013419,5.542136339237788,3.4688674181427803,1.7310789049919484,,0.1610305958132045,0.8588298443370908
124,14.237788513150832,27.033011272141707,36.61433172302738,4.770531400966184,5.448201825013419,5.676328502415459,3.4688674181427803,1.7310789049919484,,0.1610305958132045,0.8588298443370908
125,14.257917337627482,27.033011272141707,34.896672034353195,5.139559849704777,5.448201825013419,5.656199677938808,2.9119699409554483,3.6366076221148687,,0.1610305958132045,0.8588298443370908
126,14.445786366076222,26.476113794954376,34.74235104669887,5.045625335480408,5.448201825013419,5.656199677938808,3.5426731078904994,3.6366076221148687,,0.1610305958132045,0.8454106280193237
127,14.486044015029522,26.462694578636608,34.74235104669887,5.045625335480408,5.448201825013419,5.656199677938808,3.5426731078904994,3.6097691894793345,,0.1610305958132045,0.8454106280193237
128,14.459205582393988,26.50966183574879,34.70880300590446,4.904723564143854,5.448201825013419,5.709876543209877,3.5426731078904994,3.750670960815888,,0.1610305958132045,0.8051529790660226
129,14.579978529253891,26.476113794954376,34.68196457326892,4.904723564143854,5.401234567901234,5.6964573268921095,3.5426731078904994,3.750670960815888,,0.1610305958132045,0.8051529790660226
130,14.593397745571659,26.476113794954376,34.60144927536232,4.904723564143854,5.401234567901234,5.6964573268921095,3.5426731078904994,3.8177670424047236,,0.1610305958132045,0.8051529790660226
131,12.600644122383253,19.11567364465915,43.80703166935051,4.49543746645196,5.065754159957058,7.219538378958669,2.9119699409554483,3.8177670424047236,,0.1610305958132045,0.8051529790660226
132,12.86231884057971,19.0552871712292,43.63929146537842,4.562533548040794,5.065754159957058,7.219538378958669,2.818035426731079,3.81105743424584,,0.1610305958132045,0.8051529790660226
133,12.929414922168545,19.048577563070317,43.585614600107355,4.562533548040794,5.065754159957058,7.219538378958669,2.8113258185721954,3.81105743424584,,0.1610305958132045,0.8051529790660226
134,13.130703166935051,18.92109500805153,42.572463768115945,4.824208266237251,5.173107890499195,7.078636607622115,2.8113258185721954,4.522275899087493,,0.1610305958132045,0.8051529790660226
135,13.24476650563607,18.92109500805153,42.51207729468599,4.797369833601718,5.173107890499195,7.078636607622115,2.7844873859366612,4.522275899087493,,0.1610305958132045,0.8051529790660226
136,13.217928073000536,18.92109500805153,41.97530864197531,4.797369833601718,5.173107890499195,7.065217391304348,2.7844873859366612,5.0993022007514766,,0.1610305958132045,0.8051529790660226
137,13.331991411701557,18.907675791733762,41.92163177670424,4.797369833601718,5.173107890499195,7.051798174986581,2.7509393451422435,5.0993022007514766,,0.1610305958132045,0.8051529790660226
138,13.278314546430488,18.766774020397207,41.7337627482555,5.179817498658078,5.173107890499195,7.051798174986581,2.7509393451422435,5.0993022007514766,,0.1610305958132045,0.8051529790660226
139,13.311862587224907,18.290391841116477,41.6129898013956,5.743424584004294,5.173107890499195,6.796833064949007,3.0059044551798175,5.0993022007514766,,0.1610305958132045,0.8051529790660226
140,13.41250670960816,18.263553408480945,41.532474503489,5.850778314546431,5.173107890499195,6.729736983360172,2.999194847020934,5.072463768115942,,0.1610305958132045,0.8051529790660226
141,13.45276435856146,18.149490069779926,41.22383252818035,5.743424584004294,5.173107890499195,6.508319914117015,3.717122920021471,5.072463768115942,,0.1610305958132045,0.798443370907139
142,13.526570048309178,18.19645732689211,41.136607622114866,5.730005367686527,5.152979066022544,6.508319914117015,3.717122920021471,5.072463768115942,,0.1610305958132045,0.798443370907139
143,13.513150831991412,18.055555555555557,41.116478797638216,5.857487922705314,5.428073000536768,6.508319914117015,3.488996242619431,5.072463768115942,,0.1610305958132045,0.798443370907139
144,13.399087493290391,17.163177670424048,40.59983896940419,5.589103596349974,7.695920558239399,6.038647342995169,3.488996242619431,5.065754159957058,,0.1610305958132045,0.798443370907139
145,13.466183574879228,17.136339237788512,38.828502415458935,5.522007514761138,7.75630703166935,6.038647342995169,5.253623188405797,5.038915727321524,,0.1610305958132045,0.798443370907139
146,13.56682769726248,17.10950080515298,38.768115942028984,5.522007514761138,7.75630703166935,6.038647342995169,5.253623188405797,5.025496511003757,,0.1610305958132045,0.798443370907139
147,13.633923778851315,17.10950080515298,38.7211486849168,5.522007514761138,7.749597423510467,6.038647342995169,5.253623188405797,5.01207729468599,,0.1610305958132045,0.798443370907139
148,13.191089640365004,17.216854535695116,37.97638217928073,5.522007514761138,7.353730542136339,6.025228126677402,6.957863660762212,4.958400429414922,,,0.798443370907139
149,13.446054750402576,17.176596886741816,37.9092860976919,5.448201825013419,7.353730542136339,6.018518518518518,6.810252281266774,5.038915727321524,,,0.798443370907139
150,13.103864734299517,17.09608158883521,33.541331186258724,5.387815351583468,6.347289318303811,13.47289318303811,6.736446591519055,3.515834675254965,,,0.798443370907139
151,12.701288244766506,16.14331723027375,34.004294149221685,5.166398282340311,6.146001073537305,13.358829844337091,8.199141170155663,3.515834675254965,,,0.7648953301127214
152,12.546967257112184,15.92860976918948,32.33360171765969,5.032206119162641,6.105743424584004,14.754428341384862,8.105206655931294,4.428341384863124,,,0.7648953301127214
153,12.573805689747719,15.92860976918948,32.31347289318304,5.032206119162641,6.105743424584004,14.754428341384862,8.105206655931294,4.428341384863124,,,0.7581857219538379
154,12.674449812130971,15.895061728395062,32.098765432098766,5.139559849704777,6.105743424584004,14.244498121309716,8.55475040257649,4.528985507246377,,,0.7581857219538379
155,12.76838432635534,15.807836822329575,31.99141170155663,5.139559849704777,6.219806763285024,14.231078904991948,8.55475040257649,4.528985507246377,,,0.7581857219538379
156,12.915995705850777,15.807836822329575,31.890767579173378,5.119431025228127,6.213097155126141,14.210950080515298,8.55475040257649,4.528985507246377,,,0.7581857219538379
157,12.95625335480408,15.794417606011809,31.890767579173378,5.119431025228127,6.213097155126141,14.184111647879764,8.55475040257649,4.528985507246377,,,0.7581857219538379
158,13.251476113794954,15.653515834675256,31.80354267310789,5.119431025228127,6.213097155126141,14.023081052066559,8.527911969940956,4.528985507246377,,,0.8789586688137413
159,13.097155126140633,15.653515834675256,30.62265163714439,5.119431025228127,6.977992485238862,13.935856146001074,9.453837895866881,4.200214707461084,,,0.9393451422436929
160,13.238056897477188,15.58641975308642,30.589103596349972,5.119431025228127,6.977992485238862,13.935856146001074,9.41358024691358,4.200214707461084,,,0.9393451422436929
161,13.036768652710682,15.519323671497585,29.958400429414922,5.119431025228127,7.675791733762749,13.915727321524423,9.64170692431562,4.193505099302201,,,0.9393451422436929
162,13.083735909822867,15.519323671497585,29.938271604938272,5.10601180891036,8.017981749865807,13.714439076757918,9.4873859366613,4.193505099302201,,,0.9393451422436929
163,13.264895330112722,15.311325818572195,30.132850241545892,5.065754159957058,8.017981749865807,13.546698872785829,9.594739667203436,4.126409017713366,,,0.9393451422436929
164,13.331991411701557,15.311325818572195,30.132850241545892,5.065754159957058,8.017981749865807,13.479602791196994,9.594739667203436,4.126409017713366,,,0.9393451422436929
165,13.399087493290391,15.311325818572195,30.112721417069242,5.059044551798175,8.011272141706923,13.466183574879228,9.574610842726784,4.126409017713366,,,0.9393451422436929
166,13.513150831991412,15.311325818572195,30.06575415995706,5.059044551798175,8.011272141706923,13.45276435856146,9.541062801932368,4.106280193236715,,,0.9393451422436929
167,13.513150831991412,15.311325818572195,30.06575415995706,5.059044551798175,8.011272141706923,13.45276435856146,9.541062801932368,4.106280193236715,,,0.9393451422436929
168,13.593666129898015,15.311325818572195,30.06575415995706,5.01207729468599,8.011272141706923,13.419216317767042,9.541062801932368,4.106280193236715,,,0.9393451422436929
169,13.727858293075684,15.28448738593666,30.038915727321523,5.01207729468599,8.011272141706923,13.352120236178207,9.541062801932368,4.092860976918948,,,0.9393451422436929
170,13.902308105206655,15.28448738593666,29.810789049919485,5.092592592592593,7.991143317230274,13.352120236178207,9.541062801932368,4.086151368760064,,,0.9393451422436929
171,13.962694578636608,15.271068169618895,29.562533548040793,5.193236714975845,8.527911969940956,12.989801395598498,9.541062801932368,4.012345679012346,,,0.9393451422436929
172,14.096886741814279,15.24422973698336,29.542404723564143,5.166398282340311,8.527911969940956,12.989801395598498,9.541062801932368,4.012345679012346,,,0.8789586688137413
173,14.210950080515298,15.24422973698336,29.374664519592056,5.166398282340311,8.527911969940956,12.989801395598498,9.447128287707997,4.159957058507783,,,0.8789586688137413
174,14.130434782608695,15.230810520665592,27.871712292002147,5.119431025228127,9.802737520128824,12.97638217928073,9.849704777241008,4.139828234031133,,,0.8789586688137413
175,13.479602791196994,15.94873859366613,27.01959205582394,5.924584004294149,9.628287707997853,12.513419216317766,10.493827160493828,4.1129898013955986,,,0.8789586688137413
176,13.378958668813741,15.552871712292003,27.01959205582394,5.864197530864198,10.131508319914117,12.513419216317766,10.473698336017177,4.1129898013955986,,,0.95276435856146
177,13.271604938271604,15.33816425120773,26.549919484702095,5.857487922705314,10.111379495437467,13.238056897477188,10.473698336017177,4.233762748255502,,,0.9259259259259259
178,13.352120236178207,15.297906602254429,26.536500268384327,5.857487922705314,10.084541062801932,13.238056897477188,10.473698336017177,4.233762748255502,,,0.9259259259259259
179,13.399087493290391,15.297906602254429,26.422436929683307,5.857487922705314,10.084541062801932,12.989801395598498,10.520665593129362,4.341116478797638,,,1.0869565217391304
180,13.66076221148685,15.24422973698336,26.35534084809447,5.857487922705314,10.037573805689748,12.929414922168545,10.507246376811594,4.320987654320987,,,1.0869565217391304
181,13.734567901234568,15.197262479871176,26.241277509393452,5.971551261406334,10.02415458937198,12.915995705850777,10.507246376811594,4.320987654320987,,,1.0869565217391304
182,13.801663982823403,15.170424047235642,26.241277509393452,5.958132045088567,9.883252818035427,12.889157273215245,10.332796564680622,4.320987654320987,,,1.402308105206656
183,14.06333870101986,15.157004830917874,26.207729468599034,6.078904991948471,9.728931830381105,12.761674718196458,10.292538915727322,4.30756843800322,,,1.402308105206656
184,12.70799785292539,17.49194847020934,26.006441223832528,6.052066559312936,9.728931830381105,12.144390767579173,10.158346752549651,4.30756843800322,,,1.402308105206656
185,12.74825550187869,17.47181964573269,25.046967257112186,7.018250134192163,9.64170692431562,12.070585077831455,10.151637144390767,4.448470209339774,,,1.402308105206656
186,12.842190016103059,17.424852388620504,24.953032742887814,7.199409554482019,9.561191626409018,12.050456253354804,10.11808910359635,4.448470209339774,,,1.402308105206656
187,12.855609232420827,17.10950080515298,24.84567901234568,7.434245840042942,9.561191626409018,12.050456253354804,10.319377348362856,4.42163177670424,,,1.402308105206656
188,12.909286097691895,17.10950080515298,24.812130971551262,7.4006977992485234,9.561191626409018,11.741814278046162,10.641438539989265,4.42163177670424,,,1.402308105206656
189,12.97638217928073,17.06924315619968,24.812130971551262,7.387278582930757,9.561191626409018,11.728395061728396,10.641438539989265,4.42163177670424,,,1.402308105206656
190,13.030059044551798,17.06924315619968,24.812130971551262,7.387278582930757,9.554482018250134,11.728395061728396,10.601180891035963,4.414922168545357,,,1.402308105206656
191,13.123993558776167,17.06924315619968,24.771873322597962,7.347020933977456,9.554482018250134,11.714975845410628,10.601180891035963,4.414922168545357,,,1.402308105206656
192,13.144122383252817,17.06924315619968,24.771873322597962,7.347020933977456,9.554482018250134,11.708266237251744,10.587761674718196,4.414922168545357,,,1.402308105206656
193,13.331991411701557,17.05582393988191,24.724906065485776,7.347020933977456,9.554482018250134,11.708266237251744,10.57434245840043,4.300858829844337,,,1.402308105206656
194,13.291733762748256,17.04911433172303,24.54374664519592,7.347020933977456,9.554482018250134,11.681427804616211,10.547504025764896,4.582662372517445,,,1.402308105206656
195,13.298443370907139,17.002147074610843,24.496779388083738,7.326892109500805,9.695383789586689,11.681427804616211,10.540794417606012,4.555823939881911,,,1.402308105206656
196,13.43263553408481,16.935050993022006,24.36929683306495,7.387278582930757,9.695383789586689,11.681427804616211,10.540794417606012,4.555823939881911,,,1.402308105206656
197,13.459473966720344,16.921631776704242,24.36929683306495,7.37385936661299,9.695383789586689,11.681427804616211,10.540794417606012,4.555823939881911,,,1.402308105206656
198,13.620504562533547,16.867954911433173,24.295491143317232,7.353730542136339,9.695383789586689,11.668008588298443,10.540794417606012,4.555823939881911,,,1.402308105206656
199,13.754696725711218,16.800858829844337,24.295491143317232,7.333601717659689,9.681964573268921,11.634460547504025,10.540794417606012,4.555823939881911,,,1.402308105206656
200,13.801663982823403,16.700214707461082,24.261943102522814,7.353730542136339,9.77589908749329,11.460010735373054,10.540794417606012,4.549114331723027,,,1.556629092860977
201,13.895598497047773,16.680085882984432,24.261943102522814,7.353730542136339,9.728931830381105,11.43317230273752,10.540794417606012,4.549114331723027,,,1.556629092860977
202,14.130434782608695,16.680085882984432,24.241814278046164,7.353730542136339,9.541062801932368,11.406333870101985,10.540794417606012,4.549114331723027,,,1.556629092860977
203,14.197530864197532,16.680085882984432,24.241814278046164,7.353730542136339,9.473966720343531,11.406333870101985,10.540794417606012,4.549114331723027,,,1.556629092860977
204,14.231078904991948,16.67337627482555,24.18142780461621,7.37385936661299,9.473966720343531,11.312399355877616,10.648148148148149,4.549114331723027,,,1.556629092860977
205,14.392109500805153,16.61969940955448,24.168008588298445,7.333601717659689,9.460547504025765,11.312399355877616,10.621309715512615,4.53569511540526,,,1.556629092860977
206,14.553140096618357,16.59957058507783,23.872785829307567,7.306763285024155,9.433709071390231,11.29898013955985,10.534084809447128,4.8443370907139025,,,1.556629092860977
207,14.61352657004831,16.478797638217927,23.65136876006441,7.440955448201825,9.453837895866881,11.2788513150832,10.453569511540525,5.072463768115942,,,1.556629092860977
208,14.63365539452496,16.465378421900162,23.64465915190553,7.440955448201825,9.453837895866881,11.2788513150832,10.453569511540525,5.072463768115942,,,1.556629092860977
209,14.741009125067096,16.391572732152444,23.637949543746647,7.380568974771873,9.386741814278047,11.252012882447666,10.453569511540525,5.199946323134729,,,1.556629092860977
210,14.801395598497047,16.378153515834676,23.557434245840042,7.474503488996243,9.373322597960279,11.252012882447666,10.406602254428341,5.199946323134729,,,1.556629092860977
211,14.935587761674718,16.364734299516908,23.53059581320451,7.461084272678476,9.359903381642512,11.18491680085883,10.406602254428341,5.199946323134729,,,1.556629092860977
212,15.002683843263553,16.25067096081589,23.517176596886742,7.615405260332796,9.359903381642512,11.18491680085883,10.373054213633925,5.199946323134729,,,1.4962426194310252
213,15.029522275899087,16.19699409554482,23.517176596886742,7.494632313472893,9.346484165324744,11.144659151905529,10.59447128287708,5.179817498658078,,,1.4962426194310252
214,12.929414922168545,32.91733762748255,19.02173913043478,3.784219001610306,7.139023081052066,8.581588835212024,9.212292002147075,4.918142780461621,,,1.4962426194310252
215,13.01663982823403,32.90391841116479,18.874127750939344,3.784219001610306,7.139023081052066,8.561460010735374,9.212292002147075,5.045625335480408,,,1.4626945786366077
216,13.110574342458401,32.57514761137949,18.753354804079443,3.7573805689747717,7.139023081052066,8.53462157809984,9.574610842726784,5.10601180891036,,,1.4492753623188406
217,13.144122383252817,32.57514761137949,18.625872249060656,3.7037037037037037,7.139023081052066,8.53462157809984,9.816156736446592,5.01207729468599,,,1.4492753623188406
218,13.063607085346217,32.37385936661299,19.209608158883523,3.6634460547504024,6.944444444444445,8.53462157809984,9.86983360171766,4.891304347826087,,,1.4492753623188406
219,13.352120236178207,32.21282877079979,19.0955448201825,3.6500268384326353,7.085346215780999,8.393719806763285,9.86983360171766,4.891304347826087,,,1.4492753623188406
220,13.43263553408481,32.05179817498658,18.95464304884595,3.7909286097691894,7.065217391304348,8.393719806763285,9.849704777241008,5.01207729468599,,,1.4492753623188406
221,13.499731615673644,32.018250134192165,18.927804616210413,3.7909286097691894,7.065217391304348,8.393719806763285,9.849704777241008,5.005367686527107,,,1.4492753623188406
222,13.539989264626946,31.0252281266774,18.793612453032743,4.87788513150832,7.065217391304348,8.393719806763285,9.849704777241008,5.005367686527107,,,1.4492753623188406
223,13.607085346215781,30.99838969404187,18.780193236714975,4.87788513150832,7.065217391304348,8.393719806763285,9.822866344605474,5.005367686527107,,,1.4492753623188406
224,13.747987117552334,30.911164787976382,18.766774020397207,4.87788513150832,7.065217391304348,8.36688137412775,9.809447128287708,5.005367686527107,,,1.4492753623188406
225,13.747987117552334,30.891035963499732,18.760064412238325,4.87788513150832,7.065217391304348,8.313204508856682,10.010735373054214,4.931561996779388,,,1.402308105206656
226,13.935856146001074,30.857487922705314,18.726516371443907,4.8376274825550185,7.0383789586688135,8.28636607622115,10.010735373054214,4.904723564143854,,,1.402308105206656
227,13.962694578636608,30.64278046162104,18.71309715512614,4.7168545356951155,7.4006977992485234,8.272946859903382,9.98389694041868,4.904723564143854,,,1.402308105206656
228,14.049919484702093,30.629361245303276,18.686258722490606,4.7168545356951155,7.387278582930757,8.272946859903382,9.96376811594203,4.891304347826087,,,1.402308105206656
229,14.016371443907676,30.615942028985508,18.51851851851852,4.7101449275362315,7.387278582930757,8.272946859903382,10.198604401502953,4.891304347826087,,,1.3888888888888888
230,14.210950080515298,30.48845947396672,18.451422436929683,4.7101449275362315,7.387278582930757,8.272946859903382,10.198604401502953,4.891304347826087,,,1.3888888888888888
231,14.371980676328503,30.454911433172303,18.377616747181964,4.7101449275362315,7.380568974771873,8.225979602791197,10.198604401502953,4.891304347826087,,,1.3888888888888888
232,14.512882447665056,30.42807300053677,18.370907139023082,4.7101449275362315,7.273215244229737,8.225979602791197,10.198604401502953,4.891304347826087,,,1.3888888888888888
233,14.546430488459475,30.42807300053677,18.370907139023082,4.7101449275362315,7.273215244229737,8.225979602791197,10.178475577026301,4.87788513150832,,,1.3888888888888888
234,14.714170692431562,30.381105743424584,18.344068706387546,4.7101449275362315,7.232957595276436,8.205850778314547,10.144927536231885,4.87788513150832,,,1.3888888888888888
235,14.74771873322598,30.173107890499196,18.297101449275363,4.938271604938271,7.226247987117552,8.205850778314547,10.144927536231885,4.87788513150832,,,1.3888888888888888
236,14.828234031132581,29.22705314009662,18.263553408480945,5.112721417069243,7.212828770799785,9.648416532474503,9.440418679549115,4.87788513150832,,,1.3888888888888888
237,14.88191089640365,29.21363392377885,18.263553408480945,5.112721417069243,7.212828770799785,9.621578099838969,9.440418679549115,4.87788513150832,,,1.3754696725711217
238,15.177133655394526,29.186795491143318,18.089103596349972,5.112721417069243,7.105475040257649,9.621578099838969,9.480676328502415,4.851046698872786,,,1.3754696725711217
239,15.13016639828234,29.159957058507782,17.70665593129361,5.059044551798175,7.689210950080516,9.621578099838969,9.480676328502415,4.777241009125067,,,1.3754696725711217
240,15.230810520665592,29.005636070853463,17.67981749865808,5.146269457863661,7.682501341921632,9.621578099838969,9.480676328502415,4.777241009125067,,,1.3754696725711217
241,15.297906602254429,28.972088030059044,17.659688674181428,5.146269457863661,7.682501341921632,9.621578099838969,9.46725711218465,4.777241009125067,,,1.3754696725711217
242,15.324745034889963,28.972088030059044,17.64626945786366,5.146269457863661,7.682501341921632,9.608158883521202,9.46725711218465,4.777241009125067,,,1.3754696725711217
243,15.291196994095545,28.535963499731615,17.612721417069242,5.891035963499732,7.682501341921632,9.453837895866881,9.453837895866881,4.703435319377348,,,1.3754696725711217
244,15.619967793880837,28.18035426731079,17.60601180891036,5.884326355340848,7.6623725174449815,9.453837895866881,9.520933977455716,4.696725711218465,,,1.3754696725711217
