,45,50,52,53,54,51,55,56,57
0,95.69243156199678,4.30756843800322,,,,,,,
1,67.33091787439614,31.011808910359633,1.6572732152442298,,,,,,
2,67.45840042941492,30.88432635534085,1.6572732152442298,,,,,,
3,61.64117015566291,36.73510466988728,1.6237251744498122,,,,,,
4,56.99141170155663,33.00456253354804,7.568438003220612,2.4355877616747184,,,,,
5,54.723564143854,33.17230273752013,7.5281803542673105,2.4355877616747184,2.1403650026838434,,,,
6,50.67096081588835,26.670692431561996,7.300053676865271,1.5432098765432098,2.1403650026838434,11.674718196457327,,,
7,45.97423510466989,33.09849704777241,7.266505636070853,1.5432098765432098,2.1135265700483092,9.655126140633387,0.3488996242619431,,
8,46.32984433709071,32.85024154589372,7.179280730005368,1.5432098765432098,2.368491680085883,9.380032206119163,0.3488996242619431,,
9,46.69887278582931,32.66237251744498,7.14573268921095,1.5432098765432098,2.2342995169082127,9.366612989801396,0.3488996242619431,,
10,40.83467525496511,33.65539452495974,7.105475040257649,0.4294149221685454,8.628556092324208,8.997584541062801,0.3488996242619431,,
11,36.9296833064949,36.03730542136339,7.092055823939882,2.509393451422437,8.427267847557703,8.655394524959743,0.3488996242619431,,
12,27.891841116478798,35.83601717659689,6.602254428341385,2.475845410628019,8.856682769726248,17.98845947396672,0.3488996242619431,,
13,28.18035426731079,35.601180891035966,5.9514224369296835,3.166935050993022,8.789586688137414,17.961621041331185,0.3488996242619431,,
14,25.764895330112722,28.22061191626409,4.569243156199678,5.615942028985507,8.024691358024691,27.455716586151368,0.3488996242619431,,
15,24.342458400429415,29.817498658078367,4.549114331723027,5.548845947396672,8.024691358024691,27.375201288244767,0.3421900161030596,,
16,24.382716049382715,27.91867954911433,4.549114331723027,5.548845947396672,8.017981749865807,29.240472356414386,0.3421900161030596,,
17,23.00053676865271,25.067096081588836,15.425389157273216,3.670155662909286,9.084809447128288,23.718464841653248,0.03354804079441761,,
18,19.43102522812668,30.991680085882983,13.674181427804616,3.670155662909286,8.709071390230811,23.49033816425121,0.03354804079441761,,
19,18.53864734299517,29.918142780461622,13.6406333870102,3.6366076221148687,8.628556092324208,25.603864734299517,0.03354804079441761,,
20,19.129092860976918,26.56333870101986,14.13714439076758,3.6097691894793345,11.084272678475577,25.308641975308642,0.03354804079441761,0.13419216317767044,
21,16.847826086956523,28.442028985507246,13.935856146001074,3.864734299516908,10.413311862587225,26.32850241545894,0.03354804079441761,0.13419216317767044,
22,15.03623188405797,29.918142780461622,15.11003757380569,3.8378958668813743,9.621578099838969,26.308373590982285,0.03354804079441761,0.13419216317767044,
23,15.150295222758992,29.428341384863124,19.155931293612454,3.8378958668813743,9.554482018250134,22.705314009661837,0.03354804079441761,0.13419216317767044,
24,15.49248523886205,29.314278046162105,19.04186795491143,3.8311862587224907,9.541062801932368,22.611379495437465,0.03354804079441761,0.13419216317767044,
25,15.94873859366613,29.146537842190018,18.98148148148148,3.8177670424047236,9.520933977455716,22.416800858829845,0.03354804079441761,0.13419216317767044,
26,15.646806226516372,27.82474503488996,18.9345142243693,5.60252281266774,9.480676328502415,22.342995169082126,0.03354804079441761,0.13419216317767044,
27,16.27750939345142,27.15378421900161,16.0829307568438,5.481749865807837,9.453837895866881,25.241545893719806,0.03354804079441761,0.27509393451422437,
28,16.740472356414386,26.992753623188406,15.881642512077295,5.475040257648954,9.373322597960279,25.228126677402038,0.03354804079441761,0.27509393451422437,
29,17.06924315619968,26.932367149758456,15.794417606011809,5.421363392377885,9.346484165324744,25.127482555018787,0.03354804079441761,0.27509393451422437,
30,17.673107890499196,25.81857219538379,18.189747718733226,5.421363392377885,7.877079978529254,24.496779388083738,0.24825550187869028,0.27509393451422437,
31,17.156468062265162,23.872785829307567,16.841116478797638,5.414653784219001,5.508588298443371,30.683038110574344,0.24825550187869028,0.27509393451422437,
32,17.807300053676865,23.658078368223297,16.780730005367687,5.662909286097692,5.434782608695652,30.132850241545892,0.24825550187869028,0.27509393451422437,
33,14.841653247450349,30.273752012882447,16.67337627482555,11.379495437466453,5.407944176060118,21.115136876006442,0.03354804079441761,0.27509393451422437,
34,15.257648953301127,30.018786902844873,16.646537842190018,11.33923778851315,5.381105743424584,21.048040794417606,0.03354804079441761,0.27509393451422437,
35,15.633387010198604,29.871175523349436,16.53918411164788,10.487117552334944,7.977724100912507,19.209608158883523,0.03354804079441761,0.24825550187869028,
36,16.297638217928075,29.59608158883521,16.190284487385938,10.420021470746109,7.924047235641439,19.082125603864736,0.020128824476650563,0.46967257112184646,
37,15.747450348899624,27.549651100375737,15.351583467525497,8.896940418679549,4.3478260869565215,27.65029522275899,0.020128824476650563,0.43612453032742887,
38,15.438808373590982,24.765163714439076,19.665861513687602,6.266774020397209,2.301395598497048,31.179549114331724,0.020128824476650563,0.36231884057971014,
39,14.009661835748792,19.81347289318304,8.09849704777241,4.810789049919484,2.301395598497048,50.47638217928073,0.3488996242619431,0.14090177133655393,
40,14.734299516908212,19.665861513687602,8.038110574342458,4.757112184648417,2.281266774020397,50.033548040794415,0.3488996242619431,0.14090177133655393,
41,11.43317230273752,14.741009125067096,18.679549114331724,1.3955984970477724,0.30193236714975846,53.30783682232958,,0.14090177133655393,
42,8.172302737520129,22.584541062801932,16.304347826086957,1.2345679012345678,0.30193236714975846,51.2614063338701,,0.14090177133655393,
43,7.320182501341922,22.17525496511004,16.21712292002147,1.2278582930756843,0.30193236714975846,52.61674718196457,,0.14090177133655393,
44,7.27992485238862,22.074610842726784,36.66800858829844,0.9728931830381106,0.30193236714975846,32.32018250134192,,0.3824476650563607,
45,5.179817498658078,16.371443907675793,36.07085346215781,0.9728931830381106,0.30193236714975846,40.734031132581855,,0.36902844873859364,
46,6.018518518518518,16.19699409554482,35.39989264626946,0.9728931830381106,0.2952227589908749,40.51932367149758,0.27509393451422437,0.322061191626409,
47,5.797101449275362,16.14331723027375,34.62157809983897,0.9728931830381106,0.2952227589908749,41.5727321524423,0.27509393451422437,0.322061191626409,
48,6.394256575415996,15.975577026301664,34.42699946323135,0.9728931830381106,0.2952227589908749,40.98228663446055,0.27509393451422437,0.6776704240472357,
49,6.884057971014493,15.935319377348362,34.27938808373591,0.9594739667203436,0.2952227589908749,40.693773483628554,0.27509393451422437,0.6776704240472357,
50,7.494632313472893,15.619967793880837,34.40016103059581,0.9393451422436929,0.2952227589908749,40.57300053676865,,0.6776704240472357,
51,7.320182501341922,14.070048309178745,36.40633387010199,0.9393451422436929,2.7241009125067097,37.65432098765432,,0.8856682769726248,
52,7.87037037037037,12.506709608158884,37.72141706924316,0.9393451422436929,2.677133655394525,37.39935587761675,,0.8856682769726248,
53,8.548040794417606,12.473161567364466,37.57380568974772,0.9326355340848095,2.5697799248523885,37.01690821256039,,0.8856682769726248,
54,7.957595276435856,11.721685453569512,34.46054750402576,4.790660225442834,2.5697799248523885,37.82877079978529,,0.6709608158883521,
55,7.749597423510467,11.66129898013956,27.053140096618357,4.790660225442834,2.5563607085346214,45.28314546430489,,0.9057971014492754,
56,6.863929146537842,9.990606548577563,20.967525496511005,4.7638217928073,2.5563607085346214,53.95195920558239,,0.9057971014492754,
57,7.48792270531401,9.876543209876543,20.833333333333332,4.757112184648417,2.4892646269457863,53.65002683843264,,0.9057971014492754,
58,7.85024154589372,9.849704777241008,20.705850778314545,4.757112184648417,2.428878153515835,53.09983896940419,,1.1876006441223832,0.12077294685990338
59,7.702630166398282,9.769189479334408,19.0150295222759,12.922705314009661,2.3752012882447664,47.26918947933441,,0.8252818035426731,0.12077294685990338
60,7.7361782071927,9.500805152979066,18.92109500805153,12.741545893719806,2.3617820719269993,47.79253891572732,,0.8252818035426731,0.12077294685990338
61,8.460815888352121,9.46725711218465,18.78690284487386,12.681159420289855,2.328234031132582,47.32957595276436,,0.8252818035426731,0.12077294685990338
62,9.286097691894794,9.406870638754697,18.552066559312937,12.640901771336553,2.328234031132582,46.83977455716586,,0.8252818035426731,0.12077294685990338
63,8.729200214707461,8.923778851315083,16.337895866881375,12.506709608158884,2.059849704777241,50.52334943639291,,0.798443370907139,0.12077294685990338
64,7.7898550724637685,5.535426731078905,18.531937734836287,11.030595813204508,2.059849704777241,54.25389157273215,,0.6776704240472357,0.12077294685990338
65,8.608427267847558,5.528717122920021,18.323939881910896,11.030595813204508,2.033011272141707,53.676865271068166,,0.6776704240472357,0.12077294685990338
66,8.896940418679549,5.481749865807837,18.270263016639827,10.970209339774557,2.0263016639828235,53.16022544283414,0.39586688137412773,0.6776704240472357,0.12077294685990338
67,7.830112721417069,5.481749865807837,21.920289855072465,10.943370907139023,3.7104133118625873,48.87278582930757,0.2616747181964573,0.9796027911969941,
68,8.239398819108963,5.448201825013419,21.81964573268921,10.829307568438002,3.683574879227053,48.7385936661299,0.2616747181964573,0.9796027911969941,
69,8.702361782071927,5.35426731078905,21.72571121846484,10.272410091250672,3.6634460547504024,46.90016103059581,0.2616747181964573,3.1199677938808374,
70,9.380032206119163,5.320719269994632,21.618357487922705,10.165056360708535,3.6500268384326353,46.4975845410628,0.24825550187869028,3.1199677938808374,
71,9.990606548577563,5.260332796564681,21.571390230810522,10.165056360708535,3.5963499731615673,45.61862587224906,0.24825550187869028,3.549382716049383,
72,10.185185185185185,5.24020397208803,21.517713365539453,10.111379495437467,2.6704240472356413,43.974771873322595,2.7241009125067097,3.5762211486849167,
73,10.19189479334407,5.24020397208803,23.68491680085883,10.077831454643048,1.0131508319914118,43.907675791733766,2.61003757380569,3.2742887815351582,
74,10.648148148148149,5.24020397208803,23.637949543746647,9.990606548577563,0.9796027911969941,43.65271068169619,2.61003757380569,3.240740740740741,
75,11.030595813204508,5.199946323134729,23.362855609232422,9.86983360171766,0.9796027911969941,41.53918411164788,4.797369833601718,3.2206119162640903,
76,11.540526033279656,5.152979066022544,23.32259796027912,9.668545356951155,1.1137949543746646,41.26409017713365,4.736983360171766,3.2004830917874396,
77,10.044283413848632,0.35560923242082665,21.00107353730542,10.983628556092324,1.1137949543746646,48.96672034353194,4.676596886741814,2.85829307568438,
78,10.299248523886206,0.35560923242082665,23.879495437466453,10.641438539989265,1.0869565217391304,47.839506172839506,3.8714439076757916,2.0263016639828235,
79,11.044015029522276,0.32877079978529256,23.74530327428878,10.426731078904991,1.0869565217391304,47.50402576489533,3.864734299516908,1.9994632313472893,
80,11.614331723027375,0.32877079978529256,29.455179817498657,10.359634997316157,1.0802469135802468,40.76086956521739,4.408212560386473,1.9927536231884058,
81,11.325818572195384,0.30864197530864196,28.844605475040257,9.601449275362318,1.06682769726248,39.841653247450346,6.561996779388084,2.4490069779924855,
82,11.077563070316694,0.30864197530864196,26.476113794954376,5.347557702630167,1.06682769726248,48.772141706924316,5.146269457863661,1.8048845947396672,
83,11.513687600644122,0.30864197530864196,26.41572732152442,5.300590445517981,1.06682769726248,48.49704777241009,5.092592592592593,1.8048845947396672,
84,11.889425657541599,0.30864197530864196,26.33521202361782,5.287171229200215,1.06682769726248,48.26221148684917,5.045625335480408,1.8048845947396672,
85,11.312399355877616,0.30864197530864196,19.706119162640903,4.918142780461621,0.13419216317767044,58.54804079441761,3.388352120236178,1.6841116478797638,
86,11.963231347289318,0.2952227589908749,19.524959742351047,4.891304347826087,0.13419216317767044,58.11862587224906,3.388352120236178,1.6841116478797638,
87,10.527375201288244,0.16774020397208803,16.552603327965645,2.831454643048846,0.08051529790660225,64.9825550187869,3.0931293612453032,1.7646269457863661,
88,10.836017176596886,0.16774020397208803,16.418411164787976,2.831454643048846,0.35560923242082665,64.79468599033817,2.831454643048846,1.7646269457863661,
89,8.158883521202362,12.097423510466989,11.137949543746645,1.3821792807300053,0.2549651100375738,61.78878153515835,3.938539989264627,1.2412775093934514,
90,8.769457863660762,12.02361782071927,11.09098228663446,1.3821792807300053,0.2549651100375738,61.3191089640365,3.9184111647879765,1.2412775093934514,
91,9.118357487922705,11.929683306494901,10.755501878690284,1.3687600644122384,0.2549651100375738,60.87627482555019,4.468599033816425,1.2278582930756843,
92,9.037842190016104,11.929683306494901,10.393183038110575,1.3687600644122384,0.2549651100375738,61.97665056360709,3.8177670424047236,1.221148684916801,
93,9.675254965110037,11.81561996779388,10.339506172839506,1.3687600644122384,0.2549651100375738,60.68840579710145,3.8177670424047236,2.0397208803005906,
94,9.648416532474503,11.79549114331723,18.00858829844337,1.3486312399355878,,53.737251744498124,3.421900161030596,2.0397208803005906,
95,8.84326355340848,11.379495437466453,16.888083735909824,1.328502415458937,1.5767579173376274,54.69672571121846,3.2474503488996245,2.0397208803005906,
96,9.23913043478261,11.372785829307569,16.834406870638755,1.328502415458937,1.556629092860977,52.17391304347826,5.4549114331723025,2.0397208803005906,
97,9.77589908749329,11.366076221148685,16.639828234031132,1.328502415458937,1.556629092860977,51.71765968867418,5.434782608695652,2.1806226516371443,
98,8.192431561996779,11.272141706924316,16.210413311862588,1.328502415458937,2.368491680085883,53.34138486312399,5.267042404723564,2.01959205582394,
99,8.675523349436393,11.238593666129898,16.1231884057971,1.328502415458937,2.3550724637681157,52.99248523886205,5.267042404723564,2.01959205582394,
100,9.084809447128288,11.104401502952227,16.076221148684915,2.7777777777777777,2.3550724637681157,51.368760064412236,5.22007514761138,2.0128824476650564,
101,9.970477724100913,10.795759527643586,16.049382716049383,2.7442297369833604,2.2946859903381642,50.83870101986044,5.119431025228127,2.187332259796028,
102,10.560923242082662,10.768921095008052,15.92860976918948,2.7442297369833604,2.254428341384863,50.44283413848631,5.119431025228127,2.1806226516371443,
103,11.218464841653248,10.695115405260333,15.861513687600644,2.7106816961889426,2.214170692431562,50.0,5.119431025228127,2.1806226516371443,
104,11.782071926999464,10.601180891035963,15.687063875469672,2.6838432635534084,2.214170692431562,49.75174449812131,5.112721417069243,2.167203435319377,
105,12.439613526570048,10.57434245840043,15.579710144927537,2.657004830917874,2.214170692431562,49.31561996779388,5.0791733762748255,2.1403650026838434,
106,12.560386473429952,8.709071390230811,15.499194847020934,2.657004830917874,2.214170692431562,49.094202898550726,7.159151905528717,2.1068169618894257,
107,11.949812130971551,8.641975308641975,21.316425120772948,2.636876006441224,2.1806226516371443,44.276704240472355,7.219538378958669,1.778046162104133,
108,12.95625335480408,8.628556092324208,20.853462157809982,2.636876006441224,2.1806226516371443,43.77348362855609,7.192699946323135,1.778046162104133,
109,13.405797101449275,8.608427267847558,20.77294685990338,2.636876006441224,2.1806226516371443,43.484970477724104,7.132313472893183,1.778046162104133,
110,13.560118089103597,8.454106280193237,20.73268921095008,2.5697799248523885,2.8650026838432634,43.17632850241546,6.535158346752549,2.1068169618894257,
111,12.372517444981213,4.126409017713366,16.75389157273215,1.9122383252818036,2.1403650026838434,55.60252281266774,4.985238862050457,2.1068169618894257,
112,12.989801395598498,4.1129898013955986,16.6532474503489,1.9122383252818036,2.1403650026838434,55.14626945786366,4.938271604938271,2.1068169618894257,
113,11.902844873859367,3.7573805689747717,10.621309715512615,1.8451422436929683,2.4892646269457863,61.211755233494365,6.736446591519055,1.4358561460010735,
114,12.439613526570048,3.7573805689747717,10.527375201288244,1.8250134192163177,2.4892646269457863,60.86285560923242,6.6760601180891035,1.4224369296833066,
115,13.150831991411701,3.7573805689747717,10.413311862587225,1.8250134192163177,2.462426194310252,60.487117552334944,6.481481481481482,1.4224369296833066,
116,13.479602791196994,3.7573805689747717,10.34621578099839,1.8250134192163177,2.462426194310252,60.09125067096082,6.4412238325281805,1.596886741814278,
117,13.882179280730005,3.7573805689747717,10.245571658615138,1.8250134192163177,2.462426194310252,59.78931830381106,6.4412238325281805,1.596886741814278,
118,14.452495974235104,3.717122920021471,10.225442834138486,1.8250134192163177,2.462426194310252,59.326355340848096,6.421095008051529,1.570048309178744,
119,14.935587761674718,3.6902844873859366,10.131508319914117,1.8115942028985508,2.3886205045625335,59.084809447128286,6.387546967257112,1.570048309178744,
120,15.136876006441224,3.6902844873859366,11.668008588298443,1.8115942028985508,2.3886205045625335,57.50805152979066,6.226516371443908,1.570048309178744,
121,15.183843263553408,3.6902844873859366,10.742082662372518,3.113258185721954,2.368491680085883,57.139023081052066,6.206387546967257,1.556629092860977,
122,15.794417606011809,3.670155662909286,10.674986580783683,3.0931293612453032,2.3550724637681157,56.68947933440687,6.206387546967257,1.5163714439076759,
123,14.647074610842727,3.6366076221148687,17.746913580246915,2.61003757380569,2.3349436392914655,51.321792807300056,6.1862587224906065,1.5163714439076759,
124,15.042941492216855,3.6366076221148687,17.67981749865808,2.61003757380569,2.3349436392914655,50.99302200751476,6.1862587224906065,1.5163714439076759,
125,15.539452495974235,3.5963499731615673,17.632850241545892,2.61003757380569,2.3349436392914655,50.637412775093935,6.146001073537305,1.5029522275899088,
126,15.881642512077295,3.589640365002684,17.49194847020934,2.563070316693505,2.3349436392914655,50.1610305958132,6.132581857219538,1.8451422436929683,
127,16.431830381105744,3.5225442834138487,16.472088030059044,3.502415458937198,2.301395598497048,49.9194847020934,6.018518518518518,1.8317230273752012,
128,16.794149221685455,3.4957058507783145,16.411701556629094,3.502415458937198,2.2745571658615136,49.69806763285024,5.998389694041868,1.8250134192163177,
129,17.062533548040793,3.4957058507783145,16.80756843800322,3.0595813204508855,2.254428341384863,49.584004294149224,5.911164787976382,1.8250134192163177,
130,17.62614063338701,3.4822866344605474,16.700214707461082,3.0595813204508855,2.254428341384863,49.18142780461621,5.870907139023081,1.8250134192163177,
131,18.17632850241546,3.4822866344605474,16.35131508319914,3.0327428878153517,2.227589908749329,48.731884057971016,5.83064949006978,2.167203435319377,
132,17.404723564143854,2.147074610842727,16.14331723027375,3.0059044551798175,8.702361782071927,44.578636607622116,5.709876543209877,2.3081052066559313,
133,16.223832528180353,2.147074610842727,9.977187332259795,2.6637144390767578,8.675523349436393,53.556092324208265,4.448470209339774,2.3081052066559313,
134,16.358024691358025,2.147074610842727,9.172034353193773,2.6637144390767578,8.581588835212024,54.99865807836822,3.7775093934514223,2.301395598497048,
135,16.780730005367687,2.147074610842727,9.057971014492754,2.999194847020934,8.185721953837897,54.7638217928073,3.7775093934514223,2.2879763821792807,
136,17.297369833601717,2.1269457863660763,9.057971014492754,2.985775630703167,8.152173913043478,54.32769726247987,3.7775093934514223,2.2745571658615136,
137,16.901502952227588,2.1269457863660763,12.130971551261407,2.9723564143853998,8.004562533548041,51.831723027375205,3.7573805689747717,2.2745571658615136,
138,17.290660225442835,2.120236178207193,12.097423510466989,2.9589371980676327,7.977724100912507,51.52308105206656,3.7573805689747717,2.2745571658615136,
139,17.599302200751477,2.120236178207193,12.06387546967257,2.932098765432099,7.897208803005904,51.38217928073001,3.730542136339238,2.2745571658615136,
140,18.06226516371444,2.120236178207193,12.016908212560386,2.8784219001610305,7.769726247987117,51.15405260332797,3.7238325281803544,2.2745571658615136,
141,17.673107890499196,2.120236178207193,11.265432098765432,1.7310789049919484,7.722758990874933,53.75067096081589,3.6902844873859366,2.046430488459474,
142,17.800590445517983,2.120236178207193,11.265432098765432,3.81105743424584,7.722758990874933,51.83843263553408,3.3950617283950617,2.046430488459474,
143,18.42458400429415,2.120236178207193,11.258722490606548,3.784219001610306,7.675791733762749,51.37546967257112,3.3145464304884595,2.046430488459474,
144,18.766774020397207,2.120236178207193,11.225174449812132,3.7037037037037037,7.6623725174449815,51.20101986044015,3.3011272141706924,2.01959205582394,
145,18.968062265163713,2.120236178207193,11.11111111111111,3.69699409554482,7.64224369296833,50.4092860976919,3.3011272141706924,2.7509393451422435,
146,19.404186795491142,2.1068169618894257,10.876274825550189,4.508856682769726,7.5348899624261945,49.51690821256039,3.3011272141706924,2.7509393451422435,
147,19.806763285024154,2.1068169618894257,10.775630703166936,4.468599033816425,7.5348899624261945,49.28878153515835,3.3011272141706924,2.717391304347826,
148,20.356951154052602,2.1068169618894257,10.762211486849168,4.468599033816425,7.340311325818572,48.960010735373054,3.2877079978529253,2.717391304347826,
149,20.82662372517445,2.1068169618894257,10.648148148148149,4.468599033816425,7.232957595276436,48.76543209876543,3.2541599570585076,2.6972624798711755,
150,21.034621578099838,2.0933977455716586,10.63472893183038,4.468599033816425,7.232957595276436,48.38298443370907,3.2541599570585076,2.898550724637681,
151,21.557971014492754,2.0933977455716586,10.567632850241546,4.455179817498658,7.199409554482019,47.779119699409556,3.4688674181427803,2.8784219001610305,
152,22.020933977455716,2.073268921095008,10.493827160493828,4.455179817498658,7.199409554482019,47.41009125067096,3.4688674181427803,2.8784219001610305,
153,22.537573805689746,2.0128824476650564,10.446859903381643,4.408212560386473,7.179280730005368,47.0679012345679,3.4688674181427803,2.8784219001610305,
154,22.886473429951693,1.9927536231884058,10.406602254428341,4.408212560386473,7.1658615136876005,46.85990338164251,3.421900161030596,2.85829307568438,
155,23.00053676865271,1.9659151905528718,10.399892646269459,4.3545356951154055,7.1658615136876005,46.43719806763285,3.824476650563607,2.8515834675254963,
156,23.17498658078368,1.9659151905528718,10.339506172839506,4.3545356951154055,7.159151905528717,46.35668276972625,3.797638217928073,2.8515834675254963,
157,23.65136876006441,1.9659151905528718,10.299248523886206,4.3545356951154055,7.14573268921095,45.97423510466989,3.7909286097691894,2.818035426731079,
158,23.886205045625335,1.932367149758454,10.245571658615138,4.3545356951154055,7.105475040257649,45.893719806763286,3.7909286097691894,2.791196994095545,
159,24.114331723027377,1.932367149758454,10.158346752549651,4.300858829844337,7.105475040257649,45.611916264090176,3.992216854535695,2.7844873859366612,
160,24.422973698336016,1.90552871712292,10.064412238325282,4.300858829844337,7.105475040257649,45.45759527643585,3.992216854535695,2.7509393451422435,
161,24.89935587761675,1.90552871712292,10.02415458937198,4.300858829844337,7.018250134192163,45.128824476650564,3.992216854535695,2.7308105206655933,
162,25.214707461084274,1.90552871712292,10.02415458937198,4.300858829844337,6.951154052603328,44.947665056360705,3.965378421900161,2.690552871712292,
163,25.187869028448738,1.90552871712292,9.950348899624261,4.300858829844337,6.951154052603328,45.63875469672571,3.374932903918411,2.690552871712292,
164,25.751476113794954,1.90552871712292,9.842995169082126,4.233762748255502,7.266505636070853,45.09527643585615,3.2675791733762747,2.636876006441224,
165,26.127214170692433,1.90552871712292,9.809447128287708,4.206924315619967,7.253086419753086,44.867149758454104,3.193773483628556,2.636876006441224,
166,26.50295222758991,1.90552871712292,9.742351046698873,4.186795491143317,7.219538378958669,44.63231347289318,3.193773483628556,2.6167471819645733,
167,26.778046162104133,1.90552871712292,9.695383789586689,4.139828234031133,7.347020933977456,44.41760601180891,3.099838969404187,2.6167471819645733,
168,27.120236178207193,1.90552871712292,9.621578099838969,4.133118625872249,7.326892109500805,44.22973698336017,3.0931293612453032,2.5697799248523885,
169,27.314814814814813,1.90552871712292,9.151905528717123,4.0995705850778315,7.27992485238862,44.10225442834138,3.0864197530864197,3.0595813204508855,
170,28.079710144927535,1.90552871712292,9.151905528717123,3.7640901771336552,7.239667203435319,43.71309715512614,3.0864197530864197,3.0595813204508855,
171,28.428609769189478,1.8719806763285025,9.118357487922705,3.743961352657005,7.179280730005368,43.51180891035963,3.0864197530864197,3.0595813204508855,
172,28.837895866881375,1.8585614600107354,9.05126140633387,3.7104133118625873,7.179280730005368,43.31723027375201,3.0864197530864197,2.9589371980676327,
173,29.03918411164788,1.8585614600107354,9.03113258185722,3.7104133118625873,7.152442297369833,43.20987654320987,3.046162104133119,2.952227589908749,
174,29.22705314009662,1.8451422436929683,9.01100375738057,3.7104133118625873,7.118894256575416,42.210144927536234,3.9855072463768115,2.8918411164787976,
175,28.73725174449812,1.8451422436929683,8.984165324745035,3.7104133118625873,7.816693505099302,40.82796564680623,5.213365539452496,2.8650026838432634,
176,28.213902308105208,1.8115942028985508,8.903650026838433,3.7104133118625873,9.581320450885668,39.700751476113794,5.213365539452496,2.8650026838432634,
177,28.629898013955984,1.7847557702630166,8.856682769726248,3.7104133118625873,9.447128287707997,39.52630166398282,5.193236714975845,2.8515834675254963,
178,29.17337627482555,1.7847557702630166,8.682232957595277,3.683574879227053,9.400161030595813,39.25791733762748,5.166398282340311,2.8515834675254963,
179,29.69001610305958,1.7579173376274826,8.601717659688674,3.683574879227053,9.373322597960279,38.909017713365536,5.139559849704777,2.844873859366613,
180,29.944981213097154,1.7579173376274826,8.601717659688674,3.6500268384326353,9.346484165324744,38.74127750939345,5.112721417069243,2.844873859366613,
181,30.139559849704778,1.7579173376274826,8.588298443370908,3.6231884057971016,9.286097691894794,38.66076221148685,5.0993022007514766,2.844873859366613,
182,30.60252281266774,1.7579173376274826,8.588298443370908,3.549382716049383,9.232420826623725,38.41250670960816,5.059044551798175,2.7979066022544283,
183,30.69645732689211,1.7579173376274826,8.581588835212024,3.4286097691894795,9.138486312399356,36.8491680085883,6.78341384863124,2.7643585614600106,
184,30.837359098228664,1.7579173376274826,8.514492753623188,3.421900161030596,9.091519055287172,36.82903918411165,6.78341384863124,2.7643585614600106,
185,30.783682232957595,1.7579173376274826,8.319914117015566,3.770799785292539,9.25925925925926,36.60762211486849,6.78341384863124,2.717391304347826,
186,30.951422436929683,1.5163714439076759,8.152173913043478,3.770799785292539,9.426999463231347,36.4398819108964,7.152442297369833,2.589908749329039,
187,31.28690284487386,1.5096618357487923,8.125335480407944,3.7640901771336552,9.292807300053678,36.29898013955985,7.132313472893183,2.589908749329039,
188,31.427804616210413,1.5096618357487923,8.111916264090176,3.7640901771336552,9.286097691894794,36.18491680085883,7.132313472893183,2.5831991411701556,
189,31.629092860976918,1.5096618357487923,8.111916264090176,3.7640901771336552,9.252549651100376,36.04401502952228,7.105475040257649,2.5831991411701556,
190,30.9849704777241,1.4895330112721417,10.487117552334944,3.046162104133119,9.252549651100376,35.245571658615134,7.092055823939882,2.4020397208803006,
191,31.219806763285025,1.4895330112721417,10.406602254428341,3.0394524959742353,9.212292002147075,35.218733225979605,7.011540526033279,2.4020397208803006,
192,31.655931293612454,1.4895330112721417,10.36634460547504,3.0193236714975846,9.125067096081589,35.037573805689746,6.904186795491143,2.4020397208803006,
193,31.87734836285561,1.4895330112721417,10.312667740203972,3.012614063338701,9.084809447128288,34.99060654857756,6.857219538378959,2.3752012882447664,
194,31.816961889425656,1.4895330112721417,10.285829307568438,3.012614063338701,10.661567364465915,33.56816961889426,6.823671497584541,2.341653247450349,
195,31.93102522812668,1.4895330112721417,10.077831454643048,3.012614063338701,11.077563070316694,33.319914117015564,6.749865807836822,2.341653247450349,
196,32.306763285024154,1.4761137949543746,10.057702630166398,3.012614063338701,10.970209339774557,33.111916264090176,6.723027375201288,2.341653247450349,
197,32.37385936661299,1.4694041867954912,9.903381642512077,2.945517981749866,10.95679012345679,33.04482018250134,6.964573268921095,2.341653247450349,
198,32.776435856146,1.442565754159957,9.836285560923242,2.9253891572732154,10.84272678475577,32.910628019323674,6.9243156199677935,2.341653247450349,
199,33.313204508856685,1.442565754159957,9.634997316156737,2.9052603327965647,10.795759527643586,32.6959205582394,6.884057971014493,2.328234031132582,
200,33.5077831454643,1.442565754159957,9.634997316156737,2.9052603327965647,10.742082662372518,32.400697799248526,7.0383789586688135,2.328234031132582,
201,33.742619431025226,1.442565754159957,9.561191626409018,2.9052603327965647,10.7085346215781,32.306763285024154,7.018250134192163,2.314814814814815,
202,34.245840042941495,1.442565754159957,9.326355340848094,2.8918411164787976,10.68840579710145,32.1256038647343,6.991411701556629,2.2879763821792807,
203,34.45383789586688,1.442565754159957,9.29951690821256,2.8784219001610305,10.674986580783683,31.97128287707998,6.991411701556629,2.2879763821792807,
204,34.68867418142781,1.442565754159957,9.29951690821256,2.8381642512077296,10.648148148148149,31.910896403650028,6.884057971014493,2.2879763821792807,
205,34.82286634460547,1.442565754159957,9.27938808373591,2.831454643048846,10.607890499194847,31.843800322061192,6.884057971014493,2.2879763821792807,
206,35.238862050456255,1.442565754159957,9.205582393988191,2.7979066022544283,10.534084809447128,31.629092860976918,6.884057971014493,2.26784755770263,
207,35.57434245840043,1.442565754159957,9.098228663446054,2.7979066022544283,10.48040794417606,31.48148148148148,6.884057971014493,2.2410091250670963,
208,35.809178743961354,1.442565754159957,9.07139023081052,2.791196994095545,10.433440687063875,31.36070853462158,6.850509930220075,2.2410091250670963,
209,35.92324208266237,1.442565754159957,9.07139023081052,2.7777777777777777,10.426731078904991,31.280193236714975,6.837090713902308,2.2410091250670963,
210,36.15807836822329,1.442565754159957,9.024422973698336,2.7777777777777777,10.393183038110575,31.159420289855074,6.823671497584541,2.2208803005904456,
211,36.3996242619431,1.442565754159957,9.024422973698336,2.7442297369833604,10.36634460547504,30.99838969404187,6.8035426731078905,2.2208803005904456,
212,36.63446054750403,1.442565754159957,8.997584541062801,2.7442297369833604,10.279119699409554,30.897745571658614,6.78341384863124,2.2208803005904456,
213,36.902844873859365,1.442565754159957,8.849973161567364,2.7442297369833604,10.238862050456254,30.844068706387546,6.78341384863124,2.1940418679549114,
214,37.285292538915726,1.442565754159957,8.80300590445518,2.7442297369833604,10.017444981213098,30.73671497584541,6.78341384863124,2.187332259796028,
215,36.71497584541063,1.442565754159957,8.702361782071927,2.147074610842727,9.91009125067096,32.31347289318304,6.602254428341385,2.167203435319377,
216,36.91626409017714,1.442565754159957,8.59500805152979,2.1403650026838434,9.856414385399892,32.30005367686527,6.588835212023618,2.1604938271604937,
217,37.0101986044015,1.442565754159957,8.588298443370908,2.1403650026838434,9.856414385399892,32.22624798711755,6.575415995705851,2.1604938271604937,
218,37.40606548577563,1.442565754159957,8.494363929146537,2.1269457863660763,9.769189479334408,32.058507783145465,6.575415995705851,2.1269457863660763,
219,36.74852388620504,1.442565754159957,8.3064949006978,2.120236178207193,9.554482018250134,33.82984433709071,5.870907139023081,2.1269457863660763,
220,37.07058507783145,1.442565754159957,8.3064949006978,2.1068169618894257,9.541062801932368,33.7157809983897,5.783682232957595,2.033011272141707,
221,37.19135802469136,1.42914653784219,8.299785292538916,2.1068169618894257,9.4873859366613,33.4272678475577,6.031937734836285,2.0263016639828235,
222,37.533548040794415,1.42914653784219,8.299785292538916,2.1068169618894257,9.373322597960279,33.21926999463231,6.011808910359635,2.0263016639828235,
223,37.74825550187869,1.4224369296833066,8.266237251744498,2.1068169618894257,9.353193773483628,33.10520665593129,5.978260869565218,2.01959205582394,
224,37.96296296296296,1.402308105206656,8.266237251744498,2.1068169618894257,9.326355340848094,32.94417606011809,5.978260869565218,2.0128824476650564,
225,38.238056897477186,1.402308105206656,8.246108427267847,2.1068169618894257,9.292807300053678,32.41411701556629,6.3070316693505095,1.9927536231884058,
226,38.707729468599034,1.402308105206656,8.199141170155663,2.1068169618894257,9.245840042941492,32.045088566827694,6.3070316693505095,1.9860440150295222,
227,38.95598497047772,1.402308105206656,8.199141170155663,2.1068169618894257,9.205582393988191,31.87734836285561,6.266774020397209,1.9860440150295222,
228,39.09688674181428,1.402308105206656,8.179012345679013,2.0933977455716586,9.198872785829307,31.776704240472355,6.266774020397209,1.9860440150295222,
229,39.331723027375205,1.402308105206656,8.125335480407944,2.0933977455716586,9.084809447128288,31.736446591519055,6.246645195920558,1.9793344068706387,
230,39.63365539452496,1.328502415458937,8.091787439613526,2.0799785292538915,9.037842190016104,31.655931293612454,6.1929683306494905,1.9793344068706387,
231,40.04965110037574,1.3083735909822867,8.064949006977992,2.0799785292538915,8.849973161567364,31.54186795491143,6.132581857219538,1.9726247987117553,
232,40.344873859366615,1.3083735909822867,8.064949006977992,2.059849704777241,8.80300590445518,31.387546967257112,6.072195383789587,1.9592055823939882,
233,40.54616210413312,1.3083735909822867,8.024691358024691,2.059849704777241,8.789586688137414,31.253354804079443,6.072195383789587,1.9457863660762211,
234,40.734031132581855,1.3083735909822867,8.017981749865807,2.059849704777241,8.789586688137414,31.132581857219538,6.011808910359635,1.9457863660762211,
235,40.88835212023618,1.3083735909822867,7.917337627482555,2.059849704777241,8.709071390230811,30.951422436929683,6.226516371443908,1.9390767579173376,
236,40.955448201825014,1.3083735909822867,7.863660762211487,2.059849704777241,9.064680622651638,30.689747718733226,6.152710681696189,1.90552871712292,
237,39.95571658615137,1.3083735909822867,9.903381642512077,3.1535158346752548,8.997584541062801,28.764090177133657,6.025228126677402,1.892109500805153,
238,40.19726247987118,1.3083735909822867,9.876543209876543,3.1333870101986045,8.93719806763285,28.683574879227052,5.998389694041868,1.865271068169619,
239,40.29119699409554,1.3083735909822867,9.829575952764358,3.4017713365539453,8.682232957595277,28.6231884057971,5.998389694041868,1.865271068169619,
240,39.99597423510467,1.3083735909822867,10.285829307568438,3.4017713365539453,8.641975308641975,28.37493290391841,5.984970477724101,2.006172839506173,
241,40.385131508319915,1.3083735909822867,10.238862050456254,3.321256038647343,8.588298443370908,28.30112721417069,5.904455179817498,1.9524959742351047,
242,40.58641975308642,1.3083735909822867,10.185185185185185,3.3145464304884595,8.55475040257649,28.193773483628558,5.904455179817498,1.9524959742351047,
243,38.036768652710684,1.2546967257112185,8.964036500268385,3.307836822329576,8.527911969940956,32.17257112184648,5.8239398819108965,1.9122383252818036,
244,38.157541599570585,1.2546967257112185,8.930488459473967,3.2877079978529253,8.521202361782072,32.1256038647343,5.810520665593129,1.9122383252818036,
245,38.43263553408481,1.2546967257112185,8.890230810520666,3.2004830917874396,8.467525496511003,31.99141170155663,5.938003220611916,1.8250134192163177,
246,38.57353730542136,1.2546967257112185,8.849973161567364,3.2004830917874396,8.447396672034353,31.924315619967793,5.924584004294149,1.8250134192163177,
247,34.07809983896941,1.2546967257112185,8.561460010735374,2.3215244229736984,7.977724100912507,39.150563607085346,4.87788513150832,1.778046162104133,
248,34.0378421900161,1.247987117552335,8.541331186258722,2.6435856146001075,7.96430488459474,38.97611379495437,4.824208266237251,1.7646269457863661,
249,34.38003220611916,1.247987117552335,8.480944712828771,2.623456790123457,7.96430488459474,38.75469672571122,4.783950617283951,1.7646269457863661,
250,34.675254965110035,1.247987117552335,8.373590982286634,2.623456790123457,7.944176060118089,38.61379495437466,4.757112184648417,1.7646269457863661,
251,34.90338164251208,1.247987117552335,8.32662372517445,2.623456790123457,7.890499194847021,38.486312399355874,4.757112184648417,1.7646269457863661,
252,35.07783145464305,1.247987117552335,8.279656468062266,2.6033279656468062,7.890499194847021,38.378958668813745,4.757112184648417,1.7646269457863661,
253,35.42673107890499,1.2412775093934514,8.179012345679013,2.6033279656468062,7.816693505099302,38.21121846484165,4.757112184648417,1.7646269457863661,
254,35.83601717659689,1.2412775093934514,8.152173913043478,2.589908749329039,7.682501341921632,38.00993022007515,4.723564143853999,1.7646269457863661,
255,36.171497584541065,1.221148684916801,8.105206655931294,2.5496511003757383,7.628824476650563,37.855609232420825,4.703435319377348,1.7646269457863661,
256,36.46672034353194,1.221148684916801,8.105206655931294,2.5496511003757383,7.561728395061729,37.64761137949544,4.683306494900698,1.7646269457863661,
257,36.782071926999464,1.221148684916801,8.05823939881911,2.5496511003757383,7.454374664519592,37.486580783682236,4.683306494900698,1.7646269457863661,
258,37.25845410628019,1.221148684916801,8.004562533548041,2.5496511003757383,7.407407407407407,37.11084272678475,4.683306494900698,1.7646269457863661,
259,37.3792270531401,1.221148684916801,8.004562533548041,2.5496511003757383,7.37385936661299,37.043746645195924,4.663177670424047,1.7646269457863661,
260,37.7012882447665,1.221148684916801,7.991143317230274,2.5496511003757383,7.340311325818572,36.83574879227053,4.656468062265164,1.7042404723564144,
261,37.82206119162641,1.221148684916801,7.930756843800322,2.8918411164787976,7.300053676865271,36.72168545356951,4.488727858293076,1.6237251744498122,
262,38.378958668813745,1.221148684916801,7.843531937734836,2.7777777777777777,7.27992485238862,36.41975308641975,4.455179817498658,1.6237251744498122,
263,38.499731615673646,1.2010198604401503,7.836822329575953,2.771068169618894,7.273215244229737,36.33923778851315,4.455179817498658,1.6237251744498122,
264,38.83521202361782,1.2010198604401503,7.75630703166935,3.0394524959742353,7.212828770799785,36.12453032742888,4.408212560386473,1.4224369296833066,
265,39.110305958132045,1.2010198604401503,7.716049382716049,3.0059044551798175,7.212828770799785,35.990338164251206,4.374664519592056,1.3888888888888888,
266,39.24449812130972,1.2010198604401503,7.682501341921632,2.985775630703167,7.199409554482019,35.92324208266237,4.374664519592056,1.3888888888888888,
267,39.63365539452496,1.2010198604401503,7.682501341921632,2.985775630703167,7.192699946323135,35.69511540526033,4.2203435319377345,1.3888888888888888,
268,40.15700483091788,1.2010198604401503,7.682501341921632,2.8784219001610305,7.192699946323135,35.31266774020397,4.186795491143317,1.3888888888888888,
