,45,50,52,55,51,56,54,53,57,60,58,59,46
0,97.60466988727859,2.395330112721417,,,,,,,,,,,
1,97.48389694041867,2.5161030595813205,,,,,,,,,,,
2,91.98201825013419,8.017981749865807,,,,,,,,,,,
3,91.61969940955449,8.380300590445518,,,,,,,,,,,
4,91.39828234031133,8.413848631239935,0.10735373054213634,0.08051529790660225,,,,,,,,,
5,91.08964036500268,8.722490606548577,0.10735373054213634,0.08051529790660225,,,,,,,,,
6,90.96886741814278,8.84326355340848,0.10735373054213634,0.08051529790660225,,,,,,,,,
7,90.93531937734836,8.876811594202898,0.10735373054213634,0.08051529790660225,,,,,,,,,
8,83.44068706387547,16.10305958132045,0.3757380568974772,0.08051529790660225,,,,,,,,,
9,83.467525496511,16.076221148684915,0.3757380568974772,0.08051529790660225,,,,,,,,,
10,83.17901234567901,16.364734299516908,0.3757380568974772,0.08051529790660225,,,,,,,,,
11,78.40177133655395,16.908212560386474,0.3757380568974772,0.4092860976918948,3.9049919484702094,,,,,,,,
12,78.05958132045089,17.11621041331186,0.3757380568974772,0.4092860976918948,4.03918411164788,,,,,,,,
13,75.6508319914117,19.524959742351047,0.3757380568974772,0.4092860976918948,4.03918411164788,,,,,,,,
14,70.22275899087494,20.061728395061728,0.3757380568974772,0.4092860976918948,8.930488459473967,,,,,,,,
15,70.24288781535158,20.055018786902846,0.3757380568974772,0.4092860976918948,8.917069243156199,,,,,,,,
16,70.20933977455717,20.108695652173914,0.3757380568974772,0.4092860976918948,8.756038647342995,0.14090177133655393,,,,,,,
17,70.20933977455717,20.081857219538378,0.3757380568974772,0.4092860976918948,8.756038647342995,0.14090177133655393,0.026838432635534086,,,,,,
18,69.80005367686528,20.50456253354804,0.3757380568974772,0.4092860976918948,8.648684916800859,0.23483628556092323,0.026838432635534086,,,,,,
19,63.59366612989801,26.7914653784219,0.3757380568974772,0.32877079978529256,8.648684916800859,0.23483628556092323,0.026838432635534086,,,,,,
20,63.60708534621578,26.093666129898015,0.3757380568974772,0.32877079978529256,8.55475040257649,0.32877079978529256,0.7112184648416533,,,,,,
21,61.030595813204506,28.052871712292003,0.95276435856146,0.36902844873859364,8.55475040257649,0.32877079978529256,0.7112184648416533,,,,,,
22,21.027911969940956,65.72061191626409,1.2345679012345678,3.69699409554482,7.353730542136339,0.28180354267310787,0.6843800322061192,,,,,,
23,19.578636607622116,67.19001610305958,1.2144390767579174,3.69699409554482,7.353730542136339,0.28180354267310787,0.6843800322061192,,,,,,
24,19.612184648416534,67.17659688674182,1.1943102522812667,3.69699409554482,7.353730542136339,0.28180354267310787,0.6843800322061192,,,,,,
25,19.64573268921095,67.02898550724638,1.1943102522812667,3.81105743424584,7.353730542136339,0.28180354267310787,0.6843800322061192,,,,,,
26,19.73966720343532,66.76731078904992,1.1943102522812667,3.992216854535695,7.340311325818572,0.28180354267310787,0.6843800322061192,,,,,,
27,19.826892109500804,66.6532474503489,1.1943102522812667,4.019055287171229,7.340311325818572,0.28180354267310787,0.6843800322061192,,,,,,
28,19.732957595276435,66.65995705850779,1.1943102522812667,4.146537842190016,7.320182501341922,0.28180354267310787,0.6642512077294686,,,,,,
29,19.880568974771872,66.51234567901234,1.1943102522812667,4.146537842190016,7.320182501341922,0.28180354267310787,0.6642512077294686,,,,,,
30,19.920826623725173,66.35131508319914,1.1943102522812667,4.26731078904992,7.320182501341922,0.28180354267310787,0.6642512077294686,,,,,,
31,20.00805152979066,65.74745034889962,1.1943102522812667,4.783950617283951,7.320182501341922,0.28180354267310787,0.6642512077294686,,,,,,
32,18.283682232957595,64.41894793344069,6.038647342995169,4.978529253891573,5.428073000536768,0.1878690284487386,0.6642512077294686,,,,,,
33,18.283682232957595,64.18411164787976,6.038647342995169,4.978529253891573,5.428073000536768,0.1878690284487386,0.6642512077294686,0.23483628556092323,,,,,
34,18.38432635534085,61.802200751476114,6.038647342995169,3.3548040794417604,5.428073000536768,0.1878690284487386,4.5893719806763285,0.2147074610842727,,,,,
35,18.438003220611915,61.782071926999464,6.038647342995169,3.3548040794417604,5.428073000536768,0.1878690284487386,4.555823939881911,0.2147074610842727,,,,,
36,18.51851851851852,61.40633387010199,6.038647342995169,3.6500268384326353,5.428073000536768,0.1878690284487386,4.555823939881911,0.2147074610842727,,,,,
37,18.511808910359633,59.17874396135266,6.005099302200751,2.999194847020934,5.394524959742351,0.2214170692431562,7.212828770799785,0.2147074610842727,0.2616747181964573,,,,
38,17.995169082125603,57.43424584004294,8.474235104669887,2.8918411164787976,5.394524959742351,0.2214170692431562,7.112184648416532,0.2147074610842727,0.2616747181964573,,,,
39,17.941492216854535,57.50134192163178,8.474235104669887,2.8784219001610305,5.394524959742351,0.2214170692431562,7.078636607622115,0.2147074610842727,0.2616747181964573,0.03354804079441761,,,
40,17.59259259259259,53.5426731078905,8.581588835212024,7.118894256575416,5.35426731078905,0.2214170692431562,7.078636607622115,0.2147074610842727,0.2616747181964573,0.03354804079441761,,,
41,17.726784755770264,53.44202898550725,8.655394524959743,7.118894256575416,5.347557702630167,0.2214170692431562,7.078636607622115,0.08722490606548577,0.2885131508319914,0.03354804079441761,,,
42,17.753623188405797,53.38164251207729,8.655394524959743,7.152442297369833,5.347557702630167,0.2214170692431562,7.078636607622115,0.08722490606548577,0.2885131508319914,0.03354804079441761,,,
43,17.733494363929147,52.42887815351583,8.641975308641975,8.165593129361245,5.320719269994632,0.2214170692431562,7.078636607622115,0.08722490606548577,0.2885131508319914,0.03354804079441761,,,
44,17.767042404723565,52.37520128824477,8.641975308641975,8.185721953837897,5.320719269994632,0.2214170692431562,7.078636607622115,0.08722490606548577,0.2885131508319914,0.03354804079441761,,,
45,17.814009661835748,52.34836285560923,8.641975308641975,8.179012345679013,5.307300053676865,0.2214170692431562,7.078636607622115,0.08722490606548577,0.2885131508319914,0.03354804079441761,,,
46,17.49194847020934,52.583199141170155,8.57487922705314,8.272946859903382,5.307300053676865,0.2214170692431562,7.14573268921095,0.08051529790660225,0.2885131508319914,0.03354804079441761,,,
47,17.53220611916264,52.54965110037574,8.561460010735374,8.246108427267847,5.340848094471283,0.2214170692431562,7.14573268921095,0.08051529790660225,0.2885131508319914,0.03354804079441761,,,
48,17.64626945786366,52.24771873322598,8.561460010735374,8.480944712828771,5.320719269994632,0.2214170692431562,7.118894256575416,0.08051529790660225,0.2885131508319914,0.03354804079441761,,,
49,17.726784755770264,52.200751476113794,8.561460010735374,8.480944712828771,5.287171229200215,0.2214170692431562,7.118894256575416,0.08051529790660225,0.2885131508319914,0.03354804079441761,,,
50,17.659688674181428,52.234299516908216,8.527911969940956,8.548040794417606,5.287171229200215,0.2214170692431562,7.118894256575416,0.08051529790660225,0.2885131508319914,0.03354804079441761,,,
51,17.827428878153516,52.17391304347826,8.487654320987655,8.548040794417606,5.22007514761138,0.2214170692431562,7.118894256575416,0.08051529790660225,0.2885131508319914,0.03354804079441761,,,
52,17.85426731078905,51.14734299516908,8.373590982286634,9.66183574879227,5.22007514761138,0.2214170692431562,7.118894256575416,0.08051529790660225,0.2885131508319914,0.03354804079441761,,,
53,17.163177670424048,47.61137949543747,8.588298443370908,8.266237251744498,5.253623188405797,0.2214170692431562,12.493290391841116,0.08051529790660225,0.2885131508319914,0.03354804079441761,,,
54,17.163177670424048,47.658346752549654,8.568169618894256,8.266237251744498,5.253623188405797,0.2214170692431562,12.466451959205582,0.08051529790660225,0.2885131508319914,0.03354804079441761,,,
55,17.20343531937735,46.99409554482018,8.494363929146537,8.266237251744498,4.944981213097155,0.2214170692431562,12.466451959205582,1.0131508319914118,0.36231884057971014,0.03354804079441761,,,
56,15.687063875469672,39.45920558239399,8.494363929146537,8.460815888352121,4.911433172302737,0.2214170692431562,12.466451959205582,9.903381642512077,0.36231884057971014,0.03354804079441761,,,
57,15.4723564143854,32.75630703166935,8.487654320987655,4.3545356951154055,4.911433172302737,0.2214170692431562,23.49704777241009,9.903381642512077,0.36231884057971014,0.03354804079441761,,,
58,15.331454643048845,31.374127750939344,8.487654320987655,4.26731078904992,4.911433172302737,0.2214170692431562,20.437466451959207,14.53972088030059,0.36231884057971014,,0.06709608158883522,,
59,15.344873859366613,31.15271068169619,8.474235104669887,4.213633923778851,4.998658078368224,0.2214170692431562,20.39049919484702,14.640365002683843,0.49651100375738055,,0.06709608158883522,,
60,15.28448738593666,30.92458400429415,8.474235104669887,4.193505099302201,4.998658078368224,0.2214170692431562,19.94766505636071,14.928878153515834,0.49651100375738055,0.46296296296296297,0.06709608158883522,,
61,15.351583467525497,30.367686527106816,8.420558239398819,7.555018786902845,4.998658078368224,0.2214170692431562,19.840311325818572,12.130971551261407,0.49651100375738055,0.5568974771873323,0.06038647342995169,,
62,15.425389157273216,29.97181964573269,8.420558239398819,7.944176060118089,4.998658078368224,0.2214170692431562,19.773215244229736,12.077294685990339,0.49651100375738055,0.5568974771873323,0.06038647342995169,0.05367686527106817,
63,15.505904455179817,29.944981213097154,8.420558239398819,7.930756843800322,4.998658078368224,0.2214170692431562,19.732957595276435,12.077294685990339,0.49651100375738055,0.5568974771873323,0.06038647342995169,0.05367686527106817,
64,15.009393451422437,29.347826086956523,8.420558239398819,7.635534084809447,6.830381105743425,1.1607622114868492,19.732957595276435,10.695115405260333,0.49651100375738055,0.5568974771873323,0.06038647342995169,0.05367686527106817,
65,15.157004830917874,29.26731078904992,8.413848631239935,7.635534084809447,6.823671497584541,1.1607622114868492,19.659151905528716,10.648148148148149,0.48980139559849706,0.5568974771873323,0.13419216317767044,0.05367686527106817,
66,15.210681696188942,29.26731078904992,8.380300590445518,7.628824476650563,6.823671497584541,1.1607622114868492,19.64573268921095,10.648148148148149,0.48980139559849706,0.5568974771873323,0.13419216317767044,0.05367686527106817,
67,14.512882447665056,25.45625335480408,19.229736983360173,5.978260869565218,6.756575415995706,1.133923778851315,15.640096618357488,10.352925389157273,0.16774020397208803,0.5971551261406334,0.12077294685990338,0.05367686527106817,
68,14.398819108964037,25.187869028448738,19.182769726247987,5.978260869565218,7.226247987117552,1.133923778851315,15.613258185721953,10.339506172839506,0.16774020397208803,0.5971551261406334,0.12077294685990338,0.05367686527106817,
69,14.486044015029522,25.161030595813205,19.182769726247987,5.964841653247451,7.226247987117552,1.133923778851315,15.579710144927537,10.326086956521738,0.16774020397208803,0.5971551261406334,0.12077294685990338,0.05367686527106817,
70,14.586688137412775,25.234836285560924,19.0552871712292,5.931293612453032,7.226247987117552,1.133923778851315,15.405260332796564,10.319377348362856,0.4294149221685454,0.47638217928073,0.12077294685990338,0.08051529790660225,
71,14.700751476113794,25.067096081588836,18.95464304884595,5.917874396135265,7.226247987117552,1.133923778851315,15.53274288781535,10.185185185185185,0.5032206119162641,0.47638217928073,0.2214170692431562,0.08051529790660225,
72,14.51959205582394,25.167740203972087,18.820450885668276,5.911164787976382,7.212828770799785,1.4694041867954912,15.4723564143854,10.030864197530864,0.6172839506172839,0.47638217928073,0.2214170692431562,0.08051529790660225,
73,13.855340848094471,24.93961352657005,20.081857219538378,5.790391841116479,7.071926999463232,1.4694041867954912,15.4723564143854,10.030864197530864,0.5099302200751477,0.47638217928073,0.2214170692431562,0.08051529790660225,
74,13.895598497047773,24.93961352657005,20.041599570585078,5.6964573268921095,7.058507783145465,1.4694041867954912,15.371712292002147,9.997316156736447,0.644122383252818,0.47638217928073,0.2147074610842727,0.19457863660762212,
75,13.694310252281268,25.194578636607623,20.041599570585078,5.6964573268921095,7.058507783145465,1.4694041867954912,15.170424047235642,9.997316156736447,0.6038647342995169,0.5300590445517982,0.2147074610842727,0.32877079978529256,
76,13.620504562533547,25.328770799785293,19.82018250134192,5.636070853462158,7.058507783145465,1.4694041867954912,15.143585614600108,9.936929683306495,0.8588298443370908,0.5904455179817498,0.20799785292538917,0.32877079978529256,
77,13.6406333870102,25.328770799785293,18.98148148148148,5.636070853462158,7.051798174986581,1.4694041867954912,15.143585614600108,9.916800858829845,1.7042404723564144,0.5904455179817498,0.20799785292538917,0.32877079978529256,
78,11.996779388083736,24.86580783682233,18.59903381642512,5.622651637144391,9.614868491680086,1.4694041867954912,15.13016639828234,9.896672034353195,1.6774020397208802,0.5904455179817498,0.20799785292538917,0.32877079978529256,
79,12.02361782071927,24.86580783682233,18.45813204508857,5.622651637144391,9.561191626409018,1.5096618357487923,15.13016639828234,9.883252818035427,1.8183038110574343,0.5904455179817498,0.20799785292538917,0.32877079978529256,
80,12.030327428878154,23.866076221148685,18.45813204508857,5.35426731078905,9.561191626409018,1.5096618357487923,16.391572732152444,9.883252818035427,1.8183038110574343,0.5904455179817498,0.20799785292538917,0.32877079978529256,
81,12.130971551261407,23.805689747718734,17.98174986580784,5.360976918947934,9.54777241009125,2.227589908749329,16.35131508319914,9.386741814278047,2.073268921095008,0.5904455179817498,0.2147074610842727,0.32877079978529256,
82,12.25174449812131,23.778851315083198,17.975040257648953,5.35426731078905,9.520933977455716,2.227589908749329,16.21712292002147,9.373322597960279,2.073268921095008,0.5904455179817498,0.2147074610842727,0.4227053140096618,
83,12.298711755233494,23.731884057971016,17.98845947396672,5.340848094471283,9.554482018250134,2.227589908749329,16.183574879227052,9.373322597960279,2.073268921095008,0.5904455179817498,0.2147074610842727,0.4227053140096618,
84,11.641170155662909,24.36929683306495,18.02200751476114,5.340848094471283,9.554482018250134,2.227589908749329,16.163446054750402,9.359903381642512,2.073268921095008,0.5904455179817498,0.2147074610842727,0.4428341384863124,
85,11.540526033279656,24.402844873859365,17.975040257648953,5.481749865807837,9.460547504025765,2.1604938271604937,16.19699409554482,9.292807300053678,2.147074610842727,0.5904455179817498,0.28180354267310787,0.46967257112184646,
86,11.3593666129898,24.295491143317232,17.632850241545892,5.407944176060118,10.071121846484166,2.2342995169082127,16.150026838432634,9.292807300053678,2.1403650026838434,0.5770263016639828,0.28180354267310787,0.5434782608695652,0.013419216317767043
87,11.426462694578637,24.255233494363928,17.57246376811594,5.407944176060118,9.990606548577563,2.2342995169082127,16.183574879227052,9.373322597960279,2.1403650026838434,0.5770263016639828,0.28180354267310787,0.5434782608695652,0.013419216317767043
88,10.513955984970478,25.241545893719806,12.037037037037036,5.12614063338701,16.23725174449812,2.100107353730542,16.129898013955984,9.27938808373591,1.9189479334406871,0.5770263016639828,0.28180354267310787,0.5434782608695652,0.013419216317767043
89,10.064412238325282,25.006709608158882,11.943102522812667,5.0791733762748255,17.418142780461622,1.932367149758454,15.874932903918411,9.346484165324744,1.9189479334406871,0.5770263016639828,0.28180354267310787,0.5434782608695652,0.013419216317767043
90,10.205314009661835,24.993290391841118,11.808910359634996,5.112721417069243,17.411433172302736,1.932367149758454,15.874932903918411,9.326355340848094,1.9189479334406871,0.5770263016639828,0.28180354267310787,0.5434782608695652,0.013419216317767043
91,8.232689210950081,22.094739667203434,9.312936124530328,4.233762748255502,16.337895866881375,1.9860440150295222,15.807836822329575,18.94122383252818,1.596886741814278,0.5770263016639828,0.3153515834675255,0.5501878690284487,0.013419216317767043
92,8.387010198604402,22.041062801932366,9.286097691894794,4.314278046162104,16.29092860976919,1.9860440150295222,15.780998389694043,18.90096618357488,1.583467525496511,0.5501878690284487,0.3153515834675255,0.5501878690284487,0.013419216317767043
93,8.340042941492216,21.926999463231347,14.553140096618357,4.314278046162104,13.405797101449275,1.9994632313472893,13.821792807300053,18.867418142780462,1.5633387010198605,0.5501878690284487,0.3153515834675255,0.32877079978529256,0.013419216317767043
94,8.380300590445518,21.91358024691358,14.439076757917338,4.314278046162104,13.405797101449275,1.9994632313472893,13.741277509393452,18.800322061191626,1.7176596886741815,0.5501878690284487,0.3153515834675255,0.4092860976918948,0.013419216317767043
95,8.548040794417606,21.87332259796028,14.27133655394525,4.314278046162104,13.378958668813741,1.9994632313472893,13.7211486849168,18.773483628556093,1.8317230273752012,0.5501878690284487,0.3153515834675255,0.4092860976918948,0.013419216317767043
96,8.641975308641975,21.81964573268921,14.27133655394525,4.314278046162104,13.378958668813741,2.0665593129361244,13.647342995169081,18.5654857756307,1.9793344068706387,0.5501878690284487,0.3421900161030596,0.4092860976918948,0.013419216317767043
97,8.682232957595277,21.772678475577028,13.6808910359635,5.01207729468599,13.372249060654857,2.0665593129361244,13.647342995169081,18.55877616747182,1.892109500805153,0.5501878690284487,0.3421900161030596,0.4092860976918948,0.013419216317767043
98,8.722490606548577,21.76596886741814,13.580246913580247,5.01207729468599,13.271604938271604,2.187332259796028,13.613794954374665,18.49838969404187,2.033011272141707,0.5501878690284487,0.3421900161030596,0.4092860976918948,0.013419216317767043
99,8.742619431025227,21.732420826623724,13.546698872785829,5.01207729468599,13.144122383252817,2.187332259796028,13.513150831991412,18.55877616747182,2.033011272141707,0.5501878690284487,0.47638217928073,0.48980139559849706,0.013419216317767043
100,8.68894256575416,21.14868491680086,13.546698872785829,6.025228126677402,13.144122383252817,2.006172839506173,13.285024154589372,18.55877616747182,2.033011272141707,0.5837359098228664,0.47638217928073,0.48980139559849706,0.013419216317767043
101,8.776167471819646,21.135265700483092,13.419216317767042,6.025228126677402,13.117283950617283,2.006172839506173,13.16425120772947,18.4849704777241,2.281266774020397,0.5837359098228664,0.5032206119162641,0.48980139559849706,0.013419216317767043
102,8.923778851315083,21.034621578099838,15.08990874932904,6.018518518518518,11.406333870101985,1.9659151905528718,13.150831991411701,18.397745571658614,2.4221685453569513,0.5837359098228664,0.5032206119162641,0.48980139559849706,0.013419216317767043
103,8.977455716586151,21.034621578099838,15.049651100375739,6.018518518518518,11.386205045625335,1.9524959742351047,13.150831991411701,18.377616747181964,2.462426194310252,0.5837359098228664,0.5032206119162641,0.48980139559849706,0.013419216317767043
104,9.125067096081589,20.933977455716587,15.03623188405797,6.045356951154052,11.352657004830919,1.9524959742351047,13.123993558776167,18.377616747181964,2.462426194310252,0.5837359098228664,0.5032206119162641,0.48980139559849706,0.013419216317767043
105,9.145195920558239,20.813204508856682,14.472624798711756,4.8376274825550185,11.352657004830919,1.9524959742351047,14.49946323134729,18.357487922705314,3.046162104133119,0.5166398282340311,0.5032206119162641,0.48980139559849706,0.013419216317767043
106,9.118357487922705,20.8064949006978,17.56575415995706,4.830917874396135,11.33923778851315,1.9524959742351047,12.298711755233494,18.23671497584541,2.522812667740204,0.5166398282340311,0.5032206119162641,0.2952227589908749,0.013419216317767043
107,9.16532474503489,20.799785292538918,17.498658078368223,4.8376274825550185,11.252012882447666,2.006172839506173,12.298711755233494,18.12265163714439,2.657004830917874,0.5166398282340311,0.5367686527106817,0.2952227589908749,0.013419216317767043
108,9.306226516371444,20.799785292538918,17.465110037573805,4.8376274825550185,11.252012882447666,2.006172839506173,12.298711755233494,18.02871712292002,2.6435856146001075,0.5166398282340311,0.5367686527106817,0.2952227589908749,0.013419216317767043
109,9.29951690821256,20.719269994632313,17.431561996779386,4.824208266237251,11.231884057971014,3.307836822329576,12.298711755233494,16.908212560386474,2.536231884057971,0.48980139559849706,0.644122383252818,0.2952227589908749,0.013419216317767043
110,9.265968867418144,20.75281803542673,17.37788513150832,4.871175523349437,11.20504562533548,3.321256038647343,12.298711755233494,16.901502952227588,2.563070316693505,0.48980139559849706,0.644122383252818,0.2952227589908749,0.013419216317767043
111,9.29951690821256,20.73268921095008,18.183038110574344,4.871175523349437,10.86285560923242,3.321256038647343,12.298711755233494,16.418411164787976,2.6033279656468062,0.48980139559849706,0.6105743424584005,0.2952227589908749,0.013419216317767043
112,9.339774557165862,20.7662372517445,18.149490069779926,4.871175523349437,10.86285560923242,3.2675791733762747,12.278582930756844,16.418411164787976,2.636876006441224,0.48980139559849706,0.6105743424584005,0.2952227589908749,0.013419216317767043
113,9.16532474503489,19.900697799248523,19.592055823939884,4.8376274825550185,10.540794417606012,3.2675791733762747,12.245034889962426,16.404991948470208,2.636876006441224,0.48980139559849706,0.6105743424584005,0.2952227589908749,0.013419216317767043
114,9.219001610305957,19.85373054213634,19.578636607622116,4.871175523349437,10.540794417606012,3.2675791733762747,12.245034889962426,16.378153515834676,2.636876006441224,0.48980139559849706,0.6105743424584005,0.2952227589908749,0.013419216317767043
115,9.333064949006978,19.85373054213634,19.538378958668815,4.8443370907139025,10.540794417606012,3.2675791733762747,12.191358024691358,16.371443907675793,2.6502952227589907,0.48980139559849706,0.6105743424584005,0.2952227589908749,0.013419216317767043
116,9.386741814278047,19.85373054213634,19.524959742351047,4.8443370907139025,10.540794417606012,3.2675791733762747,12.151100375738057,16.371443907675793,2.6502952227589907,0.48980139559849706,0.6105743424584005,0.2952227589908749,0.013419216317767043
117,9.655126140633387,19.83360171765969,19.390767579173378,4.817498658078368,10.520665593129362,3.193773483628556,12.117552334943639,16.358024691358025,2.703972088030059,0.48980139559849706,0.6105743424584005,0.2952227589908749,0.013419216317767043
118,9.655126140633387,19.370638754696724,19.390767579173378,5.488459473966721,10.453569511540525,3.193773483628556,11.976650563607086,16.33118625872249,2.703972088030059,0.48980139559849706,0.6105743424584005,0.322061191626409,0.013419216317767043
119,9.809447128287708,19.350509930220074,19.32367149758454,5.5756843800322065,10.413311862587225,3.193773483628556,11.949812130971551,16.19699409554482,2.7509393451422435,0.48980139559849706,0.6105743424584005,0.322061191626409,0.013419216317767043
120,10.037573805689748,19.30354267310789,19.32367149758454,5.475040257648954,10.359634997316157,3.193773483628556,11.949812130971551,16.170155662909288,2.7509393451422435,0.4562533548040794,0.6105743424584005,0.35560923242082665,0.013419216317767043
121,10.111379495437467,19.30354267310789,19.290123456790123,5.58239398819109,10.218733225979603,3.193773483628556,11.949812130971551,16.150026838432634,2.7643585614600106,0.4562533548040794,0.6105743424584005,0.35560923242082665,0.013419216317767043
122,9.977187332259795,18.323939881910896,19.162640901771336,5.213365539452496,10.165056360708535,3.193773483628556,13.6406333870102,16.069511540526033,2.7979066022544283,0.39586688137412773,0.6910896403650026,0.35560923242082665,0.013419216317767043
123,10.010735373054214,18.310520665593128,19.162640901771336,5.213365539452496,10.165056360708535,3.193773483628556,13.620504562533547,16.069511540526033,2.7979066022544283,0.39586688137412773,0.6910896403650026,0.35560923242082665,0.013419216317767043
124,9.970477724100913,17.98174986580784,19.85373054213634,5.22007514761138,9.883252818035427,3.193773483628556,13.600375738056897,16.0426731078905,2.7979066022544283,0.39586688137412773,0.6910896403650026,0.35560923242082665,0.013419216317767043
125,9.997316156736447,17.954911433172303,19.85373054213634,5.246913580246914,9.883252818035427,3.193773483628556,13.600375738056897,16.015834675254965,2.7979066022544283,0.39586688137412773,0.6910896403650026,0.35560923242082665,0.013419216317767043
126,10.11808910359635,17.840848094471284,19.80005367686527,5.22007514761138,9.849704777241008,3.2139023081052067,13.533279656468062,16.129898013955984,2.7979066022544283,0.43612453032742887,0.6910896403650026,0.35560923242082665,0.013419216317767043
127,10.352925389157273,17.840848094471284,19.692699946323135,5.173107890499195,9.822866344605474,3.2139023081052067,13.533279656468062,16.129898013955984,2.7442297369833604,0.43612453032742887,0.6910896403650026,0.35560923242082665,0.013419216317767043
128,10.359634997316157,17.726784755770264,19.692699946323135,5.139559849704777,9.822866344605474,4.361245303274289,13.519860440150294,15.157004830917874,2.7442297369833604,0.43612453032742887,0.6910896403650026,0.33548040794417605,0.013419216317767043
129,9.923510466988727,18.14278046162104,19.659151905528716,5.414653784219001,9.809447128287708,4.314278046162104,13.425925925925926,15.08990874932904,2.7442297369833604,0.43612453032742887,0.6910896403650026,0.33548040794417605,0.013419216317767043
130,9.802737520128824,18.14278046162104,19.330381105743424,5.401234567901234,10.34621578099839,4.314278046162104,13.419216317767042,15.08990874932904,2.677133655394525,0.43612453032742887,0.6910896403650026,0.33548040794417605,0.013419216317767043
131,9.762479871175524,17.820719269994633,19.484702093397747,5.300590445517981,10.071121846484166,4.314278046162104,13.747987117552334,15.344873859366613,2.677133655394525,0.43612453032742887,0.6910896403650026,0.33548040794417605,0.013419216317767043
132,10.02415458937198,17.800590445517983,19.37734836285561,5.320719269994632,10.010735373054214,4.455179817498658,13.47289318303811,15.344873859366613,2.717391304347826,0.43612453032742887,0.6910896403650026,0.33548040794417605,0.013419216317767043
133,10.071121846484166,17.74020397208803,19.384057971014492,5.314009661835748,9.809447128287708,4.508856682769726,13.674181427804616,15.33816425120773,2.6838432635534084,0.43612453032742887,0.6910896403650026,0.33548040794417605,0.013419216317767043
134,10.010735373054214,17.418142780461622,19.753086419753085,5.3274288781535155,9.782608695652174,4.542404723564144,13.667471819645733,15.33816425120773,2.6838432635534084,0.43612453032742887,0.6910896403650026,0.33548040794417605,0.013419216317767043
135,10.104669887278583,16.74718196457327,19.699409554482017,4.99194847020934,9.50751476113795,4.528985507246377,14.895330112721417,15.33816425120773,2.7106816961889426,0.43612453032742887,0.6910896403650026,0.33548040794417605,0.013419216317767043
136,10.165056360708535,16.71363392377885,19.699409554482017,4.99194847020934,9.480676328502415,4.49543746645196,14.895330112721417,15.297906602254429,2.7106816961889426,0.43612453032742887,0.6910896403650026,0.4092860976918948,0.013419216317767043
137,10.171765968867419,16.71363392377885,19.598765432098766,4.99194847020934,9.480676328502415,4.394793344068707,14.895330112721417,15.297906602254429,2.831454643048846,0.43612453032742887,0.7648953301127214,0.4092860976918948,0.013419216317767043
138,10.017444981213098,16.324476650563607,19.73966720343532,4.99194847020934,9.473966720343531,4.414922168545357,14.714170692431562,15.868223295759528,2.831454643048846,0.43612453032742887,0.7648953301127214,0.4092860976918948,0.013419216317767043
139,9.742351046698873,16.223832528180353,19.726247987117553,4.9718196457326895,9.473966720343531,4.414922168545357,15.499194847020934,15.868223295759528,2.6033279656468062,0.12077294685990338,0.7648953301127214,0.5904455179817498,
140,9.722222222222221,16.002415458937197,19.73966720343532,4.958400429414922,9.473966720343531,4.414922168545357,15.687063875469672,15.868223295759528,2.657004830917874,0.12077294685990338,0.7648953301127214,0.5904455179817498,
141,9.494095544820183,15.98899624261943,19.410896403650028,4.643048845947397,10.856146001073537,4.30756843800322,15.28448738593666,15.921900161030596,2.657004830917874,0.12077294685990338,0.7246376811594203,0.5904455179817498,
142,9.514224369296834,15.98899624261943,19.410896403650028,4.676596886741814,10.856146001073537,4.30756843800322,15.250939345142244,15.901771336553946,2.657004830917874,0.12077294685990338,0.7246376811594203,0.5904455179817498,
143,9.608158883521202,15.713902308105206,19.196188942565755,5.615942028985507,10.856146001073537,4.30756843800322,15.143585614600108,15.432098765432098,2.657004830917874,0.12077294685990338,0.7246376811594203,0.6239935587761675,
144,9.802737520128824,15.713902308105206,19.182769726247987,5.595813204508857,10.782340311325818,4.30756843800322,15.136876006441224,15.351583467525497,2.657004830917874,0.12077294685990338,0.7246376811594203,0.6239935587761675,
145,9.816156736446592,15.613258185721953,19.16935050993022,5.6964573268921095,10.782340311325818,4.30756843800322,15.136876006441224,15.351583467525497,2.657004830917874,0.12077294685990338,0.7246376811594203,0.6239935587761675,
146,9.936929683306495,15.613258185721953,19.276704240472355,5.6964573268921095,10.768921095008052,4.280730005367687,15.096618357487923,15.324745034889963,2.5026838432635534,0.12077294685990338,0.7581857219538379,0.6239935587761675,
147,10.02415458937198,15.613258185721953,19.276704240472355,5.6964573268921095,10.68840579710145,4.280730005367687,15.096618357487923,15.324745034889963,2.5026838432635534,0.12077294685990338,0.7514761137949544,0.6239935587761675,
148,10.131508319914117,15.499194847020934,19.216317767042405,5.83064949006978,10.540794417606012,4.361245303274289,15.049651100375739,15.311325818572195,2.5295222758990876,0.12077294685990338,0.7514761137949544,0.6575415995705851,
149,10.091250670960816,14.318303811057435,19.0150295222759,5.83064949006978,12.084004294149223,4.3478260869565215,14.78797638217928,15.271068169618895,2.5295222758990876,0.12077294685990338,0.7514761137949544,0.8521202361782072,
150,10.057702630166398,14.318303811057435,18.471551261406333,5.83064949006978,11.77536231884058,5.253623188405797,14.781266774020397,15.271068169618895,2.5161030595813205,0.12077294685990338,0.7514761137949544,0.8521202361782072,
151,9.943639291465379,14.163982823403114,20.538110574342458,6.038647342995169,10.540794417606012,4.951690821256038,14.197530864197532,15.35829307568438,2.5026838432635534,0.1610305958132045,0.7514761137949544,0.8521202361782072,
152,10.071121846484166,14.163982823403114,20.497852925389157,6.031937734836285,10.540794417606012,4.944981213097155,14.150563607085346,15.331454643048845,2.5026838432635534,0.1610305958132045,0.7514761137949544,0.8521202361782072,
153,10.238862050456254,14.130434782608695,20.48443370907139,6.031937734836285,10.520665593129362,4.938271604938271,14.090177133655395,15.297906602254429,2.5026838432635534,0.1610305958132045,0.7514761137949544,0.8521202361782072,
154,10.453569511540525,13.982823403113258,20.45088566827697,6.166129898013956,10.406602254428341,4.931561996779388,14.090177133655395,15.250939345142244,2.5026838432635534,0.1610305958132045,0.7514761137949544,0.8521202361782072,
155,10.540794417606012,13.955984970477724,20.38378958668814,6.166129898013956,10.406602254428341,4.931561996779388,13.788244766505636,15.250939345142244,2.5026838432635534,0.1610305958132045,1.0601180891035964,0.8521202361782072,
156,10.601180891035963,13.848631239935587,20.38378958668814,6.112453032742888,10.406602254428341,5.24020397208803,13.855340848094471,14.97584541062802,2.5026838432635534,0.1610305958132045,1.0601180891035964,0.8521202361782072,
157,10.721953837895867,13.848631239935587,20.336822329575952,6.0587761674718195,10.373054213633925,5.152979066022544,13.754696725711218,14.962426194310252,2.7442297369833604,0.14090177133655393,1.0869565217391304,0.8185721953837896,
158,10.748792270531402,13.83521202361782,20.336822329575952,6.0587761674718195,10.36634460547504,5.146269457863661,13.754696725711218,14.962426194310252,2.7442297369833604,0.14090177133655393,1.0869565217391304,0.8185721953837896,
159,10.809178743961352,13.774825550187868,20.075147611379496,6.132581857219538,10.36634460547504,5.35426731078905,13.754696725711218,14.962426194310252,2.7241009125067097,0.14090177133655393,1.0869565217391304,0.8185721953837896,
160,10.943370907139023,13.768115942028986,20.075147611379496,6.132581857219538,10.305958132045088,5.35426731078905,13.734567901234568,14.915458937198068,2.7241009125067097,0.14090177133655393,1.0869565217391304,0.8185721953837896,
161,11.057434245840042,13.70101986044015,20.075147611379496,6.273483628556092,10.238862050456254,5.320719269994632,13.707729468599034,14.855072463768115,2.7241009125067097,0.14090177133655393,1.0869565217391304,0.8185721953837896,
162,11.144659151905529,13.560118089103597,20.068438003220614,6.266774020397209,10.225442834138486,5.320719269994632,13.687600644122384,14.955716586151368,2.7241009125067097,0.14090177133655393,1.0869565217391304,0.8185721953837896,
163,11.191626409017713,13.533279656468062,20.068438003220614,6.260064412238325,10.225442834138486,5.320719269994632,13.674181427804616,14.955716586151368,2.7241009125067097,0.14090177133655393,1.0869565217391304,0.8185721953837896,
164,11.231884057971014,13.533279656468062,19.994632313472895,6.260064412238325,10.225442834138486,5.35426731078905,13.674181427804616,14.955716586151368,2.7241009125067097,0.14090177133655393,1.0869565217391304,0.8185721953837896,
165,11.272141706924316,13.425925925925926,19.994632313472895,6.367418142780462,10.21202361782072,5.35426731078905,13.674181427804616,14.928878153515834,2.7241009125067097,0.14090177133655393,1.0869565217391304,0.8185721953837896,
166,11.372785829307569,13.425925925925926,19.994632313472895,6.367418142780462,10.151637144390767,5.35426731078905,13.66076221148685,14.9020397208803,2.7241009125067097,0.14090177133655393,1.0869565217391304,0.8185721953837896,
167,11.33923778851315,13.298443370907139,20.263016639828233,6.246645195920558,10.138217928073,5.35426731078905,13.647342995169081,14.821524422973699,2.7241009125067097,0.2952227589908749,1.0869565217391304,0.785024154589372,
168,11.3191089640365,13.238056897477188,20.2361782071927,6.595544820182502,10.19189479334407,5.300590445517981,13.526570048309178,14.680622651637144,2.7442297369833604,0.2952227589908749,1.0869565217391304,0.785024154589372,
169,11.41304347826087,13.211218464841654,20.2361782071927,6.582125603864735,10.178475577026301,5.307300053676865,13.526570048309178,14.660493827160494,2.717391304347826,0.2952227589908749,1.0869565217391304,0.785024154589372,
170,10.493827160493828,12.97638217928073,28.858024691358025,6.4345142243692965,10.178475577026301,4.320987654320987,10.017444981213098,13.070316693505099,2.086688137412775,0.2549651100375738,0.8990874932903918,0.4092860976918948,
171,10.654857756307031,12.895866881374127,28.73054213633924,6.374127750939345,10.178475577026301,4.206924315619967,10.00402576489533,13.063607085346217,2.328234031132582,0.2549651100375738,0.8990874932903918,0.4092860976918948,
172,10.802469135802468,12.895866881374127,28.65673644659152,6.374127750939345,10.124798711755233,4.206924315619967,9.957058507783145,12.95625335480408,2.3550724637681157,0.2549651100375738,1.0265700483091786,0.38915727321524424,
173,10.889694041867955,12.895866881374127,28.482286634460547,6.347289318303811,10.124798711755233,4.334406870638754,9.957058507783145,12.95625335480408,2.341653247450349,0.2549651100375738,1.0265700483091786,0.38915727321524424,
174,10.963499731615673,12.895866881374127,28.415190552871714,6.347289318303811,10.124798711755233,4.334406870638754,9.957058507783145,12.949543746645196,2.341653247450349,0.2549651100375738,1.0265700483091786,0.38915727321524424,
175,11.05072463768116,12.86231884057971,28.395061728395063,6.347289318303811,10.124798711755233,4.30756843800322,10.165056360708535,12.895866881374127,2.1806226516371443,0.2549651100375738,1.0265700483091786,0.38915727321524424,
176,11.171497584541063,12.86231884057971,28.30112721417069,6.454643048845948,10.071121846484166,4.26731078904992,10.044283413848632,12.895866881374127,2.2611379495437465,0.2549651100375738,1.0265700483091786,0.38915727321524424,
177,11.16478797638218,12.855609232420827,28.26086956521739,6.521739130434782,10.017444981213098,4.247181964573269,10.044283413848632,12.446323134728932,2.8381642512077296,0.2549651100375738,0.9594739667203436,0.38915727321524424,
178,11.2788513150832,12.828770799785293,27.911969940955448,6.521739130434782,10.017444981213098,4.247181964573269,10.044283413848632,12.412775093934513,3.1333870101986045,0.2549651100375738,0.9594739667203436,0.38915727321524424,
179,11.305689747718732,12.828770799785293,27.851583467525497,6.521739130434782,10.017444981213098,4.247181964573269,10.010735373054214,12.412775093934513,3.2004830917874396,0.2549651100375738,0.9594739667203436,0.38915727321524424,
180,11.379495437466453,12.828770799785293,27.81803542673108,6.515029522275899,10.010735373054214,4.247181964573269,9.970477724100913,12.392646269457863,3.2340311325818574,0.2549651100375738,0.9594739667203436,0.38915727321524424,
181,11.480139559849706,12.828770799785293,27.697262479871174,6.508319914117015,10.010735373054214,4.247181964573269,9.950348899624261,12.392646269457863,3.294417606011809,0.24154589371980675,0.9594739667203436,0.38915727321524424,
182,11.493558776167472,12.560386473429952,27.254428341384862,6.837090713902308,10.010735373054214,4.166666666666667,10.00402576489533,12.392646269457863,3.7037037037037037,0.24154589371980675,0.9594739667203436,0.3757380568974772,
183,11.580783682232958,12.560386473429952,27.22758990874933,6.837090713902308,9.990606548577563,4.166666666666667,10.00402576489533,12.365807836822329,3.6902844873859366,0.24154589371980675,0.9594739667203436,0.3757380568974772,
184,11.647879763821793,12.560386473429952,27.194041867954912,6.837090713902308,9.990606548577563,4.166666666666667,10.00402576489533,12.305421363392378,3.683574879227053,0.2147074610842727,1.0198604401502953,0.3757380568974772,
185,11.761943102522812,12.533548040794418,27.093397745571657,6.837090713902308,9.977187332259795,4.26731078904992,9.977187332259795,12.305421363392378,3.6366076221148687,0.2147074610842727,1.0198604401502953,0.3757380568974772,
186,11.77536231884058,12.533548040794418,27.073268921095007,6.837090713902308,9.782608695652174,4.461889425657541,9.977187332259795,12.29200214707461,3.656736446591519,0.2147074610842727,1.0198604401502953,0.3757380568974772,
187,11.79549114331723,12.412775093934513,27.03972088030059,6.837090713902308,9.77589908749329,4.455179817498658,10.11808910359635,12.27187332259796,3.683574879227053,0.2147074610842727,1.0198604401502953,0.3757380568974772,
188,11.768652710681696,12.412775093934513,26.959205582393988,6.837090713902308,9.77589908749329,4.455179817498658,10.11808910359635,12.27187332259796,3.7909286097691894,0.2147074610842727,1.0198604401502953,0.3757380568974772,
189,11.688137412775093,12.238325281803542,26.959205582393988,6.837090713902308,9.77589908749329,4.455179817498658,10.104669887278583,11.741814278046162,4.609500805152979,0.2147074610842727,0.9997316156736447,0.3757380568974772,
190,11.768652710681696,12.02361782071927,26.818303811057433,7.051798174986581,9.77589908749329,4.455179817498658,10.104669887278583,11.741814278046162,4.669887278582931,0.2147074610842727,0.9997316156736447,0.3757380568974772,
191,11.83574879227053,11.996779388083736,26.798174986580783,7.051798174986581,9.722222222222221,4.508856682769726,10.084541062801932,11.741814278046162,4.669887278582931,0.2147074610842727,0.9997316156736447,0.3757380568974772,
