,45,50,55,52,53,51,56,58,54,57,59,61,60,47,62
0,99.89264626945787,0.10735373054213634,,,,,,,,,,,,,
1,72.95356951154052,27.026301663982824,0.020128824476650563,,,,,,,,,,,,
2,59.50751476113795,40.19726247987118,0.03354804079441761,0.2147074610842727,0.04696725711218465,,,,,,,,,,
3,53.7842190016103,45.860171765968865,0.0939345142243693,0.2147074610842727,0.04696725711218465,,,,,,,,,,
4,53.5024154589372,41.36473429951691,0.14090177133655393,0.2147074610842727,0.04696725711218465,4.730273752012883,,,,,,,,,
5,36.99006977992485,58.621846484165324,0.07380568974771873,0.2147074610842727,0.04696725711218465,4.052603327965647,,,,,,,,,
6,35.33279656468062,47.02093397745572,0.17444981213097155,0.2147074610842727,0.04696725711218465,17.143048845947398,0.06709608158883522,,,,,,,,
7,33.51449275362319,47.62479871175523,0.18115942028985507,1.4224369296833066,0.04696725711218465,17.07595276435856,0.13419216317767044,,,,,,,,
8,28.75738056897477,52.31481481481482,0.24825550187869028,1.4224369296833066,0.04696725711218465,17.07595276435856,0.13419216317767044,,,,,,,,
9,28.61647879763822,44.39747718733226,0.2683843263553409,1.4224369296833066,11.231884057971014,14.023081052066559,0.013419216317767043,0.026838432635534086,,,,,,,
10,28.5426731078905,44.14922168545357,0.5904455179817498,1.4224369296833066,11.225174449812132,14.002952227589908,0.03354804079441761,0.03354804079441761,,,,,,,
11,28.515834675254965,43.947933440687066,0.7917337627482555,1.4492753623188406,11.225174449812132,14.002952227589908,0.03354804079441761,0.03354804079441761,,,,,,,
12,28.488996242619432,43.07568438003221,1.1876006441223832,1.4492753623188406,11.211755233494364,13.982823403113258,0.040257648953301126,0.04696725711218465,0.5166398282340311,,,,,,
13,24.08078368223296,41.176865271068166,0.8990874932903918,2.8918411164787976,11.211755233494364,19.444444444444443,0.03354804079441761,0.04696725711218465,0.2147074610842727,,,,,,
14,20.28985507246377,39.2512077294686,0.8118625872249061,2.8650026838432634,5.622651637144391,30.817230273752013,0.10064412238325282,0.026838432635534086,0.2147074610842727,,,,,,
15,20.303274288781534,39.150563607085346,0.8923778851315083,2.8650026838432634,5.642780461621041,30.803811057434245,0.10064412238325282,0.026838432635534086,0.2147074610842727,,,,,,
16,19.30354267310789,32.05179817498658,1.9994632313472893,13.285024154589372,4.864465915190553,27.911969940955448,0.03354804079441761,0.026838432635534086,,0.5233494363929146,,,,,
17,18.679549114331724,23.98684916800859,1.7646269457863661,13.285024154589372,4.978529253891573,36.72168545356951,0.03354804079441761,0.026838432635534086,,0.5233494363929146,,,,,
18,16.09634997316157,26.590177133655395,1.7914653784219001,13.170960815888352,4.931561996779388,36.66800858829844,0.08722490606548577,0.026838432635534086,,0.6374127750939346,,,,,
19,16.09634997316157,26.590177133655395,1.7914653784219001,13.170960815888352,4.931561996779388,36.66800858829844,0.08722490606548577,0.026838432635534086,,0.6374127750939346,,,,,
20,16.09634997316157,26.590177133655395,1.7914653784219001,13.137412775093935,4.931561996779388,36.62775093934514,0.1274825550187869,0.026838432635534086,,0.6709608158883521,,,,,
21,15.975577026301664,26.637144390767578,1.8786902844873858,13.137412775093935,4.864465915190553,36.38620504562534,0.3421900161030596,0.0939345142243693,,0.6843800322061192,,,,,
22,15.854804079441761,25.986312399355878,1.9122383252818036,13.117283950617283,4.736983360171766,36.30568974771873,0.4092860976918948,0.0939345142243693,0.8789586688137413,0.7045088566827697,,,,,
23,15.150295222758992,17.69994632313473,1.5767579173376274,13.077026301663983,2.1806226516371443,48.68491680085883,0.43612453032742887,,0.8789586688137413,0.3153515834675255,,,,,
24,15.163714439076758,17.69994632313473,2.368491680085883,13.077026301663983,2.167203435319377,47.89318303811057,0.43612453032742887,,0.8789586688137413,0.3153515834675255,,,,,
25,15.157004830917874,17.64626945786366,2.442297369833602,13.077026301663983,2.167203435319377,47.70531400966183,0.6172839506172839,,0.8722490606548577,0.3153515834675255,,,,,
26,15.13016639828234,17.632850241545892,2.442297369833602,12.902576489533011,2.15378421900161,47.16854535695116,1.3821792807300053,,0.8722490606548577,0.3153515834675255,,,,,
27,14.553140096618357,15.479066022544284,1.596886741814278,25.34219001610306,2.15378421900161,38.16425120772947,1.5163714439076759,,0.8722490606548577,0.322061191626409,,,,,
28,14.53972088030059,15.458937198067632,1.6304347826086956,25.288513150831992,2.15378421900161,38.137412775093935,1.5432098765432098,,0.8722490606548577,0.3757380568974772,,,,,
29,13.070316693505099,15.083199141170155,1.6237251744498122,24.416264090177133,2.15378421900161,40.84138486312399,1.570048309178744,,0.8722490606548577,0.36902844873859364,,,,,
30,13.070316693505099,15.056360708534621,1.6505636070853462,24.3894256575416,2.15378421900161,40.747450348899626,1.6639828234031133,,0.8722490606548577,0.39586688137412773,,,,,
31,12.989801395598498,14.821524422973699,2.6301663982823404,21.544551798174986,3.1870638754696725,42.028985507246375,1.4761137949543746,,0.8990874932903918,0.39586688137412773,0.026838432635534086,,,,
32,12.989801395598498,14.821524422973699,2.6301663982823404,21.4573268921095,3.1870638754696725,41.7337627482555,1.778046162104133,,0.8990874932903918,0.47638217928073,0.026838432635534086,,,,
33,12.74825550187869,12.93612453032743,2.49597423510467,18.323939881910896,3.797638217928073,47.61808910359635,0.7648953301127214,,0.8990874932903918,0.38915727321524424,0.026838432635534086,,,,
34,12.761674718196458,12.889157273215245,2.509393451422437,18.310520665593128,3.7909286097691894,46.87332259796028,1.4358561460010735,,0.9997316156736447,0.4025764895330113,0.026838432635534086,,,,
35,12.781803542673108,12.86231884057971,2.5161030595813205,18.310520665593128,3.7909286097691894,46.524422973698336,1.7579173376274826,,0.9997316156736447,0.4025764895330113,0.026838432635534086,0.026838432635534086,,,
36,12.372517444981213,12.86231884057971,3.44873859366613,18.80703166935051,1.9592055823939882,47.57783145464305,1.5432098765432098,,0.9997316156736447,0.4025764895330113,0.026838432635534086,,,,
37,6.293612453032743,17.411433172302736,3.321256038647343,22.510735373054214,1.90552871712292,45.65217391304348,1.4895330112721417,,0.9997316156736447,0.38915727321524424,0.026838432635534086,,,,
38,6.300322061191626,17.23027375201288,3.079710144927536,22.282608695652176,2.6838432635534084,45.1154052603328,1.5230810520665594,,1.3419216317767042,0.41599570585077833,0.026838432635534086,,,,
39,6.300322061191626,17.21014492753623,3.113258185721954,22.282608695652176,2.657004830917874,45.06843800322061,1.556629092860977,0.026838432635534086,1.3419216317767042,0.41599570585077833,0.026838432635534086,,,,
40,5.958132045088567,17.163177670424048,3.1535158346752548,19.77992485238862,5.018786902844874,45.36366076221149,1.7579173376274826,0.026838432635534086,1.3352120236178207,0.41599570585077833,0.026838432635534086,,,,
41,5.958132045088567,16.861245303274288,2.945517981749866,14.606816961889425,4.53569511540526,51.46269457863661,1.8250134192163177,,1.3352120236178207,0.4428341384863124,0.026838432635534086,,,,
42,5.958132045088567,16.80756843800322,2.999194847020934,18.337359098228664,4.53569511540526,47.92002147074611,1.6371443907675791,,1.3352120236178207,0.4428341384863124,0.026838432635534086,,,,
43,5.958132045088567,16.78743961352657,3.0193236714975846,18.310520665593128,4.53569511540526,47.92002147074611,1.6371443907675791,,1.3352120236178207,0.46967257112184646,0.026838432635534086,,,,
44,5.998389694041868,16.76731078904992,3.066290928609769,18.283682232957595,4.522275899087493,47.85963499731616,1.6706924315619969,,1.3352120236178207,0.46967257112184646,0.026838432635534086,,,,
45,5.998389694041868,16.75389157273215,3.0730005367686526,18.189747718733226,4.522275899087493,47.745571658615134,1.8250134192163177,,1.3352120236178207,0.5300590445517982,0.026838432635534086,,,,
46,6.011808910359635,16.552603327965645,3.066290928609769,17.881105743424584,4.414922168545357,47.61808910359635,2.120236178207193,,1.778046162104133,0.5300590445517982,0.026838432635534086,,,,
47,6.031937734836285,16.51905528717123,3.079710144927536,17.881105743424584,4.414922168545357,47.59125067096082,2.147074610842727,,1.778046162104133,0.5300590445517982,0.026838432635534086,,,,
48,6.052066559312936,16.505636070853463,2.965646806226516,17.082662372517444,7.722758990874933,45.3166935050993,2.100107353730542,,1.778046162104133,0.47638217928073,,,,,
49,6.052066559312936,16.398282340311326,3.1065485775630703,17.03569511540526,7.722758990874933,45.28314546430489,2.100107353730542,,1.778046162104133,0.5233494363929146,,,,,
50,5.991680085882985,16.371443907675793,3.260869565217391,14.74771873322598,7.253086419753086,48.349436392914654,1.8115942028985508,,1.778046162104133,0.43612453032742887,,,,,
51,5.864197530864198,16.29092860976919,3.3413848631239937,17.498658078368223,7.232957595276436,45.58507783145464,1.7847557702630166,,1.778046162104133,0.6239935587761675,,,,,
52,5.864197530864198,16.284219001610307,3.321256038647343,15.009393451422437,7.232957595276436,48.16156736446592,1.8115942028985508,,1.778046162104133,0.5367686527106817,,,,,
53,5.857487922705314,16.284219001610307,3.046162104133119,11.896135265700483,6.5552871712292005,52.14036500268384,2.059849704777241,,1.778046162104133,0.3824476650563607,,,,,
54,5.884326355340848,16.284219001610307,3.046162104133119,11.869296833064949,6.5552871712292005,52.09339774557166,2.1068169618894257,,1.778046162104133,0.3824476650563607,,,,,
55,5.844068706387547,15.230810520665592,3.066290928609769,10.50053676865271,6.099033816425121,54.79736983360172,1.9994632313472893,,2.15378421900161,0.30864197530864196,,,,,
56,5.857487922705314,15.190552871712292,3.1065485775630703,10.50053676865271,6.099033816425121,54.64975845410628,2.13365539452496,,2.15378421900161,0.30864197530864196,,,,,
57,5.870907139023081,14.841653247450349,3.166935050993022,10.399892646269459,6.092324208266238,54.36124530327429,2.2946859903381642,,2.61003757380569,0.3488996242619431,0.013419216317767043,,,,
58,5.870907139023081,14.828234031132581,3.260869565217391,10.399892646269459,6.092324208266238,53.475577026301664,3.0595813204508855,,2.6502952227589907,0.3488996242619431,0.013419216317767043,,,,
59,5.850778314546431,14.801395598497047,2.5966183574879227,22.537573805689746,5.139559849704777,43.51180891035963,2.898550724637681,,2.2745571658615136,0.3757380568974772,0.013419216317767043,,,,
60,5.850778314546431,14.78797638217928,2.636876006441224,22.537573805689746,5.139559849704777,43.47155126140633,2.9119699409554483,,2.2745571658615136,0.3757380568974772,0.013419216317767043,,,,
61,5.870907139023081,14.78797638217928,2.636876006441224,22.497316156736446,5.119431025228127,43.37090713902308,2.9924852388620504,0.026838432635534086,2.2745571658615136,0.4092860976918948,0.013419216317767043,,,,
62,5.844068706387547,14.163982823403114,2.4154589371980677,32.14573268921095,3.9318303811057436,36.07756307031669,2.7241009125067097,0.040257648953301126,2.2745571658615136,0.36902844873859364,0.013419216317767043,,,,
63,5.844068706387547,14.163982823403114,2.3483628556092326,32.14573268921095,3.9318303811057436,36.07756307031669,2.7241009125067097,0.040257648953301126,2.254428341384863,0.38915727321524424,0.013419216317767043,0.06709608158883522,,,
64,5.850778314546431,14.110305958132045,2.4020397208803006,32.14573268921095,3.9318303811057436,36.07085346215781,2.7241009125067097,0.040257648953301126,2.254428341384863,0.38915727321524424,0.013419216317767043,0.06709608158883522,,,
65,5.441492216854535,14.110305958132045,2.4154589371980677,35.23215244229737,3.9318303811057436,33.662104133118625,2.428878153515835,0.040257648953301126,2.254428341384863,0.41599570585077833,,0.06709608158883522,,,
66,5.213365539452496,14.04320987654321,2.2342995169082127,34.634997316156735,6.769994632313473,31.91760601180891,2.4355877616747184,0.06709608158883522,2.2208803005904456,0.39586688137412773,,0.06709608158883522,,,
67,5.22007514761138,14.029790660225443,2.2611379495437465,34.628287707997856,6.769994632313473,31.91760601180891,2.4355877616747184,0.06709608158883522,2.2074610842726785,0.39586688137412773,,0.06709608158883522,,,
68,5.233494363929147,14.029790660225443,2.1806226516371443,34.49409554482018,8.977455716586151,29.770531400966185,2.462426194310252,0.06709608158883522,2.2074610842726785,0.5099302200751477,,0.06709608158883522,,,
69,5.233494363929147,14.04320987654321,2.1806226516371443,34.447128287708,8.99087493290392,29.676596886741816,2.5496511003757383,0.06709608158883522,2.200751476113795,0.5434782608695652,,0.06709608158883522,,,
70,4.770531400966184,13.868760064412239,1.9726247987117553,34.916800858829845,9.4873859366613,29.622920021470748,2.5563607085346214,0.06709608158883522,2.1604938271604937,0.5099302200751477,,0.06709608158883522,,,
71,4.783950617283951,13.841921631776705,1.9994632313472893,34.86983360171766,9.4873859366613,29.58937198067633,2.589908749329039,0.06709608158883522,2.1604938271604937,0.5434782608695652,,0.06709608158883522,,,
72,4.703435319377348,13.103864734299517,1.9927536231884058,34.6081588835212,10.312667740203972,29.53569511540526,2.6435856146001075,0.06709608158883522,2.1604938271604937,0.8051529790660226,,0.06709608158883522,,,
73,4.703435319377348,12.453032742887816,2.636876006441224,34.594739667203434,10.299248523886206,29.528985507246375,2.6435856146001075,0.0939345142243693,2.1604938271604937,0.8185721953837896,,0.06709608158883522,,,
74,4.7168545356951155,12.318840579710145,2.703972088030059,34.56119162640902,10.299248523886206,28.44873859366613,2.6435856146001075,0.12077294685990338,3.3011272141706924,0.8185721953837896,,0.06709608158883522,,,
75,4.663177670424047,12.218196457326892,2.703972088030059,34.286097691894796,10.299248523886206,28.059581320450885,3.1333870101986045,0.12077294685990338,3.5829307568438002,0.8655394524959742,,0.06709608158883522,,,
76,4.676596886741814,12.218196457326892,2.703972088030059,34.18545356951154,10.299248523886206,28.032742887815353,3.1602254428341383,0.12077294685990338,3.5829307568438002,0.95276435856146,,0.06709608158883522,,,
77,4.676596886741814,12.191358024691358,2.717391304347826,34.15190552871712,10.292538915727322,28.032742887815353,3.180354267310789,0.1274825550187869,3.5829307568438002,0.9796027911969941,,0.06709608158883522,,,
78,4.408212560386473,11.963231347289318,2.7442297369833604,34.15190552871712,10.762211486849168,27.91867954911433,3.2541599570585076,0.15432098765432098,3.5829307568438002,0.9796027911969941,0.013419216317767043,0.06709608158883522,,,
79,4.408212560386473,11.869296833064949,2.918679549114332,25.308641975308642,9.25925925925926,39.29817498658078,2.2745571658615136,0.15432098765432098,3.5829307568438002,0.8252818035426731,0.03354804079441761,0.06709608158883522,,,
80,4.388083735909823,11.849168008588299,2.9924852388620504,25.308641975308642,9.252549651100376,38.94927536231884,2.5966183574879227,0.15432098765432098,3.5829307568438002,0.8252818035426731,0.03354804079441761,0.06709608158883522,,,
81,4.388083735909823,11.83574879227053,2.9924852388620504,25.268384326355342,9.252549651100376,38.70101986044015,2.85829307568438,0.15432098765432098,3.549382716049383,0.8655394524959742,0.06709608158883522,0.06709608158883522,,,
82,4.374664519592056,11.842458400429415,3.0193236714975846,25.187869028448738,9.252549651100376,38.65405260332797,2.85829307568438,0.15432098765432098,3.549382716049383,0.9728931830381106,0.06709608158883522,0.06709608158883522,,,
83,4.28743961352657,11.79549114331723,3.0327428878153517,25.637412775093935,9.23913043478261,38.47289318303811,2.8918411164787976,0.15432098765432098,3.549382716049383,0.8051529790660226,0.06709608158883522,0.06709608158883522,,,
84,4.274020397208803,11.77536231884058,3.079710144927536,25.603864734299517,9.23913043478261,38.33199141170156,3.0327428878153517,0.15432098765432098,3.549382716049383,0.8252818035426731,0.06709608158883522,0.06709608158883522,,,
85,4.26731078904992,11.782071926999464,3.2474503488996245,25.275093934514224,9.23913043478261,38.097155126140635,3.4286097691894795,0.15432098765432098,3.549382716049383,0.8252818035426731,0.06709608158883522,0.06709608158883522,,,
86,4.274020397208803,23.275630703166936,3.2206119162640903,18.988191089640367,8.68894256575416,35.27241009125067,1.8719806763285025,0.1274825550187869,3.4151905528717124,0.7447665056360708,0.05367686527106817,0.06709608158883522,,,
87,4.274020397208803,22.6784755770263,3.1333870101986045,18.867418142780462,8.675523349436393,35.27241009125067,1.892109500805153,0.13419216317767044,4.086151368760064,0.8588298443370908,0.06038647342995169,0.06709608158883522,,,
88,4.260601180891036,22.423510466988727,3.475577026301664,18.867418142780462,8.675523349436393,35.198604401502955,1.892109500805153,0.13419216317767044,4.086151368760064,0.8588298443370908,0.06038647342995169,0.06709608158883522,,,
89,4.180085882984434,22.38996242619431,3.1468062265163717,31.508319914117017,8.729200214707461,22.966988727858293,1.8317230273752012,0.13419216317767044,3.9720880300590444,0.9863123993558777,0.08722490606548577,0.06709608158883522,,,
90,4.180085882984434,22.302737520128826,3.3682232957595275,31.44122383252818,8.702361782071927,22.81266774020397,1.8585614600107354,0.1610305958132045,3.965378421900161,1.0534084809447128,0.08722490606548577,0.06709608158883522,,,
91,4.180085882984434,22.289318303811058,3.643317230273752,31.13929146537842,8.702361782071927,22.81266774020397,1.8585614600107354,0.1610305958132045,3.992216854535695,1.06682769726248,0.08722490606548577,0.06709608158883522,,,
92,4.193505099302201,22.289318303811058,3.6768652710681695,30.891035963499732,8.695652173913043,22.34970477724101,2.3215244229736984,0.13419216317767044,3.992216854535695,1.3016639828234031,0.08722490606548577,0.06709608158883522,,,
93,3.992216854535695,21.71900161030596,3.7037037037037037,32.74288781535159,8.695652173913043,22.000805152979066,2.24771873322598,0.13419216317767044,3.3011272141706924,1.3150831991411702,0.08051529790660225,0.06709608158883522,,,
94,3.965378421900161,21.70558239398819,3.321256038647343,22.25577026301664,8.695652173913043,33.47423510466989,2.2074610842726785,0.13419216317767044,3.3011272141706924,0.7917337627482555,0.08051529790660225,0.06709608158883522,,,
95,3.9586688137412773,21.651905528717123,3.374932903918411,21.973966720343533,8.695652173913043,33.373590982286636,2.341653247450349,0.13419216317767044,3.3011272141706924,1.0466988727858293,0.08051529790660225,0.06709608158883522,,,
96,3.978797638217928,21.638486312399355,3.3682232957595275,21.947128287707997,8.695652173913043,33.3064949006978,2.408749329039184,0.13419216317767044,3.3011272141706924,1.0735373054213635,0.08051529790660225,0.06709608158883522,,,
97,3.978797638217928,21.604938271604937,3.4017713365539453,21.947128287707997,8.695652173913043,33.3064949006978,2.408749329039184,0.13419216317767044,3.3011272141706924,1.0735373054213635,0.08051529790660225,0.06709608158883522,,,
98,3.965378421900161,21.598228663446054,3.421900161030596,21.920289855072465,8.695652173913043,33.23268921095008,2.49597423510467,0.13419216317767044,3.3011272141706924,1.0869565217391304,0.08051529790660225,0.06709608158883522,,,
99,3.9586688137412773,21.584809447128286,3.435319377348363,21.866612989801396,8.709071390230811,30.20665593129361,2.576489533011272,0.13419216317767044,6.226516371443908,1.1540526033279657,0.08051529790660225,0.06709608158883522,,,
100,3.9586688137412773,21.477455716586153,3.5426731078904994,21.866612989801396,8.695652173913043,30.17981749865808,2.589908749329039,0.13419216317767044,6.253354804079442,1.1540526033279657,0.08051529790660225,0.06709608158883522,,,
101,3.9586688137412773,21.141975308641975,3.4957058507783145,21.772678475577028,8.675523349436393,30.173107890499196,2.589908749329039,0.13419216317767044,6.756575415995706,1.1540526033279657,0.08051529790660225,0.06709608158883522,,,
102,3.9184111647879765,21.155394524959743,3.180354267310789,22.32957595276436,8.427267847557703,29.998658078368223,2.636876006441224,0.08051529790660225,6.736446591519055,1.4224369296833066,0.08051529790660225,0.03354804079441761,,,
103,3.9049919484702094,21.095008051529792,3.0864197530864197,20.075147611379496,11.41304347826087,29.488727858293075,2.7106816961889426,0.08051529790660225,6.736446591519055,1.328502415458937,0.08051529790660225,,,,
104,3.878153515834675,21.088298443370906,3.113258185721954,20.075147611379496,11.41304347826087,29.381374127750938,2.818035426731079,0.08051529790660225,6.696188942565755,1.328502415458937,0.12077294685990338,,0.0067096081588835215,,
105,3.878153515834675,21.061460010735374,3.140096618357488,19.97450348899624,11.560654857756306,29.320987654320987,2.9253891572732154,0.08051529790660225,6.696188942565755,1.2345679012345678,0.12077294685990338,,0.0067096081588835215,,
106,3.864734299516908,21.061460010735374,3.1468062265163717,19.94766505636071,11.480139559849706,28.5829307568438,3.6097691894793345,0.17444981213097155,6.696188942565755,1.2815351583467525,0.12077294685990338,,0.03354804079441761,,
107,3.864734299516908,21.061460010735374,3.166935050993022,19.94766505636071,11.480139559849706,28.56280193236715,3.6097691894793345,0.17444981213097155,6.696188942565755,1.2815351583467525,0.12077294685990338,,0.03354804079441761,,
108,3.878153515834675,21.034621578099838,3.180354267310789,19.94766505636071,11.480139559849706,28.502415458937197,3.6097691894793345,0.17444981213097155,6.66935050993022,1.3687600644122384,0.12077294685990338,,0.03354804079441761,,
109,3.8580246913580245,20.967525496511005,3.5225442834138487,19.887278582930758,11.480139559849706,28.227321524422972,3.750670960815888,0.17444981213097155,6.561996779388084,1.3888888888888888,0.13419216317767044,,0.04696725711218465,,
110,3.8580246913580245,20.967525496511005,3.5225442834138487,19.85373054213634,11.466720343531938,28.14680622651637,3.8177670424047236,0.17444981213097155,6.561996779388084,1.4492753623188406,0.13419216317767044,,0.04696725711218465,,
111,3.8580246913580245,20.933977455716587,3.589640365002684,19.826892109500804,11.466720343531938,28.046162104133117,3.8848631239935587,0.17444981213097155,6.561996779388084,1.4761137949543746,0.13419216317767044,,0.04696725711218465,,
112,3.8580246913580245,20.77294685990338,4.26731078904992,19.585346215780998,11.419753086419753,27.791196994095547,3.878153515834675,0.20799785292538917,6.561996779388084,1.4761137949543746,0.13419216317767044,,0.04696725711218465,,
113,3.8580246913580245,20.77294685990338,4.374664519592056,19.585346215780998,11.406333870101985,27.74422973698336,3.9184111647879765,0.14090177133655393,6.541867954911433,1.4761137949543746,0.13419216317767044,,0.04696725711218465,,
114,3.878153515834675,20.7662372517445,4.4820182501341925,19.57192699946323,11.406333870101985,27.623456790123456,3.9318303811057436,0.14090177133655393,6.541867954911433,1.4761137949543746,0.13419216317767044,,0.04696725711218465,,
115,3.878153515834675,20.725979602791195,4.549114331723027,19.585346215780998,11.064143853998926,27.415458937198068,4.019055287171229,0.5636070853462157,6.561996779388084,1.4559849704777241,0.13419216317767044,,0.04696725711218465,,
116,3.8378958668813743,20.759527643585614,4.562533548040794,19.578636607622116,11.057434245840042,27.408749329039185,4.019055287171229,0.5770263016639828,6.561996779388084,1.4559849704777241,0.13419216317767044,,0.04696725711218465,,
117,3.8378958668813743,20.739398819108963,4.582662372517445,19.565217391304348,11.057434245840042,27.408749329039185,4.019055287171229,0.5770263016639828,6.561996779388084,1.4694041867954912,0.13419216317767044,,0.04696725711218465,,
118,3.8378958668813743,20.517981749865807,4.804079441760601,18.57890499194847,12.238325281803542,27.194041867954912,4.066022544283414,0.5770263016639828,6.561996779388084,1.442565754159957,0.13419216317767044,,0.04696725711218465,,
119,3.8714439076757916,13.801663982823403,4.51556629092861,18.169618894256576,20.44417606011809,26.496242619431026,3.92512077294686,0.6172839506172839,6.541867954911433,1.4358561460010735,0.13419216317767044,,0.04696725711218465,,
120,3.8848631239935587,13.801663982823403,4.4820182501341925,18.149490069779926,20.44417606011809,26.422436929683307,3.9855072463768115,0.6239935587761675,6.541867954911433,1.4492753623188406,0.13419216317767044,,0.08051529790660225,,
121,3.898282340311326,13.801663982823403,4.4820182501341925,18.12265163714439,20.377079978529252,26.382179280730007,4.012345679012346,0.6910896403650026,6.541867954911433,1.4761137949543746,0.13419216317767044,,0.08051529790660225,,
122,3.898282340311326,13.801663982823403,4.4820182501341925,18.109232420826622,20.35024154589372,26.341921631776703,4.03918411164788,0.7179280730005367,6.561996779388084,1.482823403113258,0.13419216317767044,,0.08051529790660225,,
123,3.9184111647879765,13.714439076757918,4.4820182501341925,16.14331723027375,20.128824476650564,29.240472356414386,4.012345679012346,0.6642512077294686,6.199677938808374,1.2815351583467525,0.13419216317767044,,0.08051529790660225,,
124,3.898282340311326,13.707729468599034,4.49543746645196,16.14331723027375,20.128824476650564,29.200214707461082,4.032474503488996,0.6642512077294686,6.233225979602791,1.2815351583467525,0.13419216317767044,,0.08051529790660225,,
125,3.898282340311326,13.694310252281268,4.49543746645196,16.06280193236715,20.095276435856146,29.186795491143318,4.066022544283414,0.6910896403650026,6.233225979602791,1.3620504562533549,0.13419216317767044,,0.08051529790660225,,
126,3.898282340311326,13.399087493290391,4.4820182501341925,16.002415458937197,20.021470746108427,29.186795491143318,4.066022544283414,0.6910896403650026,6.6760601180891035,1.3620504562533549,0.13419216317767044,,0.08051529790660225,,
127,3.898282340311326,13.378958668813741,4.49543746645196,15.613258185721953,20.00805152979066,29.17337627482555,4.294149221685454,0.6910896403650026,6.870638754696726,1.3620504562533549,0.13419216317767044,,0.08051529790660225,,
128,3.8580246913580245,13.378958668813741,4.394793344068707,15.405260332796564,23.93317230273752,26.556629092860977,3.6097691894793345,0.6843800322061192,6.696188942565755,1.288244766505636,0.14090177133655393,,0.05367686527106817,,
129,3.8378958668813743,13.378958668813741,4.3545356951154055,15.405260332796564,23.960010735373054,26.516371443907676,3.6366076221148687,0.7783145464304885,6.622383252818035,1.288244766505636,0.14090177133655393,,0.08051529790660225,,
130,3.864734299516908,13.378958668813741,4.891304347826087,14.814814814814815,23.93317230273752,26.496242619431026,3.656736446591519,0.7716049382716049,6.649221685453569,1.3150831991411702,0.14090177133655393,,0.08722490606548577,,
131,3.8714439076757916,13.378958668813741,4.891304347826087,14.814814814814815,23.93317230273752,26.48953301127214,3.656736446591519,0.7716049382716049,6.649221685453569,1.3150831991411702,0.14090177133655393,,0.08722490606548577,,
132,3.7573805689747717,13.22463768115942,4.797369833601718,15.76086956521739,23.772141706924316,26.147342995169083,3.455448201825013,0.9125067096081588,6.649221685453569,1.2949543746645196,0.14090177133655393,,0.08722490606548577,,
133,3.7573805689747717,13.22463768115942,4.797369833601718,15.74074074074074,23.752012882447666,26.120504562533547,3.502415458937198,0.9125067096081588,6.649221685453569,1.3150831991411702,0.14090177133655393,,0.08722490606548577,,
134,3.1602254428341383,12.828770799785293,4.643048845947397,12.573805689747719,23.62453032742888,33.782877079978526,2.8650026838432634,0.9393451422436929,4.240472356414386,1.1674718196457328,0.08722490606548577,,0.08722490606548577,,
135,3.1535158346752548,12.815351583467525,4.676596886741814,12.204777241009126,23.59098228663446,31.28690284487386,2.7844873859366612,0.9728931830381106,7.098765432098766,1.2412775093934514,0.08722490606548577,,0.08722490606548577,,
136,3.166935050993022,12.815351583467525,4.663177670424047,12.204777241009126,23.53059581320451,31.260064412238325,2.8113258185721954,1.0198604401502953,7.098765432098766,1.2412775093934514,0.08722490606548577,0.013419216317767043,0.08722490606548577,,
137,3.0864197530864197,11.996779388083736,4.260601180891036,11.352657004830919,22.269189479334408,35.668276972624795,2.7308105206655933,0.966183574879227,6.3070316693505095,1.1808910359634996,0.08722490606548577,0.013419216317767043,0.08051529790660225,,
138,3.0864197530864197,11.996779388083736,4.300858829844337,11.352657004830919,22.228931830381107,35.527375201288244,2.831454643048846,1.0064412238325282,6.273483628556092,1.1808910359634996,0.12077294685990338,0.013419216317767043,0.08051529790660225,,
139,3.0193236714975846,12.057165861513688,4.314278046162104,11.345947396672035,22.19538378958669,35.527375201288244,2.831454643048846,1.0399892646269457,6.273483628556092,1.1808910359634996,0.12077294685990338,0.013419216317767043,0.08051529790660225,,
140,3.0193236714975846,12.057165861513688,4.8376274825550185,11.345947396672035,22.15512614063339,35.037573805689746,2.791196994095545,1.0802469135802468,6.280193236714976,1.1808910359634996,0.12077294685990338,0.013419216317767043,0.08051529790660225,,
141,3.0193236714975846,12.057165861513688,4.851046698872786,11.312399355877616,22.15512614063339,34.997316156736446,2.818035426731079,1.0802469135802468,6.280193236714976,1.2144390767579174,0.12077294685990338,0.013419216317767043,0.08051529790660225,,
142,3.0193236714975846,12.057165861513688,4.851046698872786,10.990338164251208,22.148416532474503,34.997316156736446,2.818035426731079,1.0869565217391304,6.280193236714976,1.5365002683843263,0.12077294685990338,0.013419216317767043,0.08051529790660225,,
143,3.026033279656468,11.540526033279656,4.64975845410628,12.573805689747719,21.920289855072465,34.66183574879227,2.831454643048846,0.7917337627482555,6.273483628556092,1.5230810520665594,0.13419216317767044,,0.07380568974771873,,
144,2.999194847020934,11.446591519055287,4.9718196457326895,12.493290391841116,21.85319377348363,34.39345142243693,2.9119699409554483,0.8118625872249061,6.206387546967257,1.6371443907675791,0.20128824476650564,,0.07380568974771873,,
145,2.999194847020934,11.453301127214171,4.978529253891573,12.493290391841116,21.83977455716586,34.333064949006975,2.9723564143853998,0.8252818035426731,6.172839506172839,1.6371443907675791,0.2214170692431562,,0.07380568974771873,,
146,2.999194847020934,11.453301127214171,4.978529253891573,12.439613526570048,21.77938808373591,34.333064949006975,2.9723564143853998,0.9192163177670424,6.172839506172839,1.6572732152442298,0.2214170692431562,,0.07380568974771873,,
147,2.965646806226516,11.41304347826087,4.978529253891573,12.432903918411165,21.71900161030596,34.13848631239936,3.166935050993022,0.9796027911969941,6.253354804079442,1.6572732152442298,0.2214170692431562,,0.07380568974771873,,
148,2.9790660225442833,11.406333870101985,4.978529253891573,12.432903918411165,21.70558239398819,34.13848631239936,3.1602254428341383,0.9930220075147611,6.253354804079442,1.6572732152442298,0.2214170692431562,,0.07380568974771873,,
149,3.0059044551798175,11.406333870101985,4.938271604938271,12.419484702093397,21.651905528717123,34.12506709608159,3.1602254428341383,1.0466988727858293,6.280193236714976,1.6706924315619969,0.2214170692431562,,0.07380568974771873,,
150,3.026033279656468,11.11111111111111,6.66935050993022,12.392646269457863,20.249597423510465,34.09822866344606,3.294417606011809,0.9259259259259259,6.286902844873859,1.6505636070853462,0.2214170692431562,,0.07380568974771873,,
151,2.985775630703167,11.017176596886742,6.622383252818035,12.31213097155126,20.1959205582394,34.21900161030596,3.361513687600644,1.093666129898014,6.246645195920558,1.6371443907675791,0.23483628556092323,,0.07380568974771873,,
152,2.985775630703167,11.017176596886742,6.622383252818035,12.305421363392378,20.175791733762747,34.21900161030596,3.361513687600644,1.1205045625335481,6.246645195920558,1.6371443907675791,0.23483628556092323,,0.07380568974771873,,
153,2.985775630703167,10.990338164251208,6.649221685453569,12.298711755233494,20.135534084809446,34.19216317767042,3.3950617283950617,1.1607622114868492,6.246645195920558,1.6371443907675791,0.23483628556092323,,0.07380568974771873,,
154,2.985775630703167,10.95679012345679,6.6827697262479875,12.298711755233494,20.135534084809446,34.15861513687601,3.4151905528717124,1.1607622114868492,6.246645195920558,1.6371443907675791,0.23483628556092323,0.013419216317767043,0.07380568974771873,,
155,2.9924852388620504,10.95679012345679,6.696188942565755,12.29200214707461,20.068438003220614,34.044551798174986,3.5225442834138487,1.1741814278046163,6.246645195920558,1.6639828234031133,0.23483628556092323,0.03354804079441761,0.07380568974771873,,
156,2.9924852388620504,10.95679012345679,6.696188942565755,12.224906065485776,20.061728395061728,33.984165324745035,3.5829307568438002,1.1808910359634996,6.246645195920558,1.7310789049919484,0.23483628556092323,0.03354804079441761,0.07380568974771873,,
157,2.945517981749866,10.916532474503489,6.769994632313473,10.111379495437467,23.11460010735373,33.42055823939882,3.455448201825013,1.1943102522812667,6.246645195920558,1.482823403113258,0.23483628556092323,0.03354804079441761,0.07380568974771873,,
158,2.952227589908749,10.916532474503489,6.769994632313473,10.111379495437467,23.10789049919485,33.41384863123994,3.455448201825013,1.2010198604401503,6.246645195920558,1.482823403113258,0.23483628556092323,0.03354804079441761,0.07380568974771873,,
159,2.9723564143853998,10.916532474503489,6.763285024154589,10.111379495437467,23.027375201288244,32.99785292538916,3.8580246913580245,1.2748255501878691,6.246645195920558,1.482823403113258,0.23483628556092323,0.03354804079441761,0.08051529790660225,,
160,2.9723564143853998,10.909822866344605,6.749865807836822,10.111379495437467,22.98040794417606,32.99785292538916,3.8378958668813743,1.3217928073000538,6.253354804079442,1.482823403113258,0.24825550187869028,0.03354804079441761,0.10064412238325282,,
161,2.9723564143853998,10.909822866344605,6.749865807836822,10.111379495437467,22.98040794417606,32.91733762748255,3.9184111647879765,1.3217928073000538,6.253354804079442,1.482823403113258,0.24825550187869028,0.03354804079441761,0.10064412238325282,,
162,2.9723564143853998,10.909822866344605,6.756575415995706,10.111379495437467,22.993827160493826,32.890499194847024,3.965378421900161,1.3016639828234031,6.219806763285024,1.482823403113258,0.24825550187869028,0.03354804079441761,0.11406333870101985,,
163,2.898550724637681,10.68840579710145,6.743156199677939,12.942834138486312,21.276167471819647,32.35373054213634,3.898282340311326,1.221148684916801,6.045356951154052,1.4962426194310252,0.2885131508319914,0.03354804079441761,0.11406333870101985,,
164,2.885131508319914,10.607890499194847,7.5348899624261945,12.962962962962964,21.24261943102523,31.723027375201287,3.938539989264627,1.1943102522812667,5.991680085882985,1.4895330112721417,0.28180354267310787,0.03354804079441761,0.11406333870101985,,
165,2.898550724637681,10.587761674718196,7.555018786902845,12.949543746645196,21.24261943102523,31.676060118089104,3.978797638217928,1.1943102522812667,5.984970477724101,1.5029522275899088,0.28180354267310787,0.03354804079441761,0.11406333870101985,,
166,2.898550724637681,10.587761674718196,7.555018786902845,12.909286097691895,21.22920021470746,31.61567364465915,4.03918411164788,1.2077294685990339,5.984970477724101,1.5432098765432098,0.28180354267310787,0.03354804079441761,0.11406333870101985,,
167,2.9052603327965647,10.567632850241546,7.588566827697263,12.895866881374127,21.20907139023081,31.21309715512614,4.448470209339774,1.2278582930756843,5.971551261406334,1.5432098765432098,0.28180354267310787,0.03354804079441761,0.11406333870101985,,
168,2.9052603327965647,10.520665593129362,7.635534084809447,12.895866881374127,21.18894256575416,31.179549114331724,4.4820182501341925,1.247987117552335,5.971551261406334,1.5432098765432098,0.28180354267310787,0.03354804079441761,0.11406333870101985,,
169,2.9052603327965647,10.520665593129362,7.669082125603865,12.895866881374127,21.155394524959743,31.11916264090177,4.542404723564144,1.247987117552335,5.971551261406334,1.5432098765432098,0.28180354267310787,0.03354804079441761,0.11406333870101985,,
170,2.9052603327965647,10.507246376811594,7.669082125603865,12.895866881374127,21.16881374127751,31.0654857756307,4.5960815888352125,1.247987117552335,5.971551261406334,1.5432098765432098,0.28180354267310787,0.03354804079441761,0.11406333870101985,,
171,2.9119699409554483,10.507246376811594,7.75630703166935,12.895866881374127,21.16881374127751,31.01851851851852,4.549114331723027,1.247987117552335,5.964841653247451,1.5432098765432098,0.2885131508319914,0.03354804079441761,0.11406333870101985,,
172,2.9119699409554483,10.493827160493828,7.769726247987117,12.869028448738593,21.16881374127751,30.96484165324745,4.602791196994096,1.247987117552335,5.964841653247451,1.570048309178744,0.2885131508319914,0.03354804079441761,0.11406333870101985,,
173,2.9388083735909825,10.433440687063875,7.776435856146001,12.721417069243156,21.155394524959743,30.723295759527645,4.871175523349437,1.261406333870102,6.105743424584004,1.5767579173376274,0.2885131508319914,0.03354804079441761,0.11406333870101985,,
174,2.965646806226516,10.413311862587225,7.9106280193236715,12.70799785292539,21.095008051529792,30.535426731078903,4.944981213097155,1.3083735909822867,6.105743424584004,1.5767579173376274,0.2885131508319914,0.03354804079441761,0.11406333870101985,,
175,2.965646806226516,10.413311862587225,7.9039184111647875,12.72812667740204,21.095008051529792,30.50858829844337,4.958400429414922,1.2949543746645196,6.099033816425121,1.5767579173376274,0.2885131508319914,0.03354804079441761,0.13419216317767044,,
176,2.9589371980676327,10.406602254428341,7.890499194847021,12.674449812130971,21.121846484165324,29.898013955984972,4.736983360171766,1.3083735909822867,6.91760601180891,1.6304347826086956,0.2885131508319914,0.03354804079441761,0.13419216317767044,,
177,2.9790660225442833,10.38647342995169,7.890499194847021,12.674449812130971,21.121846484165324,29.898013955984972,4.736983360171766,1.3083735909822867,6.91760601180891,1.6304347826086956,0.2885131508319914,0.03354804079441761,0.13419216317767044,,
178,2.952227589908749,9.473966720343531,7.39398819108964,12.674449812130971,22.69860440150295,29.817498658078367,4.783950617283951,1.328502415458937,6.843800322061192,1.583467525496511,0.2885131508319914,0.03354804079441761,0.1274825550187869,,
179,2.945517981749866,9.46725711218465,7.212828770799785,12.788513150831992,23.939881910896403,29.300858829844337,4.488727858293076,1.3419216317767042,6.4345142243692965,1.6237251744498122,0.2885131508319914,0.03354804079441761,0.13419216317767044,,
180,2.945517981749866,9.353193773483628,7.125603864734299,12.513419216317766,24.261943102522814,29.280730005367687,4.730273752012883,1.3419216317767042,6.380837359098229,1.556629092860977,0.32877079978529256,0.04696725711218465,0.13419216317767044,,
181,2.844873859366613,9.312936124530328,7.125603864734299,13.56682769726248,23.792270531400966,29.11969940955448,4.891304347826087,1.2681159420289856,5.991680085882985,1.5901771336553945,0.3153515834675255,0.04696725711218465,0.13419216317767044,,
182,2.85829307568438,9.312936124530328,7.185990338164252,13.56682769726248,23.765432098765434,28.911701556629094,4.9718196457326895,1.3486312399355878,5.9514224369296835,1.5901771336553945,0.35560923242082665,0.04696725711218465,0.13419216317767044,,
183,2.85829307568438,9.312936124530328,7.199409554482019,13.539989264626946,23.63123993558776,28.904991948470208,5.092592592592593,1.3486312399355878,5.9514224369296835,1.6237251744498122,0.35560923242082665,0.04696725711218465,0.13419216317767044,,
184,2.85829307568438,9.312936124530328,7.185990338164252,13.539989264626946,23.51046698872786,28.904991948470208,5.092592592592593,1.4694041867954912,5.9514224369296835,1.6237251744498122,0.36902844873859364,0.04696725711218465,0.13419216317767044,,
