,45,50,52,53,55,59,54,57,51,60,56,58
0,100.0,,,,,,,,,,,
1,96.76596886741814,3.2340311325818574,,,,,,,,,,
2,96.4573268921095,3.5426731078904994,,,,,,,,,,
3,96.4573268921095,3.5426731078904994,,,,,,,,,,
4,96.4573268921095,3.5426731078904994,,,,,,,,,,
5,96.14197530864197,3.8580246913580245,,,,,,,,,,
6,95.4844337090714,4.51556629092861,,,,,,,,,,
7,87.01690821256038,12.983091787439614,,,,,,,,,,
8,81.9243156199678,18.075684380032207,,,,,,,,,,
9,50.899087493290395,33.64868491680086,1.8786902844873858,3.388352120236178,10.185185185185185,,,,,,,
10,50.899087493290395,33.73590982286635,1.8786902844873858,3.388352120236178,10.0979602791197,,,,,,,
11,47.30273752012882,29.025764895330113,1.8786902844873858,12.875738056897477,8.917069243156199,,,,,,,
12,43.82045088566828,32.52147074610843,1.8786902844873858,12.86231884057971,8.917069243156199,,,,,,,
13,43.76677402039721,32.48792270531401,1.8786902844873858,12.86231884057971,8.682232957595277,0.322061191626409,,,,,,
14,36.594202898550726,39.99597423510467,1.5767579173376274,12.828770799785293,8.682232957595277,0.322061191626409,,,,,,
15,32.018250134192165,42.028985507246375,4.253891572732153,12.761674718196458,8.655394524959743,0.28180354267310787,,,,,,
16,32.15915190552872,41.91492216854536,4.253891572732153,12.761674718196458,8.628556092324208,0.28180354267310787,,,,,,
17,32.32018250134192,41.2842190016103,4.253891572732153,12.734836285560924,8.467525496511003,0.28180354267310787,0.6575415995705851,,,,,
18,32.447665056360705,41.156736446591516,4.253891572732153,12.587224906065487,8.467525496511003,0.28180354267310787,0.6575415995705851,0.14761137949543746,,,,
19,32.608695652173914,40.76757917337628,4.253891572732153,12.587224906065487,8.695652173913043,0.28180354267310787,0.6575415995705851,0.14761137949543746,,,,
20,32.326892109500804,41.196994095544824,4.253891572732153,12.473161567364466,8.662104133118627,0.28180354267310787,0.6575415995705851,0.14761137949543746,,,,
21,32.58185721953838,41.116478797638216,4.133118625872249,12.453032742887816,8.662104133118627,0.28180354267310787,0.6239935587761675,0.14761137949543746,,,,
22,32.809983896940416,40.4320987654321,4.092860976918948,12.419484702093397,8.246108427267847,0.28180354267310787,0.5971551261406334,1.1205045625335481,,,,
23,31.830381105743424,41.639828234031135,4.092860976918948,12.406065485775631,8.031400966183575,0.28180354267310787,0.5971551261406334,1.1205045625335481,,,,
24,32.045088566827694,40.39855072463768,4.092860976918948,12.406065485775631,6.837090713902308,0.28180354267310787,2.818035426731079,1.1205045625335481,,,,
25,28.77079978529254,31.132581857219538,8.61513687600644,8.11862587224906,2.9723564143853998,0.28180354267310787,1.1272141706924315,0.9057971014492754,18.075684380032207,,,
26,28.388352120236178,21.953837895866883,20.175791733762747,8.09849704777241,2.9253891572732154,0.27509393451422437,1.1272141706924315,0.9057971014492754,16.150026838432634,,,
27,28.415190552871714,21.77938808373591,19.90740740740741,8.28636607622115,2.9253891572732154,0.27509393451422437,1.1272141706924315,1.1674718196457328,16.11647879763822,,,
28,28.63660762211487,21.70558239398819,19.80005367686527,8.259527643585615,2.9253891572732154,0.27509393451422437,1.1272141706924315,1.1674718196457328,16.10305958132045,,,
29,28.61647879763822,21.517713365539453,19.618894256575416,8.259527643585615,2.9253891572732154,0.27509393451422437,1.1272141706924315,1.1674718196457328,16.492216854535695,,,
30,28.482286634460547,19.95437466451959,19.605475040257648,8.259527643585615,2.9119699409554483,0.2616747181964573,1.1272141706924315,1.1674718196457328,18.230005367686527,,,
31,27.522812667740205,20.679012345679013,19.47799248523886,8.13875469672571,3.4420289855072466,0.2616747181964573,1.1272141706924315,1.1674718196457328,18.129361245303276,0.05367686527106817,,
32,27.616747181964573,19.73966720343532,20.068438003220614,8.11862587224906,3.750670960815888,0.2616747181964573,1.1272141706924315,1.1674718196457328,18.095813204508858,0.05367686527106817,,
33,24.342458400429415,22.463768115942027,19.97450348899624,5.5756843800322065,3.7238325281803544,0.2616747181964573,1.0735373054213635,1.0601180891035964,21.470746108427267,0.05367686527106817,,
34,24.40955448201825,22.18196457326892,19.887278582930758,5.401234567901234,3.7238325281803544,0.2616747181964573,1.42914653784219,1.0601180891035964,21.336553945249598,0.05367686527106817,0.2549651100375738,
35,24.59742351046699,22.16183574879227,19.826892109500804,5.374396135265701,3.4621578099838968,0.5032206119162641,1.42914653784219,1.0601180891035964,21.276167471819647,0.05367686527106817,0.2549651100375738,
36,24.691358024691358,22.10144927536232,19.826892109500804,5.374396135265701,3.4621578099838968,0.5032206119162641,1.42914653784219,1.0601180891035964,21.24261943102523,0.05367686527106817,0.2549651100375738,
37,24.966451959205582,21.960547504025765,19.79334406870639,5.374396135265701,3.4621578099838968,0.5032206119162641,1.42914653784219,1.0601180891035964,21.141975308641975,0.05367686527106817,0.2549651100375738,
38,22.054482018250134,28.16022544283414,16.847826086956523,5.374396135265701,3.455448201825013,0.48980139559849706,1.42914653784219,1.0601180891035964,20.819914117015568,0.05367686527106817,0.2549651100375738,
39,21.068169618894256,25.194578636607623,16.57944176060118,9.782608695652174,3.7640901771336552,0.48980139559849706,0.798443370907139,1.1943102522812667,20.819914117015568,0.05367686527106817,0.2549651100375738,
40,20.665593129361245,24.664519592055825,16.485507246376812,9.782608695652174,3.3816425120772946,0.32877079978529256,0.798443370907139,1.7713365539452497,21.812936124530328,0.05367686527106817,0.2549651100375738,
41,20.497852925389157,24.013687600644122,18.06897477187332,9.782608695652174,3.3816425120772946,0.32877079978529256,0.798443370907139,1.751207729468599,21.068169618894256,0.05367686527106817,0.2549651100375738,
42,20.665593129361245,23.993558776167472,17.68652710681696,9.614868491680086,3.898282340311326,0.32877079978529256,0.798443370907139,1.751207729468599,20.98094471282877,0.05367686527106817,0.2281266774020397,
43,20.779656468062264,23.752012882447666,17.64626945786366,9.614868491680086,4.139828234031133,0.32877079978529256,0.798443370907139,1.751207729468599,20.90713902308105,0.05367686527106817,0.2281266774020397,
44,21.26945786366076,23.60440150295223,17.042404723564143,10.86285560923242,3.44873859366613,0.32877079978529256,0.798443370907139,1.7310789049919484,20.685721953837895,,0.2281266774020397,
45,21.470746108427267,23.557434245840042,17.042404723564143,10.742082662372518,3.44873859366613,0.32877079978529256,0.798443370907139,1.7310789049919484,20.652173913043477,,0.2281266774020397,
46,19.41760601180891,30.857487922705314,13.895598497047773,10.648148148148149,3.44873859366613,0.32877079978529256,0.798443370907139,1.7310789049919484,18.646001073537306,,0.2281266774020397,
47,19.061996779388085,28.361513687600645,6.6827697262479875,10.581052066559312,3.44873859366613,0.32877079978529256,1.093666129898014,1.7310789049919484,28.482286634460547,,0.2281266774020397,
48,17.773752012882447,25.999731615673646,6.642512077294686,18.572195383789587,3.44873859366613,0.32877079978529256,1.093666129898014,1.7310789049919484,24.18142780461621,,0.2281266774020397,
49,18.337359098228664,25.577026301663984,6.642512077294686,18.471551261406333,3.4420289855072466,0.32877079978529256,1.093666129898014,1.724369296833065,24.154589371980677,,0.2281266774020397,
50,17.827428878153516,25.06038647342995,10.091250670960816,16.378153515834676,3.2541599570585076,0.32877079978529256,0.9997316156736447,1.724369296833065,24.10762211486849,,0.2281266774020397,
51,17.941492216854535,23.19511540526033,13.976113794954374,14.392109500805153,3.2474503488996245,0.32877079978529256,0.9997316156736447,1.724369296833065,23.96672034353194,,0.2281266774020397,
52,17.156468062265162,19.85373054213634,12.097423510466989,24.832259796027913,2.8247450348899625,0.32877079978529256,0.9997316156736447,1.6438539989264627,20.034889962426195,,0.2281266774020397,
53,17.324208266237253,19.80005367686527,12.057165861513688,24.90606548577563,2.8247450348899625,0.32877079978529256,0.9997316156736447,1.6438539989264627,19.887278582930758,,0.2281266774020397,
54,17.458400429414922,19.632313472893184,11.862587224906065,24.838969404186795,3.180354267310789,0.32877079978529256,0.9997316156736447,1.6237251744498122,19.847020933977454,,0.2281266774020397,
55,17.793880837359097,19.592055823939884,11.768652710681696,24.651100375738057,3.1736446591519054,0.32877079978529256,0.9997316156736447,1.6237251744498122,19.840311325818572,,0.2281266774020397,
56,17.907944176060116,19.578636607622116,11.721685453569512,24.61755233494364,3.1736446591519054,0.32877079978529256,0.9997316156736447,1.6237251744498122,19.82018250134192,,0.2281266774020397,
57,18.00187869028449,19.03515834675255,11.674718196457327,24.711486849168008,3.455448201825013,0.32877079978529256,0.9863123993558777,1.6237251744498122,19.80005367686527,,0.2281266774020397,0.15432098765432098
58,18.035426731078903,18.753354804079443,10.976918947933441,25.83870101986044,3.455448201825013,0.32877079978529256,0.8722490606548577,1.6237251744498122,19.860440150295222,,0.2281266774020397,0.026838432635534086
59,17.652979066022546,18.907675791733762,10.889694041867955,25.865539452495973,3.44873859366613,0.32877079978529256,1.0802469135802468,1.402308105206656,20.169082125603865,,0.2281266774020397,0.026838432635534086
60,17.67981749865808,18.907675791733762,10.869565217391305,25.85882984433709,3.44873859366613,0.32877079978529256,1.0802469135802468,1.402308105206656,20.169082125603865,,0.2281266774020397,0.026838432635534086
61,17.827428878153516,18.84728931830381,10.84272678475577,25.81857219538379,3.44873859366613,0.32877079978529256,1.0802469135802468,1.402308105206656,19.900697799248523,,0.47638217928073,0.026838432635534086
62,17.907944176060116,18.357487922705314,10.809178743961352,25.711218464841654,3.435319377348363,0.32877079978529256,1.0802469135802468,1.402308105206656,20.46430488459474,,0.47638217928073,0.026838432635534086
63,18.075684380032207,18.323939881910896,10.809178743961352,25.617283950617285,3.435319377348363,0.32877079978529256,1.0802469135802468,1.402308105206656,20.42404723564144,,0.47638217928073,0.026838432635534086
64,18.263553408480945,17.746913580246915,10.782340311325818,26.214439076757916,3.435319377348363,0.32877079978529256,1.0802469135802468,1.402308105206656,19.994632313472895,,0.7246376811594203,0.026838432635534086
65,18.230005367686527,17.733494363929147,14.103596349973161,23.201825013419217,3.435319377348363,0.32877079978529256,1.0802469135802468,1.402308105206656,19.732957595276435,,0.7246376811594203,0.026838432635534086
66,18.23671497584541,17.901234567901234,14.083467525496511,22.611379495437465,3.911701556629093,0.32877079978529256,1.0802469135802468,1.402308105206656,19.692699946323135,,0.7246376811594203,0.026838432635534086
67,18.276972624798713,17.887815351583466,14.036500268384327,25.167740203972087,3.9049919484702094,0.32877079978529256,1.221148684916801,1.402308105206656,17.14975845410628,,0.5971551261406334,0.026838432635534086
68,18.256843800322063,17.793880837359097,13.962694578636608,25.107353730542137,3.9049919484702094,0.32877079978529256,1.221148684916801,1.402308105206656,17.12962962962963,,0.8655394524959742,0.026838432635534086
69,18.438003220611915,17.70665593129361,13.94927536231884,25.05367686527107,3.9049919484702094,0.32877079978529256,1.221148684916801,1.402308105206656,17.102791196994094,,0.8655394524959742,0.026838432635534086
70,18.99490069779925,17.58588298443371,13.633923778851315,24.993290391841118,3.8915727321524423,0.32877079978529256,1.221148684916801,1.402308105206656,17.05582393988191,,0.8655394524959742,0.026838432635534086
71,19.135802469135804,17.56575415995706,13.627214170692431,24.92619431025228,3.8915727321524423,0.32877079978529256,1.1808910359634996,1.402308105206656,17.04911433172303,,0.8655394524959742,0.026838432635534086
72,16.67337627482555,17.223564143854,13.593666129898015,24.63768115942029,3.8915727321524423,0.32877079978529256,1.0399892646269457,1.3888888888888888,20.162372517444982,,1.0332796564680622,0.026838432635534086
73,17.008856682769725,17.16988727858293,13.546698872785829,24.59742351046699,3.824476650563607,0.32877079978529256,1.0869565217391304,1.3754696725711217,20.001341921631777,,1.0332796564680622,0.026838432635534086
74,16.183574879227052,17.14975845410628,22.71202361782072,21.994095544820183,3.824476650563607,0.32877079978529256,1.0869565217391304,1.3754696725711217,14.546430488459475,,0.7716049382716049,0.026838432635534086
75,16.63311862587225,17.06924315619968,22.510735373054214,21.64519592055824,3.8177670424047236,0.32877079978529256,1.0869565217391304,1.8384326355340848,14.27133655394525,,0.7716049382716049,0.026838432635534086
76,16.948470209339774,17.042404723564143,22.41009125067096,21.484165324745035,3.8177670424047236,0.32877079978529256,1.0869565217391304,1.8250134192163177,14.257917337627482,,0.7716049382716049,0.026838432635534086
77,17.277241009125067,16.99543746645196,22.322866344605476,21.443907675791735,3.8177670424047236,0.32877079978529256,1.0869565217391304,1.8250134192163177,14.123725174449811,,0.7514761137949544,0.026838432635534086
78,17.351046698872786,16.948470209339774,22.322866344605476,21.443907675791735,3.8177670424047236,0.32877079978529256,1.0869565217391304,1.8250134192163177,14.096886741814279,,0.7514761137949544,0.026838432635534086
79,17.673107890499196,16.874664519592056,22.19538378958669,21.38352120236178,3.8177670424047236,0.32877079978529256,1.0869565217391304,1.8250134192163177,14.04320987654321,,0.7447665056360708,0.026838432635534086
80,17.773752012882447,16.80756843800322,21.07487922705314,21.316425120772948,4.1129898013955986,0.32877079978529256,1.0869565217391304,1.8250134192163177,13.996242619431026,,1.6505636070853462,0.026838432635534086
81,18.075684380032207,16.720343531937736,20.954106280193237,21.235909822866343,4.1129898013955986,0.32877079978529256,1.0869565217391304,1.8250134192163177,13.982823403113258,,1.6505636070853462,0.026838432635534086
82,18.223295759527645,16.720343531937736,20.893719806763286,21.22920021470746,4.1129898013955986,0.32877079978529256,1.0601180891035964,1.8115942028985508,13.942565754159958,,1.6505636070853462,0.026838432635534086
83,18.511808910359633,16.6532474503489,20.860171765968868,21.081588835212024,4.0995705850778315,0.32877079978529256,1.0332796564680622,1.8115942028985508,13.942565754159958,,1.6505636070853462,0.026838432635534086
84,18.706387546967257,16.626409017713364,20.799785292538918,20.98094471282877,4.092860976918948,0.32877079978529256,1.0332796564680622,1.8115942028985508,13.942565754159958,,1.6505636070853462,0.026838432635534086
85,18.129361245303276,16.566022544283413,19.350509930220074,18.679549114331724,3.2206119162640903,0.32877079978529256,1.0332796564680622,1.7847557702630166,19.256575415995705,,1.6505636070853462,
86,18.511808910359633,16.411701556629094,19.223027375201287,18.61916264090177,3.2206119162640903,0.32877079978529256,1.0332796564680622,1.7847557702630166,19.243156199677937,,1.6237251744498122,
87,18.706387546967257,16.210413311862588,19.350509930220074,18.57890499194847,3.2206119162640903,0.32877079978529256,1.0332796564680622,1.7847557702630166,19.162640901771336,,1.6237251744498122,
88,18.813741277509394,16.210413311862588,19.310252281266774,18.5252281266774,3.2206119162640903,0.32877079978529256,1.0332796564680622,1.7847557702630166,19.14922168545357,,1.6237251744498122,
89,19.182769726247987,16.203703703703702,19.04186795491143,18.5252281266774,3.2206119162640903,0.32877079978529256,1.0332796564680622,1.7847557702630166,19.0552871712292,,1.6237251744498122,
90,19.47799248523886,16.056092324208265,18.968062265163713,18.511808910359633,3.207192699946323,0.32877079978529256,1.0332796564680622,1.7847557702630166,19.008319914117017,,1.6237251744498122,
91,19.444444444444443,14.821524422973699,20.35024154589372,18.4849704777241,3.207192699946323,0.32877079978529256,1.0332796564680622,1.7847557702630166,18.92109500805153,,1.6237251744498122,
92,19.585346215780998,14.80810520665593,21.101717659688674,17.827428878153516,3.2004830917874396,0.32877079978529256,0.8856682769726248,1.7176596886741815,18.92109500805153,,1.6237251744498122,
93,19.692699946323135,14.794685990338165,21.095008051529792,17.793880837359097,3.166935050993022,0.32877079978529256,0.8856682769726248,1.7176596886741815,18.90096618357488,,1.6237251744498122,
94,19.692699946323135,14.781266774020397,26.99946323134729,15.975577026301664,3.1535158346752548,0.32877079978529256,0.8856682769726248,1.7176596886741815,14.841653247450349,,1.6237251744498122,
95,20.001341921631777,14.51959205582394,26.959205582393988,15.921900161030596,3.0730005367686526,0.32877079978529256,1.1406333870101986,1.6572732152442298,14.774557165861514,,1.6237251744498122,
96,19.867149758454108,14.217659688674182,27.033011272141707,16.404991948470208,3.0730005367686526,0.32877079978529256,1.6572732152442298,1.4626945786366077,14.459205582393988,,1.4962426194310252,
97,19.94766505636071,14.204240472356414,26.86527106816962,16.391572732152444,3.0730005367686526,0.32877079978529256,1.6572732152442298,1.4626945786366077,14.378690284487385,,1.6908212560386473,
98,19.85373054213634,14.224369296833064,27.073268921095007,16.364734299516908,3.0730005367686526,0.32877079978529256,1.6572732152442298,1.4626945786366077,14.27133655394525,,1.6908212560386473,
99,20.12211486849168,14.11701556629093,26.96591519055287,16.324476650563607,3.0730005367686526,0.32877079978529256,1.6572732152442298,1.4626945786366077,14.257917337627482,,1.6908212560386473,
100,20.517981749865807,14.083467525496511,26.96591519055287,16.243961352657006,3.0730005367686526,0.32877079978529256,1.6572732152442298,1.42914653784219,14.009661835748792,,1.6908212560386473,
101,20.893719806763286,14.083467525496511,26.939076757917338,16.17686527106817,3.0730005367686526,0.32877079978529256,1.6371443907675791,1.4224369296833066,13.754696725711218,,1.6908212560386473,
102,21.28287707997853,14.049919484702093,26.710950080515296,16.17686527106817,3.0730005367686526,0.32877079978529256,1.6371443907675791,1.3486312399355878,13.70101986044015,,1.6908212560386473,
103,21.511003757380568,13.976113794954374,26.650563607085346,16.17686527106817,3.046162104133119,0.32877079978529256,1.5901771336553945,1.3419216317767042,13.70101986044015,,1.6774020397208802,
104,21.611647879763822,13.976113794954374,26.583467525496513,16.14331723027375,3.046162104133119,0.32877079978529256,1.5901771336553945,1.3419216317767042,13.70101986044015,,1.6774020397208802,
105,21.967257112184647,13.88888888888889,26.362050456253353,16.129898013955984,3.046162104133119,0.32877079978529256,1.5767579173376274,1.3419216317767042,13.70101986044015,,1.6572732152442298,
106,22.36983360171766,13.875469672571121,25.905797101449274,17.08937198067633,3.046162104133119,0.32877079978529256,1.5767579173376274,1.3083735909822867,12.855609232420827,,1.6438539989264627,
107,22.470477724100913,13.875469672571121,25.85882984433709,17.062533548040793,3.046162104133119,0.32877079978529256,1.5767579173376274,1.3083735909822867,12.828770799785293,,1.6438539989264627,
108,22.5577026301664,13.875469672571121,25.845410628019323,17.028985507246375,3.046162104133119,0.32877079978529256,1.5767579173376274,1.3083735909822867,12.788513150831992,,1.6438539989264627,
109,22.832796564680624,13.868760064412239,25.731347289318304,16.948470209339774,3.012614063338701,0.32877079978529256,1.5767579173376274,1.3083735909822867,12.76838432635534,,1.6237251744498122,
110,22.953569511540525,13.841921631776705,25.697799248523886,16.888083735909824,3.066290928609769,0.32877079978529256,1.5767579173376274,1.3083735909822867,12.714707461084272,,1.6237251744498122,
111,23.2085346215781,13.841921631776705,25.597155126140635,16.841116478797638,3.066290928609769,0.32877079978529256,1.7646269457863661,1.3083735909822867,12.419484702093397,,1.6237251744498122,
112,23.121309715512613,13.741277509393452,25.785024154589372,16.841116478797638,3.1065485775630703,0.32877079978529256,1.751207729468599,1.3083735909822867,12.392646269457863,,1.6237251744498122,
113,22.819377348362856,13.613794954374665,25.288513150831992,14.38539989264627,3.1333870101986045,0.32877079978529256,1.7444981213097155,1.3016639828234031,15.821256038647343,,1.5633387010198605,
114,23.03408480944713,13.613794954374665,25.194578636607623,14.38539989264627,3.126677402039721,0.322061191626409,1.724369296833065,1.3016639828234031,15.734031132581856,,1.5633387010198605,
115,23.1280193236715,13.560118089103597,25.167740203972087,14.38539989264627,3.1199677938808374,0.322061191626409,1.724369296833065,1.3016639828234031,15.727321524422974,,1.5633387010198605,
116,23.336017176596886,13.519860440150294,24.986580783682232,14.593397745571659,3.1199677938808374,0.322061191626409,1.7176596886741815,1.3016639828234031,15.539452495974235,,1.5633387010198605,
117,24.020397208803004,13.45276435856146,24.778582930756844,14.53972088030059,3.1199677938808374,0.322061191626409,1.7176596886741815,1.2748255501878691,15.210681696188942,,1.5633387010198605,
118,22.611379495437465,13.41250670960816,19.223027375201287,12.318840579710145,3.1199677938808374,0.322061191626409,1.7176596886741815,1.2748255501878691,24.778582930756844,,1.221148684916801,
119,22.785829307568438,13.405797101449275,19.16935050993022,12.224906065485776,3.1199677938808374,0.322061191626409,1.7176596886741815,1.415727321524423,24.61755233494364,,1.221148684916801,
120,22.65834675254965,13.09044551798175,18.760064412238325,12.164519592055823,3.1199677938808374,0.322061191626409,1.7176596886741815,1.415727321524423,25.5300590445518,,1.221148684916801,
121,22.805958132045088,12.453032742887816,18.156199677938808,12.13768115942029,3.052871712292002,0.322061191626409,2.932098765432099,1.415727321524423,25.503220611916262,,1.221148684916801,
122,22.906602254428343,12.392646269457863,18.149490069779926,12.13768115942029,3.052871712292002,0.322061191626409,2.932098765432099,1.415727321524423,25.469672571121848,,1.221148684916801,
123,23.101180891035963,12.332259796027913,18.109232420826622,12.13768115942029,3.052871712292002,0.322061191626409,2.932098765432099,1.3888888888888888,25.40257648953301,,1.221148684916801,
124,22.604669887278583,12.915995705850777,18.089103596349972,12.124261943102523,3.052871712292002,0.322061191626409,2.932098765432099,1.3888888888888888,25.348899624261943,,1.221148684916801,
125,22.906602254428343,12.889157273215245,18.035426731078903,12.016908212560386,3.052871712292002,0.322061191626409,2.932098765432099,1.3888888888888888,25.234836285560924,,1.221148684916801,
126,23.13472893183038,12.842190016103059,18.035426731078903,12.00348899624262,3.052871712292002,0.322061191626409,2.932098765432099,1.3888888888888888,25.067096081588836,,1.221148684916801,
127,23.557434245840042,12.788513150831992,17.787171229200215,11.943102522812667,3.046162104133119,0.322061191626409,2.932098765432099,1.3821792807300053,25.02012882447665,,1.221148684916801,
128,24.013687600644122,12.634192163177671,17.693236714975846,11.822329575952764,3.046162104133119,0.322061191626409,2.898550724637681,1.3821792807300053,24.966451959205582,,1.221148684916801,
129,24.134460547504027,12.620772946859903,17.632850241545892,11.822329575952764,3.046162104133119,0.322061191626409,2.885131508319914,1.3486312399355878,24.966451959205582,,1.221148684916801,
130,24.040526033279658,12.546967257112184,16.404991948470208,12.104133118625873,3.046162104133119,0.322061191626409,4.106280193236715,1.3217928073000538,24.731615673644658,,1.3754696725711217,
131,24.22168545356951,12.486580783682234,16.317767042404725,12.104133118625873,3.046162104133119,0.322061191626409,4.106280193236715,1.3083735909822867,24.711486849168008,,1.3754696725711217,
132,24.476650563607084,12.473161567364466,16.27079978529254,12.104133118625873,3.012614063338701,0.30193236714975846,4.05931293612453,1.2681159420289856,24.65780998389694,,1.3754696725711217,
133,24.12104133118626,12.365807836822329,15.526033279656469,17.008856682769725,3.012614063338701,0.30193236714975846,4.052603327965647,1.2681159420289856,20.98094471282877,,1.3620504562533549,
134,24.342458400429415,12.224906065485776,15.26435856146001,17.196725711218466,3.012614063338701,0.30193236714975846,4.260601180891036,1.2681159420289856,20.611916264090176,,1.5163714439076759,
135,24.932903918411164,12.124261943102523,15.217391304347826,16.901502952227588,3.0059044551798175,0.30193236714975846,4.253891572732153,1.2681159420289856,20.48443370907139,,1.5096618357487923,
136,25.033548040794418,12.110842726784755,15.217391304347826,16.901502952227588,2.999194847020934,0.30193236714975846,4.253891572732153,1.2681159420289856,20.40391841116479,,1.5096618357487923,
137,24.859098228663445,11.902844873859367,14.922168545356952,16.888083735909824,3.2474503488996245,0.30193236714975846,4.394793344068707,1.2681159420289856,20.705850778314545,,1.5096618357487923,
138,25.328770799785293,11.862587224906065,14.680622651637144,16.861245303274288,3.2474503488996245,0.30193236714975846,4.394793344068707,1.2681159420289856,20.585077831454644,,1.4694041867954912,
139,25.248255501878692,11.439881910896403,15.365002683843263,16.814278046162105,3.2340311325818574,0.30193236714975846,4.314278046162104,1.2681159420289856,20.544820182501343,,1.4694041867954912,
140,25.583735909822867,11.439881910896403,15.304616210413311,16.606280193236714,3.2340311325818574,0.30193236714975846,4.300858829844337,1.2681159420289856,20.491143317230275,,1.4694041867954912,
141,25.221417069243156,11.345947396672035,15.157004830917874,17.297369833601717,3.2206119162640903,0.30193236714975846,4.461889425657541,1.2345679012345678,20.28985507246377,,1.4694041867954912,
142,25.684380032206118,11.305689747718732,15.022812667740205,17.14975845410628,3.0931293612453032,0.30193236714975846,4.461889425657541,1.2345679012345678,20.276435856146,,1.4694041867954912,
143,26.308373590982285,11.305689747718732,14.794685990338165,17.102791196994094,3.0931293612453032,0.30193236714975846,4.42163177670424,1.2345679012345678,19.96779388083736,,1.4694041867954912,
144,26.402308105206657,11.305689747718732,14.78797638217928,17.08937198067633,3.0864197530864197,0.30193236714975846,4.42163177670424,1.2345679012345678,19.900697799248523,,1.4694041867954912,
145,26.50295222758991,11.305689747718732,14.781266774020397,16.99543746645196,3.0864197530864197,0.30193236714975846,4.42163177670424,1.2345679012345678,19.900697799248523,,1.4694041867954912,
146,26.73107890499195,11.305689747718732,14.526301663982823,16.928341384863124,3.140096618357488,0.2952227589908749,4.40150295222759,1.2345679012345678,19.860440150295222,,1.5767579173376274,
147,27.15378421900161,11.272141706924316,14.412238325281804,16.928341384863124,3.140096618357488,0.2952227589908749,4.40150295222759,1.2345679012345678,19.585346215780998,,1.5767579173376274,
148,27.18733225979603,11.231884057971014,14.694041867954912,16.894793344068706,3.140096618357488,0.2952227589908749,4.388083735909823,1.2345679012345678,19.585346215780998,,1.3486312399355878,
149,27.435587761674718,11.231884057971014,14.626945786366075,16.847826086956523,3.1065485775630703,0.2885131508319914,4.314278046162104,1.2345679012345678,19.565217391304348,,1.3486312399355878,
150,26.912238325281802,11.198336017176597,15.673644659151906,16.7337627482555,3.1065485775630703,0.2885131508319914,4.314278046162104,1.2345679012345678,19.370638754696724,,1.1674718196457328,
151,27.26784755770263,11.151368760064413,15.673644659151906,16.70692431561997,2.898550724637681,0.2616747181964573,4.314278046162104,1.2345679012345678,19.330381105743424,,1.1607622114868492,
152,27.4020397208803,11.11111111111111,15.673644659151906,16.6532474503489,2.898550724637681,0.2616747181964573,4.314278046162104,1.2345679012345678,19.290123456790123,,1.1607622114868492,
153,27.76435856146001,11.084272678475577,15.593129361245303,16.492216854535695,2.871712292002147,0.2616747181964573,4.300858829844337,1.2345679012345678,19.236446591519055,,1.1607622114868492,
154,27.83816425120773,11.077563070316694,15.593129361245303,16.23054213633924,2.871712292002147,0.2616747181964573,4.555823939881911,1.2345679012345678,19.209608158883523,,1.1272141706924315,
155,28.08641975308642,11.003757380568974,15.566290928609769,16.022544283413847,2.7509393451422435,0.2616747181964573,4.736983360171766,1.2345679012345678,19.209608158883523,,1.1272141706924315,
156,28.435319377348364,10.997047772410092,15.53274288781535,15.888352120236178,2.7241009125067097,0.2616747181964573,4.7168545356951155,1.2345679012345678,19.082125603864736,,1.1272141706924315,
157,28.75738056897477,10.789049919484702,15.53274288781535,15.881642512077295,2.7241009125067097,0.2616747181964573,4.7168545356951155,1.2278582930756843,18.98148148148148,,1.1272141706924315,
158,28.911701556629094,10.775630703166936,15.499194847020934,15.646806226516372,2.7241009125067097,0.2616747181964573,4.918142780461621,1.2278582930756843,18.907675791733762,,1.1272141706924315,
159,28.63660762211487,10.755501878690284,15.465646806226516,17.028985507246375,2.254428341384863,0.040257648953301126,4.817498658078368,1.0131508319914118,18.86070853462158,,1.1272141706924315,
160,28.75738056897477,10.755501878690284,15.445517981749866,16.99543746645196,2.2342995169082127,0.040257648953301126,4.817498658078368,1.0131508319914118,18.840579710144926,,1.1003757380568975,
161,26.261406333870102,10.373054213633925,10.721953837895867,14.533011272141707,1.9524959742351047,0.040257648953301126,3.4957058507783145,0.8655394524959742,30.870907139023082,,0.8856682769726248,
162,26.341921631776703,10.373054213633925,10.695115405260333,14.506172839506172,1.9524959742351047,0.040257648953301126,3.4957058507783145,0.8655394524959742,30.844068706387546,,0.8856682769726248,
163,26.603596349973163,10.373054213633925,10.695115405260333,14.42565754159957,1.9524959742351047,0.040257648953301126,3.4957058507783145,0.8387010198604401,30.689747718733226,,0.8856682769726248,
164,27.160493827160494,10.258990874932904,10.695115405260333,14.17740203972088,1.9189479334406871,0.040257648953301126,3.4957058507783145,0.8387010198604401,30.52871712292002,,0.8856682769726248,
165,27.36849168008588,10.225442834138486,10.493827160493828,14.056629092860977,1.9189479334406871,0.040257648953301126,3.770799785292539,0.8252818035426731,30.44820182501342,,0.8521202361782072,
166,27.70397208803006,10.178475577026301,10.319377348362856,14.056629092860977,1.9189479334406871,0.040257648953301126,3.770799785292539,0.8252818035426731,30.35426731078905,,0.8319914117015567,
167,27.771068169618893,10.178475577026301,10.272410091250672,14.056629092860977,1.9189479334406871,0.040257648953301126,3.770799785292539,0.8252818035426731,30.334138486312398,,0.8319914117015567,
168,27.831454643048847,10.144927536231885,10.272410091250672,14.049919484702093,1.9189479334406871,0.040257648953301126,3.770799785292539,0.8252818035426731,30.314009661835748,,0.8319914117015567,
169,27.9723564143854,10.091250670960816,12.265163714439076,14.049919484702093,1.9189479334406871,0.040257648953301126,3.770799785292539,0.8252818035426731,28.23403113258186,,0.8319914117015567,
170,28.16022544283414,10.091250670960816,12.258454106280194,13.969404186795492,1.9189479334406871,0.040257648953301126,3.7573805689747717,0.8252818035426731,28.14680622651637,,0.8319914117015567,
171,28.12667740203972,10.091250670960816,11.936392914653783,13.466183574879228,1.9189479334406871,0.040257648953301126,3.750670960815888,0.8252818035426731,29.01905528717123,,0.8252818035426731,
172,28.227321524422972,10.010735373054214,11.936392914653783,13.446054750402576,1.9189479334406871,0.040257648953301126,3.750670960815888,0.8252818035426731,29.01905528717123,,0.8252818035426731,
173,28.395061728395063,9.930220075147611,11.896135265700483,13.43263553408481,1.9122383252818036,0.040257648953301126,3.750670960815888,0.8252818035426731,28.992216854535695,,0.8252818035426731,
174,28.663446054750402,9.863123993558776,11.896135265700483,13.378958668813741,1.8786902844873858,0.040257648953301126,3.730542136339238,0.8252818035426731,28.911701556629094,,0.8118625872249061,
175,28.75067096081589,9.863123993558776,11.896135265700483,13.372249060654857,1.8786902844873858,0.040257648953301126,3.7037037037037037,0.8252818035426731,28.858024691358025,,0.8118625872249061,
176,28.951959205582394,9.829575952764358,11.876006441223833,13.358829844337091,1.8786902844873858,0.040257648953301126,3.7037037037037037,0.798443370907139,28.75067096081589,,0.8118625872249061,
177,29.066022544283413,9.829575952764358,11.855877616747183,13.493022007514762,1.8786902844873858,0.040257648953301126,3.5829307568438002,0.798443370907139,28.65673644659152,,0.798443370907139,
178,29.17337627482555,9.802737520128824,11.748523886205046,13.47289318303811,1.8786902844873858,0.040257648953301126,3.5829307568438002,0.798443370907139,28.455448201825014,,1.0466988727858293,
179,29.455179817498657,9.796027911969942,11.748523886205046,13.399087493290391,1.8384326355340848,0.040257648953301126,3.569511540526033,0.798443370907139,28.307836822329577,,1.0466988727858293,
180,29.837627482555018,9.762479871175524,11.533816425120772,13.264895330112722,1.9860440150295222,0.040257648953301126,3.569511540526033,0.798443370907139,28.18035426731079,,1.0265700483091786,
181,29.736983360171767,9.762479871175524,11.466720343531938,12.93612453032743,1.9726247987117553,0.040257648953301126,4.334406870638754,0.7380568974771873,27.851583467525497,,1.1607622114868492,
182,29.837627482555018,9.762479871175524,11.460010735373054,12.902576489533011,1.9726247987117553,0.040257648953301126,4.30756843800322,0.7380568974771873,27.81803542673108,,1.1607622114868492,
183,30.099302200751477,9.708803005904455,11.406333870101985,12.822061191626409,1.9726247987117553,0.040257648953301126,4.300858829844337,0.7380568974771873,27.750939345142243,,1.1607622114868492,
184,30.360976918947934,9.695383789586689,11.386205045625335,12.781803542673108,1.8518518518518519,0.040257648953301126,4.247181964573269,0.7380568974771873,27.737520128824478,,1.1607622114868492,
185,30.703166935050994,9.675254965110037,11.379495437466453,12.754965110037574,1.8384326355340848,0.040257648953301126,4.247181964573269,0.7380568974771873,27.462426194310254,,1.1607622114868492,
186,30.891035963499732,9.668545356951155,11.312399355877616,12.714707461084272,1.8317230273752012,0.040257648953301126,4.247181964573269,0.7380568974771873,27.395330112721417,,1.1607622114868492,
187,30.9849704777241,9.668545356951155,11.2788513150832,12.68786902844874,1.8317230273752012,0.040257648953301126,4.233762748255502,0.7380568974771873,27.375201288244767,,1.1607622114868492,
188,31.052066559312937,9.668545356951155,11.218464841653248,12.667740203972087,1.9390767579173376,0.040257648953301126,4.206924315619967,0.7380568974771873,27.30810520665593,,1.1607622114868492,
189,31.246645195920557,9.648416532474503,11.218464841653248,12.661030595813205,1.9390767579173376,0.040257648953301126,4.146537842190016,0.7380568974771873,27.220880300590444,,1.1406333870101986,
190,31.4747718733226,9.54777241009125,11.104401502952227,12.775093934514224,1.9390767579173376,0.040257648953301126,4.146537842190016,0.7380568974771873,27.147074610842726,,1.0869565217391304,
191,31.488191089640367,9.534353193773484,10.963499731615673,12.775093934514224,2.2074610842726785,0.040257648953301126,4.106280193236715,0.7380568974771873,27.059849704777243,,1.0869565217391304,
192,31.387546967257112,9.534353193773484,10.84272678475577,13.41250670960816,2.2074610842726785,0.040257648953301126,4.079441760601181,0.7380568974771873,26.670692431561996,,1.0869565217391304,
193,31.655931293612454,9.520933977455716,10.84272678475577,13.372249060654857,2.2074610842726785,0.040257648953301126,3.9855072463768115,0.7313472893183038,26.556629092860977,,1.0869565217391304,
194,31.749865807836823,9.494095544820183,10.815888352120236,13.372249060654857,2.2074610842726785,0.040257648953301126,3.9855072463768115,0.7313472893183038,26.516371443907676,,1.0869565217391304,
195,31.82367149758454,9.473966720343531,10.560923242082662,13.607085346215781,2.2074610842726785,0.040257648953301126,3.9855072463768115,0.7313472893183038,26.482823403113258,,1.0869565217391304,
196,31.964573268921097,9.447128287707997,10.560923242082662,13.607085346215781,2.2074610842726785,0.040257648953301126,3.9855072463768115,0.7313472893183038,26.36876006441224,,1.0869565217391304,
197,32.058507783145465,9.447128287707997,10.560923242082662,13.56682769726248,2.2074610842726785,0.040257648953301126,3.9855072463768115,0.7313472893183038,26.31508319914117,,1.0869565217391304,
198,32.39398819108964,9.426999463231347,10.453569511540525,13.694310252281268,2.2074610842726785,0.040257648953301126,3.8177670424047236,0.7313472893183038,26.154052603327965,,1.0802469135802468,
199,32.62211486849168,9.400161030595813,10.426731078904991,13.654052603327965,2.2074610842726785,0.040257648953301126,3.81105743424584,0.7313472893183038,25.825281803542673,,1.2815351583467525,
200,32.950885668276975,9.373322597960279,10.426731078904991,13.506441223832528,2.2074610842726785,0.040257648953301126,3.81105743424584,0.7313472893183038,25.670960815888353,,1.2815351583467525,
201,32.99785292538916,9.373322597960279,10.674986580783683,13.459473966720344,2.2074610842726785,0.040257648953301126,3.5628019323671496,0.7313472893183038,25.670960815888353,,1.2815351583467525,
202,33.04482018250134,9.373322597960279,10.674986580783683,13.459473966720344,2.2074610842726785,0.040257648953301126,3.5628019323671496,0.7313472893183038,25.623993558776167,,1.2815351583467525,
203,33.313204508856685,9.373322597960279,10.59447128287708,13.439345142243694,2.1739130434782608,0.040257648953301126,3.5628019323671496,0.7313472893183038,25.489801395598498,,1.2815351583467525,
204,32.809983896940416,9.145195920558239,10.59447128287708,13.425925925925926,2.1739130434782608,0.040257648953301126,3.938539989264627,0.7313472893183038,25.85882984433709,,1.2815351583467525,
205,32.789855072463766,9.145195920558239,10.57434245840043,13.22463768115942,2.1739130434782608,0.040257648953301126,4.2270531400966185,0.7313472893183038,25.811862587224905,,1.2815351583467525,
206,33.00456253354804,9.111647879763822,10.48040794417606,13.157541599570585,2.1739130434782608,0.040257648953301126,4.2203435319377345,0.7313472893183038,25.805152979066023,,1.2748255501878691,
207,32.86366076221149,9.091519055287172,10.453569511540525,13.47289318303811,2.1739130434782608,0.040257648953301126,4.2203435319377345,0.7313472893183038,25.677670424047236,,1.2748255501878691,
208,33.05823939881911,9.084809447128288,10.36634460547504,13.385668276972625,2.1739130434782608,0.040257648953301126,4.213633923778851,0.7313472893183038,25.55689747718733,,1.3888888888888888,
209,33.13875469672571,9.078099838969404,10.34621578099839,13.365539452495975,2.167203435319377,0.040257648953301126,4.200214707461084,0.7313472893183038,25.543478260869566,,1.3888888888888888,
210,33.2662372517445,9.05126140633387,10.319377348362856,13.291733762748256,2.3550724637681157,0.040257648953301126,4.200214707461084,0.7313472893183038,25.355609232420825,,1.3888888888888888,
211,33.360171765968865,9.05126140633387,10.292538915727322,13.291733762748256,2.3550724637681157,0.040257648953301126,4.200214707461084,0.7313472893183038,25.02012882447665,,1.6572732152442298,
212,33.61513687600644,8.970746108427267,10.292538915727322,13.264895330112722,2.3215244229736984,0.040257648953301126,4.200214707461084,0.7179280730005367,24.9194847020934,,1.6572732152442298,
213,33.17901234567901,8.635265700483092,11.808910359634996,13.009930220075148,1.9927536231884058,0.040257648953301126,4.05931293612453,0.7179280730005367,24.89935587761675,,1.6572732152442298,
