,45,50,54,55,51,53,56,52,57,58,59
0,99.93290391841117,0.06709608158883522,,,,,,,,,
1,99.63097155126141,0.36902844873859364,,,,,,,,,
2,99.63097155126141,0.36902844873859364,,,,,,,,,
3,99.44310252281267,0.5568974771873323,,,,,,,,,
4,94.03515834675255,5.964841653247451,,,,,,,,,
5,89.2512077294686,10.748792270531402,,,,,,,,,
6,89.06333870101986,10.82259796027912,0.11406333870101985,,,,,,,,
7,89.00295222758992,10.88298443370907,0.11406333870101985,,,,,,,,
8,81.105743424584,18.800322061191626,0.0939345142243693,,,,,,,,
9,71.83977455716587,27.871712292002147,0.0939345142243693,0.19457863660762212,,,,,,,
10,54.03918411164788,40.17042404723564,0.0939345142243693,0.2616747181964573,5.10601180891036,0.10735373054213634,0.2214170692431562,,,,
11,49.57729468599034,44.76650563607085,0.0939345142243693,0.16774020397208803,5.065754159957058,0.10735373054213634,0.2214170692431562,,,,
12,43.914385399892645,45.3569511540526,0.0939345142243693,0.06709608158883522,10.238862050456254,0.10735373054213634,0.2214170692431562,,,,
13,43.82716049382716,45.25630703166935,0.0939345142243693,0.13419216317767044,10.359634997316157,0.10735373054213634,0.2214170692431562,,,,
14,33.2259796027912,56.30032206119163,,0.19457863660762212,9.950348899624261,0.10735373054213634,0.2214170692431562,,,,
15,32.60198604401503,55.703166935050994,0.27509393451422437,0.2616747181964573,10.829307568438002,0.10735373054213634,0.2214170692431562,,,,
16,30.656199677938808,54.166666666666664,0.13419216317767044,0.2616747181964573,12.949543746645196,0.10735373054213634,0.2214170692431562,1.5029522275899088,,,
17,29.904723564143854,53.717122920021474,0.13419216317767044,0.2616747181964573,12.869028448738593,0.10735373054213634,0.2214170692431562,2.7844873859366612,,,
18,21.021202361782073,62.35909822866345,0.13419216317767044,0.5233494363929146,12.869028448738593,0.10735373054213634,0.2214170692431562,2.7643585614600106,,,
19,17.814009661835748,69.31025228126677,1.5499194847020934,0.7313472893183038,7.7898550724637685,0.10735373054213634,0.14090177133655393,2.5563607085346214,,,
20,17.364465915190554,64.26462694578636,1.5499194847020934,0.5233494363929146,13.18438003220612,0.10735373054213634,0.14090177133655393,2.8650026838432634,,,
21,17.68652710681696,61.74852388620504,1.5499194847020934,0.5233494363929146,13.117283950617283,0.10735373054213634,0.14090177133655393,5.12614063338701,,,
22,17.746913580246915,55.662909286097694,1.482823403113258,0.6709608158883521,14.754428341384862,0.10735373054213634,0.24154589371980675,9.333064949006978,,,
23,17.847557702630166,55.51529790660226,1.4761137949543746,0.7648953301127214,14.51959205582394,0.10735373054213634,0.43612453032742887,9.333064949006978,,,
24,14.432367149758454,50.4495437466452,1.4761137949543746,1.0064412238325282,22.886473429951693,0.10735373054213634,0.33548040794417605,9.306226516371444,,,
25,14.673913043478262,50.315351583467525,1.4761137949543746,0.9930220075147611,22.79253891572732,0.10735373054213634,0.33548040794417605,9.306226516371444,,,
26,15.063070316693505,49.81213097155126,1.4224369296833066,1.3083735909822867,22.69860440150295,0.10735373054213634,0.33548040794417605,9.252549651100376,,,
27,15.042941492216855,49.2686527106817,1.4224369296833066,1.4090177133655395,22.63150831991412,1.2681159420289856,0.46296296296296297,8.494363929146537,,,
28,15.230810520665592,48.01395598497048,2.4557165861513686,1.5633387010198605,22.5577026301664,1.2681159420289856,0.46296296296296297,8.447396672034353,,,
29,15.250939345142244,47.95356951154053,2.4557165861513686,1.5432098765432098,22.52415458937198,1.3620504562533549,0.46296296296296297,8.447396672034353,,,
30,14.687332259796028,37.2987117552335,2.4557165861513686,1.3217928073000538,34.70209339774557,1.3620504562533549,0.5904455179817498,7.581857219538379,,,
31,14.982555018786902,35.89640365002684,2.4355877616747184,1.5499194847020934,33.353462157809986,2.536231884057971,0.5904455179817498,8.655394524959743,,,
32,13.94927536231884,47.725442834138484,1.402308105206656,1.6103059581320451,25.026838432635532,2.536231884057971,0.5904455179817498,7.159151905528717,,,
33,14.27133655394525,47.41009125067096,1.402308105206656,1.7444981213097155,24.832259796027913,2.5295222758990876,0.6642512077294686,7.14573268921095,,,
34,14.412238325281804,43.27026301663983,1.402308105206656,1.442565754159957,24.758454106280194,6.9310252281266775,0.6642512077294686,7.118894256575416,,,
35,14.445786366076222,42.29736983360172,1.402308105206656,1.3955984970477724,29.374664519592056,5.562265163714439,0.5367686527106817,4.750402576489533,0.23483628556092323,,
36,15.049651100375739,41.84782608695652,1.402308105206656,1.3955984970477724,29.260601180891037,5.542136339237788,0.5300590445517982,4.736983360171766,0.23483628556092323,,
37,15.042941492216855,40.063070316693505,0.2616747181964573,1.3955984970477724,31.964573268921097,5.481749865807837,0.8185721953837896,4.736983360171766,0.23483628556092323,,
38,14.452495974235104,33.15217391304348,0.4025764895330113,1.3553408480944713,31.743156199677937,5.4616210413311865,0.798443370907139,12.399355877616747,0.23483628556092323,,
39,14.184111647879764,31.689479334406872,0.4025764895330113,1.2412775093934514,35.7085346215781,5.347557702630167,3.5762211486849167,7.501341921631776,0.23483628556092323,0.11406333870101985,
40,14.210950080515298,31.21309715512614,0.38915727321524424,1.3217928073000538,31.816961889425656,5.347557702630167,3.4420289855072466,11.90955448201825,0.23483628556092323,0.11406333870101985,
41,10.86285560923242,27.697262479871174,0.3153515834675255,0.9393451422436929,39.741009125067094,5.173107890499195,3.2340311325818574,11.822329575952764,0.10064412238325282,0.11406333870101985,
42,11.191626409017713,27.583199141170155,0.3153515834675255,1.0332796564680622,39.55314009661836,4.944981213097155,3.2340311325818574,11.728395061728396,0.10064412238325282,0.3153515834675255,
43,7.078636607622115,34.25925925925926,0.3153515834675255,0.9796027911969941,41.19028448738594,4.891304347826087,3.166935050993022,7.709339774557166,0.0939345142243693,0.3153515834675255,
44,6.595544820182502,31.132581857219538,0.17444981213097155,0.8185721953837896,48.68491680085883,3.797638217928073,2.1806226516371443,6.206387546967257,0.0939345142243693,0.3153515834675255,
45,6.521739130434782,30.96484165324745,0.05367686527106817,1.2815351583467525,48.731884057971016,3.797638217928073,2.1806226516371443,6.0587761674718195,0.0939345142243693,0.3153515834675255,
46,6.716317767042405,30.381105743424584,2.086688137412775,1.2815351583467525,47.0276435856146,3.797638217928073,2.1806226516371443,6.119162640901771,0.0939345142243693,0.3153515834675255,
47,6.91760601180891,30.246913580246915,2.086688137412775,1.2815351583467525,46.47745571658615,3.797638217928073,2.6972624798711755,6.085614600107354,0.0939345142243693,0.3153515834675255,
48,7.212828770799785,30.059044551798173,2.086688137412775,2.281266774020397,45.370370370370374,3.797638217928073,2.6972624798711755,6.085614600107354,0.0939345142243693,0.3153515834675255,
49,7.5348899624261945,30.03220611916264,2.086688137412775,2.187332259796028,45.14224369296833,3.750670960815888,2.6972624798711755,6.072195383789587,0.0939345142243693,0.30864197530864196,0.0939345142243693
50,7.816693505099302,29.78395061728395,2.086688137412775,2.2745571658615136,45.04159957058508,3.750670960815888,2.7777777777777777,5.991680085882985,0.0939345142243693,0.2885131508319914,0.0939345142243693
51,7.098765432098766,24.490069779924852,2.086688137412775,1.7310789049919484,43.86741814278046,11.171497584541063,3.0730005367686526,6.005099302200751,0.0939345142243693,0.2885131508319914,0.0939345142243693
52,7.729468599033816,24.476650563607084,2.073268921095008,1.9793344068706387,43.27697262479871,10.742082662372518,3.260869565217391,5.984970477724101,0.0939345142243693,0.2885131508319914,0.0939345142243693
53,7.64224369296833,24.255233494363928,2.073268921095008,2.187332259796028,46.55797101449275,7.675791733762749,3.207192699946323,5.924584004294149,0.0939345142243693,0.2885131508319914,0.0939345142243693
54,5.12614063338701,12.526838432635534,0.36231884057971014,1.4224369296833066,72.1484165324745,4.797369833601718,0.49651100375738055,2.9119699409554483,0.0939345142243693,0.11406333870101985,
55,5.267042404723564,12.513419216317766,0.36231884057971014,1.4224369296833066,72.02093397745571,4.797369833601718,0.49651100375738055,2.9119699409554483,0.0939345142243693,0.11406333870101985,
56,5.46833064949007,12.412775093934513,0.36231884057971014,1.5096618357487923,69.11567364465915,7.434245840042942,0.6105743424584005,2.8784219001610305,0.0939345142243693,0.11406333870101985,
57,5.609232420826624,12.345679012345679,0.36231884057971014,1.4962426194310252,68.76677402039721,7.427536231884058,0.9057971014492754,2.8784219001610305,0.0939345142243693,0.11406333870101985,
58,4.99194847020934,11.869296833064949,0.38915727321524424,1.415727321524423,54.29414922168545,8.84326355340848,0.9863123993558777,17.09608158883521,,0.11406333870101985,
59,5.159688674181428,11.849168008588299,0.38915727321524424,1.415727321524423,52.79790660225443,8.816425120772946,2.4020397208803006,17.05582393988191,,0.11406333870101985,
60,5.146269457863661,10.466988727858293,0.38915727321524424,1.3620504562533549,63.45276435856146,8.568169618894256,2.509393451422437,7.991143317230274,,0.11406333870101985,
61,5.434782608695652,10.446859903381643,0.38915727321524424,1.3620504562533549,63.217928073000536,8.53462157809984,2.509393451422437,7.991143317230274,,0.11406333870101985,
62,5.374396135265701,22.52415458937198,0.38915727321524424,1.1205045625335481,55.95142243692968,4.676596886741814,2.01959205582394,7.944176060118089,,,
63,4.750402576489533,20.779656468062264,0.38915727321524424,1.133923778851315,45.38378958668814,2.187332259796028,2.2745571658615136,23.101180891035963,,,
64,5.052334943639291,20.679012345679013,0.38915727321524424,1.133923778851315,45.249597423510465,2.187332259796028,2.2611379495437465,23.047504025764894,,,
65,5.46833064949007,20.578368223295758,0.38915727321524424,1.133923778851315,44.847020933977454,2.187332259796028,2.3752012882447664,23.020665593129362,,,
66,5.837359098228664,20.50456253354804,0.20128824476650564,1.6103059581320451,44.31025228126678,2.187332259796028,2.3752012882447664,22.973698336017176,,,
67,5.9447128287707995,20.377079978529252,0.46296296296296297,1.6103059581320451,44.135802469135804,2.1739130434782608,2.5496511003757383,22.745571658615138,,,
68,6.011808910359635,20.33011272141707,0.4562533548040794,1.6103059581320451,44.08883521202362,2.15378421900161,2.5429414922168547,22.805958132045088,,,
69,6.347289318303811,20.095276435856146,0.4562533548040794,1.8048845947396672,43.79361245303274,2.15378421900161,2.5966183574879227,22.644927536231883,,0.10735373054213634,
70,6.602254428341385,19.89398819108964,0.4562533548040794,1.9592055823939882,38.12399355877617,2.1403650026838434,2.7106816961889426,28.005904455179817,,0.10735373054213634,
71,6.843800322061192,19.6256038647343,0.6038647342995169,2.509393451422437,37.5805152979066,2.1403650026838434,2.6167471819645733,27.891841116478798,,0.1878690284487386,
72,7.018250134192163,19.39747718733226,0.6038647342995169,2.677133655394525,37.47987117552335,2.1403650026838434,2.589908749329039,27.791196994095547,0.11406333870101985,0.1878690284487386,
73,5.891035963499732,15.029522275899087,1.2546967257112185,3.3011272141706924,43.31052066559313,1.7847557702630166,1.8518518518518519,27.200751476113794,0.1878690284487386,0.1878690284487386,
74,5.750134192163178,14.88191089640365,1.2546967257112185,3.1602254428341383,55.193236714975846,1.7847557702630166,1.8988191089640365,15.935319377348362,,0.14090177133655393,
75,6.085614600107354,14.49946323134729,1.2278582930756843,3.321256038647343,54.7638217928073,2.509393451422437,2.187332259796028,15.35829307568438,,0.04696725711218465,
76,5.428073000536768,9.145195920558239,1.221148684916801,1.5633387010198605,65.55958132045089,2.059849704777241,1.892109500805153,13.09044551798175,,0.040257648953301126,
77,5.897745571658615,8.80300590445518,1.221148684916801,1.8115942028985508,64.86849168008588,2.059849704777241,2.2879763821792807,13.009930220075148,,0.040257648953301126,
78,6.172839506172839,8.742619431025227,1.328502415458937,1.7579173376274826,64.57997852925389,2.059849704777241,2.3550724637681157,12.86231884057971,,0.14090177133655393,
79,6.353998926462695,8.675523349436393,1.737788513150832,2.13365539452496,63.96269457863661,2.059849704777241,2.328234031132582,12.5402576489533,0.06709608158883522,0.14090177133655393,
80,6.696188942565755,8.675523349436393,1.737788513150832,2.13365539452496,63.6808910359635,2.059849704777241,2.328234031132582,12.47987117552335,0.06709608158883522,0.14090177133655393,
81,6.944444444444445,8.668813741277509,1.8317230273752012,2.13365539452496,63.41250670960816,1.9927536231884058,2.26784755770263,12.473161567364466,0.06709608158883522,0.20799785292538917,
82,7.139023081052066,8.635265700483092,1.8317230273752012,2.13365539452496,62.848899624261946,1.9927536231884058,2.6637144390767578,12.406065485775631,0.14090177133655393,0.20799785292538917,
83,7.326892109500805,8.601717659688674,1.9256575415995705,2.100107353730542,62.74154589371981,1.9927536231884058,2.6502952227589907,12.31213097155126,0.14090177133655393,0.20799785292538917,
84,7.306763285024155,8.514492753623188,1.9256575415995705,2.2342995169082127,59.03113258185722,1.9927536231884058,2.6435856146001075,16.002415458937197,0.14090177133655393,0.20799785292538917,
85,7.702630166398282,8.474235104669887,1.9256575415995705,2.3081052066559313,58.393719806763286,2.1269457863660763,2.717391304347826,16.002415458937197,0.14090177133655393,0.20799785292538917,
86,8.433977455716587,8.413848631239935,1.9256575415995705,2.26784755770263,57.85024154589372,2.1269457863660763,2.932098765432099,15.70048309178744,0.14090177133655393,0.20799785292538917,
87,8.064949006977992,5.991680085882985,1.8115942028985508,1.8585614600107354,61.68813741277509,2.100107353730542,2.8381642512077296,15.304616210413311,0.13419216317767044,0.20799785292538917,
88,7.501341921631776,5.904455179817498,1.6639828234031133,2.2342995169082127,52.643585614600106,1.932367149758454,2.703972088030059,25.033548040794418,0.20799785292538917,0.17444981213097155,
89,7.709339774557166,5.837359098228664,1.7713365539452497,2.4154589371980677,51.64385399892646,1.932367149758454,3.374932903918411,24.93961352657005,0.20799785292538917,0.16774020397208803,
90,7.823403113258186,5.642780461621041,1.7579173376274826,4.911433172302737,48.95330112721417,1.932367149758454,3.717122920021471,24.724906065485776,0.36902844873859364,0.16774020397208803,
91,8.152173913043478,5.642780461621041,1.7310789049919484,5.374396135265701,48.76543209876543,1.90552871712292,3.7775093934514223,24.114331723027377,0.36902844873859364,0.16774020397208803,
92,7.4141170155662905,4.3478260869565215,2.7777777777777777,5.193236714975845,46.87332259796028,1.6639828234031133,3.5426731078904994,27.51610305958132,0.5032206119162641,0.16774020397208803,
93,7.568438003220612,4.3478260869565215,2.7777777777777777,5.193236714975845,46.83977455716586,1.6639828234031133,3.5426731078904994,27.395330112721417,0.5032206119162641,0.16774020397208803,
94,7.917337627482555,4.3478260869565215,2.7509393451422435,5.401234567901234,46.57809983896941,1.6639828234031133,3.5426731078904994,27.140365002683843,0.5032206119162641,0.15432098765432098,
95,7.897208803005904,4.3478260869565215,5.307300053676865,5.58239398819109,44.75979602791197,1.6639828234031133,3.4420289855072466,26.268115942028984,0.5770263016639828,0.15432098765432098,
96,7.447665056360709,0.798443370907139,6.575415995705851,3.099838969404187,50.556897477187334,1.6639828234031133,3.1065485775630703,25.865539452495973,0.5636070853462157,0.322061191626409,
97,7.6623725174449815,0.8655394524959742,6.575415995705851,3.140096618357488,50.214707461084274,1.6639828234031133,3.166935050993022,25.389157273215243,0.9997316156736447,0.322061191626409,
98,7.803274288781535,0.8454106280193237,6.038647342995169,4.53569511540526,47.074610842726784,1.4895330112721417,3.0864197530864197,27.985775630703166,0.9259259259259259,0.2147074610842727,
99,6.837090713902308,0.7917337627482555,4.958400429414922,3.180354267310789,48.60440150295223,1.4358561460010735,1.4895330112721417,31.561996779388085,0.9259259259259259,0.2147074610842727,
100,7.098765432098766,0.7716049382716049,4.938271604938271,3.180354267310789,48.168276972624795,1.4358561460010735,1.7713365539452497,31.407675791733762,1.0131508319914118,0.2147074610842727,
101,7.37385936661299,0.7716049382716049,4.924852388620504,3.180354267310789,47.40338164251208,1.4358561460010735,2.3617820719269993,31.233225979602793,1.1003757380568975,0.2147074610842727,
102,7.702630166398282,0.7716049382716049,5.0791733762748255,3.166935050993022,47.34970477724101,1.4358561460010735,2.442297369833602,30.857487922705314,0.9796027911969941,0.2147074610842727,
103,7.997852925389157,0.7716049382716049,5.032206119162641,3.166935050993022,46.83977455716586,1.4358561460010735,2.871712292002147,30.709876543209877,0.9594739667203436,0.2147074610842727,
104,7.474503488996243,0.7716049382716049,4.300858829844337,1.6841116478797638,60.45356951154053,1.3486312399355878,3.6634460547504024,19.639023081052066,0.5367686527106817,0.1274825550187869,
105,7.14573268921095,0.7716049382716049,4.274020397208803,1.6639828234031133,61.52710681696189,1.0869565217391304,3.2474503488996245,19.41760601180891,0.8051529790660226,0.06038647342995169,
106,7.581857219538379,0.7716049382716049,4.274020397208803,1.6639828234031133,61.178207192699944,1.0869565217391304,3.2474503488996245,19.343800322061192,0.7917337627482555,0.06038647342995169,
107,7.64224369296833,0.9057971014492754,4.274020397208803,1.6237251744498122,59.62157809983897,1.0869565217391304,2.8113258185721954,21.182232957595275,0.7917337627482555,0.06038647342995169,
108,7.62211486849168,0.9057971014492754,6.219806763285024,1.724369296833065,58.031400966183575,1.0869565217391304,2.818035426731079,20.739398819108963,0.7917337627482555,0.06038647342995169,
109,7.890499194847021,0.8990874932903918,6.219806763285024,1.724369296833065,57.870370370370374,1.0869565217391304,2.9119699409554483,20.564949006977994,0.7716049382716049,0.06038647342995169,
110,7.823403113258186,0.8722490606548577,6.219806763285024,2.7241009125067097,56.50161030595813,1.0802469135802468,3.307836822329576,20.638754696725712,0.7716049382716049,0.06038647342995169,
111,7.555018786902845,0.8722490606548577,3.683574879227053,1.7914653784219001,62.36580783682233,0.9863123993558777,4.49543746645196,17.619431025228128,0.630703166935051,,
112,7.897208803005904,0.8722490606548577,3.683574879227053,1.7914653784219001,61.14465915190553,2.033011272141707,4.555823939881911,17.391304347826086,0.630703166935051,,
113,7.219538378958669,0.6776704240472357,3.683574879227053,1.6572732152442298,68.65271068169619,0.9863123993558777,3.9452495974235107,12.567096081588835,0.6105743424584005,,
114,7.501341921631776,0.6776704240472357,3.670155662909286,1.6572732152442298,68.29710144927536,0.9863123993558777,4.066022544283414,12.533548040794418,0.6105743424584005,,
115,7.615405260332796,0.6776704240472357,3.670155662909286,2.475845410628019,67.37788513150832,0.9863123993558777,4.066022544283414,12.466451959205582,0.6642512077294686,,
116,7.7898550724637685,0.6709608158883521,3.670155662909286,2.475845410628019,67.00885668276973,0.9863123993558777,4.3478260869565215,12.385936661298981,0.6642512077294686,,
117,7.883789586688137,0.6709608158883521,3.589640365002684,2.4691358024691357,66.56602254428341,0.9863123993558777,4.690016103059581,12.385936661298981,0.7581857219538379,,
118,8.071658615136876,0.6709608158883521,4.9718196457326895,2.4691358024691357,65.07648953301127,0.9863123993558777,4.810789049919484,12.184648416532475,0.7581857219538379,,
119,8.246108427267847,0.6709608158883521,4.871175523349437,2.589908749329039,64.35856146001073,2.475845410628019,3.9184111647879765,12.110842726784755,0.7581857219538379,,
120,8.400429414922169,0.6709608158883521,4.8443370907139025,2.5496511003757383,64.27133655394525,2.475845410628019,3.9184111647879765,12.110842726784755,0.7581857219538379,,
121,8.709071390230811,0.6709608158883521,7.105475040257649,2.5496511003757383,61.50697799248524,2.4490069779924855,4.1129898013955986,12.070585077831455,0.8252818035426731,,
122,9.104938271604938,0.6709608158883521,7.004830917874396,2.5496511003757383,61.10440150295223,2.4490069779924855,4.206924315619967,12.016908212560386,0.8923778851315083,,
123,8.856682769726248,0.6709608158883521,5.3274288781535155,2.5496511003757383,64.170692431562,1.482823403113258,4.019055287171229,11.580783682232958,1.3419216317767042,,
124,9.232420826623725,0.6709608158883521,5.267042404723564,2.5496511003757383,63.94927536231884,1.482823403113258,3.9720880300590444,11.540526033279656,1.3352120236178207,,
125,9.440418679549115,0.6709608158883521,5.24020397208803,2.5496511003757383,63.64734299516908,1.482823403113258,4.092860976918948,11.540526033279656,1.3352120236178207,,
126,9.172034353193773,0.6709608158883521,5.253623188405797,2.442297369833602,68.08910359634997,1.482823403113258,4.045893719806763,7.917337627482555,0.9259259259259259,,
127,8.863392377885132,0.644122383252818,4.7638217928073,2.442297369833602,66.32447665056361,3.8177670424047236,4.609500805152979,7.75630703166935,0.7783145464304885,,
128,9.044551798174986,0.644122383252818,4.777241009125067,2.4221685453569513,65.93531937734836,3.8177670424047236,4.8376274825550185,7.742887815351583,0.7783145464304885,,
129,9.205582393988191,0.644122383252818,4.730273752012883,2.4221685453569513,65.70719269994632,3.8177670424047236,4.998658078368224,7.615405260332796,0.8588298443370908,,
130,9.406870638754697,0.644122383252818,4.730273752012883,2.4221685453569513,65.53945249597423,3.797638217928073,4.985238862050457,7.615405260332796,0.8588298443370908,,
131,9.796027911969942,0.644122383252818,4.730273752012883,2.4154589371980677,65.31803542673107,3.797638217928073,4.918142780461621,7.521470746108427,0.8588298443370908,,
132,10.044283413848632,0.6239935587761675,4.730273752012883,2.4154589371980677,64.85507246376811,3.6500268384326353,5.340848094471283,7.481213097155126,0.8588298443370908,,
133,10.23215244229737,0.6239935587761675,4.730273752012883,2.4154589371980677,64.49946323134729,3.6500268384326353,5.522007514761138,7.467793880837359,0.8588298443370908,,
134,8.460815888352121,0.48980139559849706,4.408212560386473,2.120236178207193,69.30354267310788,2.6704240472356413,4.790660225442834,6.796833064949007,0.9594739667203436,,
135,8.61513687600644,0.48980139559849706,4.555823939881911,2.120236178207193,68.86070853462158,2.6167471819645733,5.173107890499195,6.608964036500268,0.9594739667203436,,
136,8.709071390230811,0.48980139559849706,4.441760601180891,2.395330112721417,68.43800322061192,2.576489533011272,5.267042404723564,6.608964036500268,0.9594739667203436,0.11406333870101985,
137,8.796296296296296,0.48980139559849706,4.388083735909823,3.3279656468062266,67.37788513150832,2.576489533011272,5.374396135265701,6.595544820182502,0.9594739667203436,0.11406333870101985,
138,8.829844337090714,0.48980139559849706,5.12614063338701,3.5426731078904994,65.93531937734836,2.576489533011272,5.837359098228664,6.588835212023618,0.9594739667203436,0.11406333870101985,
139,8.997584541062801,0.48980139559849706,5.0791733762748255,3.5225442834138487,64.58668813741278,2.576489533011272,7.078636607622115,6.481481481481482,1.0735373054213635,0.11406333870101985,
140,8.662104133118627,0.48980139559849706,4.9718196457326895,3.3279656468062266,65.73403113258186,2.576489533011272,6.816961889425658,6.327160493827161,0.9796027911969941,0.11406333870101985,
141,8.890230810520666,0.48980139559849706,4.931561996779388,3.5225442834138487,65.37171229200214,2.509393451422437,6.796833064949007,6.3137412775093935,1.0601180891035964,0.11406333870101985,
142,9.23913043478261,0.48980139559849706,4.891304347826087,3.3682232957595275,65.04965110037574,2.509393451422437,6.9243156199677935,6.3070316693505095,1.0601180891035964,0.1610305958132045,
143,9.433709071390231,0.48980139559849706,4.884594739667204,3.4957058507783145,64.7812667740204,2.509393451422437,6.9243156199677935,6.260064412238325,1.0601180891035964,0.1610305958132045,
144,9.896672034353195,0.48980139559849706,4.884594739667204,3.4621578099838968,64.19082125603865,2.509393451422437,7.1658615136876005,6.179549114331723,1.0601180891035964,0.1610305958132045,
145,10.178475577026301,0.48980139559849706,4.851046698872786,3.44873859366613,63.7614063338701,2.509393451422437,7.4141170155662905,6.132581857219538,1.0534084809447128,0.1610305958132045,
146,10.44015029522276,0.48980139559849706,4.810789049919484,3.502415458937198,63.52657004830918,2.509393451422437,7.4006977992485234,6.119162640901771,1.0399892646269457,0.1610305958132045,
147,10.82259796027912,0.47638217928073,4.804079441760601,3.549382716049383,63.04347826086956,2.4490069779924855,7.467793880837359,6.119162640901771,1.107085346215781,0.1610305958132045,
148,11.003757380568974,0.47638217928073,4.797369833601718,3.824476650563607,62.88915727321525,2.4490069779924855,7.454374664519592,5.911164787976382,1.0332796564680622,0.1610305958132045,
149,11.379495437466453,0.47638217928073,4.669887278582931,3.8177670424047236,62.13768115942029,2.4221685453569513,7.917337627482555,5.891035963499732,1.1876006441223832,0.10064412238325282,
150,11.352657004830919,0.47638217928073,5.320719269994632,3.8177670424047236,61.67471819645733,2.3886205045625335,7.890499194847021,5.790391841116479,1.1876006441223832,0.10064412238325282,
151,11.3593666129898,0.47638217928073,5.320719269994632,3.9318303811057436,60.83601717659689,2.3886205045625335,8.608427267847558,5.790391841116479,1.1876006441223832,0.10064412238325282,
152,11.52710681696189,0.47638217928073,5.307300053676865,4.119699409554482,60.560923242082666,2.3886205045625335,8.57487922705314,5.756843800322061,1.1876006441223832,0.10064412238325282,
153,11.674718196457327,0.47638217928073,5.300590445517981,4.119699409554482,60.42002147074611,2.3886205045625335,8.57487922705314,5.756843800322061,1.1876006441223832,0.10064412238325282,
154,11.768652710681696,0.47638217928073,5.300590445517981,4.260601180891036,60.07783145464305,2.3617820719269993,8.695652173913043,5.709876543209877,1.247987117552335,0.10064412238325282,
155,12.144390767579173,0.47638217928073,5.522007514761138,4.119699409554482,59.60144927536232,2.3617820719269993,8.715780998389693,5.709876543209877,1.247987117552335,0.10064412238325282,
156,12.372517444981213,0.47638217928073,5.347557702630167,4.186795491143317,59.33977455716586,2.3617820719269993,8.910359634997317,5.656199677938808,1.247987117552335,0.10064412238325282,
157,12.640901771336553,0.47638217928073,5.3341384863123995,5.3274288781535155,57.8972088030059,2.341653247450349,9.037842190016104,5.622651637144391,1.221148684916801,0.10064412238325282,
158,12.848899624261943,0.39586688137412773,5.522007514761138,5.300590445517981,57.75630703166935,2.341653247450349,8.917069243156199,5.595813204508857,1.221148684916801,0.10064412238325282,
159,12.99651100375738,0.39586688137412773,5.522007514761138,5.434782608695652,57.420826623725176,2.462426194310252,8.923778851315083,5.562265163714439,1.1808910359634996,0.10064412238325282,
160,13.217928073000536,0.39586688137412773,5.508588298443371,5.515297906602254,57.09205582393988,2.462426194310252,8.99087493290392,5.535426731078905,1.1808910359634996,0.10064412238325282,
161,13.539989264626946,0.39586688137412773,5.4616210413311865,5.495169082125604,56.937734836285564,2.4557165861513686,8.957326892109501,5.475040257648954,1.1808910359634996,0.10064412238325282,
162,13.714439076757918,0.39586688137412773,5.448201825013419,5.495169082125604,56.76328502415459,2.4557165861513686,8.970746108427267,5.475040257648954,1.1808910359634996,0.10064412238325282,
163,13.976113794954374,0.39586688137412773,5.448201825013419,5.535426731078905,56.53515834675255,2.442297369833602,9.064680622651638,5.3341384863123995,1.1674718196457328,0.10064412238325282,
164,14.123725174449811,0.39586688137412773,5.448201825013419,5.58239398819109,56.072195383789584,2.408749329039184,9.366612989801396,5.3341384863123995,1.1674718196457328,0.10064412238325282,
165,14.553140096618357,0.39586688137412773,5.414653784219001,5.4549114331723025,55.723295759527645,2.408749329039184,9.447128287707997,5.3341384863123995,1.1674718196457328,0.10064412238325282,
166,13.446054750402576,0.39586688137412773,5.132850241545894,4.730273752012883,48.711755233494365,1.6841116478797638,8.709071390230811,16.035963499731615,1.1540526033279657,,
167,13.781535158346752,0.39586688137412773,5.10601180891036,4.730273752012883,48.56414385399893,1.7914653784219001,8.501073537305421,15.908480944712828,1.221148684916801,,
168,13.976113794954374,0.39586688137412773,5.10601180891036,4.730273752012883,48.19511540526033,1.7914653784219001,8.722490606548577,15.861513687600644,1.221148684916801,,
169,14.103596349973161,0.39586688137412773,5.12614063338701,4.7101449275362315,47.51073537305421,2.589908749329039,8.722490606548577,15.4723564143854,1.3687600644122384,,
170,14.197530864197532,0.39586688137412773,5.025496511003757,4.757112184648417,47.06119162640902,2.9119699409554483,8.930488459473967,15.351583467525497,1.3687600644122384,,
171,14.553140096618357,0.39586688137412773,5.025496511003757,4.690016103059581,46.98067632850242,2.9119699409554483,8.917069243156199,15.157004830917874,1.3687600644122384,,
172,14.801395598497047,0.39586688137412773,4.985238862050457,4.663177670424047,46.812936124530324,2.9119699409554483,9.05126140633387,15.009393451422437,1.3687600644122384,,
173,15.311325818572195,0.39586688137412773,4.931561996779388,4.87788513150832,46.20907139023081,2.9119699409554483,9.091519055287172,14.9020397208803,1.3687600644122384,,
174,15.425389157273216,0.39586688137412773,4.911433172302737,5.3341384863123995,46.0077831454643,2.952227589908749,8.93719806763285,14.707461084272678,1.328502415458937,,
175,15.821256038647343,0.39586688137412773,4.911433172302737,5.307300053676865,45.78636607622115,2.918679549114332,8.917069243156199,14.620236178207193,1.3217928073000538,,
176,15.827965646806227,0.39586688137412773,4.911433172302737,6.427804616210413,45.088566827697264,2.898550724637681,8.930488459473967,14.251207729468598,1.2681159420289856,,
177,15.935319377348362,0.39586688137412773,4.904723564143854,6.427804616210413,44.920826623725176,2.8918411164787976,9.044551798174986,14.090177133655395,1.3888888888888888,,
178,16.049382716049383,0.39586688137412773,4.904723564143854,6.427804616210413,44.867149758454104,2.8918411164787976,9.044551798174986,14.036500268384327,1.3821792807300053,,
179,16.203703703703702,0.39586688137412773,4.884594739667204,6.541867954911433,44.10896403650027,2.885131508319914,9.581320450885668,14.016371443907676,1.3821792807300053,,
180,16.25738056897477,0.39586688137412773,4.884594739667204,6.541867954911433,44.10225442834138,2.885131508319914,9.581320450885668,13.969404186795492,1.3821792807300053,,
181,16.398282340311326,0.39586688137412773,4.884594739667204,6.535158346752549,43.954643048845945,2.885131508319914,9.628287707997853,13.935856146001074,1.3821792807300053,,
182,16.55931293612453,0.39586688137412773,4.824208266237251,6.602254428341385,43.82716049382716,2.885131508319914,9.648416532474503,13.875469672571121,1.3821792807300053,,
183,16.780730005367687,0.39586688137412773,5.119431025228127,6.266774020397209,43.72651637144391,2.885131508319914,9.614868491680086,13.848631239935587,1.3620504562533549,,
184,17.06924315619968,0.39586688137412773,5.0858829844337095,6.260064412238325,43.51851851851852,2.8515834675254963,9.648416532474503,13.808373590982287,1.3620504562533549,,
185,17.2638217928073,0.39586688137412773,5.0858829844337095,6.400966183574879,43.303811057434245,2.8515834675254963,9.601449275362318,13.734567901234568,1.3620504562533549,,
186,17.37788513150832,0.39586688137412773,5.072463768115942,6.6760601180891035,43.062265163714436,2.8515834675254963,9.675254965110037,13.47289318303811,1.415727321524423,,
187,17.270531400966185,0.39586688137412773,4.810789049919484,6.662640901771336,41.47879763821793,4.99194847020934,9.500805152979066,13.47289318303811,1.415727321524423,,
188,17.444981213097154,0.39586688137412773,4.757112184648417,6.649221685453569,41.44524959742351,4.99194847020934,9.46725711218465,13.43263553408481,1.415727321524423,,
189,17.780461621041333,0.39586688137412773,4.757112184648417,6.649221685453569,41.243961352657,4.911433172302737,9.554482018250134,13.137412775093935,1.570048309178744,,
190,17.921363392377884,0.39586688137412773,4.683306494900698,6.615673644659152,41.136607622114866,4.85775630703167,9.648416532474503,13.311862587224907,1.42914653784219,,
191,15.801127214170693,0.39586688137412773,4.17337627482555,6.206387546967257,36.77536231884058,4.830917874396135,8.293075684380032,22.470477724100913,1.0534084809447128,,
192,16.21712292002147,0.39586688137412773,4.1532474503489,6.1862587224906065,36.621041331186255,4.830917874396135,8.293075684380032,22.249060654857757,1.0534084809447128,,
193,16.398282340311326,0.39586688137412773,4.032474503488996,6.266774020397209,36.47342995169082,4.824208266237251,8.319914117015566,22.020933977455716,1.1876006441223832,0.08051529790660225,
194,16.478797638217927,0.39586688137412773,3.9989264626945786,6.152710681696189,36.37949543746645,4.777241009125067,8.319914117015566,22.228931830381107,1.1876006441223832,0.08051529790660225,
195,16.847826086956523,0.39586688137412773,3.9720880300590444,6.078904991948471,36.231884057971016,4.777241009125067,8.246108427267847,22.18196457326892,1.1876006441223832,0.08051529790660225,
196,16.935050993022006,0.39586688137412773,4.206924315619967,5.978260869565218,36.11782071926999,4.643048845947397,8.568169618894256,21.886741814278047,1.1876006441223832,0.08051529790660225,
197,17.03569511540526,0.3757380568974772,4.186795491143317,6.494900697799249,35.72195383789587,4.643048845947397,8.467525496511003,21.826355340848096,1.1674718196457328,0.08051529790660225,
198,17.102791196994094,0.3757380568974772,4.17337627482555,6.736446591519055,35.21202361782072,4.616210413311863,8.749329039184111,21.812936124530328,1.1406333870101986,0.08051529790660225,
199,17.270531400966185,0.36902844873859364,4.17337627482555,6.696188942565755,35.158346752549654,4.616210413311863,8.863392377885132,21.658615136876005,1.1406333870101986,0.05367686527106817,
200,17.444981213097154,0.36902844873859364,4.17337627482555,6.937734836285561,34.957058507783145,4.555823939881911,8.856682769726248,21.30300590445518,1.3486312399355878,0.05367686527106817,
201,17.793880837359097,0.36902844873859364,4.17337627482555,6.9243156199677935,34.574610842726784,4.461889425657541,8.970746108427267,21.26274825550188,1.3486312399355878,0.12077294685990338,
202,18.169618894256576,0.36902844873859364,4.092860976918948,6.91760601180891,34.447128287708,4.435050993022007,8.970746108427267,21.128556092324207,1.3486312399355878,0.12077294685990338,
203,16.847826086956523,0.36902844873859364,3.898282340311326,6.112453032742888,38.27831454643049,3.992216854535695,8.420558239398819,20.658883521202362,1.3016639828234031,0.12077294685990338,
204,17.176596886741816,0.36902844873859364,3.8378958668813743,6.0654857756307035,38.16425120772947,3.992216854535695,8.413848631239935,20.558239398819108,1.3016639828234031,0.12077294685990338,
205,17.324208266237253,0.36902844873859364,3.824476650563607,6.300322061191626,37.92941492216855,3.992216854535695,8.319914117015566,20.517981749865807,1.3016639828234031,0.12077294685990338,
206,17.411433172302736,0.36902844873859364,3.824476650563607,6.400966183574879,37.69457863660762,3.992216854535695,8.36688137412775,20.517981749865807,1.3016639828234031,0.12077294685990338,
207,17.68652710681696,0.36902844873859364,3.8043478260869565,6.468062265163715,37.506709608158886,3.9855072463768115,8.313204508856682,20.457595276435857,1.288244766505636,0.12077294685990338,
208,17.894524959742352,0.36902844873859364,3.8043478260869565,6.468062265163715,37.39935587761675,3.9452495974235107,8.36688137412775,20.303274288781534,1.328502415458937,0.12077294685990338,
209,17.807300053676865,0.36902844873859364,4.508856682769726,6.327160493827161,37.05716586151369,3.9452495974235107,8.440687063875469,20.148953301127214,1.328502415458937,0.06709608158883522,
210,18.075684380032207,0.36902844873859364,4.508856682769726,6.320450885668277,36.922973698336016,3.9452495974235107,8.400429414922169,20.061728395061728,1.328502415458937,0.06709608158883522,
211,18.136070853462158,0.36902844873859364,4.508856682769726,6.320450885668277,36.81561996779388,4.133118625872249,8.53462157809984,19.80005367686527,1.3150831991411702,0.06709608158883522,
212,18.203166935050994,0.36902844873859364,4.508856682769726,6.253354804079442,36.68813741277509,4.28743961352657,8.53462157809984,19.773215244229736,1.3150831991411702,0.06709608158883522,
213,18.283682232957595,0.36902844873859364,4.656468062265164,6.340579710144928,36.533816425120776,4.274020397208803,8.454106280193237,19.706119162640903,1.3150831991411702,0.06709608158883522,
214,18.4849704777241,0.36902844873859364,4.616210413311863,6.300322061191626,36.520397208803004,4.26731078904992,8.454106280193237,19.464573268921097,1.4559849704777241,0.06709608158883522,
215,18.82716049382716,0.36902844873859364,4.609500805152979,6.333870101986044,36.34594739667203,4.253891572732153,8.400429414922169,19.350509930220074,1.442565754159957,0.06709608158883522,
216,19.0150295222759,0.36902844873859364,4.602791196994096,6.394256575415996,36.030595813204506,4.253891572732153,8.581588835212024,19.249865807836823,1.4358561460010735,0.06709608158883522,
217,16.861245303274288,,4.139828234031133,4.723564143853999,41.99543746645196,3.851315083199141,8.373590982286634,18.61916264090177,1.3687600644122384,0.06709608158883522,
218,17.2638217928073,,4.126409017713366,4.676596886741814,41.639828234031135,3.797638217928073,8.474235104669887,18.585614600107355,1.3687600644122384,0.06709608158883522,
219,17.330917874396135,,4.0995705850778315,5.132850241545894,41.30434782608695,3.7909286097691894,8.36688137412775,18.53864734299517,1.3687600644122384,0.06709608158883522,
220,17.559044551798173,,4.066022544283414,5.119431025228127,41.1634460547504,3.730542136339238,8.454106280193237,18.491680085882983,1.3486312399355878,0.06709608158883522,
221,17.773752012882447,,4.05931293612453,5.213365539452496,40.90177133655394,3.717122920021471,8.702361782071927,18.250134192163177,1.3150831991411702,0.06709608158883522,
222,17.62614063338701,,5.112721417069243,5.10601180891036,40.19055287171229,3.717122920021471,8.641975308641975,18.223295759527645,1.3150831991411702,0.06709608158883522,
223,17.773752012882447,,5.065754159957058,5.0791733762748255,39.80810520665593,4.669887278582931,8.460815888352121,17.76033279656468,1.3150831991411702,0.06709608158883522,
224,17.961621041331185,,5.065754159957058,5.193236714975845,39.60681696188943,4.64975845410628,8.400429414922169,17.753623188405797,1.3016639828234031,0.06709608158883522,
225,17.98845947396672,,5.065754159957058,5.394524959742351,39.36527106816962,4.643048845947397,8.400429414922169,17.431561996779386,1.6438539989264627,0.06709608158883522,
226,18.129361245303276,,5.052334943639291,5.381105743424584,38.868760064412236,4.636339237788513,8.84326355340848,17.37788513150832,1.6438539989264627,0.06709608158883522,
227,18.33064949006978,,5.052334943639291,5.35426731078905,38.79495437466452,4.582662372517445,8.829844337090714,17.324208266237253,1.6103059581320451,0.12077294685990338,
228,18.5252281266774,,5.032206119162641,5.340848094471283,38.6808910359635,4.582662372517445,8.93719806763285,17.16988727858293,1.6103059581320451,0.12077294685990338,
229,18.625872249060656,,5.10601180891036,5.669618894256575,38.39237788513151,4.569243156199678,8.776167471819646,17.09608158883521,1.6438539989264627,0.12077294685990338,
