,45,50,51,55,52,54,56,53
0,100.0,,,,,,,
1,100.0,,,,,,,
2,98.9801395598497,1.0198604401502953,,,,,,
3,98.38298443370907,1.6170155662909287,,,,,,
4,94.8268921095008,5.173107890499195,,,,,,
5,89.50617283950618,10.493827160493828,,,,,,
6,89.52630166398282,10.473698336017177,,,,,,
7,85.49382716049382,14.318303811057435,0.1878690284487386,,,,,
8,79.61621041331186,20.1959205582394,0.1878690284487386,,,,,
9,79.61621041331186,20.1959205582394,0.1878690284487386,,,,,
10,68.33064949006977,31.48148148148148,0.1878690284487386,,,,,
11,67.28395061728395,32.52818035426731,0.1878690284487386,,,,,
12,66.05609232420827,33.25281803542673,0.6910896403650026,,,,,
13,63.35212023617821,35.79575952764358,0.7045088566827697,0.14761137949543746,,,,
14,63.499731615673646,35.648148148148145,0.7045088566827697,0.14761137949543746,,,,
15,63.57353730542136,35.57434245840043,0.7045088566827697,0.14761137949543746,,,,
16,62.69457863660762,34.4068706387547,2.7509393451422435,0.14761137949543746,,,,
17,61.07085346215781,36.030595813204506,2.7509393451422435,0.14761137949543746,,,,
18,58.68894256575416,35.849436392914654,2.7509393451422435,0.1274825550187869,2.5831991411701556,,,
19,56.90418679549114,37.67444981213097,2.7241009125067097,0.1274825550187869,2.5697799248523885,,,
20,46.323134728931834,48.25550187869028,2.7241009125067097,0.1274825550187869,2.5697799248523885,,,
21,44.67257112184648,49.6309715512614,2.7241009125067097,0.4025764895330113,2.5697799248523885,,,
22,44.77321524422974,49.53032742887815,2.7241009125067097,0.4025764895330113,2.5697799248523885,,,
23,44.91411701556629,49.443102522812666,2.6838432635534084,0.38915727321524424,2.5697799248523885,,,
24,44.96108427267848,49.15458937198068,2.6838432635534084,0.630703166935051,2.5697799248523885,,,
25,44.08212560386473,47.96027911969941,4.757112184648417,0.630703166935051,2.5697799248523885,,,
26,40.083199141170155,52.10010735373054,4.616210413311863,0.630703166935051,2.5697799248523885,,,
27,40.19055287171229,51.992753623188406,4.616210413311863,0.630703166935051,2.5697799248523885,,,
28,39.841653247450346,49.00697799248524,7.950885668276973,0.630703166935051,2.5697799248523885,,,
29,40.05636070853462,48.82581857219538,7.944176060118089,0.6038647342995169,2.5697799248523885,,,
30,40.21739130434783,48.72517444981213,7.9106280193236715,0.6038647342995169,2.5429414922168547,,,
31,40.17042404723564,46.66532474503489,7.9106280193236715,0.5971551261406334,3.166935050993022,1.4895330112721417,,
32,40.19726247987118,46.0077831454643,8.387010198604402,0.5971551261406334,3.1602254428341383,1.6505636070853462,,
33,31.95786366076221,53.596349973161566,9.05126140633387,0.5971551261406334,3.1468062265163717,1.6505636070853462,,
34,32.085346215781,53.455448201825014,9.037842190016104,0.7380568974771873,3.0327428878153517,1.6505636070853462,,
35,32.32018250134192,53.247450348899626,9.037842190016104,0.7380568974771873,3.0059044551798175,1.6505636070853462,,
36,32.29334406870639,53.28770799785293,9.024422973698336,0.7380568974771873,2.771068169618894,1.6505636070853462,0.23483628556092323,
37,32.49463231347289,53.01932367149758,9.024422973698336,0.8856682769726248,2.690552871712292,1.6505636070853462,0.23483628556092323,
38,31.709608158883523,52.55636070853462,8.964036500268385,1.0601180891035964,3.938539989264627,1.5365002683843263,0.23483628556092323,
39,31.44122383252818,51.42914653784219,7.004830917874396,1.0399892646269457,7.313472893183038,1.5365002683843263,0.23483628556092323,
40,31.414385399892645,49.06736446591519,7.004830917874396,1.0399892646269457,9.75577026301664,1.482823403113258,0.23483628556092323,
41,30.334138486312398,48.289049919484704,5.676328502415459,0.8051529790660226,12.13768115942029,1.4626945786366077,0.23483628556092323,1.0601180891035964
42,29.74369296833065,42.03569511540526,9.219001610305957,0.4562533548040794,15.921900161030596,1.4626945786366077,0.23483628556092323,0.9259259259259259
43,29.522275899087493,40.673644659151904,10.836017176596886,0.4562533548040794,15.888352120236178,1.4626945786366077,0.23483628556092323,0.9259259259259259
44,29.508856682769725,38.6406333870102,10.34621578099839,0.4562533548040794,16.97530864197531,2.9119699409554483,0.23483628556092323,0.9259259259259259
45,28.059581320450885,35.05099302200752,17.391304347826086,0.4025764895330113,15.049651100375739,2.885131508319914,0.23483628556092323,0.9259259259259259
46,28.368223295759528,34.18545356951154,18.646001073537306,0.38915727321524424,14.566559312936125,2.885131508319914,0.03354804079441761,0.9259259259259259
47,28.435319377348364,30.67632850241546,18.4447128287708,3.4621578099838968,14.949006977992486,2.885131508319914,0.03354804079441761,1.1137949543746646
48,28.093129361245303,29.334406870638755,18.230005367686527,3.4621578099838968,16.505636070853463,3.227321524422974,0.03354804079441761,1.1137949543746646
49,21.584809447128286,39.64036500268384,19.390767579173378,3.388352120236178,13.137412775093935,2.4490069779924855,0.03354804079441761,0.3757380568974772
50,21.692163177670423,39.42565754159957,19.276704240472355,3.388352120236178,12.399355877616747,2.4490069779924855,0.03354804079441761,1.3352120236178207
51,21.32313472893183,40.27106816961889,19.0955448201825,3.388352120236178,11.305689747718732,3.2474503488996245,0.03354804079441761,1.3352120236178207
52,21.443907675791735,39.06333870101986,18.491680085882983,3.3682232957595275,11.272141706924316,3.227321524422974,0.03354804079441761,3.099838969404187
53,21.20907139023081,36.198336017176594,18.203166935050994,3.079710144927536,15.150295222758992,3.227321524422974,0.03354804079441761,2.898550724637681
54,21.309715512614062,36.16478797638218,18.169618894256576,3.0730005367686526,15.136876006441224,3.2139023081052067,0.03354804079441761,2.898550724637681
55,15.962157809983896,47.32957595276436,16.861245303274288,3.0394524959742353,11.399624261943103,2.8784219001610305,,2.5295222758990876
56,16.056092324208265,47.316156736446594,16.814278046162105,3.166935050993022,11.399624261943103,2.8784219001610305,,2.368491680085883
57,16.11647879763822,47.28931830381106,16.814278046162105,3.797638217928073,11.399624261943103,2.214170692431562,,2.368491680085883
58,16.404991948470208,46.62506709608159,16.800858829844337,3.683574879227053,11.3593666129898,2.7844873859366612,,2.341653247450349
59,16.478797638217927,46.39023081052066,16.794149221685455,3.864734299516908,11.3593666129898,2.771068169618894,,2.341653247450349
60,16.13660762211487,45.04830917874396,15.076489533011273,4.139828234031133,14.888620504562533,2.771068169618894,,1.9390767579173376
61,16.0426731078905,44.860440150295226,15.33816425120773,3.569511540526033,14.888620504562533,2.462426194310252,,2.8381642512077296
62,16.25738056897477,44.518250134192165,15.291196994095545,3.307836822329576,14.794685990338165,2.9924852388620504,,2.8381642512077296
63,16.337895866881375,44.0955448201825,14.620236178207193,3.280998389694042,14.378690284487385,4.448470209339774,,2.8381642512077296
64,15.74074074074074,47.90660225442834,10.762211486849168,3.140096618357488,13.446054750402576,3.9318303811057436,,5.072463768115942
65,15.874932903918411,47.63150831991412,10.762211486849168,3.2877079978529253,13.439345142243694,3.9318303811057436,,5.072463768115942
66,16.015834675254965,47.57783145464305,10.742082662372518,3.2877079978529253,13.405797101449275,3.898282340311326,,5.072463768115942
67,15.4723564143854,48.268921095008054,10.715244229736983,3.2877079978529253,13.352120236178207,3.8580246913580245,,5.045625335480408
68,14.465915190552872,47.30273752012882,12.86231884057971,1.9994632313472893,12.593934514224369,2.85829307568438,,7.917337627482555
69,14.754428341384862,47.06119162640902,12.815351583467525,1.9994632313472893,12.593934514224369,2.85829307568438,,7.917337627482555
70,14.955716586151368,47.00080515297907,12.815351583467525,1.9994632313472893,12.567096081588835,2.85829307568438,,7.803274288781535
71,15.096618357487923,46.96054750402576,12.801932367149758,1.9994632313472893,12.506709608158884,2.85829307568438,,7.776435856146001
72,15.237520128824476,46.81964573268921,12.600644122383253,1.9860440150295222,12.439613526570048,2.85829307568438,,8.05823939881911
73,15.559581320450885,46.564680622651636,12.600644122383253,1.9860440150295222,12.379227053140097,2.8515834675254963,,8.05823939881911
74,15.687063875469672,46.47745571658615,12.600644122383253,1.9860440150295222,12.379227053140097,2.8515834675254963,,8.017981749865807
75,16.002415458937197,46.222490606548575,12.600644122383253,1.9860440150295222,12.338969404186795,2.831454643048846,,8.017981749865807
76,16.31105743424584,45.94739667203435,11.305689747718732,1.9860440150295222,13.600375738056897,2.831454643048846,,8.017981749865807
77,16.552603327965645,45.8467525496511,11.211755233494364,1.9524959742351047,13.58695652173913,2.831454643048846,,8.017981749865807
78,16.874664519592056,45.65888352120236,11.211755233494364,1.9524959742351047,13.747987117552334,2.8113258185721954,,7.742887815351583
79,16.874664519592056,44.03515834675255,11.211755233494364,3.5762211486849167,13.747987117552334,2.8113258185721954,,7.742887815351583
80,16.74718196457327,43.53864734299517,11.211755233494364,3.5762211486849167,14.418947933440688,2.8113258185721954,,7.695920558239399
81,16.914922168545356,42.76704240472356,11.191626409017713,4.300858829844337,14.38539989264627,2.8113258185721954,,7.628824476650563
82,17.022275899087493,40.37842190016103,11.178207192699947,6.66935050993022,14.31159420289855,2.8113258185721954,,7.628824476650563
83,17.08937198067633,40.37842190016103,11.137949543746645,6.66935050993022,14.284755770263017,2.8113258185721954,,7.628824476650563
84,16.129898013955984,37.493290391841114,13.030059044551798,6.595544820182502,14.244498121309716,4.87788513150832,,7.628824476650563
85,15.848094471282877,37.11084272678475,15.257648953301127,6.595544820182502,12.922705314009661,4.636339237788513,,7.628824476650563
86,15.901771336553946,37.104133118625874,15.22410091250671,6.595544820182502,12.922705314009661,4.622920021470746,,7.628824476650563
87,15.821256038647343,37.084004294149224,16.881374127750938,6.588835212023618,11.802200751476114,4.582662372517445,,7.239667203435319
88,15.975577026301664,36.82903918411165,16.881374127750938,6.709608158883521,11.802200751476114,4.562533548040794,,7.239667203435319
89,15.98899624261943,36.15807836822329,16.881374127750938,6.280193236714976,12.902576489533011,4.549114331723027,,7.239667203435319
90,15.479066022544284,34.15861513687601,20.67230273752013,6.072195383789587,13.231347289318304,3.1199677938808374,,7.266505636070853
91,14.78797638217928,33.56816961889426,21.672034353193773,7.407407407407407,12.204777241009126,3.1199677938808374,,7.239667203435319
92,15.022812667740205,33.47423510466989,21.571390230810522,7.39398819108964,12.177938808373591,3.1199677938808374,,7.239667203435319
93,15.002683843263553,32.92404723564144,21.557971014492754,6.286902844873859,13.868760064412239,3.1199677938808374,,7.239667203435319
94,15.163714439076758,32.76301663982824,21.557971014492754,6.286902844873859,13.868760064412239,3.1199677938808374,,7.239667203435319
95,14.345142243692969,31.702898550724637,23.95330112721417,6.286902844873859,13.81508319914117,2.9388083735909825,,6.957863660762212
96,14.989264626945786,31.5552871712292,23.45679012345679,6.286902844873859,13.81508319914117,2.9388083735909825,,6.957863660762212
97,15.26435856146001,31.374127750939344,23.389694041867955,6.286902844873859,13.81508319914117,2.9388083735909825,,6.9310252281266775
98,15.418679549114332,31.166129898013956,22.745571658615138,6.253354804079442,14.55984970477724,2.9253891572732154,,6.9310252281266775
99,15.5126140633387,31.166129898013956,22.69860440150295,6.206387546967257,14.989264626945786,2.9253891572732154,,6.501610305958132
100,15.767579173376275,31.125872249060656,22.63150831991412,6.199677938808374,14.861782071927,2.9119699409554483,,6.501610305958132
101,15.94873859366613,30.864197530864196,22.5979602791197,6.172839506172839,14.452495974235104,2.9119699409554483,,7.051798174986581
102,15.98899624261943,30.85077831454643,22.5979602791197,6.172839506172839,14.42565754159957,2.9119699409554483,,7.051798174986581
103,16.089640365002683,30.750134192163177,22.5979602791197,6.172839506172839,14.42565754159957,2.9119699409554483,,7.051798174986581
104,16.1231884057971,30.67632850241546,22.530864197530864,6.085614600107354,14.647074610842727,2.9119699409554483,,7.024959742351046
105,16.27079978529254,30.56226516371444,22.530864197530864,6.072195383789587,14.626945786366075,2.9119699409554483,,7.024959742351046
106,16.545893719806763,30.52871712292002,22.356414385399894,6.031937734836285,14.600107353730541,2.9119699409554483,,7.024959742351046
107,16.586151368760063,30.52200751476114,22.33628556092324,6.025228126677402,14.593397745571659,2.9119699409554483,,7.024959742351046
108,16.854535695115406,30.48174986580784,22.108158883521202,5.998389694041868,14.325013419216317,2.9119699409554483,,7.320182501341922
109,16.780730005367687,30.26033279656468,21.70558239398819,5.998389694041868,15.734031132581856,2.7509393451422435,,6.769994632313473
110,16.941760601180892,30.119431025228128,21.69887278582931,5.998389694041868,15.72061191626409,2.7509393451422435,,6.769994632313473
111,17.11621041331186,30.07246376811594,21.66532474503489,5.991680085882985,15.693773483628556,2.7241009125067097,,6.736446591519055
112,17.424852388620504,29.978529253891573,21.557971014492754,5.991680085882985,15.593129361245303,2.7241009125067097,,6.729736983360172
113,16.80756843800322,29.55582393988191,23.859366612989803,5.307300053676865,15.53274288781535,2.623456790123457,,6.3137412775093935
114,16.6532474503489,29.26731078904992,24.496779388083738,5.307300053676865,15.365002683843263,2.623456790123457,,6.286902844873859
115,16.75389157273215,29.22705314009662,24.46323134728932,5.307300053676865,15.365002683843263,2.5966183574879227,,6.286902844873859
116,16.552603327965645,28.864734299516908,26.308373590982285,5.307300053676865,14.13714439076758,2.5966183574879227,,6.233225979602791
117,17.008856682769725,28.75738056897477,26.120504562533547,5.280461621041331,14.002952227589908,2.5966183574879227,,6.233225979602791
118,16.606280193236714,26.818303811057433,26.073537305421365,5.199946323134729,16.472088030059044,2.5966183574879227,,6.233225979602791
119,16.7337627482555,26.717659688674182,26.04669887278583,5.199946323134729,16.472088030059044,2.5966183574879227,,6.233225979602791
120,16.505636070853463,26.167471819645733,27.066559312936125,5.186527106816962,16.391572732152444,2.4557165861513686,,6.226516371443908
121,17.03569511540526,26.06682769726248,26.670692431561996,5.152979066022544,16.391572732152444,2.4557165861513686,,6.226516371443908
122,17.183306494900698,26.06682769726248,26.596886741814277,5.132850241545894,16.337895866881375,2.4557165861513686,,6.226516371443908
123,17.559044551798173,25.93263553408481,26.590177133655395,5.052334943639291,16.190284487385938,2.4557165861513686,,6.219806763285024
124,17.713365539452496,25.89237788513151,26.529790660225444,5.01207729468599,16.190284487385938,2.4490069779924855,,6.213097155126141
125,18.00187869028449,24.785292538915726,24.46323134728932,4.9651100375738055,16.15673644659152,5.414653784219001,,6.213097155126141
126,18.00187869028449,24.765163714439076,26.34863123993559,4.9651100375738055,15.552871712292003,5.414653784219001,,4.951690821256038
127,18.06897477187332,24.765163714439076,26.31508319914117,4.944981213097155,15.539452495974235,5.414653784219001,,4.951690821256038
128,18.209876543209877,24.745034889962426,26.20101986044015,4.944981213097155,15.539452495974235,5.407944176060118,,4.951690821256038
129,18.230005367686527,24.731615673644658,26.20101986044015,4.938271604938271,15.539452495974235,5.407944176060118,,4.951690821256038
130,18.4849704777241,24.698067632850243,26.08695652173913,4.8443370907139025,15.526033279656469,5.407944176060118,,4.951690821256038
131,18.800322061191626,24.590713902308106,25.91250670960816,4.8443370907139025,15.499194847020934,5.407944176060118,,4.944981213097155
132,18.88083735909823,24.530327428878152,25.335480407944175,4.830917874396135,16.25738056897477,5.407944176060118,,4.757112184648417
133,18.625872249060656,22.302737520128826,25.97289318303811,4.804079441760601,15.277777777777779,5.401234567901234,,7.615405260332796
134,18.867418142780462,22.22222222222222,25.95276435856146,4.804079441760601,15.230810520665592,5.401234567901234,,7.521470746108427
135,18.98148148148148,22.168545356951153,25.91250670960816,4.797369833601718,15.217391304347826,5.401234567901234,,7.521470746108427
136,19.122383252818036,22.114868491680085,25.85882984433709,4.783950617283951,15.217391304347826,5.381105743424584,,7.521470746108427
137,19.14922168545357,22.088030059044552,25.85882984433709,4.783950617283951,15.217391304347826,5.381105743424584,,7.521470746108427
138,18.129361245303276,20.893719806763286,28.475577026301664,4.783950617283951,13.33870101986044,4.40150295222759,,9.977187332259795
139,18.203166935050994,20.893719806763286,28.44873859366613,4.770531400966184,13.311862587224907,4.40150295222759,,9.970477724100913
140,18.256843800322063,20.860171765968868,28.435319377348364,4.770531400966184,13.305152979066023,4.40150295222759,,9.970477724100913
141,18.283682232957595,20.860171765968868,28.435319377348364,4.770531400966184,13.278314546430488,4.40150295222759,,9.970477724100913
142,18.45813204508857,20.819914117015568,28.33467525496511,4.736983360171766,13.278314546430488,4.40150295222759,,9.970477724100913
143,18.625872249060656,20.77294685990338,28.327965646806227,4.736983360171766,13.238056897477188,4.38137412775094,,9.916800858829845
144,18.699677938808374,20.739398819108963,28.327965646806227,4.736983360171766,13.211218464841654,4.38137412775094,,9.903381642512077
145,18.572195383789587,20.12211486849168,28.207192699946322,4.736983360171766,13.197799248523886,5.260332796564681,,9.903381642512077
146,18.739935587761675,20.068438003220614,28.133387010198604,4.730273752012883,13.18438003220612,5.253623188405797,,9.88996242619431
147,18.773483628556093,20.068438003220614,28.099838969404185,4.730273752012883,13.18438003220612,5.253623188405797,,9.88996242619431
148,19.03515834675255,20.041599570585078,27.938808373590984,4.730273752012883,13.110574342458401,5.253623188405797,,9.88996242619431
149,16.438539989264626,32.26650563607085,24.16129898013956,4.7168545356951155,8.407139023081053,5.253623188405797,,8.756038647342995
150,15.626677402039721,30.35426731078905,24.14117015566291,4.361245303274289,8.407139023081053,8.541331186258722,,8.568169618894256
151,15.734031132581856,30.300590445517983,24.12104133118626,4.327697262479871,9.73564143853999,8.501073537305421,,7.27992485238862
152,15.774288781535159,30.26033279656468,24.12104133118626,4.327697262479871,9.73564143853999,8.501073537305421,,7.27992485238862
153,15.901771336553946,30.233494363929147,24.08078368223296,4.320987654320987,9.73564143853999,8.480944712828771,,7.246376811594203
154,16.129898013955984,30.159688674181428,24.053945249597422,4.30756843800322,9.695383789586689,8.447396672034353,,7.206119162640902
155,15.98899624261943,29.20692431561997,24.02710681696189,4.025764895330113,9.628287707997853,9.990606548577563,,7.132313472893183
156,16.11647879763822,29.1129898013956,23.993558776167472,4.025764895330113,9.628287707997853,9.990606548577563,,7.132313472893183
157,16.324476650563607,29.032474503488995,23.872785829307567,4.025764895330113,9.621578099838969,9.990606548577563,,7.132313472893183
158,16.505636070853463,28.931830381105744,23.839237788513152,4.025764895330113,9.608158883521202,9.990606548577563,,7.098765432098766
159,15.955448201825014,28.743961352657006,22.497316156736446,4.025764895330113,11.701556629092861,9.98389694041868,,7.092055823939882
160,16.23054213633924,28.71712292002147,22.31615673644659,4.012345679012346,11.681427804616211,9.98389694041868,,7.058507783145465
161,15.848094471282877,28.079710144927535,21.846484165324746,4.012345679012346,11.681427804616211,9.98389694041868,,8.548040794417606
162,15.895061728395062,27.9723564143854,21.81964573268921,3.9855072463768115,11.560654857756306,9.98389694041868,0.23483628556092323,8.548040794417606
163,16.089640365002683,27.925389157273216,21.786097691894792,3.9855072463768115,11.493558776167472,9.936929683306495,0.23483628556092323,8.548040794417606
164,16.264090177133657,27.885131508319915,21.68545356951154,3.9855072463768115,11.493558776167472,9.936929683306495,0.23483628556092323,8.514492753623188
165,16.5727321524423,27.449006977992486,21.66532474503489,4.260601180891036,11.426462694578637,9.936929683306495,0.23483628556092323,8.454106280193237
166,17.09608158883521,27.32823403113258,21.390230810520666,4.260601180891036,11.345947396672035,9.936929683306495,0.20799785292538917,8.433977455716587
167,17.384594739667204,27.30139559849705,21.24261943102523,4.260601180891036,11.345947396672035,9.923510466988727,0.20799785292538917,8.333333333333334
168,17.431561996779386,26.737788513150832,21.900161030595815,4.260601180891036,10.916532474503489,9.131776704240472,0.20799785292538917,9.41358024691358
169,17.59259259259259,26.596886741814277,21.71900161030596,4.4820182501341925,10.896403650026839,9.104938271604938,0.20799785292538917,9.400161030595813
170,17.746913580246915,26.529790660225444,21.672034353193773,4.4820182501341925,10.876274825550189,9.084809447128288,0.20799785292538917,9.400161030595813
171,17.834138486312398,26.50966183574879,21.672034353193773,4.4820182501341925,10.849436392914654,9.084809447128288,0.20799785292538917,9.359903381642512
172,17.887815351583466,26.46940418679549,21.40365002683843,4.4820182501341925,11.366076221148685,8.950617283950617,0.20799785292538917,9.232420826623725
173,18.06226516371444,26.39559849704777,21.349973161567366,4.4820182501341925,11.33923778851315,8.950617283950617,0.20799785292538917,9.212292002147075
174,18.223295759527645,26.341921631776703,21.296296296296298,4.4820182501341925,11.305689747718732,8.930488459473967,0.20799785292538917,9.212292002147075
175,17.921363392377884,26.140633387010197,21.85319377348363,4.4820182501341925,11.252012882447666,8.930488459473967,0.20799785292538917,9.212292002147075
176,17.85426731078905,26.04669887278583,21.77938808373591,4.414922168545357,11.701556629092861,8.78287707997853,0.20799785292538917,9.212292002147075
177,17.94820182501342,26.01315083199141,21.74584004294149,4.414922168545357,11.701556629092861,8.78287707997853,0.20799785292538917,9.185453569511541
178,17.317498658078367,25.44283413848631,22.5577026301664,4.824208266237251,11.701556629092861,8.76274825550188,0.20799785292538917,9.185453569511541
179,17.53220611916264,25.39586688137413,22.443639291465377,4.824208266237251,11.674718196457327,8.76274825550188,0.20799785292538917,9.158615136876007
180,17.693236714975846,25.355609232420825,22.33628556092324,4.824208266237251,11.674718196457327,8.749329039184111,0.20799785292538917,9.158615136876007
181,18.02871712292002,25.214707461084274,22.289318303811058,4.736983360171766,11.66129898013956,8.702361782071927,0.20799785292538917,9.158615136876007
182,18.17632850241546,24.94632313472893,22.289318303811058,4.736983360171766,11.500268384326356,9.272678475577026,0.05367686527106817,9.024422973698336
183,18.263553408480945,24.93961352657005,22.282608695652176,4.736983360171766,11.500268384326356,9.212292002147075,0.05367686527106817,9.01100375738057
184,18.377616747181964,24.90606548577563,22.25577026301664,4.723564143853999,11.466720343531938,9.212292002147075,0.05367686527106817,9.004294149221685
185,18.4447128287708,24.90606548577563,22.25577026301664,4.703435319377348,11.466720343531938,9.198872785829307,0.05367686527106817,8.970746108427267
186,17.8743961352657,24.308910359634996,21.38352120236178,4.602791196994096,12.93612453032743,9.198872785829307,0.05367686527106817,9.64170692431562
187,17.85426731078905,24.516908212560388,21.349973161567366,4.602791196994096,12.801932367149758,9.198872785829307,0.05367686527106817,9.621578099838969
188,18.035426731078903,24.46323134728932,21.26945786366076,4.582662372517445,12.801932367149758,9.172034353193773,0.05367686527106817,9.621578099838969
189,18.276972624798713,24.422973698336016,21.135265700483092,4.582662372517445,12.754965110037574,9.151905528717123,0.05367686527106817,9.621578099838969
190,18.46484165324745,24.295491143317232,21.101717659688674,4.582662372517445,12.72812667740204,9.151905528717123,0.05367686527106817,9.621578099838969
191,18.69296833064949,24.154589371980677,20.974235104669887,4.582662372517445,12.614063338701019,9.111647879763822,0.05367686527106817,9.816156736446592
192,18.605743424584006,23.242082662372518,20.88030059044552,5.515297906602254,12.546967257112184,9.339774557165862,0.05367686527106817,9.816156736446592
193,18.80703166935051,23.10789049919485,20.819914117015568,5.649490069779925,12.533548040794418,9.25925925925926,0.05367686527106817,9.769189479334408
194,18.867418142780462,23.07434245840043,20.813204508856682,5.649490069779925,12.533548040794418,9.23913043478261,0.05367686527106817,9.769189479334408
195,19.02173913043478,23.07434245840043,20.813204508856682,5.622651637144391,12.426194310252281,9.219001610305957,0.05367686527106817,9.769189479334408
196,19.343800322061192,22.906602254428343,20.719269994632313,5.609232420826624,12.426194310252281,9.172034353193773,0.05367686527106817,9.769189479334408
197,19.39747718733226,22.893183038110575,20.719269994632313,5.609232420826624,12.426194310252281,9.145195920558239,0.05367686527106817,9.75577026301664
198,17.250402576489535,17.57246376811594,18.605743424584006,4.817498658078368,23.349436392914654,9.131776704240472,0.05367686527106817,9.219001610305957
199,17.398013955984972,17.57246376811594,18.4447128287708,4.817498658078368,22.953569511540525,9.07139023081052,0.05367686527106817,9.688674181427805
200,17.431561996779386,17.498658078368223,18.50509930220075,4.978529253891573,22.953569511540525,8.896940418679549,0.05367686527106817,9.681964573268921
201,17.72007514761138,17.444981213097154,18.4447128287708,4.978529253891573,22.819377348362856,8.856682769726248,0.05367686527106817,9.681964573268921
202,17.921363392377884,17.411433172302736,18.438003220611915,4.978529253891573,22.665056360708533,8.856682769726248,0.05367686527106817,9.675254965110037
203,18.12265163714439,17.411433172302736,18.377616747181964,4.898013955984971,22.638217928073,8.856682769726248,0.05367686527106817,9.64170692431562
204,18.21658615136876,17.404723564143854,18.337359098228664,4.898013955984971,22.611379495437465,8.849973161567364,0.05367686527106817,9.628287707997853
205,18.35077831454643,17.364465915190554,18.169618894256576,4.864465915190553,22.725442834138487,8.84326355340848,0.05367686527106817,9.628287707997853
206,18.49838969404187,17.28395061728395,18.10252281266774,4.864465915190553,22.725442834138487,8.84326355340848,0.05367686527106817,9.628287707997853
207,18.746645195920557,17.28395061728395,17.807300053676865,4.864465915190553,22.785829307568438,8.84326355340848,0.05367686527106817,9.614868491680086
208,18.927804616210413,17.28395061728395,17.72007514761138,4.864465915190553,22.69189479334407,8.84326355340848,0.05367686527106817,9.614868491680086
209,19.008319914117017,17.2638217928073,17.673107890499196,4.864465915190553,22.6784755770263,8.84326355340848,0.05367686527106817,9.614868491680086
210,19.129092860976918,17.257112184648417,17.673107890499196,4.8443370907139025,22.604669887278583,8.82313472893183,0.05367686527106817,9.614868491680086
211,19.26328502415459,17.002147074610843,17.66639828234031,5.059044551798175,22.537573805689746,8.80300590445518,0.05367686527106817,9.614868491680086
212,19.410896403650028,16.99543746645196,17.619431025228128,5.045625335480408,22.490606548577563,8.80300590445518,0.05367686527106817,9.581320450885668
213,19.57192699946323,16.99543746645196,17.518786902844873,5.045625335480408,22.363123993558776,8.749329039184111,0.05367686527106817,9.702093397745571
214,19.639023081052066,16.99543746645196,17.478529253891573,5.045625335480408,22.33628556092324,8.749329039184111,0.05367686527106817,9.702093397745571
215,19.652442297369834,16.99543746645196,17.478529253891573,5.038915727321524,22.33628556092324,8.742619431025227,0.05367686527106817,9.702093397745571
216,19.82018250134192,16.935050993022006,17.478529253891573,5.038915727321524,22.31615673644659,8.68894256575416,0.05367686527106817,9.668545356951155
217,20.055018786902846,16.894793344068706,17.465110037573805,5.038915727321524,22.269189479334408,8.648684916800859,0.05367686527106817,9.574610842726784
218,20.101986044015028,16.888083735909824,17.465110037573805,5.032206119162641,22.23564143853999,8.648684916800859,0.05367686527106817,9.574610842726784
219,20.169082125603865,16.854535695115406,17.431561996779386,5.032206119162641,22.23564143853999,8.648684916800859,0.05367686527106817,9.574610842726784
220,20.162372517444982,16.841116478797638,17.431561996779386,5.005367686527107,22.08132045088567,8.601717659688674,0.05367686527106817,9.822866344605474
221,20.229468599033815,16.841116478797638,17.398013955984972,5.005367686527107,22.061191626409016,8.601717659688674,0.05367686527106817,9.809447128287708
222,20.021470746108427,16.324476650563607,17.384594739667204,5.005367686527107,22.859634997316157,8.601717659688674,0.05367686527106817,9.749060654857756
223,20.229468599033815,16.317767042404725,17.3040794417606,5.005367686527107,22.77241009125067,8.581588835212024,0.05367686527106817,9.73564143853999
224,20.35024154589372,16.06280193236715,16.961889425657542,5.005367686527107,22.77241009125067,8.581588835212024,0.05367686527106817,10.21202361782072
225,20.45088566827697,16.035963499731615,16.921631776704242,5.005367686527107,22.73886205045625,8.581588835212024,0.05367686527106817,10.21202361782072
226,20.618625872249062,16.035963499731615,16.921631776704242,5.005367686527107,22.604669887278583,8.568169618894256,0.05367686527106817,10.19189479334407
227,20.705850778314545,16.035963499731615,16.908212560386474,5.005367686527107,22.544283413848632,8.568169618894256,0.05367686527106817,10.178475577026301
228,20.679012345679013,16.029253891572733,16.861245303274288,5.005367686527107,22.48389694041868,8.3467525496511,0.05367686527106817,10.540794417606012
229,20.90042941492217,15.995705850778315,16.780730005367687,4.985238862050457,22.450348899624263,8.319914117015566,0.05367686527106817,10.513955984970478
230,21.26945786366076,15.915190552871712,16.6935050993022,4.904723564143854,22.38996242619431,8.313204508856682,0.040257648953301126,10.473698336017177
231,21.477455716586153,15.874932903918411,16.659957058507782,4.904723564143854,22.33628556092324,8.313204508856682,0.040257648953301126,10.393183038110575
232,21.732420826623724,15.848094471282877,16.59957058507783,4.904723564143854,22.24235104669887,8.293075684380032,0.040257648953301126,10.339506172839506
233,21.87332259796028,15.801127214170693,16.586151368760063,4.9718196457326895,22.21551261406334,8.232689210950081,0.040257648953301126,10.279119699409554
234,22.18196457326892,15.780998389694043,16.472088030059044,4.9718196457326895,22.18196457326892,8.145464304884594,0.040257648953301126,10.225442834138486
235,22.29602791196994,15.780998389694043,16.472088030059044,4.958400429414922,22.18196457326892,8.07836822329576,0.040257648953301126,10.19189479334407
236,22.383252818035427,15.774288781535159,16.411701556629094,4.951690821256038,22.18196457326892,8.064949006977992,0.040257648953301126,10.19189479334407
237,22.52415458937198,15.734031132581856,16.384863123993558,4.918142780461621,22.14170692431562,8.064949006977992,0.040257648953301126,10.19189479334407
238,22.81266774020397,15.687063875469672,16.304347826086957,4.918142780461621,22.014224369296834,8.031400966183575,0.040257648953301126,10.19189479334407
239,22.819377348362856,15.673644659151906,16.304347826086957,4.951690821256038,22.000805152979066,8.024691358024691,0.040257648953301126,10.185185185185185
240,22.859634997316157,15.479066022544284,16.304347826086957,5.246913580246914,21.980676328502415,7.9039184111647875,0.040257648953301126,10.185185185185185
241,23.255501878690286,15.479066022544284,16.284219001610307,5.246913580246914,21.618357487922705,7.9039184111647875,0.040257648953301126,10.171765968867419
242,23.356146001073537,15.4723564143854,16.284219001610307,5.226784755770263,21.598228663446054,7.883789586688137,0.040257648953301126,10.138217928073
243,23.47691894793344,15.4723564143854,16.25067096081589,5.226784755770263,21.55126140633387,7.87037037037037,0.040257648953301126,10.111379495437467
244,23.597691894793343,15.4723564143854,16.25067096081589,5.193236714975845,21.470746108427267,7.863660762211487,0.040257648953301126,10.111379495437467
245,23.275630703166936,14.640365002683843,16.25067096081589,4.951690821256038,21.423778851315085,9.312936124530328,0.040257648953301126,10.104669887278583
246,23.389694041867955,14.640365002683843,16.25067096081589,4.951690821256038,21.36339237788513,9.286097691894794,0.040257648953301126,10.077831454643048
247,23.49704777241009,14.640365002683843,16.25067096081589,4.951690821256038,21.329844337090712,9.286097691894794,0.040257648953301126,10.00402576489533
248,23.74530327428878,14.526301663982823,16.223832528180353,4.944981213097155,21.26945786366076,9.286097691894794,0.040257648953301126,9.96376811594203
249,23.95330112721417,14.486044015029522,16.223832528180353,4.944981213097155,21.141975308641975,9.286097691894794,0.040257648953301126,9.923510466988727
250,23.98684916800859,14.452495974235104,16.203703703703702,4.938271604938271,21.141975308641975,9.098228663446054,0.040257648953301126,10.138217928073
251,24.033816425120772,14.445786366076222,16.203703703703702,4.938271604938271,21.135265700483092,9.064680622651638,0.040257648953301126,10.138217928073
252,24.10091250670961,14.392109500805153,16.203703703703702,4.938271604938271,21.121846484165324,9.064680622651638,0.040257648953301126,10.138217928073
253,24.235104669887278,14.351851851851851,16.163446054750402,4.931561996779388,21.121846484165324,9.037842190016104,0.040257648953301126,10.11808910359635
254,24.510198604401502,14.298174986580785,16.09634997316157,4.924852388620504,21.00107353730542,9.01100375738057,0.040257648953301126,10.11808910359635
255,24.61755233494364,14.27133655394525,16.056092324208265,4.924852388620504,20.994363929146537,8.977455716586151,0.040257648953301126,10.11808910359635
256,24.738325281803544,14.27133655394525,16.049382716049383,4.924852388620504,20.90713902308105,8.977455716586151,0.040257648953301126,10.091250670960816
257,24.92619431025228,14.27133655394525,16.049382716049383,4.924852388620504,20.819914117015568,8.903650026838433,0.040257648953301126,10.064412238325282
258,25.335480407944175,14.184111647879764,16.022544283413847,4.898013955984971,20.591787439613526,8.903650026838433,0.040257648953301126,10.02415458937198
259,25.483091787439612,14.184111647879764,15.98899624261943,4.898013955984971,20.591787439613526,8.829844337090714,0.040257648953301126,9.98389694041868
260,25.5703166935051,14.163982823403114,15.848094471282877,4.891304347826087,20.71256038647343,8.796296296296296,0.040257648953301126,9.977187332259795
261,24.745034889962426,12.95625335480408,19.484702093397747,4.542404723564144,20.90713902308105,7.863660762211487,0.040257648953301126,9.460547504025765
262,24.859098228663445,12.95625335480408,19.43102522812668,4.542404723564144,20.8467525496511,7.863660762211487,0.040257648953301126,9.460547504025765
263,25.147611379495437,12.855609232420827,19.410896403650028,4.408212560386473,20.8064949006978,7.87037037037037,0.040257648953301126,9.460547504025765
264,24.90606548577563,12.104133118625873,19.363929146537842,4.2270531400966185,20.74610842726785,9.192163177670425,0.040257648953301126,9.420289855072463
265,25.38244766505636,12.090713902308105,19.196188942565755,4.206924315619967,20.611916264090176,9.078099838969404,0.040257648953301126,9.39345142243693
266,25.55689747718733,12.030327428878154,19.16935050993022,4.206924315619967,20.52469135802469,9.078099838969404,0.040257648953301126,9.39345142243693
267,25.583735909822867,12.030327428878154,19.16935050993022,4.206924315619967,20.52469135802469,9.057971014492754,0.040257648953301126,9.386741814278047
268,25.738056897477186,12.016908212560386,19.162640901771336,4.17337627482555,20.37037037037037,9.339774557165862,0.040257648953301126,9.158615136876007
269,25.831991411701555,12.016908212560386,19.162640901771336,4.1532474503489,20.336822329575952,9.339774557165862,0.040257648953301126,9.118357487922705
270,25.87895866881374,12.016908212560386,19.14922168545357,4.1532474503489,20.33011272141707,9.333064949006978,0.040257648953301126,9.098228663446054
271,26.227858293075684,12.016908212560386,18.853998926462694,4.1532474503489,20.33011272141707,9.27938808373591,0.040257648953301126,9.098228663446054
272,26.39559849704777,12.016908212560386,18.820450885668276,4.119699409554482,20.25630703166935,9.252549651100376,0.040257648953301126,9.098228663446054
273,26.42914653784219,12.016908212560386,18.800322061191626,4.119699409554482,20.242887815351583,9.252549651100376,0.040257648953301126,9.098228663446054
274,26.516371443907676,12.010198604401502,18.49838969404187,4.066022544283414,20.041599570585078,9.789318303811058,0.040257648953301126,9.037842190016104
275,26.88539989264627,11.822329575952764,18.491680085882983,4.066022544283414,19.920826623725173,9.762479871175524,0.040257648953301126,9.01100375738057
276,26.89210950080515,11.842458400429415,18.4849704777241,4.05931293612453,19.920826623725173,9.749060654857756,0.040257648953301126,9.01100375738057
277,26.99946323134729,11.829039184111648,18.438003220611915,4.05931293612453,19.75979602791197,9.702093397745571,0.040257648953301126,9.172034353193773
278,27.012882447665056,11.829039184111648,18.438003220611915,4.05931293612453,19.753086419753085,9.695383789586689,0.040257648953301126,9.172034353193773
279,27.079978529253893,11.79549114331723,18.438003220611915,4.052603327965647,19.753086419753085,9.695383789586689,0.040257648953301126,9.145195920558239
280,26.838432635534083,11.60762211486849,18.438003220611915,4.052603327965647,20.209339774557165,9.681964573268921,0.040257648953301126,9.131776704240472
281,26.898819108964037,11.60762211486849,18.438003220611915,4.052603327965647,20.209339774557165,9.648416532474503,0.040257648953301126,9.104938271604938
282,26.979334406870638,11.58749329039184,18.42458400429415,3.9989264626945786,20.417337627482556,9.4873859366613,0.040257648953301126,9.064680622651638
283,27.241009125067094,11.56736446591519,18.364197530864196,3.9452495974235107,20.303274288781534,9.473966720343531,0.040257648953301126,9.064680622651638
284,27.15378421900161,11.533816425120772,18.270263016639827,3.9452495974235107,20.517981749865807,9.473966720343531,0.040257648953301126,9.064680622651638
285,27.20746108427268,11.520397208803006,18.250134192163177,3.9452495974235107,20.497852925389157,9.473966720343531,0.040257648953301126,9.064680622651638
286,27.34165324745035,11.480139559849706,18.209876543209877,3.9452495974235107,20.497852925389157,9.473966720343531,0.040257648953301126,9.01100375738057
287,27.408749329039185,11.480139559849706,18.19645732689211,3.9452495974235107,20.44417606011809,9.473966720343531,0.040257648953301126,9.01100375738057
288,27.542941492216855,11.473429951690822,18.149490069779926,3.9452495974235107,20.44417606011809,9.41358024691358,0.040257648953301126,8.99087493290392
289,27.65029522275899,11.460010735373054,18.14278046162104,3.92512077294686,20.43075684380032,9.373322597960279,0.040257648953301126,8.977455716586151
290,27.67042404723564,11.460010735373054,18.491680085882983,3.92512077294686,20.343531937734838,9.098228663446054,0.040257648953301126,8.970746108427267
291,27.84487385936661,11.426462694578637,18.45813204508857,3.92512077294686,20.336822329575952,9.024422973698336,0.040257648953301126,8.943907675791733
