,45,50,53,51,55,52,56,54
0,100.0,,,,,,,
1,79.13311862587224,20.86688137412775,,,,,,
2,73.60440150295223,26.39559849704777,,,,,,
3,71.27616747181965,28.723832528180353,,,,,,
4,71.43719806763285,28.56280193236715,,,,,,
5,71.47074610842726,28.529253891572733,,,,,,
6,71.79280730005368,28.207192699946322,,,,,,
7,71.87332259796028,28.12667740203972,,,,,,
8,71.9068706387547,28.093129361245303,,,,,,
9,72.0679012345679,27.932098765432098,,,,,,
10,70.97423510466989,29.025764895330113,,,,,,
11,67.78046162104133,30.005367686527105,2.214170692431562,,,,,
12,67.88781535158347,29.898013955984972,2.214170692431562,,,,,
13,68.01529790660226,29.770531400966185,2.214170692431562,,,,,
14,67.86768652710681,29.57595276435856,2.214170692431562,0.3421900161030596,,,,
15,62.47987117552335,34.84299516908212,2.214170692431562,0.3421900161030596,0.12077294685990338,,,
16,62.35909822866345,30.683038110574344,0.8990874932903918,5.938003220611916,0.12077294685990338,,,
17,56.18625872249061,36.85587761674718,0.8990874932903918,5.938003220611916,0.12077294685990338,,,
18,53.187063875469676,38.08373590982286,0.6105743424584005,4.656468062265164,1.6438539989264627,1.596886741814278,0.2214170692431562,
19,53.32796564680623,38.06360708534621,0.6105743424584005,4.549114331723027,1.6304347826086956,1.596886741814278,0.2214170692431562,
20,53.495705850778315,37.94283413848631,0.6105743424584005,4.502147074610843,1.6304347826086956,1.596886741814278,0.2214170692431562,
21,53.495705850778315,36.93639291465379,0.5971551261406334,5.535426731078905,1.6170155662909287,1.596886741814278,0.2214170692431562,
22,53.757380568974774,36.70155662909286,0.5971551261406334,5.508588298443371,1.6170155662909287,1.596886741814278,0.2214170692431562,
23,54.146537842190014,36.35265700483092,0.5971551261406334,5.46833064949007,1.6170155662909287,1.596886741814278,0.2214170692431562,
24,51.67740203972088,36.741814278046164,0.5971551261406334,4.783950617283951,1.6170155662909287,4.388083735909823,0.19457863660762212,
25,51.42243692968331,34.064680622651636,0.5971551261406334,7.816693505099302,1.5499194847020934,4.3545356951154055,0.19457863660762212,
26,47.70531400966183,37.956253354804076,0.5971551261406334,7.716049382716049,1.5499194847020934,4.280730005367687,0.19457863660762212,
27,47.91331186258722,37.6610305958132,0.5971551261406334,7.716049382716049,1.5499194847020934,4.367954911433173,0.19457863660762212,
28,37.224906065485776,50.15432098765432,0.5971551261406334,5.911164787976382,1.5499194847020934,4.367954911433173,0.19457863660762212,
29,29.51556629092861,57.96430488459474,0.5971551261406334,5.864197530864198,1.5230810520665594,4.341116478797638,0.19457863660762212,
30,29.716854535695116,57.84353193773484,0.5971551261406334,5.83064949006978,1.5230810520665594,4.294149221685454,0.19457863660762212,
31,29.891304347826086,54.32098765432099,0.7380568974771873,5.803811057434245,1.5230810520665594,7.5281803542673105,0.19457863660762212,
32,29.294149221685455,53.65002683843264,0.7380568974771873,7.03166935050993,1.5230810520665594,7.447665056360709,0.19457863660762212,0.12077294685990338
33,29.750402576489535,52.73752012882448,0.7380568974771873,6.937734836285561,1.5230810520665594,7.440955448201825,0.19457863660762212,0.6776704240472357
34,29.770531400966185,52.73081052066559,0.7380568974771873,6.9243156199677935,1.5230810520665594,7.440955448201825,0.19457863660762212,0.6776704240472357
35,28.764090177133657,53.86473429951691,0.7246376811594203,6.843800322061192,1.5230810520665594,7.407407407407407,0.19457863660762212,0.6776704240472357
36,29.28743961352657,53.60305958132045,0.7246376811594203,6.843800322061192,1.5096618357487923,7.185990338164252,0.19457863660762212,0.6508319914117016
37,29.938271604938272,53.30783682232958,0.7246376811594203,6.488191089640365,1.5096618357487923,7.185990338164252,0.19457863660762212,0.6508319914117016
38,30.09259259259259,53.052871712292,0.9997316156736447,6.468062265163715,1.6639828234031133,6.877348362855609,0.19457863660762212,0.6508319914117016
39,30.535426731078903,50.62399355877617,0.9997316156736447,6.239935587761675,1.6572732152442298,9.098228663446054,0.19457863660762212,0.6508319914117016
40,30.48845947396672,50.78502415458937,0.9997316156736447,6.219806763285024,1.6572732152442298,9.004294149221685,0.19457863660762212,0.6508319914117016
41,30.743424584004295,50.64412238325282,0.9997316156736447,6.219806763285024,1.6371443907675791,8.910359634997317,0.19457863660762212,0.6508319914117016
42,31.186258722490606,50.335480407944175,0.9997316156736447,6.206387546967257,1.6371443907675791,8.789586688137414,0.19457863660762212,0.6508319914117016
43,31.36070853462158,50.22141706924316,0.9863123993558777,6.179549114331723,1.6371443907675791,8.769457863660762,0.19457863660762212,0.6508319914117016
44,31.407675791733762,49.97987117552335,1.1205045625335481,6.179549114331723,1.556629092860977,8.76274825550188,0.19457863660762212,0.798443370907139
45,31.816961889425656,49.6309715512614,1.1205045625335481,6.119162640901771,1.556629092860977,8.76274825550188,0.19457863660762212,0.798443370907139
46,32.23966720343532,49.31561996779388,1.1205045625335481,6.085614600107354,1.556629092860977,8.68894256575416,0.19457863660762212,0.798443370907139
47,32.52818035426731,49.040526033279654,1.1205045625335481,6.072195383789587,1.556629092860977,8.68894256575416,0.19457863660762212,0.798443370907139
48,32.31347289318304,47.38996242619431,1.093666129898014,6.0587761674718195,1.5499194847020934,10.601180891035963,0.19457863660762212,0.798443370907139
49,32.78314546430489,46.96725711218465,1.093666129898014,6.052066559312936,1.5499194847020934,10.560923242082662,0.19457863660762212,0.798443370907139
50,31.125872249060656,51.70424047235642,0.9728931830381106,5.46833064949007,1.4761137949543746,8.299785292538916,0.17444981213097155,0.7783145464304885
51,30.059044551798173,48.349436392914654,4.4820182501341925,4.99194847020934,1.4761137949543746,9.695383789586689,0.17444981213097155,0.7716049382716049
52,30.48174986580784,48.047504025764894,4.388083735909823,4.99194847020934,1.4761137949543746,9.668545356951155,0.17444981213097155,0.7716049382716049
53,29.99194847020934,47.738862050456255,4.341116478797638,3.2139023081052067,0.24154589371980675,13.526570048309178,0.17444981213097155,0.7716049382716049
54,30.50858829844337,47.02093397745572,4.2270531400966185,3.2139023081052067,0.6977992485238862,13.385668276972625,0.17444981213097155,0.7716049382716049
55,30.475040257648953,44.196188942565755,4.2270531400966185,3.207192699946323,0.6843800322061192,16.264090177133657,0.17444981213097155,0.7716049382716049
56,30.99838969404187,43.75335480407944,4.2270531400966185,3.207192699946323,0.6843800322061192,16.183574879227052,0.17444981213097155,0.7716049382716049
57,31.273483628556093,43.57890499194847,4.213633923778851,3.1602254428341383,0.6843800322061192,16.14331723027375,0.17444981213097155,0.7716049382716049
58,31.80354267310789,43.45142243692968,4.213633923778851,3.079710144927536,0.6843800322061192,15.821256038647343,0.17444981213097155,0.7716049382716049
59,30.991680085882983,42.51207729468599,4.193505099302201,3.052871712292002,0.6843800322061192,17.64626945786366,0.17444981213097155,0.7447665056360708
60,31.582125603864736,42.15646806226516,4.166666666666667,3.0394524959742353,0.6843800322061192,17.58588298443371,0.17444981213097155,0.6105743424584005
61,31.850509930220074,42.049114331723025,4.166666666666667,3.0394524959742353,0.6843800322061192,17.424852388620504,0.17444981213097155,0.6105743424584005
62,32.024959742351044,41.96188942565754,4.133118625872249,3.0394524959742353,0.6776704240472357,17.37788513150832,0.17444981213097155,0.6105743424584005
63,32.326892109500804,41.84782608695652,4.079441760601181,3.0394524959742353,0.6776704240472357,17.24369296833065,0.17444981213097155,0.6105743424584005
64,32.8166935050993,41.337895866881375,4.079441760601181,3.0394524959742353,0.8521202361782072,17.08937198067633,0.17444981213097155,0.6105743424584005
65,32.669082125603865,41.056092324208265,4.079441760601181,3.5091250670960816,0.8521202361782072,17.04911433172303,0.17444981213097155,0.6105743424584005
66,33.111916264090176,40.45893719806763,4.032474503488996,3.4957058507783145,1.093666129898014,17.022275899087493,0.17444981213097155,0.6105743424584005
67,33.7962962962963,40.324745034889965,4.025764895330113,3.4957058507783145,1.093666129898014,16.478797638217927,0.17444981213097155,0.6105743424584005
68,33.9170692431562,39.392109500805155,4.1129898013955986,4.871175523349437,0.6374127750939346,16.284219001610307,0.17444981213097155,0.6105743424584005
69,34.23242082662372,39.31830381105743,4.092860976918948,4.871175523349437,0.6374127750939346,16.089640365002683,0.17444981213097155,0.5837359098228664
70,34.50080515297907,39.14385399892646,4.025764895330113,4.8443370907139025,0.6374127750939346,16.089640365002683,0.17444981213097155,0.5837359098228664
71,34.675254965110035,39.20424047235642,4.019055287171229,4.810789049919484,0.6374127750939346,15.901771336553946,0.16774020397208803,0.5837359098228664
72,34.96376811594203,39.04320987654321,4.019055287171229,4.810789049919484,0.6374127750939346,15.774288781535159,0.16774020397208803,0.5837359098228664
73,35.42673107890499,38.75469672571122,4.005636070853462,4.757112184648417,0.6374127750939346,15.666935050993022,0.16774020397208803,0.5837359098228664
74,34.94363929146538,38.238056897477186,3.992216854535695,5.71658615136876,0.7514761137949544,15.60654857756307,0.16774020397208803,0.5837359098228664
75,35.23215244229737,38.12399355877617,3.9586688137412773,5.71658615136876,0.7514761137949544,15.479066022544284,0.16774020397208803,0.5703166935050993
76,35.46698872785829,38.08373590982286,3.9049919484702094,5.622651637144391,0.7514761137949544,15.432098765432098,0.16774020397208803,0.5703166935050993
77,34.66183574879227,36.68813741277509,3.8915727321524423,5.589103596349974,0.7514761137949544,17.67981749865808,0.16774020397208803,0.5703166935050993
78,34.80944712828771,36.62775093934514,3.878153515834675,5.562265163714439,0.7514761137949544,17.632850241545892,0.16774020397208803,0.5703166935050993
79,35.03086419753087,36.45330112721417,3.8714439076757916,5.562265163714439,0.7447665056360708,17.444981213097154,0.16774020397208803,0.7246376811594203
80,35.245571658615134,36.33252818035427,3.8714439076757916,5.535426731078905,0.7447665056360708,17.37788513150832,0.16774020397208803,0.7246376811594203
81,35.46698872785829,36.178207192699944,3.864734299516908,5.535426731078905,0.7447665056360708,17.317498658078367,0.16774020397208803,0.7246376811594203
82,35.78234031132582,36.01717659688674,3.824476650563607,5.501878690284487,0.7447665056360708,17.257112184648417,0.16774020397208803,0.7045088566827697
83,36.08427267847558,35.81588835212023,3.8043478260869565,5.475040257648954,0.7447665056360708,17.20343531937735,0.16774020397208803,0.7045088566827697
84,36.40633387010199,35.68840579710145,3.8043478260869565,5.320719269994632,0.7447665056360708,17.163177670424048,0.16774020397208803,0.7045088566827697
85,36.74852388620504,35.51395598497048,3.8043478260869565,5.199946323134729,0.7447665056360708,17.11621041331186,0.16774020397208803,0.7045088566827697
86,36.60762211486849,33.68894256575416,5.8239398819108965,5.199946323134729,0.7447665056360708,17.062533548040793,0.16774020397208803,0.7045088566827697
87,36.68813741277509,33.675523349436396,5.8239398819108965,5.199946323134729,0.7447665056360708,16.99543746645196,0.16774020397208803,0.7045088566827697
88,36.9699409554482,33.61513687600644,5.790391841116479,5.166398282340311,0.7447665056360708,16.867954911433173,0.14090177133655393,0.7045088566827697
89,37.17122920021471,33.380300590445515,5.958132045088567,5.12614063338701,0.7447665056360708,16.774020397208805,0.14090177133655393,0.7045088566827697
90,37.41277509393451,33.19914117015566,5.904455179817498,4.998658078368224,0.7447665056360708,16.935050993022006,0.14090177133655393,0.6642512077294686
91,37.70799785292539,33.07836822329576,5.8172302737520125,4.911433172302737,0.7447665056360708,16.935050993022006,0.14090177133655393,0.6642512077294686
92,38.016639828234034,32.94417606011809,5.743424584004294,4.884594739667204,0.7380568974771873,16.867954911433173,0.14090177133655393,0.6642512077294686
93,38.016639828234034,32.8166935050993,5.676328502415459,5.119431025228127,0.7380568974771873,16.82769726247987,0.14090177133655393,0.6642512077294686
94,38.425925925925924,32.46779388083736,5.676328502415459,5.119431025228127,0.7380568974771873,16.76731078904992,0.14090177133655393,0.6642512077294686
95,38.33199141170156,31.796833064949006,5.676328502415459,5.931293612453032,0.7380568974771873,16.720343531937736,0.14090177133655393,0.6642512077294686
96,36.75523349436393,30.253623188405797,5.676328502415459,12.184648416532475,0.7246376811594203,13.600375738056897,0.14090177133655393,0.6642512077294686
97,36.81561996779388,29.978529253891573,5.636070853462158,12.164519592055823,0.7246376811594203,13.600375738056897,0.14090177133655393,0.9393451422436929
98,37.17793880837359,29.857756307031668,5.622651637144391,12.04374664519592,0.7246376811594203,13.493022007514762,0.14090177133655393,0.9393451422436929
99,36.99006977992485,30.17981749865808,5.622651637144391,12.016908212560386,0.7246376811594203,13.405797101449275,0.14090177133655393,0.9192163177670424
100,37.15780998389694,30.04562533548041,5.622651637144391,12.010198604401502,0.7246376811594203,13.378958668813741,0.14090177133655393,0.9192163177670424
101,37.493290391841114,29.978529253891573,5.589103596349974,11.922973698336017,0.7246376811594203,13.231347289318304,0.14090177133655393,0.9192163177670424
102,37.80864197530864,29.797369833601717,5.589103596349974,11.842458400429415,0.7246376811594203,13.177670424047236,0.14090177133655393,0.9192163177670424
103,38.486312399355874,29.428341384863124,5.562265163714439,11.83574879227053,0.7246376811594203,12.902576489533011,0.14090177133655393,0.9192163177670424
104,38.727858293075684,29.180085882984432,5.562265163714439,11.83574879227053,0.8655394524959742,12.76838432635534,0.14090177133655393,0.9192163177670424
105,38.909017713365536,29.1532474503489,5.548845947396672,11.77536231884058,0.8387010198604401,12.721417069243156,0.14090177133655393,0.9125067096081588
106,39.09688674181428,29.07944176060118,5.548845947396672,11.728395061728396,0.798443370907139,12.694578636607622,0.14090177133655393,0.9125067096081588
107,39.33843263553408,28.931830381105744,5.548845947396672,11.728395061728396,0.798443370907139,12.600644122383253,0.14090177133655393,0.9125067096081588
108,39.62023617820719,28.77079978529254,5.4616210413311865,11.721685453569512,0.798443370907139,12.573805689747719,0.14090177133655393,0.9125067096081588
109,39.87520128824477,28.65673644659152,5.4549114331723025,11.614331723027375,0.798443370907139,12.546967257112184,0.14090177133655393,0.9125067096081588
110,40.123456790123456,28.529253891572733,5.394524959742351,11.600912506709609,0.798443370907139,12.546967257112184,0.14090177133655393,0.8655394524959742
111,40.405260332796566,28.468867418142782,5.381105743424584,11.426462694578637,0.798443370907139,12.513419216317766,0.14090177133655393,0.8655394524959742
112,40.60654857756307,28.415190552871714,5.3274288781535155,11.372785829307569,0.7917337627482555,12.513419216317766,0.14090177133655393,0.8319914117015567
113,40.31132581857219,26.52308105206656,5.3274288781535155,11.345947396672035,3.052871712292002,12.486580783682234,0.14090177133655393,0.8118625872249061
114,40.47906602254428,26.41572732152442,5.307300053676865,11.3191089640365,3.052871712292002,12.473161567364466,0.14090177133655393,0.8118625872249061
115,39.90874932903918,25.0,8.333333333333334,11.231884057971014,2.8918411164787976,11.681427804616211,0.14090177133655393,0.8118625872249061
116,40.15029522275899,24.9597423510467,8.299785292538916,11.231884057971014,2.85829307568438,11.54723564143854,0.14090177133655393,0.8118625872249061
117,40.25764895330113,24.93961352657005,8.232689210950081,11.16478797638218,2.9589371980676327,11.493558776167472,0.14090177133655393,0.8118625872249061
118,40.344873859366615,24.912775093934513,8.205850778314547,11.144659151905529,2.9589371980676327,11.480139559849706,0.14090177133655393,0.8118625872249061
119,40.5931293612453,24.825550187869027,8.11862587224906,11.104401502952227,2.9589371980676327,11.460010735373054,0.14090177133655393,0.798443370907139
120,40.53274288781535,24.282071926999464,8.105206655931294,11.017176596886742,2.9589371980676327,11.366076221148685,0.14090177133655393,1.596886741814278
121,39.439076757917334,24.114331723027377,8.051529790660226,10.72866344605475,2.9119699409554483,13.01663982823403,0.14090177133655393,1.596886741814278
122,33.313204508856685,22.188674181427803,7.991143317230274,18.230005367686527,2.7442297369833604,13.882179280730005,0.14090177133655393,1.5096618357487923
123,33.48765432098765,22.020933977455716,7.937466451959206,18.08239398819109,2.7442297369833604,14.110305958132045,0.14090177133655393,1.4761137949543746
124,33.19914117015566,21.74584004294149,7.199409554482019,20.638754696725712,2.717391304347826,12.882447665056361,0.14090177133655393,1.4761137949543746
125,32.62211486849168,20.591787439613526,8.756038647342995,22.725442834138487,2.6838432635534084,11.023886205045626,0.14090177133655393,1.4559849704777241
126,32.52818035426731,20.437466451959207,8.742619431025227,22.128287707997853,2.6704240472356413,10.916532474503489,0.14090177133655393,2.4355877616747184
127,32.87707997852925,20.25630703166935,8.702361782071927,22.061191626409016,2.657004830917874,10.903113258185721,0.14090177133655393,2.4020397208803006
128,29.58937198067633,17.06924315619968,4.3545356951154055,38.157541599570585,0.30864197530864196,8.11862587224906,,2.4020397208803006
129,29.1129898013956,16.841116478797638,4.3545356951154055,39.26462694578637,0.30864197530864196,7.716049382716049,,2.4020397208803006
130,29.401502952227588,16.800858829844337,4.314278046162104,39.07675791733763,0.30864197530864196,7.702630166398282,,2.395330112721417
131,29.716854535695116,16.720343531937736,4.26731078904992,38.96269457863661,0.30864197530864196,7.64224369296833,,2.38191089640365
132,30.06575415995706,16.70692431561997,4.2203435319377345,38.821792807300056,0.30864197530864196,7.494632313472893,,2.38191089640365
133,30.394524959742352,16.639828234031132,4.3545356951154055,38.58024691358025,0.30864197530864196,7.474503488996243,,2.24771873322598
134,30.575684380032207,16.639828234031132,4.334406870638754,38.446054750402574,0.30864197530864196,7.447665056360709,,2.24771873322598
135,31.04535695115405,16.586151368760063,4.30756843800322,38.056897477187334,0.30864197530864196,7.447665056360709,,2.24771873322598
136,31.266774020397207,16.505636070853463,4.30756843800322,37.92941492216855,0.30864197530864196,7.434245840042942,,2.24771873322598
137,31.50161030595813,16.472088030059044,4.2270531400966185,37.835480407944175,0.30864197530864196,7.407407407407407,,2.24771873322598
138,31.239935587761675,16.056092324208265,4.180085882984434,38.62721417069243,0.30864197530864196,7.360440150295223,,2.227589908749329
139,31.468062265163713,15.962157809983896,4.180085882984434,38.499731615673646,0.30864197530864196,7.353730542136339,,2.227589908749329
140,31.608964036500268,15.841384863123993,4.1532474503489,38.479602791196996,0.30864197530864196,7.380568974771873,,2.227589908749329
141,31.702898550724637,15.734031132581856,4.528985507246377,38.036768652710684,0.30864197530864196,7.1725711218464845,,2.5161030595813205
142,32.045088566827694,15.526033279656469,4.508856682769726,37.956253354804076,0.30864197530864196,7.14573268921095,,2.509393451422437
143,32.17928073000537,15.49248523886205,4.508856682769726,37.88915727321525,0.30864197530864196,7.112184648416532,,2.509393451422437
144,32.326892109500804,15.45222758990875,4.508856682769726,37.78180354267311,0.30864197530864196,7.112184648416532,,2.509393451422437
145,31.239935587761675,14.42565754159957,4.0995705850778315,42.16317767042405,0.30864197530864196,5.891035963499732,,1.8719806763285025
146,31.723027375201287,14.398819108964037,4.0995705850778315,41.706924315619965,0.30864197530864196,5.891035963499732,,1.8719806763285025
147,32.19269994632314,14.358561460010735,4.05931293612453,41.317767042404725,0.30864197530864196,5.891035963499732,,1.8719806763285025
148,32.67579173376275,14.2914653784219,4.025764895330113,40.94202898550725,0.30864197530864196,5.884326355340848,,1.8719806763285025
149,33.25952764358561,14.184111647879764,4.025764895330113,40.57971014492754,0.30193236714975846,5.797101449275362,,1.8518518518518519
150,33.52120236178207,14.17740203972088,4.025764895330113,40.324745034889965,0.30193236714975846,5.797101449275362,,1.8518518518518519
151,34.05797101449275,14.096886741814279,3.9586688137412773,39.93558776167472,0.30193236714975846,5.797101449275362,,1.8518518518518519
152,34.31964573268921,13.969404186795492,3.9586688137412773,39.82823403113258,0.30193236714975846,5.797101449275362,,1.8250134192163177
153,34.796027911969944,13.895598497047773,3.9586688137412773,39.492753623188406,0.30193236714975846,5.730005367686527,,1.8250134192163177
154,32.139023081052066,11.922973698336017,3.9049919484702094,44.176060118089104,0.30193236714975846,5.730005367686527,,1.8250134192163177
155,32.54159957058508,11.761943102522812,3.878153515834675,44.00161030595813,0.30193236714975846,5.689747718733226,,1.8250134192163177
156,32.2463768115942,11.654589371980677,3.5225442834138487,43.384326355340846,0.30193236714975846,5.515297906602254,,3.374932903918411
157,32.648953301127214,11.58749329039184,3.5225442834138487,43.08239398819109,0.30193236714975846,5.481749865807837,,3.374932903918411
158,32.890499194847024,11.574074074074074,3.5225442834138487,42.7133655394525,0.30193236714975846,5.481749865807837,0.14090177133655393,3.374932903918411
159,33.07836822329576,11.54723564143854,3.455448201825013,42.54562533548041,0.30193236714975846,5.46833064949007,0.2885131508319914,3.3145464304884595
160,33.313204508856685,11.52710681696189,3.455448201825013,42.45840042941492,0.30193236714975846,5.340848094471283,0.2885131508319914,3.3145464304884595
161,33.63526570048309,11.460010735373054,3.3950617283950617,42.270531400966185,0.30193236714975846,5.3341384863123995,0.2885131508319914,3.3145464304884595
162,34.024422973698336,11.392914653784219,3.3816425120772946,41.96188942565754,0.30193236714975846,5.3341384863123995,0.2885131508319914,3.3145464304884595
163,34.245840042941495,11.392914653784219,3.3816425120772946,41.74047235641439,0.30193236714975846,5.3341384863123995,0.2885131508319914,3.3145464304884595
164,34.628287707997856,11.218464841653248,3.3480944712828773,41.40499194847021,0.2616747181964573,5.3341384863123995,0.28180354267310787,3.5225442834138487
165,33.742619431025226,10.446859903381643,5.3341384863123995,41.23054213633924,0.17444981213097155,5.320719269994632,0.28180354267310787,3.4688674181427803
166,33.984165324745035,10.426731078904991,5.3341384863123995,41.015834675254965,0.17444981213097155,5.314009661835748,0.28180354267310787,3.4688674181427803
167,34.225711218464845,10.406602254428341,5.320719269994632,40.81454643048846,0.17444981213097155,5.307300053676865,0.28180354267310787,3.4688674181427803
168,33.964036500268385,10.010735373054214,5.320719269994632,41.63311862587225,0.17444981213097155,5.300590445517981,0.28180354267310787,3.3145464304884595
169,34.25925925925926,9.936929683306495,5.314009661835748,41.45195920558239,0.17444981213097155,5.267042404723564,0.28180354267310787,3.3145464304884595
170,34.56119162640902,9.86983360171766,5.434782608695652,41.136607622114866,0.17444981213097155,5.267042404723564,0.28180354267310787,3.2742887815351582
171,34.816156736446594,9.836285560923242,5.414653784219001,40.9621578099839,0.17444981213097155,5.267042404723564,0.28180354267310787,3.2474503488996245
172,34.99060654857756,9.802737520128824,5.401234567901234,40.84138486312399,0.17444981213097155,5.267042404723564,0.28180354267310787,3.240740740740741
173,35.265700483091784,9.762479871175524,5.360976918947934,40.78770799785293,0.17444981213097155,5.226784755770263,0.28180354267310787,3.140096618357488
174,35.50053676865271,9.742351046698873,5.347557702630167,40.47906602254428,0.17444981213097155,5.199946323134729,0.4227053140096618,3.1333870101986045
175,35.72195383789587,9.728931830381105,5.3341384863123995,40.41196994095545,0.17444981213097155,5.072463768115942,0.4227053140096618,3.1333870101986045
176,35.84272678475577,9.614868491680086,5.293880837359098,39.9020397208803,0.16774020397208803,5.776972624798712,0.4227053140096618,2.9790660225442833
177,36.30568974771873,9.608158883521202,5.293880837359098,39.45920558239399,0.16774020397208803,5.776972624798712,0.4227053140096618,2.965646806226516
178,36.65458937198068,9.581320450885668,5.287171229200215,39.170692431561996,0.16774020397208803,5.776972624798712,0.39586688137412773,2.965646806226516
179,36.77536231884058,9.554482018250134,5.253623188405797,39.12372517444981,0.16774020397208803,5.776972624798712,0.39586688137412773,2.952227589908749
180,36.943102522812666,9.534353193773484,5.226784755770263,39.03650026838432,0.16774020397208803,5.743424584004294,0.39586688137412773,2.952227589908749
181,37.446323134728935,9.420289855072463,5.173107890499195,38.81508319914117,0.16774020397208803,5.669618894256575,0.39586688137412773,2.9119699409554483
182,37.67444981213097,9.420289855072463,5.173107890499195,38.62050456253355,0.16774020397208803,5.636070853462158,0.39586688137412773,2.9119699409554483
183,38.13070316693505,9.333064949006978,4.99194847020934,38.439345142243695,0.16774020397208803,5.629361245303274,0.39586688137412773,2.9119699409554483
184,38.34541062801932,9.29951690821256,4.99194847020934,38.137412775093935,0.2885131508319914,5.629361245303274,0.39586688137412773,2.9119699409554483
185,38.238056897477186,9.245840042941492,4.985238862050457,36.29898013955985,2.3215244229736984,5.615942028985507,0.39586688137412773,2.898550724637681
186,38.506441223832525,9.145195920558239,4.985238862050457,36.178207192699944,2.301395598497048,5.589103596349974,0.39586688137412773,2.898550724637681
187,38.828502415458935,9.091519055287172,4.985238862050457,36.05743424584004,2.301395598497048,5.481749865807837,0.39586688137412773,2.85829307568438
188,38.98282340311326,9.078099838969404,4.985238862050457,35.929951690821255,2.2879763821792807,5.481749865807837,0.39586688137412773,2.85829307568438
189,39.378690284487384,8.984165324745035,4.958400429414922,35.68840579710145,2.2879763821792807,5.4549114331723025,0.38915727321524424,2.85829307568438
190,39.781266774020395,8.870101986044014,4.931561996779388,35.42002147074611,2.2611379495437465,5.374396135265701,0.38915727321524424,2.9723564143853998
191,36.18491680085883,8.380300590445518,4.924852388620504,40.747450348899626,2.187332259796028,4.38137412775094,0.38915727321524424,2.804616210413312
192,36.33252818035427,8.360171765968868,4.904723564143854,40.64680622651637,2.187332259796028,4.374664519592056,0.38915727321524424,2.804616210413312
193,36.58749329039184,8.333333333333334,4.904723564143854,40.43880837359098,2.1739130434782608,4.374664519592056,0.38915727321524424,2.7979066022544283
194,36.73510466988728,8.333333333333334,4.8443370907139025,40.35829307568438,2.1739130434782608,4.374664519592056,0.3824476650563607,2.7979066022544283
195,37.23161567364466,8.199141170155663,4.8443370907139025,40.063070316693505,2.1739130434782608,4.374664519592056,0.36231884057971014,2.7509393451422435
196,37.533548040794415,8.199141170155663,4.830917874396135,39.781266774020395,2.1739130434782608,4.374664519592056,0.36231884057971014,2.7442297369833604
197,37.4194847020934,8.158883521202362,4.7638217928073,39.029790660225444,2.15378421900161,5.367686527106817,0.36231884057971014,2.7442297369833604
198,37.996511003757384,8.085077831454644,4.757112184648417,38.61379495437466,2.1269457863660763,5.314009661835748,0.36231884057971014,2.7442297369833604
199,38.177670424047236,8.017981749865807,4.757112184648417,38.55340848094471,2.0933977455716586,5.314009661835748,0.36231884057971014,2.7241009125067097
200,38.446054750402574,7.917337627482555,4.757112184648417,38.29173376274826,2.0933977455716586,5.307300053676865,0.35560923242082665,2.831454643048846
201,38.77482555018787,7.843531937734836,4.703435319377348,38.12399355877617,2.0933977455716586,5.307300053676865,0.3488996242619431,2.804616210413312
202,38.989533011272144,7.843531937734836,4.690016103059581,37.96296296296296,2.0933977455716586,5.307300053676865,0.3488996242619431,2.7643585614600106
203,39.13714439076758,7.843531937734836,4.690016103059581,37.86231884057971,2.059849704777241,5.293880837359098,0.3488996242619431,2.7643585614600106
204,39.44578636607622,7.816693505099302,4.669887278582931,37.62748255501879,2.033011272141707,5.293880837359098,0.3488996242619431,2.7643585614600106
205,39.700751476113794,7.803274288781535,4.636339237788513,37.43961352657005,2.0128824476650564,5.293880837359098,0.3488996242619431,2.7643585614600106
206,39.821524422973695,7.763016639828234,4.616210413311863,37.3792270531401,2.0128824476650564,5.293880837359098,0.3488996242619431,2.7643585614600106
207,40.05636070853462,7.763016639828234,4.5960815888352125,37.05716586151369,1.9860440150295222,5.287171229200215,0.48980139559849706,2.7643585614600106
208,40.37842190016103,7.729468599033816,4.5960815888352125,36.782071926999464,1.9860440150295222,5.273752012882448,0.48980139559849706,2.7643585614600106
209,39.89533011272142,7.50805152979066,4.5960815888352125,35.90311325818572,1.8853998926462694,7.078636607622115,0.46967257112184646,2.6637144390767578
210,39.98926462694579,7.494632313472893,4.5960815888352125,35.82259796027912,1.8853998926462694,7.078636607622115,0.46967257112184646,2.6637144390767578
211,39.50617283950617,7.481213097155126,4.53569511540526,33.62855609232421,1.8853998926462694,9.829575952764358,0.46967257112184646,2.6637144390767578
212,39.734299516908216,7.481213097155126,4.53569511540526,33.43397745571659,1.8853998926462694,9.829575952764358,0.43612453032742887,2.6637144390767578
213,39.89533011272142,7.467793880837359,4.53569511540526,33.28636607622115,1.8853998926462694,9.829575952764358,0.43612453032742887,2.6637144390767578
214,40.103327965646805,7.461084272678476,4.53569511540526,33.17230273752013,1.8451422436929683,9.796027911969942,0.43612453032742887,2.6502952227589907
215,40.53274288781535,7.4006977992485234,4.53569511540526,32.84353193773484,1.8451422436929683,9.75577026301664,0.43612453032742887,2.6502952227589907
216,40.734031132581855,7.387278582930757,4.528985507246377,32.78314546430489,1.8451422436929683,9.675254965110037,0.43612453032742887,2.61003757380569
217,40.90848094471283,7.313472893183038,4.508856682769726,32.628824476650564,1.8317230273752012,9.66183574879227,0.43612453032742887,2.7106816961889426
218,40.81454643048846,7.219538378958669,4.508856682769726,32.400697799248526,1.8317230273752012,9.66183574879227,0.43612453032742887,3.126677402039721
219,41.035963499731615,7.206119162640902,4.488727858293076,32.23295759527644,1.8317230273752012,9.66183574879227,0.43612453032742887,3.1065485775630703
220,41.00912506709608,7.071926999463232,4.4753086419753085,32.30005367686527,1.8317230273752012,9.634997316156737,0.43612453032742887,3.240740740740741
221,41.156736446591516,7.051798174986581,4.4753086419753085,32.18599033816425,1.8317230273752012,9.634997316156737,0.43612453032742887,3.227321524422974
222,41.26409017713365,7.051798174986581,4.4753086419753085,32.078636607622116,1.8317230273752012,9.634997316156737,0.43612453032742887,3.227321524422974
223,40.57300053676865,7.03166935050993,4.468599033816425,30.776972624798713,1.8115942028985508,11.802200751476114,0.30864197530864196,3.227321524422974
224,40.88835212023618,7.03166935050993,4.468599033816425,30.71658615136876,1.724369296833065,11.66129898013956,0.30864197530864196,3.2004830917874396
225,41.10976918947934,6.984702093397746,4.468599033816425,30.636070853462158,1.7042404723564144,11.600912506709609,0.30864197530864196,3.1870638754696725
226,41.33118625872249,6.984702093397746,4.468599033816425,30.52871712292002,1.6706924315619969,11.560654857756306,0.30864197530864196,3.1468062265163717
227,41.33118625872249,7.098765432098766,4.428341384863124,30.48845947396672,1.6706924315619969,11.52710681696189,0.30864197530864196,3.1468062265163717
228,41.659957058507786,7.078636607622115,4.367954911433173,30.434782608695652,1.6706924315619969,11.345947396672035,0.30864197530864196,3.1333870101986045
229,41.8142780461621,7.078636607622115,4.367954911433173,30.334138486312398,1.6438539989264627,11.3191089640365,0.30864197530864196,3.1333870101986045
230,42.14975845410628,7.058507783145465,4.367954911433173,30.12614063338701,1.6438539989264627,11.211755233494364,0.30864197530864196,3.1333870101986045
231,42.29736983360172,7.058507783145465,4.3545356951154055,30.04562533548041,1.6438539989264627,11.158078368223295,0.30864197530864196,3.1333870101986045
232,42.43827160493827,7.058507783145465,4.3545356951154055,29.924852388620504,1.6438539989264627,11.137949543746645,0.30864197530864196,3.1333870101986045
233,42.60601180891036,7.0450885668276975,4.3478260869565215,29.676596886741816,1.7847557702630166,11.11111111111111,0.30864197530864196,3.1199677938808374
234,42.92807300053677,7.03166935050993,4.28743961352657,29.47530864197531,1.7847557702630166,11.064143853998926,0.30864197530864196,3.1199677938808374
235,43.263553408480945,7.018250134192163,4.213633923778851,29.367954911433173,1.7847557702630166,11.010466988727858,0.30864197530864196,3.0327428878153517
236,42.881105743424584,6.78341384863124,4.166666666666667,28.985507246376812,1.7847557702630166,11.943102522812667,0.30864197530864196,3.1468062265163717
237,43.09581320450886,6.769994632313473,4.166666666666667,28.784219001610307,1.7847557702630166,11.943102522812667,0.30864197530864196,3.1468062265163717
238,43.33735909822866,6.769994632313473,4.166666666666667,28.5829307568438,1.7847557702630166,11.90955448201825,0.30864197530864196,3.140096618357488
239,43.585614600107355,6.756575415995706,4.166666666666667,28.348094471282877,1.7847557702630166,11.90955448201825,0.30864197530864196,3.140096618357488
240,43.74664519592056,6.723027375201288,4.1532474503489,28.25415995705851,1.7847557702630166,11.902844873859367,0.30864197530864196,3.126677402039721
241,44.00161030595813,6.6827697262479875,4.086151368760064,28.039452495974235,1.7847557702630166,11.822329575952764,0.30864197530864196,3.2742887815351582
242,44.16264090177134,6.6827697262479875,4.052603327965647,27.945517981749866,1.751207729468599,11.822329575952764,0.30864197530864196,3.2742887815351582
243,44.39747718733226,6.6827697262479875,4.052603327965647,27.737520128824478,1.751207729468599,11.822329575952764,0.30864197530864196,3.2474503488996245
244,44.55179817498658,6.6760601180891035,4.052603327965647,27.616747181964573,1.751207729468599,11.822329575952764,0.30864197530864196,3.2206119162640903
245,44.71282877079979,6.66935050993022,4.052603327965647,27.51610305958132,1.751207729468599,11.768652710681696,0.30864197530864196,3.2206119162640903
246,44.96779388083736,6.662640901771336,4.052603327965647,27.375201288244767,1.6639828234031133,11.768652710681696,0.30864197530864196,3.2004830917874396
247,45.06843800322061,6.608964036500268,4.052603327965647,27.36849168008588,1.6639828234031133,11.728395061728396,0.30864197530864196,3.2004830917874396
248,45.41733762748255,6.608964036500268,4.012345679012346,27.194041867954912,1.6237251744498122,11.634460547504025,0.30864197530864196,3.2004830917874396
249,45.531400966183575,6.582125603864735,4.012345679012346,27.140365002683843,1.6237251744498122,11.600912506709609,0.30864197530864196,3.2004830917874396
250,45.7259796027912,6.494900697799249,3.9989264626945786,27.053140096618357,1.6237251744498122,11.600912506709609,0.30864197530864196,3.193773483628556
251,45.90713902308105,6.488191089640365,3.9989264626945786,26.918947933440688,1.6237251744498122,11.560654857756306,0.30864197530864196,3.193773483628556
252,46.256038647343,6.481481481481482,3.9989264626945786,26.744498121309714,1.6237251744498122,11.392914653784219,0.30864197530864196,3.193773483628556
253,46.43719806763285,6.481481481481482,3.992216854535695,26.596886741814277,1.6237251744498122,11.366076221148685,0.30864197530864196,3.193773483628556
254,46.70558239398819,6.481481481481482,3.992216854535695,26.402308105206657,1.6237251744498122,11.292270531400966,0.30864197530864196,3.193773483628556
255,46.89345142243693,6.4345142243692965,3.992216854535695,26.34863123993559,1.6237251744498122,11.238593666129898,0.30864197530864196,3.1602254428341383
256,47.148416532474506,6.4345142243692965,3.9452495974235107,26.214439076757916,1.6237251744498122,11.16478797638218,0.30864197530864196,3.1602254428341383
257,47.34299516908212,6.347289318303811,3.9452495974235107,25.979602791196996,1.6237251744498122,11.16478797638218,0.30864197530864196,3.2877079978529253
258,47.477187332259795,6.347289318303811,3.9452495974235107,25.885668276972623,1.6237251744498122,11.144659151905529,0.30864197530864196,3.2675791733762747
259,47.58454106280193,6.286902844873859,3.9452495974235107,25.865539452495973,1.6035963499731616,11.144659151905529,0.30864197530864196,3.260869565217391
260,48.047504025764894,6.226516371443908,3.8848631239935587,25.44283413848631,1.7042404723564144,11.137949543746645,0.2952227589908749,3.260869565217391
261,48.22195383789587,6.226516371443908,3.878153515834675,25.328770799785293,1.7042404723564144,11.084272678475577,0.2952227589908749,3.260869565217391
262,48.510466988727856,6.206387546967257,3.864734299516908,25.13419216317767,1.7042404723564144,11.037305421363392,0.2952227589908749,3.2474503488996245
263,48.611111111111114,6.1929683306494905,3.864734299516908,25.07380568974772,1.7042404723564144,11.037305421363392,0.2952227589908749,3.2206119162640903
264,47.81266774020397,6.166129898013956,3.8378958668813743,27.89855072463768,1.7042404723564144,9.064680622651638,0.2952227589908749,3.2206119162640903
265,47.99382716049383,6.139291465378422,3.770799785292539,27.851583467525497,1.7042404723564144,9.024422973698336,0.2952227589908749,3.2206119162640903
266,48.2085346215781,6.125872249060655,3.770799785292539,27.68384326355341,1.7042404723564144,8.997584541062801,0.2952227589908749,3.2139023081052067
267,48.42324208266237,6.125872249060655,3.743961352657005,27.49597423510467,1.7042404723564144,8.997584541062801,0.2952227589908749,3.2139023081052067
268,48.57756307031669,6.125872249060655,3.743961352657005,27.4422973698336,1.6841116478797638,8.930488459473967,0.2952227589908749,3.2004830917874396
269,48.76543209876543,6.125872249060655,3.743961352657005,27.32823403113258,1.6572732152442298,8.883521202361782,0.2952227589908749,3.2004830917874396
270,41.7740203972088,3.992216854535695,0.8051529790660226,40.85480407944176,1.6371443907675791,8.943907675791733,0.28180354267310787,1.710950080515298
271,42.01556629092861,3.9720880300590444,0.8051529790660226,39.60010735373054,1.6237251744498122,8.896940418679549,0.28180354267310787,2.804616210413312
272,42.190016103059584,3.9720880300590444,0.8051529790660226,39.452495974235106,1.6237251744498122,8.870101986044014,0.28180354267310787,2.804616210413312
273,42.44498121309716,3.9318303811057436,0.8051529790660226,39.23778851315083,1.6237251744498122,8.870101986044014,0.28180354267310787,2.804616210413312
274,42.80059044551798,3.9318303811057436,0.8051529790660226,38.95598497047772,1.6237251744498122,8.796296296296296,0.28180354267310787,2.804616210413312
275,42.8341384863124,3.9318303811057436,0.8051529790660226,38.94256575415996,1.6237251744498122,8.776167471819646,0.28180354267310787,2.804616210413312
276,42.921363392377884,3.9184111647879765,0.8051529790660226,38.888888888888886,1.6237251744498122,8.756038647342995,0.28180354267310787,2.804616210413312
277,43.25684380032206,3.9184111647879765,0.8051529790660226,38.66076221148685,1.6237251744498122,8.648684916800859,0.28180354267310787,2.804616210413312
