,45,50,53,55,51,54,58,52,56,57
0,99.55716586151368,0.4428341384863124,,,,,,,,
1,97.23564143853999,2.7643585614600106,,,,,,,,
2,90.88164251207729,9.118357487922705,,,,,,,,
3,89.18411164787976,10.815888352120236,,,,,,,,
4,85.32608695652173,14.673913043478262,,,,,,,,
5,30.97826086956522,69.02173913043478,,,,,,,,
6,31.179549114331724,56.86392914653784,9.27938808373591,2.677133655394525,,,,,,
7,28.871443907675793,55.3341384863124,9.272678475577026,2.677133655394525,3.844605475040258,,,,,
8,23.89291465378422,62.493290391841114,9.23913043478261,2.657004830917874,1.7176596886741815,,,,,
9,19.53166935050993,53.26086956521739,8.55475040257649,2.6502952227589907,14.184111647879764,1.5230810520665594,0.2952227589908749,,,
10,11.808910359634996,59.936929683306495,8.521202361782072,2.6502952227589907,14.123725174449811,2.6637144390767578,0.2952227589908749,,,
11,10.339506172839506,57.6959205582394,6.642512077294686,2.6301663982823404,17.54562533548041,4.851046698872786,0.2952227589908749,,,
12,9.05126140633387,49.7987117552335,5.71658615136876,2.6033279656468062,30.08588298443371,2.4490069779924855,0.2952227589908749,,,
13,6.9243156199677935,19.43773483628556,1.6103059581320451,,56.27348362855609,,,15.277777777777779,0.20128824476650564,0.27509393451422437
14,7.192699946323135,18.887546967257112,1.6103059581320451,0.46296296296296297,56.092324208266234,,,15.157004830917874,0.20128824476650564,0.39586688137412773
15,7.648953301127214,18.746645195920557,3.743961352657005,0.46296296296296297,53.824476650563604,,,14.97584541062802,0.20128824476650564,0.39586688137412773
16,7.367149758454106,16.532474503488995,4.810789049919484,0.46296296296296297,49.651100375738054,2.046430488459474,,16.243961352657006,2.4892646269457863,0.39586688137412773
17,7.62211486849168,16.465378421900162,2.462426194310252,0.46296296296296297,53.73054213633924,0.41599570585077833,,16.0829307568438,2.4020397208803006,0.35560923242082665
18,7.716049382716049,16.364734299516908,4.502147074610843,0.7380568974771873,41.30434782608695,0.41599570585077833,,26.281535158346752,2.5161030595813205,0.1610305958132045
19,8.192431561996779,14.942297369833602,4.213633923778851,1.0735373054213635,40.995705850778315,2.1135265700483092,,25.791733762748255,2.5161030595813205,0.1610305958132045
20,8.091787439613526,14.895330112721417,4.206924315619967,1.0735373054213635,48.29575952764358,2.4490069779924855,,18.263553408480945,2.576489533011272,0.14761137949543746
21,7.763016639828234,13.479602791196994,4.186795491143317,1.0466988727858293,45.24288781535159,2.1403650026838434,,19.920826623725173,6.085614600107354,0.13419216317767044
22,8.09849704777241,12.915995705850777,6.152710681696189,1.107085346215781,41.08964036500269,2.1403650026838434,,23.55072463768116,4.817498658078368,0.1274825550187869
23,8.581588835212024,12.795222758990874,6.152710681696189,5.911164787976382,36.493558776167475,1.8585614600107354,,23.49033816425121,4.5893719806763285,0.1274825550187869
24,7.716049382716049,15.5126140633387,6.045356951154052,5.911164787976382,36.44659151905529,1.8585614600107354,,21.591519055287172,4.582662372517445,0.33548040794417605
25,7.0383789586688135,13.6808910359635,4.8376274825550185,5.911164787976382,44.155931293612454,4.025764895330113,,17.59259259259259,2.5496511003757383,0.20799785292538917
26,7.024959742351046,13.674181427804616,4.8376274825550185,5.884326355340848,44.81347289318304,3.9586688137412773,,17.062533548040793,2.536231884057971,0.20799785292538917
27,7.434245840042942,13.613794954374665,4.810789049919484,5.857487922705314,44.6256038647343,3.9452495974235107,,16.982018250134193,2.522812667740204,0.20799785292538917
28,7.930756843800322,12.647611379495437,4.797369833601718,4.4820182501341925,44.20289855072464,4.891304347826087,,18.256843800322063,2.5831991411701556,0.20799785292538917
29,8.527911969940956,12.634192163177671,4.7638217928073,4.4820182501341925,43.80703166935051,4.891304347826087,,18.109232420826622,2.576489533011272,0.20799785292538917
30,8.59500805152979,12.634192163177671,6.749865807836822,3.3145464304884595,43.364197530864196,4.891304347826087,,17.66639828234031,2.576489533011272,0.20799785292538917
31,8.84326355340848,12.627482555018787,6.709608158883521,3.589640365002684,42.954911433172306,4.864465915190553,,17.62614063338701,2.576489533011272,0.20799785292538917
32,8.588298443370908,12.426194310252281,6.568706387546968,3.5829307568438002,37.63419216317767,4.696725711218465,,23.825818572195384,2.4691358024691357,0.20799785292538917
33,7.702630166398282,7.206119162640902,6.159420289855072,2.9589371980676327,38.66747181964573,1.3821792807300053,0.19457863660762212,33.13204508856683,2.3886205045625335,0.20799785292538917
34,7.7831454643048845,7.206119162640902,8.984165324745035,2.932098765432099,36.090982286634464,1.2278582930756843,0.19457863660762212,32.37385936661299,2.2342995169082127,0.9728931830381106
35,7.581857219538379,7.192699946323135,11.07085346215781,2.844873859366613,34.88325281803543,1.247987117552335,0.19457863660762212,32.21953837895867,1.7914653784219001,0.9728931830381106
36,7.03166935050993,4.549114331723027,10.997047772410092,2.791196994095545,33.682232957595275,1.247987117552335,0.19457863660762212,37.0504562533548,1.482823403113258,0.9728931830381106
37,7.326892109500805,4.522275899087493,10.929951690821255,2.791196994095545,31.85721953837896,1.247987117552335,0.1878690284487386,35.71524422973698,4.448470209339774,0.9728931830381106
38,7.561728395061729,4.522275899087493,10.903113258185721,2.791196994095545,31.76328502415459,1.2144390767579174,0.1878690284487386,35.51395598497048,4.448470209339774,1.093666129898014
39,8.36688137412775,4.428341384863124,10.755501878690284,2.7241009125067097,32.91733762748255,1.2144390767579174,0.1878690284487386,33.65539452495974,4.663177670424047,1.0869565217391304
40,6.353998926462695,4.253891572732153,9.185453569511541,1.596886741814278,24.362587224906065,1.1540526033279657,0.12077294685990338,50.38915727321525,1.6438539989264627,0.9393451422436929
41,6.468062265163715,4.253891572732153,9.07139023081052,1.596886741814278,23.161567364465917,6.595544820182502,0.12077294685990338,46.14868491680086,1.6438539989264627,0.9393451422436929
42,6.8035426731078905,4.253891572732153,9.05126140633387,1.596886741814278,23.14814814814815,6.568706387546968,0.12077294685990338,45.772946859903385,1.6438539989264627,1.0399892646269457
43,7.320182501341922,3.978797638217928,8.521202361782072,1.8317230273752012,22.920021470746107,6.6760601180891035,0.12077294685990338,45.98094471282877,1.724369296833065,0.9259259259259259
44,7.440955448201825,3.629898013955985,8.494363929146537,1.8183038110574343,24.671229200214707,5.535426731078905,,45.69243156199678,1.8719806763285025,0.8454106280193237
45,7.105475040257649,3.569511540526033,5.864197530864198,1.7847557702630166,33.19243156199678,4.951690821256038,0.11406333870101985,41.4922168545357,1.1540526033279657,0.7716049382716049
46,7.763016639828234,3.556092324208266,5.844068706387547,1.751207729468599,32.80327428878154,4.757112184648417,0.11406333870101985,41.25067096081589,1.3888888888888888,0.7716049382716049
47,8.239398819108963,3.556092324208266,5.783682232957595,1.737788513150832,31.36070853462158,7.253086419753086,0.11406333870101985,39.79468599033817,1.3888888888888888,0.7716049382716049
48,8.467525496511003,3.4957058507783145,5.770263016639828,1.737788513150832,31.186258722490606,7.253086419753086,0.11406333870101985,39.720880300590444,1.482823403113258,0.7716049382716049
49,9.057971014492754,3.388352120236178,5.756843800322061,1.737788513150832,31.072195383789587,7.098765432098766,0.11406333870101985,39.54643048845947,1.4559849704777241,0.7716049382716049
50,9.386741814278047,3.388352120236178,5.756843800322061,1.737788513150832,30.817230273752013,7.092055823939882,0.11406333870101985,39.47933440687064,1.4559849704777241,0.7716049382716049
51,9.816156736446592,3.307836822329576,5.495169082125604,1.6170155662909287,32.1658615136876,7.051798174986581,0.11406333870101985,38.20450885668277,1.4559849704777241,0.7716049382716049
52,9.46725711218465,2.4490069779924855,5.46833064949007,1.6170155662909287,38.801663982823406,7.03166935050993,0.11406333870101985,32.55501878690284,1.4559849704777241,1.0399892646269457
53,9.883252818035427,2.4490069779924855,5.441492216854535,1.6035963499731616,38.446054750402574,7.018250134192163,0.11406333870101985,32.43424584004294,1.570048309178744,1.0399892646269457
54,9.594739667203436,2.428878153515835,8.648684916800859,1.5901771336553945,35.52066559312936,7.018250134192163,0.11406333870101985,32.18599033816425,1.8719806763285025,1.0265700483091786
55,6.1862587224906065,24.530327428878152,8.3467525496511,3.2340311325818574,27.811325818572197,4.938271604938271,0.11406333870101985,22.644927536231883,1.42914653784219,0.7648953301127214
56,6.394256575415996,21.994095544820183,10.775630703166936,3.2340311325818574,27.70397208803006,4.938271604938271,0.11406333870101985,22.396672034353195,1.5297906602254427,0.9192163177670424
57,6.702898550724638,21.940418679549115,10.674986580783683,3.1870638754696725,27.643585614600106,4.938271604938271,0.11406333870101985,22.383252818035427,1.4962426194310252,0.9192163177670424
58,7.387278582930757,14.821524422973699,8.205850778314547,3.140096618357488,32.9374664519592,4.938271604938271,0.11406333870101985,26.140633387010197,1.3955984970477724,0.9192163177670424
59,7.407407407407407,13.150831991411701,7.96430488459474,5.22007514761138,35.547504025764894,3.0864197530864197,0.11406333870101985,25.254965110037574,1.3352120236178207,0.9192163177670424
60,7.803274288781535,13.103864734299517,7.96430488459474,5.22007514761138,35.37305421363392,3.0864197530864197,0.11406333870101985,25.0805152979066,1.3352120236178207,0.9192163177670424
61,6.226516371443908,11.83574879227053,5.314009661835748,5.159688674181428,31.092324208266238,2.3483628556092326,0.2616747181964573,35.36634460547504,1.4761137949543746,0.9192163177670424
62,7.051798174986581,10.493827160493828,5.293880837359098,5.146269457863661,37.21819645732689,2.3483628556092326,0.2616747181964573,29.790660225442835,1.4761137949543746,0.9192163177670424
63,7.5348899624261945,10.446859903381643,7.4208266237251745,4.669887278582931,36.500268384326354,1.8317230273752012,0.2616747181964573,28.83118625872249,1.583467525496511,0.9192163177670424
64,8.031400966183575,10.44015029522276,7.179280730005368,5.159688674181428,35.69511540526033,1.8317230273752012,0.2616747181964573,28.764090177133657,1.7176596886741815,0.9192163177670424
65,8.407139023081053,10.373054213633925,7.179280730005368,5.038915727321524,33.467525496511,1.8317230273752012,0.2616747181964573,30.803811057434245,1.7176596886741815,0.9192163177670424
66,7.9039184111647875,10.332796564680622,8.232689210950081,5.038915727321524,38.21121846484165,1.5901771336553945,0.2616747181964573,26.06682769726248,1.442565754159957,0.9192163177670424
67,8.353462157809984,10.332796564680622,8.219269994632313,5.025496511003757,37.03703703703704,1.570048309178744,0.2616747181964573,25.771604938271604,2.509393451422437,0.9192163177670424
68,8.601717659688674,6.702898550724638,10.245571658615138,4.99194847020934,35.35963499731616,1.4224369296833066,0.2616747181964573,29.012345679012345,2.4825550187869028,0.9192163177670424
69,9.118357487922705,6.6760601180891035,9.856414385399892,4.9651100375738055,35.69511540526033,1.4224369296833066,0.2616747181964573,28.77750939345142,2.3483628556092326,0.8789586688137413
70,8.333333333333334,6.655931293612453,8.36688137412775,5.622651637144391,34.13177670424047,1.4224369296833066,0.2616747181964573,32.09205582393988,2.26784755770263,0.8454106280193237
71,9.017713365539452,6.535158346752549,8.272946859903382,5.555555555555555,33.97074610842727,1.4090177133655395,0.2616747181964573,31.588835212023618,2.5563607085346214,0.8319914117015567
72,9.333064949006978,6.387546967257112,8.272946859903382,5.615942028985507,33.84997316156736,1.4090177133655395,0.2616747181964573,31.49490069779925,2.5429414922168547,0.8319914117015567
73,9.809447128287708,6.327160493827161,8.192431561996779,5.730005367686527,33.48094471282877,1.402308105206656,0.2616747181964573,30.92458400429415,2.898550724637681,0.9728931830381106
74,10.131508319914117,6.300322061191626,8.172302737520129,5.750134192163178,33.400429414922165,1.402308105206656,0.2616747181964573,30.723295759527645,2.898550724637681,0.9594739667203436
75,10.413311862587225,6.092324208266238,8.125335480407944,5.649490069779925,33.28636607622115,2.1604938271604937,0.2616747181964573,30.152979066022546,2.898550724637681,0.9594739667203436
76,10.554213633923778,5.998389694041868,8.125335480407944,5.562265163714439,33.031400966183575,2.1604938271604937,0.2616747181964573,29.70343531937735,3.643317230273752,0.9594739667203436
77,10.789049919484702,5.991680085882985,8.111916264090176,5.562265163714439,32.971014492753625,2.0933977455716586,0.2616747181964573,29.64975845410628,3.6231884057971016,0.9460547504025765
78,10.815888352120236,5.991680085882985,8.091787439613526,5.71658615136876,32.88378958668814,2.0933977455716586,0.2616747181964573,29.57595276435856,3.6231884057971016,0.9460547504025765
79,11.439881910896403,5.991680085882985,8.07836822329576,5.703166935050993,32.46108427267848,2.0933977455716586,0.2616747181964573,29.274020397208805,3.750670960815888,0.9460547504025765
80,11.990069779924852,5.958132045088567,7.9039184111647875,5.703166935050993,31.890767579173378,2.0933977455716586,0.2616747181964573,29.0727321524423,4.200214707461084,0.9259259259259259
81,12.285292538915728,5.911164787976382,7.803274288781535,6.347289318303811,31.320450885668276,2.0799785292538915,0.2616747181964573,28.985507246376812,4.126409017713366,0.8789586688137413
82,12.902576489533011,5.857487922705314,7.803274288781535,8.588298443370908,29.421631776704242,1.9860440150295222,0.24825550187869028,28.37493290391841,3.938539989264627,0.8789586688137413
83,13.446054750402576,5.730005367686527,7.763016639828234,8.588298443370908,29.200214707461082,1.9860440150295222,0.24825550187869028,28.227321524422972,3.938539989264627,0.8722490606548577
84,14.17740203972088,5.60252281266774,7.742887815351583,8.467525496511003,29.012345679012345,1.9457863660762211,0.24825550187869028,27.958937198067634,3.9720880300590444,0.8722490606548577
85,14.687332259796028,5.595813204508857,7.729468599033816,8.447396672034353,28.710413311862588,1.9189479334406871,0.24825550187869028,27.730810520665592,4.05931293612453,0.8722490606548577
86,14.875201288244767,5.58239398819109,7.729468599033816,8.427267847557703,28.61647879763822,1.90552871712292,0.24825550187869028,27.68384326355341,4.05931293612453,0.8722490606548577
87,15.324745034889963,5.562265163714439,7.682501341921632,8.373590982286634,28.227321524422972,1.90552871712292,0.24825550187869028,27.51610305958132,4.294149221685454,0.8655394524959742
88,15.747450348899624,5.495169082125604,7.6623725174449815,8.427267847557703,28.12667740203972,1.8988191089640365,0.24825550187869028,27.093397745571657,4.435050993022007,0.8655394524959742
89,16.11647879763822,5.495169082125604,7.62211486849168,8.400429414922169,27.979066022544284,1.8115942028985508,0.24825550187869028,27.046430488459475,4.428341384863124,0.8521202361782072
90,16.264090177133657,5.441492216854535,7.615405260332796,8.299785292538916,27.932098765432098,1.8115942028985508,0.24825550187869028,27.38191089640365,4.1532474503489,0.8521202361782072
91,16.458668813741276,5.428073000536768,9.957058507783145,8.232689210950081,25.979602791196996,1.7981749865807837,0.24825550187869028,27.18733225979603,3.8580246913580245,0.8521202361782072
92,15.962157809983896,5.414653784219001,9.816156736446592,6.421095008051529,28.871443907675793,1.7981749865807837,0.24825550187869028,26.979334406870638,3.6366076221148687,0.8521202361782072
93,14.432367149758454,5.387815351583468,6.4412238325281805,5.522007514761138,37.714707461084274,0.9326355340848095,0.15432098765432098,26.174181427804616,2.3886205045625335,0.8521202361782072
94,14.741009125067096,5.387815351583468,6.421095008051529,5.522007514761138,37.40606548577563,0.9326355340848095,0.15432098765432098,26.06682769726248,2.5161030595813205,0.8521202361782072
95,14.955716586151368,5.387815351583468,6.421095008051529,5.522007514761138,37.285292538915726,0.9326355340848095,0.15432098765432098,25.99302200751476,2.5161030595813205,0.8319914117015567
96,15.499194847020934,5.199946323134729,5.917874396135265,5.246913580246914,36.37278582930757,0.6910896403650026,0.15432098765432098,27.509393451422437,2.576489533011272,0.8319914117015567
97,15.848094471282877,5.199946323134729,5.917874396135265,5.260332796564681,36.04401502952228,0.6910896403650026,0.15432098765432098,27.47584541062802,2.576489533011272,0.8319914117015567
98,16.411701556629094,5.173107890499195,5.857487922705314,5.226784755770263,35.67498658078368,0.6910896403650026,0.15432098765432098,27.13365539452496,2.844873859366613,0.8319914117015567
99,16.525764895330113,5.173107890499195,5.790391841116479,5.193236714975845,36.171497584541065,0.6910896403650026,0.15432098765432098,26.529790660225444,2.844873859366613,0.9259259259259259
100,16.5727321524423,5.065754159957058,6.400966183574879,5.3274288781535155,35.970209339774556,0.6910896403650026,0.15432098765432098,25.89908749329039,2.9924852388620504,0.9259259259259259
101,16.921631776704242,5.038915727321524,6.400966183574879,5.3274288781535155,35.82259796027912,0.6910896403650026,0.15432098765432098,25.72463768115942,2.9924852388620504,0.9259259259259259
102,17.102791196994094,5.038915727321524,6.374127750939345,5.3274288781535155,35.71524422973698,0.6910896403650026,0.15432098765432098,25.677670424047236,2.9924852388620504,0.9259259259259259
103,17.773752012882447,4.9718196457326895,6.374127750939345,5.300590445517981,35.20531400966183,0.6910896403650026,0.15432098765432098,25.63070316693505,2.9723564143853998,0.9259259259259259
104,17.847557702630166,4.931561996779388,6.367418142780462,5.12614063338701,35.55421363392378,0.6910896403650026,0.15432098765432098,25.47638217928073,2.9253891572732154,0.9259259259259259
105,18.290391841116477,4.891304347826087,6.353998926462695,5.139559849704777,35.23215244229737,0.6910896403650026,0.15432098765432098,25.449543746645197,2.871712292002147,0.9259259259259259
106,16.42512077294686,4.233762748255502,6.246645195920558,4.757112184648417,43.20987654320987,2.100107353730542,0.15432098765432098,19.726247987117553,2.408749329039184,0.7380568974771873
107,16.894793344068706,4.206924315619967,6.233225979602791,4.7101449275362315,42.954911433172306,2.086688137412775,0.15432098765432098,19.618894256575416,2.4020397208803006,0.7380568974771873
108,17.196725711218466,4.206924315619967,6.1862587224906065,5.0858829844337095,42.411433172302736,2.086688137412775,0.15432098765432098,19.53166935050993,2.4020397208803006,0.7380568974771873
109,17.257112184648417,4.206924315619967,8.407139023081053,5.032206119162641,40.633387010198604,2.086688137412775,0.15432098765432098,19.33709071390231,2.147074610842727,0.7380568974771873
110,17.69994632313473,4.166666666666667,8.3467525496511,4.985238862050457,40.445517981749866,2.073268921095008,0.15432098765432098,19.28341384863124,2.1068169618894257,0.7380568974771873
111,18.297101449275363,4.166666666666667,8.205850778314547,5.12614063338701,39.99597423510467,2.073268921095008,0.15432098765432098,19.142512077294686,2.1068169618894257,0.7313472893183038
112,17.424852388620504,4.146537842190016,7.709339774557166,4.998658078368224,38.33199141170156,3.9720880300590444,0.13419216317767044,20.779656468062264,1.7713365539452497,0.7313472893183038
113,17.56575415995706,4.146537842190016,7.709339774557166,4.958400429414922,38.27160493827161,3.9720880300590444,0.13419216317767044,20.739398819108963,1.7713365539452497,0.7313472893183038
114,18.115942028985508,4.106280193236715,7.695920558239399,4.944981213097155,38.09044551798175,3.9720880300590444,0.13419216317767044,20.457595276435857,1.751207729468599,0.7313472893183038
115,18.183038110574344,4.106280193236715,7.601986044015029,4.944981213097155,38.00993022007515,4.7101449275362315,0.13419216317767044,19.847020933977454,1.751207729468599,0.7112184648416533
116,17.223564143854,4.066022544283414,7.2933440687063875,4.502147074610843,40.21068169618894,4.7101449275362315,0.13419216317767044,19.410896403650028,1.737788513150832,0.7112184648416533
117,16.069511540526033,4.032474503488996,7.024959742351046,4.106280193236715,42.47181964573269,4.656468062265164,0.13419216317767044,19.276704240472355,1.5163714439076759,0.7112184648416533
118,16.70692431561997,3.9989264626945786,6.964573268921095,4.072732152442297,42.11621041331186,4.562533548040794,0.13419216317767044,19.189479334406872,1.5499194847020934,0.7045088566827697
119,17.028985507246375,3.938539989264627,6.944444444444445,4.005636070853462,41.99543746645196,4.562533548040794,0.13419216317767044,19.135802469135804,1.5499194847020934,0.7045088566827697
120,17.431561996779386,3.938539989264627,6.910896403650026,4.005636070853462,41.74718196457327,4.488727858293076,0.13419216317767044,19.088835212023618,1.5499194847020934,0.7045088566827697
121,17.96833064949007,3.911701556629093,6.810252281266774,3.992216854535695,41.51234567901235,4.414922168545357,0.13419216317767044,18.9345142243693,1.6170155662909287,0.7045088566827697
122,18.115942028985508,3.844605475040258,7.0383789586688135,5.287171229200215,40.05636070853462,3.8848631239935587,0.13419216317767044,19.316961889425656,1.6170155662909287,0.7045088566827697
123,18.54535695115405,3.7775093934514223,9.172034353193773,5.253623188405797,37.92270531400966,3.750670960815888,0.13419216317767044,19.155931293612454,1.5901771336553945,0.6977992485238862
124,19.135802469135804,3.7775093934514223,9.064680622651638,5.233494363929147,37.39264626945786,3.683574879227053,0.13419216317767044,19.0552871712292,1.8250134192163177,0.6977992485238862
125,19.236446591519055,3.629898013955985,8.970746108427267,5.0993022007514766,36.37278582930757,4.508856682769726,0.13419216317767044,19.524959742351047,1.8250134192163177,0.6977992485238862
126,19.45115405260333,3.5963499731615673,8.883521202361782,5.267042404723564,36.198336017176594,4.508856682769726,0.13419216317767044,19.43773483628556,1.8250134192163177,0.6977992485238862
127,19.80005367686527,3.589640365002684,8.856682769726248,5.267042404723564,35.970209339774556,4.575952764358561,0.13419216317767044,19.28341384863124,1.8250134192163177,0.6977992485238862
128,20.142243692968332,3.589640365002684,8.84326355340848,5.24020397208803,35.84272678475577,4.51556629092861,0.13419216317767044,19.16935050993022,1.8250134192163177,0.6977992485238862
129,20.363660762211488,3.589640365002684,8.809715512614064,5.495169082125604,35.54079441760601,4.508856682769726,0.13419216317767044,19.02173913043478,1.8384326355340848,0.6977992485238862
130,19.847020933977454,3.589640365002684,8.152173913043478,5.300590445517981,34.99060654857756,6.622383252818035,0.13419216317767044,18.63929146537842,1.8250134192163177,0.8990874932903918
131,20.115405260332796,3.589640365002684,8.091787439613526,5.3274288781535155,34.836285560923244,6.561996779388084,0.13419216317767044,18.46484165324745,1.9860440150295222,0.8923778851315083
132,18.813741277509394,3.549382716049383,7.937466451959206,4.676596886741814,40.163714439076756,4.797369833601718,0.13419216317767044,17.351046698872786,1.751207729468599,0.8252818035426731
133,19.142512077294686,3.549382716049383,7.823403113258186,4.669887278582931,40.01610305958132,4.703435319377348,0.13419216317767044,17.351046698872786,1.7847557702630166,0.8252818035426731
134,19.33709071390231,3.535963499731616,7.7898550724637685,4.663177670424047,39.88862050456253,4.703435319377348,0.13419216317767044,17.337627482555018,1.7847557702630166,0.8252818035426731
135,19.618894256575416,3.535963499731616,7.729468599033816,4.636339237788513,39.79468599033817,4.690016103059581,0.13419216317767044,17.250402576489535,1.7847557702630166,0.8252818035426731
136,19.142512077294686,3.421900161030596,7.729468599033816,4.602791196994096,39.29817498658078,4.690016103059581,0.13419216317767044,18.263553408480945,1.892109500805153,0.8252818035426731
137,18.679549114331724,3.421900161030596,9.574610842726784,4.461889425657541,37.34567901234568,4.4820182501341925,0.13419216317767044,19.51154052603328,1.5633387010198605,0.8252818035426731
138,19.00161030595813,3.421900161030596,9.520933977455716,4.703435319377348,37.043746645195924,4.51556629092861,0.13419216317767044,19.290123456790123,1.5432098765432098,0.8252818035426731
139,19.363929146537842,3.4151905528717124,9.500805152979066,4.643048845947397,36.862587224906065,4.51556629092861,0.13419216317767044,19.0955448201825,1.6572732152442298,0.8118625872249061
140,19.545088566827697,3.4151905528717124,9.426999463231347,4.74369296833065,36.62775093934514,4.622920021470746,0.13419216317767044,19.028448738593667,1.6438539989264627,0.8118625872249061
141,19.96779388083736,3.4151905528717124,9.386741814278047,4.676596886741814,36.26543209876543,4.622920021470746,0.13419216317767044,18.9345142243693,1.7847557702630166,0.8118625872249061
142,19.47128287707998,3.4151905528717124,9.333064949006978,2.932098765432099,34.5276435856146,4.435050993022007,0.13419216317767044,23.07434245840043,1.865271068169619,0.8118625872249061
143,19.632313472893184,3.3145464304884595,9.333064949006978,3.026033279656468,34.46054750402576,4.435050993022007,0.13419216317767044,22.987117552334944,1.865271068169619,0.8118625872249061
144,20.189210950080515,3.3145464304884595,9.292807300053678,3.026033279656468,34.18545356951154,4.314278046162104,0.13419216317767044,22.805958132045088,1.932367149758454,0.8051529790660226
145,20.48443370907139,3.307836822329576,9.27938808373591,2.999194847020934,34.05797101449275,4.294149221685454,0.13419216317767044,22.705314009661837,1.932367149758454,0.8051529790660226
146,20.86688137412775,3.280998389694042,9.219001610305957,3.2675791733762747,33.56816961889426,4.280730005367687,0.13419216317767044,22.644927536231883,1.932367149758454,0.8051529790660226
147,21.115136876006442,3.280998389694042,9.172034353193773,3.2675791733762747,33.45410628019324,4.280730005367687,0.13419216317767044,22.57783145464305,1.9122383252818036,0.8051529790660226
148,21.631776704240472,3.280998389694042,9.104938271604938,3.2474503488996245,33.12533548040794,4.374664519592056,0.13419216317767044,22.383252818035427,1.9122383252818036,0.8051529790660226
149,21.70558239398819,3.2474503488996245,9.084809447128288,3.2340311325818574,33.09849704777241,4.428341384863124,0.13419216317767044,22.34970477724101,1.9122383252818036,0.8051529790660226
150,21.93370907139023,3.1870638754696725,9.084809447128288,3.2340311325818574,32.96430488459474,4.696725711218465,0.13419216317767044,22.061191626409016,1.8988191089640365,0.8051529790660226
151,21.28287707997853,3.1535158346752548,8.487654320987655,3.099838969404187,32.085346215781,5.273752012882448,0.13419216317767044,23.778851315083198,1.8988191089640365,0.8051529790660226
152,21.564680622651636,3.1333870101986045,8.413848631239935,3.0864197530864197,31.790123456790123,5.488459473966721,0.13419216317767044,23.68491680085883,1.8988191089640365,0.8051529790660226
153,21.846484165324746,3.1065485775630703,8.3467525496511,3.0864197530864197,31.689479334406872,5.46833064949007,0.13419216317767044,23.617820719269993,1.8988191089640365,0.8051529790660226
154,22.134997316156735,3.0931293612453032,8.232689210950081,3.3548040794417604,31.44122383252818,5.481749865807837,0.13419216317767044,23.423242082662373,1.8988191089640365,0.8051529790660226
155,22.383252818035427,3.0931293612453032,8.219269994632313,3.3548040794417604,31.30703166935051,5.428073000536768,0.13419216317767044,23.382984433709073,1.892109500805153,0.8051529790660226
156,22.745571658615138,3.0931293612453032,8.192431561996779,3.3480944712828773,31.159420289855074,5.387815351583468,0.13419216317767044,23.255501878690286,1.8786902844873858,0.8051529790660226
157,22.859634997316157,3.079710144927536,8.13875469672571,3.44873859366613,31.085614600107355,5.387815351583468,0.13419216317767044,23.181696188942567,1.8786902844873858,0.8051529790660226
158,23.255501878690286,3.012614063338701,8.105206655931294,3.44873859366613,30.877616747181964,5.3341384863123995,0.13419216317767044,23.14814814814815,1.8786902844873858,0.8051529790660226
159,23.13472893183038,2.576489533011272,10.037573805689748,3.3480944712828773,30.629361245303276,5.314009661835748,0.13419216317767044,22.14170692431562,1.8786902844873858,0.8051529790660226
160,23.443370907139023,2.576489533011272,10.030864197530864,3.294417606011809,30.54213633923779,5.293880837359098,0.13419216317767044,22.000805152979066,1.8786902844873858,0.8051529790660226
161,23.72517444981213,2.576489533011272,9.943639291465379,3.280998389694042,30.461621041331185,5.293880837359098,0.13419216317767044,21.900161030595815,1.8786902844873858,0.8051529790660226
162,23.362855609232422,2.5697799248523885,9.608158883521202,4.87788513150832,29.723564143854,5.293880837359098,0.13419216317767044,21.846484165324746,1.778046162104133,0.8051529790660226
163,23.731884057971016,2.5563607085346214,9.50751476113795,4.797369833601718,29.62962962962963,5.293880837359098,0.13419216317767044,21.76596886741814,1.778046162104133,0.8051529790660226
164,24.033816425120772,2.5429414922168547,9.50751476113795,4.7638217928073,29.502147074610843,5.233494363929147,0.13419216317767044,21.69887278582931,1.778046162104133,0.8051529790660226
165,24.06736446591519,2.5429414922168547,9.480676328502415,4.757112184648417,29.421631776704242,5.656199677938808,0.13419216317767044,21.35668276972625,1.778046162104133,0.8051529790660226
166,23.825818572195384,2.5429414922168547,9.359903381642512,4.696725711218465,26.455984970477726,7.521470746108427,0.13419216317767044,22.886473429951693,1.7713365539452497,0.8051529790660226
167,23.93317230273752,2.4691358024691357,9.601449275362318,4.924852388620504,26.167471819645733,7.326892109500805,0.13419216317767044,22.873054213633925,1.7646269457863661,0.8051529790660226
168,23.97342995169082,2.4691358024691357,9.601449275362318,5.152979066022544,25.95276435856146,7.306763285024155,0.13419216317767044,22.63150831991412,1.9726247987117553,0.8051529790660226
169,24.12775093934514,2.4691358024691357,9.588030059044552,5.152979066022544,25.77831454643049,7.25979602791197,0.13419216317767044,22.530864197530864,2.15378421900161,0.8051529790660226
170,24.315619967793882,2.4490069779924855,9.588030059044552,5.152979066022544,25.704508856682768,7.25979602791197,0.24825550187869028,22.32957595276436,2.147074610842727,0.8051529790660226
171,24.758454106280194,2.4490069779924855,9.561191626409018,5.132850241545894,25.503220611916262,7.1725711218464845,0.24825550187869028,22.22222222222222,2.147074610842727,0.8051529790660226
172,25.38244766505636,2.4490069779924855,9.460547504025765,5.132850241545894,25.268384326355342,6.964573268921095,0.24154589371980675,22.168545356951153,2.1269457863660763,0.8051529790660226
173,25.785024154589372,2.4490069779924855,9.440418679549115,5.10601180891036,25.181159420289855,6.796833064949007,0.24154589371980675,22.094739667203434,2.100107353730542,0.8051529790660226
174,23.51046698872786,2.408749329039184,8.319914117015566,4.502147074610843,31.50161030595813,5.730005367686527,0.24154589371980675,21.26274825550188,1.7176596886741815,0.8051529790660226
175,23.859366612989803,2.408749329039184,8.299785292538916,4.8443370907139025,31.05877616747182,5.669618894256575,0.2281266774020397,21.108427267847556,1.7176596886741815,0.8051529790660226
176,24.08078368223296,2.408749329039184,8.199141170155663,5.032206119162641,29.05931293612453,7.863660762211487,0.2281266774020397,20.725979602791195,1.596886741814278,0.8051529790660226
177,24.402844873859365,2.408749329039184,8.165593129361245,5.065754159957058,28.797638217928075,7.85024154589372,0.2281266774020397,20.564949006977994,1.710950080515298,0.8051529790660226
178,24.610842726784757,2.408749329039184,8.152173913043478,5.065754159957058,28.77079978529254,7.769726247987117,0.2281266774020397,20.477724100912507,1.710950080515298,0.8051529790660226
179,25.228126677402038,2.408749329039184,8.125335480407944,4.85775630703167,28.381642512077295,7.7361782071927,0.2281266774020397,20.517981749865807,1.710950080515298,0.8051529790660226
180,24.382716049382715,2.395330112721417,8.091787439613526,4.757112184648417,27.489264626945786,10.218733225979603,0.2281266774020397,19.94766505636071,1.6975308641975309,0.7917337627482555
181,24.65780998389694,2.3752012882447664,8.085077831454644,4.669887278582931,27.34836285560923,10.218733225979603,0.2281266774020397,19.83360171765969,1.7914653784219001,0.7917337627482555
182,24.973161567364468,2.3752012882447664,8.219269994632313,4.911433172302737,27.01959205582394,10.124798711755233,0.2281266774020397,19.565217391304348,1.7914653784219001,0.7917337627482555
183,25.248255501878692,2.3752012882447664,8.152173913043478,4.911433172302737,26.932367149758456,10.077831454643048,0.2281266774020397,19.504830917874397,1.778046162104133,0.7917337627482555
184,25.637412775093935,2.3752012882447664,8.145464304884594,4.911433172302737,26.798174986580783,10.010735373054214,0.2281266774020397,19.32367149758454,1.778046162104133,0.7917337627482555
185,25.87895866881374,2.3752012882447664,8.017981749865807,4.911433172302737,26.764626945786365,9.977187332259795,0.2281266774020397,19.276704240472355,1.778046162104133,0.7917337627482555
186,26.174181427804616,2.3617820719269993,7.971014492753623,4.797369833601718,26.663982823403114,10.258990874932904,0.2214170692431562,18.988191089640367,1.7713365539452497,0.7917337627482555
187,26.610305958132045,2.3617820719269993,7.971014492753623,4.783950617283951,26.48953301127214,10.0979602791197,0.2214170692431562,18.914385399892645,1.7579173376274826,0.7917337627482555
188,26.818303811057433,2.3081052066559313,7.971014492753623,4.74369296833065,26.442565754159958,9.916800858829845,0.2214170692431562,18.746645195920557,1.90552871712292,0.9259259259259259
189,24.93961352657005,1.7981749865807837,5.837359098228664,4.49543746645196,33.756038647343,9.198872785829307,0.2214170692431562,16.955179817498657,1.8719806763285025,0.9259259259259259
190,25.308641975308642,1.7981749865807837,5.803811057434245,4.49543746645196,33.47423510466989,9.198872785829307,0.2214170692431562,16.901502952227588,1.8719806763285025,0.9259259259259259
191,25.744766505636072,1.6103059581320451,5.803811057434245,4.5893719806763285,33.25952764358561,9.078099838969404,0.2214170692431562,16.800858829844337,1.9659151905528718,0.9259259259259259
192,25.91250670960816,1.6103059581320451,5.803811057434245,4.582662372517445,33.19243156199678,9.078099838969404,0.2214170692431562,16.70692431561997,1.9659151905528718,0.9259259259259259
193,26.187600644122384,1.6103059581320451,5.783682232957595,4.690016103059581,33.01798174986581,8.923778851315083,0.2214170692431562,16.6935050993022,1.9457863660762211,0.9259259259259259
194,26.69753086419753,1.6103059581320451,5.770263016639828,4.690016103059581,32.669082125603865,8.816425120772946,0.2214170692431562,16.659957058507782,1.9390767579173376,0.9259259259259259
195,26.82501341921632,1.6103059581320451,5.756843800322061,4.555823939881911,32.387278582930755,8.816425120772946,0.2214170692431562,16.70692431561997,2.1940418679549114,0.9259259259259259
196,27.106816961889425,1.6035963499731616,5.736714975845411,4.683306494900698,32.06521739130435,8.964036500268385,0.2214170692431562,16.51905528717123,2.1739130434782608,0.9259259259259259
197,25.187869028448738,8.521202361782072,4.676596886741814,4.072732152442297,30.340848094471284,8.501073537305421,0.2214170692431562,15.398550724637682,2.1739130434782608,0.9057971014492754
198,25.543478260869566,8.494363929146537,4.676596886741814,4.05931293612453,30.09259259259259,8.487654320987655,0.2214170692431562,15.344873859366613,2.1739130434782608,0.9057971014492754
199,25.53676865271068,8.319914117015566,4.676596886741814,4.233762748255502,30.152979066022546,8.467525496511003,0.2214170692431562,15.318035426731079,2.1739130434782608,0.8990874932903918
200,25.89237788513151,8.313204508856682,4.676596886741814,4.233762748255502,30.005367686527105,8.454106280193237,0.2214170692431562,15.13016639828234,2.1739130434782608,0.8990874932903918
201,26.1808910359635,8.266237251744498,4.676596886741814,4.233762748255502,29.884594739667204,8.36688137412775,0.2214170692431562,15.11003757380569,2.1604938271604937,0.8990874932903918
202,26.38888888888889,8.105206655931294,4.643048845947397,4.3545356951154055,29.817498658078367,8.36688137412775,0.2214170692431562,15.056360708534621,2.147074610842727,0.8990874932903918
203,25.95276435856146,8.031400966183575,4.542404723564144,4.253891572732153,31.64922168545357,7.669082125603865,0.2214170692431562,14.42565754159957,2.3550724637681157,0.8990874932903918
204,26.29495437466452,7.991143317230274,4.522275899087493,4.193505099302201,31.468062265163713,7.648953301127214,0.2214170692431562,14.40552871712292,2.3550724637681157,0.8990874932903918
205,26.610305958132045,7.991143317230274,4.522275899087493,4.17337627482555,31.239935587761675,7.648953301127214,0.2214170692431562,14.338432635534085,2.3550724637681157,0.8990874932903918
206,26.86527106816962,7.991143317230274,4.468599033816425,4.17337627482555,31.146001073537306,7.548309178743962,0.2214170692431562,14.338432635534085,2.3483628556092326,0.8990874932903918
207,27.126945786366075,7.957595276435856,4.468599033816425,4.17337627482555,31.031937734836287,7.548309178743962,0.2147074610842727,14.11701556629093,2.3483628556092326,1.0131508319914118
208,27.616747181964573,7.957595276435856,4.3545356951154055,4.334406870638754,30.495169082125603,7.440955448201825,0.2147074610842727,13.92914653784219,2.522812667740204,1.133923778851315
209,28.093129361245303,7.917337627482555,4.3478260869565215,4.327697262479871,30.16639828234031,7.340311325818572,0.2147074610842727,13.83521202361782,2.657004830917874,1.1003757380568975
210,28.415190552871714,7.9106280193236715,4.327697262479871,4.414922168545357,29.958400429414922,7.320182501341922,0.2147074610842727,13.707729468599034,2.6301663982823404,1.1003757380568975
211,28.488996242619432,7.9039184111647875,4.294149221685454,4.622920021470746,29.864465915190554,7.2933440687063875,0.2147074610842727,13.58695652173913,2.6301663982823404,1.1003757380568975
212,28.64331723027375,7.9039184111647875,4.28743961352657,5.005367686527107,29.636339237788512,7.206119162640902,0.2147074610842727,13.425925925925926,2.576489533011272,1.1003757380568975
213,28.898282340311326,7.836822329575953,4.28743961352657,4.998658078368224,29.57595276435856,7.206119162640902,0.2147074610842727,13.372249060654857,2.576489533011272,1.0332796564680622
214,29.314278046162105,7.769726247987117,4.28743961352657,4.998658078368224,29.367954911433173,7.152442297369833,0.2147074610842727,13.33870101986044,2.522812667740204,1.0332796564680622
215,29.461889425657542,7.729468599033816,4.200214707461084,5.152979066022544,29.20692431561997,7.152442297369833,0.2147074610842727,13.325281803542673,2.522812667740204,1.0332796564680622
216,29.582662372517444,7.648953301127214,4.180085882984434,5.246913580246914,29.032474503488995,7.152442297369833,0.2147074610842727,13.264895330112722,2.6435856146001075,1.0332796564680622
217,29.898013955984972,7.648953301127214,4.159957058507783,5.233494363929147,28.891572732152444,7.139023081052066,0.20799785292538917,13.150831991411701,2.636876006441224,1.0332796564680622
218,30.253623188405797,7.648953301127214,4.159957058507783,5.226784755770263,28.69699409554482,7.085346215780999,0.20799785292538917,13.050187869028449,2.636876006441224,1.0332796564680622
219,30.703166935050994,7.581857219538379,4.1129898013955986,5.24020397208803,28.421900161030596,7.078636607622115,0.20799785292538917,13.003220611916264,2.623456790123457,1.0265700483091786
220,30.723295759527645,7.4208266237251745,4.320987654320987,5.3341384863123995,28.33467525496511,7.078636607622115,0.20799785292538917,12.97638217928073,2.576489533011272,1.0265700483091786
