,45,50,51,55,53,54,52,56,57,58
0,95.96081588835212,4.03918411164788,,,,,,,,
1,90.2710681696189,9.728931830381105,,,,,,,,
2,90.25093934514224,9.749060654857756,,,,,,,,
3,54.79736983360172,40.17042404723564,4.951690821256038,0.08051529790660225,,,,,,
4,54.851046698872786,40.11674718196457,4.951690821256038,0.08051529790660225,,,,,,
5,45.55823939881911,49.40955448201825,4.64975845410628,0.3824476650563607,,,,,,
6,45.6454643048846,49.322329575952764,4.64975845410628,0.3824476650563607,,,,,,
7,44.847020933977454,50.1207729468599,4.64975845410628,0.3824476650563607,,,,,,
8,44.920826623725176,50.06038647342995,4.636339237788513,0.3824476650563607,,,,,,
9,43.76677402039721,51.21443907675792,4.636339237788513,0.3824476650563607,,,,,,
10,43.545356951154055,50.60386473429951,4.636339237788513,0.3824476650563607,0.8319914117015567,,,,,
11,40.64009661835749,53.69028448738594,4.455179817498658,0.3824476650563607,0.8319914117015567,,,,,
12,39.94900697799248,51.03327965646806,7.0450885668276975,0.3824476650563607,1.5901771336553945,,,,,
13,39.512882447665056,51.670692431561996,7.004830917874396,0.3824476650563607,1.42914653784219,,,,,
14,39.62694578636608,51.58346752549651,6.977992485238862,0.3824476650563607,1.42914653784219,,,,,
15,39.67391304347826,51.39559849704777,7.118894256575416,0.3824476650563607,1.42914653784219,,,,,
16,39.57997852925389,51.49624261943102,7.112184648416532,0.3824476650563607,1.42914653784219,,,,,
17,28.670155662909288,63.27831454643049,5.730005367686527,,1.42914653784219,0.8923778851315083,,,,
18,28.824476650563607,63.191089640365,5.6964573268921095,,1.3955984970477724,0.8923778851315083,,,,
19,28.723832528180353,62.915995705850776,5.6964573268921095,,1.7713365539452497,0.8923778851315083,,,,
20,27.885131508319915,61.983360171765966,7.467793880837359,,1.7713365539452497,0.8923778851315083,,,,
21,27.730810520665592,53.87144390767579,16.99543746645196,,1.2010198604401503,0.20128824476650564,,,,
22,28.099838969404185,53.0931293612453,16.680085882984432,0.7380568974771873,1.1876006441223832,0.20128824476650564,,,,
23,28.576221148684915,52.663714439076756,16.63311862587225,0.7380568974771873,1.1876006441223832,0.20128824476650564,,,,
24,28.60305958132045,52.234299516908216,16.63311862587225,1.1406333870101986,1.1876006441223832,0.20128824476650564,,,,
25,28.64331723027375,51.56333870101986,16.324476650563607,2.1068169618894257,1.1607622114868492,0.20128824476650564,,,,
26,28.878153515834676,51.42243692968331,16.23054213633924,2.1068169618894257,1.1607622114868492,0.20128824476650564,,,,
27,28.992216854535695,51.36205045625336,16.17686527106817,2.1068169618894257,1.1607622114868492,0.20128824476650564,,,,
28,28.92512077294686,51.14734299516908,15.519323671497585,1.6706924315619969,1.6908212560386473,0.20128824476650564,0.8454106280193237,,,
29,29.025764895330113,51.07353730542136,15.49248523886205,1.6706924315619969,1.6908212560386473,0.20128824476650564,0.8454106280193237,,,
30,29.045893719806763,50.56360708534621,15.4723564143854,1.6706924315619969,1.6908212560386473,0.7112184648416533,0.8454106280193237,,,
31,29.49543746645196,50.42270531400966,15.163714439076758,1.6706924315619969,1.6908212560386473,0.7112184648416533,0.8454106280193237,,,
32,29.428341384863124,46.93370907139023,15.13016639828234,1.6706924315619969,2.657004830917874,0.7112184648416533,3.4688674181427803,,,
33,28.958668813741276,47.40338164251208,15.13016639828234,1.6706924315619969,2.657004830917874,0.7112184648416533,3.4688674181427803,,,
34,29.032474503488995,47.34970477724101,15.13016639828234,1.6505636070853462,2.657004830917874,0.7112184648416533,3.4688674181427803,,,
35,28.153515834675254,44.69269994632314,16.35131508319914,1.6371443907675791,2.341653247450349,0.7112184648416533,6.112453032742888,,,
36,28.213902308105208,44.6658615136876,16.19699409554482,1.6371443907675791,2.341653247450349,0.7112184648416533,6.078904991948471,0.15432098765432098,,
37,27.84487385936661,45.04830917874396,16.19699409554482,1.6371443907675791,2.341653247450349,0.6977992485238862,6.078904991948471,0.15432098765432098,,
38,27.80461621041331,44.65915190552872,16.17686527106817,1.6170155662909287,3.4151905528717124,0.6977992485238862,5.475040257648954,0.15432098765432098,,
39,27.462426194310254,44.56521739130435,14.63365539452496,1.6170155662909287,3.3950617283950617,2.7241009125067097,5.448201825013419,0.15432098765432098,,
40,27.61003757380569,44.41760601180891,14.63365539452496,1.6170155662909287,3.3950617283950617,2.7241009125067097,5.448201825013419,0.15432098765432098,,
41,25.697799248523886,42.290660225442835,19.35721953837896,1.1205045625335481,3.2675791733762747,2.717391304347826,5.394524959742351,0.15432098765432098,,
42,25.771604938271604,42.223564143854,19.350509930220074,1.1205045625335481,3.2675791733762747,2.717391304347826,5.394524959742351,0.15432098765432098,,
43,25.91921631776704,42.14975845410628,19.310252281266774,1.107085346215781,3.2675791733762747,2.717391304347826,5.374396135265701,0.15432098765432098,,
44,26.080246913580247,41.80085882984434,19.310252281266774,1.482823403113258,3.2675791733762747,2.6301663982823404,5.273752012882448,0.15432098765432098,,
45,25.791733762748255,40.92860976918948,19.296833064949006,1.482823403113258,3.92512077294686,2.6301663982823404,5.790391841116479,0.15432098765432098,,
46,26.247987117552334,40.86151368760064,19.290123456790123,1.482823403113258,3.8915727321524423,2.6167471819645733,5.4549114331723025,0.15432098765432098,,
47,26.37546967257112,40.774288781535155,19.26328502415459,1.482823403113258,3.8915727321524423,2.6167471819645733,5.441492216854535,0.15432098765432098,,
48,26.663982823403114,40.5126140633387,19.249865807836823,1.482823403113258,3.878153515834675,2.6167471819645733,5.441492216854535,0.15432098765432098,,
49,26.174181427804616,41.02254428341385,19.229736983360173,1.482823403113258,3.878153515834675,2.6167471819645733,5.441492216854535,0.15432098765432098,,
50,26.435856146001072,40.96886741814278,19.02173913043478,1.482823403113258,3.878153515834675,2.6167471819645733,5.441492216854535,0.15432098765432098,,
51,26.48953301127214,40.60654857756307,18.99490069779925,1.8250134192163177,3.8714439076757916,2.6167471819645733,5.441492216854535,0.15432098765432098,,
52,24.476650563607084,39.63365539452496,23.577563070316693,1.6505636070853462,2.5966183574879227,2.4691358024691357,5.441492216854535,0.15432098765432098,,
53,24.436392914653783,39.63365539452496,23.49704777241009,1.7713365539452497,2.5966183574879227,2.4691358024691357,5.441492216854535,0.15432098765432098,,
54,24.63768115942029,39.452495974235106,23.47691894793344,1.7713365539452497,2.5966183574879227,2.4691358024691357,5.441492216854535,0.15432098765432098,,
55,24.738325281803544,38.83521202361782,23.2487922705314,1.6035963499731616,3.5963499731615673,2.4557165861513686,5.367686527106817,0.15432098765432098,,
56,24.771873322597962,38.821792807300056,23.22866344605475,1.6035963499731616,3.5963499731615673,2.4557165861513686,5.367686527106817,0.15432098765432098,,
57,24.55716586151369,38.1105743424584,23.22866344605475,1.6035963499731616,3.5963499731615673,3.3816425120772946,5.367686527106817,0.15432098765432098,,
58,24.58400429414922,38.09044551798175,23.22866344605475,1.6035963499731616,3.5963499731615673,3.3816425120772946,5.360976918947934,0.15432098765432098,,
59,24.651100375738057,37.996511003757384,23.22866344605475,1.6035963499731616,3.5963499731615673,3.3816425120772946,5.173107890499195,0.36902844873859364,,
60,24.778582930756844,37.92941492216855,22.48389694041868,1.6035963499731616,3.5963499731615673,3.3480944712828773,5.891035963499732,0.36902844873859364,,
61,25.067096081588836,37.88915727321525,22.34970477724101,1.6035963499731616,3.5963499731615673,3.3480944712828773,5.837359098228664,0.30864197530864196,,
62,20.39049919484702,43.25013419216318,22.302737520128826,1.2412775093934514,3.549382716049383,3.3480944712828773,5.609232420826624,0.30864197530864196,,
63,20.437466451959207,43.23000536768653,21.75925925925926,1.2412775093934514,3.5292538915727323,3.3480944712828773,6.146001073537305,0.30864197530864196,,
64,20.564949006977994,42.52549651100376,21.70558239398819,1.8719806763285025,3.5292538915727323,3.3480944712828773,6.146001073537305,0.30864197530864196,,
65,20.69243156199678,42.47852925389157,21.68545356951154,1.8719806763285025,3.5292538915727323,3.3279656468062266,6.105743424584004,0.30864197530864196,,
66,20.840042941492218,42.35775630703167,20.7662372517445,1.8719806763285025,4.468599033816425,3.3279656468062266,6.0587761674718195,0.30864197530864196,,
67,20.088566827697264,33.3467525496511,22.16183574879227,1.8518518518518519,4.025764895330113,3.2340311325818574,14.982555018786902,0.30864197530864196,,
68,20.229468599033815,33.279656468062264,22.088030059044552,1.8518518518518519,4.025764895330113,3.2340311325818574,14.090177133655395,0.30864197530864196,0.8923778851315083,
69,20.316693505099302,33.2662372517445,22.014224369296834,1.8518518518518519,4.025764895330113,3.2340311325818574,14.090177133655395,0.30864197530864196,0.8923778851315083,
70,20.477724100912507,33.12533548040794,22.007514761137948,1.8518518518518519,4.025764895330113,3.2340311325818574,14.076757917337627,0.30864197530864196,0.8923778851315083,
71,20.799785292538918,32.8972088030059,21.571390230810522,1.8317230273752012,4.025764895330113,3.2340311325818574,14.029790660225443,0.7179280730005367,0.8923778851315083,
72,21.07487922705314,32.400697799248526,21.477455716586153,1.8317230273752012,3.9989264626945786,3.6097691894793345,13.996242619431026,0.7179280730005367,0.8923778851315083,
73,21.235909822866343,32.024959742351044,20.544820182501343,1.9860440150295222,3.9586688137412773,3.6097691894793345,15.029522275899087,0.7179280730005367,0.8923778851315083,
74,20.78636607622115,32.45437466451959,19.585346215780998,1.9860440150295222,3.9586688137412773,3.603059581320451,16.015834675254965,0.7179280730005367,0.8923778851315083,
75,19.685990338164252,32.058507783145465,18.511808910359633,1.9793344068706387,6.890767579173376,3.260869565217391,16.002415458937197,0.7179280730005367,0.8923778851315083,
76,19.75979602791197,32.03166935050993,18.4849704777241,1.9793344068706387,6.870638754696726,3.260869565217391,16.002415458937197,0.7179280730005367,0.8923778851315083,
77,19.920826623725173,31.64922168545357,18.760064412238325,1.9793344068706387,6.843800322061192,3.260869565217391,15.975577026301664,0.7179280730005367,0.8923778851315083,
78,16.78743961352657,49.342458400429415,13.848631239935587,1.4358561460010735,0.9796027911969941,3.374932903918411,12.929414922168545,0.4092860976918948,0.8923778851315083,
79,16.861245303274288,47.88647342995169,13.841921631776705,2.885131508319914,0.9796027911969941,3.3413848631239937,12.902576489533011,0.4092860976918948,0.8923778851315083,
80,17.008856682769725,47.77241009125067,13.788244766505636,2.885131508319914,0.9796027911969941,3.3950617283950617,12.869028448738593,0.4092860976918948,0.8923778851315083,
81,16.982018250134193,47.0276435856146,12.781803542673108,2.885131508319914,2.791196994095545,3.3950617283950617,12.835480407944177,0.4092860976918948,0.8923778851315083,
82,17.04911433172303,46.96054750402576,12.781803542673108,2.885131508319914,2.791196994095545,3.3950617283950617,12.835480407944177,0.4092860976918948,0.8923778851315083,
83,17.082662372517444,46.92699946323135,12.781803542673108,2.885131508319914,2.791196994095545,3.3950617283950617,12.835480407944177,0.4092860976918948,0.8923778851315083,
84,17.250402576489535,46.772678475577024,12.781803542673108,2.871712292002147,2.791196994095545,3.3950617283950617,12.835480407944177,0.4092860976918948,0.8923778851315083,
85,17.344337090713903,46.71900161030596,12.781803542673108,2.871712292002147,2.7777777777777777,3.3950617283950617,12.808641975308642,0.4092860976918948,0.8923778851315083,
86,17.53220611916264,46.65190552871712,12.781803542673108,2.871712292002147,2.737520128824477,3.3950617283950617,12.72812667740204,0.4092860976918948,0.8923778851315083,
87,17.579173376274827,46.64519592055824,12.781803542673108,2.871712292002147,2.737520128824477,3.3950617283950617,12.68786902844874,0.4092860976918948,0.8923778851315083,
88,17.58588298443371,46.18894256575416,12.781803542673108,3.321256038647343,2.737520128824477,5.139559849704777,11.097691894793345,0.4092860976918948,0.7380568974771873,
89,17.49194847020934,44.55179817498658,12.627482555018787,3.3011272141706924,4.334406870638754,4.797369833601718,11.748523886205046,0.4092860976918948,0.7380568974771873,
90,14.170692431561998,52.53623188405797,12.258454106280194,2.7308105206655933,3.911701556629093,4.62962962962963,8.950617283950617,0.3824476650563607,0.4294149221685454,
91,14.251207729468598,52.47584541062802,12.258454106280194,2.7106816961889426,3.911701556629093,4.62962962962963,8.950617283950617,0.3824476650563607,0.4294149221685454,
92,14.237788513150832,51.268115942028984,12.218196457326892,3.9720880300590444,3.911701556629093,4.62962962962963,8.950617283950617,0.3824476650563607,0.4294149221685454,
93,14.36527106816962,51.21443907675792,12.177938808373591,3.965378421900161,3.911701556629093,4.62962962962963,8.923778851315083,0.3824476650563607,0.4294149221685454,
94,14.593397745571659,51.09366612989801,12.144390767579173,3.965378421900161,3.878153515834675,4.62962962962963,8.883521202361782,0.3824476650563607,0.4294149221685454,
95,14.841653247450349,50.878958668813745,12.144390767579173,3.965378421900161,3.8580246913580245,4.62962962962963,8.870101986044014,0.3824476650563607,0.4294149221685454,
96,15.01610305958132,50.71121846484165,12.130971551261407,4.005636070853462,3.8580246913580245,4.602791196994096,8.863392377885132,0.3824476650563607,0.4294149221685454,
97,15.150295222758992,50.64412238325282,12.117552334943639,3.9989264626945786,3.8580246913580245,4.602791196994096,8.816425120772946,0.3824476650563607,0.4294149221685454,
98,15.203972088030058,50.2012882447665,11.178207192699947,3.9519592055823938,5.260332796564681,4.575952764358561,8.816425120772946,0.3824476650563607,0.4294149221685454,
99,15.35829307568438,50.14090177133655,11.158078368223295,3.9519592055823938,5.260332796564681,4.562533548040794,8.756038647342995,0.3824476650563607,0.4294149221685454,
100,14.9020397208803,48.59769189479334,11.158078368223295,4.998658078368224,5.24020397208803,4.502147074610843,9.789318303811058,0.3824476650563607,0.4294149221685454,
101,15.056360708534621,48.57756307031669,11.158078368223295,4.998658078368224,5.12614063338701,4.4820182501341925,9.789318303811058,0.3824476650563607,0.4294149221685454,
102,15.203972088030058,48.32259796027912,11.151368760064413,5.159688674181428,5.12614063338701,4.448470209339774,9.77589908749329,0.3824476650563607,0.4294149221685454,
103,15.331454643048845,48.13472893183038,11.124530327428879,5.253623188405797,5.12614063338701,4.448470209339774,9.77589908749329,0.3757380568974772,0.4294149221685454,
104,15.35829307568438,48.128019323671495,11.124530327428879,5.253623188405797,5.12614063338701,4.448470209339774,9.75577026301664,0.3757380568974772,0.4294149221685454,
105,15.331454643048845,47.22222222222222,11.124530327428879,5.964841653247451,5.347557702630167,4.448470209339774,9.75577026301664,0.3757380568974772,0.4294149221685454,
106,15.4723564143854,45.6454643048846,10.997047772410092,7.5348899624261945,5.340848094471283,4.448470209339774,9.75577026301664,0.3757380568974772,0.4294149221685454,
107,15.660225442834138,45.4777241009125,10.997047772410092,7.5348899624261945,5.340848094471283,4.448470209339774,9.73564143853999,0.3757380568974772,0.4294149221685454,
108,15.76086956521739,45.430756843800324,10.997047772410092,7.5348899624261945,5.340848094471283,4.428341384863124,9.702093397745571,0.3757380568974772,0.4294149221685454,
109,15.83467525496511,45.3972088030059,10.997047772410092,7.5348899624261945,5.340848094471283,4.428341384863124,9.66183574879227,0.3757380568974772,0.4294149221685454,
110,15.780998389694043,45.390499194847024,10.312667740203972,7.5348899624261945,5.3341384863123995,4.428341384863124,10.413311862587225,0.3757380568974772,0.4294149221685454,
111,16.009125067096083,42.72678475577026,10.279119699409554,7.326892109500805,5.267042404723564,6.468062265163715,11.131239935587761,0.36231884057971014,0.4294149221685454,
112,16.0829307568438,42.673107890499196,10.279119699409554,7.326892109500805,5.267042404723564,6.447933440687064,11.131239935587761,0.36231884057971014,0.4294149221685454,
113,16.1231884057971,42.64626945786366,10.279119699409554,7.326892109500805,5.253623188405797,6.447933440687064,11.131239935587761,0.36231884057971014,0.4294149221685454,
114,16.264090177133657,42.50536768652711,10.279119699409554,7.326892109500805,5.253623188405797,6.447933440687064,11.131239935587761,0.36231884057971014,0.4294149221685454,
115,16.445249597423512,42.07595276435856,10.279119699409554,6.723027375201288,5.233494363929147,7.320182501341922,11.131239935587761,0.36231884057971014,0.4294149221685454,
116,16.59286097691895,41.95517981749866,10.279119699409554,6.696188942565755,5.233494363929147,7.320182501341922,11.131239935587761,0.36231884057971014,0.4294149221685454,
117,16.57944176060118,41.51905528717123,10.279119699409554,4.575952764358561,8.192431561996779,6.971282877079979,11.131239935587761,0.36231884057971014,0.38915727321524424,
118,16.57944176060118,41.44524959742351,9.96376811594203,4.723564143853999,7.320182501341922,6.702898550724638,12.513419216317766,0.36231884057971014,0.38915727321524424,
119,16.639828234031132,40.995705850778315,9.936929683306495,4.616210413311863,7.313472893183038,7.246376811594203,12.5,0.36231884057971014,0.38915727321524424,
120,16.948470209339774,40.78099838969404,9.923510466988727,4.616210413311863,7.253086419753086,7.226247987117552,12.5,0.36231884057971014,0.38915727321524424,
121,16.794149221685455,40.76086956521739,8.910359634997317,5.8172302737520125,7.246376811594203,7.226247987117552,12.493290391841116,0.36231884057971014,0.38915727321524424,
122,16.814278046162105,40.57300053676865,8.883521202361782,5.9447128287707995,8.071658615136876,6.481481481481482,12.493290391841116,0.3488996242619431,0.38915727321524424,
123,16.935050993022006,40.43880837359098,8.876811594202898,6.072195383789587,8.011272141706923,6.461352657004831,12.466451959205582,0.3488996242619431,0.38915727321524424,
124,17.03569511540526,40.344873859366615,8.870101986044014,6.072195383789587,8.011272141706923,6.461352657004831,12.466451959205582,0.3488996242619431,0.38915727321524424,
125,17.062533548040793,40.203972088030056,8.756038647342995,6.072195383789587,7.997852925389157,6.729736983360172,12.439613526570048,0.3488996242619431,0.38915727321524424,
126,17.28395061728395,39.53972088030059,8.675523349436393,6.608964036500268,7.997852925389157,6.729736983360172,12.426194310252281,0.3488996242619431,0.38915727321524424,
127,17.3040794417606,39.30488459473967,8.61513687600644,6.226516371443908,8.641975308641975,6.863929146537842,12.305421363392378,0.3488996242619431,0.38915727321524424,
128,17.364465915190554,37.533548040794415,8.608427267847558,7.977724100912507,8.641975308641975,6.863929146537842,12.27187332259796,0.3488996242619431,0.38915727321524424,
129,17.398013955984972,36.90955448201825,8.608427267847558,8.648684916800859,8.628556092324208,6.863929146537842,12.258454106280194,0.2952227589908749,0.38915727321524424,
130,17.505367686527105,36.70826623725174,8.601717659688674,8.809715512614064,8.601717659688674,6.857219538378959,12.23161567364466,0.2952227589908749,0.38915727321524424,
131,17.64626945786366,36.63446054750403,8.601717659688674,8.76274825550188,8.588298443370908,6.857219538378959,12.224906065485776,0.2952227589908749,0.38915727321524424,
132,17.901234567901234,36.520397208803004,8.387010198604402,8.494363929146537,8.527911969940956,7.669082125603865,11.81561996779388,0.2952227589908749,0.38915727321524424,
133,17.257112184648417,30.327428878153516,22.423510466988727,6.360708534621578,6.488191089640365,5.5689747718733225,10.889694041867955,0.2952227589908749,0.38915727321524424,
134,17.21014492753623,30.327428878153516,22.396672034353195,6.1862587224906065,6.488191089640365,5.844068706387547,10.86285560923242,0.2952227589908749,0.38915727321524424,
135,17.384594739667204,30.287171229200215,22.342995169082126,6.1862587224906065,6.468062265163715,5.837359098228664,10.809178743961352,0.2952227589908749,0.38915727321524424,
136,17.47181964573269,30.233494363929147,22.31615673644659,6.1862587224906065,6.468062265163715,5.837359098228664,10.802469135802468,0.2952227589908749,0.38915727321524424,
137,17.58588298443371,30.173107890499196,22.302737520128826,6.1862587224906065,6.468062265163715,5.837359098228664,10.762211486849168,0.2952227589908749,0.38915727321524424,
138,16.23725174449812,29.56924315619968,24.355877616747183,6.146001073537305,6.468062265163715,5.8239398819108965,10.715244229736983,0.2952227589908749,0.38915727321524424,
139,16.398282340311326,29.56924315619968,24.22168545356951,6.146001073537305,6.468062265163715,5.964841653247451,10.547504025764896,0.2952227589908749,0.38915727321524424,
140,16.337895866881375,29.388083735909824,24.16129898013956,6.380837359098229,6.4412238325281805,5.964841653247451,10.641438539989265,0.2952227589908749,0.38915727321524424,
141,16.505636070853463,29.341116478797638,24.10762211486849,6.380837359098229,6.400966183574879,5.964841653247451,10.61460010735373,0.2952227589908749,0.38915727321524424,
142,16.485507246376812,28.965378421900162,23.960010735373054,6.884057971014493,6.320450885668277,5.964841653247451,10.587761674718196,0.4428341384863124,0.38915727321524424,
143,16.639828234031132,28.945249597423512,23.832528180354267,6.823671497584541,6.387546967257112,6.125872249060655,10.413311862587225,0.4428341384863124,0.38915727321524424,
144,16.78743961352657,28.945249597423512,23.79898013955985,6.823671497584541,6.387546967257112,6.0654857756307035,10.359634997316157,0.4428341384863124,0.38915727321524424,
145,16.901502952227588,28.898282340311326,23.79898013955985,6.78341384863124,6.387546967257112,6.038647342995169,10.359634997316157,0.4428341384863124,0.38915727321524424,
146,16.639828234031132,28.207192699946322,25.02012882447665,6.78341384863124,6.347289318303811,6.038647342995169,10.131508319914117,0.4428341384863124,0.38915727321524424,
147,16.71363392377885,28.12667740203972,24.711486849168008,6.78341384863124,6.347289318303811,6.414385399892646,10.071121846484166,0.4428341384863124,0.38915727321524424,
148,16.928341384863124,28.06629092860977,24.651100375738057,6.78341384863124,6.320450885668277,6.394256575415996,10.02415458937198,0.4428341384863124,0.38915727321524424,
149,17.008856682769725,28.012614063338702,24.630971551261407,6.78341384863124,6.320450885668277,6.394256575415996,10.017444981213098,0.4428341384863124,0.38915727321524424,
150,17.122920021470748,28.012614063338702,24.55716586151369,6.78341384863124,6.320450885668277,6.380837359098229,9.990606548577563,0.4428341384863124,0.38915727321524424,
151,17.05582393988191,27.294685990338163,22.24235104669887,8.266237251744498,6.320450885668277,6.360708534621578,9.970477724100913,2.100107353730542,0.38915727321524424,
152,17.042404723564143,26.737788513150832,22.24235104669887,8.876811594202898,6.099033816425121,6.5485775630703165,9.96376811594203,2.100107353730542,0.38915727321524424,
153,17.196725711218466,26.663982823403114,22.23564143853999,8.84326355340848,6.078904991948471,6.5485775630703165,9.943639291465379,2.100107353730542,0.38915727321524424,
154,16.968599033816425,26.992753623188406,22.10144927536232,8.943907675791733,6.078904991948471,6.488191089640365,9.936929683306495,2.100107353730542,0.38915727321524424,
155,17.277241009125067,26.80488459473967,22.074610842726784,8.943907675791733,6.078904991948471,6.407675791733762,9.923510466988727,2.100107353730542,0.38915727321524424,
156,17.56575415995706,26.737788513150832,22.04777241009125,8.829844337090714,6.0654857756307035,6.407675791733762,9.876543209876543,2.100107353730542,0.36902844873859364,
157,17.66639828234031,26.73107890499195,21.20907139023081,8.829844337090714,6.045356951154052,6.407675791733762,9.829575952764358,2.9119699409554483,0.36902844873859364,
158,17.840848094471284,26.610305958132045,21.175523349436393,8.829844337090714,6.045356951154052,6.407675791733762,9.809447128287708,2.9119699409554483,0.36902844873859364,
159,17.787171229200215,26.227858293075684,21.162104133118625,8.709071390230811,6.025228126677402,6.407675791733762,9.500805152979066,3.81105743424584,0.36902844873859364,
160,17.914653784219002,26.227858293075684,21.141975308641975,8.709071390230811,6.025228126677402,6.400966183574879,9.400161030595813,3.81105743424584,0.36902844873859364,
161,17.09608158883521,27.012882447665056,21.128556092324207,8.541331186258722,6.005099302200751,6.662640901771336,9.373322597960279,3.81105743424584,0.36902844873859364,
162,17.24369296833065,26.918947933440688,21.101717659688674,8.541331186258722,6.005099302200751,6.649221685453569,9.359903381642512,3.81105743424584,0.36902844873859364,
163,17.357756307031668,26.88539989264627,21.07487922705314,8.527911969940956,5.991680085882985,6.622383252818035,9.359903381642512,3.81105743424584,0.36902844873859364,
164,17.324208266237253,26.65727321524423,21.07487922705314,8.789586688137414,5.991680085882985,6.622383252818035,9.359903381642512,3.81105743424584,0.36902844873859364,
165,17.485238862050455,26.637144390767578,21.048040794417606,8.789586688137414,5.978260869565218,6.622383252818035,9.286097691894794,3.784219001610306,0.36902844873859364,
166,17.58588298443371,26.583467525496513,21.048040794417606,8.78287707997853,5.978260869565218,6.588835212023618,9.27938808373591,3.784219001610306,0.36902844873859364,
167,17.733494363929147,26.50966183574879,21.00107353730542,8.78287707997853,6.038647342995169,6.561996779388084,9.245840042941492,3.7573805689747717,0.36902844873859364,
168,17.85426731078905,26.44927536231884,20.987654320987655,8.769457863660762,6.038647342995169,6.561996779388084,9.232420826623725,3.7372517444981215,0.36902844873859364,
169,17.941492216854535,26.402308105206657,20.974235104669887,8.769457863660762,6.011808910359635,6.561996779388084,9.232420826623725,3.7372517444981215,0.36902844873859364,
170,17.860976918947934,26.247987117552334,20.974235104669887,8.729200214707461,6.333870101986044,6.743156199677939,9.004294149221685,3.7372517444981215,0.36902844873859364,
171,18.055555555555557,26.207729468599034,20.947396672034355,8.695652173913043,6.333870101986044,6.689479334406871,8.970746108427267,3.730542136339238,0.36902844873859364,
172,18.377616747181964,26.06682769726248,20.90042941492217,8.668813741277509,6.333870101986044,6.602254428341385,8.950617283950617,3.730542136339238,0.36902844873859364,
173,18.42458400429415,26.039989264626946,20.88030059044552,8.668813741277509,6.333870101986044,6.602254428341385,8.950617283950617,3.730542136339238,0.36902844873859364,
174,18.303811057434245,25.583735909822867,20.779656468062264,8.53462157809984,6.595544820182502,7.474503488996243,8.521202361782072,3.8378958668813743,0.36902844873859364,
175,18.417874396135264,25.637412775093935,20.632045088566827,8.53462157809984,6.575415995705851,7.474503488996243,8.521202361782072,3.8378958668813743,0.36902844873859364,
176,18.4447128287708,25.637412775093935,20.611916264090176,8.53462157809984,6.575415995705851,7.467793880837359,8.521202361782072,3.8378958668813743,0.36902844873859364,
177,18.531937734836287,25.617283950617285,20.558239398819108,8.53462157809984,6.575415995705851,7.467793880837359,8.507783145464305,3.8378958668813743,0.36902844873859364,
178,17.10950080515298,34.96376811594203,20.169082125603865,8.467525496511003,5.401234567901234,5.870907139023081,4.609500805152979,3.408480944712829,,
179,17.183306494900698,34.93022007514761,20.135534084809446,8.467525496511003,5.401234567901234,5.864197530864198,4.609500805152979,3.408480944712829,,
180,17.364465915190554,34.876543209876544,20.088566827697264,8.400429414922169,5.401234567901234,5.864197530864198,4.5960815888352125,3.408480944712829,,
181,17.330917874396135,34.66854535695116,20.088566827697264,8.219269994632313,5.401234567901234,5.5756843800322065,5.307300053676865,3.408480944712829,,
182,17.424852388620504,34.614868491680085,20.061728395061728,8.219269994632313,5.401234567901234,5.5756843800322065,5.293880837359098,3.408480944712829,,
183,17.57246376811594,34.58803005904455,19.91411701556629,8.205850778314547,5.401234567901234,5.5756843800322065,5.253623188405797,3.488996242619431,,
184,17.612721417069242,33.621846484165324,19.91411701556629,9.158615136876007,5.387815351583468,5.562265163714439,5.253623188405797,3.488996242619431,,
185,17.69994632313473,33.581588835212024,19.81347289318304,9.23913043478261,5.360976918947934,5.562265163714439,5.253623188405797,3.488996242619431,,
186,17.85426731078905,33.52791196994095,19.773215244229736,9.212292002147075,5.347557702630167,5.542136339237788,5.253623188405797,3.488996242619431,,
187,17.787171229200215,32.87707997852925,19.75979602791197,9.212292002147075,4.8443370907139025,5.186527106816962,6.857219538378959,3.475577026301664,,
188,17.8743961352657,32.87707997852925,19.746376811594203,9.212292002147075,4.804079441760601,5.173107890499195,6.837090713902308,3.475577026301664,,
189,17.76033279656468,31.890767579173378,19.665861513687602,9.5276435856146,4.804079441760601,6.045356951154052,6.830381105743425,3.475577026301664,,
190,17.619431025228128,28.368223295759528,19.639023081052066,9.312936124530328,9.185453569511541,5.790391841116479,6.642512077294686,3.4420289855072466,,
191,17.934782608695652,28.368223295759528,19.618894256575416,9.312936124530328,8.930488459473967,5.790391841116479,6.642512077294686,3.4017713365539453,,
192,18.136070853462158,28.29441760601181,19.592055823939884,9.232420826623725,8.917069243156199,5.790391841116479,6.635802469135802,3.4017713365539453,,
193,18.290391841116477,28.213902308105208,19.565217391304348,9.225711218464841,8.903650026838433,5.776972624798712,6.635802469135802,3.388352120236178,,
194,18.323939881910896,28.18035426731079,19.565217391304348,9.225711218464841,8.903650026838433,5.776972624798712,6.635802469135802,3.388352120236178,,
195,18.4447128287708,28.173644659151904,19.47128287707998,9.219001610305957,8.890230810520666,5.776972624798712,6.635802469135802,3.388352120236178,,
196,18.49838969404187,28.133387010198604,19.47128287707998,9.205582393988191,8.890230810520666,5.776972624798712,6.635802469135802,3.388352120236178,,
197,18.531937734836287,28.133387010198604,19.464573268921097,9.205582393988191,8.890230810520666,5.776972624798712,6.635802469135802,3.361513687600644,,
198,18.59903381642512,28.113258185721953,19.444444444444443,9.185453569511541,8.890230810520666,5.776972624798712,6.629092860976919,3.361513687600644,,
199,18.820450885668276,28.073000536768653,19.444444444444443,9.138486312399356,8.890230810520666,5.689747718733226,6.716317767042405,3.227321524422974,,
200,18.813741277509394,27.831454643048847,19.310252281266774,9.084809447128288,9.708803005904455,5.5756843800322065,6.447933440687064,3.227321524422974,,
201,18.813741277509394,27.72410091250671,19.290123456790123,9.024422973698336,9.708803005904455,5.790391841116479,6.427804616210413,3.2206119162640903,,
202,18.96135265700483,27.710681696188942,19.209608158883523,9.004294149221685,9.675254965110037,5.790391841116479,6.427804616210413,3.2206119162640903,,
203,18.263553408480945,26.717659688674182,19.155931293612454,8.997584541062801,9.225711218464841,5.5689747718733225,8.849973161567364,3.2206119162640903,,
204,18.35077831454643,26.69753086419753,19.155931293612454,8.984165324745035,9.205582393988191,5.535426731078905,8.849973161567364,3.2206119162640903,,
205,18.364197530864196,26.67740203972088,19.0955448201825,9.05126140633387,9.205582393988191,5.535426731078905,8.849973161567364,3.2206119162640903,,
206,18.49838969404187,26.630434782608695,19.068706387546968,9.024422973698336,9.138486312399356,5.535426731078905,8.849973161567364,3.2541599570585076,,
207,18.605743424584006,26.583467525496513,19.028448738593667,9.004294149221685,9.138486312399356,5.535426731078905,8.849973161567364,3.2541599570585076,,
208,18.646001073537306,26.570048309178745,19.028448738593667,8.997584541062801,9.125067096081589,5.535426731078905,8.84326355340848,3.2541599570585076,,
209,18.733225979602793,26.556629092860977,19.008319914117017,8.99087493290392,9.078099838969404,5.535426731078905,8.84326355340848,3.2541599570585076,,
210,18.927804616210413,26.549919484702095,18.9345142243693,8.93719806763285,9.07139023081052,5.535426731078905,8.82313472893183,3.2206119162640903,,
211,19.0150295222759,26.496242619431026,18.9345142243693,8.903650026838433,9.07139023081052,5.535426731078905,8.82313472893183,3.2206119162640903,,
212,19.189479334406872,26.46940418679549,18.88083735909823,8.903650026838433,9.03113258185722,5.515297906602254,8.82313472893183,3.1870638754696725,,
213,19.30354267310789,26.41572732152442,18.833870101986044,8.903650026838433,9.03113258185722,5.515297906602254,8.82313472893183,3.1736446591519054,,
214,19.316961889425656,26.31508319914117,18.98148148148148,8.903650026838433,9.017713365539452,5.481749865807837,8.809715512614064,3.1736446591519054,,
215,19.43102522812668,26.234567901234566,18.947933440687063,8.93719806763285,9.017713365539452,5.481749865807837,8.809715512614064,3.140096618357488,,
216,19.545088566827697,26.133923778851315,18.947933440687063,8.93719806763285,9.017713365539452,5.481749865807837,8.796296296296296,3.140096618357488,,
217,20.02818035426731,26.08695652173913,18.646001073537306,8.923778851315083,8.93719806763285,5.46833064949007,8.796296296296296,3.113258185721954,,
218,19.592055823939884,25.39586688137413,20.336822329575952,8.82313472893183,8.923778851315083,5.0858829844337095,8.729200214707461,3.113258185721954,,
219,19.753086419753085,25.37573805689748,20.30998389694042,8.80300590445518,8.923778851315083,5.018786902844874,8.702361782071927,3.113258185721954,,
220,19.786634460547504,25.228126677402038,19.860440150295222,9.386741814278047,8.923778851315083,5.018786902844874,8.702361782071927,3.0931293612453032,,
221,20.001341921631777,25.147611379495437,19.80005367686527,9.380032206119163,8.903650026838433,5.005367686527107,8.668813741277509,3.0931293612453032,,
222,20.2361782071927,25.13419216317767,19.612184648416534,9.380032206119163,8.876811594202898,5.005367686527107,8.668813741277509,3.0864197530864197,,
223,20.229468599033815,24.56387546967257,19.598765432098766,9.333064949006978,8.863392377885132,5.662909286097692,8.662104133118627,3.0864197530864197,,
224,20.33011272141707,24.510198604401502,19.598765432098766,9.333064949006978,8.849973161567364,5.642780461621041,8.648684916800859,3.0864197530864197,,
225,20.38378958668814,24.50348899624262,20.578368223295758,9.31964573268921,8.849973161567364,5.636070853462158,7.6556629092860975,3.0730005367686526,,
226,20.477724100912507,24.50348899624262,20.531400966183575,9.312936124530328,8.849973161567364,5.609232420826624,7.6556629092860975,3.0595813204508855,,
227,20.591787439613526,24.496779388083738,20.48443370907139,9.306226516371444,8.82313472893183,5.589103596349974,7.648953301127214,3.0595813204508855,,
228,20.679012345679013,24.496779388083738,20.471014492753625,9.25925925925926,8.82313472893183,5.562265163714439,7.648953301127214,3.0595813204508855,,
229,20.8467525496511,24.4699409554482,20.39049919484702,9.25925925925926,8.82313472893183,5.562265163714439,7.588566827697263,3.0595813204508855,,
230,20.82662372517445,24.14117015566291,20.2361782071927,9.212292002147075,8.641975308641975,5.978260869565218,7.977724100912507,2.985775630703167,,
231,21.141975308641975,23.95330112721417,20.1959205582394,9.192163177670425,8.621846484165324,5.978260869565218,7.950885668276973,2.965646806226516,,
232,21.061460010735374,23.678207192699947,20.1959205582394,9.192163177670425,8.527911969940956,6.427804616210413,7.950885668276973,2.965646806226516,,
233,21.26274825550188,23.60440150295223,20.142243692968332,9.16532474503489,8.507783145464305,6.427804616210413,7.924047235641439,2.965646806226516,,
234,21.26945786366076,23.30246913580247,20.142243692968332,9.158615136876007,8.36688137412775,6.877348362855609,7.924047235641439,2.9589371980676327,,
235,21.390230810520666,23.282340311325818,20.142243692968332,9.158615136876007,8.333333333333334,6.863929146537842,7.87037037037037,2.9589371980676327,,
236,21.390230810520666,23.262211486849168,19.994632313472895,9.158615136876007,8.319914117015566,7.0450885668276975,7.87037037037037,2.9589371980676327,,
237,20.74610842726785,23.040794417606012,21.095008051529792,9.158615136876007,8.266237251744498,6.904186795491143,7.836822329575953,2.952227589908749,,
238,20.90713902308105,22.973698336017176,21.061460010735374,9.111647879763822,8.252818035426731,6.904186795491143,7.836822329575953,2.952227589908749,,
239,21.108427267847556,22.940150295222757,21.048040794417606,8.970746108427267,8.252818035426731,6.89747718733226,7.830112721417069,2.952227589908749,,
240,21.24261943102523,22.920021470746107,20.994363929146537,8.964036500268385,8.252818035426731,6.850509930220075,7.830112721417069,2.945517981749866,,
241,21.32313472893183,22.86634460547504,20.994363929146537,8.943907675791733,8.09849704777241,6.998121309715513,7.830112721417069,2.945517981749866,,
242,20.98094471282877,22.436929683306495,20.719269994632313,8.682232957595277,8.024691358024691,8.662104133118627,7.830112721417069,2.6637144390767578,,
243,20.954106280193237,22.423510466988727,20.457595276435857,8.682232957595277,8.32662372517445,8.662104133118627,7.830112721417069,2.6637144390767578,,
244,20.611916264090176,22.23564143853999,19.91411701556629,8.876811594202898,8.32662372517445,8.662104133118627,8.709071390230811,2.6637144390767578,,
245,20.658883521202362,22.228931830381107,19.880568974771872,8.876811594202898,8.32662372517445,8.655394524959743,8.709071390230811,2.6637144390767578,,
246,20.8467525496511,22.19538378958669,19.847020933977454,8.876811594202898,8.293075684380032,8.621846484165324,8.675523349436393,2.6435856146001075,,
247,21.108427267847556,22.168545356951153,19.719538378958667,8.849973161567364,8.259527643585615,8.59500805152979,8.668813741277509,2.6301663982823404,,
248,21.34326355340848,22.134997316156735,19.639023081052066,8.82313472893183,8.219269994632313,8.541331186258722,8.668813741277509,2.6301663982823404,,
249,21.39694041867955,22.10144927536232,19.6256038647343,8.82313472893183,8.21256038647343,8.541331186258722,8.668813741277509,2.6301663982823404,,
250,21.484165324745035,22.054482018250134,19.592055823939884,8.816425120772946,8.21256038647343,8.541331186258722,8.668813741277509,2.6301663982823404,,
251,21.578099838969404,22.020933977455716,19.578636607622116,8.816425120772946,8.192431561996779,8.541331186258722,8.648684916800859,2.623456790123457,,
252,21.846484165324746,21.66532474503489,19.363929146537842,9.16532474503489,8.192431561996779,8.527911969940956,8.648684916800859,2.589908749329039,,
253,22.034353193773484,21.64519592055824,19.33709071390231,9.16532474503489,8.185721953837897,8.527911969940956,8.514492753623188,2.589908749329039,,
254,22.23564143853999,21.564680622651636,19.290123456790123,9.16532474503489,8.32662372517445,8.514492753623188,8.313204508856682,2.589908749329039,,
255,22.403381642512077,21.531132581857218,19.276704240472355,9.091519055287172,8.32662372517445,8.514492753623188,8.266237251744498,2.589908749329039,,
256,22.36983360171766,20.813204508856682,19.276704240472355,9.98389694041868,8.219269994632313,8.514492753623188,8.232689210950081,2.589908749329039,,
257,22.470477724100913,20.813204508856682,19.243156199677937,9.970477724100913,8.199141170155663,8.514492753623188,8.199141170155663,2.589908749329039,,
258,22.665056360708533,20.799785292538918,19.155931293612454,9.950348899624261,8.185721953837897,8.514492753623188,8.152173913043478,2.576489533011272,,
259,22.745571658615138,20.78636607622115,19.135802469135804,9.936929683306495,8.185721953837897,8.514492753623188,8.13875469672571,2.5563607085346214,,
