,45,50,55,51,52,54,53,56,57,58,60,59
0,99.60413311862587,0.39586688137412773,,,,,,,,,,
1,98.76543209876543,1.2345679012345678,,,,,,,,,,
2,97.98711755233495,2.0128824476650564,,,,,,,,,,
3,93.84728931830381,6.152710681696189,,,,,,,,,,
4,92.78046162104133,7.219538378958669,,,,,,,,,,
5,88.99624261943103,10.976918947933441,0.026838432635534086,,,,,,,,,
6,88.62050456253355,11.352657004830919,0.026838432635534086,,,,,,,,,
7,87.5,12.473161567364466,0.026838432635534086,,,,,,,,,
8,87.21148684916801,12.640901771336553,0.11406333870101985,0.03354804079441761,,,,,,,,
9,83.69565217391305,16.076221148684915,0.1610305958132045,0.03354804079441761,0.03354804079441761,,,,,,,
10,82.93075684380032,16.740472356414386,0.1610305958132045,0.03354804079441761,0.03354804079441761,0.10064412238325282,,,,,,
11,82.38056897477188,17.223564143854,0.1610305958132045,0.06038647342995169,0.07380568974771873,0.10064412238325282,,,,,,
12,79.8040794417606,19.80005367686527,0.1610305958132045,0.06038647342995169,0.07380568974771873,0.10064412238325282,,,,,,
13,77.92538915727322,21.524422973698336,0.3153515834675255,0.06038647342995169,0.07380568974771873,0.10064412238325282,,,,,,
14,77.56307031669351,21.69887278582931,0.3153515834675255,0.16774020397208803,0.07380568974771873,0.18115942028985507,,,,,,
15,77.00617283950618,22.25577026301664,0.3153515834675255,0.16774020397208803,0.07380568974771873,0.18115942028985507,,,,,,
16,76.45598497047773,22.5577026301664,0.3153515834675255,0.28180354267310787,0.20799785292538917,0.18115942028985507,,,,,,
17,74.80542136339238,24.12775093934514,0.3153515834675255,0.28180354267310787,0.2885131508319914,0.18115942028985507,,,,,,
18,73.59769189479334,25.214707461084274,0.3153515834675255,0.28180354267310787,0.3153515834675255,0.27509393451422437,,,,,,
19,72.38325281803543,26.1808910359635,0.28180354267310787,0.28180354267310787,0.35560923242082665,0.3824476650563607,0.13419216317767044,,,,,
20,70.26972624798712,28.166935050993022,0.3421900161030596,0.28180354267310787,0.35560923242082665,0.3824476650563607,0.20128824476650564,,,,,
21,66.70692431561997,31.729736983360173,0.3421900161030596,0.28180354267310787,0.35560923242082665,0.3824476650563607,0.20128824476650564,,,,,
22,60.95679012345679,37.64090177133655,0.4495437466451959,0.14761137949543746,0.2214170692431562,0.3824476650563607,0.20128824476650564,,,,,
23,59.58132045088567,39.01637144390767,0.4495437466451959,0.14761137949543746,0.2214170692431562,0.3824476650563607,0.20128824476650564,,,,,
24,59.17203435319377,39.02308105206656,0.4495437466451959,0.30864197530864196,0.15432098765432098,0.6239935587761675,0.2683843263553409,,,,,
25,56.99141170155663,37.30542136339238,0.5434782608695652,4.005636070853462,0.2147074610842727,0.6709608158883521,0.2683843263553409,,,,,
26,56.54857756307032,37.35238862050456,0.6776704240472357,4.052603327965647,0.2147074610842727,0.6709608158883521,0.38915727321524424,0.0939345142243693,,,,
27,56.474771873322595,37.27187332259796,0.6776704240472357,4.206924315619967,0.2147074610842727,0.6709608158883521,0.38915727321524424,0.0939345142243693,,,,
28,56.40096618357488,37.09742351046699,0.9259259259259259,4.206924315619967,0.2147074610842727,0.6709608158883521,0.38915727321524424,0.0939345142243693,,,,
29,53.918411164787976,41.237251744498124,0.9728931830381106,2.636876006441224,0.2147074610842727,0.630703166935051,0.38915727321524424,,,,,
30,53.415190552871714,41.680085882984436,0.9728931830381106,2.677133655394525,0.23483628556092323,0.630703166935051,0.38915727321524424,,,,,
31,53.03274288781535,41.88137412775094,0.9728931830381106,2.677133655394525,0.36902844873859364,0.6776704240472357,0.38915727321524424,,,,,
32,52.87842190016103,38.821792807300056,1.0735373054213635,2.703972088030059,3.455448201825013,0.6776704240472357,0.38915727321524424,,,,,
33,51.06682769726248,37.453032742887814,1.0534084809447128,5.548845947396672,3.6768652710681695,0.785024154589372,0.3757380568974772,0.040257648953301126,,,,
34,50.7313472893183,37.61406333870102,1.1674718196457328,5.434782608695652,3.7372517444981215,0.785024154589372,0.3757380568974772,0.15432098765432098,,,,
35,50.67096081588835,37.4597423510467,1.3016639828234031,5.508588298443371,3.8378958668813743,0.7783145464304885,0.3757380568974772,0.06709608158883522,,,,
36,50.26167471819646,37.6610305958132,1.4224369296833066,5.360976918947934,3.730542136339238,0.8387010198604401,0.5233494363929146,0.0939345142243693,0.10735373054213634,,,
37,49.9194847020934,37.92270531400966,1.6774020397208802,5.186527106816962,3.69699409554482,0.8387010198604401,0.5233494363929146,0.0939345142243693,0.14090177133655393,,,
38,49.14787976382179,38.81508319914117,1.570048309178744,5.146269457863661,3.69699409554482,0.8655394524959742,0.5233494363929146,0.0939345142243693,0.14090177133655393,,,
39,49.040526033279654,38.79495437466452,1.6706924315619969,5.173107890499195,3.6768652710681695,0.8655394524959742,0.5233494363929146,0.0939345142243693,0.1610305958132045,,,
40,45.14224369296833,39.55984970477724,1.6170155662909287,8.514492753623188,3.6768652710681695,0.7447665056360708,0.48980139559849706,0.0939345142243693,0.1610305958132045,,,
41,45.00805152979066,39.512882447665056,1.724369296833065,8.514492753623188,3.6500268384326353,0.8185721953837896,0.48980139559849706,0.0939345142243693,0.1878690284487386,,,
42,44.920826623725176,39.492753623188406,1.6774020397208802,8.514492753623188,3.8043478260869565,0.8185721953837896,0.48980139559849706,0.0939345142243693,0.1878690284487386,,,
43,42.84755770263017,42.1027911969941,1.8518518518518519,7.9106280193236715,3.7909286097691894,0.7246376811594203,0.48980139559849706,0.0939345142243693,0.1878690284487386,,,
44,30.26033279656468,58.06494900697799,2.0799785292538915,5.10601180891036,3.408480944712829,0.5568974771873323,0.24154589371980675,0.0939345142243693,0.1878690284487386,,,
45,30.293880837359097,57.950885668276975,2.1940418679549114,5.10601180891036,3.374932903918411,0.5568974771873323,0.24154589371980675,0.0939345142243693,0.1878690284487386,,,
46,30.173107890499196,57.85024154589372,2.4154589371980677,5.10601180891036,3.374932903918411,0.5568974771873323,0.24154589371980675,0.0939345142243693,0.1878690284487386,,,
47,29.851046698872786,54.1129898013956,2.623456790123457,8.252818035426731,3.3480944712828773,0.5568974771873323,0.24154589371980675,0.8252818035426731,0.1878690284487386,,,
48,29.8040794417606,50.40257648953301,2.7777777777777777,8.225979602791197,6.977992485238862,0.5568974771873323,0.24154589371980675,0.8252818035426731,0.1878690284487386,,,
49,29.918142780461622,50.07380568974772,2.757648953301127,8.11862587224906,7.065217391304348,0.5568974771873323,0.3488996242619431,0.9728931830381106,0.1878690284487386,,,
50,29.99194847020934,49.9597423510467,2.771068169618894,7.997852925389157,7.065217391304348,0.6105743424584005,0.3488996242619431,1.06682769726248,0.1878690284487386,,,
51,28.435319377348364,43.263553408480945,1.8786902844873858,19.129092860976918,5.441492216854535,1.221148684916801,0.322061191626409,0.2147074610842727,0.0939345142243693,,,
52,28.14009661835749,41.096349973161566,1.9659151905528718,18.377616747181964,5.441492216854535,1.0265700483091786,3.643317230273752,0.2147074610842727,0.0939345142243693,,,
53,28.388352120236178,40.86151368760064,2.1604938271604937,18.156199677938808,5.421363392377885,1.0265700483091786,3.6768652710681695,0.2147074610842727,0.0939345142243693,,,
54,28.348094471282877,40.78099838969404,2.4825550187869028,17.773752012882447,5.421363392377885,1.0265700483091786,3.6768652710681695,0.39586688137412773,0.0939345142243693,,,
55,28.341384863123995,40.53274288781535,2.7106816961889426,17.652979066022546,5.448201825013419,1.0265700483091786,3.6768652710681695,0.5166398282340311,0.0939345142243693,,,
56,28.14009661835749,33.7962962962963,2.475845410628019,17.56575415995706,5.347557702630167,0.9997316156736447,10.86285560923242,0.7179280730005367,0.0939345142243693,,,
57,28.153515834675254,33.293075684380035,2.844873859366613,17.58588298443371,5.347557702630167,1.0869565217391304,10.84272678475577,0.7514761137949544,0.0939345142243693,,,
58,28.227321524422972,33.051529790660226,2.871712292002147,17.559044551798173,5.394524959742351,1.221148684916801,10.829307568438002,0.7514761137949544,0.0939345142243693,,,
59,27.979066022544284,30.367686527106816,2.657004830917874,21.07487922705314,5.381105743424584,1.0869565217391304,10.48040794417606,0.8789586688137413,0.0939345142243693,,,
60,27.569779924852387,30.69645732689211,2.657004830917874,21.088298443370906,5.401234567901234,1.0869565217391304,10.48040794417606,0.9259259259259259,0.0939345142243693,,,
61,27.730810520665592,30.609232420826622,2.6435856146001075,20.9272678475577,5.401234567901234,1.1741814278046163,10.44015029522276,0.9259259259259259,0.0939345142243693,0.05367686527106817,,
62,27.771068169618893,30.267042404723565,3.099838969404187,20.73268921095008,5.267042404723564,1.2949543746645196,10.426731078904991,0.9259259259259259,0.1610305958132045,0.05367686527106817,,
63,27.569779924852387,29.944981213097154,3.294417606011809,20.739398819108963,5.35426731078905,1.5432098765432098,10.258990874932904,0.9259259259259259,0.3153515834675255,0.05367686527106817,,
64,27.569779924852387,29.73027375201288,3.4621578099838968,20.551529790660226,5.421363392377885,1.5365002683843263,9.936929683306495,1.1003757380568975,0.3153515834675255,0.3757380568974772,,
65,27.502683843263554,29.837627482555018,3.603059581320451,20.202630166398283,5.421363392377885,1.5365002683843263,9.916800858829845,1.288244766505636,0.3153515834675255,0.3757380568974772,,
66,27.234299516908212,29.461889425657542,3.589640365002684,20.316693505099302,5.3274288781535155,2.046430488459474,9.916800858829845,1.2681159420289856,0.46296296296296297,0.3757380568974772,,
67,27.254428341384862,29.32769726247987,3.7238325281803544,20.135534084809446,5.3274288781535155,2.046430488459474,9.943639291465379,1.402308105206656,0.46296296296296297,0.3757380568974772,,
68,26.81159420289855,29.53569511540526,3.898282340311326,20.00805152979066,5.340848094471283,2.1739130434782608,9.849704777241008,1.4694041867954912,0.46296296296296297,0.4495437466451959,,
69,26.77133655394525,28.683574879227052,3.7104133118625873,18.59903381642512,5.340848094471283,2.0531400966183573,12.345679012345679,1.402308105206656,0.46296296296296297,0.630703166935051,,
70,25.91250670960816,29.220343531937736,3.8378958668813743,18.632581857219538,5.267042404723564,2.15378421900161,12.446323134728932,1.4358561460010735,0.46296296296296297,0.630703166935051,,
71,25.905797101449274,29.0727321524423,3.864734299516908,18.572195383789587,5.280461621041331,2.281266774020397,12.446323134728932,1.482823403113258,0.46296296296296297,0.630703166935051,,
72,25.91921631776704,28.958668813741276,3.9519592055823938,18.51851851851852,5.287171229200215,2.214170692431562,12.359098228663447,1.5499194847020934,0.6105743424584005,0.630703166935051,,
73,26.02657004830918,28.81105743424584,4.045893719806763,18.397745571658614,5.267042404723564,2.214170692431562,12.345679012345679,1.6505636070853462,0.6105743424584005,0.630703166935051,,
74,26.154052603327965,28.73054213633924,4.03918411164788,17.954911433172303,5.360976918947934,2.200751476113795,12.379227053140097,1.9390767579173376,0.6374127750939346,0.6038647342995169,,
75,26.060118089103597,28.64331723027375,4.106280193236715,17.92807300053677,5.528717122920021,2.1940418679549114,12.359098228663447,1.9390767579173376,0.6374127750939346,0.6038647342995169,,
76,26.060118089103597,28.650026838432634,4.106280193236715,17.921363392377884,5.528717122920021,2.2074610842726785,12.359098228663447,1.9256575415995705,0.6374127750939346,0.6038647342995169,,
77,26.019860440150296,28.435319377348364,4.314278046162104,17.787171229200215,5.481749865807837,2.281266774020397,12.5,1.9122383252818036,0.6374127750939346,0.630703166935051,,
78,25.53676865271068,28.193773483628558,4.327697262479871,16.056092324208265,8.152173913043478,2.4154589371980677,12.486580783682234,1.710950080515298,0.48980139559849706,0.630703166935051,,
79,25.42270531400966,27.87842190016103,4.280730005367687,16.19699409554482,8.28636607622115,2.5496511003757383,12.560386473429952,1.6639828234031133,0.48980139559849706,0.6709608158883521,,
80,25.36231884057971,27.831454643048847,4.30756843800322,16.13660762211487,8.28636607622115,2.6167471819645733,12.553676865271068,1.7444981213097155,0.48980139559849706,0.6709608158883521,,
81,25.36231884057971,27.616747181964573,4.26731078904992,16.23725174449812,9.41358024691358,2.6838432635534084,11.654589371980677,1.7310789049919484,0.4092860976918948,0.6239935587761675,,
82,25.308641975308642,27.697262479871174,4.26731078904992,16.183574879227052,9.346484165324744,2.657004830917874,11.681427804616211,1.8719806763285025,0.36231884057971014,0.6239935587761675,,
83,25.43612453032743,27.556360708534623,4.26731078904992,15.975577026301664,9.29951690821256,2.657004830917874,11.58749329039184,1.932367149758454,0.5434782608695652,0.7447665056360708,,
84,25.489801395598498,27.47584541062802,4.3545356951154055,15.881642512077295,9.151905528717123,2.657004830917874,11.493558776167472,2.0128824476650564,0.6776704240472357,0.8051529790660226,,
85,23.21524422973698,29.74369296833065,4.542404723564144,15.673644659151906,9.03113258185722,2.791196994095545,11.426462694578637,2.0933977455716586,0.6776704240472357,0.8051529790660226,,
86,23.32259796027912,29.70343531937735,4.542404723564144,15.640096618357488,8.876811594202898,2.791196994095545,11.453301127214171,2.0665593129361244,0.798443370907139,0.8051529790660226,,
87,23.255501878690286,29.522275899087493,4.669887278582931,15.660225442834138,8.809715512614064,2.7844873859366612,11.480139559849706,2.24771873322598,0.798443370907139,0.7716049382716049,,
88,22.5979602791197,28.884863123993558,4.542404723564144,15.619967793880837,8.57487922705314,2.844873859366613,12.889157273215245,2.2410091250670963,1.0332796564680622,0.7716049382716049,,
89,22.497316156736446,28.945249597423512,4.542404723564144,15.5126140633387,8.648684916800859,2.885131508319914,12.828770799785293,2.2611379495437465,1.107085346215781,0.7716049382716049,,
90,21.886741814278047,28.032742887815353,4.508856682769726,17.599302200751477,8.668813741277509,2.328234031132582,12.781803542673108,2.2342995169082127,1.1876006441223832,0.7716049382716049,,
91,21.76596886741814,28.012614063338702,4.528985507246377,17.57246376811594,8.648684916800859,2.4557165861513686,12.587224906065487,2.2611379495437465,1.3217928073000538,0.8454106280193237,,
92,18.209876543209877,37.07729468599034,5.018786902844874,16.901502952227588,8.11862587224906,2.1940418679549114,8.259527643585615,2.2074610842726785,1.3955984970477724,0.6172839506172839,,
93,18.189747718733226,36.89613526570049,5.059044551798175,17.002147074610843,8.038110574342458,2.408749329039184,8.21256038647343,2.1604938271604937,1.4224369296833066,0.6105743424584005,,
94,13.553408480944713,38.95598497047772,4.958400429414922,16.317767042404725,12.177938808373591,1.9256575415995705,7.716049382716049,2.1604938271604937,1.6371443907675791,0.5971551261406334,,
95,13.439345142243694,37.34567901234568,4.690016103059581,15.895061728395062,12.070585077831455,5.193236714975845,7.232957595276436,2.0531400966183573,1.5499194847020934,0.5300590445517982,,
96,13.43263553408481,37.17122920021471,4.783950617283951,15.895061728395062,12.050456253354804,5.320719269994632,7.266505636070853,2.046430488459474,1.5365002683843263,0.49651100375738055,,
97,13.439345142243694,36.882716049382715,5.548845947396672,15.210681696188942,12.00348899624262,5.374396135265701,6.991411701556629,2.3752012882447664,1.5297906602254427,0.644122383252818,,
98,13.56682769726248,36.72168545356951,5.548845947396672,15.083199141170155,11.822329575952764,5.374396135265701,6.944444444444445,2.6301663982823404,1.6170155662909287,0.6910896403650026,,
99,12.06387546967257,37.96296296296296,5.897745571658615,14.935587761674718,11.708266237251744,5.4616210413311865,6.944444444444445,2.717391304347826,1.6170155662909287,0.6910896403650026,,
100,9.856414385399892,35.13150831991412,4.549114331723027,25.91921631776704,9.561191626409018,5.092592592592593,6.347289318303811,1.6304347826086956,1.221148684916801,0.6910896403650026,,
101,10.02415458937198,34.997316156736446,4.723564143853999,25.697799248523886,9.541062801932368,5.226784755770263,6.213097155126141,1.6639828234031133,1.221148684916801,0.6910896403650026,,
102,9.681964573268921,35.017444981213096,4.5960815888352125,28.629898013955984,9.366612989801396,4.99194847020934,4.045893719806763,1.8988191089640365,1.2345679012345678,0.5367686527106817,,
103,9.574610842726784,34.366612989801396,4.62962962962963,28.395061728395063,10.782340311325818,4.3478260869565215,4.032474503488996,2.0799785292538915,1.2949543746645196,0.49651100375738055,,
104,9.520933977455716,34.33977455716586,4.622920021470746,28.213902308105208,10.735373054213634,4.488727858293076,4.025764895330113,2.15378421900161,1.402308105206656,0.49651100375738055,,
105,9.205582393988191,33.9170692431562,4.428341384863124,27.4020397208803,10.856146001073537,4.300858829844337,5.743424584004294,2.1604938271604937,1.4895330112721417,0.49651100375738055,,
106,9.158615136876007,33.111916264090176,4.74369296833065,27.180622651637144,11.453301127214171,4.40150295222759,5.723295759527644,2.5496511003757383,1.221148684916801,0.4562533548040794,,
107,9.125067096081589,32.62211486849168,5.132850241545894,27.167203435319376,11.372785829307569,4.53569511540526,5.71658615136876,2.563070316693505,1.3083735909822867,0.4562533548040794,,
108,9.131776704240472,32.35373054213634,5.414653784219001,27.100107353730543,11.2788513150832,4.602791196994096,5.790391841116479,2.563070316693505,1.3083735909822867,0.4562533548040794,,
109,9.185453569511541,32.00483091787439,5.730005367686527,26.972624798711756,11.218464841653248,4.602791196994096,5.790391841116479,2.703972088030059,1.3352120236178207,0.4562533548040794,,
110,9.333064949006978,31.696188942565755,5.897745571658615,26.972624798711756,11.07085346215781,4.5960815888352125,5.750134192163178,2.9723564143853998,1.2546967257112185,0.4562533548040794,,
111,9.426999463231347,31.5955448201825,5.958132045088567,26.932367149758456,11.057434245840042,4.5960815888352125,5.750134192163178,2.9723564143853998,1.2546967257112185,0.4562533548040794,,
112,9.50751476113795,31.21309715512614,6.280193236714976,26.912238325281802,11.017176596886742,4.609500805152979,5.750134192163178,2.9723564143853998,1.2815351583467525,0.4562533548040794,,
113,9.541062801932368,31.031937734836287,6.246645195920558,26.85185185185185,11.151368760064413,4.609500805152979,5.750134192163178,3.1199677938808374,1.2815351583467525,0.41599570585077833,,
114,9.655126140633387,30.938003220611915,6.213097155126141,26.684111647879764,11.131239935587761,4.609500805152979,5.783682232957595,3.2877079978529253,1.2815351583467525,0.41599570585077833,,
115,9.614868491680086,30.857487922705314,6.427804616210413,26.536500268384327,10.95679012345679,4.602791196994096,5.783682232957595,3.388352120236178,1.415727321524423,0.41599570585077833,,
116,9.742351046698873,30.609232420826622,6.4345142243692965,26.32850241545894,10.916532474503489,4.5893719806763285,5.850778314546431,3.616478797638218,1.4962426194310252,0.41599570585077833,,
117,8.76274825550188,26.56333870101986,5.776972624798712,36.50697799248524,7.125603864734299,4.28743961352657,5.743424584004294,3.5762211486849167,1.2412775093934514,0.41599570585077833,,
118,8.78287707997853,26.37546967257112,5.803811057434245,36.25872249060655,7.125603864734299,4.341116478797638,5.803811057434245,3.851315083199141,1.2412775093934514,0.41599570585077833,,
119,8.957326892109501,26.100375738056897,6.146001073537305,35.81588835212023,6.971282877079979,4.441760601180891,5.790391841116479,3.992216854535695,1.3687600644122384,0.41599570585077833,,
120,9.037842190016104,26.120504562533547,6.172839506172839,35.587761674718195,6.971282877079979,4.30756843800322,5.6964573268921095,4.200214707461084,1.4626945786366077,0.4428341384863124,,
121,9.131776704240472,25.81857219538379,6.273483628556092,35.527375201288244,7.226247987117552,4.206924315619967,5.522007514761138,4.253891572732153,1.583467525496511,0.4428341384863124,0.013419216317767043,
122,9.219001610305957,25.38244766505636,6.146001073537305,35.02415458937198,7.212828770799785,5.186527106816962,5.522007514761138,4.26731078904992,1.583467525496511,0.4428341384863124,0.013419216317767043,
123,8.702361782071927,24.698067632850243,6.414385399892646,36.191626409017715,7.125603864734299,5.186527106816962,5.394524959742351,4.193505099302201,1.6371443907675791,0.4428341384863124,0.013419216317767043,
124,8.76274825550188,24.67793880837359,6.5552871712292005,36.08427267847558,7.125603864734299,5.072463768115942,5.394524959742351,4.300858829844337,1.570048309178744,0.4428341384863124,0.013419216317767043,
125,8.78287707997853,24.610842726784757,6.582125603864735,35.93666129898014,7.024959742351046,5.226784755770263,5.381105743424584,4.488727858293076,1.5096618357487923,0.4428341384863124,0.013419216317767043,
126,8.890230810520666,24.476650563607084,6.776704240472356,35.487117552334944,6.9243156199677935,5.287171229200215,5.381105743424584,4.736983360171766,1.583467525496511,0.4428341384863124,0.013419216317767043,
127,8.910359634997317,24.40955448201825,6.790123456790123,35.35292538915727,6.9243156199677935,5.347557702630167,5.414653784219001,4.851046698872786,1.5432098765432098,0.4428341384863124,0.013419216317767043,
128,8.84326355340848,24.422973698336016,6.749865807836822,35.35292538915727,6.904186795491143,5.280461621041331,5.481749865807837,4.891304347826087,1.6438539989264627,0.41599570585077833,0.013419216317767043,
129,8.93719806763285,24.40955448201825,6.749865807836822,35.138217928073,6.843800322061192,5.280461621041331,5.542136339237788,5.038915727321524,1.6304347826086956,0.41599570585077833,0.013419216317767043,
130,9.004294149221685,24.214975845410628,6.964573268921095,35.09125067096082,6.843800322061192,5.307300053676865,5.501878690284487,5.01207729468599,1.6304347826086956,0.41599570585077833,0.013419216317767043,
131,9.017713365539452,24.16129898013956,7.212828770799785,31.01851851851852,11.003757380568974,5.307300053676865,5.414653784219001,4.663177670424047,1.7914653784219001,0.39586688137412773,0.013419216317767043,
132,9.192163177670425,24.08078368223296,7.1725711218464845,30.9447128287708,10.943370907139023,5.3274288781535155,5.407944176060118,4.676596886741814,1.8451422436929683,0.39586688137412773,0.013419216317767043,
133,9.172034353193773,23.926462694578635,7.320182501341922,30.92458400429415,10.943370907139023,5.374396135265701,5.401234567901234,4.656468062265164,1.8719806763285025,0.39586688137412773,0.013419216317767043,
134,9.232420826623725,23.72517444981213,7.5281803542673105,30.66290928609769,10.72866344605475,5.347557702630167,5.401234567901234,5.10601180891036,1.8585614600107354,0.39586688137412773,0.013419216317767043,
135,9.16532474503489,23.537305421363392,7.494632313472893,30.64278046162104,10.72866344605475,5.434782608695652,5.501878690284487,5.24020397208803,1.8451422436929683,0.39586688137412773,0.013419216317767043,
136,9.178743961352657,23.14814814814815,7.648953301127214,30.750134192163177,10.547504025764896,5.4616210413311865,5.615942028985507,5.24020397208803,1.9994632313472893,0.39586688137412773,0.013419216317767043,
137,9.306226516371444,22.839506172839506,7.75630703166935,30.67632850241546,10.373054213633925,5.656199677938808,5.71658615136876,5.22007514761138,2.0799785292538915,0.36231884057971014,0.013419216317767043,
138,9.272678475577026,22.71202361782072,8.038110574342458,30.595813204508858,10.292538915727322,6.139291465378422,5.367686527106817,5.246913580246914,2.0799785292538915,0.24154589371980675,0.013419216317767043,
139,9.406870638754697,22.463768115942027,8.125335480407944,30.401234567901234,10.218733225979603,6.219806763285024,5.367686527106817,5.35426731078905,2.187332259796028,0.24154589371980675,0.013419216317767043,
140,9.554482018250134,22.52415458937198,8.125335480407944,30.320719269994633,10.158346752549651,6.166129898013956,5.35426731078905,5.35426731078905,2.187332259796028,0.24154589371980675,0.013419216317767043,
141,8.809715512614064,21.155394524959743,7.96430488459474,30.005367686527105,9.695383789586689,6.045356951154052,8.57487922705314,5.367686527106817,2.1269457863660763,0.24154589371980675,0.013419216317767043,
142,8.796296296296296,21.135265700483092,7.9106280193236715,29.944981213097154,9.534353193773484,6.072195383789587,8.695652173913043,5.528717122920021,2.1269457863660763,0.24154589371980675,0.013419216317767043,
143,8.943907675791733,20.477724100912507,8.447396672034353,29.7638217928073,9.4873859366613,5.931293612453032,8.883521202361782,5.649490069779925,2.1269457863660763,0.27509393451422437,0.013419216317767043,
144,8.984165324745035,20.316693505099302,8.447396672034353,29.716854535695116,9.514224369296834,5.971551261406334,8.849973161567364,5.790391841116479,2.1269457863660763,0.2683843263553409,0.013419216317767043,
145,8.917069243156199,20.142243692968332,8.507783145464305,29.777241009125067,9.433709071390231,5.971551261406334,8.964036500268385,5.837359098228664,2.167203435319377,0.2683843263553409,0.013419216317767043,
146,8.957326892109501,20.001341921631777,8.655394524959743,29.602791196994094,9.400161030595813,5.971551261406334,8.836553945249598,6.125872249060655,2.167203435319377,0.2683843263553409,0.013419216317767043,
147,8.829844337090714,19.89398819108964,8.380300590445518,31.11916264090177,8.541331186258722,5.958132045088567,8.816425120772946,5.911164787976382,2.120236178207193,0.2683843263553409,0.1610305958132045,
148,8.84326355340848,19.77992485238862,8.514492753623188,31.01851851851852,8.527911969940956,6.052066559312936,8.80300590445518,5.911164787976382,2.120236178207193,0.2683843263553409,0.1610305958132045,
149,8.896940418679549,19.565217391304348,8.923778851315083,30.870907139023082,8.501073537305421,6.199677938808374,8.675523349436393,5.730005367686527,2.2074610842726785,0.2683843263553409,0.1610305958132045,
150,8.863392377885132,18.69296833064949,8.970746108427267,30.52871712292002,9.88996242619431,5.891035963499732,8.662104133118627,5.709876543209877,2.3617820719269993,0.2683843263553409,0.1610305958132045,
151,8.903650026838433,18.679549114331724,9.16532474503489,30.173107890499196,9.816156736446592,6.092324208266238,8.722490606548577,5.897745571658615,2.120236178207193,0.2683843263553409,0.1610305958132045,
152,8.964036500268385,18.666129898013956,9.057971014492754,29.851046698872786,9.749060654857756,6.3137412775093935,8.849973161567364,5.964841653247451,2.15378421900161,0.2683843263553409,0.1610305958132045,
153,9.091519055287172,18.49838969404187,9.312936124530328,29.757112184648417,9.588030059044552,6.3137412775093935,8.82313472893183,6.045356951154052,2.1403650026838434,0.2683843263553409,0.1610305958132045,
154,9.212292002147075,18.4044551798175,9.326355340848094,29.66988727858293,9.534353193773484,6.246645195920558,8.742619431025227,6.099033816425121,2.1269457863660763,0.47638217928073,0.1610305958132045,
155,9.265968867418144,18.303811057434245,9.426999463231347,29.482018250134193,9.601449275362318,6.226516371443908,8.641975308641975,6.286902844873859,2.1269457863660763,0.47638217928073,0.1610305958132045,
156,9.326355340848094,18.203166935050994,9.688674181427805,26.932367149758456,12.801932367149758,6.253354804079442,8.61513687600644,5.642780461621041,1.932367149758454,0.4428341384863124,0.1610305958132045,
157,9.50751476113795,18.17632850241546,9.688674181427805,26.54320987654321,12.76838432635534,6.179549114331723,8.601717659688674,5.9447128287707995,1.932367149758454,0.49651100375738055,0.1610305958132045,
158,9.54777241009125,18.14278046162104,9.742351046698873,26.536500268384327,12.681159420289855,6.179549114331723,8.648684916800859,5.938003220611916,1.9256575415995705,0.49651100375738055,0.1610305958132045,
159,9.628287707997853,18.10252281266774,9.762479871175524,26.31508319914117,12.667740203972087,6.226516371443908,8.568169618894256,6.132581857219538,1.9390767579173376,0.49651100375738055,0.1610305958132045,
160,9.400161030595813,16.968599033816425,9.420289855072463,28.515834675254965,12.23161567364466,6.038647342995169,8.380300590445518,6.1862587224906065,2.227589908749329,0.46967257112184646,0.1610305958132045,
161,9.514224369296834,16.75389157273215,9.695383789586689,28.307836822329577,12.191358024691358,6.0587761674718195,8.380300590445518,6.206387546967257,2.314814814814815,0.41599570585077833,0.1610305958132045,
162,9.567901234567902,16.71363392377885,9.722222222222221,28.166935050993022,12.104133118625873,6.0587761674718195,8.467525496511003,6.4345142243692965,2.3349436392914655,0.41599570585077833,0.013419216317767043,
163,9.708803005904455,16.6935050993022,9.634997316156737,28.133387010198604,11.976650563607086,6.166129898013956,8.373590982286634,6.501610305958132,2.395330112721417,0.41599570585077833,,
164,9.782608695652174,16.59286097691895,9.675254965110037,28.079710144927535,11.788781535158346,6.286902844873859,8.373590982286634,6.568706387546968,2.4355877616747184,0.41599570585077833,,
165,9.977187332259795,16.438539989264626,9.695383789586689,27.84487385936661,11.768652710681696,6.280193236714976,8.340042941492216,6.8035426731078905,2.4355877616747184,0.41599570585077833,,
166,10.00402576489533,16.371443907675793,9.688674181427805,27.82474503488996,11.849168008588299,6.206387546967257,8.225979602791197,6.696188942565755,2.4892646269457863,0.5636070853462157,,0.08051529790660225
167,10.144927536231885,16.25738056897477,9.708803005904455,27.710681696188942,11.822329575952764,6.226516371443908,8.219269994632313,6.776704240472356,2.4892646269457863,0.5636070853462157,,0.08051529790660225
168,10.071121846484166,16.19699409554482,9.75577026301664,27.67042404723564,11.741814278046162,6.353998926462695,8.205850778314547,6.8035426731078905,2.563070316693505,0.5568974771873323,,0.08051529790660225
169,10.0979602791197,16.0829307568438,9.997316156736447,27.388620504562535,11.171497584541063,6.964573268921095,8.272946859903382,6.830381105743425,2.5563607085346214,0.5568974771873323,,0.08051529790660225
170,10.326086956521738,15.713902308105206,10.057702630166398,26.952495974235106,11.3593666129898,6.977992485238862,8.192431561996779,7.179280730005368,2.6033279656468062,0.5568974771873323,,0.08051529790660225
171,10.433440687063875,15.619967793880837,10.077831454643048,26.84514224369297,11.3593666129898,6.910896403650026,8.152173913043478,7.212828770799785,2.7509393451422435,0.5568974771873323,,0.08051529790660225
172,10.48040794417606,15.505904455179817,10.185185185185185,26.69753086419753,11.305689747718732,7.118894256575416,8.051529790660226,7.105475040257649,2.9119699409554483,0.5568974771873323,,0.08051529790660225
173,10.59447128287708,15.425389157273216,10.23215244229737,26.663982823403114,11.09098228663446,7.004830917874396,8.132045088566828,7.1725711218464845,3.046162104133119,0.5568974771873323,,0.08051529790660225
174,10.802469135802468,15.250939345142244,10.158346752549651,26.50295222758991,11.18491680085883,6.91760601180891,8.152173913043478,7.367149758454106,3.026033279656468,0.5568974771873323,,0.08051529790660225
175,10.903113258185721,15.096618357487923,10.23215244229737,26.32850241545894,11.18491680085883,6.91760601180891,8.152173913043478,7.521470746108427,3.026033279656468,0.5568974771873323,,0.08051529790660225
176,10.983628556092324,14.814814814814815,9.849704777241008,27.89855072463768,11.131239935587761,6.421095008051529,7.749597423510467,7.588566827697263,2.918679549114332,0.5099302200751477,0.05367686527106817,0.08051529790660225
177,11.064143853998926,14.714170692431562,9.849704777241008,27.623456790123456,11.124530327428879,6.696188942565755,7.749597423510467,7.64224369296833,2.898550724637681,0.5099302200751477,0.04696725711218465,0.08051529790660225
178,11.16478797638218,14.714170692431562,9.88996242619431,27.314814814814813,11.057434245840042,6.702898550724638,7.695920558239399,7.883789586688137,2.9388083735909825,0.5099302200751477,0.04696725711218465,0.08051529790660225
179,11.178207192699947,14.61352657004831,9.943639291465379,27.2812667740204,10.997047772410092,6.6827697262479875,7.695920558239399,8.044820182501342,2.9253891572732154,0.5099302200751477,0.04696725711218465,0.08051529790660225
180,11.245303274288782,14.53972088030059,10.050993022007514,27.073268921095007,10.963499731615673,6.662640901771336,7.7898550724637685,7.96430488459474,3.0730005367686526,0.5099302200751477,0.04696725711218465,0.08051529790660225
181,11.231884057971014,14.445786366076222,9.96376811594203,27.079978529253893,10.93666129898014,6.816961889425658,7.803274288781535,8.011272141706923,3.0730005367686526,0.5099302200751477,0.04696725711218465,0.08051529790660225
182,11.446591519055287,14.264626945786366,9.883252818035427,26.878690284487387,10.929951690821255,6.971282877079979,7.7898550724637685,8.11862587224906,3.079710144927536,0.5099302200751477,0.04696725711218465,0.08051529790660225
183,11.56736446591519,13.955984970477724,9.903381642512077,26.81159420289855,10.929951690821255,7.266505636070853,7.7898550724637685,8.05823939881911,3.079710144927536,0.5099302200751477,0.04696725711218465,0.08051529790660225
184,11.480139559849706,12.546967257112184,11.386205045625335,26.663982823403114,10.916532474503489,7.333601717659689,7.7831454643048845,8.192431561996779,3.0595813204508855,0.5099302200751477,0.04696725711218465,0.08051529790660225
185,10.95679012345679,13.499731615673644,11.238593666129898,26.50295222758991,10.681696188942565,7.353730542136339,7.75630703166935,8.111916264090176,3.1602254428341383,0.5099302200751477,0.14761137949543746,0.08051529790660225
186,10.856146001073537,13.077026301663983,11.446591519055287,27.17391304347826,10.507246376811594,7.286634460547504,7.601986044015029,8.199141170155663,3.126677402039721,0.5099302200751477,0.14761137949543746,0.06709608158883522
187,10.889694041867955,13.070316693505099,11.292270531400966,27.120236178207193,10.581052066559312,7.212828770799785,7.75630703166935,8.225979602791197,3.126677402039721,0.5099302200751477,0.14761137949543746,0.06709608158883522
188,10.970209339774557,12.902576489533011,11.3191089640365,26.898819108964037,10.567632850241546,7.628824476650563,7.575147611379496,8.340042941492216,3.140096618357488,0.4428341384863124,0.14761137949543746,0.06709608158883522
189,11.044015029522276,12.882447665056361,11.379495437466453,26.8317230273752,10.567632850241546,7.628824476650563,7.561728395061729,8.313204508856682,3.1333870101986045,0.4428341384863124,0.14761137949543746,0.06709608158883522
190,11.11111111111111,12.822061191626409,11.399624261943103,26.73107890499195,10.560923242082662,7.769726247987117,7.555018786902845,8.3467525496511,3.046162104133119,0.4428341384863124,0.14761137949543746,0.06709608158883522
191,11.117820719269995,12.795222758990874,11.453301127214171,26.690821256038646,10.57434245840043,7.742887815351583,7.555018786902845,8.36688137412775,3.046162104133119,0.4428341384863124,0.14761137949543746,0.06709608158883522
192,11.20504562533548,12.754965110037574,11.466720343531938,26.617015566290927,10.466988727858293,7.809983896940419,7.555018786902845,8.420558239398819,3.046162104133119,0.4428341384863124,0.14761137949543746,0.06709608158883522
193,11.258722490606548,12.620772946859903,11.533816425120772,26.56333870101986,10.446859903381643,7.917337627482555,7.555018786902845,8.400429414922169,3.046162104133119,0.4428341384863124,0.14761137949543746,0.06709608158883522
194,11.292270531400966,12.560386473429952,11.66129898013956,26.455984970477726,10.258990874932904,8.011272141706923,7.555018786902845,8.400429414922169,3.1468062265163717,0.4428341384863124,0.14761137949543746,0.06709608158883522
195,11.2788513150832,12.359098228663447,11.714975845410628,26.37546967257112,10.144927536231885,8.11862587224906,7.555018786902845,8.581588835212024,3.227321524422974,0.4294149221685454,0.14761137949543746,0.06709608158883522
196,11.231884057971014,12.298711755233494,12.057165861513688,26.247987117552334,10.185185185185185,7.950885668276973,7.521470746108427,8.621846484165324,3.240740740740741,0.4294149221685454,0.14761137949543746,0.06709608158883522
197,11.312399355877616,12.265163714439076,11.990069779924852,26.100375738056897,10.171765968867419,8.259527643585615,7.48792270531401,8.588298443370908,3.180354267310789,0.4294149221685454,0.14761137949543746,0.06709608158883522
198,11.352657004830919,12.224906065485776,12.104133118625873,26.006441223832528,10.178475577026301,8.125335480407944,7.75630703166935,8.467525496511003,3.0931293612453032,0.4294149221685454,0.14761137949543746,0.11406333870101985
199,11.392914653784219,12.070585077831455,12.23161567364466,25.791733762748255,10.111379495437467,8.239398819108963,7.96430488459474,8.433977455716587,3.113258185721954,0.36231884057971014,0.14761137949543746,0.14090177133655393
200,11.439881910896403,12.030327428878154,12.345679012345679,25.697799248523886,10.0979602791197,8.239398819108963,8.145464304884594,8.246108427267847,3.1065485775630703,0.36231884057971014,0.14761137949543746,0.14090177133655393
201,11.52710681696189,11.876006441223833,12.318840579710145,25.55018786902845,10.0979602791197,8.480944712828771,8.13875469672571,8.225979602791197,3.066290928609769,0.4294149221685454,0.14761137949543746,0.14090177133655393
202,11.728395061728396,11.869296833064949,12.27187332259796,25.469672571121848,10.131508319914117,8.433977455716587,8.051529790660226,8.28636607622115,3.0193236714975846,0.4495437466451959,0.14761137949543746,0.14090177133655393
203,11.741814278046162,11.79549114331723,12.130971551261407,25.275093934514224,10.218733225979603,8.581588835212024,8.064949006977992,8.467525496511003,2.985775630703167,0.4495437466451959,0.14761137949543746,0.14090177133655393
204,11.768652710681696,11.647879763821793,12.198067632850242,25.0805152979066,10.21202361782072,8.541331186258722,8.051529790660226,8.648684916800859,3.0864197530864197,0.4428341384863124,0.14761137949543746,0.17444981213097155
205,11.882716049382717,11.553945249597424,12.278582930756844,25.02012882447665,10.23215244229737,8.514492753623188,7.957595276435856,8.722490606548577,3.0864197530864197,0.4428341384863124,0.14761137949543746,0.1610305958132045
206,12.030327428878154,10.943370907139023,12.097423510466989,24.745034889962426,10.25228126677402,9.494095544820183,7.950885668276973,8.742619431025227,2.9924852388620504,0.4428341384863124,0.14761137949543746,0.1610305958132045
207,12.104133118625873,10.896403650026839,11.963231347289318,24.40955448201825,10.124798711755233,9.581320450885668,8.132045088566828,8.93719806763285,3.0730005367686526,0.46967257112184646,0.14761137949543746,0.1610305958132045
208,12.318840579710145,10.856146001073537,11.990069779924852,24.376006441223833,10.124798711755233,9.41358024691358,8.205850778314547,8.896940418679549,3.0394524959742353,0.46967257112184646,0.14761137949543746,0.1610305958132045
209,12.332259796027913,10.742082662372518,12.191358024691358,24.20155662909286,9.782608695652174,9.601449275362318,8.293075684380032,8.997584541062801,3.079710144927536,0.46967257112184646,0.14761137949543746,0.1610305958132045
210,12.372517444981213,10.742082662372518,12.27187332259796,24.134460547504027,9.762479871175524,9.66183574879227,8.32662372517445,8.970746108427267,2.9790660225442833,0.46967257112184646,0.14761137949543746,0.1610305958132045
211,12.506709608158884,10.695115405260333,12.27187332259796,24.12775093934514,9.601449275362318,9.648416532474503,8.32662372517445,9.091519055287172,2.952227589908749,0.46967257112184646,0.14761137949543746,0.1610305958132045
212,12.513419216317766,10.607890499194847,12.318840579710145,23.926462694578635,9.473966720343531,9.782608695652174,8.32662372517445,9.31964573268921,2.952227589908749,0.46967257112184646,0.14761137949543746,0.1610305958132045
