,45,50,55,53,54,51,56,52,57,60,58,59,61
0,99.38271604938272,0.6172839506172839,,,,,,,,,,,
1,84.84970477724102,15.123456790123457,0.026838432635534086,,,,,,,,,,
2,84.68196457326893,15.083199141170155,0.23483628556092323,,,,,,,,,,
3,81.56870638754697,18.04884594739667,0.23483628556092323,0.14761137949543746,,,,,,,,,
4,75.86553945249598,23.839237788513152,0.2952227589908749,,,,,,,,,,
5,67.98174986580784,31.57541599570585,0.4428341384863124,,,,,,,,,,
6,66.14331723027375,33.10520665593129,0.7514761137949544,,,,,,,,,,
7,66.06280193236715,33.111916264090176,0.7581857219538379,0.06709608158883522,,,,,,,,,
8,56.48819108964037,42.7133655394525,0.7313472893183038,0.06709608158883522,,,,,,,,,
9,56.19296833064949,41.599570585077835,1.1741814278046163,0.30864197530864196,0.7246376811594203,,,,,,,,
10,52.844873859366615,44.56521739130435,1.3016639828234031,0.30864197530864196,0.9796027911969941,,,,,,,,
11,44.585346215781,53.26757917337628,0.966183574879227,0.30864197530864196,0.8319914117015567,0.040257648953301126,,,,,,,
12,42.639559849704774,48.01395598497048,1.133923778851315,0.30864197530864196,0.8319914117015567,7.071926999463232,,,,,,,
13,37.5805152979066,53.20048309178744,1.0399892646269457,0.30864197530864196,0.8454106280193237,7.024959742351046,,,,,,,
14,37.39264626945786,53.08641975308642,1.221148684916801,0.30864197530864196,0.966183574879227,7.024959742351046,,,,,,,
15,37.493290391841114,52.95893719806763,1.2546967257112185,0.30864197530864196,0.9594739667203436,7.024959742351046,,,,,,,
16,34.836285560923244,55.48845947396672,1.42914653784219,0.30864197530864196,0.9594739667203436,6.910896403650026,0.06709608158883522,,,,,,
17,34.88325281803543,54.851046698872786,1.8853998926462694,0.30864197530864196,1.1137949543746646,6.890767579173376,0.06709608158883522,,,,,,
18,25.107353730542137,64.77455716586151,1.710950080515298,0.30864197530864196,1.0265700483091786,6.877348362855609,0.06709608158883522,0.1274825550187869,,,,,
19,17.297369833601717,64.35856146001073,2.15378421900161,0.30864197530864196,0.9125067096081588,14.814814814814815,0.15432098765432098,,,,,,
20,17.478529253891573,64.13714439076757,2.227589908749329,0.30864197530864196,0.9125067096081588,14.486044015029522,0.4495437466451959,,,,,,
21,14.734299516908212,58.97074610842727,2.046430488459474,0.30864197530864196,0.7581857219538379,22.73215244229737,0.4495437466451959,,,,,,
22,14.949006977992486,58.84997316156736,2.046430488459474,0.30864197530864196,0.7581857219538379,22.638217928073,0.4495437466451959,,,,,,
23,13.560118089103597,55.10601180891036,2.073268921095008,0.30864197530864196,0.7313472893183038,21.64519592055824,0.6843800322061192,5.790391841116479,0.10064412238325282,,,,
24,13.56682769726248,54.46188942565754,4.9651100375738055,0.2952227589908749,0.7313472893183038,19.404186795491142,0.7112184648416533,5.790391841116479,0.07380568974771873,,,,
25,13.506441223832528,53.76409017713365,5.260332796564681,0.4495437466451959,1.2077294685990339,19.16935050993022,0.9326355340848095,5.636070853462158,0.07380568974771873,,,,
26,13.707729468599034,52.73081052066559,5.991680085882985,0.4495437466451959,1.3486312399355878,19.129092860976918,0.9326355340848095,5.636070853462158,0.07380568974771873,,,,
27,13.580246913580247,50.70450885668277,5.897745571658615,4.1129898013955986,1.3486312399355878,17.652979066022546,0.9728931830381106,5.562265163714439,0.13419216317767044,0.03354804079441761,,,
28,12.4597423510467,46.77938808373591,5.589103596349974,3.730542136339238,1.3352120236178207,24.02710681696189,0.9728931830381106,4.951690821256038,0.12077294685990338,0.03354804079441761,,,
29,12.600644122383253,46.73242082662372,5.669618894256575,3.730542136339238,1.3754696725711217,23.678207192699947,1.0601180891035964,4.918142780461621,0.20128824476650564,0.03354804079441761,,,
30,12.318840579710145,41.619699409554485,5.475040257648954,3.5762211486849167,0.95276435856146,31.608964036500268,1.2077294685990339,3.012614063338701,0.19457863660762212,0.03354804079441761,,,
31,12.432903918411165,41.156736446591516,5.870907139023081,3.5762211486849167,1.2815351583467525,31.233225979602793,1.2077294685990339,3.012614063338701,0.19457863660762212,0.03354804079441761,,,
32,12.560386473429952,40.94202898550725,6.005099302200751,3.5762211486849167,1.2815351583467525,30.9447128287708,1.4694041867954912,2.9924852388620504,0.19457863660762212,0.03354804079441761,,,
33,12.600644122383253,40.11674718196457,6.166129898013956,3.5762211486849167,1.9860440150295222,30.709876543209877,1.6237251744498122,2.9924852388620504,0.19457863660762212,0.03354804079441761,,,
34,12.741545893719806,39.761137949543745,6.414385399892646,3.5762211486849167,1.9860440150295222,30.48174986580784,1.7981749865807837,3.012614063338701,0.19457863660762212,0.03354804079441761,,,
35,9.25925925925926,44.16264090177134,6.239935587761675,3.8378958668813743,1.9726247987117553,29.56924315619968,1.8988191089640365,2.831454643048846,0.19457863660762212,0.03354804079441761,,,
36,9.453837895866881,43.84728931830381,6.367418142780462,3.9519592055823938,1.9524959742351047,29.28743961352657,2.1068169618894257,2.7777777777777777,0.2214170692431562,0.03354804079441761,,,
37,9.675254965110037,43.344068706387546,6.494900697799249,3.9519592055823938,2.2879763821792807,29.106280193236714,2.1068169618894257,2.7777777777777777,0.2214170692431562,0.03354804079441761,,,
38,9.782608695652174,43.042136339237786,6.602254428341385,3.9519592055823938,2.2879763821792807,28.663446054750402,2.3349436392914655,3.079710144927536,0.2214170692431562,0.03354804079441761,,,
39,9.75577026301664,42.29736983360172,6.763285024154589,6.327160493827161,2.0799785292538915,27.677133655394524,2.227589908749329,2.509393451422437,0.32877079978529256,0.03354804079441761,,,
40,9.836285560923242,42.24369296833065,6.837090713902308,6.3070316693505095,2.0799785292538915,27.576489533011273,2.24771873322598,2.509393451422437,0.32877079978529256,0.03354804079441761,,,
41,10.151637144390767,41.47879763821793,6.763285024154589,6.776704240472356,2.1068169618894257,27.140365002683843,2.7106816961889426,2.509393451422437,0.32877079978529256,0.03354804079441761,,,
42,10.064412238325282,39.64036500268384,6.018518518518518,6.642512077294686,1.751207729468599,29.87788513150832,3.099838969404187,2.475845410628019,0.32877079978529256,0.03354804079441761,0.03354804079441761,0.03354804079441761,
43,10.084541062801932,39.009661835748794,7.132313472893183,6.642512077294686,2.2946859903381642,29.09957058507783,2.831454643048846,2.475845410628019,0.32877079978529256,0.03354804079441761,0.03354804079441761,0.03354804079441761,
44,10.245571658615138,38.768115942028984,7.098765432098766,6.642512077294686,2.2946859903381642,28.985507246376812,3.079710144927536,2.4557165861513686,0.32877079978529256,0.03354804079441761,0.03354804079441761,0.03354804079441761,
45,10.38647342995169,38.58695652173913,7.246376811594203,6.608964036500268,2.26784755770263,28.690284487385938,3.3682232957595275,2.4154589371980677,0.32877079978529256,0.03354804079441761,0.03354804079441761,0.03354804079441761,
46,10.487117552334944,38.191089640365,7.112184648416532,6.595544820182502,2.804616210413312,28.535963499731615,3.435319377348363,2.408749329039184,0.32877079978529256,0.03354804079441761,0.03354804079441761,0.03354804079441761,
47,10.473698336017177,38.137412775093935,7.105475040257649,6.763285024154589,2.804616210413312,28.415190552871714,3.475577026301664,2.408749329039184,0.3153515834675255,0.03354804079441761,0.03354804079441761,0.03354804079441761,
48,10.534084809447128,38.117283950617285,7.105475040257649,6.763285024154589,2.804616210413312,28.341384863123995,3.5091250670960816,2.408749329039184,0.3153515834675255,0.03354804079441761,0.03354804079441761,0.03354804079441761,
49,10.332796564680622,38.22463768115942,7.266505636070853,6.776704240472356,2.804616210413312,28.18035426731079,3.589640365002684,2.408749329039184,0.3153515834675255,0.03354804079441761,0.03354804079441761,0.03354804079441761,
50,10.581052066559312,37.8690284487386,7.226247987117552,6.837090713902308,2.7442297369833604,28.18035426731079,3.5829307568438002,2.5026838432635534,0.3153515834675255,0.03354804079441761,0.0939345142243693,0.03354804079441761,
51,10.923242082662373,37.5402576489533,7.4141170155662905,6.837090713902308,2.7442297369833604,27.958937198067634,3.603059581320451,2.5026838432635534,0.3153515834675255,0.03354804079441761,0.0939345142243693,0.03354804079441761,
52,10.00402576489533,32.769726247987116,7.112184648416532,6.837090713902308,2.589908749329039,33.984165324745035,3.7238325281803544,2.5026838432635534,0.3153515834675255,0.03354804079441761,0.0939345142243693,0.03354804079441761,
53,10.057702630166398,32.52147074610843,7.407407407407407,6.91760601180891,2.509393451422437,33.7962962962963,3.81105743424584,2.5026838432635534,0.3153515834675255,0.03354804079441761,0.0939345142243693,0.03354804079441761,
54,10.091250670960816,32.306763285024154,7.434245840042942,6.91760601180891,2.791196994095545,33.63526570048309,3.844605475040258,2.5026838432635534,0.3153515834675255,0.03354804079441761,0.0939345142243693,0.03354804079441761,
55,10.279119699409554,31.736446591519055,7.937466451959206,6.910896403650026,2.791196994095545,33.279656468062264,4.086151368760064,2.5026838432635534,0.3153515834675255,0.03354804079441761,0.0939345142243693,0.03354804079441761,
56,9.252549651100376,28.012614063338702,5.414653784219001,4.488727858293076,2.5831991411701556,43.86070853462158,3.515834675254965,2.5026838432635534,0.27509393451422437,,0.0939345142243693,,
57,9.178743961352657,28.079710144927535,5.481749865807837,4.549114331723027,2.5831991411701556,43.73993558776167,3.515834675254965,2.5026838432635534,0.27509393451422437,,0.0939345142243693,,
58,9.433709071390231,27.314814814814813,5.904455179817498,4.49543746645196,2.8784219001610305,42.03569511540526,3.33467525496511,4.233762748255502,0.27509393451422437,,0.0939345142243693,,
59,8.756038647342995,18.115942028985508,5.273752012882448,2.4221685453569513,1.7176596886741815,56.15942028985507,3.0931293612453032,4.1532474503489,0.27509393451422437,,0.03354804079441761,,
60,9.037842190016104,17.98174986580784,5.783682232957595,2.4892646269457863,1.7176596886741815,55.57568438003221,2.952227589908749,4.025764895330113,0.4025764895330113,,0.03354804079441761,,
61,9.118357487922705,17.94820182501342,5.8172302737520125,2.4892646269457863,1.7176596886741815,55.46833064949007,2.9790660225442833,4.025764895330113,0.4025764895330113,,0.03354804079441761,,
62,8.93719806763285,16.686795491143318,5.005367686527107,2.623456790123457,4.119699409554482,55.132850241545896,3.0327428878153517,4.025764895330113,0.4025764895330113,,0.03354804079441761,,
63,9.057971014492754,16.59957058507783,4.891304347826087,2.6033279656468062,6.427804616210413,52.925389157273216,2.999194847020934,4.019055287171229,0.4025764895330113,,0.03354804079441761,0.040257648953301126,
64,9.333064949006978,16.57944176060118,4.911433172302737,2.6033279656468062,6.414385399892646,52.58990874932904,3.140096618357488,3.9519592055823938,0.4025764895330113,,0.03354804079441761,0.040257648953301126,
65,8.192431561996779,12.76838432635534,4.072732152442297,2.4825550187869028,5.964841653247451,61.010466988727856,2.301395598497048,2.885131508319914,0.24825550187869028,,0.03354804079441761,0.040257648953301126,
66,8.313204508856682,12.607353730542137,4.166666666666667,2.4825550187869028,6.005099302200751,60.69511540526033,2.522812667740204,2.885131508319914,0.24825550187869028,,0.03354804079441761,0.040257648953301126,
67,8.487654320987655,12.352388620504563,4.49543746645196,2.4825550187869028,6.005099302200751,60.48040794417606,2.49597423510467,2.8784219001610305,0.24825550187869028,,0.03354804079441761,0.040257648953301126,
68,8.581588835212024,12.352388620504563,5.4616210413311865,2.4825550187869028,5.991680085882985,59.38674181427805,2.576489533011272,2.818035426731079,0.27509393451422437,,0.03354804079441761,0.040257648953301126,
69,8.896940418679549,12.332259796027913,5.5689747718733225,2.509393451422437,5.904455179817498,58.7157809983897,2.918679549114332,2.804616210413312,0.27509393451422437,,0.03354804079441761,0.040257648953301126,
70,8.702361782071927,12.191358024691358,5.052334943639291,2.4825550187869028,5.904455179817498,57.17928073000537,2.945517981749866,5.193236714975845,0.27509393451422437,,0.03354804079441761,0.040257648953301126,
71,9.125067096081589,12.02361782071927,5.280461621041331,2.522812667740204,5.837359098228664,56.52173913043478,3.1602254428341383,5.146269457863661,0.27509393451422437,,0.06709608158883522,0.040257648953301126,
72,9.185453569511541,11.943102522812667,5.448201825013419,3.1065485775630703,5.689747718733226,55.99168008588298,3.1065485775630703,5.146269457863661,0.27509393451422437,,0.06709608158883522,0.040257648953301126,
73,9.192163177670425,11.936392914653783,5.6964573268921095,2.999194847020934,5.669618894256575,55.89103596349973,3.1065485775630703,4.978529253891573,0.4227053140096618,,0.06709608158883522,0.040257648953301126,
74,9.205582393988191,11.963231347289318,5.810520665593129,3.1065485775630703,5.501878690284487,55.703166935050994,3.2139023081052067,4.911433172302737,0.4227053140096618,,0.06709608158883522,0.0939345142243693,
75,9.312936124530328,11.949812130971551,5.857487922705314,3.0931293612453032,5.501878690284487,55.54884594739667,3.240740740740741,4.911433172302737,0.4227053140096618,,0.06709608158883522,0.0939345142243693,
76,8.32662372517445,11.79549114331723,5.052334943639291,3.3145464304884595,4.770531400966184,48.772141706924316,2.2074610842726785,15.076489533011273,0.46296296296296297,,0.1274825550187869,0.0939345142243693,
77,8.353462157809984,11.668008588298443,5.213365539452496,3.2742887815351582,4.830917874396135,48.40311325818572,2.3483628556092326,15.116747181964573,0.46296296296296297,,0.1274825550187869,0.20128824476650564,
78,8.252818035426731,11.540526033279656,5.542136339237788,6.105743424584004,4.911433172302737,45.46430488459474,2.576489533011272,14.814814814814815,0.46296296296296297,,0.1274825550187869,0.20128824476650564,
79,8.407139023081053,11.540526033279656,5.723295759527644,6.052066559312936,4.830917874396135,45.249597423510465,2.6167471819645733,14.714170692431562,0.4294149221685454,,0.23483628556092323,0.20128824476650564,
80,8.514492753623188,11.460010735373054,5.367686527106817,8.044820182501342,4.62962962962963,43.46484165324745,2.9589371980676327,14.2914653784219,0.8319914117015567,,0.23483628556092323,0.20128824476650564,
81,8.682232957595277,11.439881910896403,5.320719269994632,8.031400966183575,4.7101449275362315,43.18974771873322,3.066290928609769,14.264626945786366,0.8588298443370908,,0.23483628556092323,0.20128824476650564,
82,6.904186795491143,7.856951154052603,4.616210413311863,4.931561996779388,3.643317230273752,51.84514224369297,2.771068169618894,16.23725174449812,0.8521202361782072,,0.14090177133655393,0.20128824476650564,
83,6.9243156199677935,7.682501341921632,4.582662372517445,4.924852388620504,3.9184111647879765,51.81830381105743,2.737520128824477,16.21712292002147,0.8521202361782072,,0.14090177133655393,0.20128824476650564,
84,7.085346215780999,7.6556629092860975,4.904723564143854,4.99194847020934,3.81105743424584,51.227858293075684,2.9924852388620504,16.13660762211487,0.8521202361782072,,0.14090177133655393,0.20128824476650564,
85,7.152442297369833,7.568438003220612,4.951690821256038,5.065754159957058,3.770799785292539,50.68438003220612,3.488996242619431,16.10305958132045,0.8588298443370908,,0.14090177133655393,0.2147074610842727,
86,7.353730542136339,7.568438003220612,4.978529253891573,4.938271604938271,3.81105743424584,50.40257648953301,3.556092324208266,16.035963499731615,0.8990874932903918,,0.2683843263553409,0.1878690284487386,
87,7.62211486849168,7.454374664519592,5.307300053676865,4.938271604938271,3.7573805689747717,49.402844873859365,4.28743961352657,15.848094471282877,0.9259259259259259,,0.2683843263553409,0.1878690284487386,
88,7.796564680622652,7.320182501341922,5.548845947396672,4.931561996779388,3.743961352657005,48.91975308641975,4.582662372517445,15.774288781535159,0.9259259259259259,,0.2683843263553409,0.1878690284487386,
89,7.883789586688137,7.212828770799785,6.199677938808374,4.99194847020934,3.7238325281803544,48.05421363392378,4.824208266237251,15.70048309178744,0.966183574879227,,0.2683843263553409,0.17444981213097155,
90,8.051529790660226,7.159151905528717,6.300322061191626,4.938271604938271,3.8311862587224907,47.62479871175523,5.642780461621041,15.01610305958132,0.9930220075147611,,0.2683843263553409,0.17444981213097155,
91,8.279656468062266,7.098765432098766,6.481481481481482,4.944981213097155,3.784219001610306,47.51073537305421,5.629361245303274,14.714170692431562,1.1272141706924315,,0.2683843263553409,0.1610305958132045,
92,8.313204508856682,7.0383789586688135,6.481481481481482,5.186527106816962,3.784219001610306,47.32286634460547,5.636070853462158,14.680622651637144,1.1272141706924315,,0.2683843263553409,0.1610305958132045,
93,8.393719806763285,6.998121309715513,6.407675791733762,5.152979066022544,3.938539989264627,47.134997316156735,5.763553408480945,14.546430488459475,1.1272141706924315,,0.3757380568974772,0.1610305958132045,
94,8.561460010735374,6.937734836285561,6.447933440687064,5.139559849704777,4.206924315619967,46.85990338164251,6.038647342995169,14.023081052066559,1.2077294685990339,,0.41599570585077833,0.1610305958132045,
95,8.608427267847558,6.9243156199677935,6.608964036500268,5.139559849704777,4.200214707461084,46.5378421900161,6.233225979602791,13.962694578636608,1.2077294685990339,,0.41599570585077833,0.1610305958132045,
96,8.68894256575416,6.890767579173376,6.608964036500268,5.387815351583468,4.193505099302201,46.47074610842727,6.239935587761675,13.855340848094471,1.0869565217391304,,0.41599570585077833,0.1610305958132045,
97,7.863660762211487,8.279656468062266,6.756575415995706,5.387815351583468,4.17337627482555,45.6857219538379,6.528448738593666,13.70101986044015,1.0869565217391304,,0.3757380568974772,0.1610305958132045,
98,8.225979602791197,8.125335480407944,6.689479334406871,5.387815351583468,4.5893719806763285,45.30327428878154,6.736446591519055,13.318572195383789,1.0869565217391304,,0.3757380568974772,0.1610305958132045,
99,8.279656468062266,8.051529790660226,7.071926999463232,5.387815351583468,4.5960815888352125,45.09527643585615,6.796833064949007,13.097155126140633,1.0869565217391304,,0.3757380568974772,0.1610305958132045,
100,8.340042941492216,8.031400966183575,7.0450885668276975,5.636070853462158,4.5893719806763285,44.907407407407405,6.763285024154589,13.063607085346217,1.0869565217391304,,0.3757380568974772,0.1610305958132045,
101,8.460815888352121,7.98443370907139,6.515029522275899,5.280461621041331,4.448470209339774,46.63177670424047,7.25979602791197,11.90955448201825,0.8252818035426731,,0.5233494363929146,0.1610305958132045,
102,8.272946859903382,7.971014492753623,6.320450885668277,4.616210413311863,4.891304347826087,48.490338164251206,7.199409554482019,10.775630703166936,0.7783145464304885,,0.5233494363929146,0.1610305958132045,
103,8.53462157809984,7.897208803005904,6.3070316693505095,4.616210413311863,4.891304347826087,48.18169618894257,7.333601717659689,10.775630703166936,0.7783145464304885,,0.5233494363929146,0.1610305958132045,
104,8.548040794417606,7.682501341921632,6.239935587761675,4.468599033816425,5.253623188405797,48.61782071926999,7.320182501341922,10.48040794417606,0.7045088566827697,,0.5233494363929146,0.1610305958132045,
105,8.668813741277509,7.6623725174449815,6.689479334406871,4.448470209339774,5.314009661835748,48.00053676865271,7.226247987117552,10.48040794417606,0.8252818035426731,,0.5233494363929146,0.1610305958132045,
106,8.883521202361782,7.648953301127214,6.689479334406871,4.435050993022007,5.280461621041331,47.745571658615134,7.2933440687063875,10.48040794417606,0.8252818035426731,,0.5568974771873323,0.1610305958132045,
107,8.950617283950617,7.648953301127214,6.749865807836822,4.435050993022007,5.267042404723564,47.61137949543747,7.353730542136339,10.44015029522276,0.8252818035426731,,0.5568974771873323,0.1610305958132045,
108,8.970746108427267,7.648953301127214,6.743156199677939,4.42163177670424,5.267042404723564,47.30944712828771,7.6623725174449815,10.44015029522276,0.8252818035426731,,0.5568974771873323,0.15432098765432098,
109,9.118357487922705,7.541599570585078,6.857219538378959,4.374664519592056,5.267042404723564,47.18196457326892,7.6623725174449815,10.406602254428341,0.8252818035426731,,0.6105743424584005,0.15432098765432098,
110,9.41358024691358,7.5281803542673105,6.796833064949007,4.374664519592056,5.877616747181965,46.18894256575416,7.897208803005904,10.332796564680622,0.8252818035426731,,0.6105743424584005,0.15432098765432098,
111,9.567901234567902,7.326892109500805,7.078636607622115,4.240472356414386,5.877616747181965,45.511272141706925,8.413848631239935,10.332796564680622,0.8252818035426731,,0.6709608158883521,0.15432098765432098,
112,9.75577026301664,7.2933440687063875,7.018250134192163,4.26731078904992,5.864197530864198,45.16237251744498,8.749329039184111,10.265700483091788,0.798443370907139,,0.6709608158883521,0.15432098765432098,
113,9.749060654857756,7.219538378958669,7.27992485238862,4.26731078904992,5.9447128287707995,44.65244229736983,9.225711218464841,9.997316156736447,0.798443370907139,,0.7112184648416533,0.15432098765432098,
114,9.936929683306495,7.219538378958669,7.273215244229737,4.233762748255502,5.911164787976382,44.41760601180891,9.312936124530328,9.997316156736447,0.798443370907139,,0.7447665056360708,0.15432098765432098,
115,10.104669887278583,7.125603864734299,7.367149758454106,4.233762748255502,6.1862587224906065,44.00831991411702,9.306226516371444,9.970477724100913,0.798443370907139,,0.7447665056360708,0.15432098765432098,
116,10.185185185185185,7.018250134192163,7.340311325818572,4.2270531400966185,6.159420289855072,43.61916264090177,9.782608695652174,9.98389694041868,0.7917337627482555,,0.7380568974771873,0.15432098765432098,
117,10.258990874932904,7.004830917874396,7.078636607622115,4.616210413311863,6.092324208266238,43.384326355340846,9.977187332259795,9.903381642512077,0.7917337627482555,,0.7380568974771873,0.15432098765432098,
118,10.50053676865271,6.89747718733226,7.37385936661299,4.569243156199678,6.072195383789587,43.14949006977992,9.936929683306495,9.822866344605474,0.785024154589372,,0.7380568974771873,0.15432098765432098,
119,10.547504025764896,6.890767579173376,8.279656468062266,4.562533548040794,6.072195383789587,42.250402576489535,9.91009125067096,9.809447128287708,0.785024154589372,,0.7380568974771873,0.15432098765432098,
120,10.648148148148149,6.877348362855609,8.494363929146537,4.562533548040794,6.072195383789587,42.03569511540526,9.842995169082126,9.75577026301664,0.785024154589372,,0.7716049382716049,0.15432098765432098,
121,10.970209339774557,6.877348362855609,8.474235104669887,4.522275899087493,6.099033816425121,41.51234567901235,10.144927536231885,9.567901234567902,0.9057971014492754,,0.7716049382716049,0.15432098765432098,
122,11.211755233494364,6.857219538378959,8.433977455716587,4.508856682769726,6.092324208266238,41.02254428341385,10.527375201288244,9.514224369296834,0.9057971014492754,,0.7716049382716049,0.15432098765432098,
123,10.037573805689748,4.139828234031133,6.743156199677939,4.327697262479871,4.42163177670424,49.22168545356951,9.883252818035427,9.460547504025765,0.8588298443370908,,0.7514761137949544,0.15432098765432098,
124,10.218733225979603,4.139828234031133,6.863929146537842,4.28743961352657,4.42163177670424,48.8191089640365,10.071121846484166,9.41358024691358,0.8588298443370908,,0.7514761137949544,0.15432098765432098,
125,10.339506172839506,4.139828234031133,6.870638754696726,4.274020397208803,4.414922168545357,48.64465915190553,10.077831454643048,9.41358024691358,0.9259259259259259,,0.7447665056360708,0.15432098765432098,
126,10.701825013419215,4.126409017713366,6.749865807836822,4.294149221685454,4.522275899087493,48.107890499194845,10.238862050456254,9.359903381642512,0.9728931830381106,0.026838432635534086,0.7447665056360708,0.15432098765432098,
127,10.768921095008052,4.126409017713366,8.601717659688674,4.247181964573269,4.602791196994096,46.504294149221685,9.91009125067096,9.339774557165862,0.9728931830381106,0.026838432635534086,0.7447665056360708,0.15432098765432098,
128,10.84272678475577,4.126409017713366,8.487654320987655,4.247181964573269,4.676596886741814,46.31642512077295,10.050993022007514,9.23913043478261,0.9594739667203436,0.15432098765432098,0.7447665056360708,0.15432098765432098,
129,11.017176596886742,4.133118625872249,8.474235104669887,4.247181964573269,4.750402576489533,46.11513687600644,10.165056360708535,9.084809447128288,0.9594739667203436,0.15432098765432098,0.7447665056360708,0.15432098765432098,
130,11.178207192699947,4.126409017713366,8.413848631239935,4.367954911433173,4.750402576489533,45.71256038647343,10.138217928073,9.386741814278047,0.7917337627482555,0.15432098765432098,0.798443370907139,0.18115942028985507,
131,11.332528180354267,4.119699409554482,8.353462157809984,4.428341384863124,4.736983360171766,45.6454643048846,10.071121846484166,9.386741814278047,0.7917337627482555,0.15432098765432098,0.798443370907139,0.18115942028985507,
132,11.406333870101985,4.119699409554482,8.407139023081053,4.49543746645196,4.730273752012883,45.21604938271605,10.265700483091788,9.265968867418144,0.9259259259259259,0.15432098765432098,0.798443370907139,0.2147074610842727,
133,11.446591519055287,4.092860976918948,8.36688137412775,4.49543746645196,4.703435319377348,45.06172839506173,10.38647342995169,9.265968867418144,1.0265700483091786,0.14761137949543746,0.798443370907139,0.20799785292538917,
134,11.574074074074074,4.086151368760064,8.340042941492216,4.49543746645196,4.810789049919484,44.73295759527644,10.567632850241546,9.185453569511541,1.0534084809447128,0.14761137949543746,0.798443370907139,0.20799785292538917,
135,11.58749329039184,3.978797638217928,8.474235104669887,4.468599033816425,4.750402576489533,44.67257112184648,10.540794417606012,9.31964573268921,1.0534084809447128,0.14761137949543746,0.798443370907139,0.20799785292538917,
136,11.694847020933977,3.978797638217928,8.561460010735374,4.468599033816425,4.783950617283951,44.02173913043478,10.976918947933441,9.306226516371444,1.0534084809447128,0.14761137949543746,0.798443370907139,0.20799785292538917,
137,11.822329575952764,3.978797638217928,8.548040794417606,4.461889425657541,5.045625335480408,43.80703166935051,10.849436392914654,9.245840042941492,1.0869565217391304,0.14761137949543746,0.798443370907139,0.20799785292538917,
138,11.869296833064949,3.965378421900161,8.984165324745035,4.408212560386473,5.018786902844874,42.73349436392915,11.553945249597424,9.185453569511541,1.1272141706924315,0.14761137949543746,0.798443370907139,0.20799785292538917,
139,12.097423510466989,3.965378421900161,8.943907675791733,4.408212560386473,5.032206119162641,42.351046698872786,11.83574879227053,9.098228663446054,1.1137949543746646,0.14761137949543746,0.798443370907139,0.20799785292538917,
140,12.211486849168008,3.938539989264627,8.923778851315083,4.408212560386473,5.032206119162641,42.310789049919485,11.83574879227053,9.098228663446054,1.1137949543746646,0.14761137949543746,0.7716049382716049,0.20799785292538917,
141,12.533548040794418,3.9318303811057436,8.923778851315083,4.327697262479871,5.032206119162641,41.83440687063875,12.057165861513688,9.07139023081052,1.1741814278046163,0.14761137949543746,0.7581857219538379,0.20799785292538917,
142,12.593934514224369,3.9318303811057436,9.05126140633387,4.435050993022007,5.025496511003757,41.37144390767579,12.25174449812131,9.057971014492754,1.1741814278046163,0.14761137949543746,0.7581857219538379,0.20128824476650564,
143,12.627482555018787,3.9318303811057436,9.25925925925926,4.394793344068707,5.018786902844874,40.633387010198604,12.848899624261943,9.004294149221685,1.1741814278046163,0.14761137949543746,0.7581857219538379,0.20128824476650564,
144,12.667740203972087,3.9184111647879765,9.373322597960279,4.394793344068707,5.0858829844337095,40.06977992485239,13.345410628019323,8.816425120772946,1.1205045625335481,0.14761137949543746,0.8588298443370908,0.20128824476650564,
145,12.828770799785293,3.898282340311326,9.702093397745571,4.394793344068707,5.065754159957058,39.680622651637144,13.285024154589372,8.816425120772946,1.1205045625335481,0.14761137949543746,0.8588298443370908,0.20128824476650564,
146,13.030059044551798,3.8043478260869565,9.594739667203436,4.367954911433173,5.166398282340311,39.36527106816962,13.546698872785829,8.742619431025227,1.1943102522812667,0.14761137949543746,0.8387010198604401,0.20128824476650564,
147,13.157541599570585,3.8043478260869565,9.728931830381105,4.367954911433173,5.166398282340311,38.888888888888886,13.734567901234568,8.729200214707461,1.2345679012345678,0.14761137949543746,0.8387010198604401,0.20128824476650564,
148,13.258185721953838,3.8043478260869565,9.708803005904455,4.341116478797638,5.166398282340311,38.781535158346756,13.774825550187868,8.715780998389693,1.2345679012345678,0.14761137949543746,0.8655394524959742,0.20128824476650564,
149,13.439345142243694,3.797638217928073,9.809447128287708,4.314278046162104,5.428073000536768,38.29173376274826,13.915727321524423,8.641975308641975,1.1741814278046163,0.12077294685990338,0.8655394524959742,0.20128824476650564,
150,13.761406333870102,3.797638217928073,9.936929683306495,4.361245303274289,5.428073000536768,38.00322061191626,13.808373590982287,8.541331186258722,1.1741814278046163,0.12077294685990338,0.8655394524959742,0.20128824476650564,
151,13.83521202361782,3.6768652710681695,9.567901234567902,4.300858829844337,5.756843800322061,37.94283413848631,13.868760064412239,8.467525496511003,1.2815351583467525,0.12077294685990338,0.9796027911969941,0.20128824476650564,
152,13.902308105206655,3.6768652710681695,9.480676328502415,4.300858829844337,5.877616747181965,37.815351583467525,13.882179280730005,8.480944712828771,1.2815351583467525,0.12077294685990338,0.9796027911969941,0.20128824476650564,
153,14.264626945786366,3.6768652710681695,9.453837895866881,4.247181964573269,5.864197530864198,37.553676865271065,13.895598497047773,8.460815888352121,1.2815351583467525,0.12077294685990338,0.9796027911969941,0.20128824476650564,
154,14.492753623188406,3.6768652710681695,9.232420826623725,4.448470209339774,5.978260869565218,37.2987117552335,13.902308105206655,8.387010198604402,1.2815351583467525,0.12077294685990338,0.9796027911969941,0.20128824476650564,
155,14.452495974235104,3.4688674181427803,10.050993022007514,4.388083735909823,5.904455179817498,36.600912506709605,14.090177133655395,8.252818035426731,1.42914653784219,0.12077294685990338,1.0399892646269457,0.20128824476650564,
156,14.700751476113794,3.4688674181427803,9.990606548577563,4.388083735909823,5.884326355340848,36.3593666129898,14.110305958132045,8.239398819108963,1.4962426194310252,0.12077294685990338,1.0399892646269457,0.20128824476650564,
157,14.80810520665593,3.4688674181427803,9.990606548577563,4.388083735909823,5.837359098228664,36.32581857219538,14.083467525496511,8.239398819108963,1.4962426194310252,0.12077294685990338,1.0399892646269457,0.20128824476650564,
158,15.042941492216855,3.4688674181427803,10.124798711755233,4.38137412775094,5.917874396135265,36.13794954374664,13.83521202361782,8.21256038647343,1.5163714439076759,0.12077294685990338,1.0399892646269457,0.20128824476650564,
159,15.069779924852389,3.4621578099838968,10.111379495437467,4.374664519592056,5.9514224369296835,36.06414385399893,13.848631239935587,8.239398819108963,1.5163714439076759,0.12077294685990338,1.0399892646269457,0.20128824476650564,
160,15.257648953301127,3.4621578099838968,10.064412238325282,4.374664519592056,5.978260869565218,35.950080515297905,13.808373590982287,8.225979602791197,1.5499194847020934,0.12077294685990338,1.0064412238325282,0.20128824476650564,
161,15.613258185721953,3.4621578099838968,10.218733225979603,4.468599033816425,5.790391841116479,35.71524422973698,13.781535158346752,8.105206655931294,1.5499194847020934,0.12077294685990338,0.9796027911969941,0.19457863660762212,
162,15.70048309178744,3.4621578099838968,10.272410091250672,4.468599033816425,5.790391841116479,35.39989264626946,13.882179280730005,8.179012345679013,1.5499194847020934,0.12077294685990338,0.9796027911969941,0.19457863660762212,
163,15.901771336553946,3.4621578099838968,10.46027911969941,4.461889425657541,5.730005367686527,35.13150831991412,13.761406333870102,8.152173913043478,1.6438539989264627,0.12077294685990338,0.9796027911969941,0.19457863660762212,
164,16.056092324208265,3.4621578099838968,10.507246376811594,4.42163177670424,5.689747718733226,34.92351046698873,13.788244766505636,8.152173913043478,1.6438539989264627,0.12077294685990338,0.9594739667203436,0.27509393451422437,
165,16.129898013955984,3.4621578099838968,10.493827160493828,4.42163177670424,5.629361245303274,34.88325281803543,13.774825550187868,8.205850778314547,1.6438539989264627,0.12077294685990338,0.9594739667203436,0.27509393451422437,
166,16.29092860976919,3.4957058507783145,10.487117552334944,4.42163177670424,5.609232420826624,34.796027911969944,13.694310252281268,8.205850778314547,1.6438539989264627,0.12077294685990338,0.9594739667203436,0.27509393451422437,
167,16.358024691358025,3.4957058507783145,11.480139559849706,4.414922168545357,5.5756843800322065,33.93719806763285,13.674181427804616,8.07836822329576,1.6438539989264627,0.12077294685990338,0.9460547504025765,0.27509393451422437,
168,16.5727321524423,3.488996242619431,11.399624261943103,4.408212560386473,5.683038110574342,33.662104133118625,13.754696725711218,8.031400966183575,1.6304347826086956,0.12077294685990338,0.9460547504025765,0.30193236714975846,
169,16.525764895330113,3.475577026301664,11.325818572195384,4.408212560386473,5.904455179817498,33.54804079441761,13.828502415458937,7.997852925389157,1.6304347826086956,0.12077294685990338,0.9460547504025765,0.2885131508319914,
170,16.78743961352657,3.475577026301664,11.211755233494364,4.502147074610843,5.904455179817498,33.46081588835212,13.821792807300053,7.883789586688137,1.6304347826086956,0.12077294685990338,0.9125067096081588,0.2885131508319914,
171,16.901502952227588,3.475577026301664,11.265432098765432,4.549114331723027,5.978260869565218,33.15888352120236,13.828502415458937,7.883789586688137,1.6304347826086956,0.12077294685990338,0.9259259259259259,0.28180354267310787,
172,17.09608158883521,3.475577026301664,11.419753086419753,4.508856682769726,6.011808910359635,32.56172839506173,14.150563607085346,7.823403113258186,1.6237251744498122,0.12077294685990338,0.9259259259259259,0.28180354267310787,
173,17.236983360171767,3.435319377348363,11.399624261943103,4.616210413311863,5.9514224369296835,32.447665056360705,14.150563607085346,7.809983896940419,1.6237251744498122,0.12077294685990338,0.9259259259259259,0.28180354267310787,
174,16.99543746645196,3.374932903918411,11.345947396672035,4.448470209339774,5.991680085882985,32.21282877079979,14.06333870101986,8.641975308641975,1.596886741814278,0.12077294685990338,0.9259259259259259,0.28180354267310787,
175,16.881374127750938,3.2675791733762747,11.54723564143854,4.032474503488996,5.9447128287707995,31.87734836285561,15.063070316693505,8.641975308641975,1.5901771336553945,0.12077294685990338,0.7514761137949544,0.28180354267310787,
176,16.914922168545356,3.2474503488996245,11.520397208803006,4.005636070853462,5.931293612453032,31.850509930220074,15.116747181964573,8.641975308641975,1.6170155662909287,0.12077294685990338,0.7514761137949544,0.28180354267310787,
177,17.06924315619968,3.227321524422974,11.513687600644122,3.978797638217928,5.924584004294149,31.769994632313473,15.103327965646805,8.61513687600644,1.6170155662909287,0.12077294685990338,0.7783145464304885,0.28180354267310787,
178,17.2638217928073,3.2206119162640903,11.634460547504025,3.978797638217928,5.904455179817498,31.5955448201825,15.163714439076758,8.467525496511003,1.6035963499731616,0.12077294685990338,0.7783145464304885,0.2683843263553409,
179,16.51905528717123,3.1535158346752548,11.010466988727858,4.26731078904992,5.522007514761138,34.554482018250134,13.942565754159958,8.299785292538916,1.6035963499731616,0.12077294685990338,0.7380568974771873,0.2683843263553409,
180,16.72705314009662,3.1468062265163717,11.003757380568974,4.30756843800322,5.528717122920021,34.46725711218465,13.808373590982287,8.232689210950081,1.6572732152442298,0.12077294685990338,0.7380568974771873,0.2616747181964573,
181,17.028985507246375,3.140096618357488,10.983628556092324,4.294149221685454,5.508588298443371,34.333064949006975,13.7211486849168,8.21256038647343,1.6572732152442298,0.12077294685990338,0.7380568974771873,0.2616747181964573,
182,17.156468062265162,3.140096618357488,10.916532474503489,4.280730005367687,5.548845947396672,34.272678475577024,13.801663982823403,8.004562533548041,1.7713365539452497,0.12077294685990338,0.7246376811594203,0.2616747181964573,
183,17.21014492753623,3.140096618357488,11.023886205045626,4.253891572732153,5.589103596349974,34.13848631239936,13.761406333870102,8.004562533548041,1.7713365539452497,0.12077294685990338,0.7246376811594203,0.2616747181964573,
184,17.337627482555018,3.140096618357488,10.970209339774557,4.40150295222759,5.649490069779925,33.78958668813741,13.821792807300053,7.977724100912507,1.7713365539452497,0.12077294685990338,0.7246376811594203,0.2952227589908749,
185,17.257112184648417,3.140096618357488,10.876274825550189,4.394793344068707,6.085614600107354,33.47423510466989,13.88888888888889,7.971014492753623,1.7713365539452497,0.12077294685990338,0.7246376811594203,0.2952227589908749,
186,17.398013955984972,2.9119699409554483,10.815888352120236,4.26731078904992,6.353998926462695,33.3467525496511,13.90901771336554,7.971014492753623,1.7713365539452497,0.12077294685990338,0.8387010198604401,0.2952227589908749,
187,17.391304347826086,2.9119699409554483,10.943370907139023,4.253891572732153,6.353998926462695,33.11862587224906,14.049919484702093,7.957595276435856,1.7646269457863661,0.12077294685990338,0.8387010198604401,0.2952227589908749,
188,17.270531400966185,2.945517981749866,10.815888352120236,4.253891572732153,6.353998926462695,32.58185721953838,14.023081052066559,8.735909822866345,1.7646269457863661,0.12077294685990338,0.8387010198604401,0.2952227589908749,
189,17.404723564143854,2.945517981749866,10.782340311325818,4.28743961352657,6.293612453032743,32.52818035426731,14.049919484702093,8.641975308641975,1.7579173376274826,0.12077294685990338,0.9057971014492754,0.28180354267310787,
190,17.384594739667204,2.9253891572732154,10.762211486849168,4.320987654320987,6.166129898013956,32.340311325818575,14.15727321524423,8.903650026838433,1.7310789049919484,0.12077294685990338,0.9057971014492754,0.28180354267310787,
191,17.317498658078367,2.9253891572732154,10.762211486849168,4.320987654320987,6.394256575415996,32.326892109500804,14.123725174449811,8.80300590445518,1.7176596886741815,0.12077294685990338,0.9057971014492754,0.28180354267310787,
192,17.19001610305958,2.8650026838432634,10.715244229736983,5.072463768115942,6.468062265163715,31.97799248523886,14.083467525496511,8.883521202361782,1.6841116478797638,0.06038647342995169,0.7179280730005367,0.28180354267310787,
193,17.310789049919485,2.8515834675254963,10.896403650026839,5.179817498658078,6.454643048845948,31.756575415995705,13.962694578636608,8.856682769726248,1.6841116478797638,0.06038647342995169,0.7179280730005367,0.2683843263553409,
194,17.505367686527105,2.8381642512077296,10.88298443370907,5.179817498658078,6.723027375201288,31.427804616210413,13.935856146001074,8.816425120772946,1.6706924315619969,0.06038647342995169,0.7179280730005367,0.24154589371980675,
195,17.54562533548041,2.8381642512077296,10.889694041867955,5.213365539452496,6.9310252281266775,31.125872249060656,14.036500268384327,8.729200214707461,1.6706924315619969,0.06038647342995169,0.7179280730005367,0.24154589371980675,
