,45,50,51,53,54,52,55,56,58,57
0,100.0,,,,,,,,,
1,100.0,,,,,,,,,
2,100.0,,,,,,,,,
3,100.0,,,,,,,,,
4,94.47799248523886,5.522007514761138,,,,,,,,
5,89.76784755770262,10.23215244229737,,,,,,,,
6,89.8215244229737,10.178475577026301,,,,,,,,
7,89.84836285560924,10.151637144390767,,,,,,,,
8,81.85721953837896,18.14278046162104,,,,,,,,
9,72.90660225442834,27.093397745571657,,,,,,,,
10,55.401234567901234,39.38539989264627,5.10601180891036,0.10735373054213634,,,,,,
11,50.72463768115942,44.10225442834138,5.065754159957058,0.10735373054213634,,,,,,
12,45.28314546430489,44.59205582393988,10.017444981213098,0.10735373054213634,,,,,,
13,45.49785292538916,44.37734836285561,10.017444981213098,0.10735373054213634,,,,,,
14,34.695383789586685,55.61594202898551,9.581320450885668,0.10735373054213634,,,,,,
15,34.19216317767042,55.072463768115945,10.44015029522276,0.10735373054213634,0.1878690284487386,,,,,
16,32.25308641975309,53.52925389157273,12.560386473429952,0.10735373054213634,0.04696725711218465,1.5029522275899088,,,,
17,31.508319914117017,53.05958132045089,12.493290391841116,0.10735373054213634,0.04696725711218465,2.7844873859366612,,,,
18,22.403381642512077,61.922973698336016,12.493290391841116,0.10735373054213634,0.04696725711218465,2.7643585614600106,0.2616747181964573,,,
19,19.07541599570585,68.9345142243693,7.461084272678476,0.10735373054213634,1.3955984970477724,2.5563607085346214,0.46967257112184646,,,
20,18.61916264090177,63.89559849704777,12.855609232420827,0.10735373054213634,1.3955984970477724,2.8650026838432634,0.2616747181964573,,,
21,18.907675791733762,61.39291465378422,12.808641975308642,0.10735373054213634,1.3955984970477724,5.12614063338701,0.2616747181964573,,,
22,19.02173913043478,55.32742887815352,14.452495974235104,0.10735373054213634,1.3955984970477724,9.333064949006978,0.2616747181964573,0.10064412238325282,,
23,19.189479334406872,55.18652710681696,14.231078904991948,0.10735373054213634,1.3955984970477724,9.333064949006978,0.2616747181964573,0.2952227589908749,,
24,15.566290928609769,50.46967257112185,22.5979602791197,0.10735373054213634,1.3955984970477724,9.306226516371444,0.2616747181964573,0.2952227589908749,,
25,15.734031132581856,50.38244766505636,22.530864197530864,0.10735373054213634,1.3955984970477724,9.306226516371444,0.24825550187869028,0.2952227589908749,,
26,16.398282340311326,49.89264626945786,22.463768115942027,0.10735373054213634,1.3419216317767042,9.252549651100376,0.24825550187869028,0.2952227589908749,,
27,16.586151368760063,49.37600644122383,22.396672034353195,1.2681159420289856,1.3419216317767042,8.494363929146537,0.24154589371980675,0.2952227589908749,,
28,16.908212560386474,48.128019323671495,22.33628556092324,1.2681159420289856,2.3752012882447664,8.447396672034353,0.24154589371980675,0.2952227589908749,,
29,16.97530864197531,48.09447128287708,22.302737520128826,1.2681159420289856,2.3752012882447664,8.447396672034353,0.24154589371980675,0.2952227589908749,,
30,16.10305958132045,37.3389694041868,34.48067632850242,1.2681159420289856,2.3752012882447664,7.581857219538379,0.4294149221685454,0.4227053140096618,,
31,16.626409017713364,35.91653247450349,33.13204508856683,2.442297369833602,2.3550724637681157,8.675523349436393,0.4294149221685454,0.4227053140096618,,
32,15.411969940955448,47.55099302200752,24.838969404186795,2.442297369833602,1.3217928073000538,7.179280730005368,0.8319914117015567,0.4227053140096618,,
33,15.801127214170693,47.235641438539986,24.651100375738057,2.4355877616747184,1.3217928073000538,7.1658615136876005,0.966183574879227,0.4227053140096618,,
34,15.935319377348362,43.08239398819109,24.58400429414922,6.850509930220075,1.3217928073000538,7.139023081052066,0.6642512077294686,0.4227053140096618,,
35,15.975577026301664,42.16317767042405,29.200214707461082,5.495169082125604,1.3217928073000538,4.757112184648417,0.6642512077294686,0.4227053140096618,,
36,16.51905528717123,41.74718196457327,29.106280193236714,5.481749865807837,1.3217928073000538,4.74369296833065,0.6642512077294686,0.41599570585077833,,
37,16.740472356414386,39.98926462694579,31.810252281266774,5.4616210413311865,0.17444981213097155,4.74369296833065,0.6642512077294686,0.41599570585077833,,
38,16.23725174449812,33.03811057434246,31.61567364465915,5.441492216854535,0.17444981213097155,12.412775093934513,0.6642512077294686,0.41599570585077833,,
39,16.002415458937197,31.561996779388085,35.601180891035966,5.3274288781535155,0.17444981213097155,7.501341921631776,0.6374127750939346,3.193773483628556,,
40,15.982286634460548,31.07890499194847,31.723027375201287,5.3274288781535155,0.17444981213097155,11.90955448201825,0.6172839506172839,3.1870638754696725,,
41,12.164519592055823,27.549651100375737,39.86849168008588,5.152979066022544,0.17444981213097155,11.822329575952764,0.3757380568974772,2.8918411164787976,,
42,12.567096081588835,27.469135802469136,39.801395598497045,4.851046698872786,0.17444981213097155,11.728395061728396,0.3757380568974772,2.8918411164787976,0.14090177133655393,
43,8.232689210950081,34.225711218464845,41.45195920558239,4.851046698872786,0.17444981213097155,7.709339774557166,0.322061191626409,2.8918411164787976,0.14090177133655393,
44,7.447665056360709,31.105743424584006,48.96672034353194,3.730542136339238,0.17444981213097155,6.206387546967257,0.322061191626409,1.90552871712292,0.14090177133655393,
45,7.702630166398282,30.951422436929683,48.671497584541065,3.730542136339238,0.05367686527106817,6.0587761674718195,0.785024154589372,1.90552871712292,0.14090177133655393,
46,7.944176060118089,30.367686527106816,46.98067632850242,3.730542136339238,2.086688137412775,6.0587761674718195,0.785024154589372,1.90552871712292,0.14090177133655393,
47,8.125335480407944,30.253623188405797,46.43048845947396,3.730542136339238,2.086688137412775,6.025228126677402,0.785024154589372,2.4221685453569513,0.14090177133655393,
48,8.393719806763285,30.06575415995706,45.35024154589372,3.730542136339238,2.086688137412775,6.025228126677402,1.7847557702630166,2.4221685453569513,0.14090177133655393,
49,8.776167471819646,30.038915727321523,45.1556629092861,3.683574879227053,2.086688137412775,6.011808910359635,1.6908212560386473,2.4221685453569513,0.13419216317767044,
50,9.178743961352657,29.8040794417606,45.07514761137949,3.683574879227053,2.086688137412775,5.931293612453032,1.6908212560386473,2.4154589371980677,0.13419216317767044,
51,8.621846484165324,24.490069779924852,43.894256575415994,11.104401502952227,2.086688137412775,5.870907139023081,1.2345679012345678,2.563070316693505,0.13419216317767044,
52,9.151905528717123,24.476650563607084,43.35748792270532,10.695115405260333,2.086688137412775,5.864197530864198,1.482823403113258,2.7509393451422435,0.13419216317767044,
53,9.219001610305957,24.261943102522814,46.63848631239936,7.62211486849168,2.086688137412775,5.803811057434245,1.482823403113258,2.7509393451422435,0.13419216317767044,
54,6.139291465378422,12.493290391841116,72.28260869565217,4.804079441760601,0.3757380568974772,2.818035426731079,0.9863123993558777,0.10064412238325282,,
55,6.3070316693505095,12.453032742887816,72.15512614063339,4.804079441760601,0.3757380568974772,2.818035426731079,0.9863123993558777,0.10064412238325282,,
56,6.595544820182502,12.365807836822329,69.33709071390231,7.454374664519592,0.3757380568974772,2.7844873859366612,0.9863123993558777,0.10064412238325282,,
57,6.957863660762212,12.338969404186795,69.0150295222759,7.454374664519592,0.3757380568974772,2.7844873859366612,0.9728931830381106,0.10064412238325282,,
58,6.052066559312936,11.916264090177133,54.428341384863124,8.870101986044014,0.3757380568974772,17.01556629092861,0.9728931830381106,0.36902844873859364,,
59,6.280193236714976,11.90955448201825,52.925389157273216,8.84326355340848,0.3757380568974772,17.002147074610843,0.9728931830381106,1.6908212560386473,,
60,6.166129898013956,10.547504025764896,63.61379495437466,8.608427267847558,0.3757380568974772,7.917337627482555,0.9192163177670424,1.8518518518518519,,
61,6.414385399892646,10.527375201288244,63.38566827697262,8.608427267847558,0.3757380568974772,7.917337627482555,0.9192163177670424,1.8518518518518519,,
62,6.4412238325281805,22.624798711755233,56.13929146537842,4.676596886741814,0.3757380568974772,7.87037037037037,0.6843800322061192,1.1876006441223832,,
63,5.931293612453032,20.833333333333332,45.50456253354804,2.187332259796028,0.3757380568974772,23.040794417606012,0.6843800322061192,1.442565754159957,,
64,6.125872249060655,20.78636607622115,45.3972088030059,2.187332259796028,0.3757380568974772,23.013955984970476,0.6843800322061192,1.42914653784219,,
65,6.608964036500268,20.685721953837895,45.04159957058508,2.187332259796028,0.3757380568974772,22.987117552334944,0.6843800322061192,1.42914653784219,,
66,7.467793880837359,20.632045088566827,44.598765432098766,2.187332259796028,0.17444981213097155,22.940150295222757,0.5703166935050993,1.42914653784219,,
67,7.897208803005904,20.52469135802469,44.50483091787439,2.187332259796028,0.17444981213097155,22.71202361782072,0.5703166935050993,1.42914653784219,,
68,7.997852925389157,20.497852925389157,44.48470209339774,2.167203435319377,0.17444981213097155,22.685185185185187,0.5703166935050993,1.4224369296833066,,
69,8.467525496511003,20.263016639828233,44.216317767042405,2.167203435319377,0.17444981213097155,22.52415458937198,0.7648953301127214,1.4224369296833066,,
70,8.923778851315083,20.068438003220614,38.53327965646806,2.1604938271604937,0.17444981213097155,27.9723564143854,0.7648953301127214,1.402308105206656,,
71,9.158615136876007,19.840311325818572,38.00993022007515,2.1604938271604937,0.322061191626409,27.85829307568438,1.247987117552335,1.402308105206656,,
72,9.426999463231347,19.612184648416534,37.895866881374126,2.1604938271604937,0.322061191626409,27.75764895330113,1.4224369296833066,1.402308105206656,,
73,8.53462157809984,15.163714439076758,43.53193773483628,1.7914653784219001,0.9728931830381106,27.160493827160494,2.0531400966183573,0.7917337627482555,,
74,8.179012345679013,15.01610305958132,55.414653784219,1.7914653784219001,0.9728931830381106,15.83467525496511,1.9994632313472893,0.7917337627482555,,
75,8.957326892109501,14.640365002683843,54.99865807836822,2.5161030595813205,0.9460547504025765,15.210681696188942,1.9524959742351047,0.7783145464304885,,
76,7.575147611379496,9.178743961352657,65.8346752549651,2.0665593129361244,0.9393451422436929,13.030059044551798,0.5971551261406334,0.7783145464304885,,
77,8.641975308641975,8.84326355340848,65.18384326355341,2.0665593129361244,0.9393451422436929,12.949543746645196,0.5971551261406334,0.7783145464304885,,
78,9.084809447128288,8.789586688137414,64.9422973698336,2.0665593129361244,0.9393451422436929,12.801932367149758,0.5971551261406334,0.7783145464304885,,
79,9.346484165324744,8.735909822866345,64.33843263553409,2.0665593129361244,1.3486312399355878,12.47987117552335,0.9057971014492754,0.7783145464304885,,
80,9.608158883521202,8.735909822866345,64.11701556629093,2.0665593129361244,1.3486312399355878,12.439613526570048,0.9057971014492754,0.7783145464304885,,
81,9.896672034353195,8.735909822866345,63.90230810520666,1.9994632313472893,1.3486312399355878,12.432903918411165,0.9057971014492754,0.7783145464304885,,
82,10.245571658615138,8.682232957595277,63.34541062801932,1.9994632313472893,1.3486312399355878,12.365807836822329,0.9057971014492754,1.107085346215781,,
83,10.446859903381643,8.648684916800859,63.258185721953836,1.9994632313472893,1.3486312399355878,12.285292538915728,0.9057971014492754,1.107085346215781,,
84,10.527375201288244,8.561460010735374,59.58803005904455,1.9994632313472893,1.3486312399355878,15.98899624261943,0.8789586688137413,1.107085346215781,,
85,10.943370907139023,8.521202361782072,58.964036500268385,2.13365539452496,1.3486312399355878,15.98899624261943,0.9930220075147611,1.107085346215781,,
86,11.580783682232958,8.480944712828771,58.45410628019324,2.13365539452496,1.3486312399355878,15.687063875469672,0.9930220075147611,1.3217928073000538,,
87,10.909822866344605,6.005099302200751,62.285292538915726,2.1068169618894257,1.3419216317767042,15.28448738593666,0.7648953301127214,1.3016639828234031,,
88,10.238862050456254,5.917874396135265,53.133387010198604,1.9390767579173376,1.1943102522812667,25.006709608158882,1.3083735909822867,1.261406333870102,,
89,10.715244229736983,5.850778314546431,52.15378421900161,1.9390767579173376,1.1943102522812667,24.932903918411164,1.2815351583467525,1.932367149758454,,
90,11.017176596886742,5.683038110574342,49.45652173913044,1.9390767579173376,1.1943102522812667,24.738325281803544,4.03918411164788,1.932367149758454,,
91,11.345947396672035,5.683038110574342,49.29549114331723,1.9390767579173376,1.1674718196457328,24.134460547504027,4.502147074610843,1.932367149758454,,
92,10.507246376811594,4.38137412775094,47.36983360171766,1.6975308641975309,2.281266774020397,27.522812667740205,4.327697262479871,1.778046162104133,,0.13419216317767044
93,10.61460010735373,4.38137412775094,47.36983360171766,1.6975308641975309,2.281266774020397,27.415458937198068,4.327697262479871,1.778046162104133,,0.13419216317767044
94,10.876274825550189,4.38137412775094,47.16854535695116,1.6975308641975309,2.254428341384863,27.17391304347826,4.53569511540526,1.778046162104133,,0.13419216317767044
95,10.815888352120236,4.38137412775094,45.36366076221149,1.6975308641975309,4.810789049919484,26.301663982823403,4.7168545356951155,1.778046162104133,,0.13419216317767044
96,9.769189479334408,0.7783145464304885,51.11379495437466,1.6975308641975309,6.1862587224906065,25.89908749329039,2.677133655394525,1.7579173376274826,,0.12077294685990338
97,10.238862050456254,0.7716049382716049,50.758185721953836,1.6975308641975309,6.1862587224906065,25.41599570585078,2.7442297369833604,1.7310789049919484,,0.4562533548040794
98,9.71551261406334,0.7514761137949544,47.60466988727858,1.5230810520665594,5.803811057434245,28.012614063338702,4.139828234031133,1.9927536231884058,,0.4562533548040794
99,8.024691358024691,0.6977992485238862,49.000268384326354,1.4694041867954912,4.830917874396135,31.588835212023618,2.9924852388620504,0.9393451422436929,,0.4562533548040794
100,8.608427267847558,0.6776704240472357,48.58427267847558,1.4694041867954912,4.830917874396135,31.44122383252818,2.9924852388620504,0.9393451422436929,,0.4562533548040794
101,8.93719806763285,0.6776704240472357,47.88647342995169,1.4694041867954912,4.830917874396135,31.280193236714975,2.9924852388620504,1.4694041867954912,,0.4562533548040794
102,9.541062801932368,0.6776704240472357,47.85963499731616,1.4694041867954912,4.830917874396135,30.92458400429415,2.9924852388620504,1.3687600644122384,,0.33548040794417605
103,10.185185185185185,0.6776704240472357,47.396672034353195,1.4694041867954912,4.790660225442834,30.783682232957595,2.9924852388620504,1.3687600644122384,,0.33548040794417605
104,9.514224369296834,0.6776704240472357,60.970209339774556,1.3821792807300053,4.180085882984434,19.605475040257648,1.4962426194310252,2.1739130434782608,,
105,8.943907675791733,0.6776704240472357,62.02361782071927,1.1205045625335481,4.1532474503489,19.37734836285561,1.4962426194310252,1.9390767579173376,,0.2683843263553409
106,9.265968867418144,0.6776704240472357,61.761943102522814,1.1205045625335481,4.1532474503489,19.316961889425656,1.4962426194310252,1.9390767579173376,,0.2683843263553409
107,9.420289855072463,0.644122383252818,60.23215244229737,1.1205045625335481,4.1532474503489,21.22249060654858,1.4358561460010735,1.5029522275899088,,0.2683843263553409
108,9.574610842726784,0.644122383252818,58.65539452495974,1.1205045625335481,6.099033816425121,20.7662372517445,1.42914653784219,1.442565754159957,,0.2683843263553409
109,9.829575952764358,0.644122383252818,58.55475040257649,1.1205045625335481,6.099033816425121,20.618625872249062,1.42914653784219,1.4358561460010735,,0.2683843263553409
110,10.084541062801932,0.6172839506172839,57.23295759527644,1.1137949543746646,6.099033816425121,20.611916264090176,2.428878153515835,1.5432098765432098,,0.2683843263553409
111,9.675254965110037,0.6172839506172839,63.05018786902845,1.0198604401502953,3.5762211486849167,17.57246376811594,1.4962426194310252,2.7241009125067097,,0.2683843263553409
112,10.064412238325282,0.6172839506172839,61.82903918411165,2.0665593129361244,3.5762211486849167,17.357756307031668,1.4962426194310252,2.7241009125067097,,0.2683843263553409
113,9.044551798174986,0.4227053140096618,69.20289855072464,1.0198604401502953,3.5762211486849167,12.473161567364466,1.4694041867954912,2.522812667740204,,0.2683843263553409
114,9.272678475577026,0.4227053140096618,68.90096618357488,1.0198604401502953,3.5628019323671496,12.439613526570048,1.4694041867954912,2.6435856146001075,,0.2683843263553409
115,9.41358024691358,0.4227053140096618,68.00858829844337,1.0198604401502953,3.5628019323671496,12.372517444981213,2.2879763821792807,2.6435856146001075,,0.2683843263553409
116,9.708803005904455,0.4227053140096618,67.65297906602254,1.0198604401502953,3.5628019323671496,12.298711755233494,2.2879763821792807,2.7777777777777777,,0.2683843263553409
117,10.238862050456254,0.4227053140096618,67.21014492753623,1.0198604401502953,3.4822866344605474,12.298711755233494,2.281266774020397,2.7777777777777777,,0.2683843263553409
118,10.520665593129362,0.4227053140096618,65.74745034889962,1.0198604401502953,4.87788513150832,12.104133118625873,2.281266774020397,2.757648953301127,,0.2683843263553409
119,10.782340311325818,0.4227053140096618,65.01610305958133,2.509393451422437,4.790660225442834,12.04374664519592,2.281266774020397,1.8853998926462694,,0.2683843263553409
120,10.93666129898014,0.4227053140096618,64.92887815351584,2.509393451422437,4.7638217928073,12.04374664519592,2.2410091250670963,1.8853998926462694,,0.2683843263553409
121,11.285560923242082,0.4227053140096618,62.164519592055825,2.509393451422437,7.024959742351046,12.00348899624262,2.2410091250670963,2.0799785292538915,,0.2683843263553409
122,11.761943102522812,0.4227053140096618,61.842458400429415,2.509393451422437,6.9243156199677935,11.963231347289318,2.2410091250670963,2.0799785292538915,,0.2549651100375738
123,11.332528180354267,0.4227053140096618,64.95571658615137,1.4895330112721417,5.246913580246914,11.52710681696189,2.2410091250670963,2.0799785292538915,,0.7045088566827697
124,11.674718196457327,0.4227053140096618,64.7410091250671,1.4895330112721417,5.2066559312936125,11.486849168008588,2.2410091250670963,2.033011272141707,,0.7045088566827697
125,11.969940955448202,0.4227053140096618,64.47262479871175,1.4895330112721417,5.179817498658078,11.486849168008588,2.2410091250670963,2.033011272141707,,0.7045088566827697
126,11.741814278046162,0.4227053140096618,68.90767579173377,1.4895330112721417,5.119431025228127,7.856951154052603,2.1739130434782608,2.033011272141707,,0.2549651100375738
127,11.386205045625335,0.4227053140096618,67.10279119699409,3.824476650563607,4.62962962962963,7.695920558239399,2.1739130434782608,2.509393451422437,,0.2549651100375738
128,11.600912506709609,0.4227053140096618,66.76731078904992,3.824476650563607,4.643048845947397,7.682501341921632,2.1739130434782608,2.6301663982823404,,0.2549651100375738
129,11.976650563607086,0.4227053140096618,66.56602254428341,3.824476650563607,4.5960815888352125,7.555018786902845,2.1739130434782608,2.6301663982823404,,0.2549651100375738
130,12.130971551261407,0.4227053140096618,66.42512077294685,3.824476650563607,4.5960815888352125,7.555018786902845,2.1739130434782608,2.6167471819645733,,0.2549651100375738
131,12.318840579710145,0.4227053140096618,66.3311862587225,3.824476650563607,4.5960815888352125,7.461084272678476,2.1739130434782608,2.6167471819645733,,0.2549651100375738
132,12.942834138486312,0.4025764895330113,65.92860976918948,3.6768652710681695,4.5960815888352125,7.4208266237251745,2.1739130434782608,2.6033279656468062,,0.2549651100375738
133,13.197799248523886,0.4025764895330113,65.57300053676865,3.6768652710681695,4.5960815888352125,7.4006977992485234,2.1739130434782608,2.7241009125067097,,0.2549651100375738
134,11.044015029522276,0.2683843263553409,70.41733762748255,2.6972624798711755,4.388083735909823,6.729736983360172,1.9793344068706387,2.2208803005904456,,0.2549651100375738
135,11.60762211486849,0.2683843263553409,69.9476650563607,2.6435856146001075,4.53569511540526,6.541867954911433,1.9793344068706387,2.2208803005904456,,0.2549651100375738
136,12.224906065485776,0.2683843263553409,69.53837895866882,2.6033279656468062,4.441760601180891,6.541867954911433,1.9793344068706387,2.147074610842727,,0.2549651100375738
137,12.580515297906603,0.2683843263553409,68.50509930220075,2.6033279656468062,4.388083735909823,6.528448738593666,2.7241009125067097,2.147074610842727,,0.2549651100375738
138,12.627482555018787,0.2683843263553409,67.04911433172303,2.6033279656468062,5.12614063338701,6.521739130434782,2.9388083735909825,2.61003757380569,,0.2549651100375738
139,12.74825550187869,0.2683843263553409,65.62667740203972,2.6033279656468062,5.0858829844337095,6.414385399892646,2.918679549114332,3.965378421900161,,0.36902844873859364
140,11.90955448201825,0.2683843263553409,66.7337627482555,2.6033279656468062,4.978529253891573,6.253354804079442,2.918679549114332,3.965378421900161,,0.36902844873859364
141,12.258454106280194,0.2683843263553409,66.37815351583467,2.536231884057971,4.938271604938271,6.226516371443908,3.126677402039721,3.898282340311326,,0.36902844873859364
142,12.721417069243156,0.2683843263553409,66.12989801395598,2.536231884057971,4.87788513150832,6.226516371443908,2.9723564143853998,3.898282340311326,,0.36902844873859364
143,12.95625335480408,0.2683843263553409,65.90177133655395,2.536231884057971,4.87788513150832,6.219806763285024,2.9723564143853998,3.898282340311326,,0.36902844873859364
144,13.378958668813741,0.2683843263553409,65.40526033279656,2.536231884057971,4.87788513150832,6.1929683306494905,2.945517981749866,4.025764895330113,,0.36902844873859364
145,13.747987117552334,0.2683843263553409,64.98926462694578,2.536231884057971,4.8443370907139025,6.139291465378422,2.9388083735909825,4.166666666666667,,0.36902844873859364
146,13.996242619431026,0.2683843263553409,64.8215244229737,2.536231884057971,4.804079441760601,6.125872249060655,2.9388083735909825,4.1532474503489,,0.35560923242082665
147,14.345142243692969,0.2683843263553409,64.35856146001073,2.475845410628019,4.804079441760601,6.125872249060655,2.985775630703167,4.280730005367687,,0.35560923242082665
148,14.533011272141707,0.2683843263553409,64.21765968867417,2.475845410628019,4.797369833601718,5.917874396135265,3.2206119162640903,4.26731078904992,,0.30193236714975846
149,15.4723564143854,0.2683843263553409,63.479602791196996,2.4490069779924855,4.669887278582931,5.904455179817498,3.2139023081052067,4.253891572732153,,0.2885131508319914
150,15.546162104133119,0.2683843263553409,63.00322061191626,2.4154589371980677,5.320719269994632,5.71658615136876,3.2139023081052067,4.2270531400966185,,0.2885131508319914
151,15.646806226516372,0.2683843263553409,62.15780998389694,2.4154589371980677,5.320719269994632,5.71658615136876,3.2004830917874396,4.985238862050457,,0.2885131508319914
152,15.94873859366613,0.2683843263553409,61.90955448201825,2.4154589371980677,5.307300053676865,5.683038110574342,3.2004830917874396,4.978529253891573,,0.2885131508319914
153,16.10305958132045,0.2683843263553409,61.761943102522814,2.4154589371980677,5.300590445517981,5.683038110574342,3.2004830917874396,4.978529253891573,,0.2885131508319914
154,16.545893719806763,0.2683843263553409,61.41304347826087,2.395330112721417,5.300590445517981,5.622651637144391,3.2004830917874396,4.9651100375738055,,0.2885131508319914
155,17.04911433172303,0.2683843263553409,60.93666129898014,2.395330112721417,5.300590445517981,5.622651637144391,3.1870638754696725,4.951690821256038,,0.2885131508319914
156,17.518786902844873,0.2683843263553409,60.72866344605475,2.395330112721417,5.12614063338701,5.5689747718733225,3.166935050993022,4.938271604938271,,0.2885131508319914
157,17.934782608695652,0.2683843263553409,59.27938808373591,2.3752012882447664,5.0993022007514766,5.548845947396672,4.30756843800322,4.924852388620504,,0.2616747181964573
158,17.995169082125603,0.24825550187869028,59.17203435319377,2.3752012882447664,5.287171229200215,5.548845947396672,4.30756843800322,4.804079441760601,,0.2616747181964573
159,18.357487922705314,0.24825550187869028,58.80971551261406,2.49597423510467,5.287171229200215,5.548845947396672,4.30756843800322,4.683306494900698,,0.2616747181964573
160,18.53864734299517,0.24825550187869028,58.5077831454643,2.49597423510467,5.273752012882448,5.528717122920021,4.388083735909823,4.757112184648417,,0.2616747181964573
161,18.766774020397207,0.24825550187869028,58.373590982286636,2.49597423510467,5.22007514761138,5.488459473966721,4.388083735909823,4.757112184648417,,0.2616747181964573
162,18.96135265700483,0.24825550187869028,58.23939881910896,2.49597423510467,5.2066559312936125,5.488459473966721,4.388083735909823,4.7101449275362315,,0.2616747181964573
163,19.35721953837896,0.24825550187869028,58.02469135802469,2.4825550187869028,5.2066559312936125,5.35426731078905,4.3545356951154055,4.7101449275362315,,0.2616747181964573
164,19.679280730005367,0.24825550187869028,57.608695652173914,2.462426194310252,5.199946323134729,5.35426731078905,4.3478260869565215,4.8376274825550185,,0.2616747181964573
165,20.222758990874933,0.24825550187869028,57.2866344605475,2.462426194310252,5.166398282340311,5.347557702630167,4.280730005367687,4.723564143853999,,0.2616747181964573
166,18.625872249060656,0.24825550187869028,50.026838432635536,1.710950080515298,4.898013955984971,16.069511540526033,3.556092324208266,4.602791196994096,,0.2616747181964573
167,18.98148148148148,0.24825550187869028,49.86580783682233,1.6975308641975309,4.871175523349437,15.942028985507246,3.556092324208266,4.575952764358561,,0.2616747181964573
168,19.276704240472355,0.24825550187869028,49.503488996242616,1.6975308641975309,4.871175523349437,15.895061728395062,3.556092324208266,4.690016103059581,,0.2616747181964573
169,19.55179817498658,0.24825550187869028,48.792270531400966,2.49597423510467,4.830917874396135,15.505904455179817,3.535963499731616,4.62962962962963,,0.4092860976918948
170,19.89398819108964,0.24825550187869028,48.33601717659689,2.831454643048846,4.730273752012883,15.385131508319914,3.535963499731616,4.62962962962963,,0.4092860976918948
171,20.222758990874933,0.24825550187869028,48.25550187869028,2.818035426731079,4.730273752012883,15.217391304347826,3.4688674181427803,4.62962962962963,,0.4092860976918948
172,20.571658615136876,0.24825550187869028,48.107890499194845,2.818035426731079,4.690016103059581,15.069779924852389,3.455448201825013,4.62962962962963,,0.4092860976918948
173,21.256038647342994,0.24825550187869028,47.517444981213096,2.818035426731079,4.636339237788513,14.962426194310252,3.535963499731616,4.616210413311863,,0.4092860976918948
174,21.470746108427267,0.24825550187869028,47.32286634460547,2.818035426731079,4.622920021470746,14.78797638217928,3.844605475040258,4.488727858293076,,0.39586688137412773
175,21.77938808373591,0.24825550187869028,47.134997316156735,2.7844873859366612,4.622920021470746,14.727589908749328,3.8177670424047236,4.488727858293076,,0.39586688137412773
176,21.77938808373591,0.24825550187869028,46.43719806763285,2.7643585614600106,4.622920021470746,14.371980676328503,4.797369833601718,4.616210413311863,,0.36231884057971014
177,22.12157809983897,0.24825550187869028,46.27616747181965,2.757648953301127,4.616210413311863,14.210950080515298,4.797369833601718,4.609500805152979,,0.36231884057971014
178,22.22222222222222,0.24825550187869028,46.222490606548575,2.757648953301127,4.616210413311863,14.170692431561998,4.797369833601718,4.609500805152979,,0.35560923242082665
179,22.63150831991412,0.24825550187869028,45.44417606011809,2.757648953301127,4.609500805152979,14.150563607085346,4.911433172302737,4.891304347826087,,0.35560923242082665
180,22.65163714439077,0.24825550187869028,45.4374664519592,2.757648953301127,4.609500805152979,14.13714439076758,4.911433172302737,4.891304347826087,,0.35560923242082665
181,22.81266774020397,0.24825550187869028,45.3166935050993,2.757648953301127,4.609500805152979,14.103596349973161,4.904723564143854,4.891304347826087,,0.35560923242082665
182,23.121309715512613,0.24825550187869028,45.20263016639828,2.757648953301127,4.549114331723027,14.04320987654321,4.851046698872786,4.871175523349437,,0.35560923242082665
183,23.67149758454106,0.24825550187869028,45.06843800322061,2.757648953301127,4.549114331723027,14.016371443907676,4.51556629092861,4.8376274825550185,,0.33548040794417605
184,23.939881910896403,0.24825550187869028,44.89398819108964,2.717391304347826,4.51556629092861,13.996242619431026,4.51556629092861,4.8376274825550185,,0.33548040794417605
185,24.194847020933977,0.24825550187869028,44.67928073000537,2.717391304347826,4.51556629092861,13.955984970477724,4.51556629092861,4.8376274825550185,,0.33548040794417605
186,24.416264090177133,0.24825550187869028,44.437734836285564,2.717391304347826,4.502147074610843,13.694310252281268,4.810789049919484,4.8376274825550185,,0.33548040794417605
187,24.168008588298445,0.24825550187869028,42.84755770263017,4.85775630703167,4.253891572732153,13.694310252281268,4.810789049919484,4.783950617283951,,0.33548040794417605
188,24.335748792270532,0.24825550187869028,42.7938808373591,4.85775630703167,4.193505099302201,13.654052603327965,4.797369833601718,4.783950617283951,,0.33548040794417605
189,24.745034889962426,0.24825550187869028,42.60601180891036,4.797369833601718,4.180085882984434,13.352120236178207,4.797369833601718,4.783950617283951,,0.48980139559849706
190,24.711486849168008,0.24825550187869028,42.51878690284487,4.757112184648417,4.106280193236715,13.519860440150294,4.7638217928073,4.884594739667204,,0.48980139559849706
191,21.980676328502415,0.24825550187869028,37.92270531400966,4.730273752012883,3.5963499731615673,22.624798711755233,4.622920021470746,4.045893719806763,,0.2281266774020397
192,22.356414385399894,0.24825550187869028,37.76838432635534,4.730273752012883,3.5963499731615673,22.403381642512077,4.622920021470746,4.045893719806763,,0.2281266774020397
193,22.745571658615138,0.24825550187869028,37.62748255501879,4.730273752012883,3.475577026301664,22.19538378958669,4.703435319377348,4.045893719806763,,0.2281266774020397
194,22.77241009125067,0.24825550187869028,37.546967257112186,4.7101449275362315,3.4420289855072466,22.403381642512077,4.602791196994096,4.045893719806763,,0.2281266774020397
195,22.993827160493826,0.24825550187869028,37.39935587761675,4.7101449275362315,3.4151905528717124,22.356414385399894,4.602791196994096,4.045893719806763,,0.2281266774020397
196,23.235373054213635,0.24825550187869028,37.27858293075684,4.575952764358561,3.4151905528717124,22.067901234567902,4.549114331723027,4.40150295222759,,0.2281266774020397
197,23.58427267847558,0.24825550187869028,36.761943102522814,4.575952764358561,3.4151905528717124,22.014224369296834,4.783950617283951,4.388083735909823,,0.2281266774020397
198,23.637949543746647,0.24825550187869028,36.24530327428878,4.569243156199678,3.388352120236178,22.014224369296834,4.9718196457326895,4.696725711218465,,0.2281266774020397
199,23.72517444981213,0.24825550187869028,36.191626409017715,4.569243156199678,3.388352120236178,21.866612989801396,4.9718196457326895,4.810789049919484,,0.2281266774020397
200,24.168008588298445,0.24825550187869028,35.99704777241009,4.508856682769726,3.388352120236178,21.511003757380568,5.146269457863661,4.804079441760601,,0.2281266774020397
201,24.792002147074612,0.24825550187869028,35.607890499194845,4.414922168545357,3.388352120236178,21.470746108427267,5.072463768115942,4.777241009125067,,0.2281266774020397
202,25.161030595813205,0.24825550187869028,35.48040794417606,4.388083735909823,3.307836822329576,21.336553945249598,5.072463768115942,4.777241009125067,,0.2281266774020397
203,23.19511540526033,0.24825550187869028,39.2512077294686,3.9452495974235107,3.307836822329576,20.86688137412775,4.542404723564144,4.461889425657541,,0.18115942028985507
204,23.483628556092324,0.24825550187869028,39.13714439076758,3.9452495974235107,3.2474503488996245,20.75281803542673,4.542404723564144,4.461889425657541,,0.18115942028985507
205,23.825818572195384,0.24825550187869028,38.868760064412236,3.9452495974235107,3.2474503488996245,20.699141170155663,4.542404723564144,4.441760601180891,,0.18115942028985507
206,24.08078368223296,0.24825550187869028,38.63392377885131,3.9452495974235107,3.2474503488996245,20.699141170155663,4.522275899087493,4.441760601180891,,0.18115942028985507
207,24.382716049382715,0.24825550187869028,38.43263553408481,3.938539989264627,3.180354267310789,20.638754696725712,4.602791196994096,4.394793344068707,,0.18115942028985507
208,24.691358024691358,0.24825550187869028,38.31857219538379,3.898282340311326,3.180354267310789,20.48443370907139,4.602791196994096,4.394793344068707,,0.18115942028985507
209,25.315351583467525,0.24825550187869028,37.97638217928073,3.898282340311326,3.1468062265163717,20.343531937734838,4.549114331723027,4.341116478797638,,0.18115942028985507
210,25.47638217928073,0.24825550187869028,37.90257648953301,3.898282340311326,3.1468062265163717,20.25630703166935,4.549114331723027,4.341116478797638,,0.18115942028985507
211,25.617283950617285,0.24825550187869028,37.815351583467525,3.898282340311326,3.1468062265163717,20.04830917874396,4.549114331723027,4.49543746645196,,0.18115942028985507
212,25.711218464841654,0.24825550187869028,37.74825550187869,3.898282340311326,3.1468062265163717,20.034889962426195,4.53569511540526,4.49543746645196,,0.18115942028985507
213,25.89908749329039,0.24825550187869028,37.6207729468599,3.8848631239935587,3.2474503488996245,19.96779388083736,4.53569511540526,4.414922168545357,,0.18115942028985507
214,26.160762211486848,0.24825550187869028,37.60735373054214,3.8848631239935587,3.2474503488996245,19.732957595276435,4.522275899087493,4.414922168545357,,0.18115942028985507
215,26.48953301127214,0.24825550187869028,37.4597423510467,3.864734299516908,3.2474503488996245,19.618894256575416,4.502147074610843,4.388083735909823,,0.18115942028985507
216,26.7914653784219,0.24825550187869028,37.15780998389694,3.864734299516908,3.2474503488996245,19.51825013419216,4.488727858293076,4.502147074610843,,0.18115942028985507
217,23.825818572195384,0.0067096081588835215,43.10923242082662,3.589640365002684,2.999194847020934,19.0150295222759,2.898550724637681,4.374664519592056,,0.18115942028985507
218,24.248523886205046,0.0067096081588835215,42.74020397208803,3.535963499731616,2.9924852388620504,18.98148148148148,2.844873859366613,4.468599033816425,,0.18115942028985507
219,24.349168008588297,0.0067096081588835215,42.35775630703167,3.535963499731616,2.9924852388620504,18.9345142243693,3.1736446591519054,4.468599033816425,,0.18115942028985507
220,24.684648416532475,0.0067096081588835215,42.21685453569511,3.455448201825013,2.9924852388620504,18.887546967257112,3.1602254428341383,4.414922168545357,,0.18115942028985507
221,25.147611379495437,0.0067096081588835215,41.93505099302201,3.455448201825013,2.985775630703167,18.612453032742888,3.1602254428341383,4.549114331723027,,0.14761137949543746
222,24.859098228663445,0.0067096081588835215,41.237251744498124,3.455448201825013,4.019055287171229,18.585614600107355,3.1468062265163717,4.542404723564144,,0.14761137949543746
223,24.765163714439076,0.0067096081588835215,40.85480407944176,4.408212560386473,3.9855072463768115,18.156199677938808,3.1468062265163717,4.528985507246377,,0.14761137949543746
224,24.973161567364468,0.0067096081588835215,40.666935050993025,4.408212560386473,3.9855072463768115,18.149490069779926,3.1333870101986045,4.528985507246377,,0.14761137949543746
225,25.013419216317768,0.0067096081588835215,40.425389157273216,4.40150295222759,3.9855072463768115,17.814009661835748,3.33467525496511,4.528985507246377,,0.48980139559849706
226,25.509930220075148,0.0067096081588835215,39.982555018786904,4.394793344068707,3.9720880300590444,17.793880837359097,3.321256038647343,4.528985507246377,,0.48980139559849706
227,25.697799248523886,0.0067096081588835215,39.95571658615137,4.341116478797638,3.9720880300590444,17.72007514761138,3.294417606011809,4.522275899087493,,0.48980139559849706
228,25.83870101986044,0.0067096081588835215,39.841653247450346,4.341116478797638,3.9519592055823938,17.579173376274827,3.294417606011809,4.656468062265164,,0.48980139559849706
229,26.060118089103597,0.0067096081588835215,39.58668813741278,4.341116478797638,3.938539989264627,17.51207729468599,3.556092324208266,4.508856682769726,,0.48980139559849706
230,26.37546967257112,0.0067096081588835215,39.432367149758456,4.294149221685454,3.8915727321524423,17.458400429414922,3.556092324208266,4.49543746645196,,0.48980139559849706
231,25.97289318303811,0.0067096081588835215,40.27106816961889,4.012345679012346,3.844605475040258,17.444981213097154,3.5426731078904994,4.42163177670424,,0.4830917874396135
232,26.268115942028984,0.0067096081588835215,40.19055287171229,3.911701556629093,3.8378958668813743,17.337627482555018,3.5426731078904994,4.42163177670424,,0.4830917874396135
233,26.583467525496513,0.0067096081588835215,39.91545893719807,3.8848631239935587,3.824476650563607,17.337627482555018,3.5426731078904994,4.42163177670424,,0.4830917874396135
234,27.012882447665056,0.0067096081588835215,39.68733225979603,3.8848631239935587,3.824476650563607,17.156468062265162,3.5426731078904994,4.40150295222759,,0.4830917874396135
235,27.42216854535695,0.0067096081588835215,39.57326892109501,3.8848631239935587,3.81105743424584,16.908212560386474,3.5426731078904994,4.367954911433173,,0.4830917874396135
236,27.771068169618893,0.0067096081588835215,39.36527106816962,3.844605475040258,3.7640901771336552,16.867954911433173,3.535963499731616,4.361245303274289,,0.4830917874396135
237,27.697262479871174,0.0067096081588835215,39.16398282340311,3.844605475040258,4.045893719806763,16.820987654320987,3.535963499731616,4.40150295222759,,0.4830917874396135
238,27.791196994095547,0.0067096081588835215,39.07675791733763,3.844605475040258,4.012345679012346,16.80756843800322,3.5225442834138487,4.455179817498658,,0.4830917874396135
239,27.89855072463768,0.0067096081588835215,38.88217928073001,3.81105743424584,4.012345679012346,16.72705314009662,3.7909286097691894,4.388083735909823,,0.4830917874396135
240,28.153515834675254,0.0067096081588835215,38.405797101449274,3.81105743424584,3.992216854535695,16.72705314009662,4.032474503488996,4.388083735909823,,0.4830917874396135
241,28.388352120236178,0.0067096081588835215,38.36553945249597,3.7909286097691894,3.992216854535695,16.63311862587225,3.9989264626945786,4.38137412775094,,0.4428341384863124
242,28.556092324208265,0.0067096081588835215,38.33870101986044,3.7909286097691894,3.938539989264627,16.59286097691895,3.9519592055823938,4.38137412775094,,0.4428341384863124
243,28.73725174449812,0.0067096081588835215,38.217928073000536,3.7909286097691894,3.938539989264627,16.57944176060118,3.911701556629093,4.374664519592056,,0.4428341384863124
244,28.73725174449812,0.0067096081588835215,37.82206119162641,4.233762748255502,4.052603327965647,16.545893719806763,3.770799785292539,4.388083735909823,,0.4428341384863124
245,28.85131508319914,0.0067096081588835215,37.64761137949544,4.200214707461084,4.032474503488996,16.284219001610307,4.012345679012346,4.522275899087493,,0.4428341384863124
246,29.300858829844337,0.0067096081588835215,37.513419216317764,4.186795491143317,3.978797638217928,16.089640365002683,4.005636070853462,4.4753086419753085,,0.4428341384863124
247,29.562533548040793,0.0067096081588835215,37.43961352657005,4.186795491143317,3.978797638217928,16.0426731078905,3.992216854535695,4.3478260869565215,,0.4428341384863124
248,29.810789049919485,0.0067096081588835215,37.23161567364466,4.186795491143317,3.965378421900161,16.022544283413847,3.992216854535695,4.3478260869565215,,0.43612453032742887
249,30.132850241545892,0.0067096081588835215,37.05716586151369,4.1532474503489,3.898282340311326,16.002415458937197,3.992216854535695,4.320987654320987,,0.43612453032742887
