,45,50,55,51,53,52,56,54,58,60,57
0,98.7788513150832,1.221148684916801,,,,,,,,,
1,98.38298443370907,1.6170155662909287,,,,,,,,,
2,96.34997316156736,3.6500268384326353,,,,,,,,,
3,80.03891572732152,18.592324208266238,1.3687600644122384,,,,,,,,
4,75.53005904455179,23.101180891035963,1.3687600644122384,,,,,,,,
5,67.77375201288245,31.588835212023618,0.6374127750939346,,,,,,,,
6,64.6604938271605,34.70209339774557,0.6374127750939346,,,,,,,,
7,60.547504025764894,33.111916264090176,0.6374127750939346,5.703166935050993,,,,,,,
8,59.25925925925926,28.81105743424584,0.6374127750939346,8.299785292538916,2.9924852388620504,,,,,,
9,48.41653247450349,39.472624798711756,0.6374127750939346,8.299785292538916,3.1736446591519054,,,,,,
10,46.88003220611916,40.09661835748792,0.6374127750939346,8.11862587224906,3.1602254428341383,1.107085346215781,,,,,
11,39.14385399892646,48.389694041867955,0.6374127750939346,6.702898550724638,3.1333870101986045,1.9927536231884058,,,,,
12,39.22436929683307,48.329307568438004,0.6374127750939346,6.4345142243692965,3.113258185721954,1.9860440150295222,0.27509393451422437,,,,
13,37.31213097155126,49.85238862050456,0.6374127750939346,6.4345142243692965,3.113258185721954,1.9860440150295222,0.27509393451422437,0.38915727321524424,,,
14,37.533548040794415,49.67122920021471,0.6374127750939346,6.4345142243692965,3.0931293612453032,1.9659151905528718,0.27509393451422437,0.38915727321524424,,,
15,24.12775093934514,62.043746645195924,0.6374127750939346,6.394256575415996,2.8381642512077296,3.294417606011809,0.27509393451422437,0.38915727321524424,,,
16,24.349168008588297,60.14492753623188,2.314814814814815,6.394256575415996,2.8381642512077296,3.294417606011809,0.27509393451422437,0.38915727321524424,,,
17,23.2085346215781,58.42055823939882,2.5496511003757383,5.991680085882985,2.281266774020397,6.810252281266774,0.27509393451422437,0.46296296296296297,,,
18,21.75925925925926,53.05958132045089,4.26731078904992,16.552603327965645,0.35560923242082665,3.099838969404187,,0.9057971014492754,,,
19,21.91358024691358,52.42216854535695,4.830917874396135,16.472088030059044,0.35560923242082665,3.099838969404187,,0.9057971014492754,,,
20,21.826355340848096,51.39559849704777,4.790660225442834,15.4723564143854,0.322061191626409,5.287171229200215,,0.9057971014492754,,,
21,21.423778851315085,48.9398819108964,4.012345679012346,15.458937198067632,4.461889425657541,5.2066559312936125,,0.49651100375738055,,,
22,20.88030059044552,42.53220611916264,3.9989264626945786,22.34970477724101,4.448470209339774,5.293880837359098,,0.49651100375738055,,,
23,16.451959205582394,41.17015566290929,3.9989264626945786,28.173644659151904,4.414922168545357,5.293880837359098,,0.49651100375738055,,,
24,13.231347289318304,30.005367686527105,3.770799785292539,41.91492216854536,7.809983896940419,3.1602254428341383,,0.10735373054213634,,,
25,13.506441223832528,29.924852388620504,3.743961352657005,41.74718196457327,7.809983896940419,3.1602254428341383,,0.10735373054213634,,,
26,13.788244766505636,29.830917874396135,4.032474503488996,41.27079978529254,7.809983896940419,3.1602254428341383,,0.10735373054213634,,,
27,14.06333870101986,29.73027375201288,4.025764895330113,41.10976918947934,7.809983896940419,3.1535158346752548,,0.10735373054213634,,,
28,14.284755770263017,29.542404723564143,4.072732152442297,41.02925389157273,7.809983896940419,3.1535158346752548,,0.10735373054213634,,,
29,14.452495974235104,29.49543746645196,4.072732152442297,40.94202898550725,7.776435856146001,3.1535158346752548,,0.10735373054213634,,,
30,14.720880300590446,29.13311862587225,4.072732152442297,40.68035426731079,7.521470746108427,3.140096618357488,,0.7313472893183038,,,
31,15.042941492216855,29.045893719806763,4.05931293612453,40.45893719806763,7.521470746108427,3.140096618357488,,0.7313472893183038,,,
32,14.99597423510467,25.684380032206118,3.851315083199141,39.72758990874933,5.287171229200215,2.589908749329039,,7.863660762211487,,,
33,15.26435856146001,25.644122383252817,3.5426731078904994,38.077026301663984,4.280730005367687,5.636070853462158,,7.555018786902845,,,
34,15.4723564143854,25.623993558776167,3.515834675254965,37.956253354804076,4.280730005367687,5.609232420826624,,7.541599570585078,,,
35,15.53274288781535,25.597155126140635,3.515834675254965,34.15190552871712,8.07836822329576,5.609232420826624,,7.514761137949543,,,
36,14.667203435319378,26.516371443907676,4.441760601180891,33.69565217391305,7.595276435856146,5.5689747718733225,,7.514761137949543,,,
37,14.55984970477724,25.033548040794418,6.850509930220075,33.279656468062264,7.353730542136339,5.548845947396672,,7.37385936661299,,,
38,12.922705314009661,23.58427267847558,6.843800322061192,36.25872249060655,7.065217391304348,5.9514224369296835,,7.37385936661299,,,
39,13.130703166935051,23.557434245840042,6.816961889425658,36.13794954374664,7.03166935050993,5.9514224369296835,,7.37385936661299,,,
40,13.405797101449275,23.51046698872786,6.796833064949007,35.96349973161568,7.03166935050993,5.917874396135265,,7.37385936661299,,,
41,11.312399355877616,24.986580783682232,6.790123456790123,36.63446054750403,7.018250134192163,5.917874396135265,,7.340311325818572,,,
42,11.218464841653248,22.38996242619431,6.588835212023618,36.60762211486849,8.474235104669887,5.917874396135265,,8.487654320987655,0.3153515834675255,,
43,11.419753086419753,22.18196457326892,7.098765432098766,36.211755233494365,8.447396672034353,5.917874396135265,,8.407139023081053,0.3153515834675255,,
44,11.728395061728396,22.061191626409016,7.092055823939882,35.92324208266237,8.447396672034353,5.917874396135265,0.10735373054213634,8.407139023081053,0.3153515834675255,,
45,11.198336017176597,20.511272141706925,6.5552871712292005,41.86795491143317,8.172302737520129,3.079710144927536,0.5367686527106817,7.763016639828234,0.3153515834675255,,
46,11.325818572195384,20.417337627482556,6.870638754696726,39.841653247450346,8.024691358024691,4.790660225442834,0.5367686527106817,7.877079978529254,0.3153515834675255,,
47,11.56736446591519,20.2361782071927,7.615405260332796,37.23161567364466,7.997852925389157,5.5689747718733225,1.6304347826086956,7.836822329575953,0.3153515834675255,,
48,10.091250670960816,17.196725711218466,7.5348899624261945,43.80703166935051,7.823403113258186,3.9452495974235107,1.6304347826086956,7.6556629092860975,0.3153515834675255,,
49,10.513955984970478,17.163177670424048,7.5348899624261945,43.35077831454643,7.7898550724637685,3.878153515834675,1.8115942028985508,7.64224369296833,0.3153515834675255,,
50,10.25228126677402,17.136339237788512,7.03166935050993,36.00375738056898,7.722758990874933,9.192163177670425,0.9930220075147611,11.352657004830919,0.3153515834675255,,
51,8.460815888352121,21.18894256575416,7.03166935050993,32.950885668276975,7.722758990874933,8.890230810520666,2.100107353730542,11.33923778851315,0.3153515834675255,,
52,8.61513687600644,21.141975308641975,6.400966183574879,32.776435856146,8.447396672034353,8.876811594202898,2.100107353730542,11.332528180354267,0.30864197530864196,,
53,8.769457863660762,21.095008051529792,6.367418142780462,31.46135265700483,8.447396672034353,8.84326355340848,2.8247450348899625,11.882716049382717,0.30864197530864196,,
54,8.420558239398819,16.968599033816425,5.12614063338701,31.112453032742888,8.192431561996779,14.888620504562533,2.8247450348899625,11.788781535158346,0.6776704240472357,,
55,8.608427267847558,16.854535695115406,5.052334943639291,31.00509930220075,8.05823939881911,14.875201288244767,2.8247450348899625,12.04374664519592,0.6776704240472357,,
56,8.863392377885132,16.847826086956523,4.918142780461621,30.95813204508857,8.024691358024691,15.754159957058508,2.7979066022544283,11.044015029522276,0.6776704240472357,0.11406333870101985,
57,8.890230810520666,16.847826086956523,4.918142780461621,30.18652710681696,8.024691358024691,15.754159957058508,3.1468062265163717,11.439881910896403,0.6776704240472357,0.11406333870101985,
58,9.01100375738057,16.834406870638755,4.918142780461621,30.159688674181428,8.011272141706923,15.74074074074074,3.113258185721954,11.419753086419753,0.6776704240472357,0.11406333870101985,
59,8.219269994632313,15.076489533011273,4.260601180891036,30.08588298443371,10.413311862587225,16.61969940955448,3.113258185721954,11.419753086419753,0.6776704240472357,0.11406333870101985,
60,7.823403113258186,13.821792807300053,3.0595813204508855,29.750402576489535,11.54723564143854,19.47128287707998,3.113258185721954,10.037573805689748,0.13419216317767044,,1.2412775093934514
61,8.132045088566828,13.7211486849168,3.026033279656468,29.656468062265162,11.533816425120772,19.424315619967793,3.099838969404187,10.030864197530864,0.13419216317767044,,1.2412775093934514
62,8.179012345679013,13.7211486849168,2.7777777777777777,29.1935050993022,12.305421363392378,19.384057971014492,3.0864197530864197,9.977187332259795,0.13419216317767044,,1.2412775093934514
63,8.272946859903382,13.358829844337091,2.6301663982823404,28.63660762211487,17.840848094471284,15.45222758990875,3.656736446591519,8.776167471819646,0.13419216317767044,,1.2412775093934514
64,8.420558239398819,13.238056897477188,2.6301663982823404,28.193773483628558,15.92860976918948,17.51207729468599,3.643317230273752,8.722490606548577,0.13419216317767044,,1.5767579173376274
65,8.776167471819646,13.20450885668277,2.428878153515835,28.08641975308642,15.4723564143854,17.47181964573269,3.6366076221148687,8.715780998389693,0.13419216317767044,,2.073268921095008
66,8.313204508856682,12.359098228663447,2.227589908749329,26.992753623188406,13.654052603327965,26.04669887278583,2.965646806226516,5.723295759527644,0.0067096081588835215,,1.710950080515298
67,8.61513687600644,12.352388620504563,1.7713365539452497,26.84514224369297,11.540526033279656,28.30112721417069,2.965646806226516,5.723295759527644,0.17444981213097155,,1.710950080515298
68,8.896940418679549,12.27187332259796,1.7579173376274826,26.778046162104133,11.540526033279656,28.052871712292003,3.0931293612453032,5.723295759527644,0.17444981213097155,,1.710950080515298
69,9.098228663446054,12.27187332259796,1.7579173376274826,26.39559849704777,11.520397208803006,28.005904455179817,3.3548040794417604,5.709876543209877,0.17444981213097155,,1.710950080515298
70,9.138486312399356,12.238325281803542,3.193773483628556,25.0402576489533,11.386205045625335,27.89855072463768,3.3548040794417604,5.709876543209877,0.17444981213097155,,1.865271068169619
71,8.682232957595277,11.010466988727858,3.193773483628556,23.43666129898014,16.337895866881375,26.590177133655395,3.3548040794417604,5.35426731078905,0.17444981213097155,,1.865271068169619
72,5.803811057434245,17.800590445517983,3.421900161030596,21.658615136876005,16.324476650563607,24.691358024691358,2.918679549114332,5.340848094471283,0.17444981213097155,,1.865271068169619
73,6.0587761674718195,17.767042404723565,3.408480944712829,21.631776704240472,16.297638217928075,24.57729468599034,2.918679549114332,5.300590445517981,0.17444981213097155,,1.865271068169619
74,6.461352657004831,17.726784755770264,3.0730005367686526,21.22249060654858,15.08990874932904,24.094202898550726,2.898550724637681,7.239667203435319,0.17444981213097155,,2.01959205582394
75,6.729736983360172,17.66639828234031,3.0595813204508855,21.22249060654858,15.03623188405797,23.95330112721417,2.898550724637681,7.239667203435319,0.17444981213097155,,2.01959205582394
76,6.0654857756307035,16.61969940955448,3.0595813204508855,32.39398819108964,11.60762211486849,19.35721953837896,2.8784219001610305,6.689479334406871,,,1.328502415458937
77,6.253354804079442,13.707729468599034,2.677133655394525,34.41358024691358,11.211755233494364,20.108695652173914,2.8784219001610305,7.4208266237251745,,,1.328502415458937
78,6.025228126677402,11.701556629092861,2.4691358024691357,35.71524422973698,12.365807836822329,19.04186795491143,2.9924852388620504,8.360171765968868,,,1.328502415458937
79,6.253354804079442,11.634460547504025,2.4691358024691357,35.560923242082666,12.130971551261407,19.04186795491143,3.2206119162640903,8.360171765968868,,,1.328502415458937
80,6.5552871712292005,11.580783682232958,2.442297369833602,34.88325281803543,12.097423510466989,18.69296833064949,3.2206119162640903,9.198872785829307,,,1.328502415458937
81,6.8035426731078905,10.990338164251208,2.6435856146001075,33.89023081052066,11.56736446591519,20.377079978529252,3.2206119162640903,9.178743961352657,,,1.328502415458937
82,6.89747718733226,10.654857756307031,2.6435856146001075,33.071658615136876,11.56736446591519,19.082125603864736,3.2004830917874396,11.553945249597424,,,1.328502415458937
83,7.139023081052066,10.61460010735373,2.6033279656468062,31.353998926462694,13.33870101986044,19.0552871712292,3.026033279656468,11.540526033279656,,,1.328502415458937
84,7.4141170155662905,10.587761674718196,2.6033279656468062,31.280193236714975,13.231347289318304,19.0150295222759,3.026033279656468,11.540526033279656,,,1.3016639828234031
85,7.588566827697263,10.406602254428341,2.818035426731079,31.17283950617284,13.191089640365004,18.98148148148148,3.026033279656468,11.513687600644122,,,1.3016639828234031
86,7.64224369296833,10.111379495437467,2.818035426731079,32.46779388083736,13.191089640365004,18.12265163714439,2.8650026838432634,11.480139559849706,,,1.3016639828234031
87,3.911701556629093,3.2742887815351582,0.6105743424584005,60.06441223832528,7.749597423510467,15.619967793880837,1.1272141706924315,7.4006977992485234,,,0.24154589371980675
88,4.166666666666667,3.2742887815351582,2.4490069779924855,56.48148148148148,9.158615136876007,16.11647879763822,1.1272141706924315,6.984702093397746,,,0.24154589371980675
89,4.300858829844337,3.2742887815351582,2.4490069779924855,56.394256575415994,9.400161030595813,15.955448201825014,0.9997316156736447,6.984702093397746,,,0.24154589371980675
90,4.508856682769726,3.260869565217391,2.475845410628019,56.25335480407944,9.373322597960279,15.915190552871712,0.9863123993558777,6.984702093397746,,,0.24154589371980675
91,4.730273752012883,3.260869565217391,4.1129898013955986,54.42163177670424,9.373322597960279,15.915190552871712,0.9594739667203436,6.984702093397746,,,0.24154589371980675
92,4.904723564143854,3.2340311325818574,4.106280193236715,51.56333870101986,12.211486849168008,15.821256038647343,0.9326355340848095,6.984702093397746,,,0.24154589371980675
93,4.998658078368224,3.2340311325818574,4.106280193236715,51.34192163177671,12.191358024691358,15.780998389694043,1.1205045625335481,6.984702093397746,,,0.24154589371980675
94,5.434782608695652,3.2004830917874396,4.05931293612453,51.05340848094471,12.184648416532475,15.754159957058508,1.0869565217391304,6.984702093397746,,,0.24154589371980675
95,5.555555555555555,2.1806226516371443,3.81105743424584,53.05958132045089,12.04374664519592,15.049651100375739,1.0735373054213635,6.984702093397746,,,0.24154589371980675
96,5.736714975845411,2.1806226516371443,3.81105743424584,52.905260332796566,12.04374664519592,15.411969940955448,1.0735373054213635,6.595544820182502,,,0.24154589371980675
97,6.0654857756307035,2.1806226516371443,3.81105743424584,52.623456790123456,11.889425657541599,15.411969940955448,1.0735373054213635,6.595544820182502,,,0.3488996242619431
98,5.166398282340311,1.8250134192163177,3.797638217928073,61.28556092324208,10.621309715512615,10.010735373054214,0.8185721953837896,5.958132045088567,0.2147074610842727,,0.30193236714975846
99,5.5756843800322065,1.778046162104133,2.7509393451422435,52.482555018786904,20.477724100912507,9.896672034353195,0.8185721953837896,5.790391841116479,0.2147074610842727,,0.2147074610842727
100,5.904455179817498,1.778046162104133,2.6704240472356413,50.415995705850776,20.377079978529252,9.86983360171766,2.804616210413312,5.776972624798712,0.2147074610842727,,0.1878690284487386
101,6.347289318303811,1.724369296833065,2.9052603327965647,50.939345142243695,20.249597423510465,9.782608695652174,2.7979066022544283,4.851046698872786,0.2147074610842727,,0.1878690284487386
102,6.474771873322598,1.724369296833065,4.49543746645196,49.308910359635,20.222758990874933,9.722222222222221,2.7979066022544283,4.851046698872786,0.2147074610842727,,0.1878690284487386
103,6.427804616210413,1.556629092860977,5.548845947396672,47.24906065485776,18.69296833064949,12.473161567364466,2.7979066022544283,4.851046698872786,0.2147074610842727,,0.1878690284487386
104,6.541867954911433,1.556629092860977,5.542136339237788,47.10144927536232,18.65271068169619,12.13768115942029,3.2139023081052067,4.851046698872786,0.2147074610842727,,0.1878690284487386
105,6.729736983360172,1.556629092860977,5.542136339237788,46.89345142243693,18.61916264090177,12.090713902308105,3.2139023081052067,4.951690821256038,0.2147074610842727,,0.1878690284487386
106,6.78341384863124,1.556629092860977,6.709608158883521,45.772946859903385,18.45813204508857,12.050456253354804,3.4420289855072466,4.824208266237251,0.2147074610842727,,0.1878690284487386
107,6.9243156199677935,1.556629092860977,6.602254428341385,43.90096618357488,20.645464304884594,11.990069779924852,3.7037037037037037,4.274020397208803,0.2147074610842727,,0.1878690284487386
108,7.300053676865271,1.556629092860977,6.602254428341385,43.72651637144391,20.52469135802469,11.90955448201825,3.7037037037037037,4.274020397208803,0.2147074610842727,,0.1878690284487386
109,7.521470746108427,1.556629092860977,6.582125603864735,43.57890499194847,20.511272141706925,11.869296833064949,3.7037037037037037,4.274020397208803,0.2147074610842727,,0.1878690284487386
110,7.937466451959206,1.556629092860977,6.575415995705851,43.344068706387546,20.417337627482556,11.829039184111648,3.6634460547504024,4.274020397208803,0.2147074610842727,,0.1878690284487386
111,8.132045088566828,1.556629092860977,6.561996779388084,43.21658615136876,20.417337627482556,11.808910359634996,3.6366076221148687,4.26731078904992,0.2147074610842727,,0.1878690284487386
112,8.111916264090176,1.556629092860977,6.468062265163715,42.2638217928073,21.484165324745035,11.808910359634996,3.6366076221148687,4.26731078904992,0.2147074610842727,,0.1878690284487386
113,8.333333333333334,1.556629092860977,6.4412238325281805,41.89479334406871,21.4573268921095,12.010198604401502,3.6366076221148687,4.26731078904992,0.2147074610842727,,0.1878690284487386
114,8.447396672034353,1.556629092860977,6.427804616210413,41.82098765432099,21.430488459473967,12.010198604401502,3.6366076221148687,4.26731078904992,0.2147074610842727,,0.1878690284487386
115,8.53462157809984,1.5365002683843263,6.427804616210413,41.74718196457327,21.470746108427267,11.98336017176597,3.6366076221148687,4.260601180891036,0.2147074610842727,,0.1878690284487386
116,8.085077831454644,1.5365002683843263,7.085346215780999,39.86849168008588,20.833333333333332,14.392109500805153,3.7104133118625873,4.159957058507783,0.2147074610842727,,0.11406333870101985
117,8.051529790660226,1.5365002683843263,6.870638754696726,38.157541599570585,20.618625872249062,16.720343531937736,3.7104133118625873,3.9586688137412773,0.2616747181964573,,0.11406333870101985
118,7.87037037037037,1.5365002683843263,7.9106280193236715,35.95679012345679,19.249865807836823,19.47128287707998,3.69699409554482,3.9318303811057436,0.2616747181964573,,0.11406333870101985
119,7.333601717659689,0.6776704240472357,7.897208803005904,34.11164787976382,20.33011272141707,21.994095544820183,3.361513687600644,3.9184111647879765,0.2616747181964573,,0.11406333870101985
120,7.454374664519592,0.6776704240472357,8.28636607622115,33.97074610842727,20.055018786902846,21.826355340848096,3.3480944712828773,3.9184111647879765,0.36231884057971014,,0.10064412238325282
121,7.6556629092860975,0.6776704240472357,7.769726247987117,33.333333333333336,21.69887278582931,21.162104133118625,3.3480944712828773,3.8915727321524423,0.36231884057971014,,0.10064412238325282
122,7.944176060118089,0.6776704240472357,8.662104133118627,33.091787439613526,21.618357487922705,20.175791733762747,2.9589371980676327,4.408212560386473,0.36231884057971014,,0.10064412238325282
123,8.024691358024691,0.6776704240472357,8.662104133118627,33.051529790660226,21.591519055287172,20.162372517444982,2.9589371980676327,4.408212560386473,0.36231884057971014,,0.10064412238325282
124,8.145464304884594,0.6776704240472357,8.662104133118627,33.00456253354804,21.564680622651636,20.148953301127214,2.9589371980676327,4.374664519592056,0.36231884057971014,,0.10064412238325282
125,8.427267847557703,0.6575415995705851,8.648684916800859,32.92404723564144,21.490874932903917,20.108695652173914,2.918679549114332,4.374664519592056,0.3488996242619431,,0.10064412238325282
126,8.467525496511003,0.5233494363929146,8.970746108427267,32.347020933977454,21.28287707997853,20.02818035426731,3.113258185721954,4.696725711218465,0.33548040794417605,,0.23483628556092323
127,8.776167471819646,0.5233494363929146,9.326355340848094,32.15244229736983,20.974235104669887,19.867149758454108,3.113258185721954,4.696725711218465,0.33548040794417605,,0.23483628556092323
128,8.876811594202898,0.5233494363929146,9.064680622651638,32.10547504025765,20.947396672034355,20.108695652173914,3.1065485775630703,4.696725711218465,0.33548040794417605,,0.23483628556092323
129,9.084809447128288,0.5233494363929146,9.064680622651638,32.05179817498658,20.819914117015568,20.081857219538378,3.1065485775630703,4.696725711218465,0.33548040794417605,,0.23483628556092323
130,9.225711218464841,0.5233494363929146,9.064680622651638,31.97799248523886,20.819914117015568,20.041599570585078,3.1065485775630703,4.696725711218465,0.33548040794417605,,0.20799785292538917
131,9.681964573268921,0.5233494363929146,8.984165324745035,31.910896403650028,20.578368223295758,20.001341921631777,3.1065485775630703,4.669887278582931,0.33548040794417605,,0.20799785292538917
132,9.742351046698873,0.5233494363929146,8.977455716586151,32.91733762748255,19.57192699946323,19.96779388083736,3.0864197530864197,4.669887278582931,0.33548040794417605,,0.20799785292538917
133,10.131508319914117,0.5099302200751477,8.977455716586151,34.07139023081052,19.45786366076221,18.780193236714975,3.0595813204508855,4.468599033816425,0.33548040794417605,,0.20799785292538917
134,9.728931830381105,0.5099302200751477,8.890230810520666,37.996511003757384,19.061996779388085,15.774288781535159,3.0327428878153517,4.468599033816425,0.33548040794417605,,0.20128824476650564
135,9.75577026301664,0.5099302200751477,9.091519055287172,37.9092860976919,19.02173913043478,15.754159957058508,3.0327428878153517,4.468599033816425,0.33548040794417605,,0.12077294685990338
136,10.02415458937198,0.5099302200751477,9.024422973698336,37.714707461084274,18.90096618357488,15.754159957058508,3.1468062265163717,4.468599033816425,0.33548040794417605,,0.12077294685990338
137,9.514224369296834,0.5099302200751477,7.501341921631776,41.40499194847021,18.438003220611915,15.344873859366613,2.0531400966183573,4.2270531400966185,0.2952227589908749,,0.7112184648416533
138,9.359903381642512,0.49651100375738055,6.655931293612453,42.54562533548041,18.51851851851852,14.620236178207193,2.589908749329039,4.206924315619967,0.2952227589908749,,0.7112184648416533
139,9.265968867418144,0.49651100375738055,6.649221685453569,41.99543746645196,18.50509930220075,14.620236178207193,3.2541599570585076,4.206924315619967,0.2952227589908749,,0.7112184648416533
140,9.742351046698873,0.49651100375738055,6.635802469135802,41.659957058507786,18.451422436929683,14.546430488459475,3.2541599570585076,4.206924315619967,0.2952227589908749,,0.7112184648416533
141,8.460815888352121,0.41599570585077833,6.340579710144928,49.53703703703704,17.847557702630166,10.50053676865271,2.61003757380569,3.321256038647343,0.2885131508319914,,0.6776704240472357
142,8.568169618894256,0.4025764895330113,6.3137412775093935,49.19484702093398,17.807300053676865,10.446859903381643,2.61003757380569,3.6902844873859366,0.2885131508319914,,0.6776704240472357
143,8.756038647342995,0.4025764895330113,6.407675791733762,49.100912506709605,17.753623188405797,10.433440687063875,2.61003757380569,3.569511540526033,0.2885131508319914,,0.6776704240472357
144,8.68894256575416,0.4025764895330113,6.300322061191626,51.368760064412236,17.022275899087493,9.192163177670425,2.61003757380569,3.44873859366613,0.2885131508319914,,0.6776704240472357
145,8.870101986044014,0.4025764895330113,6.300322061191626,51.207729468599034,16.80756843800322,9.16532474503489,2.5966183574879227,3.683574879227053,0.2885131508319914,,0.6776704240472357
146,8.816425120772946,0.4025764895330113,5.978260869565218,50.80515297906602,18.511808910359633,8.460815888352121,2.3752012882447664,3.683574879227053,0.2885131508319914,,0.6776704240472357
147,9.205582393988191,0.4025764895330113,5.978260869565218,50.46296296296296,18.50509930220075,8.440687063875469,2.3752012882447664,3.6634460547504024,0.2885131508319914,,0.6776704240472357
148,8.849973161567364,0.4025764895330113,6.152710681696189,52.8918411164788,18.5252281266774,6.971282877079979,2.1940418679549114,3.046162104133119,0.2885131508319914,,0.6776704240472357
149,8.856682769726248,0.3757380568974772,6.031937734836285,52.851583467525494,18.50509930220075,6.957863660762212,1.8786902844873858,3.5762211486849167,0.2885131508319914,,0.6776704240472357
150,9.145195920558239,0.36231884057971014,6.702898550724638,51.47611379495437,18.90096618357488,6.944444444444445,1.9256575415995705,3.5762211486849167,0.2885131508319914,,0.6776704240472357
151,9.346484165324744,0.36231884057971014,6.662640901771336,51.37546967257112,18.840579710144926,6.944444444444445,1.9256575415995705,3.5762211486849167,0.2885131508319914,,0.6776704240472357
152,9.39345142243693,0.36231884057971014,6.642512077294686,51.17418142780462,17.465110037573805,8.501073537305421,1.9189479334406871,3.5762211486849167,0.2885131508319914,,0.6776704240472357
153,9.574610842726784,0.36231884057971014,6.629092860976919,50.905797101449274,17.465110037573805,8.474235104669887,2.073268921095008,3.549382716049383,0.2885131508319914,,0.6776704240472357
154,9.822866344605474,0.36231884057971014,6.575415995705851,50.758185721953836,17.418142780461622,8.474235104669887,2.073268921095008,3.549382716049383,0.2885131508319914,,0.6776704240472357
155,10.111379495437467,0.36231884057971014,6.541867954911433,50.62399355877617,17.337627482555018,8.433977455716587,2.073268921095008,3.549382716049383,0.2885131508319914,,0.6776704240472357
156,10.312667740203972,0.36231884057971014,6.515029522275899,50.50322061191626,17.310789049919485,8.433977455716587,2.073268921095008,3.5225442834138487,0.2885131508319914,,0.6776704240472357
157,10.393183038110575,0.36231884057971014,6.461352657004831,50.42270531400966,17.176596886741816,8.333333333333334,2.073268921095008,3.81105743424584,0.2885131508319914,,0.6776704240472357
158,10.547504025764896,0.36231884057971014,6.461352657004831,50.32877079978529,17.11621041331186,8.333333333333334,2.073268921095008,3.81105743424584,0.2885131508319914,,0.6776704240472357
159,10.7085346215781,0.36231884057971014,6.447933440687064,49.094202898550726,16.988727858293075,9.219001610305957,2.4154589371980677,3.797638217928073,0.2885131508319914,,0.6776704240472357
160,10.82259796027912,0.36231884057971014,6.387546967257112,48.2487922705314,16.941760601180892,9.198872785829307,2.214170692431562,4.85775630703167,0.2885131508319914,,0.6776704240472357
161,10.88298443370907,0.36231884057971014,6.327160493827161,47.89989264626946,16.935050993022006,9.172034353193773,2.5966183574879227,4.85775630703167,0.2885131508319914,,0.6776704240472357
162,11.030595813204508,0.36231884057971014,6.293612453032743,47.59125067096082,16.874664519592056,9.172034353193773,2.5966183574879227,5.112721417069243,0.2885131508319914,,0.6776704240472357
163,10.507246376811594,0.2549651100375738,5.884326355340848,49.69806763285024,16.297638217928075,8.856682769726248,2.690552871712292,4.8443370907139025,0.2885131508319914,,0.6776704240472357
164,10.768921095008052,0.2549651100375738,5.8239398819108965,49.59742351046699,16.264090177133657,8.829844337090714,2.6502952227589907,4.8443370907139025,0.2885131508319914,,0.6776704240472357
165,11.18491680085883,0.2549651100375738,5.756843800322061,49.32903918411165,16.23725174449812,8.829844337090714,2.6502952227589907,4.8443370907139025,0.2616747181964573,,0.6508319914117016
166,11.439881910896403,0.2549651100375738,5.756843800322061,49.13446054750403,16.203703703703702,8.80300590445518,2.6502952227589907,4.8443370907139025,0.2616747181964573,,0.6508319914117016
167,11.701556629092861,0.2549651100375738,5.736714975845411,48.94659151905529,16.183574879227052,8.776167471819646,2.6502952227589907,4.8376274825550185,0.2616747181964573,,0.6508319914117016
168,11.808910359634996,0.2549651100375738,5.736714975845411,48.88620504562534,16.15673644659152,8.76274825550188,2.6502952227589907,4.830917874396135,0.2616747181964573,,0.6508319914117016
169,12.090713902308105,0.23483628556092323,5.58239398819109,49.443102522812666,15.53274288781535,8.749329039184111,2.6301663982823404,4.824208266237251,0.2616747181964573,,0.6508319914117016
170,12.238325281803542,0.2214170692431562,5.394524959742351,49.35587761674718,15.505904455179817,8.709071390230811,2.6301663982823404,5.032206119162641,0.2616747181964573,,0.6508319914117016
171,12.318840579710145,0.2214170692431562,5.394524959742351,48.980139559849704,15.505904455179817,8.57487922705314,2.9253891572732154,5.032206119162641,0.2616747181964573,,0.785024154589372
172,12.546967257112184,0.2214170692431562,5.3274288781535155,48.84594739667203,15.485775630703166,8.57487922705314,2.918679549114332,5.032206119162641,0.2616747181964573,,0.785024154589372
173,12.962962962962964,0.2214170692431562,5.548845947396672,47.66505636070853,15.841384863123993,8.548040794417606,2.791196994095545,5.374396135265701,0.2616747181964573,,0.785024154589372
174,13.271604938271604,0.2214170692431562,5.535426731078905,47.56441223832528,15.365002683843263,8.950617283950617,2.791196994095545,5.367686527106817,0.14761137949543746,,0.785024154589372
175,13.499731615673644,0.2214170692431562,5.535426731078905,47.08803005904455,15.331454643048845,8.943907675791733,3.079710144927536,5.367686527106817,0.14761137949543746,,0.785024154589372
176,13.647342995169081,0.2214170692431562,5.535426731078905,47.0276435856146,15.277777777777779,8.943907675791733,3.079710144927536,5.3341384863123995,0.14761137949543746,,0.785024154589372
177,13.922436929683306,0.2214170692431562,5.528717122920021,46.77938808373591,15.26435856146001,8.943907675791733,3.0730005367686526,5.3341384863123995,0.14761137949543746,,0.785024154589372
178,14.002952227589908,0.2214170692431562,5.528717122920021,46.752549651100374,15.250939345142244,8.903650026838433,3.0730005367686526,5.3341384863123995,0.14761137949543746,,0.785024154589372
179,14.143853998926463,0.2214170692431562,5.501878690284487,46.67203435319377,15.22410091250671,8.896940418679549,3.0730005367686526,5.3341384863123995,0.14761137949543746,,0.785024154589372
180,14.345142243692969,0.2214170692431562,5.495169082125604,46.02120236178207,15.22410091250671,8.896940418679549,3.321256038647343,5.542136339237788,0.14761137949543746,,0.785024154589372
181,14.61352657004831,0.2214170692431562,5.495169082125604,45.67901234567901,15.190552871712292,8.890230810520666,3.44873859366613,5.528717122920021,0.14761137949543746,,0.785024154589372
182,14.74771873322598,0.2214170692431562,5.495169082125604,45.59849704777241,15.170424047235642,8.870101986044014,3.44873859366613,5.515297906602254,0.14761137949543746,,0.785024154589372
183,15.70048309178744,0.2214170692431562,5.179817498658078,45.108695652173914,15.116747181964573,8.829844337090714,3.435319377348363,5.475040257648954,0.14761137949543746,,0.785024154589372
184,15.827965646806227,0.2214170692431562,5.71658615136876,44.477992485238865,15.096618357487923,8.816425120772946,3.435319377348363,5.475040257648954,0.14761137949543746,,0.785024154589372
185,15.848094471282877,0.2214170692431562,6.025228126677402,44.236446591519055,14.915458937198068,8.742619431025227,3.435319377348363,5.642780461621041,0.14761137949543746,,0.785024154589372
186,15.76086956521739,0.17444981213097155,6.025228126677402,43.80032206119163,14.40552871712292,8.59500805152979,3.7238325281803544,6.461352657004831,0.2683843263553409,,0.785024154589372
187,15.915190552871712,0.17444981213097155,6.025228126677402,43.74664519592056,14.378690284487385,8.527911969940956,3.7238325281803544,6.454643048845948,0.2683843263553409,,0.785024154589372
188,16.029253891572733,0.17444981213097155,6.011808910359635,43.17632850241546,14.36527106816962,8.487654320987655,3.9586688137412773,6.769994632313473,0.2683843263553409,,0.7581857219538379
189,16.15673644659152,0.17444981213097155,6.011808910359635,43.062265163714436,14.318303811057435,8.480944712828771,3.9586688137412773,6.729736983360172,0.2683843263553409,,0.8387010198604401
190,16.29092860976919,0.16774020397208803,6.005099302200751,41.324476650563604,14.11701556629093,8.480944712828771,4.2203435319377345,8.28636607622115,0.2683843263553409,,0.8387010198604401
191,16.72705314009662,0.16774020397208803,6.005099302200751,41.27079978529254,13.922436929683306,8.447396672034353,4.133118625872249,8.219269994632313,0.2683843263553409,,0.8387010198604401
192,16.894793344068706,0.16774020397208803,5.991680085882985,41.176865271068166,13.88888888888889,8.447396672034353,4.133118625872249,8.192431561996779,0.2683843263553409,,0.8387010198604401
193,16.99543746645196,0.16774020397208803,5.991680085882985,40.64009661835749,13.808373590982287,8.427267847557703,4.079441760601181,8.78287707997853,0.2683843263553409,,0.8387010198604401
194,17.07595276435856,0.16774020397208803,5.9514224369296835,40.3918411164788,13.774825550187868,8.427267847557703,4.052603327965647,9.084809447128288,0.23483628556092323,,0.8387010198604401
195,17.324208266237253,0.16774020397208803,6.3137412775093935,39.92887815351583,13.734567901234568,8.400429414922169,3.978797638217928,9.078099838969404,0.23483628556092323,,0.8387010198604401
196,17.344337090713903,0.16774020397208803,6.260064412238325,39.92216854535695,13.707729468599034,8.514492753623188,3.9452495974235107,9.064680622651638,0.23483628556092323,,0.8387010198604401
197,16.935050993022006,0.16774020397208803,6.246645195920558,38.177670424047236,15.982286634460548,8.494363929146537,3.938539989264627,8.984165324745035,0.23483628556092323,,0.8387010198604401
198,17.11621041331186,0.16774020397208803,6.246645195920558,38.04347826086956,15.962157809983896,8.494363929146537,3.938539989264627,8.957326892109501,0.23483628556092323,,0.8387010198604401
199,17.06924315619968,0.16774020397208803,6.246645195920558,37.526838432635536,15.83467525496511,8.494363929146537,3.770799785292539,9.829575952764358,0.2214170692431562,,0.8387010198604401
200,16.914922168545356,0.16774020397208803,7.380568974771873,36.71497584541063,16.23054213633924,7.87037037037037,3.770799785292539,9.769189479334408,0.3421900161030596,,0.8387010198604401
201,17.19001610305958,0.16774020397208803,7.380568974771873,36.71497584541063,16.23054213633924,7.87037037037037,3.770799785292539,9.494095544820183,0.3421900161030596,,0.8387010198604401
202,17.398013955984972,0.16774020397208803,7.2933440687063875,36.480139559849704,16.6532474503489,7.843531937734836,3.69699409554482,9.286097691894794,0.3421900161030596,,0.8387010198604401
203,17.673107890499196,0.16774020397208803,7.25979602791197,36.198336017176594,16.465378421900162,7.689210950080516,3.556092324208266,9.849704777241008,0.3421900161030596,,0.798443370907139
204,17.914653784219002,0.16774020397208803,7.246376811594203,36.06414385399893,16.418411164787976,7.669082125603865,3.556092324208266,9.822866344605474,0.3421900161030596,,0.798443370907139
205,17.98174986580784,0.16774020397208803,7.246376811594203,36.030595813204506,16.398282340311326,7.6623725174449815,3.549382716049383,9.822866344605474,0.3421900161030596,,0.798443370907139
206,18.089103596349972,0.16774020397208803,7.246376811594203,35.98362855609233,16.19699409554482,7.648953301127214,3.549382716049383,9.997316156736447,0.322061191626409,,0.798443370907139
207,17.807300053676865,0.16774020397208803,7.232957595276436,35.69511540526033,16.10305958132045,7.561728395061729,3.475577026301664,10.836017176596886,0.322061191626409,,0.798443370907139
208,17.934782608695652,0.16774020397208803,7.226247987117552,35.63472893183038,16.0829307568438,7.561728395061729,3.475577026301664,10.836017176596886,0.322061191626409,,0.7581857219538379
209,18.156199677938808,0.16774020397208803,6.984702093397746,35.35963499731616,16.06280193236715,7.39398819108964,3.475577026301664,11.332528180354267,0.322061191626409,,0.7447665056360708
210,18.337359098228664,0.16774020397208803,6.944444444444445,35.279119699409556,16.06280193236715,7.39398819108964,3.4688674181427803,11.2788513150832,0.322061191626409,,0.7447665056360708
211,18.61916264090177,0.16774020397208803,6.944444444444445,35.08454106280193,16.049382716049383,7.37385936661299,3.455448201825013,11.238593666129898,0.322061191626409,,0.7447665056360708
212,18.760064412238325,0.16774020397208803,6.910896403650026,35.05099302200752,16.002415458937197,7.37385936661299,3.455448201825013,11.211755233494364,0.322061191626409,,0.7447665056360708
213,18.793612453032743,0.16774020397208803,7.37385936661299,34.64170692431562,15.727321524422974,7.360440150295223,3.7775093934514223,11.211755233494364,0.20128824476650564,,0.7447665056360708
214,18.907675791733762,0.16774020397208803,7.6556629092860975,34.366612989801396,15.660225442834138,7.306763285024155,3.7775093934514223,11.211755233494364,0.20128824476650564,,0.7447665056360708
215,19.0552871712292,0.16774020397208803,7.62211486849168,34.15190552871712,15.807836822329575,7.286634460547504,3.7775093934514223,11.18491680085883,0.20128824476650564,,0.7447665056360708
216,19.196188942565755,0.16774020397208803,7.796564680622652,34.064680622651636,15.807836822329575,7.112184648416532,3.7640901771336552,11.144659151905529,0.20128824476650564,,0.7447665056360708
217,19.363929146537842,0.16774020397208803,7.7831454643048845,33.82984433709071,15.58641975308642,7.098765432098766,4.106280193236715,11.117820719269995,0.20128824476650564,,0.7447665056360708
218,19.53166935050993,0.16774020397208803,7.75630703166935,33.742619431025226,15.573000536768653,7.098765432098766,4.106280193236715,11.077563070316694,0.20128824476650564,,0.7447665056360708
219,19.732957595276435,0.16774020397208803,7.75630703166935,33.44068706387547,15.727321524422974,7.024959742351046,4.2203435319377345,10.983628556092324,0.20128824476650564,,0.7447665056360708
220,19.753086419753085,0.16774020397208803,7.75630703166935,33.28636607622115,15.727321524422974,7.024959742351046,4.367954911433173,10.970209339774557,0.20128824476650564,,0.7447665056360708
221,19.94766505636071,0.16774020397208803,7.75630703166935,33.19914117015566,15.70048309178744,7.024959742351046,4.3545356951154055,10.916532474503489,0.20128824476650564,,0.7313472893183038
222,20.175791733762747,0.16774020397208803,7.742887815351583,33.04482018250134,15.640096618357488,7.024959742351046,4.3545356951154055,10.916532474503489,0.20128824476650564,,0.7313472893183038
223,20.249597423510465,0.16774020397208803,7.648953301127214,32.74288781535159,15.593129361245303,7.514761137949543,4.3478260869565215,10.802469135802468,0.20128824476650564,,0.7313472893183038
224,20.35024154589372,0.16774020397208803,7.635534084809447,32.6556629092861,15.593129361245303,7.514761137949543,4.3478260869565215,10.802469135802468,0.20128824476650564,,0.7313472893183038
225,20.511272141706925,0.16774020397208803,7.628824476650563,32.6154052603328,15.546162104133119,7.514761137949543,4.341116478797638,10.742082662372518,0.20128824476650564,,0.7313472893183038
226,20.43075684380032,0.16774020397208803,7.380568974771873,32.27992485238862,15.53274288781535,8.68894256575416,4.274020397208803,10.312667740203972,0.20128824476650564,,0.7313472893183038
227,20.611916264090176,0.16774020397208803,7.353730542136339,32.19940955448202,15.479066022544284,8.668813741277509,4.274020397208803,10.312667740203972,0.20128824476650564,,0.7313472893183038
