,45,50,51,55,52,53,54,56,58,59,57
0,97.62479871175523,2.3752012882447664,,,,,,,,,
1,92.42485238862051,7.575147611379496,,,,,,,,,
2,92.48523886205045,7.514761137949543,,,,,,,,,
3,92.10950080515298,7.890499194847021,,,,,,,,,
4,92.10950080515298,7.890499194847021,,,,,,,,,
5,91.24396135265701,6.884057971014493,1.8719806763285025,,,,,,,,
6,91.25738056897477,5.636070853462158,3.1065485775630703,,,,,,,,
7,90.58641975308642,6.3070316693505095,3.1065485775630703,,,,,,,,
8,80.58239398819109,15.344873859366613,3.9184111647879765,0.15432098765432098,,,,,,,
9,79.33440687063876,16.659957058507782,3.851315083199141,0.15432098765432098,,,,,,,
10,53.00590445517982,46.83977455716586,,0.15432098765432098,,,,,,,
11,52.39533011272142,47.24906065485776,,0.35560923242082665,,,,,,,
12,52.55636070853462,47.1081588835212,,0.33548040794417605,,,,,,,
13,52.885131508319915,46.77938808373591,,0.33548040794417605,,,,,,,
14,48.711755233494365,50.83870101986044,,0.4495437466451959,,,,,,,
15,48.8191089640365,50.7313472893183,,0.4495437466451959,,,,,,,
16,44.115673644659154,55.43478260869565,,0.4495437466451959,,,,,,,
17,44.26999463231347,55.28046162104133,,0.4495437466451959,,,,,,,
18,40.19055287171229,46.745840042941495,12.090713902308105,0.9728931830381106,,,,,,,
19,36.08427267847558,43.10923242082662,19.83360171765969,0.9728931830381106,,,,,,,
20,33.58829844337091,40.666935050993025,24.771873322597962,0.9728931830381106,,,,,,,
21,33.340042941492214,38.727858293075684,26.959205582393988,0.9728931830381106,,,,,,,
22,32.45437466451959,39.68733225979603,26.88539989264627,0.9728931830381106,,,,,,,
23,32.407407407407405,39.50617283950617,26.36876006441224,0.9728931830381106,0.7447665056360708,,,,,,
24,32.41411701556629,39.371980676328505,25.187869028448738,0.9728931830381106,0.7447665056360708,0.28180354267310787,1.0265700483091786,,,,
25,32.60198604401503,39.23778851315083,25.13419216317767,0.9728931830381106,0.7447665056360708,0.28180354267310787,1.0265700483091786,,,,
26,31.629092860976918,37.62748255501879,26.174181427804616,0.9728931830381106,0.1878690284487386,2.38191089640365,1.0265700483091786,,,,
27,31.776704240472355,37.432903918411164,24.376006441223833,0.9728931830381106,0.1878690284487386,3.7372517444981215,1.5163714439076759,,,,
28,31.95115405260333,37.27187332259796,24.36929683306495,0.9728931830381106,0.1878690284487386,3.730542136339238,1.5163714439076759,,,,
29,32.2463768115942,36.95652173913044,24.879227053140095,1.4090177133655395,0.1878690284487386,2.7308105206655933,1.5901771336553945,,,,
30,32.27321524422974,36.95652173913044,24.879227053140095,1.4090177133655395,0.1878690284487386,2.703972088030059,1.5901771336553945,,,,
31,32.32018250134192,36.198336017176594,24.751744498121308,1.6304347826086956,0.15432098765432098,2.6972624798711755,2.24771873322598,,,,
32,32.46108427267848,36.090982286634464,24.718196457326894,1.6304347826086956,0.15432098765432098,2.6972624798711755,2.24771873322598,,,,
33,32.56172839506173,35.19189479334407,24.537037037037038,2.623456790123457,0.15432098765432098,2.6972624798711755,2.2342995169082127,,,,
34,31.850509930220074,35.96349973161568,24.48336017176597,2.6167471819645733,0.15432098765432098,2.6972624798711755,2.2342995169082127,,,,
35,32.06521739130435,35.68840579710145,24.40955448201825,2.6167471819645733,0.15432098765432098,2.167203435319377,2.898550724637681,,,,
36,31.48148148148148,31.508319914117017,20.517981749865807,1.6237251744498122,7.454374664519592,4.750402576489533,2.6637144390767578,,,,
37,31.64922168545357,31.4345142243693,20.471014492753625,1.6103059581320451,7.4208266237251745,4.750402576489533,2.6637144390767578,,,,
38,24.745034889962426,60.25228126677402,11.084272678475577,0.9057971014492754,,2.13365539452496,0.8789586688137413,,,,
39,24.93961352657005,59.68867418142781,11.077563070316694,1.3016639828234031,,2.1135265700483092,0.8789586688137413,,,,
40,24.731615673644658,54.21363392377885,10.997047772410092,1.2681159420289856,6.1929683306494905,1.7310789049919484,0.8655394524959742,,,,
41,24.93961352657005,54.0727321524423,10.95679012345679,1.2681159420289856,6.166129898013956,1.7310789049919484,0.8655394524959742,,,,
42,25.201288244766506,53.79092860976919,10.903113258185721,1.402308105206656,6.119162640901771,1.7310789049919484,0.8521202361782072,,,,
43,25.355609232420825,53.636607622114866,10.903113258185721,1.402308105206656,6.119162640901771,1.7310789049919484,0.8521202361782072,,,,
44,25.429414922168544,53.58964036500269,10.903113258185721,1.402308105206656,6.092324208266238,1.7310789049919484,0.8521202361782072,,,,
45,25.717928073000536,53.24074074074074,10.836017176596886,1.3955984970477724,4.777241009125067,3.180354267310789,0.8521202361782072,,,,
46,23.26892109500805,52.72410091250671,14.237788513150832,1.5432098765432098,4.777241009125067,2.885131508319914,0.5636070853462157,,,,
47,23.201825013419217,48.91304347826087,14.204240472356414,3.7104133118625873,4.777241009125067,2.885131508319914,2.3081052066559313,,,,
48,23.181696188942567,47.16183574879227,14.378690284487385,5.307300053676865,4.777241009125067,2.885131508319914,2.3081052066559313,,,,
49,23.21524422973698,47.14170692431562,14.378690284487385,5.293880837359098,4.777241009125067,2.885131508319914,2.3081052066559313,,,,
50,23.396403650026837,46.98067632850242,14.36527106816962,5.287171229200215,4.777241009125067,2.885131508319914,2.3081052066559313,,,,
51,23.691626409017715,46.81964573268921,14.298174986580785,5.253623188405797,4.7638217928073,2.885131508319914,2.2879763821792807,,,,
52,23.68491680085883,46.121846484165324,13.969404186795492,5.984970477724101,4.7638217928073,3.1870638754696725,2.2879763821792807,,,,
53,23.698336017176597,45.98765432098765,13.962694578636608,5.984970477724101,4.891304347826087,3.1870638754696725,2.2879763821792807,,,,
54,23.470209339774556,44.6256038647343,15.4723564143854,5.984970477724101,4.797369833601718,3.0193236714975846,2.6301663982823404,,,,
55,23.738593666129898,44.38405797101449,15.4723564143854,5.984970477724101,4.770531400966184,3.0193236714975846,2.6301663982823404,,,,
56,23.95330112721417,44.296833064949006,15.385131508319914,5.9447128287707995,4.770531400966184,3.0193236714975846,2.6301663982823404,,,,
57,23.752012882447666,37.184648416532475,15.35829307568438,4.05931293612453,13.996242619431026,3.0193236714975846,2.6301663982823404,,,,
58,23.96672034353194,36.94981213097155,15.35829307568438,4.166666666666667,13.915727321524423,3.012614063338701,2.6301663982823404,,,,
59,24.188137412775095,36.89613526570049,15.28448738593666,4.166666666666667,13.848631239935587,2.9924852388620504,2.623456790123457,,,,
60,24.362587224906065,36.808910359635,15.230810520665592,4.133118625872249,13.848631239935587,2.9924852388620504,2.623456790123457,,,,
61,24.630971551261407,36.43317230273752,15.01610305958132,4.2270531400966185,13.801663982823403,2.9924852388620504,2.898550724637681,,,,
62,25.02012882447665,36.3593666129898,14.707461084272678,4.2270531400966185,13.801663982823403,2.985775630703167,2.898550724637681,,,,
63,23.637949543746647,29.810789049919485,14.65378421900161,4.052603327965647,23.060923242082662,2.046430488459474,2.737520128824477,,,,
64,23.832528180354267,29.71014492753623,14.626945786366075,4.052603327965647,22.993827160493826,2.046430488459474,2.737520128824477,,,,
65,17.921363392377884,63.51315083199141,14.284755770263017,1.7713365539452497,0.13419216317767044,0.46296296296296297,1.9122383252818036,,,,
66,18.17632850241546,63.29844337090714,14.264626945786366,1.751207729468599,0.13419216317767044,0.46296296296296297,1.9122383252818036,,,,
67,18.317230273752013,62.855609232420825,14.244498121309716,2.073268921095008,0.13419216317767044,0.46296296296296297,1.9122383252818036,,,,
68,18.605743424584006,62.61406333870102,14.237788513150832,2.033011272141707,0.13419216317767044,0.46296296296296297,1.9122383252818036,,,,
69,18.907675791733762,60.889694041867955,14.210950080515298,3.4822866344605474,0.13419216317767044,0.46296296296296297,1.9122383252818036,,,,
70,19.11567364465915,60.63472893183038,14.150563607085346,3.589640365002684,0.13419216317767044,0.46296296296296297,1.9122383252818036,,,,
71,19.363929146537842,60.43344068706388,14.103596349973161,3.589640365002684,0.13419216317767044,0.46296296296296297,1.9122383252818036,,,,
72,19.51154052603328,58.89023081052066,14.083467525496511,5.005367686527107,0.13419216317767044,0.46296296296296297,1.9122383252818036,,,,
73,14.640365002683843,54.1532474503489,22.926731078904993,5.931293612453032,,0.43612453032742887,1.9122383252818036,,,,
74,14.700751476113794,54.106280193236714,22.913311862587225,5.931293612453032,,0.43612453032742887,1.9122383252818036,,,,
75,15.083199141170155,50.15432098765432,22.913311862587225,5.475040257648954,,0.43612453032742887,5.938003220611916,,,,
76,15.230810520665592,49.22839506172839,22.33628556092324,6.052066559312936,,1.221148684916801,5.931293612453032,,,,
77,15.485775630703166,48.8191089640365,21.36339237788513,6.206387546967257,,1.221148684916801,5.931293612453032,0.9728931830381106,,,
78,15.579710144927537,48.80568974771873,21.35668276972625,6.1862587224906065,,1.221148684916801,5.877616747181965,0.9728931830381106,,,
79,15.995705850778315,48.47691894793344,21.28287707997853,6.179549114331723,,1.221148684916801,5.870907139023081,0.9728931830381106,,,
80,14.814814814814815,49.75174449812131,21.18894256575416,6.179549114331723,,1.221148684916801,5.870907139023081,0.9728931830381106,,,
81,14.861782071927,49.25523349436393,21.175523349436393,6.642512077294686,,1.221148684916801,5.870907139023081,0.9728931830381106,,,
82,14.949006977992486,47.678475577026305,20.819914117015568,8.514492753623188,,1.1943102522812667,5.870907139023081,0.9728931830381106,,,
83,15.385131508319914,47.457058507783145,20.638754696725712,8.487654320987655,,1.1943102522812667,5.864197530864198,0.9728931830381106,,,
84,15.801127214170693,46.75925925925926,20.551529790660226,8.870101986044014,,1.1943102522812667,5.850778314546431,0.9728931830381106,,,
85,15.707192699946322,46.443907675791735,20.987654320987655,8.729200214707461,,1.1943102522812667,5.964841653247451,0.9728931830381106,,,
86,16.371443907675793,46.02120236178207,20.86688137412775,8.729200214707461,,1.1876006441223832,5.850778314546431,0.9728931830381106,,,
87,16.680085882984432,45.75952764358561,20.491143317230275,8.682232957595277,,1.1540526033279657,6.038647342995169,1.1943102522812667,,,
88,16.941760601180892,45.6454643048846,20.356951154052602,8.668813741277509,,1.1540526033279657,6.038647342995169,1.1943102522812667,,,
89,17.223564143854,45.48443370907139,20.33011272141707,8.668813741277509,,1.1540526033279657,5.9447128287707995,1.1943102522812667,,,
90,17.505367686527105,45.36366076221149,20.30998389694042,8.53462157809984,,1.1540526033279657,5.938003220611916,1.1943102522812667,,,
91,17.639559849704778,45.30327428878154,20.26972624798712,8.514492753623188,,1.1540526033279657,5.924584004294149,1.1943102522812667,,,
92,18.00187869028449,45.128824476650564,20.162372517444982,8.454106280193237,,1.1540526033279657,5.904455179817498,1.1943102522812667,,,
93,18.075684380032207,44.60547504025765,19.33709071390231,8.333333333333334,0.7313472893183038,1.6975308641975309,6.025228126677402,1.1943102522812667,,,
94,18.23671497584541,44.39076757917338,19.330381105743424,8.413848631239935,0.7313472893183038,1.6975308641975309,6.005099302200751,1.1943102522812667,,,
95,18.263553408480945,43.646001073537306,19.122383252818036,9.339774557165862,0.7313472893183038,1.6975308641975309,6.005099302200751,1.1943102522812667,,,
96,18.531937734836287,43.505099302200755,19.0955448201825,9.23913043478261,0.7313472893183038,1.6975308641975309,6.005099302200751,1.1943102522812667,,,
97,18.65271068169619,43.4044551798175,19.082125603864736,9.232420826623725,0.7313472893183038,1.6975308641975309,6.005099302200751,1.1943102522812667,,,
98,18.719806763285025,43.35748792270532,18.780193236714975,9.514224369296834,0.7313472893183038,1.6975308641975309,6.005099302200751,1.1943102522812667,,,
99,19.04186795491143,42.975040257648956,18.726516371443907,9.64170692431562,0.7179280730005367,1.6975308641975309,6.005099302200751,1.1943102522812667,,,
100,18.968062265163713,40.344873859366615,18.189747718733226,11.829039184111648,0.7179280730005367,2.01959205582394,6.743156199677939,1.1876006441223832,,,
101,19.16935050993022,40.23752012882448,18.129361245303276,11.829039184111648,0.7179280730005367,2.01959205582394,6.709608158883521,1.1876006441223832,,,
102,19.048577563070317,37.915995705850776,18.02871712292002,14.439076757917338,0.7179280730005367,1.9927536231884058,6.6827697262479875,1.1741814278046163,,,
103,18.988191089640367,37.754965110037574,18.914385399892645,14.439076757917338,0.7179280730005367,1.3419216317767042,6.6827697262479875,1.1607622114868492,,,
104,19.135802469135804,37.68786902844874,18.90096618357488,14.298174986580785,0.7045088566827697,1.3419216317767042,6.66935050993022,1.1607622114868492,0.10064412238325282,,
105,19.290123456790123,37.58722490606549,18.86070853462158,14.298174986580785,0.7045088566827697,1.3419216317767042,6.655931293612453,1.1607622114868492,0.10064412238325282,,
106,16.5727321524423,44.639023081052066,15.49248523886205,14.278046162104133,0.7045088566827697,1.2345679012345678,6.655931293612453,0.322061191626409,0.10064412238325282,,
107,16.5727321524423,44.41089640365003,15.458937198067632,14.553140096618357,0.7045088566827697,1.221148684916801,6.655931293612453,0.322061191626409,0.10064412238325282,,
108,16.894793344068706,44.22973698336017,15.411969940955448,14.49946323134729,0.7045088566827697,1.221148684916801,6.615673644659152,0.322061191626409,0.10064412238325282,,
109,16.861245303274288,43.67954911433172,15.237520128824476,15.33816425120773,0.7045088566827697,1.221148684916801,6.615673644659152,0.24154589371980675,0.10064412238325282,,
110,17.270531400966185,43.53864734299517,15.183843263553408,15.083199141170155,0.7045088566827697,1.221148684916801,6.447933440687064,0.24154589371980675,0.10064412238325282,0.20799785292538917,
111,17.424852388620504,43.45142243692968,15.143585614600108,15.056360708534621,0.7045088566827697,1.221148684916801,6.447933440687064,0.24154589371980675,0.10064412238325282,0.20799785292538917,
112,17.64626945786366,43.03542673107891,15.13016639828234,15.029522275899087,0.7045088566827697,1.221148684916801,6.360708534621578,0.5636070853462157,0.10064412238325282,0.20799785292538917,
113,17.793880837359097,42.93478260869565,15.13016639828234,15.022812667740205,0.7045088566827697,1.221148684916801,6.320450885668277,0.5636070853462157,0.10064412238325282,0.20799785292538917,
114,18.00187869028449,42.36446591519055,14.962426194310252,13.882179280730005,0.6977992485238862,2.8381642512077296,6.246645195920558,0.5636070853462157,0.10064412238325282,0.20799785292538917,0.13419216317767044
115,17.55233494363929,41.700214707461086,13.734567901234568,13.882179280730005,3.1602254428341383,2.8381642512077296,6.125872249060655,0.5636070853462157,0.10064412238325282,0.20799785292538917,0.13419216317767044
116,16.968599033816425,39.92216854535695,13.976113794954374,13.123993558776167,3.1602254428341383,2.8381642512077296,9.004294149221685,0.5636070853462157,0.10064412238325282,0.20799785292538917,0.13419216317767044
117,17.12962962962963,39.841653247450346,13.976113794954374,13.070316693505099,3.1602254428341383,2.8381642512077296,8.977455716586151,0.5636070853462157,0.10064412238325282,0.20799785292538917,0.13419216317767044
118,17.444981213097154,39.54643048845947,13.94927536231884,12.983091787439614,3.1602254428341383,2.999194847020934,8.910359634997317,0.5636070853462157,0.10064412238325282,0.20799785292538917,0.13419216317767044
119,17.59259259259259,39.44578636607622,13.90901771336554,12.97638217928073,3.1602254428341383,2.999194847020934,8.910359634997317,0.5636070853462157,0.10064412238325282,0.20799785292538917,0.13419216317767044
120,18.015297906602253,38.51315083199141,13.902308105206655,13.533279656468062,3.1602254428341383,2.9790660225442833,8.890230810520666,0.5636070853462157,0.10064412238325282,0.20799785292538917,0.13419216317767044
121,18.16290928609769,37.446323134728935,13.841921631776705,14.915458937198068,3.1602254428341383,2.9790660225442833,8.749329039184111,0.30193236714975846,0.10064412238325282,0.20799785292538917,0.13419216317767044
122,18.263553408480945,37.36580783682233,13.821792807300053,14.915458937198068,3.1602254428341383,2.9790660225442833,8.749329039184111,0.30193236714975846,0.10064412238325282,0.20799785292538917,0.13419216317767044
123,18.109232420826622,34.997316156736446,13.774825550187868,17.85426731078905,3.1468062265163717,2.9790660225442833,8.393719806763285,0.30193236714975846,0.10064412238325282,0.20799785292538917,0.13419216317767044
124,17.67981749865808,35.57434245840043,13.70101986044015,17.807300053676865,3.1468062265163717,2.965646806226516,8.380300590445518,0.30193236714975846,0.10064412238325282,0.20799785292538917,0.13419216317767044
125,17.2638217928073,34.60144927536232,13.808373590982287,19.135802469135804,3.1468062265163717,2.945517981749866,8.353462157809984,0.30193236714975846,0.10064412238325282,0.20799785292538917,0.13419216317767044
126,17.424852388620504,34.48067632850242,13.79495437466452,19.122383252818036,3.1468062265163717,2.932098765432099,8.353462157809984,0.30193236714975846,0.10064412238325282,0.20799785292538917,0.13419216317767044
127,17.57246376811594,34.45383789586688,13.79495437466452,19.061996779388085,3.012614063338701,3.052871712292002,8.3064949006978,0.30193236714975846,0.10064412238325282,0.20799785292538917,0.13419216317767044
128,17.814009661835748,34.21229200214707,13.79495437466452,18.833870101986044,3.012614063338701,3.0394524959742353,8.548040794417606,0.30193236714975846,0.10064412238325282,0.20799785292538917,0.13419216317767044
129,18.156199677938808,34.07139023081052,13.647342995169081,18.813741277509394,3.012614063338701,3.0394524959742353,8.514492753623188,0.30193236714975846,0.10064412238325282,0.20799785292538917,0.13419216317767044
130,18.230005367686527,33.923778851315085,13.620504562533547,18.377616747181964,3.012614063338701,3.656736446591519,8.433977455716587,0.30193236714975846,0.10064412238325282,0.20799785292538917,0.13419216317767044
131,18.12265163714439,33.9170692431562,13.620504562533547,18.377616747181964,3.012614063338701,3.656736446591519,7.890499194847021,0.30193236714975846,0.10064412238325282,0.20799785292538917,0.7917337627482555
132,17.713365539452496,33.3064949006978,12.359098228663447,17.807300053676865,2.952227589908749,5.5756843800322065,8.896940418679549,0.2885131508319914,0.10064412238325282,0.20799785292538917,0.7917337627482555
133,17.652979066022546,33.25281803542673,12.486580783682234,17.807300053676865,2.952227589908749,5.5756843800322065,8.883521202361782,0.2885131508319914,0.10064412238325282,0.20799785292538917,0.7917337627482555
134,17.793880837359097,33.19243156199678,12.453032742887816,17.881105743424584,2.952227589908749,5.475040257648954,8.863392377885132,0.2885131508319914,0.10064412238325282,0.20799785292538917,0.7917337627482555
135,17.98845947396672,33.111916264090176,12.419484702093397,17.834138486312398,2.9253891572732154,5.46833064949007,8.863392377885132,0.2885131508319914,0.10064412238325282,0.20799785292538917,0.7917337627482555
136,18.42458400429415,32.54830917874396,12.338969404186795,18.323939881910896,2.898550724637681,5.267042404723564,8.809715512614064,0.2885131508319914,0.10064412238325282,0.20799785292538917,0.7917337627482555
137,18.54535695115405,32.400697799248526,12.332259796027913,18.223295759527645,2.898550724637681,5.267042404723564,8.333333333333334,0.9393451422436929,0.10064412238325282,0.20799785292538917,0.7514761137949544
138,17.14975845410628,32.347020933977454,8.205850778314547,17.96833064949007,8.514492753623188,5.199946323134729,8.61513687600644,0.9393451422436929,0.10064412238325282,0.20799785292538917,0.7514761137949544
139,17.236983360171767,32.32018250134192,8.199141170155663,17.941492216854535,8.501073537305421,5.186527106816962,8.61513687600644,0.9393451422436929,0.10064412238325282,0.20799785292538917,0.7514761137949544
140,17.49194847020934,32.23295759527644,8.192431561996779,17.901234567901234,8.467525496511003,5.186527106816962,8.541331186258722,0.9259259259259259,0.10064412238325282,0.20799785292538917,0.7514761137949544
141,17.814009661835748,31.99812130971551,8.192431561996779,17.847557702630166,8.467525496511003,5.179817498658078,8.514492753623188,0.9259259259259259,0.10064412238325282,0.20799785292538917,0.7514761137949544
142,18.00187869028449,31.964573268921097,8.185721953837897,17.773752012882447,8.467525496511003,5.139559849704777,8.494363929146537,0.9259259259259259,0.10064412238325282,0.20799785292538917,0.7380568974771873
143,18.364197530864196,31.548577563070317,8.185721953837897,17.431561996779386,8.427267847557703,5.139559849704777,8.930488459473967,0.9259259259259259,0.10064412238325282,0.20799785292538917,0.7380568974771873
144,18.65271068169619,31.4345142243693,8.152173913043478,17.330917874396135,8.427267847557703,5.139559849704777,8.903650026838433,0.9125067096081588,0.10064412238325282,0.20799785292538917,0.7380568974771873
145,18.92109500805153,31.36070853462158,8.105206655931294,17.290660225442835,8.413848631239935,5.0858829844337095,8.863392377885132,0.9125067096081588,0.10064412238325282,0.20799785292538917,0.7380568974771873
146,19.122383252818036,31.092324208266238,8.038110574342458,17.196725711218466,8.413848631239935,5.387815351583468,8.856682769726248,0.8454106280193237,0.10064412238325282,0.20799785292538917,0.7380568974771873
147,19.32367149758454,31.0252281266774,8.038110574342458,17.136339237788512,8.373590982286634,5.387815351583468,8.82313472893183,0.8454106280193237,0.10064412238325282,0.20799785292538917,0.7380568974771873
148,19.43102522812668,30.891035963499732,8.13875469672571,17.06924315619968,8.373590982286634,5.387815351583468,8.816425120772946,0.8454106280193237,0.10064412238325282,0.20799785292538917,0.7380568974771873
149,19.585346215780998,30.62265163714439,8.064949006977992,17.364465915190554,8.36688137412775,5.320719269994632,8.789586688137414,0.8454106280193237,0.10064412238325282,0.20799785292538917,0.7313472893183038
150,19.229736983360173,30.02549651100376,6.568706387546968,17.09608158883521,11.372785829307569,5.267042404723564,8.709071390230811,0.6910896403650026,0.10064412238325282,0.20799785292538917,0.7313472893183038
151,19.330381105743424,29.958400429414922,5.984970477724101,17.70665593129361,10.889694041867955,5.267042404723564,8.655394524959743,0.6910896403650026,0.10064412238325282,0.20799785292538917,1.2077294685990339
152,19.524959742351047,29.891304347826086,5.958132045088567,17.67981749865808,10.869565217391305,5.24020397208803,8.655394524959743,0.6910896403650026,0.10064412238325282,0.20799785292538917,1.1808910359634996
153,19.618894256575416,29.78395061728395,6.072195383789587,17.652979066022546,10.869565217391305,5.186527106816962,8.635265700483092,0.6910896403650026,0.10064412238325282,0.20799785292538917,1.1808910359634996
154,19.981213097155127,29.70343531937735,6.072195383789587,17.45169082125604,10.86285560923242,5.152979066022544,8.61513687600644,0.6709608158883521,0.10064412238325282,0.20799785292538917,1.1808910359634996
155,20.075147611379496,29.59608158883521,6.072195383789587,17.37788513150832,10.86285560923242,5.152979066022544,8.487654320987655,0.8856682769726248,0.10064412238325282,0.20799785292538917,1.1808910359634996
156,20.175791733762747,29.55582393988191,6.0587761674718195,17.351046698872786,10.86285560923242,5.152979066022544,8.487654320987655,0.8856682769726248,0.10064412238325282,0.20799785292538917,1.1607622114868492
157,20.30998389694042,29.381374127750938,6.045356951154052,17.028985507246375,10.836017176596886,5.045625335480408,8.997584541062801,0.8856682769726248,0.10064412238325282,0.20799785292538917,1.1607622114868492
158,20.397208803005906,29.354535695115406,6.025228126677402,17.01556629092861,10.809178743961352,5.2066559312936125,8.997584541062801,0.8856682769726248,0.10064412238325282,0.20799785292538917,0.9997316156736447
159,20.591787439613526,29.22705314009662,5.964841653247451,17.11621041331186,10.721953837895867,5.2066559312936125,8.977455716586151,0.8856682769726248,0.10064412238325282,0.20799785292538917,0.9997316156736447
160,20.9272678475577,29.066022544283413,5.938003220611916,17.06924315619968,10.681696188942565,5.186527106816962,8.93719806763285,0.8856682769726248,0.10064412238325282,0.20799785292538917,0.9997316156736447
161,21.121846484165324,29.01905528717123,5.938003220611916,17.05582393988191,10.547504025764896,5.186527106816962,8.93719806763285,0.8856682769726248,0.10064412238325282,0.20799785292538917,0.9997316156736447
162,21.39694041867955,28.92512077294686,5.850778314546431,17.04911433172303,10.527375201288244,5.139559849704777,8.917069243156199,0.8856682769726248,0.10064412238325282,0.20799785292538917,0.9997316156736447
163,21.584809447128286,28.535963499731615,5.844068706387547,17.337627482555018,10.473698336017177,5.119431025228127,8.910359634997317,0.8856682769726248,0.10064412238325282,0.20799785292538917,0.9997316156736447
164,21.651905528717123,28.327965646806227,5.837359098228664,17.559044551798173,10.433440687063875,5.0993022007514766,8.896940418679549,0.8856682769726248,0.10064412238325282,0.20799785292538917,0.9997316156736447
165,21.83977455716586,28.193773483628558,5.83064949006978,17.518786902844873,10.433440687063875,5.0993022007514766,8.890230810520666,0.8856682769726248,0.10064412238325282,0.20799785292538917,0.9997316156736447
166,22.067901234567902,28.187063875469672,5.83064949006978,17.364465915190554,10.433440687063875,5.0993022007514766,8.836553945249598,0.8722490606548577,0.10064412238325282,0.20799785292538917,0.9997316156736447
167,22.19538378958669,27.992485238862052,5.83064949006978,17.196725711218466,10.406602254428341,5.032206119162641,9.252549651100376,0.8722490606548577,0.013419216317767043,0.20799785292538917,0.9997316156736447
168,22.530864197530864,27.89855072463768,5.810520665593129,17.08937198067633,10.379763821792807,4.99194847020934,9.205582393988191,0.8722490606548577,0.013419216317767043,0.20799785292538917,0.9997316156736447
169,22.584541062801932,27.87842190016103,5.810520665593129,17.062533548040793,10.379763821792807,4.99194847020934,9.198872785829307,0.8722490606548577,0.013419216317767043,0.20799785292538917,0.9997316156736447
170,22.67176596886742,27.83816425120773,5.776972624798712,17.062533548040793,10.36634460547504,4.99194847020934,9.198872785829307,0.8722490606548577,0.013419216317767043,0.20799785292538917,0.9997316156736447
171,22.96027911969941,27.75764895330113,5.662909286097692,16.982018250134193,10.352925389157273,4.99194847020934,9.198872785829307,0.8722490606548577,0.013419216317767043,0.20799785292538917,0.9997316156736447
172,23.161567364465917,27.61003757380569,5.636070853462158,16.968599033816425,10.339506172839506,4.99194847020934,9.198872785829307,0.8722490606548577,0.013419216317767043,0.20799785292538917,0.9997316156736447
173,22.993827160493826,27.13365539452496,5.636070853462158,15.465646806226516,10.312667740203972,4.985238862050457,11.379495437466453,0.8722490606548577,0.013419216317767043,0.20799785292538917,0.9997316156736447
174,23.141438539989263,27.086688137412775,5.595813204508857,15.45222758990875,10.299248523886206,4.985238862050457,11.366076221148685,0.8722490606548577,0.013419216317767043,0.20799785292538917,0.9796027911969941
175,23.396403650026837,27.059849704777243,5.595813204508857,15.45222758990875,10.091250670960816,4.958400429414922,11.20504562533548,1.0399892646269457,0.013419216317767043,0.20799785292538917,0.9796027911969941
176,23.557434245840042,26.99946323134729,5.475040257648954,15.22410091250671,10.017444981213098,4.931561996779388,11.238593666129898,1.0399892646269457,0.013419216317767043,0.5434782608695652,0.9594739667203436
177,23.97342995169082,26.979334406870638,5.475040257648954,15.190552871712292,10.017444981213098,4.931561996779388,11.151368760064413,1.0399892646269457,0.013419216317767043,0.5434782608695652,0.6843800322061192
178,24.040526033279658,26.8719806763285,5.475040257648954,14.821524422973699,10.111379495437467,4.931561996779388,11.52710681696189,0.9796027911969941,0.013419216317767043,0.5434782608695652,0.6843800322061192
179,24.168008588298445,26.82501341921632,5.475040257648954,14.78797638217928,10.0979602791197,4.931561996779388,11.493558776167472,0.9796027911969941,0.013419216317767043,0.5434782608695652,0.6843800322061192
180,24.10762211486849,26.496242619431026,5.475040257648954,15.177133655394526,10.0979602791197,4.931561996779388,11.493558776167472,0.9796027911969941,0.013419216317767043,0.5434782608695652,0.6843800322061192
181,24.570585077831456,26.341921631776703,5.360976918947934,15.767579173376275,9.943639291465379,4.911433172302737,10.88298443370907,0.9796027911969941,0.013419216317767043,0.5434782608695652,0.6843800322061192
182,24.671229200214707,26.301663982823403,5.360976918947934,15.74074074074074,9.836285560923242,4.898013955984971,10.869565217391305,0.9796027911969941,0.013419216317767043,0.5434782608695652,0.785024154589372
183,24.805421363392377,26.288244766505635,5.360976918947934,15.693773483628556,9.762479871175524,4.898013955984971,10.869565217391305,0.9796027911969941,0.013419216317767043,0.5434782608695652,0.785024154589372
184,24.953032742887814,26.247987117552334,5.347557702630167,15.673644659151906,9.749060654857756,4.85775630703167,10.849436392914654,0.9796027911969941,0.013419216317767043,0.5434782608695652,0.785024154589372
185,25.046967257112186,26.214439076757916,5.3274288781535155,15.673644659151906,9.749060654857756,4.8443370907139025,10.82259796027912,0.9796027911969941,0.013419216317767043,0.5434782608695652,0.785024154589372
186,25.38244766505636,25.885668276972623,5.280461621041331,15.660225442834138,9.702093397745571,4.944981213097155,10.82259796027912,0.9796027911969941,0.013419216317767043,0.5434782608695652,0.785024154589372
187,25.51663982823403,25.34219001610306,5.260332796564681,15.559581320450885,9.688674181427805,5.515297906602254,10.795759527643586,0.9796027911969941,0.013419216317767043,0.5434782608695652,0.785024154589372
188,25.77831454643049,25.248255501878692,5.260332796564681,15.539452495974235,9.675254965110037,5.475040257648954,10.742082662372518,0.9796027911969941,0.013419216317767043,0.5032206119162641,0.785024154589372
189,26.247987117552334,25.187869028448738,5.253623188405797,15.485775630703166,9.514224369296834,5.367686527106817,10.674986580783683,0.9796027911969941,0.013419216317767043,0.5032206119162641,0.7716049382716049
190,26.073537305421365,24.644390767579175,5.253623188405797,15.237520128824476,9.453837895866881,5.367686527106817,11.701556629092861,0.9796027911969941,0.013419216317767043,0.5032206119162641,0.7716049382716049
191,26.234567901234566,24.52361782071927,5.226784755770263,15.230810520665592,9.453837895866881,5.360976918947934,11.701556629092861,0.9796027911969941,0.013419216317767043,0.5032206119162641,0.7716049382716049
192,26.247987117552334,24.422973698336016,5.226784755770263,15.009393451422437,9.453837895866881,5.360976918947934,12.010198604401502,0.9796027911969941,0.013419216317767043,0.5032206119162641,0.7716049382716049
193,26.38888888888889,24.349168008588297,5.22007514761138,14.949006977992486,9.453837895866881,5.360976918947934,12.010198604401502,0.9796027911969941,0.013419216317767043,0.5032206119162641,0.7716049382716049
194,24.154589371980677,20.564949006977994,4.783950617283951,13.667471819645733,9.05126140633387,13.747987117552334,11.352657004830919,1.402308105206656,0.013419216317767043,0.5032206119162641,0.7581857219538379
195,24.255233494363928,20.52469135802469,4.783950617283951,13.633923778851315,9.05126140633387,13.747987117552334,11.325818572195384,1.402308105206656,0.013419216317767043,0.5032206119162641,0.7581857219538379
196,24.376006441223833,20.477724100912507,4.280730005367687,13.513150831991412,9.05126140633387,14.445786366076222,11.198336017176597,1.402308105206656,0.013419216317767043,0.4830917874396135,0.7581857219538379
197,24.490069779924852,20.457595276435857,4.280730005367687,13.47289318303811,9.037842190016104,14.418947933440688,11.191626409017713,1.3955984970477724,0.013419216317767043,0.4830917874396135,0.7581857219538379
198,24.745034889962426,20.40391841116479,4.280730005367687,13.45276435856146,8.970746108427267,14.331723027375201,11.16478797638218,1.3955984970477724,0.013419216317767043,0.4830917874396135,0.7581857219538379
199,24.94632313472893,20.014761137949545,4.274020397208803,13.385668276972625,8.923778851315083,14.65378421900161,11.151368760064413,1.3955984970477724,0.013419216317767043,0.4830917874396135,0.7581857219538379
200,25.187869028448738,19.87385936661299,4.274020397208803,13.385668276972625,8.870101986044014,14.620236178207193,11.137949543746645,1.3955984970477724,0.013419216317767043,0.4830917874396135,0.7581857219538379
201,25.234836285560924,19.87385936661299,4.247181964573269,13.385668276972625,8.870101986044014,14.74771873322598,10.86285560923242,1.3955984970477724,0.14090177133655393,0.4830917874396135,0.7581857219538379
202,25.221417069243156,19.85373054213634,4.247181964573269,13.291733762748256,8.735909822866345,14.741009125067096,10.836017176596886,1.7176596886741815,0.14090177133655393,0.4830917874396135,0.7313472893183038
203,25.462962962962962,19.83360171765969,4.247181964573269,13.258185721953838,8.702361782071927,14.734299516908212,10.7085346215781,1.7176596886741815,0.14090177133655393,0.46296296296296297,0.7313472893183038
204,25.449543746645197,19.77992485238862,4.247181964573269,13.231347289318304,8.930488459473967,14.61352657004831,10.7085346215781,1.7176596886741815,0.14090177133655393,0.4562533548040794,0.7246376811594203
205,25.503220611916262,19.766505636070853,4.247181964573269,13.231347289318304,8.923778851315083,14.61352657004831,10.674986580783683,1.7176596886741815,0.14090177133655393,0.4562533548040794,0.7246376811594203
206,25.577026301663984,19.719538378958667,4.247181964573269,12.99651100375738,8.923778851315083,14.573268921095009,10.641438539989265,1.9994632313472893,0.14090177133655393,0.4562533548040794,0.7246376811594203
207,25.644122383252817,19.665861513687602,4.247181964573269,12.99651100375738,8.910359634997317,14.573268921095009,10.641438539989265,1.9994632313472893,0.14090177133655393,0.4562533548040794,0.7246376811594203
208,25.295222758990874,19.47128287707998,3.9720880300590444,13.09044551798175,9.98389694041868,14.318303811057435,10.560923242082662,1.865271068169619,0.32877079978529256,0.4562533548040794,0.6575415995705851
209,25.543478260869566,19.410896403650028,3.9519592055823938,13.083735909822867,9.86983360171766,14.284755770263017,10.560923242082662,1.8518518518518519,0.32877079978529256,0.4562533548040794,0.6575415995705851
210,25.684380032206118,19.350509930220074,3.9452495974235107,13.036768652710682,9.86983360171766,14.284755770263017,10.534084809447128,1.8518518518518519,0.32877079978529256,0.4562533548040794,0.6575415995705851
211,25.99302200751476,19.32367149758454,3.9452495974235107,13.036768652710682,9.769189479334408,14.190821256038648,10.446859903381643,1.8518518518518519,0.32877079978529256,0.4562533548040794,0.6575415995705851
212,26.174181427804616,19.316961889425656,3.9318303811057436,12.95625335480408,9.769189479334408,14.123725174449811,10.433440687063875,1.8518518518518519,0.32877079978529256,0.4562533548040794,0.6575415995705851
213,26.20101986044015,19.209608158883523,3.911701556629093,12.808641975308642,9.608158883521202,14.090177133655395,10.701825013419215,2.0263016639828235,0.32877079978529256,0.4562533548040794,0.6575415995705851
214,26.31508319914117,19.182769726247987,3.911701556629093,12.31213097155126,10.057702630166398,13.982823403113258,10.701825013419215,2.0933977455716586,0.32877079978529256,0.4562533548040794,0.6575415995705851
215,26.529790660225444,19.129092860976918,3.8915727321524423,12.305421363392378,10.02415458937198,13.915727321524423,10.701825013419215,2.0933977455716586,0.32877079978529256,0.4227053140096618,0.6575415995705851
216,26.29495437466452,19.585346215780998,3.8378958668813743,12.218196457326892,10.02415458937198,13.88888888888889,10.648148148148149,2.0933977455716586,0.32877079978529256,0.4227053140096618,0.6575415995705851
217,26.37546967257112,19.558507783145465,3.8714439076757916,12.218196457326892,10.02415458937198,13.88888888888889,10.587761674718196,2.0665593129361244,0.32877079978529256,0.4227053140096618,0.6575415995705851
218,26.496242619431026,19.55179817498658,3.8714439076757916,12.164519592055823,9.997316156736447,13.862050456253355,10.587761674718196,2.059849704777241,0.32877079978529256,0.4227053140096618,0.6575415995705851
219,26.435856146001072,19.122383252818036,3.851315083199141,12.13768115942029,9.96376811594203,13.734567901234568,11.285560923242082,2.059849704777241,0.32877079978529256,0.4227053140096618,0.6575415995705851
220,26.536500268384327,19.082125603864736,3.851315083199141,12.130971551261407,9.930220075147611,13.7211486849168,11.2788513150832,2.059849704777241,0.32877079978529256,0.4227053140096618,0.6575415995705851
221,26.422436929683307,18.50509930220075,3.844605475040258,12.869028448738593,9.930220075147611,13.707729468599034,11.252012882447666,2.059849704777241,0.32877079978529256,0.4227053140096618,0.6575415995705851
222,26.54320987654321,18.451422436929683,3.844605475040258,12.869028448738593,9.930220075147611,13.6808910359635,11.211755233494364,2.059849704777241,0.32877079978529256,0.4227053140096618,0.6575415995705851
223,26.36876006441224,18.451422436929683,4.636339237788513,12.842190016103059,9.406870638754697,13.627214170692431,11.198336017176597,2.059849704777241,0.32877079978529256,0.4227053140096618,0.6575415995705851
224,26.54320987654321,18.33064949006978,4.636339237788513,12.822061191626409,9.373322597960279,13.627214170692431,11.198336017176597,2.059849704777241,0.32877079978529256,0.4227053140096618,0.6575415995705851
225,26.462694578636608,18.297101449275363,4.622920021470746,12.607353730542137,8.883521202361782,14.486044015029522,11.171497584541063,2.059849704777241,0.32877079978529256,0.4227053140096618,0.6575415995705851
226,26.670692431561996,18.243424584004295,4.5893719806763285,12.600644122383253,8.863392377885132,14.439076757917338,11.124530327428879,2.059849704777241,0.32877079978529256,0.4227053140096618,0.6575415995705851
227,26.67740203972088,18.04884594739667,4.5893719806763285,12.25174449812131,8.863392377885132,15.056360708534621,11.044015029522276,2.059849704777241,0.32877079978529256,0.4227053140096618,0.6575415995705851
228,26.959205582393988,17.914653784219002,4.5893719806763285,12.198067632850242,8.836553945249598,14.694041867954912,11.030595813204508,2.059849704777241,0.32877079978529256,0.4227053140096618,0.966183574879227
229,27.200751476113794,17.840848094471284,4.562533548040794,12.157809983896941,8.836553945249598,14.606816961889425,11.017176596886742,2.059849704777241,0.32877079978529256,0.4227053140096618,0.966183574879227
230,27.274557165861513,17.840848094471284,4.562533548040794,12.157809983896941,8.82313472893183,14.546430488459475,11.017176596886742,2.059849704777241,0.32877079978529256,0.4227053140096618,0.966183574879227
231,27.449006977992486,17.793880837359097,4.555823939881911,12.130971551261407,8.82313472893183,14.626945786366075,10.903113258185721,2.059849704777241,0.32877079978529256,0.39586688137412773,0.9326355340848095
232,27.49597423510467,17.793880837359097,4.528985507246377,12.130971551261407,8.82313472893183,14.606816961889425,10.903113258185721,2.059849704777241,0.32877079978529256,0.39586688137412773,0.9326355340848095
233,27.657004830917874,17.767042404723565,4.528985507246377,12.110842726784755,8.809715512614064,14.566559312936125,10.84272678475577,2.059849704777241,0.32877079978529256,0.39586688137412773,0.9326355340848095
