,45,50,55,51,54,52,53,56,57
0,94.00831991411701,5.991680085882985,,,,,,,
1,92.29736983360172,7.702630166398282,,,,,,,
2,90.16371443907676,9.836285560923242,,,,,,,
3,77.3215244229737,22.6784755770263,,,,,,,
4,77.3215244229737,22.6784755770263,,,,,,,
5,77.34836285560924,22.65163714439077,,,,,,,
6,77.36849168008588,22.63150831991412,,,,,,,
7,77.42887815351584,22.571121846484164,,,,,,,
8,77.45571658615137,22.544283413848632,,,,,,,
9,75.49651100375738,24.50348899624262,,,,,,,
10,75.52334943639292,24.349168008588297,0.1274825550187869,,,,,,
11,67.59930220075148,20.759527643585614,,11.641170155662909,,,,,
12,62.13768115942029,28.509125067096083,,9.353193773483628,,,,,
13,62.204777241009126,28.468867418142782,,9.326355340848094,,,,,
14,62.21819645732689,28.462157809983896,,9.31964573268921,,,,,
15,58.360171765968865,32.326892109500804,,9.118357487922705,0.19457863660762212,,,,
16,42.74691358024691,47.96698872785829,,9.091519055287172,0.19457863660762212,,,,
17,42.8743961352657,47.839506172839506,,9.091519055287172,0.19457863660762212,,,,
18,42.94820182501342,47.765700483091784,,9.091519055287172,0.19457863660762212,,,,
19,43.01529790660226,47.698604401502955,,9.091519055287172,0.19457863660762212,,,,
20,43.12265163714439,47.68518518518518,,8.997584541062801,0.19457863660762212,,,,
21,34.80944712828771,57.910628019323674,,7.085346215780999,0.19457863660762212,,,,
22,34.896672034353195,57.82340311325819,,7.085346215780999,0.19457863660762212,,,,
23,34.997316156736446,57.44095544820183,0.28180354267310787,7.085346215780999,0.19457863660762212,,,,
24,35.08454106280193,57.420826623725176,0.28180354267310787,7.024959742351046,0.1878690284487386,,,,
25,35.42002147074611,57.085346215781,0.28180354267310787,7.024959742351046,0.1878690284487386,,,,
26,32.48121309715513,59.916800858829845,0.41599570585077833,6.998121309715513,0.1878690284487386,,,,
27,32.56172839506173,59.856414385399894,0.41599570585077833,6.977992485238862,0.1878690284487386,,,,
28,26.402308105206657,66.02254428341385,0.41599570585077833,6.971282877079979,0.1878690284487386,,,,
29,26.8719806763285,65.84809447128288,0.41599570585077833,6.6760601180891035,0.1878690284487386,,,,
30,26.06682769726248,66.66666666666667,0.41599570585077833,6.662640901771336,0.1878690284487386,,,,
31,26.1808910359635,66.55260332796564,0.41599570585077833,6.662640901771336,0.1878690284487386,,,,
32,26.29495437466452,66.43853998926463,0.41599570585077833,6.662640901771336,0.1878690284487386,,,,
33,21.75925925925926,64.92216854535695,,6.179549114331723,0.1878690284487386,6.951154052603328,,,
34,21.524422973698336,64.88191089640365,,4.522275899087493,0.1878690284487386,8.883521202361782,,,
35,21.598228663446054,64.84165324745035,,4.502147074610843,0.1878690284487386,8.870101986044014,,,
36,21.20907139023081,64.170692431562,,5.5756843800322065,0.1878690284487386,8.856682769726248,,,
37,21.30300590445518,64.07675791733763,,5.5756843800322065,0.1878690284487386,8.856682769726248,,,
38,21.39694041867955,64.02308105206656,,5.5756843800322065,0.1878690284487386,8.816425120772946,,,
39,21.544551798174986,63.91572732152442,,5.548845947396672,0.1878690284487386,8.80300590445518,,,
40,21.651905528717123,63.821792807300056,,5.535426731078905,0.1878690284487386,8.80300590445518,,,
41,20.974235104669887,62.513419216317764,0.10064412238325282,7.4208266237251745,0.1878690284487386,8.80300590445518,,,
42,21.088298443370906,62.432903918411164,0.10064412238325282,7.387278582930757,0.1878690284487386,8.80300590445518,,,
43,21.14868491680086,62.3792270531401,0.10064412238325282,7.380568974771873,0.1878690284487386,8.80300590445518,,,
44,21.22920021470746,62.31884057971015,0.10064412238325282,7.360440150295223,0.1878690284487386,8.80300590445518,,,
45,20.249597423510465,59.936929683306495,0.10064412238325282,6.843800322061192,0.1878690284487386,12.681159420289855,,,
46,20.242887815351583,58.863392377885134,1.2748255501878691,6.749865807836822,0.1878690284487386,12.681159420289855,,,
47,20.263016639828233,56.62909286097692,1.2748255501878691,5.978260869565218,,12.674449812130971,3.180354267310789,,
48,20.37037037037037,52.945517981749866,1.415727321524423,12.93612453032743,1.8048845947396672,8.957326892109501,1.570048309178744,,
49,20.437466451959207,52.89855072463768,1.415727321524423,12.915995705850777,1.8048845947396672,8.957326892109501,1.570048309178744,,
50,20.44417606011809,52.89855072463768,1.415727321524423,12.909286097691895,1.8048845947396672,8.957326892109501,1.570048309178744,,
51,20.088566827697264,53.30112721417069,1.415727321524423,12.909286097691895,1.778046162104133,8.93719806763285,1.570048309178744,,
52,20.202630166398283,53.207192699946326,1.415727321524423,12.889157273215245,1.778046162104133,8.93719806763285,1.570048309178744,,
53,19.94766505636071,52.844873859366615,1.415727321524423,13.506441223832528,1.778046162104133,8.93719806763285,1.570048309178744,,
54,18.344068706387546,45.26301663982824,1.2748255501878691,25.127482555018787,1.778046162104133,7.078636607622115,1.133923778851315,,
55,18.491680085882983,45.189210950080515,1.2748255501878691,25.05367686527107,1.778046162104133,7.078636607622115,1.133923778851315,,
56,18.572195383789587,45.12211486849168,3.784219001610306,22.530864197530864,1.778046162104133,7.078636607622115,1.133923778851315,,
57,18.625872249060656,40.445517981749866,3.784219001610306,22.383252818035427,7.320182501341922,6.3070316693505095,1.133923778851315,,
58,18.67283950617284,40.445517981749866,3.784219001610306,22.33628556092324,7.320182501341922,6.3070316693505095,1.133923778851315,,
59,18.927804616210413,40.27777777777778,3.7037037037037037,22.32957595276436,7.320182501341922,6.3070316693505095,1.133923778851315,,
60,18.015297906602253,30.683038110574344,3.7037037037037037,32.689210950080515,7.320182501341922,6.3070316693505095,1.133923778851315,0.14761137949543746,
61,18.149490069779926,30.636070853462158,3.7037037037037037,32.60198604401503,7.320182501341922,6.3070316693505095,1.133923778851315,0.14761137949543746,
62,18.323939881910896,30.595813204508858,3.7037037037037037,32.427536231884055,7.313472893183038,6.293612453032743,1.093666129898014,0.24825550187869028,
63,18.5252281266774,30.515297906602253,3.7037037037037037,32.306763285024154,7.313472893183038,6.293612453032743,1.093666129898014,0.24825550187869028,
64,18.61916264090177,30.454911433172303,3.7037037037037037,32.27321524422974,7.313472893183038,6.293612453032743,1.093666129898014,0.24825550187869028,
65,18.733225979602793,30.387815351583466,3.7037037037037037,32.22624798711755,7.313472893183038,6.293612453032743,1.093666129898014,0.24825550187869028,
66,18.780193236714975,30.360976918947934,3.7037037037037037,32.2061191626409,7.313472893183038,6.293612453032743,1.093666129898014,0.24825550187869028,
67,18.833870101986044,30.360976918947934,3.7037037037037037,32.1658615136876,7.300053676865271,6.293612453032743,1.093666129898014,0.24825550187869028,
68,18.988191089640367,30.287171229200215,3.7037037037037037,32.085346215781,7.300053676865271,6.293612453032743,1.093666129898014,0.24825550187869028,
69,19.0552871712292,30.273752012882447,3.7037037037037037,32.058507783145465,7.27992485238862,6.286902844873859,1.093666129898014,0.24825550187869028,
70,19.223027375201287,30.233494363929147,3.7037037037037037,31.93102522812668,7.27992485238862,6.286902844873859,1.093666129898014,0.24825550187869028,
71,19.310252281266774,30.213365539452496,3.7037037037037037,31.884057971014492,7.27992485238862,6.266774020397209,1.093666129898014,0.24825550187869028,
72,19.370638754696724,30.19994632313473,3.7037037037037037,31.850509930220074,7.266505636070853,6.266774020397209,1.093666129898014,0.24825550187869028,
73,19.410896403650028,30.173107890499196,3.7037037037037037,31.83709071390231,7.266505636070853,6.266774020397209,1.093666129898014,0.24825550187869028,
74,19.464573268921097,30.132850241545892,3.7037037037037037,31.82367149758454,7.266505636070853,6.266774020397209,1.093666129898014,0.24825550187869028,
75,19.538378958668815,30.059044551798173,3.7037037037037037,31.82367149758454,7.266505636070853,6.266774020397209,1.093666129898014,0.24825550187869028,
76,19.216317767042405,29.884594739667204,4.441760601180891,31.608964036500268,7.266505636070853,6.239935587761675,1.093666129898014,0.24825550187869028,
77,19.37734836285561,29.683306494900698,4.441760601180891,31.4345142243693,7.266505636070853,6.239935587761675,1.06682769726248,0.48980139559849706,
78,19.49812130971551,29.683306494900698,4.441760601180891,31.34728931830381,7.246376811594203,4.871175523349437,2.4221685453569513,0.48980139559849706,
79,19.867149758454108,29.55582393988191,4.42163177670424,31.146001073537306,7.226247987117552,4.871175523349437,2.4221685453569513,0.48980139559849706,
80,19.981213097155127,29.502147074610843,4.790660225442834,30.750134192163177,7.192699946323135,4.871175523349437,2.4221685453569513,0.48980139559849706,
81,20.101986044015028,29.428341384863124,4.790660225442834,30.703166935050994,7.192699946323135,4.871175523349437,2.4221685453569513,0.48980139559849706,
82,19.706119162640903,22.96027911969941,3.6500268384326353,40.31132581857219,5.589103596349974,4.871175523349437,2.4221685453569513,0.48980139559849706,
83,19.82018250134192,22.946859903381643,3.6231884057971016,40.23752012882448,5.589103596349974,4.871175523349437,2.4221685453569513,0.48980139559849706,
84,18.16290928609769,22.624798711755233,3.616478797638218,42.11621041331186,5.589103596349974,4.871175523349437,2.408749329039184,0.6105743424584005,
85,18.21658615136876,22.591250670960815,3.616478797638218,42.109500805152976,5.5756843800322065,4.871175523349437,2.408749329039184,0.6105743424584005,
86,18.377616747181964,22.571121846484164,4.918142780461621,40.693773483628554,5.548845947396672,4.871175523349437,2.408749329039184,0.6105743424584005,
87,18.491680085882983,22.517444981213096,4.918142780461621,40.633387010198604,5.548845947396672,4.871175523349437,2.408749329039184,0.6105743424584005,
88,18.5654857756307,22.50402576489533,4.918142780461621,40.57971014492754,5.542136339237788,4.871175523349437,2.408749329039184,0.6105743424584005,
89,18.686258722490606,21.866612989801396,4.904723564143854,39.66720343531938,5.542136339237788,4.871175523349437,3.851315083199141,0.6105743424584005,
90,18.86070853462158,21.866612989801396,4.904723564143854,39.492753623188406,5.542136339237788,4.871175523349437,3.851315083199141,0.6105743424584005,
91,18.968062265163713,21.83977455716586,4.891304347826087,39.331723027375205,5.522007514761138,4.871175523349437,3.844605475040258,0.7313472893183038,
92,19.464573268921097,21.732420826623724,4.891304347826087,39.10359634997316,5.522007514761138,4.723564143853999,3.844605475040258,0.7179280730005367,
93,19.51154052603328,21.692163177670423,4.99194847020934,38.99624261943102,5.522007514761138,4.723564143853999,3.844605475040258,0.7179280730005367,
94,19.64573268921095,21.692163177670423,4.9651100375738055,38.91572732152442,5.495169082125604,4.723564143853999,3.844605475040258,0.7179280730005367,
95,19.726247987117553,21.611647879763822,4.9651100375738055,38.91572732152442,5.495169082125604,4.723564143853999,3.844605475040258,0.7179280730005367,
96,20.021470746108427,21.598228663446054,4.924852388620504,38.77482555018787,5.428073000536768,4.690016103059581,3.844605475040258,0.7179280730005367,
97,20.014761137949545,21.571390230810522,4.924852388620504,37.0504562533548,5.340848094471283,6.541867954911433,3.844605475040258,0.7112184648416533,
98,20.30998389694042,21.511003757380568,4.924852388620504,36.85587761674718,5.3274288781535155,6.521739130434782,3.8378958668813743,0.7112184648416533,
99,20.52469135802469,21.423778851315085,4.924852388620504,36.600912506709605,5.293880837359098,6.521739130434782,3.7640901771336552,0.9460547504025765,
100,20.558239398819108,21.423778851315085,4.924852388620504,36.56736446591519,5.293880837359098,7.051798174986581,3.2340311325818574,0.9460547504025765,
101,20.611916264090176,21.39694041867955,4.924852388620504,36.540526033279654,5.293880837359098,7.051798174986581,3.2340311325818574,0.9460547504025765,
102,20.69243156199678,21.34326355340848,4.924852388620504,36.47342995169082,5.293880837359098,7.051798174986581,3.207192699946323,1.0131508319914118,
103,20.799785292538918,21.28287707997853,4.924852388620504,36.42646269457864,5.293880837359098,7.051798174986581,3.207192699946323,1.0131508319914118,
104,20.90713902308105,21.28287707997853,4.924852388620504,36.3191089640365,5.293880837359098,7.051798174986581,3.207192699946323,1.0131508319914118,
105,20.933977455716587,20.987654320987655,4.924852388620504,35.27241009125067,5.293880837359098,7.051798174986581,4.522275899087493,1.0131508319914118,
106,20.987654320987655,20.94068706387547,4.924852388620504,35.30595813204509,5.293880837359098,7.018250134192163,4.51556629092861,1.0131508319914118,
107,21.061460010735374,21.00107353730542,4.918142780461621,35.25228126677402,5.260332796564681,7.018250134192163,4.4753086419753085,1.0131508319914118,
108,21.135265700483092,21.00107353730542,4.918142780461621,35.19189479334407,5.260332796564681,7.018250134192163,4.461889425657541,1.0131508319914118,
109,21.35668276972625,20.90713902308105,4.918142780461621,35.11808910359635,5.253623188405797,6.998121309715513,4.461889425657541,0.9863123993558777,
110,21.537842190016104,20.88030059044552,4.904723564143854,35.04428341384863,5.186527106816962,6.998121309715513,4.461889425657541,0.9863123993558777,
111,21.564680622651636,20.853462157809982,4.904723564143854,35.04428341384863,5.186527106816962,6.998121309715513,4.461889425657541,0.9863123993558777,
112,21.410359634997317,20.853462157809982,4.904723564143854,31.45464304884595,5.186527106816962,10.86285560923242,4.461889425657541,0.8655394524959742,
113,21.477455716586153,20.82662372517445,4.884594739667204,31.4345142243693,5.186527106816962,10.86285560923242,4.461889425657541,0.8655394524959742,
114,21.38352120236178,20.283145464304884,4.783950617283951,31.40096618357488,5.186527106816962,11.634460547504025,4.461889425657541,0.8655394524959742,
115,21.604938271604937,20.25630703166935,4.783950617283951,31.253354804079443,5.166398282340311,11.60762211486849,4.461889425657541,0.8655394524959742,
116,21.76596886741814,20.229468599033815,4.783950617283951,31.146001073537306,5.166398282340311,11.580783682232958,4.461889425657541,0.8655394524959742,
117,22.188674181427803,20.175791733762747,4.783950617283951,30.810520665593128,5.166398282340311,11.580783682232958,4.428341384863124,0.8655394524959742,
118,22.32957595276436,20.128824476650564,4.783950617283951,30.776972624798713,5.139559849704777,11.580783682232958,4.394793344068707,0.8655394524959742,
119,22.376543209876544,20.12211486849168,4.7638217928073,30.756843800322063,5.139559849704777,11.580783682232958,4.394793344068707,0.8655394524959742,
120,22.591250670960815,20.02818035426731,4.7638217928073,30.689747718733226,5.139559849704777,11.553945249597424,4.367954911433173,0.8655394524959742,
121,22.7187332259796,19.98792270531401,4.730273752012883,30.689747718733226,5.139559849704777,11.500268384326356,4.367954911433173,0.8655394524959742,
122,22.517444981213096,19.504830917874397,5.186527106816962,30.407944176060116,5.139559849704777,12.010198604401502,4.367954911433173,0.8655394524959742,
123,22.5979602791197,19.43773483628556,5.186527106816962,30.394524959742352,5.139559849704777,12.010198604401502,4.367954911433173,0.8655394524959742,
124,22.638217928073,19.424315619967793,5.756843800322061,30.367686527106816,4.609500805152979,11.969940955448202,4.2270531400966185,1.0064412238325282,
125,22.638217928073,19.424315619967793,5.756843800322061,30.367686527106816,4.609500805152979,11.969940955448202,4.2270531400966185,1.0064412238325282,
126,22.852925389157274,19.390767579173378,5.730005367686527,30.213365539452496,4.609500805152979,11.969940955448202,4.2270531400966185,1.0064412238325282,
127,22.859634997316157,19.384057971014492,5.730005367686527,30.213365539452496,4.609500805152979,11.969940955448202,4.2270531400966185,1.0064412238325282,
128,22.953569511540525,19.384057971014492,5.730005367686527,30.14626945786366,4.582662372517445,11.969940955448202,4.2270531400966185,1.0064412238325282,
129,23.087761674718198,19.33709071390231,5.730005367686527,30.07246376811594,4.582662372517445,11.956521739130435,4.2270531400966185,1.0064412238325282,
130,23.067632850241544,19.33709071390231,6.132581857219538,29.69001610305958,4.582662372517445,11.956521739130435,4.2270531400966185,1.0064412238325282,
131,23.289049919484704,19.33709071390231,6.132581857219538,29.542404723564143,4.582662372517445,11.929683306494901,4.180085882984434,1.0064412238325282,
132,23.450080515297905,19.310252281266774,6.105743424584004,29.53569511540526,4.582662372517445,11.829039184111648,4.180085882984434,1.0064412238325282,
133,23.557434245840042,19.135802469135804,6.253354804079442,29.468599033816425,4.569243156199678,11.829039184111648,4.180085882984434,1.0064412238325282,
134,23.67149758454106,19.048577563070317,6.253354804079442,29.461889425657542,4.569243156199678,11.829039184111648,4.159957058507783,1.0064412238325282,
135,23.765432098765434,19.03515834675255,6.239935587761675,29.428341384863124,4.569243156199678,11.808910359634996,4.146537842190016,1.0064412238325282,
136,24.00697799248524,19.02173913043478,6.239935587761675,29.334406870638755,4.569243156199678,11.761943102522812,4.119699409554482,0.9460547504025765,
137,24.094202898550726,18.9345142243693,6.3070316693505095,29.30756843800322,4.542404723564144,11.761943102522812,4.106280193236715,0.9460547504025765,
138,24.114331723027377,18.451422436929683,6.166129898013956,29.280730005367687,4.64975845410628,12.298711755233494,4.092860976918948,0.9460547504025765,
139,24.174718196457327,18.391035963499732,6.166129898013956,29.280730005367687,4.64975845410628,12.298711755233494,4.092860976918948,0.9460547504025765,
140,24.214975845410628,18.391035963499732,6.166129898013956,29.280730005367687,4.616210413311863,12.29200214707461,4.2270531400966185,0.8118625872249061,
141,24.282071926999464,18.391035963499732,6.166129898013956,29.274020397208805,4.5893719806763285,12.265163714439076,4.2203435319377345,0.8118625872249061,
142,24.56387546967257,18.377616747181964,6.152710681696189,29.240472356414386,4.5893719806763285,12.057165861513688,4.206924315619967,0.8118625872249061,
143,24.65780998389694,18.323939881910896,6.152710681696189,29.200214707461082,4.5893719806763285,12.057165861513688,4.206924315619967,0.8118625872249061,
144,24.731615673644658,18.317230273752013,6.092324208266238,29.200214707461082,4.582662372517445,12.057165861513688,4.206924315619967,0.8118625872249061,
145,24.664519592055825,18.209876543209877,6.018518518518518,28.44873859366613,5.703166935050993,12.057165861513688,4.086151368760064,0.8118625872249061,
146,23.919753086419753,19.142512077294686,6.018518518518518,28.32125603864734,5.676328502415459,12.057165861513688,4.052603327965647,0.8118625872249061,
147,21.22920021470746,16.99543746645196,5.508588298443371,41.324476650563604,4.032474503488996,7.427536231884058,3.026033279656468,0.4562533548040794,
148,21.30300590445518,16.99543746645196,5.508588298443371,41.2842190016103,4.032474503488996,7.427536231884058,3.026033279656468,0.4227053140096618,
149,21.36339237788513,16.948470209339774,5.508588298443371,41.277509393451425,4.032474503488996,7.427536231884058,3.0193236714975846,0.4227053140096618,
150,21.504294149221685,16.834406870638755,5.622651637144391,41.14331723027375,4.025764895330113,7.427536231884058,3.0193236714975846,0.4227053140096618,
151,21.531132581857218,16.834406870638755,5.622651637144391,41.116478797638216,4.025764895330113,7.427536231884058,3.0193236714975846,0.4227053140096618,
152,21.604938271604937,16.794149221685455,5.622651637144391,41.10976918947934,4.025764895330113,7.4006977992485234,3.0193236714975846,0.4227053140096618,
153,21.16881374127751,15.982286634460548,5.589103596349974,43.55877616747182,3.33467525496511,7.065217391304348,2.8784219001610305,0.4227053140096618,
154,21.202361782071925,15.975577026301664,5.589103596349974,43.545356951154055,3.321256038647343,7.065217391304348,2.8784219001610305,0.4227053140096618,
155,21.26945786366076,15.935319377348362,5.589103596349974,43.545356951154055,3.294417606011809,7.065217391304348,2.8784219001610305,0.4227053140096618,
156,21.450617283950617,15.915190552871712,5.58239398819109,43.39103596349973,3.294417606011809,7.065217391304348,2.8784219001610305,0.4227053140096618,
157,21.537842190016104,15.901771336553946,5.58239398819109,43.344068706387546,3.2877079978529253,7.0450885668276975,2.8784219001610305,0.4227053140096618,
158,21.651905528717123,15.827965646806227,5.58239398819109,43.303811057434245,3.2877079978529253,7.0450885668276975,2.8784219001610305,0.4227053140096618,
159,21.68545356951154,15.666935050993022,5.58239398819109,43.29039184111648,3.2877079978529253,7.03166935050993,3.0327428878153517,0.4227053140096618,
160,21.826355340848096,15.653515834675256,5.58239398819109,43.21658615136876,3.2877079978529253,7.004830917874396,3.0059044551798175,0.4227053140096618,
161,22.014224369296834,15.546162104133119,5.58239398819109,43.162909286097694,3.260869565217391,7.004830917874396,3.0059044551798175,0.4227053140096618,
162,21.83977455716586,14.660493827160494,5.58239398819109,43.10252281266774,3.260869565217391,8.125335480407944,3.0059044551798175,0.4227053140096618,
163,21.980676328502415,14.660493827160494,5.58239398819109,43.02871712292002,3.240740740740741,8.07836822329576,3.0059044551798175,0.4227053140096618,
164,22.014224369296834,14.626945786366075,5.71658615136876,42.90794417606012,3.240740740740741,8.07836822329576,2.9924852388620504,0.4227053140096618,
165,21.67874396135266,14.626945786366075,5.481749865807837,40.07648953301127,6.830381105743425,8.051529790660226,2.85829307568438,0.39586688137412773,
166,21.692163177670423,14.626945786366075,5.481749865807837,40.07648953301127,6.830381105743425,8.051529790660226,2.844873859366613,0.39586688137412773,
167,21.79951690821256,14.61352657004831,5.4549114331723025,40.042941492216855,6.830381105743425,8.038110574342458,2.8247450348899625,0.39586688137412773,
168,21.89345142243693,14.61352657004831,5.4549114331723025,39.99597423510467,6.830381105743425,8.017981749865807,2.7979066022544283,0.39586688137412773,
169,21.93370907139023,14.600107353730541,5.4549114331723025,39.982555018786904,6.830381105743425,8.017981749865807,2.7844873859366612,0.39586688137412773,
170,21.980676328502415,14.600107353730541,5.4549114331723025,39.93558776167472,6.830381105743425,8.017981749865807,2.7844873859366612,0.39586688137412773,
171,22.067901234567902,14.573268921095009,5.414653784219001,39.93558776167472,6.830381105743425,7.997852925389157,2.7844873859366612,0.39586688137412773,
172,22.114868491680085,14.566559312936125,5.414653784219001,39.89533011272142,6.830381105743425,7.997852925389157,2.7844873859366612,0.39586688137412773,
173,22.228931830381107,14.553140096618357,5.387815351583468,39.86849168008588,6.796833064949007,7.997852925389157,2.771068169618894,0.39586688137412773,
174,22.25577026301664,14.553140096618357,5.387815351583468,39.84836285560923,6.790123456790123,7.997852925389157,2.771068169618894,0.39586688137412773,
175,22.24235104669887,14.63365539452496,5.360976918947934,39.83494363929147,6.763285024154589,7.997852925389157,2.771068169618894,0.39586688137412773,
176,22.302737520128826,14.620236178207193,5.3274288781535155,39.83494363929147,6.749865807836822,7.997852925389157,2.771068169618894,0.39586688137412773,
177,22.363123993558776,14.620236178207193,5.300590445517981,39.801395598497045,6.749865807836822,7.997852925389157,2.771068169618894,0.39586688137412773,
178,22.510735373054214,14.620236178207193,5.300590445517981,39.66720343531938,6.749865807836822,7.997852925389157,2.757648953301127,0.39586688137412773,
179,22.624798711755233,14.620236178207193,5.287171229200215,39.61352657004831,6.749865807836822,7.950885668276973,2.757648953301127,0.39586688137412773,
180,20.034889962426195,9.73564143853999,5.253623188405797,47.60466988727858,6.749865807836822,7.467793880837359,2.757648953301127,0.39586688137412773,
181,20.202630166398283,9.722222222222221,5.253623188405797,47.45034889962426,6.749865807836822,7.467793880837359,2.757648953301127,0.39586688137412773,
182,20.276435856146,9.722222222222221,5.253623188405797,47.396672034353195,6.749865807836822,7.447665056360709,2.757648953301127,0.39586688137412773,
183,20.38378958668814,9.708803005904455,5.253623188405797,47.30944712828771,6.749865807836822,7.440955448201825,2.757648953301127,0.39586688137412773,
184,20.591787439613526,9.601449275362318,5.381105743424584,47.195383789586685,6.749865807836822,7.4141170155662905,2.6704240472356413,0.39586688137412773,
185,20.78636607622115,9.588030059044552,5.347557702630167,47.0679012345679,6.749865807836822,7.39398819108964,2.6704240472356413,0.39586688137412773,
186,20.82662372517445,9.588030059044552,5.340848094471283,46.89345142243693,6.749865807836822,7.367149758454106,2.6704240472356413,0.5636070853462157,
187,20.90713902308105,9.581320450885668,5.340848094471283,46.81964573268921,6.749865807836822,7.367149758454106,2.6704240472356413,0.5636070853462157,
188,21.007783145464305,9.554482018250134,5.340848094471283,46.745840042941495,6.749865807836822,7.367149758454106,2.6704240472356413,0.5636070853462157,
189,20.2361782071927,10.755501878690284,5.340848094471283,45.60520665593129,6.736446591519055,7.340311325818572,2.6704240472356413,1.3150831991411702,
190,20.316693505099302,10.755501878690284,5.340848094471283,45.52469135802469,6.736446591519055,7.340311325818572,2.6704240472356413,1.3150831991411702,
191,20.41062801932367,10.748792270531402,5.340848094471283,45.49785292538916,6.6760601180891035,7.340311325818572,2.6704240472356413,1.3150831991411702,
192,20.437466451959207,10.72866344605475,5.340848094471283,43.954643048845945,6.6760601180891035,7.313472893183038,2.6502952227589907,2.898550724637681,
193,20.705850778314545,10.72866344605475,5.3341384863123995,43.76677402039721,6.622383252818035,7.313472893183038,2.6301663982823404,2.898550724637681,
194,20.77294685990338,10.695115405260333,5.3341384863123995,43.73322597960279,6.622383252818035,7.313472893183038,2.6301663982823404,2.898550724637681,
195,20.860171765968868,10.695115405260333,5.320719269994632,43.65942028985507,6.622383252818035,7.313472893183038,2.6301663982823404,2.898550724637681,
196,21.061460010735374,10.63472893183038,5.320719269994632,43.572195383789584,6.622383252818035,7.25979602791197,2.6301663982823404,2.898550724637681,
197,20.967525496511005,10.72866344605475,5.320719269994632,43.572195383789584,6.622383252818035,7.25979602791197,2.6301663982823404,2.898550724637681,
198,21.115136876006442,10.72866344605475,5.22007514761138,43.4447128287708,6.702898550724638,7.25979602791197,2.6301663982823404,2.898550724637681,
199,21.141975308641975,10.715244229736983,5.35426731078905,43.29710144927536,6.702898550724638,7.25979602791197,2.6301663982823404,2.898550724637681,
200,21.30300590445518,10.68840579710145,5.35426731078905,43.18974771873322,6.689479334406871,7.253086419753086,2.623456790123457,2.898550724637681,
201,21.30300590445518,10.68840579710145,5.35426731078905,43.18974771873322,6.689479334406871,7.253086419753086,2.623456790123457,2.898550724637681,
202,21.40365002683843,10.674986580783683,5.35426731078905,43.13607085346216,6.662640901771336,7.246376811594203,2.623456790123457,2.898550724637681,
203,21.38352120236178,10.63472893183038,5.35426731078905,43.10252281266774,6.662640901771336,7.347020933977456,2.6167471819645733,2.898550724637681,
204,21.39694041867955,10.63472893183038,5.35426731078905,43.08910359634997,6.662640901771336,7.347020933977456,2.6167471819645733,2.898550724637681,
205,21.443907675791735,10.63472893183038,5.35426731078905,43.062265163714436,6.655931293612453,7.333601717659689,2.6167471819645733,2.898550724637681,
206,21.390230810520666,10.124798711755233,5.35426731078905,42.981749865807835,6.635802469135802,7.997852925389157,2.6167471819645733,2.898550724637681,
207,21.564680622651636,10.010735373054214,5.347557702630167,42.941492216854535,6.635802469135802,7.98443370907139,2.6167471819645733,2.898550724637681,
208,21.732420826623724,10.010735373054214,5.347557702630167,42.86768652710682,6.608964036500268,7.944176060118089,2.6033279656468062,2.885131508319914,
209,21.79951690821256,10.010735373054214,5.347557702630167,42.82742887815352,6.608964036500268,7.944176060118089,2.6033279656468062,2.85829307568438,
210,21.920289855072465,10.010735373054214,5.320719269994632,42.74691358024691,6.608964036500268,7.944176060118089,2.589908749329039,2.85829307568438,
211,22.0276435856146,9.997316156736447,5.320719269994632,42.67981749865808,6.608964036500268,7.917337627482555,2.589908749329039,2.85829307568438,
212,22.18196457326892,9.98389694041868,5.320719269994632,42.56575415995706,6.608964036500268,7.890499194847021,2.589908749329039,2.85829307568438,
213,22.383252818035427,9.98389694041868,5.320719269994632,42.411433172302736,6.608964036500268,7.856951154052603,2.589908749329039,2.844873859366613,
214,22.436929683306495,9.96376811594203,5.320719269994632,42.3845947396672,6.608964036500268,7.85024154589372,2.589908749329039,2.844873859366613,
215,22.477187332259795,9.96376811594203,5.152979066022544,42.330917874396135,6.790123456790123,7.85024154589372,2.589908749329039,2.844873859366613,
216,22.5577026301664,9.96376811594203,5.152979066022544,42.27724100912507,6.790123456790123,7.823403113258186,2.589908749329039,2.844873859366613,
217,22.665056360708533,9.96376811594203,5.139559849704777,42.20343531937735,6.769994632313473,7.823403113258186,2.589908749329039,2.844873859366613,
218,22.745571658615138,9.96376811594203,5.139559849704777,42.1430488459474,6.749865807836822,7.823403113258186,2.589908749329039,2.844873859366613,
219,22.725442834138487,9.930220075147611,5.139559849704777,42.11621041331186,6.6827697262479875,7.058507783145465,3.5225442834138487,2.8247450348899625,
220,22.819377348362856,9.930220075147611,5.112721417069243,42.04240472356415,6.830381105743425,6.91760601180891,3.5225442834138487,2.8247450348899625,
221,22.893183038110575,9.923510466988727,5.112721417069243,41.97530864197531,6.830381105743425,6.91760601180891,3.5225442834138487,2.8247450348899625,
222,22.906602254428343,9.923510466988727,5.112721417069243,41.96188942565754,6.830381105743425,6.91760601180891,3.5225442834138487,2.8247450348899625,
223,23.027375201288244,9.896672034353195,5.112721417069243,41.90150295222759,6.830381105743425,6.91760601180891,3.5225442834138487,2.791196994095545,
224,23.047504025764894,9.896672034353195,5.112721417069243,41.88137412775094,6.830381105743425,6.91760601180891,3.5225442834138487,2.791196994095545,
225,22.926731078904993,9.480676328502415,5.112721417069243,42.632850241545896,6.830381105743425,6.729736983360172,3.5225442834138487,2.7643585614600106,
226,22.940150295222757,9.480676328502415,5.112721417069243,42.619431025228124,6.830381105743425,6.729736983360172,3.5225442834138487,2.7643585614600106,
227,22.98040794417606,9.453837895866881,5.213365539452496,42.51878690284487,6.830381105743425,6.716317767042405,3.5225442834138487,2.7643585614600106,
228,23.14814814814815,9.386741814278047,5.213365539452496,42.41814278046162,6.830381105743425,6.716317767042405,3.5225442834138487,2.7643585614600106,
229,23.32259796027912,9.380032206119163,5.213365539452496,42.250402576489535,6.830381105743425,6.716317767042405,3.5225442834138487,2.7643585614600106,
230,23.409822866344605,9.380032206119163,5.213365539452496,42.230273752012884,6.830381105743425,6.655931293612453,3.5225442834138487,2.757648953301127,
231,20.96081588835212,9.03113258185722,5.213365539452496,46.03462157809984,6.816961889425658,5.723295759527644,3.4621578099838968,2.757648953301127,
232,20.994363929146537,9.03113258185722,5.2066559312936125,46.02120236178207,6.816961889425658,5.709876543209877,3.4621578099838968,2.757648953301127,
233,20.994363929146537,9.03113258185722,5.2066559312936125,46.02120236178207,6.816961889425658,5.709876543209877,3.4621578099838968,2.757648953301127,
234,20.994363929146537,8.910359634997317,5.2066559312936125,46.15539452495974,6.816961889425658,5.709876543209877,3.44873859366613,2.757648953301127,
235,21.182232957595275,8.870101986044014,5.112721417069243,45.873590982286636,6.863929146537842,5.709876543209877,3.44873859366613,2.9388083735909825,
236,21.256038647342994,8.870101986044014,5.112721417069243,45.799785292538914,6.863929146537842,5.709876543209877,3.44873859366613,2.9388083735909825,
237,21.430488459473967,8.870101986044014,5.112721417069243,45.65217391304348,6.850509930220075,5.6964573268921095,3.44873859366613,2.9388083735909825,
238,21.470746108427267,8.84326355340848,5.112721417069243,45.63875469672571,6.850509930220075,5.6964573268921095,3.44873859366613,2.9388083735909825,
239,21.55126140633387,8.84326355340848,5.770263016639828,44.900697799248526,6.850509930220075,5.6964573268921095,3.44873859366613,2.9388083735909825,
240,21.604938271604937,8.84326355340848,5.770263016639828,44.847020933977454,6.850509930220075,5.6964573268921095,3.44873859366613,2.9388083735909825,
241,21.497584541062803,8.76274825550188,5.770263016639828,44.55179817498658,7.347020933977456,5.683038110574342,3.44873859366613,2.9388083735909825,
242,21.62506709608159,8.76274825550188,5.703166935050993,44.524959742351044,7.313472893183038,5.683038110574342,3.44873859366613,2.9388083735909825,
243,21.712292002147073,8.742619431025227,5.683038110574342,43.887546967257116,7.286634460547504,5.984970477724101,3.44873859366613,3.2541599570585076,
244,21.806226516371442,8.735909822866345,5.683038110574342,43.80703166935051,7.286634460547504,5.978260869565218,3.44873859366613,3.2541599570585076,
245,21.812936124530328,8.735909822866345,5.683038110574342,43.72651637144391,7.27992485238862,5.978260869565218,3.44873859366613,3.33467525496511,
246,21.792807300053678,8.635265700483092,5.649490069779925,43.592324208266234,7.266505636070853,6.340579710144928,3.388352120236178,3.33467525496511,
247,21.806226516371442,8.635265700483092,5.642780461621041,43.592324208266234,7.25979602791197,6.340579710144928,3.388352120236178,3.33467525496511,
248,22.074610842726784,8.635265700483092,5.522007514761138,43.55877616747182,7.199409554482019,6.340579710144928,3.33467525496511,3.33467525496511,
249,22.128287707997853,8.635265700483092,5.522007514761138,43.53193773483628,7.199409554482019,6.3137412775093935,3.33467525496511,3.33467525496511,
250,22.18196457326892,8.57487922705314,5.522007514761138,43.45813204508857,7.199409554482019,6.3137412775093935,3.4151905528717124,3.33467525496511,
251,22.22222222222222,8.440687063875469,5.508588298443371,43.39103596349973,7.185990338164252,6.3070316693505095,3.6366076221148687,3.307836822329576,
252,22.24235104669887,8.440687063875469,5.508588298443371,43.37090713902308,7.185990338164252,6.3070316693505095,3.6366076221148687,3.307836822329576,
253,22.36983360171766,8.440687063875469,5.501878690284487,43.25013419216318,7.185990338164252,6.3070316693505095,3.6366076221148687,3.307836822329576,
254,22.477187332259795,8.427267847557703,5.501878690284487,43.19645732689211,7.179280730005368,6.273483628556092,3.6366076221148687,3.307836822329576,
255,22.725442834138487,8.393719806763285,5.501878690284487,43.062265163714436,7.1725711218464845,6.260064412238325,3.6366076221148687,3.2474503488996245,
256,22.886473429951693,8.387010198604402,5.428073000536768,43.03542673107891,7.1725711218464845,6.260064412238325,3.5829307568438002,3.2474503488996245,
257,22.933440687063875,8.387010198604402,5.428073000536768,43.00858829844337,7.1725711218464845,6.260064412238325,3.5628019323671496,3.2474503488996245,
258,23.10789049919485,8.28636607622115,5.428073000536768,42.94820182501342,7.1725711218464845,6.246645195920558,3.5628019323671496,3.2474503488996245,
259,23.21524422973698,8.192431561996779,5.615942028985507,42.860976918947934,7.1725711218464845,6.179549114331723,3.5292538915727323,3.2340311325818574,
260,23.21524422973698,8.192431561996779,5.615942028985507,42.860976918947934,7.1725711218464845,6.179549114331723,3.5292538915727323,3.2340311325818574,
261,23.255501878690286,8.192431561996779,5.615942028985507,42.82071926999463,7.1725711218464845,6.179549114331723,3.5292538915727323,3.2340311325818574,
262,23.356146001073537,8.192431561996779,5.615942028985507,42.77375201288245,7.14573268921095,6.179549114331723,3.5292538915727323,3.207192699946323,
263,23.597691894793343,8.111916264090176,5.609232420826624,42.652979066022546,7.118894256575416,6.172839506172839,3.5292538915727323,3.207192699946323,
264,23.63123993558776,8.111916264090176,5.609232420826624,42.62614063338701,7.112184648416532,6.172839506172839,3.5292538915727323,3.207192699946323,
265,23.66478797638218,8.111916264090176,5.609232420826624,42.592592592592595,7.112184648416532,6.172839506172839,3.5292538915727323,3.207192699946323,
266,23.718464841653248,8.105206655931294,5.770263016639828,42.411433172302736,7.112184648416532,6.146001073537305,3.5292538915727323,3.207192699946323,
267,23.792270531400966,8.091787439613526,5.770263016639828,42.351046698872786,7.112184648416532,6.146001073537305,3.5292538915727323,3.207192699946323,
268,23.879495437466453,8.085077831454644,5.770263016639828,42.270531400966185,7.112184648416532,6.146001073537305,3.5292538915727323,3.207192699946323,
269,23.960010735373054,8.07836822329576,5.770263016639828,42.210144927536234,7.105475040257649,6.146001073537305,3.5292538915727323,3.2004830917874396,
270,24.00697799248524,8.07836822329576,5.770263016639828,42.169887278582934,7.105475040257649,6.280193236714976,3.5292538915727323,3.0595813204508855,
271,23.95330112721417,7.722758990874933,5.750134192163178,42.72007514761138,7.105475040257649,6.159420289855072,3.5292538915727323,3.0595813204508855,
272,24.040526033279658,7.716049382716049,5.750134192163178,42.652979066022546,7.105475040257649,6.146001073537305,3.5292538915727323,3.0595813204508855,
273,24.248523886205046,7.689210950080516,5.723295759527644,42.572463768115945,7.098765432098766,6.146001073537305,3.5292538915727323,2.9924852388620504,
274,24.40955448201825,7.689210950080516,5.71658615136876,42.48523886205046,7.078636607622115,6.119162640901771,3.5091250670960816,2.9924852388620504,
275,24.57729468599034,7.675791733762749,5.71658615136876,42.3845947396672,7.024959742351046,6.119162640901771,3.5091250670960816,2.9924852388620504,
276,24.691358024691358,7.675791733762749,5.71658615136876,42.33762748255502,7.024959742351046,6.072195383789587,3.488996242619431,2.9924852388620504,
277,24.738325281803544,7.675791733762749,5.71658615136876,42.29736983360172,7.024959742351046,6.0654857756307035,3.488996242619431,2.9924852388620504,
278,24.892646269457863,7.669082125603865,5.71658615136876,42.16317767042405,7.011540526033279,6.0654857756307035,3.488996242619431,2.9924852388620504,
279,24.973161567364468,7.669082125603865,5.71658615136876,42.109500805152976,6.984702093397746,6.0654857756307035,3.488996242619431,2.9924852388620504,
280,25.09393451422437,7.669082125603865,5.709876543209877,42.0222758990875,6.984702093397746,6.0654857756307035,3.4621578099838968,2.9924852388620504,
281,25.06038647342995,7.669082125603865,5.669618894256575,41.84782608695652,6.649221685453569,6.0654857756307035,4.052603327965647,2.985775630703167,
282,25.120772946859905,7.669082125603865,5.669618894256575,41.75389157273215,6.615673644659152,6.052066559312936,4.045893719806763,2.9589371980676327,0.11406333870101985
283,25.033548040794418,7.669082125603865,5.46833064949007,40.84138486312399,6.615673644659152,6.052066559312936,4.045893719806763,4.159957058507783,0.11406333870101985
284,24.93961352657005,7.669082125603865,5.46833064949007,40.83467525496511,6.602254428341385,6.749865807836822,3.488996242619431,4.133118625872249,0.11406333870101985
