,45,50,51,52,53,55,56,54,57,58
0,99.72490606548577,0.27509393451422437,,,,,,,,
1,99.72490606548577,0.27509393451422437,,,,,,,,
2,95.98094471282877,4.019055287171229,,,,,,,,
3,96.01449275362319,3.9855072463768115,,,,,,,,
4,87.75496511003757,12.245034889962426,,,,,,,,
5,84.74235104669887,15.257648953301127,,,,,,,,
6,84.6484165324745,15.351583467525497,,,,,,,,
7,75.94605475040258,22.81266774020397,1.2412775093934514,,,,,,,
8,73.329307568438,24.771873322597962,1.2412775093934514,0.6575415995705851,,,,,,
9,69.96108427267848,28.14009661835749,1.2412775093934514,0.6575415995705851,,,,,,
10,69.96108427267848,28.14009661835749,1.2412775093934514,0.6575415995705851,,,,,,
11,49.57058507783145,50.295222758990874,,0.13419216317767044,,,,,,
12,49.6309715512614,50.234836285560924,,0.13419216317767044,,,,,,
13,46.98067632850242,49.31561996779388,,0.13419216317767044,3.1736446591519054,0.39586688137412773,,,,
14,46.98067632850242,49.31561996779388,,0.13419216317767044,3.1736446591519054,0.39586688137412773,,,,
15,46.98067632850242,49.31561996779388,,0.13419216317767044,3.1736446591519054,0.39586688137412773,,,,
16,46.98067632850242,49.31561996779388,,0.13419216317767044,3.1736446591519054,0.39586688137412773,,,,
17,44.0955448201825,52.26784755770263,,0.06709608158883522,3.1736446591519054,0.39586688137412773,,,,
18,44.0955448201825,52.26784755770263,,0.06709608158883522,3.1736446591519054,0.39586688137412773,,,,
19,42.941492216854535,53.42190016103059,,0.06709608158883522,3.1736446591519054,0.39586688137412773,,,,
20,42.81400966183575,50.63070316693505,2.3886205045625335,0.06709608158883522,3.1736446591519054,0.9259259259259259,,,,
21,42.99516908212561,50.32206119162641,2.3886205045625335,0.06709608158883522,3.1736446591519054,1.0534084809447128,,,,
22,43.02871712292002,50.15432098765432,2.3886205045625335,0.06709608158883522,3.1736446591519054,1.1876006441223832,,,,
23,41.40499194847021,46.89345142243693,4.918142780461621,2.2879763821792807,3.1736446591519054,1.1876006441223832,0.13419216317767044,,,
24,37.956253354804076,50.2012882447665,4.783950617283951,2.6972624798711755,3.1736446591519054,1.1876006441223832,,,,
25,35.37305421363392,49.308910359635,8.272946859903382,2.6838432635534084,3.1736446591519054,1.1876006441223832,,,,
26,33.47423510466989,51.24127750939345,8.272946859903382,2.6502952227589907,3.1736446591519054,1.1876006441223832,,,,
27,32.54830917874396,48.64465915190553,11.037305421363392,2.636876006441224,3.1736446591519054,1.9592055823939882,,,,
28,32.6154052603328,48.611111111111114,11.003757380568974,2.636876006441224,3.1736446591519054,1.9592055823939882,,,,
29,32.63553408480945,48.590982286634464,11.003757380568974,2.636876006441224,3.1736446591519054,1.9592055823939882,,,,
30,32.66237251744498,48.590982286634464,11.003757380568974,2.61003757380569,3.1736446591519054,1.9592055823939882,,,,
31,32.82340311325819,48.50375738056898,10.963499731615673,2.61003757380569,3.140096618357488,1.9592055823939882,,,,
32,32.96430488459474,46.14868491680086,9.708803005904455,5.387815351583468,3.140096618357488,2.6502952227589907,,,,
33,32.88378958668814,42.92807300053677,9.708803005904455,8.68894256575416,3.140096618357488,2.6502952227589907,,,,
34,32.447665056360705,39.98926462694579,9.708803005904455,8.61513687600644,3.140096618357488,2.6502952227589907,,3.44873859366613,,
35,32.340311325818575,39.49946323134729,8.105206655931294,10.829307568438002,3.126677402039721,2.6502952227589907,,3.44873859366613,,
36,30.730005367686527,37.03703703703704,7.4208266237251745,17.76033279656468,3.0193236714975846,0.5837359098228664,,3.44873859366613,,
37,30.407944176060116,36.68813741277509,7.4208266237251745,18.431293612453032,3.0193236714975846,0.5837359098228664,,3.44873859366613,,
38,28.5829307568438,38.405797101449274,6.776704240472356,18.431293612453032,3.0193236714975846,1.3352120236178207,,3.44873859366613,,
39,25.89908749329039,34.675254965110035,14.04320987654321,16.78743961352657,3.9989264626945786,1.1473429951690821,,3.44873859366613,,
40,25.39586688137413,30.817230273752013,13.895598497047773,16.203703703703702,7.132313472893183,1.0534084809447128,,5.501878690284487,,
41,24.798711755233494,30.401234567901234,14.687332259796028,16.203703703703702,7.4141170155662905,1.1607622114868492,,5.3341384863123995,,
42,24.912775093934513,30.314009661835748,14.687332259796028,16.17686527106817,7.4141170155662905,1.1607622114868492,,5.3341384863123995,,
43,25.0805152979066,30.18652710681696,14.53972088030059,16.170155662909288,7.4141170155662905,1.1607622114868492,0.11406333870101985,5.3341384863123995,,
44,23.778851315083198,31.743156199677937,14.452495974235104,16.14331723027375,7.4141170155662905,1.1607622114868492,0.11406333870101985,5.193236714975845,,
45,21.91358024691358,39.22436929683307,11.178207192699947,15.767579173376275,5.4549114331723025,1.1607622114868492,0.11406333870101985,5.186527106816962,,
46,21.91358024691358,39.18411164787977,12.701288244766506,15.767579173376275,5.280461621041331,1.1607622114868492,0.11406333870101985,3.878153515834675,,
47,21.960547504025765,37.3389694041868,16.72705314009662,13.828502415458937,5.260332796564681,0.8923778851315083,0.11406333870101985,3.878153515834675,,
48,21.712292002147073,37.63419216317767,16.680085882984432,13.828502415458937,5.260332796564681,0.8923778851315083,0.11406333870101985,3.878153515834675,,
49,22.23564143853999,37.19806763285024,16.646537842190018,13.801663982823403,5.246913580246914,0.8789586688137413,0.11406333870101985,3.878153515834675,,
50,22.29602791196994,37.0101986044015,18.45813204508857,12.117552334943639,5.246913580246914,0.8789586688137413,0.11406333870101985,3.878153515834675,,
51,19.37734836285561,39.95571658615137,18.45813204508857,11.976650563607086,5.246913580246914,0.8588298443370908,0.11406333870101985,4.012345679012346,,
52,19.236446591519055,39.09688674181428,20.531400966183575,10.466988727858293,6.025228126677402,0.8588298443370908,0.11406333870101985,3.670155662909286,,
53,19.249865807836823,39.09688674181428,20.517981749865807,10.466988727858293,6.025228126677402,0.8588298443370908,0.11406333870101985,3.670155662909286,,
54,19.30354267310789,39.070048309178745,20.517981749865807,10.44015029522276,6.025228126677402,0.8588298443370908,0.11406333870101985,3.670155662909286,,
55,18.86070853462158,37.493290391841114,20.50456253354804,10.44015029522276,8.05823939881911,0.8588298443370908,0.11406333870101985,3.670155662909286,,
56,18.397745571658614,23.960010735373054,35.909822866344605,9.863123993558776,7.763016639828234,3.294417606011809,0.11406333870101985,0.6977992485238862,,
57,18.21658615136876,23.939881910896403,35.10466988727858,10.7085346215781,7.763016639828234,3.2474503488996245,0.322061191626409,0.6977992485238862,,
58,17.122920021470748,21.987385936661298,38.077026301663984,10.836017176596886,7.709339774557166,3.2474503488996245,0.322061191626409,0.6977992485238862,,
59,15.4723564143854,17.505367686527105,40.47906602254428,10.641438539989265,11.439881910896403,3.4420289855072466,0.322061191626409,0.6977992485238862,,
60,15.573000536768653,17.498658078368223,40.39855072463768,10.641438539989265,11.426462694578637,3.4420289855072466,0.322061191626409,0.6977992485238862,,
61,15.432098765432098,17.12962962962963,42.881105743424584,8.246108427267847,11.419753086419753,3.2340311325818574,1.093666129898014,0.5636070853462157,,
62,15.26435856146001,16.25738056897477,40.82796564680623,11.500268384326356,11.258722490606548,3.2340311325818574,1.093666129898014,0.5636070853462157,,
63,15.26435856146001,16.25738056897477,40.82796564680623,11.500268384326356,11.258722490606548,3.2340311325818574,1.093666129898014,0.5636070853462157,,
64,15.190552871712292,15.861513687600644,44.00831991411702,11.480139559849706,8.61513687600644,3.1870638754696725,1.093666129898014,0.5636070853462157,,
65,15.170424047235642,15.814546430488459,43.974771873322595,11.480139559849706,9.514224369296834,2.3886205045625335,1.093666129898014,0.5636070853462157,,
66,15.203972088030058,15.801127214170693,43.96806226516372,11.466720343531938,9.514224369296834,2.3886205045625335,1.093666129898014,0.5636070853462157,,
67,15.398550724637682,15.754159957058508,43.894256575415994,11.466720343531938,9.440418679549115,2.3886205045625335,1.093666129898014,0.5636070853462157,,
68,15.45222758990875,15.707192699946322,43.88083735909823,11.325818572195384,9.23913043478261,2.3886205045625335,1.093666129898014,0.9125067096081588,,
69,15.559581320450885,15.693773483628556,43.833870101986044,11.305689747718732,9.212292002147075,2.3886205045625335,1.093666129898014,0.9125067096081588,,
70,15.70048309178744,15.693773483628556,43.82045088566828,11.238593666129898,9.178743961352657,2.3617820719269993,1.093666129898014,0.9125067096081588,,
71,15.794417606011809,15.693773483628556,43.76677402039721,11.225174449812132,9.151905528717123,2.3617820719269993,1.093666129898014,0.9125067096081588,,
72,15.801127214170693,14.76784755770263,47.04777241009125,11.191626409017713,7.950885668276973,1.2345679012345678,1.093666129898014,0.9125067096081588,,
73,15.915190552871712,14.761137949543746,46.97396672034353,11.191626409017713,7.917337627482555,1.2345679012345678,1.093666129898014,0.9125067096081588,,
74,16.10305958132045,14.707461084272678,46.92028985507246,11.158078368223295,7.917337627482555,1.2345679012345678,1.093666129898014,0.8655394524959742,,
75,16.056092324208265,14.694041867954912,48.87278582930757,11.158078368223295,6.031937734836285,1.2278582930756843,1.093666129898014,0.8655394524959742,,
76,16.21712292002147,14.63365539452496,48.78556092324208,11.144659151905529,6.031937734836285,1.2278582930756843,1.093666129898014,0.8655394524959742,,
77,16.056092324208265,14.512882447665056,42.96833064949007,14.284755770263017,6.031937734836285,4.186795491143317,1.093666129898014,0.8655394524959742,,
78,15.754159957058508,14.224369296833064,42.90794417606012,16.27079978529254,4.703435319377348,4.186795491143317,1.093666129898014,0.8588298443370908,,
79,15.854804079441761,14.036500268384327,41.378153515834676,15.11003757380569,7.675791733762749,3.992216854535695,1.093666129898014,0.8588298443370908,,
80,16.002415458937197,14.029790660225443,41.378153515834676,15.096618357487923,7.548309178743962,3.992216854535695,1.093666129898014,0.8588298443370908,,
81,16.183574879227052,14.029790660225443,41.29092860976919,15.056360708534621,7.521470746108427,3.992216854535695,1.06682769726248,0.8588298443370908,,
82,16.17686527106817,13.90901771336554,40.5931293612453,15.056360708534621,7.521470746108427,4.817498658078368,1.06682769726248,0.8588298443370908,,
83,16.21712292002147,13.90901771336554,40.47906602254428,15.056360708534621,7.796564680622652,4.817498658078368,0.8655394524959742,0.8588298443370908,,
84,16.431830381105744,13.90901771336554,40.445517981749866,14.922168545356952,7.75630703166935,4.810789049919484,0.8655394524959742,0.8588298443370908,,
85,15.069779924852389,15.371712292002147,40.3918411164788,14.888620504562533,7.742887815351583,4.810789049919484,0.8655394524959742,0.8588298443370908,,
86,11.889425657541599,46.242619431025226,25.45625335480408,7.628824476650563,4.804079441760601,3.589640365002684,0.10064412238325282,0.2885131508319914,,
87,11.936392914653783,46.07487922705314,25.45625335480408,7.628824476650563,4.804079441760601,3.7104133118625873,0.10064412238325282,0.2885131508319914,,
88,12.097423510466989,45.967525496511,25.40257648953301,7.628824476650563,4.804079441760601,3.7104133118625873,0.10064412238325282,0.2885131508319914,,
89,12.090713902308105,45.330112721417066,27.556360708534623,5.991680085882985,4.804079441760601,3.7037037037037037,0.23483628556092323,0.2885131508319914,,
90,12.258454106280194,45.21604938271605,27.502683843263554,5.991680085882985,4.804079441760601,3.7037037037037037,0.23483628556092323,0.2885131508319914,,
91,12.278582930756844,45.10198604401503,27.482555018786904,5.991680085882985,4.804079441760601,3.8177670424047236,0.23483628556092323,0.2885131508319914,,
92,12.318840579710145,45.10198604401503,27.4422973698336,5.991680085882985,4.804079441760601,3.8177670424047236,0.23483628556092323,0.2885131508319914,,
93,11.90955448201825,44.618894256575416,29.17337627482555,5.991680085882985,3.965378421900161,3.8177670424047236,0.23483628556092323,0.2885131508319914,,
94,12.412775093934513,44.49141170155663,28.797638217928075,5.991680085882985,3.965378421900161,3.8177670424047236,0.23483628556092323,0.2885131508319914,,
95,12.412775093934513,44.49141170155663,28.797638217928075,5.991680085882985,3.965378421900161,3.8177670424047236,0.23483628556092323,0.2885131508319914,,
96,12.372517444981213,44.06199677938808,27.717391304347824,8.185721953837897,3.9519592055823938,3.1870638754696725,0.23483628556092323,0.2885131508319914,,
97,12.399355877616747,44.0552871712292,27.697262479871174,8.185721953837897,3.9519592055823938,3.1870638754696725,0.23483628556092323,0.2885131508319914,,
98,12.486580783682234,43.96806226516372,27.697262479871174,8.185721953837897,3.9519592055823938,3.1870638754696725,0.23483628556092323,0.2885131508319914,,
99,12.392646269457863,38.969404186795494,27.67042404723564,8.185721953837897,3.9519592055823938,8.3064949006978,0.23483628556092323,0.2885131508319914,,
100,12.473161567364466,38.94256575415996,27.623456790123456,8.185721953837897,3.9519592055823938,8.299785292538916,0.23483628556092323,0.2885131508319914,,
101,12.775093934514224,38.727858293075684,27.563070316693505,8.185721953837897,3.9519592055823938,7.541599570585078,0.23483628556092323,1.0198604401502953,,
102,12.989801395598498,38.687600644122384,27.549651100375737,8.185721953837897,3.9519592055823938,7.387278582930757,0.23483628556092323,1.0131508319914118,,
103,13.130703166935051,38.64734299516908,27.549651100375737,8.085077831454644,3.9519592055823938,7.387278582930757,0.23483628556092323,1.0131508319914118,,
104,13.144122383252817,37.936124530327426,27.30810520665593,8.132045088566828,3.9519592055823938,8.279656468062266,0.23483628556092323,1.0131508319914118,,
105,13.43263553408481,37.895866881374126,27.194041867954912,7.997852925389157,3.9519592055823938,8.279656468062266,0.23483628556092323,1.0131508319914118,,
106,13.546698872785829,37.80864197530864,27.167203435319376,7.997852925389157,3.9519592055823938,8.279656468062266,0.23483628556092323,1.0131508319914118,,
107,13.459473966720344,32.46108427267848,27.126945786366075,7.971014492753623,3.9519592055823938,13.781535158346752,0.23483628556092323,1.0131508319914118,,
108,13.560118089103597,32.44095544820183,27.093397745571657,7.971014492753623,3.9519592055823938,13.734567901234568,0.23483628556092323,1.0131508319914118,,
109,13.714439076757918,32.39398819108964,27.053140096618357,7.96430488459474,3.92512077294686,13.70101986044015,0.23483628556092323,1.0131508319914118,,
110,13.848631239935587,32.35373054213634,26.89210950080515,7.96430488459474,3.92512077294686,13.674181427804616,0.32877079978529256,1.0131508319914118,,
111,13.123993558776167,32.50805152979066,24.9597423510467,7.917337627482555,7.024959742351046,13.372249060654857,0.32877079978529256,0.7648953301127214,,
112,13.170960815888352,31.904186795491142,24.704777241009126,7.917337627482555,7.024959742351046,13.170960815888352,0.32877079978529256,1.778046162104133,,
113,13.231347289318304,31.870638754696724,24.704777241009126,7.917337627482555,7.024959742351046,13.144122383252817,0.32877079978529256,1.778046162104133,,
114,13.399087493290391,31.749865807836823,24.691358024691358,7.917337627482555,6.991411701556629,13.144122383252817,0.32877079978529256,1.778046162104133,,
115,13.513150831991412,31.186258722490606,24.610842726784757,11.936392914653783,6.991411701556629,9.655126140633387,0.32877079978529256,1.778046162104133,,
116,13.667471819645733,31.0252281266774,24.46323134728932,11.936392914653783,6.977992485238862,9.822866344605474,0.32877079978529256,1.778046162104133,,
117,13.727858293075684,31.0252281266774,24.46323134728932,11.902844873859367,6.977992485238862,9.796027911969942,0.32877079978529256,1.778046162104133,,
118,13.754696725711218,31.0252281266774,24.46323134728932,11.876006441223833,6.977992485238862,9.796027911969942,0.32877079978529256,1.778046162104133,,
119,13.862050456253355,29.61621041331186,24.000268384326354,13.607085346215781,10.373054213633925,7.159151905528717,0.32877079978529256,1.0534084809447128,,
120,13.117283950617283,30.64278046162104,23.57085346215781,13.580246913580247,10.279119699409554,7.427536231884058,0.32877079978529256,1.0534084809447128,,
121,13.144122383252817,30.60252281266774,23.53059581320451,13.553408480944713,10.218733225979603,7.427536231884058,0.46967257112184646,1.0534084809447128,,
122,13.150831991411701,30.595813204508858,23.53059581320451,13.553408480944713,10.218733225979603,7.427536231884058,0.46967257112184646,1.0534084809447128,,
123,13.20450885668277,30.58239398819109,23.517176596886742,13.526570048309178,10.218733225979603,7.427536231884058,0.46967257112184646,1.0534084809447128,,
124,13.305152979066023,30.421363392377884,23.49033816425121,13.459473966720344,10.218733225979603,7.581857219538379,0.46967257112184646,1.0534084809447128,,
125,13.513150831991412,30.226784755770264,23.49033816425121,13.459473966720344,10.205314009661835,7.581857219538379,0.46967257112184646,1.0534084809447128,,
126,13.539989264626946,30.226784755770264,23.409822866344605,13.43263553408481,10.178475577026301,7.581857219538379,0.46967257112184646,1.0534084809447128,0.10735373054213634,
127,13.70101986044015,30.173107890499196,23.329307568438004,13.43263553408481,10.178475577026301,7.555018786902845,0.46967257112184646,1.0534084809447128,0.10735373054213634,
128,13.761406333870102,30.14626945786366,23.315888352120236,13.43263553408481,10.158346752549651,7.555018786902845,0.46967257112184646,1.0534084809447128,0.10735373054213634,
129,13.848631239935587,30.14626945786366,23.255501878690286,13.43263553408481,10.131508319914117,7.555018786902845,0.46967257112184646,1.0534084809447128,0.10735373054213634,
130,13.94927536231884,29.69001610305958,22.611379495437465,13.39237788513151,10.124798711755233,8.601717659688674,0.46967257112184646,1.0534084809447128,0.10735373054213634,
131,14.009661835748792,29.676596886741816,22.57783145464305,13.39237788513151,10.111379495437467,8.601717659688674,0.46967257112184646,1.0534084809447128,0.10735373054213634,
132,14.11701556629093,28.891572732152444,22.342995169082126,13.39237788513151,11.023886205045626,8.601717659688674,0.46967257112184646,1.0534084809447128,0.10735373054213634,
133,14.13714439076758,28.884863123993558,22.27589908749329,13.39237788513151,11.003757380568974,8.601717659688674,0.6172839506172839,0.9796027911969941,0.10735373054213634,
134,14.412238325281804,28.65673644659152,22.269189479334408,13.365539452495975,10.88298443370907,8.588298443370908,0.6172839506172839,0.9796027911969941,0.2281266774020397,
135,14.486044015029522,28.629898013955984,22.014224369296834,13.365539452495975,11.178207192699947,8.527911969940956,0.5904455179817498,0.9796027911969941,0.2281266774020397,
136,14.606816961889425,28.59634997316157,21.973966720343533,13.352120236178207,11.144659151905529,8.527911969940956,0.5904455179817498,0.9796027911969941,0.2281266774020397,
137,14.512882447665056,28.415190552871714,21.64519592055824,13.352120236178207,11.144659151905529,9.131776704240472,0.5904455179817498,0.9796027911969941,0.2281266774020397,
138,14.667203435319378,28.33467525496511,21.631776704240472,13.311862587224907,11.144659151905529,9.125067096081589,0.5770263016639828,0.9796027911969941,0.2281266774020397,
139,14.727589908749328,27.469135802469136,21.618357487922705,11.688137412775093,14.781266774020397,8.017981749865807,0.5770263016639828,0.95276435856146,0.16774020397208803,
140,14.78797638217928,27.462426194310254,21.591519055287172,11.674718196457327,14.774557165861514,8.011272141706923,0.5770263016639828,0.95276435856146,0.16774020397208803,
141,14.922168545356952,27.32823403113258,21.464036500268385,11.473429951690822,15.116747181964573,7.997852925389157,0.5770263016639828,0.95276435856146,0.16774020397208803,
142,14.714170692431562,26.44927536231884,21.4573268921095,12.567096081588835,15.116747181964573,7.997852925389157,0.5770263016639828,0.95276435856146,0.16774020397208803,
143,14.875201288244767,26.42914653784219,21.430488459473967,12.473161567364466,15.116747181964573,7.977724100912507,0.5770263016639828,0.95276435856146,0.16774020397208803,
144,14.949006977992486,26.42914653784219,21.423778851315085,12.446323134728932,15.076489533011273,7.977724100912507,0.5770263016639828,0.95276435856146,0.16774020397208803,
145,15.042941492216855,26.241277509393452,21.423778851315085,12.419484702093397,15.049651100375739,8.125335480407944,0.5770263016639828,0.95276435856146,0.16774020397208803,
146,14.647074610842727,26.81159420289855,21.3768115942029,12.419484702093397,14.989264626945786,8.125335480407944,0.5770263016639828,0.95276435856146,0.10064412238325282,
147,14.687332259796028,26.81159420289855,21.3768115942029,12.379227053140097,14.989264626945786,8.125335480407944,0.5770263016639828,0.95276435856146,0.10064412238325282,
148,15.13016639828234,26.78475577026302,21.155394524959743,12.204777241009126,14.97584541062802,8.11862587224906,0.5770263016639828,0.95276435856146,0.10064412238325282,
149,15.183843263553408,26.757917337627482,21.155394524959743,12.177938808373591,14.97584541062802,8.11862587224906,0.5770263016639828,0.95276435856146,0.10064412238325282,
150,15.250939345142244,26.207729468599034,21.088298443370906,12.164519592055823,14.935587761674718,8.722490606548577,0.5770263016639828,0.95276435856146,0.10064412238325282,
151,14.9020397208803,25.691089640365004,19.900697799248523,12.04374664519592,17.70665593129361,8.125335480407944,0.5770263016639828,0.95276435856146,0.10064412238325282,
152,14.955716586151368,25.483091787439612,19.900697799248523,12.04374664519592,17.659688674181428,8.32662372517445,0.5770263016639828,0.95276435856146,0.10064412238325282,
153,15.01610305958132,25.483091787439612,19.900697799248523,12.647611379495437,17.028985507246375,8.32662372517445,0.5703166935050993,0.9259259259259259,0.10064412238325282,
154,15.177133655394526,25.462962962962962,19.887278582930758,12.546967257112184,17.002147074610843,8.199141170155663,0.5703166935050993,0.9259259259259259,0.2281266774020397,
155,15.391841116478798,25.234836285560924,19.806763285024154,12.52012882447665,17.002147074610843,8.319914117015566,0.5703166935050993,0.9259259259259259,0.2281266774020397,
156,15.35829307568438,25.194578636607623,19.189479334406872,12.52012882447665,17.002147074610843,8.319914117015566,1.2815351583467525,0.9057971014492754,0.2281266774020397,
157,15.465646806226516,25.194578636607623,19.155931293612454,12.446323134728932,17.002147074610843,8.319914117015566,1.2815351583467525,0.9057971014492754,0.2281266774020397,
158,15.539452495974235,24.92619431025228,19.155931293612454,12.446323134728932,16.97530864197531,8.541331186258722,1.2815351583467525,0.9057971014492754,0.2281266774020397,
159,15.660225442834138,24.812130971551262,19.135802469135804,12.406065485775631,16.935050993022006,8.635265700483092,1.2815351583467525,0.9057971014492754,0.2281266774020397,
160,15.4723564143854,23.752012882447666,17.45169082125604,14.479334406870638,16.854535695115406,6.602254428341385,1.2815351583467525,3.878153515834675,0.2281266774020397,
161,15.526033279656469,23.698336017176597,17.45169082125604,14.479334406870638,16.854535695115406,6.602254428341385,1.2815351583467525,3.878153515834675,0.2281266774020397,
162,15.619967793880837,23.678207192699947,17.351046698872786,14.331723027375201,16.854535695115406,6.602254428341385,1.2815351583467525,4.052603327965647,0.2281266774020397,
163,15.344873859366613,21.712292002147073,17.277241009125067,18.57890499194847,15.713902308105206,5.810520665593129,1.2815351583467525,4.052603327965647,0.2281266774020397,
164,15.418679549114332,21.66532474503489,17.277241009125067,18.57890499194847,15.693773483628556,5.803811057434245,1.2815351583467525,4.052603327965647,0.2281266774020397,
165,15.49248523886205,21.651905528717123,17.250402576489535,18.5654857756307,15.68035426731079,5.797101449275362,1.2815351583467525,4.052603327965647,0.2281266774020397,
166,15.599838969404187,21.511003757380568,17.183306494900698,18.53864734299517,15.780998389694043,5.837359098228664,1.2815351583467525,4.03918411164788,0.2281266774020397,
167,15.747450348899624,21.484165324745035,16.894793344068706,18.49838969404187,15.767579173376275,5.797101449275362,1.5432098765432098,4.03918411164788,0.2281266774020397,
168,15.277777777777779,21.256038647342994,20.148953301127214,18.06226516371444,13.647342995169081,5.797101449275362,1.5432098765432098,4.03918411164788,0.2281266774020397,
169,15.458937198067632,21.256038647342994,20.148953301127214,17.901234567901234,13.647342995169081,5.776972624798712,1.5432098765432098,4.03918411164788,0.2281266774020397,
170,15.53274288781535,21.24932903918411,20.12211486849168,17.860976918947934,13.647342995169081,5.776972624798712,1.5432098765432098,4.03918411164788,0.2281266774020397,
171,15.653515834675256,21.235909822866343,20.088566827697264,17.847557702630166,13.58695652173913,5.776972624798712,1.5432098765432098,4.03918411164788,0.2281266774020397,
172,15.942028985507246,20.632045088566827,20.081857219538378,17.834138486312398,13.573537305421363,5.60252281266774,1.6572732152442298,4.448470209339774,0.2281266774020397,
173,16.015834675254965,20.605206655931294,20.081857219538378,17.820719269994633,13.573537305421363,5.60252281266774,1.6572732152442298,4.414922168545357,0.2281266774020397,
174,16.183574879227052,20.538110574342458,20.034889962426195,17.746913580246915,13.365539452495975,5.60252281266774,1.8853998926462694,4.414922168545357,0.2281266774020397,
175,16.35131508319914,20.511272141706925,19.96779388083736,17.74020397208803,13.325281803542673,5.5756843800322065,1.8853998926462694,4.414922168545357,0.2281266774020397,
176,16.445249597423512,20.511272141706925,19.93424584004294,17.70665593129361,13.325281803542673,5.5756843800322065,1.8585614600107354,4.414922168545357,0.2281266774020397,
177,16.51905528717123,20.511272141706925,19.91411701556629,17.652979066022546,13.325281803542673,5.5756843800322065,1.8585614600107354,4.414922168545357,0.2281266774020397,
178,16.545893719806763,20.50456253354804,19.89398819108964,17.652979066022546,13.325281803542673,5.5756843800322065,1.8585614600107354,4.414922168545357,0.2281266774020397,
179,16.59957058507783,20.50456253354804,19.887278582930758,17.612721417069242,13.318572195383789,5.5756843800322065,1.8585614600107354,4.414922168545357,0.2281266774020397,
180,16.800858829844337,20.50456253354804,19.75979602791197,17.612721417069242,13.318572195383789,5.522007514761138,1.8585614600107354,4.414922168545357,0.20799785292538917,
181,16.99543746645196,20.50456253354804,19.632313472893184,17.612721417069242,13.318572195383789,5.522007514761138,1.8518518518518519,4.3545356951154055,0.20799785292538917,
182,17.270531400966185,20.477724100912507,19.612184648416534,17.60601180891036,13.117283950617283,5.522007514761138,1.8317230273752012,4.3545356951154055,0.20799785292538917,
183,17.37788513150832,20.457595276435857,19.585346215780998,17.60601180891036,13.097155126140633,5.481749865807837,1.8317230273752012,4.3545356951154055,0.20799785292538917,
184,17.384594739667204,20.437466451959207,19.410896403650028,17.559044551798173,13.66076221148685,5.434782608695652,1.5499194847020934,4.3545356951154055,0.20799785292538917,
185,17.431561996779386,20.417337627482556,19.390767579173378,17.424852388620504,13.66076221148685,5.434782608695652,1.6774020397208802,4.3545356951154055,0.20799785292538917,
186,17.579173376274827,20.316693505099302,19.390767579173378,17.371175523349436,13.519860440150294,5.58239398819109,1.6774020397208802,4.3545356951154055,0.20799785292538917,
187,17.746913580246915,20.30998389694042,19.343800322061192,17.344337090713903,13.466183574879228,5.548845947396672,1.6774020397208802,4.3545356951154055,0.20799785292538917,
188,17.122920021470748,20.148953301127214,20.517981749865807,17.04911433172303,13.45276435856146,5.46833064949007,1.6774020397208802,4.3545356951154055,0.20799785292538917,
189,17.330917874396135,20.02818035426731,20.50456253354804,16.935050993022006,13.405797101449275,5.589103596349974,1.6774020397208802,4.320987654320987,0.20799785292538917,
190,17.465110037573805,20.014761137949545,20.50456253354804,16.874664519592056,13.345410628019323,5.589103596349974,1.6774020397208802,4.320987654320987,0.20799785292538917,
191,17.518786902844873,19.981213097155127,20.50456253354804,16.874664519592056,13.325281803542673,5.589103596349974,1.6774020397208802,4.320987654320987,0.20799785292538917,
192,17.55233494363929,19.96779388083736,20.303274288781534,16.874664519592056,13.311862587224907,5.589103596349974,1.6774020397208802,4.51556629092861,0.20799785292538917,
193,17.67981749865808,19.96779388083736,20.249597423510465,16.874664519592056,13.238056897477188,5.589103596349974,1.6774020397208802,4.51556629092861,0.20799785292538917,
194,17.907944176060116,19.887278582930758,20.229468599033815,16.874664519592056,13.117283950617283,5.58239398819109,1.6774020397208802,4.51556629092861,0.20799785292538917,
195,18.055555555555557,19.887278582930758,20.202630166398283,16.834406870638755,13.063607085346217,5.58239398819109,1.6505636070853462,4.51556629092861,0.20799785292538917,
196,18.015297906602253,19.26328502415459,20.202630166398283,14.445786366076222,16.25067096081589,5.448201825013419,1.6505636070853462,4.51556629092861,0.20799785292538917,
197,18.075684380032207,19.256575415995705,20.169082125603865,14.445786366076222,16.23054213633924,5.448201825013419,1.6505636070853462,4.51556629092861,0.20799785292538917,
198,18.411164787976382,19.202898550724637,20.081857219538378,14.42565754159957,16.076221148684915,5.441492216854535,1.6304347826086956,4.448470209339774,0.20799785292538917,0.07380568974771873
199,18.250134192163177,18.57890499194847,19.826892109500804,14.392109500805153,17.257112184648417,5.340848094471283,1.6237251744498122,4.448470209339774,0.20799785292538917,0.07380568974771873
200,18.531937734836287,18.5252281266774,19.612184648416534,14.378690284487385,17.257112184648417,5.340848094471283,1.6237251744498122,4.448470209339774,0.20799785292538917,0.07380568974771873
201,18.54535695115405,18.5252281266774,19.612184648416534,14.378690284487385,17.24369296833065,5.340848094471283,1.6237251744498122,4.448470209339774,0.20799785292538917,0.07380568974771873
202,18.71309715512614,18.471551261406333,19.612184648416534,14.345142243692969,17.20343531937735,5.340848094471283,1.6237251744498122,4.408212560386473,0.20799785292538917,0.07380568974771873
203,18.766774020397207,18.471551261406333,19.545088566827697,14.345142243692969,17.20343531937735,5.340848094471283,1.6371443907675791,4.408212560386473,0.20799785292538917,0.07380568974771873
204,18.54535695115405,18.699677938808374,19.464573268921097,14.345142243692969,17.136339237788512,5.481749865807837,1.6371443907675791,4.408212560386473,0.20799785292538917,0.07380568974771873
205,18.49838969404187,18.51851851851852,19.444444444444443,14.593397745571659,17.136339237788512,5.481749865807837,1.6371443907675791,4.408212560386473,0.20799785292538917,0.07380568974771873
206,18.5654857756307,18.4849704777241,19.43102522812668,14.593397745571659,17.11621041331186,5.481749865807837,1.6371443907675791,4.408212560386473,0.20799785292538917,0.07380568974771873
207,18.605743424584006,18.4849704777241,19.43102522812668,14.593397745571659,17.082662372517444,5.481749865807837,1.6371443907675791,4.40150295222759,0.20799785292538917,0.07380568974771873
208,18.853998926462694,18.46484165324745,19.43102522812668,14.445786366076222,17.002147074610843,5.481749865807837,1.6371443907675791,4.40150295222759,0.20799785292538917,0.07380568974771873
209,19.209608158883523,18.391035963499732,19.37734836285561,14.445786366076222,16.874664519592056,5.381105743424584,1.6371443907675791,4.40150295222759,0.20799785292538917,0.07380568974771873
210,19.296833064949006,18.364197530864196,19.37734836285561,14.412238325281804,16.847826086956523,5.381105743424584,1.6371443907675791,4.40150295222759,0.20799785292538917,0.07380568974771873
211,19.410896403650028,18.337359098228664,19.162640901771336,14.36527106816962,16.841116478797638,5.562265163714439,1.6371443907675791,4.40150295222759,0.20799785292538917,0.07380568974771873
212,19.350509930220074,18.337359098228664,19.162640901771336,14.36527106816962,16.901502952227588,5.562265163714439,1.6371443907675791,4.40150295222759,0.20799785292538917,0.07380568974771873
213,19.578636607622116,18.337359098228664,19.155931293612454,14.264626945786366,16.881374127750938,5.495169082125604,1.6371443907675791,4.367954911433173,0.20799785292538917,0.07380568974771873
214,19.719538378958667,18.303811057434245,19.155931293612454,14.224369296833064,16.881374127750938,5.495169082125604,1.6371443907675791,4.300858829844337,0.20799785292538917,0.07380568974771873
215,19.80005367686527,18.06226516371444,18.780193236714975,14.88191089640365,16.861245303274288,5.4549114331723025,1.6371443907675791,4.240472356414386,0.20799785292538917,0.07380568974771873
216,20.142243692968332,17.995169082125603,18.51851851851852,14.88191089640365,16.847826086956523,5.4549114331723025,1.6371443907675791,4.240472356414386,0.20799785292538917,0.07380568974771873
217,20.21604938271605,17.975040257648953,18.50509930220075,14.88191089640365,16.847826086956523,5.441492216854535,1.6371443907675791,4.213633923778851,0.20799785292538917,0.07380568974771873
218,20.33011272141707,17.96833064949007,18.471551261406333,14.861782071927,16.80756843800322,5.434782608695652,1.6304347826086956,4.213633923778851,0.20799785292538917,0.07380568974771873
219,20.336822329575952,17.96833064949007,18.471551261406333,14.861782071927,16.800858829844337,5.434782608695652,1.6304347826086956,4.213633923778851,0.20799785292538917,0.07380568974771873
220,20.336822329575952,17.96833064949007,18.471551261406333,14.861782071927,16.800858829844337,5.434782608695652,1.6304347826086956,4.213633923778851,0.20799785292538917,0.07380568974771873
221,20.585077831454644,17.92807300053677,18.317230273752013,14.841653247450349,16.63311862587225,5.387815351583468,1.6304347826086956,4.394793344068707,0.20799785292538917,0.07380568974771873
222,20.645464304884594,17.914653784219002,18.297101449275363,14.814814814814815,16.63311862587225,5.387815351583468,1.6304347826086956,4.394793344068707,0.20799785292538917,0.07380568974771873
223,20.551529790660226,17.713365539452496,18.90096618357488,14.754428341384862,16.606280193236714,5.280461621041331,1.6304347826086956,4.280730005367687,0.20799785292538917,0.07380568974771873
224,20.564949006977994,17.713365539452496,18.90096618357488,14.754428341384862,16.59286097691895,5.280461621041331,1.6304347826086956,4.280730005367687,0.20799785292538917,0.07380568974771873
225,20.759527643585614,17.599302200751477,18.90096618357488,14.626945786366075,16.639828234031132,5.280461621041331,1.6304347826086956,4.280730005367687,0.20799785292538917,0.07380568974771873
226,20.67230273752013,17.324208266237253,18.88083735909823,14.969135802469136,16.75389157273215,5.273752012882448,1.6304347826086956,4.213633923778851,0.20799785292538917,0.07380568974771873
227,20.67230273752013,17.324208266237253,18.88083735909823,14.969135802469136,16.75389157273215,5.273752012882448,1.6304347826086956,4.213633923778851,0.20799785292538917,0.07380568974771873
228,20.719269994632313,17.183306494900698,19.008319914117017,14.969135802469136,16.720343531937736,5.273752012882448,1.6304347826086956,4.213633923778851,0.20799785292538917,0.07380568974771873
229,20.77294685990338,17.183306494900698,19.00161030595813,14.949006977992486,16.700214707461082,5.273752012882448,1.6237251744498122,4.213633923778851,0.20799785292538917,0.07380568974771873
230,21.014492753623188,17.183306494900698,19.00161030595813,14.88191089640365,16.525764895330113,5.273752012882448,1.6237251744498122,4.213633923778851,0.20799785292538917,0.07380568974771873
231,20.578368223295758,16.566022544283413,18.840579710144926,17.20343531937735,15.60654857756307,5.267042404723564,1.6237251744498122,4.032474503488996,0.20799785292538917,0.07380568974771873
232,20.739398819108963,16.49892646269458,18.813741277509394,17.19001610305958,15.573000536768653,5.260332796564681,1.6237251744498122,4.019055287171229,0.20799785292538917,0.07380568974771873
233,20.779656468062264,16.49892646269458,18.800322061191626,17.19001610305958,15.573000536768653,5.233494363929147,1.6237251744498122,4.019055287171229,0.20799785292538917,0.07380568974771873
234,20.893719806763286,16.478797638217927,18.800322061191626,17.14975845410628,15.526033279656469,5.226784755770263,1.6237251744498122,4.019055287171229,0.20799785292538917,0.07380568974771873
235,20.987654320987655,16.478797638217927,18.780193236714975,17.04911433172303,15.4723564143854,5.22007514761138,1.6237251744498122,4.106280193236715,0.20799785292538917,0.07380568974771873
236,21.141975308641975,16.465378421900162,18.733225979602793,16.99543746645196,15.432098765432098,5.22007514761138,1.6237251744498122,4.106280193236715,0.20799785292538917,0.07380568974771873
237,21.32313472893183,16.378153515834676,18.706387546967257,16.888083735909824,15.391841116478798,5.300590445517981,1.6237251744498122,4.106280193236715,0.20799785292538917,0.07380568974771873
238,21.35668276972625,16.378153515834676,18.67283950617284,16.888083735909824,15.391841116478798,5.300590445517981,1.6237251744498122,4.106280193236715,0.20799785292538917,0.07380568974771873
239,21.39694041867955,16.378153515834676,18.646001073537306,16.888083735909824,15.391841116478798,5.287171229200215,1.6237251744498122,4.106280193236715,0.20799785292538917,0.07380568974771873
240,21.504294149221685,16.378153515834676,18.612453032742888,16.874664519592056,15.331454643048845,5.287171229200215,1.6237251744498122,4.106280193236715,0.20799785292538917,0.07380568974771873
241,21.571390230810522,16.364734299516908,18.45813204508857,16.814278046162105,14.9020397208803,5.280461621041331,1.7176596886741815,4.609500805152979,0.20799785292538917,0.07380568974771873
242,21.64519592055824,16.33118625872249,18.451422436929683,16.80756843800322,14.935587761674718,5.233494363929147,1.7042404723564144,4.609500805152979,0.20799785292538917,0.07380568974771873
243,21.68545356951154,16.297638217928075,18.451422436929683,16.80756843800322,14.928878153515834,5.233494363929147,1.7042404723564144,4.609500805152979,0.20799785292538917,0.07380568974771873
244,21.69887278582931,16.297638217928075,18.438003220611915,16.80756843800322,14.928878153515834,5.233494363929147,1.7042404723564144,4.609500805152979,0.20799785292538917,0.07380568974771873
245,21.93370907139023,16.264090177133657,18.276972624798713,16.800858829844337,14.928878153515834,5.233494363929147,1.6706924315619969,4.609500805152979,0.20799785292538917,0.07380568974771873
246,22.14170692431562,16.23725174449812,18.183038110574344,16.76731078904992,14.821524422973699,5.3274288781535155,1.6706924315619969,4.569243156199678,0.20799785292538917,0.07380568974771873
247,22.094739667203434,15.96886741814278,18.095813204508858,16.700214707461082,15.103327965646805,5.340848094471283,1.6706924315619969,4.74369296833065,0.20799785292538917,0.07380568974771873
248,22.16183574879227,15.801127214170693,18.095813204508858,16.700214707461082,15.103327965646805,5.441492216854535,1.6706924315619969,4.74369296833065,0.20799785292538917,0.07380568974771873
249,22.34970477724101,15.660225442834138,18.02871712292002,16.566022544283413,15.063070316693505,5.636070853462158,1.6706924315619969,4.74369296833065,0.20799785292538917,0.07380568974771873
250,22.23564143853999,15.438808373590982,18.471551261406333,16.566022544283413,14.962426194310252,5.629361245303274,1.6706924315619969,4.74369296833065,0.20799785292538917,0.07380568974771873
