,45,50,52,51,55,53,54,56,58
0,99.53703703703704,0.46296296296296297,,,,,,,
1,99.21497584541063,0.785024154589372,,,,,,,
2,98.10118089103597,1.8988191089640365,,,,,,,
3,95.4441760601181,4.555823939881911,,,,,,,
4,92.56575415995705,7.434245840042942,,,,,,,
5,88.41921631776704,11.580783682232958,,,,,,,
6,88.45947396672034,11.540526033279656,,,,,,,
7,88.30515297906602,11.694847020933977,,,,,,,
8,88.33199141170155,11.668008588298443,,,,,,,
9,85.68169618894257,14.318303811057435,,,,,,,
10,76.52979066022544,23.470209339774556,,,,,,,
11,76.56333870101986,23.43666129898014,,,,,,,
12,73.18169618894257,23.845947396672035,2.9723564143853998,,,,,,
13,70.81320450885669,26.214439076757916,2.9723564143853998,,,,,,
14,69.95437466451959,25.946054750402578,2.9723564143853998,1.1272141706924315,,,,,
15,68.66612989801395,27.241009125067094,3.1602254428341383,0.9326355340848095,,,,,
16,66.00912506709608,30.394524959742352,2.6637144390767578,0.9326355340848095,,,,,
17,64.27804616210413,32.18599033816425,2.6033279656468062,0.9326355340848095,,,,,
18,64.31830381105743,32.14573268921095,2.6033279656468062,0.9326355340848095,,,,,
19,64.55984970477724,31.924315619967793,2.5831991411701556,0.9326355340848095,,,,,
20,60.47369833601718,32.14573268921095,4.126409017713366,3.2541599570585076,,,,,
21,60.11808910359635,32.54159957058508,4.086151368760064,3.2541599570585076,,,,,
22,60.158346752549654,32.50134192163178,4.086151368760064,3.2541599570585076,,,,,
23,60.037573805689746,32.62211486849168,4.086151368760064,3.2541599570585076,,,,,
24,52.35507246376812,40.01610305958132,4.086151368760064,3.227321524422974,0.3153515834675255,,,,
25,51.47611379495437,39.734299516908216,4.086151368760064,4.388083735909823,0.3153515834675255,,,,
26,51.55662909286098,37.78851315083199,4.052603327965647,4.388083735909823,0.5837359098228664,1.6304347826086956,,,
27,51.02657004830918,35.33279656468062,4.052603327965647,7.454374664519592,0.3153515834675255,1.596886741814278,0.2214170692431562,,
28,51.328502415458935,32.789855072463766,6.374127750939345,7.273215244229737,0.3153515834675255,1.6975308641975309,0.2214170692431562,,
29,51.09366612989801,31.508319914117017,4.750402576489533,7.273215244229737,0.3153515834675255,1.8719806763285025,3.1870638754696725,,
30,51.1808910359635,31.4747718733226,4.750402576489533,7.273215244229737,0.3153515834675255,1.8719806763285025,3.1333870101986045,,
31,51.36205045625336,31.34728931830381,4.750402576489533,7.273215244229737,0.3153515834675255,1.8384326355340848,3.113258185721954,,
32,51.33521202361782,31.394256575415994,4.750402576489533,7.253086419753086,0.3153515834675255,1.8384326355340848,3.113258185721954,,
33,50.577026301663984,30.401234567901234,4.1532474503489,9.4873859366613,0.3153515834675255,1.8384326355340848,3.227321524422974,,
34,50.536768652710684,29.334406870638755,5.199946323134729,9.447128287707997,0.3153515834675255,2.120236178207193,3.046162104133119,,
35,50.4898013955985,29.367954911433173,5.173107890499195,9.406870638754697,0.3153515834675255,2.120236178207193,3.126677402039721,,
36,50.85882984433709,29.1129898013956,5.173107890499195,9.406870638754697,0.3153515834675255,2.120236178207193,3.012614063338701,,
37,50.85212023617821,29.09957058507783,6.280193236714976,9.380032206119163,0.3153515834675255,1.9524959742351047,2.120236178207193,,
38,48.63794954374664,31.46135265700483,6.226516371443908,9.286097691894794,0.3153515834675255,1.9524959742351047,2.120236178207193,,
39,45.1154052603328,34.14519592055824,6.1929683306494905,10.158346752549651,0.3153515834675255,1.9524959742351047,2.120236178207193,,
40,45.25630703166935,34.05797101449275,6.1929683306494905,10.131508319914117,0.3153515834675255,1.9524959742351047,2.0933977455716586,,
41,45.229468599033815,34.084809447128286,6.1929683306494905,10.131508319914117,0.3153515834675255,1.9524959742351047,2.0933977455716586,,
42,44.39747718733226,35.13150831991412,6.112453032742888,9.31964573268921,0.3153515834675255,1.9524959742351047,2.771068169618894,,
43,44.900697799248526,34.4873859366613,6.112453032742888,9.31964573268921,0.4830917874396135,1.9524959742351047,2.7442297369833604,,
44,44.22302737520129,32.53488996242619,6.112453032742888,11.956521739130435,0.47638217928073,1.9524959742351047,2.7442297369833604,,
45,42.27724100912507,33.64868491680086,6.0654857756307035,12.835480407944177,0.47638217928073,1.9524959742351047,2.7442297369833604,,
46,42.3443370907139,33.621846484165324,6.052066559312936,12.808641975308642,0.47638217928073,1.9524959742351047,2.7442297369833604,,
47,40.103327965646805,29.636339237788512,2.9052603327965647,23.315888352120236,0.7581857219538379,1.9524959742351047,1.328502415458937,,
48,40.01610305958132,29.7638217928073,2.9052603327965647,23.315888352120236,0.7447665056360708,1.9524959742351047,1.3016639828234031,,
49,39.774557165861516,29.381374127750938,2.9052603327965647,23.859366612989803,0.8252818035426731,1.9524959742351047,1.3016639828234031,,
50,39.32501341921632,27.636876006441224,5.414653784219001,24.000268384326354,0.8118625872249061,1.7914653784219001,1.0198604401502953,,
51,28.683574879227052,36.70826623725174,4.797369833601718,23.859366612989803,0.8118625872249061,4.119699409554482,1.0198604401502953,,
52,28.871443907675793,36.560654857756305,4.797369833601718,23.8191089640365,0.8118625872249061,4.119699409554482,1.0198604401502953,,
53,26.261406333870102,44.65915190552872,3.1870638754696725,20.457595276435857,0.4495437466451959,4.441760601180891,0.5434782608695652,,
54,26.38888888888889,44.50483091787439,3.166935050993022,20.45088566827697,0.5904455179817498,4.3545356951154055,0.5434782608695652,,
55,26.684111647879764,44.276704240472355,3.5628019323671496,20.001341921631777,0.5904455179817498,4.341116478797638,0.5434782608695652,,
56,27.03972088030059,43.84057971014493,3.5628019323671496,19.97450348899624,0.7045088566827697,4.341116478797638,0.5367686527106817,,
57,27.106816961889425,43.65942028985507,3.535963499731616,20.2361782071927,0.7045088566827697,4.2203435319377345,0.5367686527106817,,
58,27.093397745571657,43.525228126677405,3.502415458937198,20.21604938271605,0.7045088566827697,4.2203435319377345,0.7380568974771873,,
59,27.180622651637144,43.45813204508857,3.488996242619431,20.209339774557165,0.7045088566827697,4.2203435319377345,0.7380568974771873,,
60,26.455984970477726,42.67981749865808,3.4621578099838968,21.598228663446054,0.8722490606548577,4.193505099302201,0.7380568974771873,,
61,26.221148684916802,38.96269457863661,3.4621578099838968,21.531132581857218,0.8722490606548577,7.03166935050993,1.9189479334406871,,
62,24.92619431025228,37.13768115942029,3.4621578099838968,24.664519592055825,0.8722490606548577,7.03166935050993,1.90552871712292,,
63,24.40955448201825,36.3191089640365,3.4420289855072466,26.019860440150296,0.8722490606548577,7.03166935050993,1.90552871712292,,
64,24.255233494363928,33.3467525496511,3.750670960815888,26.006441223832528,3.7372517444981215,6.998121309715513,1.90552871712292,,
65,24.416264090177133,33.01798174986581,3.750670960815888,25.966183574879228,4.958400429414922,5.750134192163178,2.1403650026838434,,
66,24.664519592055825,32.8972088030059,3.750670960815888,25.85212023617821,4.944981213097155,5.750134192163178,2.1403650026838434,,
67,24.771873322597962,32.8569511540526,3.730542136339238,25.831991411701555,4.944981213097155,5.723295759527644,2.1403650026838434,,
68,24.97987117552335,32.63553408480945,4.374664519592056,25.241545893719806,4.918142780461621,5.709876543209877,2.1403650026838434,,
69,24.986580783682232,29.636339237788512,4.374664519592056,25.207997852925388,8.017981749865807,5.636070853462158,2.1403650026838434,,
70,25.248255501878692,29.086151368760063,8.313204508856682,21.658615136876005,7.991143317230274,5.636070853462158,2.0665593129361244,,
71,25.40257648953301,29.05931293612453,8.031400966183575,21.564680622651636,8.252818035426731,5.622651637144391,2.0665593129361244,,
72,23.11460010735373,31.682769726247987,8.031400966183575,21.504294149221685,8.225979602791197,5.609232420826624,1.8317230273752012,,
73,23.282340311325818,31.635802469135804,7.997852925389157,21.484165324745035,8.199141170155663,5.5689747718733225,1.8317230273752012,,
74,22.71202361782072,32.078636607622116,9.192163177670425,21.470746108427267,8.172302737520129,4.542404723564144,1.8317230273752012,,
75,23.067632850241544,31.97128287707998,9.05126140633387,21.410359634997317,8.13875469672571,4.528985507246377,1.8317230273752012,,
76,23.14814814814815,30.857487922705314,9.004294149221685,22.36983360171766,8.13875469672571,4.528985507246377,1.9524959742351047,,
77,23.336017176596886,30.776972624798713,8.970746108427267,22.29602791196994,8.13875469672571,4.528985507246377,1.9524959742351047,,
78,23.68491680085883,30.56897477187332,8.863392377885132,21.35668276972625,8.132045088566828,5.441492216854535,1.9524959742351047,,
79,24.000268384326354,30.52200751476114,8.829844337090714,20.933977455716587,8.132045088566828,5.783682232957595,1.7981749865807837,,
80,24.188137412775095,30.434782608695652,8.682232957595277,21.027911969940956,8.09849704777241,5.770263016639828,1.7981749865807837,,
81,24.255233494363928,30.394524959742352,8.682232957595277,21.014492753623188,8.09849704777241,5.756843800322061,1.7981749865807837,,
82,24.362587224906065,30.535426731078903,8.662104133118627,20.813204508856682,8.091787439613526,5.736714975845411,1.7981749865807837,,
83,24.12775093934514,33.32662372517445,8.024691358024691,19.269994632313473,7.98443370907139,5.46833064949007,1.7981749865807837,,
84,24.134460547504027,32.57514761137949,7.997852925389157,17.632850241545892,10.48040794417606,5.381105743424584,1.7981749865807837,,
85,24.302200751476114,32.52147074610843,7.957595276435856,17.632850241545892,10.446859903381643,5.340848094471283,1.7981749865807837,,
86,24.214975845410628,31.790123456790123,7.776435856146001,17.753623188405797,11.372785829307569,5.293880837359098,1.7981749865807837,,
87,22.946859903381643,28.878153515834676,5.656199677938808,27.30139559849705,8.266237251744498,5.152979066022544,1.7981749865807837,,
88,23.315888352120236,28.683574879227052,5.622651637144391,27.274557165861513,7.9039184111647875,5.401234567901234,1.7981749865807837,,
89,23.74530327428878,28.65673644659152,5.508588298443371,26.684111647879764,7.9039184111647875,5.703166935050993,1.7981749865807837,,
90,24.315619967793882,28.435319377348364,5.676328502415459,26.321792807300053,7.776435856146001,5.676328502415459,1.7981749865807837,,
91,24.550456253354803,28.381642512077295,5.676328502415459,26.167471819645733,7.749597423510467,5.676328502415459,1.7981749865807837,,
92,24.671229200214707,28.153515834675254,5.877616747181965,26.093666129898015,7.749597423510467,5.656199677938808,1.7981749865807837,,
93,22.24235104669887,31.300322061191626,6.890767579173376,25.033548040794418,7.575147611379496,5.213365539452496,1.7444981213097155,,
94,22.31615673644659,31.260064412238325,6.877348362855609,25.013419216317768,7.575147611379496,5.213365539452496,1.7444981213097155,,
95,22.396672034353195,31.186258722490606,6.877348362855609,25.006709608158882,7.575147611379496,5.213365539452496,1.7444981213097155,,
96,22.463768115942027,31.159420289855074,6.857219538378959,24.751744498121308,7.575147611379496,5.213365539452496,1.9793344068706387,,
97,22.73215244229737,31.132581857219538,6.823671497584541,24.65780998389694,7.5281803542673105,5.146269457863661,1.9793344068706387,,
98,23.00053676865271,30.99838969404187,6.870638754696726,24.550456253354803,7.494632313472893,5.10601180891036,1.9793344068706387,,
99,23.2487922705314,30.817230273752013,6.870638754696726,24.510198604401502,7.494632313472893,5.0791733762748255,1.9793344068706387,,
100,23.423242082662373,30.67632850241546,6.870638754696726,24.36929683306495,7.615405260332796,5.065754159957058,1.9793344068706387,,
101,23.79898013955985,30.340848094471284,6.857219538378959,24.16129898013956,7.608695652173913,5.253623188405797,1.9793344068706387,,
102,23.859366612989803,30.334138486312398,6.843800322061192,24.12775093934514,7.608695652173913,5.246913580246914,1.9793344068706387,,
103,24.44981213097155,30.19994632313473,6.696188942565755,24.074074074074073,7.555018786902845,5.045625335480408,1.9793344068706387,,
104,24.698067632850243,30.03220611916264,6.6827697262479875,24.188137412775095,7.548309178743962,4.871175523349437,1.9793344068706387,,
105,24.859098228663445,28.918411164787976,6.6827697262479875,23.96672034353194,7.769726247987117,5.8239398819108965,1.9793344068706387,,
106,25.308641975308642,28.529253891572733,6.541867954911433,23.859366612989803,7.769726247987117,5.797101449275362,2.1940418679549114,,
107,24.62426194310252,27.26784755770263,6.541867954911433,25.89908749329039,7.763016639828234,5.797101449275362,2.1068169618894257,,
108,25.02012882447665,27.24771873322598,6.535158346752549,25.717928073000536,7.682501341921632,5.689747718733226,2.1068169618894257,,
109,24.792002147074612,26.576757917337627,6.535158346752549,26.744498121309714,7.6556629092860975,5.689747718733226,1.8183038110574343,0.1878690284487386,
110,24.698067632850243,25.11406333870102,6.709608158883521,26.583467525496513,7.407407407407407,7.50805152979066,1.7914653784219001,0.1878690284487386,
111,25.181159420289855,24.55716586151369,6.709608158883521,26.549919484702095,7.360440150295223,7.689210950080516,1.7646269457863661,0.1878690284487386,
112,25.234836285560924,24.416264090177133,6.696188942565755,26.44927536231884,7.333601717659689,7.689210950080516,1.751207729468599,0.4294149221685454,
113,25.644122383252817,24.12104133118626,6.696188942565755,26.42914653784219,7.2933440687063875,7.64224369296833,1.7444981213097155,0.4294149221685454,
114,25.93263553408481,24.040526033279658,6.602254428341385,26.35534084809447,7.253086419753086,7.64224369296833,1.7444981213097155,0.4294149221685454,
115,25.5300590445518,23.141438539989263,6.602254428341385,26.35534084809447,6.870638754696726,9.326355340848094,1.7444981213097155,0.4294149221685454,
116,25.5703166935051,23.101180891035963,7.286634460547504,25.670960815888353,6.870638754696726,9.326355340848094,1.7444981213097155,0.4294149221685454,
117,25.664251207729468,23.09447128287708,7.286634460547504,25.63070316693505,6.870638754696726,9.292807300053678,1.7310789049919484,0.4294149221685454,
118,25.85212023617821,23.03408480944713,7.239667203435319,25.577026301663984,6.870638754696726,9.265968867418144,1.7310789049919484,0.4294149221685454,
119,26.154052603327965,22.852925389157274,7.192699946323135,25.523349436392916,6.857219538378959,9.265968867418144,1.724369296833065,0.4294149221685454,
120,26.321792807300053,22.67176596886742,7.481213097155126,25.308641975308642,6.857219538378959,9.205582393988191,1.724369296833065,0.4294149221685454,
121,26.596886741814277,22.436929683306495,7.461084272678476,25.174449812130973,6.857219538378959,9.353193773483628,1.710950080515298,0.4092860976918948,
122,27.046430488459475,21.980676328502415,7.427536231884058,25.05367686527107,6.850509930220075,9.520933977455716,1.710950080515298,0.4092860976918948,
123,27.274557165861513,21.953837895866883,7.407407407407407,24.92619431025228,6.816961889425658,9.514224369296834,1.6975308641975309,0.4092860976918948,
124,27.375201288244767,21.920289855072465,7.407407407407407,24.89935587761675,6.776704240472356,9.514224369296834,1.6975308641975309,0.4092860976918948,
125,27.2812667740204,21.752549651100377,7.387278582930757,24.89935587761675,7.232957595276436,9.339774557165862,1.6975308641975309,0.4092860976918948,
126,27.34165324745035,21.74584004294149,7.387278582930757,24.89935587761675,7.232957595276436,9.312936124530328,1.6706924315619969,0.4092860976918948,
127,27.241009125067094,21.289586688137412,8.319914117015566,24.765163714439076,7.219538378958669,9.312936124530328,1.442565754159957,0.4092860976918948,
128,27.26784755770263,21.28287707997853,8.319914117015566,24.745034889962426,7.219538378958669,9.312936124530328,1.442565754159957,0.4092860976918948,
129,27.58990874932904,21.22249060654858,8.266237251744498,24.54374664519592,7.212828770799785,9.312936124530328,1.442565754159957,0.4092860976918948,
130,27.677133655394524,21.20907139023081,8.266237251744498,24.54374664519592,7.1725711218464845,9.27938808373591,1.442565754159957,0.4092860976918948,
131,27.78448738593666,21.182232957595275,8.246108427267847,24.516908212560388,7.139023081052066,9.27938808373591,1.442565754159957,0.4092860976918948,
132,28.207192699946322,21.115136876006442,8.192431561996779,24.241814278046164,7.139023081052066,9.252549651100376,1.442565754159957,0.4092860976918948,
133,28.6231884057971,20.933977455716587,8.192431561996779,24.04723564143854,7.152442297369833,9.198872785829307,1.442565754159957,0.4092860976918948,
134,26.710950080515296,19.390767579173378,11.151368760064413,27.026301663982824,6.152710681696189,8.064949006977992,1.093666129898014,0.4092860976918948,
135,26.798174986580783,19.370638754696724,11.131239935587761,26.979334406870638,6.152710681696189,8.064949006977992,1.093666129898014,0.4092860976918948,
136,26.88539989264627,19.35721953837896,11.131239935587761,26.912238325281802,6.152710681696189,8.05823939881911,1.093666129898014,0.4092860976918948,
137,27.106816961889425,19.216317767042405,11.131239935587761,26.838432635534083,6.152710681696189,8.051529790660226,1.093666129898014,0.4092860976918948,
138,25.167740203972087,18.491680085882983,11.003757380568974,30.14626945786366,6.152710681696189,7.588566827697263,1.0399892646269457,0.4092860976918948,
139,25.281803542673106,18.491680085882983,10.976918947933441,30.07246376811594,6.152710681696189,7.575147611379496,1.0399892646269457,0.4092860976918948,
140,25.389157273215243,18.391035963499732,10.943370907139023,30.139559849704778,6.152710681696189,7.548309178743962,1.0265700483091786,0.4092860976918948,
141,25.308641975308642,18.35077831454643,10.903113258185721,30.059044551798173,6.394256575415996,7.548309178743962,1.0265700483091786,0.4092860976918948,
142,25.47638217928073,18.323939881910896,10.88298443370907,29.871175523349436,6.474771873322598,7.5348899624261945,1.0265700483091786,0.4092860976918948,
143,25.764895330112722,18.243424584004295,10.856146001073537,29.78395061728395,6.474771873322598,7.467793880837359,0.9997316156736447,0.4092860976918948,
144,25.77831454643049,18.16290928609769,10.82259796027912,29.931561996779386,6.280193236714976,7.407407407407407,1.2077294685990339,0.4092860976918948,
145,25.697799248523886,17.995169082125603,10.748792270531402,29.918142780461622,6.260064412238325,7.226247987117552,1.7444981213097155,0.4092860976918948,
146,25.91921631776704,17.96833064949007,10.748792270531402,29.750402576489535,6.260064412238325,7.199409554482019,1.7444981213097155,0.4092860976918948,
147,26.006441223832528,17.92807300053677,10.748792270531402,29.683306494900698,6.253354804079442,7.226247987117552,1.7444981213097155,0.4092860976918948,
148,26.10708534621578,17.887815351583466,10.721953837895867,29.683306494900698,6.233225979602791,7.212828770799785,1.7444981213097155,0.4092860976918948,
149,26.234567901234566,17.881105743424584,10.721953837895867,29.60950080515298,6.233225979602791,7.1658615136876005,1.7444981213097155,0.4092860976918948,
150,26.48953301127214,17.659688674181428,10.721953837895867,29.582662372517444,6.226516371443908,7.1658615136876005,1.7444981213097155,0.4092860976918948,
151,26.670692431561996,17.599302200751477,10.721953837895867,29.49543746645196,6.374127750939345,6.984702093397746,1.7444981213097155,0.4092860976918948,
152,26.798174986580783,17.52549651100376,10.701825013419215,29.49543746645196,6.367418142780462,7.065217391304348,1.6371443907675791,0.4092860976918948,
153,26.590177133655395,16.7337627482555,10.701825013419215,30.62265163714439,6.367418142780462,7.065217391304348,1.6371443907675791,0.28180354267310787,
154,27.086688137412775,16.7337627482555,10.681696188942565,30.280461621041333,6.233225979602791,6.937734836285561,1.778046162104133,0.2683843263553409,
155,27.294685990338163,16.659957058507782,10.681696188942565,30.159688674181428,6.219806763285024,6.937734836285561,1.778046162104133,0.2683843263553409,
156,26.85185185185185,16.022544283413847,10.413311862587225,29.918142780461622,6.219806763285024,6.394256575415996,3.8177670424047236,0.2683843263553409,0.0939345142243693
157,27.106816961889425,15.98899624261943,10.413311862587225,29.696725711218466,6.219806763285024,6.394256575415996,3.8177670424047236,0.2683843263553409,0.0939345142243693
158,27.147074610842726,15.888352120236178,10.399892646269459,29.528985507246375,6.1862587224906065,6.696188942565755,3.7909286097691894,0.2683843263553409,0.0939345142243693
159,27.140365002683843,15.881642512077295,10.399892646269459,29.300858829844337,6.159420289855072,6.6827697262479875,3.7909286097691894,0.5501878690284487,0.0939345142243693
160,27.2812667740204,15.881642512077295,10.399892646269459,29.26731078904992,6.072195383789587,6.662640901771336,3.7909286097691894,0.5501878690284487,0.0939345142243693
161,27.616747181964573,15.861513687600644,10.312667740203972,29.139828234031132,6.0587761674718195,6.575415995705851,3.7909286097691894,0.5501878690284487,0.0939345142243693
162,27.74422973698336,15.861513687600644,10.312667740203972,29.05931293612453,6.038647342995169,6.5485775630703165,3.7909286097691894,0.5501878690284487,0.0939345142243693
163,27.965646806226516,15.807836822329575,10.312667740203972,29.012345679012345,5.984970477724101,6.494900697799249,3.7775093934514223,0.5501878690284487,0.0939345142243693
164,28.442028985507246,15.74074074074074,10.258990874932904,28.81105743424584,5.984970477724101,6.347289318303811,3.7775093934514223,0.5434782608695652,0.0939345142243693
165,28.14680622651637,15.28448738593666,10.225442834138486,28.442028985507246,6.099033816425121,6.293612453032743,4.871175523349437,0.5434782608695652,0.0939345142243693
166,28.287707997852927,15.277777777777779,10.19189479334407,28.37493290391841,6.0654857756307035,6.293612453032743,4.871175523349437,0.5434782608695652,0.0939345142243693
167,28.455448201825014,15.13016639828234,10.19189479334407,28.23403113258186,5.958132045088567,6.293612453032743,5.0993022007514766,0.5434782608695652,0.0939345142243693
168,28.61647879763822,15.08990874932904,10.185185185185185,28.12667740203972,5.958132045088567,6.293612453032743,5.0993022007514766,0.5367686527106817,0.0939345142243693
169,28.73054213633924,15.063070316693505,10.185185185185185,28.073000536768653,5.958132045088567,6.280193236714976,5.0791733762748255,0.5367686527106817,0.0939345142243693
170,28.99892646269458,15.002683843263553,10.144927536231885,27.9723564143854,5.9514224369296835,6.280193236714976,5.018786902844874,0.5367686527106817,0.0939345142243693
171,29.045893719806763,14.935587761674718,10.144927536231885,27.78448738593666,5.8172302737520125,6.280193236714976,5.360976918947934,0.5367686527106817,0.0939345142243693
172,29.09957058507783,14.928878153515834,10.144927536231885,27.3215244229737,5.931293612453032,6.260064412238325,5.3341384863123995,0.8856682769726248,0.0939345142243693
173,29.1935050993022,14.915458937198068,10.144927536231885,27.26113794954375,5.931293612453032,6.246645195920558,5.3341384863123995,0.8789586688137413,0.0939345142243693
174,29.49543746645196,14.821524422973699,10.131508319914117,27.18733225979603,5.931293612453032,6.246645195920558,5.213365539452496,0.8789586688137413,0.0939345142243693
175,29.334406870638755,14.720880300590446,10.131508319914117,27.26113794954375,5.891035963499732,6.474771873322598,5.213365539452496,0.8789586688137413,0.0939345142243693
176,29.341116478797638,14.720880300590446,10.131508319914117,27.254428341384862,5.891035963499732,6.474771873322598,5.213365539452496,0.8789586688137413,0.0939345142243693
177,29.381374127750938,14.720880300590446,10.131508319914117,27.22758990874933,5.877616747181965,6.474771873322598,5.213365539452496,0.8789586688137413,0.0939345142243693
178,29.488727858293075,14.65378421900161,10.104669887278583,27.214170692431562,5.877616747181965,6.474771873322598,5.213365539452496,0.8789586688137413,0.0939345142243693
179,29.656468062265162,14.546430488459475,10.071121846484166,27.200751476113794,5.864197530864198,6.474771873322598,5.213365539452496,0.8789586688137413,0.0939345142243693
180,29.871175523349436,14.358561460010735,10.037573805689748,27.147074610842726,5.864197530864198,6.3070316693505095,5.199946323134729,1.1205045625335481,0.0939345142243693
181,30.059044551798173,14.298174986580785,10.030864197530864,27.13365539452496,5.850778314546431,6.3070316693505095,5.10601180891036,1.1205045625335481,0.0939345142243693
182,30.112721417069242,14.257917337627482,9.836285560923242,27.01959205582394,5.770263016639828,6.696188942565755,5.092592592592593,1.1205045625335481,0.0939345142243693
183,30.273752012882447,14.244498121309716,9.822866344605474,26.7914653784219,5.911164787976382,6.689479334406871,5.0791733762748255,1.093666129898014,0.0939345142243693
184,30.300590445517983,14.244498121309716,9.822866344605474,26.7914653784219,5.897745571658615,6.6760601180891035,5.0791733762748255,1.093666129898014,0.0939345142243693
185,30.50858829844337,14.244498121309716,9.762479871175524,26.65727321524423,5.884326355340848,6.6760601180891035,5.0791733762748255,1.093666129898014,0.0939345142243693
186,30.58239398819109,14.224369296833064,9.749060654857756,26.617015566290927,5.884326355340848,6.6760601180891035,5.0791733762748255,1.093666129898014,0.0939345142243693
187,30.48845947396672,14.821524422973699,9.628287707997853,26.362050456253353,5.864197530864198,6.595544820182502,5.0791733762748255,1.06682769726248,0.0939345142243693
188,30.56226516371444,14.80810520665593,9.608158883521202,26.33521202361782,5.850778314546431,6.595544820182502,5.0791733762748255,1.06682769726248,0.0939345142243693
189,30.66290928609769,14.781266774020397,9.608158883521202,26.268115942028984,5.850778314546431,6.595544820182502,5.072463768115942,1.06682769726248,0.0939345142243693
190,30.857487922705314,14.781266774020397,9.473966720343531,26.261406333870102,5.850778314546431,6.541867954911433,5.072463768115942,1.06682769726248,0.0939345142243693
191,30.99838969404187,14.673913043478262,9.73564143853999,26.174181427804616,5.850778314546431,6.541867954911433,4.864465915190553,1.06682769726248,0.0939345142243693
192,31.353998926462694,14.647074610842727,9.71551261406334,26.04669887278583,5.844068706387547,6.488191089640365,4.824208266237251,0.9863123993558777,0.0939345142243693
193,31.45464304884595,14.579978529253891,9.708803005904455,26.03327965646806,5.83064949006978,6.488191089640365,4.824208266237251,0.9863123993558777,0.0939345142243693
194,31.548577563070317,14.579978529253891,9.708803005904455,25.966183574879228,5.83064949006978,6.468062265163715,4.824208266237251,0.9863123993558777,0.08722490606548577
195,31.48148148148148,14.53972088030059,9.96376811594203,26.060118089103597,5.636070853462158,6.447933440687064,4.810789049919484,0.9863123993558777,0.07380568974771873
196,31.729736983360173,14.445786366076222,9.943639291465379,25.939345142243692,5.636070853462158,6.4345142243692965,4.810789049919484,0.9863123993558777,0.07380568974771873
197,31.608964036500268,14.27133655394525,9.943639291465379,25.72463768115942,5.515297906602254,6.9243156199677935,4.951690821256038,0.9863123993558777,0.07380568974771873
198,31.790123456790123,14.27133655394525,9.943639291465379,25.6105743424584,5.4616210413311865,6.910896403650026,4.951690821256038,0.9863123993558777,0.07380568974771873
199,31.5955448201825,14.244498121309716,9.930220075147611,26.10708534621578,5.428073000536768,6.904186795491143,4.730273752012883,0.9863123993558777,0.07380568974771873
200,31.796833064949006,14.197530864197532,10.48040794417606,25.87895866881374,5.401234567901234,6.723027375201288,4.461889425657541,0.9863123993558777,0.07380568974771873
201,32.024959742351044,14.318303811057435,10.48040794417606,25.657541599570585,5.360976918947934,6.642512077294686,4.455179817498658,0.9863123993558777,0.07380568974771873
202,32.038378958668815,14.2914653784219,10.802469135802468,25.577026301663984,5.287171229200215,6.622383252818035,4.327697262479871,0.9796027911969941,0.07380568974771873
203,32.15915190552872,14.284755770263017,10.735373054213634,25.5300590445518,5.287171229200215,6.622383252818035,4.327697262479871,0.9796027911969941,0.07380568974771873
204,32.25308641975309,14.278046162104133,10.735373054213634,25.489801395598498,5.267042404723564,6.595544820182502,4.327697262479871,0.9796027911969941,0.07380568974771873
205,32.2866344605475,14.264626945786366,10.607890499194847,25.489801395598498,5.267042404723564,6.595544820182502,4.455179817498658,0.9594739667203436,0.07380568974771873
206,32.35373054213634,14.06333870101986,10.48040794417606,25.617283950617285,5.267042404723564,6.582125603864735,4.602791196994096,0.9594739667203436,0.07380568974771873
207,32.400697799248526,14.04320987654321,10.446859903381643,25.429414922168544,5.46833064949007,6.575415995705851,4.602791196994096,0.9594739667203436,0.07380568974771873
208,32.49463231347289,14.023081052066559,10.426731078904991,25.40257648953301,5.441492216854535,6.454643048845948,4.5893719806763285,0.9594739667203436,0.20799785292538917
209,32.58185721953838,13.996242619431026,10.426731078904991,25.40257648953301,5.441492216854535,6.394256575415996,4.5893719806763285,0.9594739667203436,0.20799785292538917
210,32.66237251744498,13.976113794954374,10.399892646269459,25.39586688137413,5.434782608695652,6.387546967257112,4.5893719806763285,0.9594739667203436,0.19457863660762212
211,32.669082125603865,13.94927536231884,11.023886205045626,24.93961352657005,5.434782608695652,6.387546967257112,4.455179817498658,0.9460547504025765,0.19457863660762212
212,32.830112721417066,13.90901771336554,10.990338164251208,24.852388620504563,5.434782608695652,6.387546967257112,4.455179817498658,0.9460547504025765,0.19457863660762212
213,32.870370370370374,13.902308105206655,10.976918947933441,24.84567901234568,5.421363392377885,6.387546967257112,4.455179817498658,0.9460547504025765,0.19457863660762212
214,33.19914117015566,13.88888888888889,10.963499731615673,24.490069779924852,5.381105743424584,6.481481481481482,4.455179817498658,0.9460547504025765,0.19457863660762212
215,33.40713902308105,13.83521202361782,10.923242082662373,24.456521739130434,5.381105743424584,6.454643048845948,4.40150295222759,0.9460547504025765,0.19457863660762212
216,33.467525496511,13.81508319914117,10.88298443370907,24.248523886205046,5.629361245303274,6.454643048845948,4.361245303274289,0.9460547504025765,0.19457863660762212
217,33.08507783145464,13.506441223832528,10.88298443370907,24.792002147074612,5.4616210413311865,6.454643048845948,4.703435319377348,0.9192163177670424,0.19457863660762212
218,33.24610842726785,13.486312399355878,10.88298443370907,24.718196457326894,5.448201825013419,6.414385399892646,4.690016103059581,0.9192163177670424,0.19457863660762212
219,33.3870101986044,13.425925925925926,10.782340311325818,24.812130971551262,5.401234567901234,6.387546967257112,4.690016103059581,0.9192163177670424,0.19457863660762212
220,33.581588835212024,13.419216317767042,10.748792270531402,24.684648416532475,5.401234567901234,6.360708534621578,4.690016103059581,0.9192163177670424,0.19457863660762212
221,33.279656468062264,13.264895330112722,11.513687600644122,24.422973698336016,5.35426731078905,6.360708534621578,4.690016103059581,0.9192163177670424,0.19457863660762212
222,33.21926999463231,13.24476650563607,11.855877616747183,24.208266237251745,5.35426731078905,6.3137412775093935,4.690016103059581,0.9192163177670424,0.19457863660762212
223,33.46081588835212,13.24476650563607,11.829039184111648,23.825818572195384,5.280461621041331,6.3137412775093935,4.931561996779388,0.9192163177670424,0.19457863660762212
224,33.5077831454643,13.20450885668277,11.829039184111648,23.825818572195384,5.273752012882448,6.3137412775093935,4.931561996779388,0.9192163177670424,0.19457863660762212
225,32.890499194847024,13.197799248523886,11.66129898013956,23.21524422973698,5.260332796564681,7.924047235641439,4.931561996779388,0.7246376811594203,0.19457863660762212
226,33.071658615136876,12.962962962962964,11.60762211486849,23.07434245840043,5.260332796564681,7.877079978529254,5.24020397208803,0.7246376811594203,0.18115942028985507
227,33.17230273752013,12.95625335480408,11.58749329039184,23.060923242082662,5.260332796564681,7.856951154052603,5.199946323134729,0.7246376811594203,0.18115942028985507
228,33.4272678475577,12.95625335480408,11.520397208803006,22.940150295222757,5.260332796564681,7.803274288781535,5.199946323134729,0.7112184648416533,0.18115942028985507
229,33.66881374127751,12.808641975308642,11.352657004830919,23.11460010735373,5.199946323134729,7.776435856146001,5.186527106816962,0.7112184648416533,0.18115942028985507
230,33.823134728931834,12.76838432635534,11.305689747718732,22.946859903381643,5.146269457863661,7.930756843800322,5.186527106816962,0.7112184648416533,0.18115942028985507
231,34.01100375738057,12.74825550187869,11.265432098765432,22.933440687063875,5.065754159957058,7.9039184111647875,5.179817498658078,0.7112184648416533,0.18115942028985507
232,34.10493827160494,12.734836285560924,11.406333870101985,22.832796564680624,5.052334943639291,7.883789586688137,5.092592592592593,0.7112184648416533,0.18115942028985507
233,34.40016103059581,12.734836285560924,11.285560923242082,22.758990874932906,5.052334943639291,7.823403113258186,5.0791733762748255,0.6843800322061192,0.18115942028985507
234,34.554482018250134,12.734836285560924,11.272141706924316,22.67176596886742,5.045625335480408,7.823403113258186,5.032206119162641,0.6843800322061192,0.18115942028985507
235,34.66854535695116,12.734836285560924,11.245303274288782,22.611379495437465,5.032206119162641,7.809983896940419,5.032206119162641,0.6843800322061192,0.18115942028985507
236,34.74906065485776,12.681159420289855,11.245303274288782,22.584541062801932,5.032206119162641,7.809983896940419,5.032206119162641,0.6843800322061192,0.18115942028985507
237,35.34621578099839,12.439613526570048,11.11111111111111,22.50402576489533,4.938271604938271,7.769726247987117,5.032206119162641,0.6776704240472357,0.18115942028985507
238,35.41331186258722,12.057165861513688,11.104401502952227,22.269189479334408,5.0791733762748255,7.601986044015029,5.622651637144391,0.6709608158883521,0.18115942028985507
239,35.32608695652174,11.876006441223833,10.976918947933441,22.12157809983897,5.837359098228664,7.4006977992485234,5.609232420826624,0.6709608158883521,0.18115942028985507
240,35.42673107890499,11.808910359634996,10.976918947933441,21.886741814278047,5.837359098228664,7.360440150295223,5.850778314546431,0.6709608158883521,0.18115942028985507
241,35.55421363392378,11.75523349436393,10.976918947933441,21.85319377348363,5.797101449275362,7.360440150295223,5.850778314546431,0.6709608158883521,0.18115942028985507
242,35.889694041867955,11.714975845410628,10.976918947933441,21.631776704240472,5.797101449275362,7.360440150295223,5.8239398819108965,0.6239935587761675,0.18115942028985507
243,36.04401502952228,11.688137412775093,10.68840579710145,21.537842190016104,5.750134192163178,7.273215244229737,6.112453032742888,0.7246376811594203,0.18115942028985507
244,36.07756307031669,11.688137412775093,10.68840579710145,21.511003757380568,5.750134192163178,7.273215244229737,6.112453032742888,0.7179280730005367,0.18115942028985507
245,35.88298443370907,11.688137412775093,10.970209339774557,21.32313472893183,5.750134192163178,7.273215244229737,6.213097155126141,0.7179280730005367,0.18115942028985507
246,35.93666129898014,11.66129898013956,11.030595813204508,21.309715512614062,5.689747718733226,7.273215244229737,6.199677938808374,0.7179280730005367,0.18115942028985507
247,35.97691894793344,11.647879763821793,11.030595813204508,21.162104133118625,5.689747718733226,7.447665056360709,6.146001073537305,0.7179280730005367,0.18115942028985507
248,35.96349973161568,11.634460547504025,11.345947396672035,20.78636607622115,5.676328502415459,7.615405260332796,6.078904991948471,0.7179280730005367,0.18115942028985507
249,36.06414385399893,11.621041331186259,11.292270531400966,20.779656468062264,5.676328502415459,7.608695652173913,6.0654857756307035,0.7112184648416533,0.18115942028985507
250,36.28556092324208,11.614331723027375,11.292270531400966,20.685721953837895,5.595813204508857,7.595276435856146,6.038647342995169,0.7112184648416533,0.18115942028985507
251,36.26543209876543,11.500268384326356,11.218464841653248,20.625335480407944,5.495169082125604,7.454374664519592,6.233225979602791,1.0265700483091786,0.18115942028985507
252,36.46672034353194,11.379495437466453,11.218464841653248,20.611916264090176,5.46833064949007,7.454374664519592,6.1929683306494905,1.0265700483091786,0.18115942028985507
253,36.513687600644126,11.379495437466453,11.218464841653248,20.605206655931294,5.4549114331723025,7.427536231884058,6.1929683306494905,1.0265700483091786,0.18115942028985507
254,36.574074074074076,11.3593666129898,11.191626409017713,20.605206655931294,5.4549114331723025,7.4141170155662905,6.1929683306494905,1.0265700483091786,0.18115942028985507
255,36.72168545356951,11.3593666129898,11.902844873859367,19.840311325818572,5.434782608695652,7.380568974771873,6.152710681696189,1.0265700483091786,0.18115942028985507
256,36.842458400429415,11.198336017176597,11.862587224906065,19.424315619967793,5.428073000536768,7.360440150295223,6.340579710144928,1.3620504562533549,0.18115942028985507
257,36.943102522812666,10.93666129898014,11.829039184111648,19.363929146537842,5.374396135265701,7.320182501341922,6.723027375201288,1.328502415458937,0.18115942028985507
258,36.24530327428878,10.929951690821255,14.130434782608695,18.10252281266774,5.226784755770263,7.320182501341922,6.5485775630703165,1.3150831991411702,0.18115942028985507
259,36.3996242619431,10.929951690821255,14.130434782608695,18.02200751476114,5.179817498658078,7.2933440687063875,6.5485775630703165,1.3150831991411702,0.18115942028985507
260,36.46672034353194,10.923242082662373,14.130434782608695,17.807300053676865,5.179817498658078,7.2933440687063875,6.508319914117015,1.5096618357487923,0.18115942028985507
261,35.37305421363392,10.68840579710145,13.7211486849168,18.9747718733226,4.562533548040794,7.1658615136876005,7.950885668276973,1.442565754159957,0.12077294685990338
262,35.527375201288244,10.560923242082662,14.036500268384327,18.9747718733226,4.502147074610843,7.152442297369833,7.682501341921632,1.442565754159957,0.12077294685990338
263,35.65485775630703,10.554213633923778,14.029790660225443,18.90096618357488,4.4820182501341925,7.152442297369833,7.6623725174449815,1.442565754159957,0.12077294685990338
264,35.621309715512616,10.513955984970478,13.942565754159958,18.907675791733762,4.4820182501341925,7.367149758454106,7.601986044015029,1.442565754159957,0.12077294685990338
265,36.05743424584004,10.319377348362856,13.88888888888889,18.625872249060656,4.4820182501341925,7.360440150295223,7.702630166398282,1.442565754159957,0.12077294685990338
266,36.198336017176594,10.258990874932904,13.862050456253355,18.592324208266238,4.4753086419753085,7.347020933977456,7.702630166398282,1.442565754159957,0.12077294685990338
267,36.08427267847558,10.205314009661835,13.801663982823403,18.531937734836287,4.4753086419753085,7.347020933977456,7.991143317230274,1.442565754159957,0.12077294685990338
268,36.231884057971016,10.205314009661835,13.66076221148685,18.5252281266774,4.4753086419753085,7.347020933977456,7.991143317230274,1.442565754159957,0.12077294685990338
269,36.43317230273752,10.151637144390767,13.620504562533547,18.511808910359633,4.4753086419753085,7.27992485238862,7.96430488459474,1.442565754159957,0.12077294685990338
270,36.60762211486849,10.084541062801932,13.613794954374665,18.46484165324745,4.4753086419753085,7.27992485238862,7.9106280193236715,1.442565754159957,0.12077294685990338
271,36.74852388620504,10.064412238325282,13.533279656468062,18.46484165324745,4.435050993022007,7.27992485238862,7.9106280193236715,1.442565754159957,0.12077294685990338
