,45,50,53,55,51,52,54,56,58,57,59,61,62,60,46,63
0,86.520397208803,13.446054750402576,0.03354804079441761,,,,,,,,,,,,,
1,86.06414385399893,13.868760064412239,0.03354804079441761,0.03354804079441761,,,,,,,,,,,,
2,85.50053676865271,14.244498121309716,0.03354804079441761,0.14090177133655393,0.08051529790660225,,,,,,,,,,,
3,82.80327428878154,16.465378421900162,0.05367686527106817,0.15432098765432098,0.0939345142243693,0.4294149221685454,,,,,,,,,,
4,74.73161567364465,22.21551261406334,2.26784755770263,0.24154589371980675,0.1274825550187869,0.41599570585077833,,,,,,,,,,
5,69.61218464841653,26.67740203972088,2.3752012882447664,0.6038647342995169,0.15432098765432098,0.4294149221685454,0.14761137949543746,,,,,,,,,
6,67.914653784219,24.06736446591519,2.3215244229736984,0.630703166935051,4.488727858293076,0.4294149221685454,0.14761137949543746,,,,,,,,,
7,65.10332796564681,26.710950080515296,2.428878153515835,0.6910896403650026,4.488727858293076,0.4294149221685454,0.14761137949543746,,,,,,,,,
8,64.92887815351584,26.912238325281802,2.395330112721417,0.7246376811594203,4.461889425657541,0.4294149221685454,0.14761137949543746,,,,,,,,,
9,62.34567901234568,29.314278046162105,2.4020397208803006,0.7783145464304885,4.522275899087493,0.4428341384863124,0.14761137949543746,0.03354804079441761,0.013419216317767043,,,,,,,
10,39.65378421900161,55.43478260869565,0.16774020397208803,0.3824476650563607,4.1532474503489,0.026838432635534086,0.18115942028985507,,,,,,,,,
11,27.74422973698336,60.68169618894257,0.16774020397208803,0.5971551261406334,10.601180891035963,0.026838432635534086,0.18115942028985507,,,,,,,,,
12,27.636876006441224,46.07487922705314,0.16774020397208803,0.5837359098228664,25.295222758990874,0.026838432635534086,0.18115942028985507,0.03354804079441761,,,,,,,,
13,27.32823403113258,44.75979602791197,0.16774020397208803,0.8454106280193237,25.07380568974772,0.11406333870101985,1.6572732152442298,0.05367686527106817,,,,,,,,
14,27.100107353730543,44.79334406870639,0.16774020397208803,0.9930220075147611,25.09393451422437,0.11406333870101985,1.5230810520665594,0.08051529790660225,,0.13419216317767044,,,,,,
15,24.288781535158346,47.32286634460547,0.2616747181964573,1.2412775093934514,24.731615673644658,0.11406333870101985,1.5230810520665594,0.3824476650563607,,0.13419216317767044,,,,,,
16,21.672034353193773,49.85238862050456,0.2616747181964573,1.415727321524423,24.54374664519592,0.11406333870101985,1.5096618357487923,0.49651100375738055,,0.13419216317767044,,,,,,
17,21.76596886741814,49.604133118625874,0.2885131508319914,1.5230810520665594,24.376006441223833,0.11406333870101985,1.5432098765432098,0.6508319914117016,,0.13419216317767044,,,,,,
18,18.907675791733762,52.12694578636608,0.2885131508319914,1.9390767579173376,24.228395061728396,0.11406333870101985,1.5432098765432098,0.7179280730005367,,0.13419216317767044,,,,,,
19,16.800858829844337,35.02415458937198,0.2616747181964573,1.596886741814278,45.67901234567901,0.10064412238325282,0.16774020397208803,0.36902844873859364,,,,,,,,
20,16.720343531937736,35.02415458937198,0.2616747181964573,1.6572732152442298,45.41733762748255,0.10064412238325282,0.20128824476650564,0.6172839506172839,,,,,,,,
21,16.700214707461082,34.98389694041868,0.2616747181964573,1.7176596886741815,45.14224369296833,0.10064412238325282,0.2281266774020397,0.8655394524959742,,,,,,,,
22,16.72705314009662,34.655126140633385,0.32877079978529256,1.892109500805153,44.887278582930755,0.13419216317767044,0.322061191626409,1.0534084809447128,,,,,,,,
23,15.901771336553946,31.82367149758454,0.32877079978529256,1.865271068169619,48.32259796027912,0.16774020397208803,0.3153515834675255,1.2748255501878691,,,,,,,,
24,15.942028985507246,31.662640901771336,0.32877079978529256,1.9256575415995705,47.89318303811057,0.2616747181964573,0.32877079978529256,1.6572732152442298,,,,,,,,
25,15.908480944712828,31.655931293612454,0.39586688137412773,1.9524959742351047,47.67176596886742,0.2616747181964573,0.3153515834675255,1.8384326355340848,,,,,,,,
26,15.92860976918948,31.166129898013956,0.41599570585077833,2.24771873322598,47.416800858829845,0.39586688137412773,0.3153515834675255,2.1135265700483092,,,,,,,,
27,15.962157809983896,30.951422436929683,0.5971551261406334,2.5966183574879227,45.21604938271605,0.3488996242619431,0.3153515834675255,4.012345679012346,,,,,,,,
28,15.237520128824476,25.731347289318304,0.4428341384863124,2.49597423510467,44.6256038647343,0.322061191626409,6.910896403650026,4.139828234031133,,,0.0939345142243693,,,,,
29,15.157004830917874,25.53676865271068,0.4428341384863124,2.4691358024691357,44.39076757917338,0.322061191626409,7.085346215780999,4.428341384863124,0.013419216317767043,,0.15432098765432098,,,,,
30,14.237788513150832,25.583735909822867,0.5233494363929146,2.6704240472356413,44.907407407407405,0.3153515834675255,7.192699946323135,4.40150295222759,0.013419216317767043,,0.15432098765432098,,,,,
31,13.81508319914117,25.95276435856146,0.4830917874396135,3.2340311325818574,43.833870101986044,0.30864197530864196,7.071926999463232,5.0858829844337095,0.013419216317767043,,0.16774020397208803,0.03354804079441761,,,,
32,13.895598497047773,25.85882984433709,0.5434782608695652,3.260869565217391,41.80085882984434,0.32877079978529256,7.051798174986581,7.018250134192163,0.013419216317767043,,0.20128824476650564,0.026838432635534086,,,,
33,13.942565754159958,24.27536231884058,0.5636070853462157,3.408480944712829,41.18357487922705,0.32877079978529256,8.742619431025227,7.326892109500805,0.013419216317767043,,0.2147074610842727,,,,,
34,13.935856146001074,24.248523886205046,0.6038647342995169,3.6500268384326353,40.727321524422976,0.322061191626409,8.68894256575416,7.541599570585078,0.013419216317767043,,0.2683843263553409,,,,,
35,13.942565754159958,24.12775093934514,0.6038647342995169,3.69699409554482,40.39855072463768,0.35560923242082665,8.621846484165324,7.830112721417069,0.013419216317767043,0.04696725711218465,0.35560923242082665,0.0067096081588835215,,,,
36,13.989533011272142,23.980139559849704,0.6508319914117016,3.8848631239935587,40.063070316693505,0.35560923242082665,8.635265700483092,7.997852925389157,0.013419216317767043,0.04696725711218465,0.3757380568974772,0.0067096081588835215,,,,
37,13.372249060654857,23.825818572195384,0.644122383252818,5.810520665593129,36.621041331186255,1.9122383252818036,9.567901234567902,7.742887815351583,0.013419216317767043,0.10735373054213634,0.3757380568974772,0.0067096081588835215,,,,
38,13.023349436392914,23.43666129898014,1.5096618357487923,5.730005367686527,36.28556092324208,1.9122383252818036,9.601449275362318,7.997852925389157,0.013419216317767043,0.10735373054213634,0.3488996242619431,0.03354804079441761,,,,
39,13.063607085346217,23.336017176596886,1.5096618357487923,5.870907139023081,36.22517444981213,1.9122383252818036,9.574610842726784,8.004562533548041,0.013419216317767043,0.10735373054213634,0.3488996242619431,0.03354804079441761,,,,
40,12.99651100375738,22.893183038110575,1.5096618357487923,6.776704240472356,35.319377348362856,2.636876006441224,9.400161030595813,7.930756843800322,0.013419216317767043,0.10735373054213634,0.36902844873859364,0.04696725711218465,,,,
41,12.969672571121846,22.819377348362856,1.556629092860977,6.816961889425658,35.138217928073,2.6637144390767578,9.406870638754697,8.091787439613526,0.013419216317767043,0.10735373054213634,0.36902844873859364,0.04696725711218465,,,,
42,12.99651100375738,22.665056360708533,5.112721417069243,6.884057971014493,32.74288781535159,1.9189479334406871,10.869565217391305,6.273483628556092,,0.04696725711218465,0.4227053140096618,0.06709608158883522,,,,
43,12.795222758990874,22.638217928073,5.038915727321524,5.750134192163178,26.341921631776703,11.225174449812132,10.661567364465915,4.87788513150832,,0.18115942028985507,0.4227053140096618,0.06709608158883522,,,,
44,12.801932367149758,22.564412238325282,5.018786902844874,6.092324208266238,26.02657004830918,10.265700483091788,10.648148148148149,4.918142780461621,,1.1473429951690821,0.43612453032742887,0.08051529790660225,,,,
45,12.808641975308642,22.396672034353195,5.018786902844874,6.159420289855072,26.006441223832528,10.292538915727322,10.668276972624799,4.9651100375738055,,1.1137949543746646,0.4562533548040794,0.08051529790660225,0.03354804079441761,,,
46,12.338969404186795,20.813204508856682,4.38137412775094,5.904455179817498,29.32769726247987,10.25228126677402,10.292538915727322,5.032206119162641,,1.06682769726248,0.4562533548040794,0.07380568974771873,0.03354804079441761,0.026838432635534086,,
47,12.27187332259796,20.343531937734838,4.300858829844337,5.2066559312936125,27.046430488459475,14.251207729468598,10.084541062801932,4.663177670424047,0.06709608158883522,1.1674718196457328,0.46296296296296297,0.07380568974771873,0.03354804079441761,0.026838432635534086,,
48,12.31213097155126,20.189210950080515,4.300858829844337,5.381105743424584,26.979334406870638,14.257917337627482,10.044283413848632,4.62962962962963,0.06709608158883522,1.1674718196457328,0.5501878690284487,0.06038647342995169,0.03354804079441761,0.026838432635534086,,
49,12.345679012345679,20.169082125603865,4.26731078904992,5.495169082125604,26.78475577026302,14.184111647879764,10.057702630166398,4.7101449275362315,0.10064412238325282,1.2144390767579174,0.5501878690284487,0.06038647342995169,0.03354804079441761,0.026838432635534086,,
50,12.31213097155126,20.128824476650564,4.26731078904992,5.414653784219001,26.724369296833064,14.190821256038648,9.950348899624261,4.757112184648417,0.10064412238325282,1.3352120236178207,0.6374127750939346,0.06038647342995169,0.03354804079441761,0.06038647342995169,0.026838432635534086,
51,12.379227053140097,20.04830917874396,4.26731078904992,5.4549114331723025,26.65727321524423,14.190821256038648,9.836285560923242,4.74369296833065,0.10064412238325282,1.3486312399355878,0.7514761137949544,0.08051529790660225,0.03354804079441761,0.08051529790660225,0.026838432635534086,
52,12.265163714439076,19.89398819108964,4.092860976918948,5.35426731078905,26.261406333870102,14.049919484702093,10.849436392914654,4.770531400966184,0.1274825550187869,1.3486312399355878,0.7380568974771873,0.08051529790660225,0.03354804079441761,0.10735373054213634,0.026838432635534086,
53,12.245034889962426,19.753086419753085,4.1129898013955986,5.4616210413311865,26.120504562533547,14.029790660225443,10.628019323671497,4.918142780461621,0.16774020397208803,1.3620504562533549,0.9259259259259259,0.08051529790660225,0.03354804079441761,0.13419216317767044,0.026838432635534086,
54,12.399355877616747,19.639023081052066,4.119699409554482,5.488459473966721,25.986312399355878,13.976113794954374,10.581052066559312,4.8376274825550185,0.16774020397208803,1.4090177133655395,1.0332796564680622,0.1274825550187869,0.03354804079441761,0.17444981213097155,0.026838432635534086,
55,12.4597423510467,19.598765432098766,4.079441760601181,5.542136339237788,25.925925925925927,13.808373590982287,10.59447128287708,4.938271604938271,0.20128824476650564,1.4761137949543746,0.9997316156736447,0.14090177133655393,0.03354804079441761,0.17444981213097155,0.026838432635534086,
56,12.52012882447665,19.390767579173378,4.079441760601181,5.803811057434245,25.811862587224905,13.654052603327965,10.59447128287708,4.985238862050457,0.322061191626409,1.4694041867954912,0.9930220075147611,0.14090177133655393,0.03354804079441761,0.17444981213097155,0.026838432635534086,
57,12.634192163177671,19.310252281266774,4.025764895330113,5.797101449275362,25.805152979066023,13.607085346215781,10.547504025764896,4.99194847020934,0.4227053140096618,1.4626945786366077,0.9930220075147611,0.14090177133655393,0.03354804079441761,0.2147074610842727,0.013419216317767043,
58,12.593934514224369,19.216317767042405,3.0394524959742353,5.83064949006978,23.879495437466453,13.546698872785829,13.915727321524423,4.770531400966184,0.3421900161030596,1.482823403113258,0.9796027911969941,0.14090177133655393,0.03354804079441761,0.2147074610842727,0.013419216317767043,
59,12.513419216317766,18.90096618357488,3.0327428878153517,6.112453032742888,23.845947396672035,13.70101986044015,13.801663982823403,4.804079441760601,0.3421900161030596,1.5029522275899088,1.0534084809447128,0.14090177133655393,0.03354804079441761,0.20128824476650564,0.013419216317767043,
60,12.580515297906603,18.82716049382716,3.0059044551798175,6.179549114331723,23.72517444981213,13.560118089103597,13.647342995169081,4.824208266237251,0.5770263016639828,1.6035963499731616,1.0802469135802468,0.14090177133655393,0.03354804079441761,0.20128824476650564,0.013419216317767043,
61,12.654320987654321,18.80703166935051,2.9790660225442833,6.239935587761675,23.470209339774556,13.539989264626946,13.620504562533547,4.9651100375738055,0.6172839506172839,1.6371443907675791,1.0802469135802468,0.14090177133655393,0.03354804079441761,0.20128824476650564,0.013419216317767043,
62,12.627482555018787,17.901234567901234,4.488727858293076,5.9447128287707995,23.32259796027912,13.600375738056897,13.318572195383789,5.045625335480408,0.6172839506172839,1.6774020397208802,1.0802469135802468,0.14090177133655393,0.03354804079441761,0.1878690284487386,0.013419216317767043,
63,12.70799785292539,17.840848094471284,4.488727858293076,6.092324208266238,22.913311862587225,13.600375738056897,13.620504562533547,5.018786902844874,0.5770263016639828,1.6505636070853462,1.107085346215781,0.14761137949543746,0.03354804079441761,0.1878690284487386,0.013419216317767043,
64,12.627482555018787,17.887815351583466,4.408212560386473,6.1862587224906065,22.73215244229737,13.546698872785829,13.761406333870102,5.0791733762748255,0.5770263016639828,1.7042404723564144,1.107085346215781,0.14761137949543746,0.03354804079441761,0.1878690284487386,0.013419216317767043,
65,12.68786902844874,17.68652710681696,4.435050993022007,7.635534084809447,22.517444981213096,12.969672571121846,13.694310252281268,5.233494363929147,0.5434782608695652,1.093666129898014,1.1876006441223832,0.14761137949543746,0.0067096081588835215,0.1610305958132045,,
66,11.56736446591519,23.879495437466453,4.42163177670424,7.454374664519592,22.32957595276436,12.157809983896941,10.393183038110575,5.24020397208803,0.4227053140096618,1.0802469135802468,0.7380568974771873,0.14761137949543746,0.0067096081588835215,0.1610305958132045,,
67,11.560654857756306,23.718464841653248,4.448470209339774,7.863660762211487,22.054482018250134,12.191358024691358,10.373054213633925,5.213365539452496,0.4227053140096618,1.0802469135802468,0.7581857219538379,0.14761137949543746,0.0067096081588835215,0.1610305958132045,,
68,11.688137412775093,23.577563070316693,4.468599033816425,8.172302737520129,21.906870638754697,12.090713902308105,10.352925389157273,5.132850241545894,0.4428341384863124,1.0601180891035964,0.7917337627482555,0.14761137949543746,0.0067096081588835215,0.1610305958132045,,
69,11.674718196457327,23.382984433709073,4.435050993022007,8.232689210950081,21.826355340848096,12.661030595813205,9.957058507783145,5.186527106816962,0.47638217928073,1.0601180891035964,0.7917337627482555,0.14761137949543746,0.0067096081588835215,0.1610305958132045,,
70,11.808910359634996,23.19511540526033,4.435050993022007,8.192431561996779,21.75925925925926,12.580515297906603,9.997316156736447,5.226784755770263,0.47638217928073,1.2144390767579174,0.7783145464304885,0.14090177133655393,0.0067096081588835215,0.1878690284487386,,
71,11.768652710681696,22.96027911969941,4.4753086419753085,9.453837895866881,21.26274825550188,12.057165861513688,9.96376811594203,5.22007514761138,0.47638217928073,1.2345679012345678,0.7917337627482555,0.14090177133655393,0.0067096081588835215,0.1878690284487386,,
72,11.77536231884058,22.859634997316157,4.636339237788513,9.601449275362318,21.068169618894256,12.110842726784755,9.96376811594203,5.0858829844337095,0.47638217928073,1.247987117552335,0.8051529790660226,0.14090177133655393,0.0067096081588835215,0.2214170692431562,,
73,11.372785829307569,21.72571121846484,4.663177670424047,11.426462694578637,20.632045088566827,12.084004294149223,9.943639291465379,5.119431025228127,0.47638217928073,1.221148684916801,0.8185721953837896,0.14090177133655393,0.0067096081588835215,0.36902844873859364,,
74,11.43317230273752,21.464036500268385,4.569243156199678,11.735104669887278,20.37037037037037,12.010198604401502,9.957058507783145,5.320719269994632,0.5501878690284487,1.2546967257112185,0.8185721953837896,0.14090177133655393,0.0067096081588835215,0.36902844873859364,,
75,11.41304347826087,21.390230810520666,4.5960815888352125,11.594202898550725,20.055018786902846,12.473161567364466,10.151637144390767,5.173107890499195,0.5837359098228664,1.2278582930756843,0.8185721953837896,0.14761137949543746,0.0067096081588835215,0.36902844873859364,,
76,10.601180891035963,20.90042941492217,4.542404723564144,11.627750939345143,21.450617283950617,12.338969404186795,10.017444981213098,5.226784755770263,0.6843800322061192,1.2546967257112185,0.798443370907139,0.14761137949543746,0.0067096081588835215,0.4025764895330113,,
77,10.641438539989265,20.819914117015568,4.51556629092861,11.708266237251744,21.276167471819647,12.224906065485776,10.00402576489533,5.293880837359098,0.6843800322061192,1.4761137949543746,0.798443370907139,0.14761137949543746,0.0067096081588835215,0.4025764895330113,,
78,10.641438539989265,20.853462157809982,4.53569511540526,11.66129898013956,21.108427267847556,10.929951690821255,11.540526033279656,5.387815351583468,0.7246376811594203,1.261406333870102,0.798443370907139,0.14761137949543746,0.0067096081588835215,0.4025764895330113,,
79,10.674986580783683,20.679012345679013,4.508856682769726,11.922973698336017,20.947396672034355,10.896403650026839,11.540526033279656,5.434782608695652,0.7447665056360708,1.2949543746645196,0.798443370907139,0.14761137949543746,0.0067096081588835215,0.4025764895330113,,
80,10.654857756307031,20.46430488459474,4.488727858293076,12.506709608158884,20.873590982286636,10.856146001073537,11.325818572195384,5.441492216854535,0.7648953301127214,1.3016639828234031,0.7648953301127214,0.14761137949543746,0.0067096081588835215,0.4025764895330113,,
81,10.513955984970478,19.598765432098766,4.461889425657541,12.245034889962426,20.652173913043477,12.86231884057971,10.856146001073537,5.3341384863123995,0.7514761137949544,1.415727321524423,0.7246376811594203,0.14761137949543746,0.0067096081588835215,0.4294149221685454,,
82,10.63472893183038,19.43773483628556,4.428341384863124,12.439613526570048,20.511272141706925,12.72812667740204,10.829307568438002,5.3341384863123995,0.7514761137949544,1.5365002683843263,0.7648953301127214,0.14761137949543746,0.0067096081588835215,0.4495437466451959,,
83,10.7085346215781,19.444444444444443,4.428341384863124,12.587224906065487,20.263016639828233,12.593934514224369,10.836017176596886,5.394524959742351,0.7783145464304885,1.596886741814278,0.7648953301127214,0.14761137949543746,0.0067096081588835215,0.4495437466451959,,
84,10.829307568438002,18.733225979602793,4.394793344068707,12.432903918411165,20.108695652173914,12.573805689747719,11.761943102522812,5.3341384863123995,0.8185721953837896,1.6170155662909287,0.7917337627482555,0.14761137949543746,0.0067096081588835215,0.4495437466451959,,
85,10.896403650026839,18.69296833064949,4.408212560386473,12.486580783682234,19.981213097155127,12.587224906065487,11.668008588298443,5.267042404723564,0.8185721953837896,1.6572732152442298,0.8185721953837896,0.2616747181964573,0.0067096081588835215,0.4495437466451959,,
86,10.453569511540525,17.357756307031668,4.408212560386473,12.634192163177671,21.772678475577028,12.560386473429952,11.486849168008588,5.246913580246914,0.8185721953837896,1.6371443907675791,0.8856682769726248,0.2616747181964573,0.0067096081588835215,0.46967257112184646,,
87,10.433440687063875,17.022275899087493,6.011808910359635,11.728395061728396,21.564680622651636,13.365539452495975,10.876274825550189,5.179817498658078,0.7246376811594203,1.6103059581320451,0.8789586688137413,0.17444981213097155,0.0067096081588835215,0.4227053140096618,,
88,9.608158883521202,13.399087493290391,5.857487922705314,11.3593666129898,26.48953301127214,13.399087493290391,10.86285560923242,5.159688674181428,0.7716049382716049,1.6103059581320451,0.8789586688137413,0.17444981213097155,0.0067096081588835215,0.4227053140096618,,
89,8.480944712828771,20.343531937734838,5.83064949006978,10.82259796027912,21.786097691894792,13.144122383252817,10.487117552334944,5.146269457863661,0.8387010198604401,1.6103059581320451,0.9192163177670424,0.17444981213097155,0.0067096081588835215,0.4092860976918948,,
90,8.57487922705314,20.175791733762747,5.803811057434245,11.057434245840042,21.631776704240472,13.09044551798175,10.446859903381643,5.193236714975845,0.8454106280193237,1.6304347826086956,0.9594739667203436,0.17444981213097155,0.0067096081588835215,0.4092860976918948,,
91,8.59500805152979,18.49838969404187,5.790391841116479,12.949543746645196,21.309715512614062,13.036768652710682,10.520665593129362,5.179817498658078,0.8923778851315083,1.6639828234031133,0.9594739667203436,0.17444981213097155,0.0067096081588835215,0.4227053140096618,,
92,8.702361782071927,18.310520665593128,5.709876543209877,12.902576489533011,21.289586688137412,12.983091787439614,10.695115405260333,5.12614063338701,0.966183574879227,1.6908212560386473,0.9728931830381106,0.17444981213097155,0.0067096081588835215,0.46967257112184646,,
93,8.668813741277509,18.17632850241546,5.844068706387547,13.050187869028449,21.14868491680086,12.922705314009661,10.68840579710145,5.166398282340311,0.9125067096081588,1.6908212560386473,0.966183574879227,0.14761137949543746,0.0067096081588835215,0.6105743424584005,,
94,8.695652173913043,18.17632850241546,5.750134192163178,13.056897477187333,21.07487922705314,12.922705314009661,10.735373054213634,5.166398282340311,0.9796027911969941,1.737788513150832,0.9393451422436929,0.14761137949543746,0.0067096081588835215,0.6105743424584005,,
95,8.789586688137414,18.06226516371444,5.736714975845411,13.083735909822867,20.947396672034355,12.285292538915728,11.473429951690822,5.22007514761138,1.0064412238325282,1.6639828234031133,0.9594739667203436,0.14090177133655393,0.0067096081588835215,0.6239935587761675,,
96,8.863392377885132,18.04884594739667,5.736714975845411,13.150831991411701,20.77294685990338,12.224906065485776,11.43317230273752,5.300590445517981,1.0064412238325282,1.7444981213097155,0.9326355340848095,0.14090177133655393,0.0067096081588835215,0.6374127750939346,,
97,8.876811594202898,17.921363392377884,5.730005367686527,13.24476650563607,20.685721953837895,12.030327428878154,11.419753086419753,5.367686527106817,0.9930220075147611,1.9256575415995705,1.0198604401502953,0.14090177133655393,0.0067096081588835215,0.6374127750939346,,
98,8.923778851315083,17.733494363929147,5.743424584004294,13.399087493290391,20.658883521202362,11.976650563607086,11.426462694578637,5.3274288781535155,1.0265700483091786,1.9994632313472893,0.9997316156736447,0.14090177133655393,0.0067096081588835215,0.6374127750939346,,
99,8.863392377885132,17.787171229200215,5.736714975845411,13.466183574879228,20.585077831454644,11.943102522812667,11.41304347826087,5.35426731078905,1.0466988727858293,2.0128824476650564,1.0064412238325282,0.14090177133655393,0.0067096081588835215,0.6374127750939346,,
100,8.890230810520666,17.639559849704778,5.736714975845411,13.560118089103597,20.531400966183575,11.75523349436393,11.493558776167472,5.414653784219001,1.0466988727858293,2.1403650026838434,1.0064412238325282,0.14090177133655393,0.0067096081588835215,0.6374127750939346,,
101,8.984165324745035,17.418142780461622,5.736714975845411,13.801663982823403,20.497852925389157,11.735104669887278,11.466720343531938,5.407944176060118,1.0332796564680622,2.1403650026838434,0.9997316156736447,0.13419216317767044,0.0067096081588835215,0.6374127750939346,,
102,8.997584541062801,17.330917874396135,5.723295759527644,13.848631239935587,20.457595276435857,11.674718196457327,11.553945249597424,5.407944176060118,1.1406333870101986,2.086688137412775,0.9997316156736447,0.13419216317767044,0.0067096081588835215,0.6374127750939346,,
103,8.957326892109501,17.24369296833065,5.723295759527644,14.090177133655395,20.283145464304884,11.580783682232958,11.506977992485238,5.522007514761138,1.1137949543746646,2.200751476113795,0.9997316156736447,0.13419216317767044,0.0067096081588835215,0.6374127750939346,,
104,8.621846484165324,15.861513687600644,5.60252281266774,13.47289318303811,22.685185185185187,11.513687600644122,11.453301127214171,5.609232420826624,1.1205045625335481,2.254428341384863,1.0265700483091786,0.13419216317767044,0.0067096081588835215,0.6374127750939346,,
105,8.433977455716587,15.03623188405797,5.595813204508857,13.211218464841654,22.443639291465377,11.493558776167472,12.902576489533011,5.709876543209877,1.1473429951690821,2.214170692431562,1.0466988727858293,0.13419216317767044,0.0067096081588835215,0.6239935587761675,,
106,8.454106280193237,15.056360708534621,5.475040257648954,13.258185721953838,22.342995169082126,11.372785829307569,13.009930220075148,5.8239398819108965,1.107085346215781,2.2946859903381642,1.0399892646269457,0.13419216317767044,0.0067096081588835215,0.6239935587761675,,
107,8.480944712828771,15.009393451422437,5.387815351583468,13.238056897477188,22.282608695652176,11.379495437466453,13.130703166935051,5.8239398819108965,1.107085346215781,2.3215244229736984,1.0869565217391304,0.12077294685990338,0.0067096081588835215,0.6239935587761675,,
108,8.393719806763285,15.002683843263553,5.360976918947934,14.130434782608695,21.484165324745035,11.439881910896403,13.056897477187333,5.8172302737520125,1.1003757380568975,2.341653247450349,1.093666129898014,0.14761137949543746,0.0067096081588835215,0.6239935587761675,,
109,8.420558239398819,14.982555018786902,5.032206119162641,14.103596349973161,22.342995169082126,11.2788513150832,12.640901771336553,5.83064949006978,0.9997316156736447,2.2946859903381642,1.2681159420289856,0.1274825550187869,0.0067096081588835215,0.6709608158883521,,
110,8.447396672034353,14.928878153515834,5.032206119162641,14.143853998926463,22.289318303811058,11.265432098765432,12.614063338701019,5.917874396135265,0.9997316156736447,2.26784755770263,1.288244766505636,0.1274825550187869,0.0067096081588835215,0.6709608158883521,,
111,8.501073537305421,14.868491680085883,4.998658078368224,14.076757917337627,22.128287707997853,11.20504562533548,12.593934514224369,6.072195383789587,0.9997316156736447,2.428878153515835,1.3217928073000538,0.1274825550187869,0.0067096081588835215,0.6709608158883521,,
112,7.340311325818572,16.304347826086957,4.9718196457326895,14.06333870101986,21.973966720343533,11.09098228663446,12.52012882447665,6.0587761674718195,1.0466988727858293,2.4557165861513686,1.3553408480944713,0.1274825550187869,0.0067096081588835215,0.6843800322061192,,
113,7.37385936661299,16.183574879227052,5.005367686527107,14.392109500805153,21.692163177670423,11.064143853998926,12.466451959205582,6.092324208266238,1.0735373054213635,2.4825550187869028,1.3553408480944713,0.1274825550187869,0.0067096081588835215,0.6843800322061192,,
114,7.380568974771873,16.10305958132045,5.005367686527107,14.439076757917338,21.64519592055824,11.037305421363392,12.526838432635534,6.099033816425121,1.0735373054213635,2.4892646269457863,1.3553408480944713,0.1274825550187869,0.0067096081588835215,0.7112184648416533,,
115,7.380568974771873,15.995705850778315,4.99194847020934,14.398819108964037,21.557971014492754,11.057434245840042,12.506709608158884,6.119162640901771,1.0735373054213635,2.563070316693505,1.402308105206656,0.13419216317767044,0.0067096081588835215,0.785024154589372,0.026838432635534086,
116,7.5348899624261945,15.780998389694043,4.978529253891573,14.546430488459475,21.39694041867955,11.037305421363392,12.47987117552335,6.213097155126141,1.0735373054213635,2.5496511003757383,1.4224369296833066,0.17444981213097155,0.0067096081588835215,0.7783145464304885,0.026838432635534086,
117,7.615405260332796,15.780998389694043,4.951690821256038,14.351851851851851,21.329844337090712,11.05072463768116,12.654320987654321,6.260064412238325,1.0802469135802468,2.536231884057971,1.4224369296833066,0.17444981213097155,0.0067096081588835215,0.7581857219538379,0.026838432635534086,
118,7.561728395061729,15.767579173376275,4.9651100375738055,14.392109500805153,21.316425120772948,10.923242082662373,12.627482555018787,6.320450885668277,1.1943102522812667,2.576489533011272,1.4224369296833066,0.17444981213097155,0.0067096081588835215,0.7246376811594203,0.026838432635534086,
119,7.548309178743962,15.767579173376275,4.978529253891573,14.439076757917338,21.215780998389693,10.809178743961352,12.701288244766506,6.427804616210413,1.1943102522812667,2.5831991411701556,1.402308105206656,0.17444981213097155,0.0067096081588835215,0.7246376811594203,0.026838432635534086,
120,7.5281803542673105,15.70048309178744,4.904723564143854,14.51959205582394,21.095008051529792,10.795759527643586,12.788513150831992,6.515029522275899,1.2345679012345678,2.5831991411701556,1.402308105206656,0.17444981213097155,0.0067096081588835215,0.7246376811594203,0.026838432635534086,
121,7.555018786902845,15.371712292002147,4.757112184648417,14.512882447665056,21.987385936661298,10.61460010735373,12.265163714439076,6.877348362855609,1.2077294685990339,2.5295222758990876,1.3888888888888888,0.17444981213097155,0.0067096081588835215,0.7045088566827697,0.026838432635534086,0.020128824476650563
122,7.601986044015029,15.257648953301127,4.810789049919484,14.526301663982823,21.866612989801396,10.554213633923778,12.29200214707461,6.964573268921095,1.2077294685990339,2.5831991411701556,1.3888888888888888,0.17444981213097155,0.0067096081588835215,0.7179280730005367,0.026838432635534086,0.020128824476650563
123,7.6623725174449815,15.177133655394526,4.8376274825550185,14.546430488459475,21.71900161030596,10.540794417606012,12.345679012345679,7.058507783145465,1.1943102522812667,2.5697799248523885,1.402308105206656,0.17444981213097155,0.0067096081588835215,0.7179280730005367,0.026838432635534086,0.020128824476650563
124,7.601986044015029,15.002683843263553,4.830917874396135,14.78797638217928,21.591519055287172,10.433440687063875,12.265163714439076,7.246376811594203,1.221148684916801,2.657004830917874,1.4358561460010735,0.15432098765432098,0.0067096081588835215,0.7179280730005367,0.026838432635534086,0.020128824476650563
125,7.521470746108427,14.97584541062802,4.898013955984971,14.801395598497047,21.524422973698336,10.420021470746109,12.285292538915728,7.27992485238862,1.2278582930756843,2.690552871712292,1.4358561460010735,0.15432098765432098,0.0067096081588835215,0.7313472893183038,0.026838432635534086,0.020128824476650563
126,7.561728395061729,14.922168545356952,4.87788513150832,14.949006977992486,21.35668276972625,10.406602254428341,12.177938808373591,7.4141170155662905,1.1808910359634996,2.703972088030059,1.5096618357487923,0.15432098765432098,0.0067096081588835215,0.7313472893183038,0.026838432635534086,0.020128824476650563
127,7.39398819108964,15.049651100375739,4.810789049919484,14.74771873322598,21.22249060654858,9.520933977455716,12.191358024691358,8.856682769726248,1.2077294685990339,2.563070316693505,1.5096618357487923,0.15432098765432098,0.0067096081588835215,0.7179280730005367,0.026838432635534086,0.020128824476650563
128,7.39398819108964,14.935587761674718,4.810789049919484,14.774557165861514,21.202361782071925,9.460547504025765,12.265163714439076,8.809715512614064,1.2077294685990339,2.6435856146001075,1.5230810520665594,0.15432098765432098,0.0067096081588835215,0.7648953301127214,0.026838432635534086,0.020128824476650563
129,7.4006977992485234,13.902308105206655,4.770531400966184,15.841384863123993,21.054750402576488,9.440418679549115,12.372517444981213,8.856682769726248,1.247987117552335,2.6435856146001075,1.4962426194310252,0.15432098765432098,0.0067096081588835215,0.7648953301127214,0.026838432635534086,0.020128824476650563
130,7.461084272678476,13.882179280730005,4.783950617283951,15.908480944712828,20.92055823939882,9.440418679549115,12.305421363392378,8.896940418679549,1.247987117552335,2.6637144390767578,1.5163714439076759,0.15432098765432098,0.0067096081588835215,0.7648953301127214,0.026838432635534086,0.020128824476650563
131,7.461084272678476,13.841921631776705,4.777241009125067,15.734031132581856,20.652173913043477,9.151905528717123,12.701288244766506,9.353193773483628,1.2412775093934514,2.6838432635534084,1.4626945786366077,0.14761137949543746,0.0067096081588835215,0.7380568974771873,0.026838432635534086,0.020128824476650563
132,7.595276435856146,13.560118089103597,4.7101449275362315,16.183574879227052,20.397208803005906,9.064680622651638,12.627482555018787,9.29951690821256,1.2144390767579174,2.9253891572732154,1.5029522275899088,0.1274825550187869,0.0067096081588835215,0.7380568974771873,0.026838432635534086,0.020128824476650563
133,7.581857219538379,13.33870101986044,4.7101449275362315,16.324476650563607,20.377079978529252,9.044551798174986,12.627482555018787,9.252549651100376,1.415727321524423,2.8784219001610305,1.5096618357487923,0.15432098765432098,0.0067096081588835215,0.7313472893183038,0.026838432635534086,0.020128824476650563
134,7.440955448201825,13.258185721953838,7.5281803542673105,15.780998389694043,20.081857219538378,8.038110574342458,12.245034889962426,9.044551798174986,1.4090177133655395,2.757648953301127,1.5029522275899088,0.15432098765432098,0.0067096081588835215,0.7045088566827697,0.026838432635534086,0.020128824476650563
135,7.555018786902845,13.238056897477188,7.501341921631776,15.68035426731079,20.001341921631777,8.05823939881911,12.25174449812131,8.923778851315083,1.570048309178744,2.7844873859366612,1.5163714439076759,0.15432098765432098,0.0067096081588835215,0.7112184648416533,0.026838432635534086,0.020128824476650563
136,7.635534084809447,13.197799248523886,7.481213097155126,15.499194847020934,19.746376811594203,7.98443370907139,12.318840579710145,9.333064949006978,1.5432098765432098,2.7979066022544283,1.570048309178744,0.14761137949543746,0.0067096081588835215,0.6910896403650026,0.026838432635534086,0.020128824476650563
137,7.749597423510467,13.197799248523886,7.407407407407407,15.4723564143854,19.639023081052066,7.977724100912507,12.29200214707461,9.39345142243693,1.583467525496511,2.7979066022544283,1.6035963499731616,0.14761137949543746,0.0067096081588835215,0.6843800322061192,0.026838432635534086,0.020128824476650563
138,7.514761137949543,13.150831991411701,7.105475040257649,15.076489533011273,18.766774020397207,7.944176060118089,14.687332259796028,9.118357487922705,1.5230810520665594,2.6972624798711755,1.5365002683843263,0.1274825550187869,0.0067096081588835215,0.6977992485238862,0.026838432635534086,0.020128824476650563
139,7.608695652173913,13.137412775093935,7.112184648416532,15.103327965646805,18.71309715512614,7.917337627482555,14.714170692431562,9.07139023081052,1.5230810520665594,2.690552871712292,1.5096618357487923,0.12077294685990338,0.0067096081588835215,0.7447665056360708,0.026838432635534086,
140,7.675791733762749,13.083735909822867,7.105475040257649,15.069779924852389,18.659420289855074,7.930756843800322,14.707461084272678,9.084809447128288,1.5230810520665594,2.7643585614600106,1.4761137949543746,0.12077294685990338,0.0067096081588835215,0.7648953301127214,0.026838432635534086,
141,7.39398819108964,11.822329575952764,9.104938271604938,15.519323671497585,18.015297906602253,7.957595276435856,14.700751476113794,8.863392377885132,1.5901771336553945,2.636876006441224,1.4559849704777241,0.15432098765432098,0.0067096081588835215,0.7514761137949544,0.026838432635534086,
142,7.407407407407407,11.681427804616211,8.943907675791733,15.49248523886205,17.92807300053677,7.87037037037037,14.774557165861514,9.037842190016104,1.6035963499731616,2.771068169618894,1.5432098765432098,0.1610305958132045,0.0067096081588835215,0.7514761137949544,0.026838432635534086,
143,7.380568974771873,11.20504562533548,9.829575952764358,15.391841116478798,17.599302200751477,7.776435856146001,14.774557165861514,9.05126140633387,1.6035963499731616,2.85829307568438,1.570048309178744,0.1610305958132045,0.0067096081588835215,0.7648953301127214,0.026838432635534086,
144,7.4141170155662905,11.20504562533548,9.842995169082126,15.351583467525497,17.411433172302736,7.749597423510467,14.841653247450349,9.064680622651638,1.6035963499731616,2.8784219001610305,1.6639828234031133,0.17444981213097155,0.0067096081588835215,0.7648953301127214,0.026838432635534086,
145,7.427536231884058,10.762211486849168,9.96376811594203,15.277777777777779,17.176596886741816,8.548040794417606,14.694041867954912,9.017713365539452,1.6371443907675791,2.8381642512077296,1.6706924315619969,0.1878690284487386,0.0067096081588835215,0.7648953301127214,0.026838432635534086,
146,7.48792270531401,10.762211486849168,9.990606548577563,15.331454643048845,17.06924315619968,8.514492753623188,14.673913043478262,8.964036500268385,1.6103059581320451,2.945517981749866,1.6706924315619969,0.1878690284487386,,0.7648953301127214,0.026838432635534086,
147,7.62211486849168,10.721953837895867,9.990606548577563,15.230810520665592,17.028985507246375,8.413848631239935,14.432367149758454,9.024422973698336,1.596886741814278,2.9924852388620504,1.7981749865807837,0.20128824476650564,,0.9192163177670424,0.026838432635534086,
148,7.601986044015029,10.68840579710145,9.849704777241008,15.250939345142244,17.008856682769725,8.413848631239935,14.479334406870638,8.964036500268385,1.6975308641975309,3.052871712292002,1.8250134192163177,0.1878690284487386,,0.95276435856146,0.026838432635534086,
149,7.481213097155126,10.581052066559312,11.460010735373054,15.116747181964573,16.129898013955984,8.373590982286634,14.15727321524423,9.004294149221685,1.6975308641975309,3.046162104133119,1.7847557702630166,0.1878690284487386,,0.95276435856146,0.026838432635534086,
150,7.62211486849168,10.534084809447128,11.399624261943103,15.304616210413311,16.009125067096083,8.313204508856682,14.143853998926463,8.984165324745035,1.6774020397208802,3.0327428878153517,1.8115942028985508,0.1878690284487386,,0.95276435856146,0.026838432635534086,
151,7.581857219538379,10.359634997316157,10.68840579710145,14.673913043478262,16.002415458937197,9.997316156736447,14.083467525496511,8.970746108427267,1.6841116478797638,2.9723564143853998,1.7579173376274826,0.2214170692431562,,0.9796027911969941,0.026838432635534086,
152,7.601986044015029,10.245571658615138,10.59447128287708,14.855072463768115,15.888352120236178,9.88996242619431,13.781535158346752,9.306226516371444,1.7646269457863661,2.9924852388620504,1.8786902844873858,0.2214170692431562,,0.95276435856146,0.026838432635534086,
153,7.541599570585078,9.842995169082126,10.829307568438002,14.61352657004831,15.438808373590982,11.11111111111111,13.264895330112722,9.39345142243693,1.8518518518518519,3.026033279656468,1.8451422436929683,0.2616747181964573,,0.95276435856146,0.026838432635534086,
154,7.635534084809447,9.809447128287708,10.929951690821255,14.680622651637144,15.33816425120773,11.064143853998926,13.231347289318304,9.39345142243693,1.8115942028985508,3.0327428878153517,1.8451422436929683,0.24825550187869028,,0.95276435856146,0.026838432635534086,
155,7.595276435856146,9.702093397745571,10.929951690821255,14.660493827160494,15.22410091250671,10.95679012345679,13.486312399355878,9.447128287707997,1.9189479334406871,3.0059044551798175,1.8451422436929683,0.24825550187869028,,0.95276435856146,0.026838432635534086,
156,7.521470746108427,9.447128287707997,10.487117552334944,14.506172839506172,15.217391304347826,12.130971551261407,13.177670424047236,9.447128287707997,2.0397208803005906,2.9924852388620504,1.8115942028985508,0.2549651100375738,,0.9393451422436929,0.026838432635534086,
157,7.474503488996243,9.440418679549115,10.48040794417606,14.566559312936125,15.197262479871176,12.057165861513688,13.130703166935051,9.480676328502415,2.073268921095008,3.0327428878153517,1.8048845947396672,0.2549651100375738,,0.9796027911969941,0.026838432635534086,
