,45,50,51,55,53,54,52,56,57
0,95.96081588835212,4.03918411164788,,,,,,,
1,90.2710681696189,9.728931830381105,,,,,,,
2,90.2710681696189,9.728931830381105,,,,,,,
3,54.89801395598497,40.15029522275899,4.951690821256038,,,,,,
4,54.95169082125604,40.09661835748792,4.951690821256038,,,,,,
5,45.58507783145464,49.402844873859365,4.64975845410628,0.36231884057971014,,,,,
6,45.63875469672571,49.3491680085883,4.64975845410628,0.36231884057971014,,,,,
7,44.7866344605475,50.2012882447665,4.64975845410628,0.36231884057971014,,,,,
8,44.847020933977454,50.15432098765432,4.636339237788513,0.36231884057971014,,,,,
9,43.69296833064949,51.308373590982285,4.636339237788513,0.36231884057971014,,,,,
10,43.45813204508857,50.71121846484165,4.636339237788513,0.36231884057971014,0.8319914117015567,,,,
11,40.552871712292,53.797638217928075,4.455179817498658,0.36231884057971014,0.8319914117015567,,,,
12,39.80810520665593,51.19431025228127,7.0450885668276975,0.36231884057971014,1.5901771336553945,,,,
13,39.371980676328505,51.831723027375205,7.004830917874396,0.36231884057971014,1.42914653784219,,,,
14,39.48604401502952,51.74449812130972,6.977992485238862,0.36231884057971014,1.42914653784219,,,,
15,39.48604401502952,51.60359634997316,7.118894256575416,0.36231884057971014,1.42914653784219,,,,
16,39.52630166398282,51.570048309178745,7.112184648416532,0.36231884057971014,1.42914653784219,,,,
17,28.59634997316157,63.35212023617821,5.730005367686527,,1.42914653784219,0.8923778851315083,,,
18,28.75067096081589,63.26489533011272,5.6964573268921095,,1.3955984970477724,0.8923778851315083,,,
19,28.67686527106817,62.96296296296296,5.6964573268921095,,1.7713365539452497,0.8923778851315083,,,
20,27.80461621041331,62.063875469672574,7.467793880837359,,1.7713365539452497,0.8923778851315083,,,
21,27.70397208803006,53.898282340311326,16.99543746645196,,1.2010198604401503,0.20128824476650564,,,
22,28.75738056897477,53.16022544283414,16.680085882984432,,1.2010198604401503,0.20128824476650564,,,
23,29.2337627482555,52.73081052066559,16.63311862587225,,1.2010198604401503,0.20128824476650564,,,
24,29.260601180891037,52.301395598497045,16.63311862587225,0.4025764895330113,1.2010198604401503,0.20128824476650564,,,
25,29.55582393988191,51.630434782608695,16.324476650563607,1.1137949543746646,1.1741814278046163,0.20128824476650564,,,
26,29.790660225442835,51.489533011272144,16.23054213633924,1.1137949543746646,1.1741814278046163,0.20128824476650564,,,
27,29.898013955984972,51.409017713365536,16.203703703703702,1.1137949543746646,1.1741814278046163,0.20128824476650564,,,
28,29.851046698872786,51.19431025228127,15.526033279656469,0.6776704240472357,1.7042404723564144,0.20128824476650564,0.8454106280193237,,
29,29.965110037573805,51.10708534621578,15.499194847020934,0.6776704240472357,1.7042404723564144,0.20128824476650564,0.8454106280193237,,
30,29.985238862050455,50.597155126140635,15.479066022544284,0.6776704240472357,1.7042404723564144,0.7112184648416533,0.8454106280193237,,
31,30.434782608695652,50.456253354804076,15.170424047235642,0.6776704240472357,1.7042404723564144,0.7112184648416533,0.8454106280193237,,
32,30.334138486312398,46.96725711218465,15.170424047235642,0.6776704240472357,2.6704240472356413,0.7112184648416533,3.4688674181427803,,
33,29.864465915190554,47.436929683306495,15.170424047235642,0.6776704240472357,2.6704240472356413,0.7112184648416533,3.4688674181427803,,
34,29.911433172302736,47.38996242619431,15.170424047235642,0.6776704240472357,2.6704240472356413,0.7112184648416533,3.4688674181427803,,
35,29.03918411164788,44.72624798711755,16.391572732152444,0.6642512077294686,2.3550724637681157,0.7112184648416533,6.112453032742888,,
36,29.09957058507783,44.69940955448202,16.23725174449812,0.6642512077294686,2.3550724637681157,0.7112184648416533,6.078904991948471,0.15432098765432098,
37,28.67686527106817,45.13553408480945,16.23725174449812,0.6642512077294686,2.3550724637681157,0.6977992485238862,6.078904991948471,0.15432098765432098,
38,28.60305958132045,44.7463768115942,16.21712292002147,0.6642512077294686,3.4420289855072466,0.6977992485238862,5.475040257648954,0.15432098765432098,
39,28.515834675254965,44.65244229736983,14.640365002683843,0.6642512077294686,3.421900161030596,2.475845410628019,5.475040257648954,0.15432098765432098,
40,28.64331723027375,44.524959742351044,14.640365002683843,0.6642512077294686,3.421900161030596,2.475845410628019,5.475040257648954,0.15432098765432098,
41,26.261406333870102,42.36446591519055,19.363929146537842,0.6642512077294686,3.294417606011809,2.475845410628019,5.421363392377885,0.15432098765432098,
42,26.281535158346752,42.351046698872786,19.35721953837896,0.6642512077294686,3.294417606011809,2.475845410628019,5.421363392377885,0.15432098765432098,
43,26.402308105206657,42.27724100912507,19.330381105743424,0.6642512077294686,3.294417606011809,2.475845410628019,5.401234567901234,0.15432098765432098,
44,26.939076757917338,41.928341384863124,19.330381105743424,0.6642512077294686,3.294417606011809,2.3886205045625335,5.300590445517981,0.15432098765432098,
45,26.670692431561996,41.035963499731615,19.316961889425656,0.6642512077294686,3.9519592055823938,2.3886205045625335,5.8172302737520125,0.15432098765432098,
46,27.093397745571657,40.96886741814278,19.310252281266774,0.6642512077294686,3.9519592055823938,2.3752012882447664,5.481749865807837,0.15432098765432098,
47,27.220880300590444,40.88164251207729,19.28341384863124,0.6642512077294686,3.9519592055823938,2.3752012882447664,5.46833064949007,0.15432098765432098,
48,27.435587761674718,40.666935050993025,19.28341384863124,0.6642512077294686,3.9519592055823938,2.3752012882447664,5.46833064949007,0.15432098765432098,
49,26.959205582393988,41.176865271068166,19.249865807836823,0.6642512077294686,3.9519592055823938,2.3752012882447664,5.46833064949007,0.15432098765432098,
50,27.220880300590444,41.1231884057971,19.04186795491143,0.6642512077294686,3.9519592055823938,2.3752012882447664,5.46833064949007,0.15432098765432098,
51,27.274557165861513,40.76086956521739,19.0150295222759,1.0064412238325282,3.9452495974235107,2.3752012882447664,5.46833064949007,0.15432098765432098,
52,24.9597423510467,39.78797638217928,23.61111111111111,1.0064412238325282,2.636876006441224,2.3752012882447664,5.46833064949007,0.15432098765432098,
53,25.0402576489533,39.78797638217928,23.53059581320451,1.0064412238325282,2.636876006441224,2.3752012882447664,5.46833064949007,0.15432098765432098,
54,25.241545893719806,39.60681696188943,23.51046698872786,1.0064412238325282,2.636876006441224,2.3752012882447664,5.46833064949007,0.15432098765432098,
55,25.261674718196456,39.02308105206656,23.14814814814815,1.0064412238325282,3.6366076221148687,2.3752012882447664,5.394524959742351,0.15432098765432098,
56,25.295222758990874,39.009661835748794,23.1280193236715,1.0064412238325282,3.6366076221148687,2.3752012882447664,5.394524959742351,0.15432098765432098,
57,25.07380568974772,38.30515297906602,23.1280193236715,1.0064412238325282,3.6366076221148687,3.3011272141706924,5.394524959742351,0.15432098765432098,
58,25.0805152979066,38.29844337090714,23.1280193236715,1.0064412238325282,3.6366076221148687,3.3011272141706924,5.394524959742351,0.15432098765432098,
59,25.127482555018787,38.22463768115942,23.1280193236715,1.0064412238325282,3.6366076221148687,3.3011272141706924,5.2066559312936125,0.36902844873859364,
60,25.254965110037574,38.157541599570585,22.383252818035427,1.0064412238325282,3.6366076221148687,3.2675791733762747,5.924584004294149,0.36902844873859364,
61,25.5300590445518,38.117283950617285,22.262479871175522,1.0064412238325282,3.6366076221148687,3.2675791733762747,5.870907139023081,0.30864197530864196,
62,20.94068706387547,43.41116478797638,22.21551261406334,0.6239935587761675,3.589640365002684,3.2675791733762747,5.642780461621041,0.30864197530864196,
63,20.994363929146537,43.384326355340846,21.672034353193773,0.6239935587761675,3.569511540526033,3.2675791733762747,6.179549114331723,0.30864197530864196,
64,21.07487922705314,42.693236714975846,21.651905528717123,1.2546967257112185,3.569511540526033,3.2675791733762747,6.179549114331723,0.30864197530864196,
65,21.18894256575416,42.659688674181425,21.631776704240472,1.2546967257112185,3.569511540526033,3.2474503488996245,6.139291465378422,0.30864197530864196,
66,21.32313472893183,42.53891572732152,20.725979602791195,1.2546967257112185,4.508856682769726,3.2474503488996245,6.092324208266238,0.30864197530864196,
67,20.497852925389157,33.52120236178207,22.12157809983897,1.2345679012345678,4.052603327965647,3.2474503488996245,15.01610305958132,0.30864197530864196,
68,20.611916264090176,33.48094471282877,22.04777241009125,1.2345679012345678,4.052603327965647,3.2474503488996245,14.123725174449811,0.30864197530864196,0.8923778851315083
69,20.699141170155663,33.467525496511,21.973966720343533,1.2345679012345678,4.052603327965647,3.2474503488996245,14.123725174449811,0.30864197530864196,0.8923778851315083
70,20.860171765968868,33.32662372517445,21.967257112184647,1.2345679012345678,4.052603327965647,3.2474503488996245,14.110305958132045,0.30864197530864196,0.8923778851315083
71,21.155394524959743,33.091787439613526,21.564680622651636,1.2144390767579174,4.052603327965647,3.2474503488996245,14.06333870101986,0.7179280730005367,0.8923778851315083
72,21.43719806763285,32.588566827697264,21.470746108427267,1.2144390767579174,4.025764895330113,3.6231884057971016,14.029790660225443,0.7179280730005367,0.8923778851315083
73,21.786097691894792,32.21282877079979,20.538110574342458,1.1808910359634996,3.9855072463768115,3.6231884057971016,15.063070316693505,0.7179280730005367,0.8923778851315083
74,21.309715512614062,32.669082125603865,19.578636607622116,1.1808910359634996,3.9855072463768115,3.616478797638218,16.049382716049383,0.7179280730005367,0.8923778851315083
75,20.209339774557165,32.26650563607085,18.50509930220075,1.1808910359634996,6.91760601180891,3.2742887815351582,16.035963499731615,0.7179280730005367,0.8923778851315083
76,20.249597423510465,32.23966720343532,18.491680085882983,1.1808910359634996,6.91760601180891,3.2742887815351582,16.035963499731615,0.7179280730005367,0.8923778851315083
77,20.397208803005906,31.85721953837896,18.766774020397207,1.1808910359634996,6.890767579173376,3.2742887815351582,16.022544283413847,0.7179280730005367,0.8923778851315083
78,17.257112184648417,49.463231347289316,13.801663982823403,0.8923778851315083,0.9796027911969941,3.374932903918411,12.929414922168545,0.4092860976918948,0.8923778851315083
79,17.3040794417606,48.007246376811594,13.79495437466452,2.341653247450349,0.9796027911969941,3.3413848631239937,12.929414922168545,0.4092860976918948,0.8923778851315083
80,17.438271604938272,47.90660225442834,13.741277509393452,2.341653247450349,0.9796027911969941,3.3950617283950617,12.895866881374127,0.4092860976918948,0.8923778851315083
81,17.418142780461622,47.134997316156735,12.754965110037574,2.341653247450349,2.791196994095545,3.3950617283950617,12.86231884057971,0.4092860976918948,0.8923778851315083
82,17.485238862050455,47.0679012345679,12.754965110037574,2.341653247450349,2.791196994095545,3.3950617283950617,12.86231884057971,0.4092860976918948,0.8923778851315083
83,17.59259259259259,46.96054750402576,12.754965110037574,2.341653247450349,2.791196994095545,3.3950617283950617,12.86231884057971,0.4092860976918948,0.8923778851315083
84,18.02200751476114,46.806226516371446,12.754965110037574,2.341653247450349,2.791196994095545,3.1199677938808374,12.86231884057971,0.4092860976918948,0.8923778851315083
85,18.035426731078903,46.806226516371446,12.754965110037574,2.341653247450349,2.7777777777777777,3.1199677938808374,12.86231884057971,0.4092860976918948,0.8923778851315083
86,18.223295759527645,46.73913043478261,12.754965110037574,2.341653247450349,2.737520128824477,3.1199677938808374,12.781803542673108,0.4092860976918948,0.8923778851315083
87,18.263553408480945,46.73913043478261,12.754965110037574,2.341653247450349,2.737520128824477,3.1199677938808374,12.741545893719806,0.4092860976918948,0.8923778851315083
88,18.310520665593128,46.26945786366076,12.754965110037574,2.791196994095545,2.737520128824477,4.864465915190553,11.124530327428879,0.4092860976918948,0.7380568974771873
89,18.183038110574344,44.639023081052066,12.600644122383253,2.791196994095545,4.334406870638754,4.522275899087493,11.782071926999464,0.4092860976918948,0.7380568974771873
90,14.74771873322598,52.603327965646805,12.365807836822329,2.2208803005904456,3.911701556629093,4.3545356951154055,8.984165324745035,0.3824476650563607,0.4294149221685454
91,14.828234031132581,52.542941492216855,12.365807836822329,2.200751476113795,3.911701556629093,4.3545356951154055,8.984165324745035,0.3824476650563607,0.4294149221685454
92,14.80810520665593,51.33521202361782,12.332259796027913,3.4621578099838968,3.911701556629093,4.3545356951154055,8.984165324745035,0.3824476650563607,0.4294149221685454
93,14.915458937198068,51.281535158346756,12.305421363392378,3.4621578099838968,3.911701556629093,4.3545356951154055,8.957326892109501,0.3824476650563607,0.4294149221685454
94,15.116747181964573,51.16076221148685,12.27187332259796,3.4621578099838968,3.878153515834675,4.3545356951154055,8.943907675791733,0.3824476650563607,0.4294149221685454
95,15.365002683843263,50.946054750402574,12.27187332259796,3.4621578099838968,3.8580246913580245,4.3545356951154055,8.930488459473967,0.3824476650563607,0.4294149221685454
96,15.566290928609769,50.78502415458937,12.258454106280194,3.4621578099838968,3.8580246913580245,4.327697262479871,8.930488459473967,0.3824476650563607,0.4294149221685454
97,15.687063875469672,50.717928073000536,12.258454106280194,3.455448201825013,3.8580246913580245,4.327697262479871,8.883521202361782,0.3824476650563607,0.4294149221685454
98,15.713902308105206,50.28851315083199,11.332528180354267,3.408480944712829,5.260332796564681,4.300858829844337,8.883521202361782,0.3824476650563607,0.4294149221685454
99,15.827965646806227,50.22812667740204,11.3191089640365,3.408480944712829,5.260332796564681,4.300858829844337,8.84326355340848,0.3824476650563607,0.4294149221685454
100,15.35829307568438,48.68491680085883,11.3191089640365,4.455179817498658,5.24020397208803,4.253891572732153,9.876543209876543,0.3824476650563607,0.4294149221685454
101,15.5126140633387,48.66478797638218,11.3191089640365,4.455179817498658,5.12614063338701,4.233762748255502,9.876543209876543,0.3824476650563607,0.4294149221685454
102,15.807836822329575,48.41653247450349,11.3191089640365,4.455179817498658,5.12614063338701,4.200214707461084,9.863123993558776,0.3824476650563607,0.4294149221685454
103,16.056092324208265,48.22866344605475,11.292270531400966,4.428341384863124,5.12614063338701,4.200214707461084,9.863123993558776,0.3757380568974772,0.4294149221685454
104,16.0829307568438,48.22195383789587,11.292270531400966,4.428341384863124,5.12614063338701,4.200214707461084,9.842995169082126,0.3757380568974772,0.4294149221685454
105,16.056092324208265,47.316156736446594,11.292270531400966,5.139559849704777,5.347557702630167,4.200214707461084,9.842995169082126,0.3757380568974772,0.4294149221685454
106,16.170155662909288,45.73268921095008,11.198336017176597,6.709608158883521,5.340848094471283,4.200214707461084,9.842995169082126,0.3757380568974772,0.4294149221685454
107,16.358024691358025,45.56494900697799,11.198336017176597,6.709608158883521,5.340848094471283,4.200214707461084,9.822866344605474,0.3757380568974772,0.4294149221685454
108,16.458668813741276,45.51798174986581,11.198336017176597,6.709608158883521,5.340848094471283,4.180085882984434,9.789318303811058,0.3757380568974772,0.4294149221685454
109,16.49892646269458,45.51798174986581,11.198336017176597,6.709608158883521,5.340848094471283,4.180085882984434,9.749060654857756,0.3757380568974772,0.4294149221685454
110,16.478797638217927,45.511272141706925,10.48040794417606,6.709608158883521,5.3341384863123995,4.180085882984434,10.50053676865271,0.3757380568974772,0.4294149221685454
111,16.700214707461082,42.84755770263017,10.446859903381643,6.508319914117015,5.267042404723564,6.219806763285024,11.218464841653248,0.36231884057971014,0.4294149221685454
112,16.75389157273215,42.7938808373591,10.446859903381643,6.508319914117015,5.267042404723564,6.219806763285024,11.218464841653248,0.36231884057971014,0.4294149221685454
113,16.794149221685455,42.76704240472356,10.446859903381643,6.508319914117015,5.253623188405797,6.219806763285024,11.218464841653248,0.36231884057971014,0.4294149221685454
114,16.908212560386474,42.652979066022546,10.446859903381643,6.508319914117015,5.253623188405797,6.219806763285024,11.218464841653248,0.36231884057971014,0.4294149221685454
115,17.04911433172303,42.223564143854,10.446859903381643,5.9447128287707995,5.233494363929147,7.092055823939882,11.218464841653248,0.36231884057971014,0.4294149221685454
116,17.183306494900698,42.11621041331186,10.446859903381643,5.917874396135265,5.233494363929147,7.092055823939882,11.218464841653248,0.36231884057971014,0.4294149221685454
117,17.156468062265162,41.706924315619965,10.446859903381643,3.784219001610306,8.192431561996779,6.743156199677939,11.218464841653248,0.36231884057971014,0.38915727321524424
118,17.14975845410628,41.63311862587225,10.124798711755233,3.9318303811057436,7.333601717659689,6.474771873322598,12.600644122383253,0.36231884057971014,0.38915727321524424
119,17.102791196994094,41.18357487922705,10.0979602791197,3.9318303811057436,7.326892109500805,7.018250134192163,12.587224906065487,0.36231884057971014,0.38915727321524424
120,17.411433172302736,40.96886741814278,10.084541062801932,3.9318303811057436,7.266505636070853,6.998121309715513,12.587224906065487,0.36231884057971014,0.38915727321524424
121,17.21014492753623,40.955448201825014,9.07139023081052,5.166398282340311,7.25979602791197,6.998121309715513,12.587224906065487,0.36231884057971014,0.38915727321524424
122,17.418142780461622,40.76757917337628,9.07139023081052,5.0791733762748255,8.085077831454644,6.253354804079442,12.587224906065487,0.3488996242619431,0.38915727321524424
123,17.53220611916264,40.633387010198604,9.064680622651638,5.213365539452496,8.024691358024691,6.233225979602791,12.560386473429952,0.3488996242619431,0.38915727321524424
124,17.60601180891036,40.56629092860977,9.057971014492754,5.213365539452496,8.024691358024691,6.233225979602791,12.560386473429952,0.3488996242619431,0.38915727321524424
125,17.60601180891036,40.425389157273216,8.943907675791733,5.213365539452496,8.011272141706923,6.501610305958132,12.560386473429952,0.3488996242619431,0.38915727321524424
126,17.820719269994633,39.761137949543745,8.863392377885132,5.750134192163178,8.011272141706923,6.501610305958132,12.553676865271068,0.3488996242619431,0.38915727321524424
127,17.94820182501342,39.52630166398282,8.80300590445518,5.367686527106817,8.548040794417606,6.635802469135802,12.432903918411165,0.3488996242619431,0.38915727321524424
128,18.02200751476114,37.76167471819646,8.796296296296296,7.118894256575416,8.548040794417606,6.635802469135802,12.379227053140097,0.3488996242619431,0.38915727321524424
129,18.055555555555557,37.13768115942029,8.796296296296296,7.7898550724637685,8.53462157809984,6.635802469135802,12.365807836822329,0.2952227589908749,0.38915727321524424
130,18.14278046162104,36.94981213097155,8.789586688137414,7.950885668276973,8.507783145464305,6.635802469135802,12.338969404186795,0.2952227589908749,0.38915727321524424
131,18.23671497584541,36.922973698336016,8.789586688137414,7.9039184111647875,8.494363929146537,6.635802469135802,12.332259796027913,0.2952227589908749,0.38915727321524424
132,18.96135265700483,36.81561996779388,8.57487922705314,7.648953301127214,8.433977455716587,6.957863660762212,11.922973698336017,0.2952227589908749,0.38915727321524424
133,18.276972624798713,30.589103596349972,22.638217928073,5.428073000536768,6.394256575415996,4.99194847020934,10.997047772410092,0.2952227589908749,0.38915727321524424
134,18.21658615136876,30.589103596349972,22.611379495437465,5.267042404723564,6.394256575415996,5.267042404723564,10.970209339774557,0.2952227589908749,0.38915727321524424
135,18.290391841116477,30.56897477187332,22.5979602791197,5.267042404723564,6.394256575415996,5.260332796564681,10.93666129898014,0.2952227589908749,0.38915727321524424
136,18.370907139023082,30.515297906602253,22.571121846484164,5.267042404723564,6.394256575415996,5.260332796564681,10.93666129898014,0.2952227589908749,0.38915727321524424
137,18.451422436929683,30.48845947396672,22.5577026301664,5.267042404723564,6.394256575415996,5.260332796564681,10.896403650026839,0.2952227589908749,0.38915727321524424
138,17.082662372517444,29.904723564143854,24.610842726784757,5.226784755770263,6.394256575415996,5.246913580246914,10.849436392914654,0.2952227589908749,0.38915727321524424
139,17.216854535695116,29.904723564143854,24.476650563607084,5.226784755770263,6.394256575415996,5.387815351583468,10.7085346215781,0.2952227589908749,0.38915727321524424
140,17.156468062265162,29.723564143854,24.416264090177133,5.4616210413311865,6.367418142780462,5.387815351583468,10.802469135802468,0.2952227589908749,0.38915727321524424
141,17.337627482555018,29.676596886741816,24.362587224906065,5.4616210413311865,6.327160493827161,5.387815351583468,10.762211486849168,0.2952227589908749,0.38915727321524424
142,17.458400429414922,29.30756843800322,24.214975845410628,5.964841653247451,6.246645195920558,5.387815351583468,10.735373054213634,0.2952227589908749,0.38915727321524424
143,17.68652710681696,29.30756843800322,24.060654857756308,5.904455179817498,6.246645195920558,5.548845947396672,10.560923242082662,0.2952227589908749,0.38915727321524424
144,17.840848094471284,29.30756843800322,24.013687600644122,5.904455179817498,6.246645195920558,5.488459473966721,10.513955984970478,0.2952227589908749,0.38915727321524424
145,17.934782608695652,29.26731078904992,24.013687600644122,5.864197530864198,6.246645195920558,5.475040257648954,10.513955984970478,0.2952227589908749,0.38915727321524424
146,17.58588298443371,28.56280193236715,25.261674718196456,5.864197530864198,6.246645195920558,5.475040257648954,10.319377348362856,0.2952227589908749,0.38915727321524424
147,18.04884594739667,28.495705850778315,24.94632313472893,5.864197530864198,6.246645195920558,5.4549114331723025,10.258990874932904,0.2952227589908749,0.38915727321524424
148,18.263553408480945,28.435319377348364,24.88593666129898,5.864197530864198,6.219806763285024,5.434782608695652,10.21202361782072,0.2952227589908749,0.38915727321524424
149,18.337359098228664,28.381642512077295,24.86580783682233,5.864197530864198,6.219806763285024,5.434782608695652,10.21202361782072,0.2952227589908749,0.38915727321524424
150,18.42458400429415,28.381642512077295,24.805421363392377,5.864197530864198,6.219806763285024,5.434782608695652,10.185185185185185,0.2952227589908749,0.38915727321524424
151,18.55877616747182,27.63016639828234,22.48389694041868,7.185990338164252,6.219806763285024,5.414653784219001,10.165056360708535,1.9524959742351047,0.38915727321524424
152,18.51851851851852,27.079978529253893,22.48389694041868,7.823403113258186,5.998389694041868,5.60252281266774,10.151637144390767,1.9524959742351047,0.38915727321524424
153,18.625872249060656,27.006172839506174,22.48389694041868,7.7898550724637685,5.998389694041868,5.60252281266774,10.151637144390767,1.9524959742351047,0.38915727321524424
154,18.49838969404187,27.32823403113258,22.356414385399894,7.776435856146001,5.998389694041868,5.555555555555555,10.144927536231885,1.9524959742351047,0.38915727321524424
155,18.80703166935051,27.140365002683843,22.32957595276436,7.776435856146001,5.998389694041868,5.475040257648954,10.131508319914117,1.9524959742351047,0.38915727321524424
156,19.028448738593667,27.093397745571657,22.302737520128826,7.689210950080516,5.991680085882985,5.475040257648954,10.0979602791197,1.9524959742351047,0.36902844873859364
157,19.122383252818036,27.093397745571657,21.464036500268385,7.689210950080516,5.971551261406334,5.475040257648954,10.050993022007514,2.7643585614600106,0.36902844873859364
158,19.276704240472355,26.972624798711756,21.430488459473967,7.689210950080516,5.971551261406334,5.475040257648954,10.050993022007514,2.7643585614600106,0.36902844873859364
159,20.135534084809446,26.590177133655395,21.4170692431562,7.575147611379496,5.9514224369296835,5.475040257648954,9.722222222222221,2.7643585614600106,0.36902844873859364
160,20.249597423510465,26.590177133655395,21.40365002683843,7.575147611379496,5.9514224369296835,5.475040257648954,9.621578099838969,2.7643585614600106,0.36902844873859364
161,19.685990338164252,27.38191089640365,21.390230810520666,7.407407407407407,5.931293612453032,5.475040257648954,9.594739667203436,2.7643585614600106,0.36902844873859364
162,19.83360171765969,27.274557165861513,21.36339237788513,7.407407407407407,5.931293612453032,5.475040257648954,9.581320450885668,2.7643585614600106,0.36902844873859364
163,19.91411701556629,27.274557165861513,21.336553945249598,7.39398819108964,5.917874396135265,5.448201825013419,9.581320450885668,2.7643585614600106,0.36902844873859364
164,19.847020933977454,27.046430488459475,21.336553945249598,7.689210950080516,5.917874396135265,5.448201825013419,9.581320450885668,2.7643585614600106,0.36902844873859364
165,19.981213097155127,27.026301663982824,21.309715512614062,7.689210950080516,5.904455179817498,5.448201825013419,9.50751476113795,2.7643585614600106,0.36902844873859364
166,20.081857219538378,26.972624798711756,21.309715512614062,7.682501341921632,5.904455179817498,5.414653784219001,9.500805152979066,2.7643585614600106,0.36902844873859364
167,20.28985507246377,26.898819108964037,21.26274825550188,7.682501341921632,5.904455179817498,5.387815351583468,9.46725711218465,2.737520128824477,0.36902844873859364
168,20.417337627482556,26.838432635534083,21.24932903918411,7.669082125603865,5.904455179817498,5.387815351583468,9.447128287707997,2.717391304347826,0.36902844873859364
169,20.50456253354804,26.7914653784219,21.235909822866343,7.669082125603865,5.877616747181965,5.387815351583468,9.447128287707997,2.717391304347826,0.36902844873859364
170,20.43075684380032,26.637144390767578,21.235909822866343,7.628824476650563,6.199677938808374,5.5689747718733225,9.212292002147075,2.717391304347826,0.36902844873859364
171,20.544820182501343,26.637144390767578,21.20907139023081,7.628824476650563,6.199677938808374,5.515297906602254,9.178743961352657,2.717391304347826,0.36902844873859364
172,20.833333333333332,26.496242619431026,21.162104133118625,7.601986044015029,6.199677938808374,5.4616210413311865,9.158615136876007,2.717391304347826,0.36902844873859364
173,20.88030059044552,26.46940418679549,21.141975308641975,7.601986044015029,6.199677938808374,5.4616210413311865,9.158615136876007,2.717391304347826,0.36902844873859364
174,20.853462157809982,25.999731615673646,21.041331186258724,7.521470746108427,6.447933440687064,6.333870101986044,8.715780998389693,2.717391304347826,0.36902844873859364
175,21.021202361782073,25.99302200751476,20.90042941492217,7.521470746108427,6.427804616210413,6.333870101986044,8.715780998389693,2.717391304347826,0.36902844873859364
176,21.034621578099838,25.99302200751476,20.8870101986044,7.521470746108427,6.427804616210413,6.333870101986044,8.715780998389693,2.717391304347826,0.36902844873859364
177,21.135265700483092,25.97289318303811,20.840042941492218,7.521470746108427,6.427804616210413,6.333870101986044,8.682232957595277,2.717391304347826,0.36902844873859364
178,18.874127750939344,35.33279656468062,20.45088566827697,7.461084272678476,5.280461621041331,5.179817498658078,4.703435319377348,2.717391304347826,
179,18.947933440687063,35.299248523886206,20.417337627482556,7.461084272678476,5.280461621041331,5.173107890499195,4.703435319377348,2.717391304347826,
180,19.11567364465915,35.245571658615134,20.37037037037037,7.39398819108964,5.280461621041331,5.173107890499195,4.703435319377348,2.717391304347826,
181,18.914385399892645,35.05099302200752,20.37037037037037,7.367149758454106,5.280461621041331,4.884594739667204,5.414653784219001,2.717391304347826,
182,19.008319914117017,34.997316156736446,20.343531937734838,7.367149758454106,5.280461621041331,4.884594739667204,5.401234567901234,2.717391304347826,
183,19.209608158883523,34.97047772410091,20.209339774557165,7.367149758454106,5.280461621041331,4.884594739667204,5.360976918947934,2.717391304347826,
184,19.249865807836823,34.004294149221685,20.209339774557165,8.319914117015566,5.267042404723564,4.871175523349437,5.360976918947934,2.717391304347826,
185,19.390767579173378,33.964036500268385,20.108695652173914,8.319914117015566,5.267042404723564,4.871175523349437,5.360976918947934,2.717391304347826,
186,19.51825013419216,33.91035963499731,20.068438003220614,8.319914117015566,5.253623188405797,4.851046698872786,5.360976918947934,2.717391304347826,
187,19.45115405260333,33.24610842726785,20.055018786902846,8.319914117015566,4.750402576489533,4.49543746645196,6.964573268921095,2.717391304347826,
188,19.524959742351047,33.24610842726785,20.055018786902846,8.319914117015566,4.7101449275362315,4.4820182501341925,6.944444444444445,2.717391304347826,
189,19.45786366076221,32.21953837895867,19.97450348899624,8.635265700483092,4.7101449275362315,5.35426731078905,6.9310252281266775,2.717391304347826,
190,18.92109500805153,28.690284487385938,19.94766505636071,8.601717659688674,9.091519055287172,5.287171229200215,6.743156199677939,2.717391304347826,
191,19.223027375201287,28.690284487385938,19.93424584004294,8.601717659688674,8.84326355340848,5.287171229200215,6.743156199677939,2.677133655394525,
192,19.390767579173378,28.61647879763822,19.93424584004294,8.521202361782072,8.829844337090714,5.287171229200215,6.743156199677939,2.677133655394525,
193,19.53166935050993,28.535963499731615,19.89398819108964,8.514492753623188,8.816425120772946,5.287171229200215,6.743156199677939,2.677133655394525,
194,19.565217391304348,28.502415458937197,19.89398819108964,8.514492753623188,8.816425120772946,5.287171229200215,6.743156199677939,2.677133655394525,
195,19.672571121846484,28.495705850778315,19.81347289318304,8.507783145464305,8.80300590445518,5.287171229200215,6.743156199677939,2.677133655394525,
196,19.712828770799785,28.468867418142782,19.81347289318304,8.494363929146537,8.80300590445518,5.287171229200215,6.743156199677939,2.677133655394525,
197,19.746376811594203,28.468867418142782,19.806763285024154,8.494363929146537,8.80300590445518,5.287171229200215,6.743156199677939,2.6502952227589907,
198,19.79334406870639,28.462157809983896,19.786634460547504,8.480944712828771,8.80300590445518,5.287171229200215,6.736446591519055,2.6502952227589907,
199,20.00805152979066,28.428609769189478,19.786634460547504,8.467525496511003,8.80300590445518,5.280461621041331,6.709608158883521,2.5161030595813205,
200,20.021470746108427,28.18035426731079,19.652442297369834,8.427267847557703,9.621578099838969,5.166398282340311,6.414385399892646,2.5161030595813205,
201,20.209339774557165,28.073000536768653,19.632313472893184,8.393719806763285,9.621578099838969,5.166398282340311,6.394256575415996,2.509393451422437,
202,20.356951154052602,28.059581320450885,19.55179817498658,8.373590982286634,9.588030059044552,5.166398282340311,6.394256575415996,2.509393451422437,
203,19.464573268921097,27.053140096618357,19.51154052603328,8.373590982286634,9.131776704240472,5.139559849704777,8.816425120772946,2.509393451422437,
204,19.538378958668815,27.033011272141707,19.51154052603328,8.373590982286634,9.111647879763822,5.10601180891036,8.816425120772946,2.509393451422437,
205,19.64573268921095,27.006172839506174,19.45115405260333,8.353462157809984,9.111647879763822,5.10601180891036,8.816425120772946,2.509393451422437,
206,19.82018250134192,26.986044015029524,19.45115405260333,8.32662372517445,9.03113258185722,5.10601180891036,8.816425120772946,2.462426194310252,
207,19.900697799248523,26.939076757917338,19.43773483628556,8.3064949006978,9.03113258185722,5.10601180891036,8.816425120772946,2.462426194310252,
208,19.920826623725173,26.92565754159957,19.43773483628556,8.3064949006978,9.03113258185722,5.10601180891036,8.809715512614064,2.462426194310252,
209,20.001341921631777,26.912238325281802,19.41760601180891,8.3064949006978,8.984165324745035,5.10601180891036,8.809715512614064,2.462426194310252,
210,20.155662909286097,26.90552871712292,19.343800322061192,8.259527643585615,8.977455716586151,5.10601180891036,8.789586688137414,2.462426194310252,
211,20.25630703166935,26.838432635534083,19.343800322061192,8.225979602791197,8.977455716586151,5.10601180891036,8.789586688137414,2.462426194310252,
212,20.40391841116479,26.81159420289855,19.290123456790123,8.225979602791197,8.93719806763285,5.0858829844337095,8.789586688137414,2.4557165861513686,
213,20.497852925389157,26.757917337627482,19.249865807836823,8.225979602791197,8.93719806763285,5.0858829844337095,8.789586688137414,2.4557165861513686,
214,20.658883521202362,26.65727321524423,19.249865807836823,8.225979602791197,8.923778851315083,5.052334943639291,8.776167471819646,2.4557165861513686,
215,20.92055823939882,26.576757917337627,19.216317767042405,8.091787439613526,8.923778851315083,5.052334943639291,8.776167471819646,2.442297369833602,
216,21.027911969940956,26.482823403113258,19.216317767042405,8.091787439613526,8.923778851315083,5.052334943639291,8.76274825550188,2.442297369833602,
217,21.470746108427267,26.476113794954376,18.914385399892645,8.07836822329576,8.84326355340848,5.038915727321524,8.76274825550188,2.4154589371980677,
218,20.813204508856682,25.764895330112722,20.75281803542673,8.07836822329576,8.829844337090714,4.64975845410628,8.695652173913043,2.4154589371980677,
219,20.9272678475577,25.744766505636072,20.739398819108963,8.05823939881911,8.829844337090714,4.616210413311863,8.668813741277509,2.4154589371980677,
220,20.88030059044552,25.603864734299517,20.28985507246377,8.695652173913043,8.829844337090714,4.616210413311863,8.668813741277509,2.4154589371980677,
221,21.095008051529792,25.523349436392916,20.229468599033815,8.695652173913043,8.809715512614064,4.602791196994096,8.628556092324208,2.4154589371980677,
222,21.32313472893183,25.509930220075148,20.041599570585078,8.695652173913043,8.78287707997853,4.602791196994096,8.628556092324208,2.4154589371980677,
223,21.35668276972625,24.912775093934513,20.014761137949545,8.648684916800859,8.769457863660762,5.260332796564681,8.621846484165324,2.4154589371980677,
224,21.450617283950617,24.859098228663445,20.014761137949545,8.621846484165324,8.756038647342995,5.260332796564681,8.621846484165324,2.4154589371980677,
225,21.470746108427267,24.852388620504563,21.014492753623188,8.608427267847558,8.756038647342995,5.253623188405797,7.628824476650563,2.4154589371980677,
226,21.517713365539453,24.852388620504563,21.00107353730542,8.608427267847558,8.756038647342995,5.226784755770263,7.628824476650563,2.408749329039184,
227,21.62506709608159,24.84567901234568,20.954106280193237,8.608427267847558,8.729200214707461,5.2066559312936125,7.62211486849168,2.408749329039184,
228,21.72571121846484,24.84567901234568,20.94068706387547,8.561460010735374,8.715780998389693,5.179817498658078,7.62211486849168,2.408749329039184,
229,21.866612989801396,24.818840579710145,20.873590982286636,8.561460010735374,8.715780998389693,5.179817498658078,7.575147611379496,2.408749329039184,
230,21.74584004294149,24.490069779924852,20.71256038647343,8.548040794417606,8.514492753623188,5.615942028985507,7.96430488459474,2.408749329039184,
231,22.04777241009125,24.302200751476114,20.67230273752013,8.527911969940956,8.494363929146537,5.615942028985507,7.950885668276973,2.3886205045625335,
232,21.980676328502415,24.013687600644122,20.67230273752013,8.527911969940956,8.400429414922169,6.0654857756307035,7.950885668276973,2.3886205045625335,
233,22.14170692431562,23.97342995169082,20.625335480407944,8.501073537305421,8.380300590445518,6.0654857756307035,7.924047235641439,2.3886205045625335,
234,22.16183574879227,23.66478797638218,20.625335480407944,8.494363929146537,8.239398819108963,6.508319914117015,7.924047235641439,2.38191089640365,
235,22.282608695652176,23.64465915190553,20.625335480407944,8.494363929146537,8.205850778314547,6.494900697799249,7.87037037037037,2.38191089640365,
236,22.309447128287708,23.597691894793343,20.477724100912507,8.494363929146537,8.192431561996779,6.6760601180891035,7.87037037037037,2.38191089640365,
237,21.604938271604937,23.43666129898014,21.578099838969404,8.494363929146537,8.13875469672571,6.535158346752549,7.836822329575953,2.3752012882447664,
238,21.76596886741814,23.369565217391305,21.544551798174986,8.447396672034353,8.125335480407944,6.535158346752549,7.836822329575953,2.3752012882447664,
239,21.93370907139023,23.336017176596886,21.537842190016104,8.319914117015566,8.125335480407944,6.535158346752549,7.836822329575953,2.3752012882447664,
240,22.020933977455716,23.315888352120236,21.484165324745035,8.313204508856682,8.125335480407944,6.528448738593666,7.836822329575953,2.3752012882447664,
241,22.094739667203434,23.262211486849168,21.484165324745035,8.299785292538916,7.971014492753623,6.6760601180891035,7.836822329575953,2.3752012882447664,
242,21.443907675791735,22.82608695652174,21.235909822866343,8.038110574342458,7.897208803005904,8.3467525496511,7.836822329575953,2.3752012882447664,
243,21.4573268921095,22.81266774020397,20.933977455716587,8.038110574342458,8.199141170155663,8.3467525496511,7.836822329575953,2.3752012882447664,
244,21.108427267847556,22.644927536231883,20.38378958668814,8.232689210950081,8.199141170155663,8.3467525496511,8.715780998389693,2.368491680085883,
245,21.175523349436393,22.624798711755233,20.343531937734838,8.232689210950081,8.199141170155663,8.340042941492216,8.715780998389693,2.368491680085883,
246,21.370101986044016,22.5979602791197,20.283145464304884,8.232689210950081,8.165593129361245,8.319914117015566,8.682232957595277,2.3483628556092326,
247,21.618357487922705,22.571121846484164,20.155662909286097,8.205850778314547,8.132045088566828,8.293075684380032,8.675523349436393,2.3483628556092326,
248,21.77938808373591,22.537573805689746,20.115405260332796,8.179012345679013,8.105206655931294,8.259527643585615,8.675523349436393,2.3483628556092326,
249,21.806226516371442,22.530864197530864,20.101986044015028,8.179012345679013,8.09849704777241,8.259527643585615,8.675523349436393,2.3483628556092326,
250,21.89345142243693,22.48389694041868,20.068438003220614,8.172302737520129,8.09849704777241,8.259527643585615,8.675523349436393,2.3483628556092326,
251,21.960547504025765,22.450348899624263,20.055018786902846,8.172302737520129,8.07836822329576,8.259527643585615,8.675523349436393,2.3483628556092326,
252,22.24235104669887,22.08132045088567,19.840311325818572,8.521202361782072,8.07836822329576,8.246108427267847,8.675523349436393,2.314814814814815,
253,22.423510466988727,22.067901234567902,19.81347289318304,8.521202361782072,8.071658615136876,8.246108427267847,8.541331186258722,2.314814814814815,
254,22.624798711755233,21.987385936661298,19.766505636070853,8.521202361782072,8.21256038647343,8.232689210950081,8.340042941492216,2.314814814814815,
255,22.799248523886206,21.953837895866883,19.753086419753085,8.460815888352121,8.21256038647343,8.232689210950081,8.272946859903382,2.314814814814815,
256,22.799248523886206,21.202361782071925,19.753086419753085,9.353193773483628,8.105206655931294,8.232689210950081,8.239398819108963,2.314814814814815,
257,22.886473429951693,21.202361782071925,19.719538378958667,9.353193773483628,8.085077831454644,8.232689210950081,8.205850778314547,2.314814814814815,
258,23.067632850241544,21.18894256575416,19.632313472893184,9.333064949006978,8.085077831454644,8.232689210950081,8.158883521202362,2.301395598497048,
259,23.15485775630703,21.175523349436393,19.605475040257648,9.31964573268921,8.085077831454644,8.232689210950081,8.145464304884594,2.281266774020397,
260,23.05421363392378,21.175523349436393,19.33709071390231,9.292807300053678,7.226247987117552,8.232689210950081,8.145464304884594,3.535963499731616,
