,45,50,51,52,55,53,56,54,57
0,94.12909286097693,5.870907139023081,,,,,,,
1,94.12909286097693,5.870907139023081,,,,,,,
2,88.82850241545894,11.171497584541063,,,,,,,
3,88.86205045625336,11.137949543746645,,,,,,,
4,87.63419216317767,12.365807836822329,,,,,,,
5,84.93692968330649,14.103596349973161,0.9594739667203436,,,,,,
6,84.97047772410092,14.070048309178745,0.9594739667203436,,,,,,
7,72.20880300590446,24.302200751476114,3.488996242619431,,,,,,
8,72.1081588835212,24.402844873859365,3.488996242619431,,,,,,
9,71.65861513687601,24.912775093934513,3.4286097691894795,,,,,,
10,69.49812130971551,24.738325281803544,3.4286097691894795,2.3349436392914655,,,,,
11,69.51825013419216,24.20155662909286,3.4017713365539453,2.8784219001610305,,,,,
12,59.19216317767042,29.898013955984972,8.031400966183575,2.8784219001610305,,,,,
13,57.86366076221149,29.05931293612453,10.299248523886206,2.7777777777777777,,,,,
14,57.87707997852925,28.6231884057971,10.285829307568438,2.7777777777777777,0.43612453032742887,,,,
15,56.676060118089104,29.938271604938272,10.205314009661835,2.7777777777777777,0.4025764895330113,,,,
16,56.716317767042405,29.898013955984972,10.205314009661835,2.7777777777777777,0.4025764895330113,,,,
17,54.851046698872786,31.796833064949006,10.205314009661835,2.7442297369833604,0.4025764895330113,,,,
18,54.891304347826086,31.78341384863124,10.178475577026301,2.7442297369833604,0.4025764895330113,,,,
19,54.95169082125604,30.340848094471284,9.970477724100913,4.334406870638754,0.4025764895330113,,,,
20,54.53569511540526,30.649490069779926,9.96376811594203,4.334406870638754,0.4025764895330113,0.11406333870101985,,,
21,52.542941492216855,32.64224369296833,9.96376811594203,4.334406870638754,0.4025764895330113,0.11406333870101985,,,
22,44.02844873859367,39.150563607085346,8.279656468062266,7.809983896940419,0.6172839506172839,0.11406333870101985,,,
23,43.894256575415994,39.14385399892646,8.460815888352121,7.769726247987117,0.6172839506172839,0.11406333870101985,,,
24,39.52630166398282,39.98926462694579,8.460815888352121,11.721685453569512,0.1878690284487386,0.11406333870101985,,,
25,36.68142780461621,39.398819108964034,12.117552334943639,11.614331723027375,0.1878690284487386,,,,
26,35.889694041867955,40.64009661835749,12.117552334943639,11.16478797638218,0.1878690284487386,,,,
27,35.929951690821255,40.59983896940419,12.117552334943639,11.16478797638218,0.1878690284487386,,,,
28,35.95679012345679,40.57300053676865,12.117552334943639,11.16478797638218,0.1878690284487386,,,,
29,34.33977455716586,42.210144927536234,12.104133118625873,11.003757380568974,0.3421900161030596,,,,
30,34.35990338164251,40.727321524422976,12.050456253354804,9.916800858829845,0.15432098765432098,2.791196994095545,,,
31,32.87707997852925,42.50536768652711,12.02361782071927,9.648416532474503,0.15432098765432098,2.791196994095545,,,
32,30.20665593129361,45.17579173376275,12.02361782071927,9.648416532474503,0.15432098765432098,2.791196994095545,,,
33,29.770531400966185,41.63311862587225,15.901771336553946,9.648416532474503,0.2549651100375738,2.791196994095545,,,
34,29.884594739667204,41.55931293612453,15.861513687600644,9.648416532474503,0.2549651100375738,2.791196994095545,,,
35,28.710413311862588,39.86849168008588,18.209876543209877,9.648416532474503,0.7716049382716049,2.791196994095545,,,
36,28.797638217928075,39.841653247450346,18.109232420826622,9.541062801932368,0.7716049382716049,2.9388083735909825,,,
37,28.797638217928075,39.12372517444981,19.343800322061192,9.541062801932368,0.2549651100375738,2.9388083735909825,,,
38,28.891572732152444,38.93585614600107,19.330381105743424,9.514224369296834,0.38915727321524424,2.9388083735909825,,,
39,29.03918411164788,37.936124530327426,19.296833064949006,10.178475577026301,0.38915727321524424,3.1602254428341383,,,
40,28.824476650563607,36.9699409554482,19.061996779388085,10.077831454643048,0.38915727321524424,4.676596886741814,,,
41,28.83118625872249,35.91653247450349,19.061996779388085,10.077831454643048,0.4562533548040794,5.656199677938808,,,
42,28.992216854535695,35.91653247450349,18.894256575415994,9.876543209876543,0.5568974771873323,5.656199677938808,0.10735373054213634,,
43,27.83816425120773,31.394256575415994,24.58400429414922,10.44015029522276,0.5568974771873323,5.0791733762748255,0.10735373054213634,,
44,27.623456790123456,31.582125603864736,23.05421363392378,11.996779388083736,0.5568974771873323,5.0791733762748255,0.10735373054213634,,
45,26.382179280730007,33.23268921095008,22.644927536231883,11.996779388083736,0.5568974771873323,5.0791733762748255,0.10735373054213634,,
46,24.731615673644658,30.837359098228664,26.42914653784219,12.875738056897477,0.5568974771873323,4.461889425657541,0.10735373054213634,,
47,24.778582930756844,27.87842190016103,25.53676865271068,12.681159420289855,0.48980139559849706,8.527911969940956,0.10735373054213634,,
48,21.390230810520666,34.76247987117552,28.187063875469672,11.379495437466453,0.48980139559849706,3.683574879227053,0.10735373054213634,,
49,21.517713365539453,34.74906065485776,28.073000536768653,11.379495437466453,0.48980139559849706,3.683574879227053,0.10735373054213634,,
50,21.32313472893183,34.78260869565217,26.737788513150832,11.520397208803006,0.48980139559849706,5.038915727321524,0.10735373054213634,,
51,21.38352120236178,34.695383789586685,26.710950080515296,11.3191089640365,0.4830917874396135,4.864465915190553,0.10735373054213634,0.43612453032742887,
52,21.115136876006442,33.883521202361784,28.039452495974235,11.097691894793345,0.4830917874396135,4.8376274825550185,0.10735373054213634,0.43612453032742887,
53,21.162104133118625,33.3467525496511,27.999194847020934,11.097691894793345,0.5568974771873323,5.065754159957058,0.10735373054213634,0.6642512077294686,
54,21.155394524959743,33.319914117015564,26.214439076757916,12.922705314009661,0.5568974771873323,5.065754159957058,0.10064412238325282,0.6642512077294686,
55,20.115405260332796,31.146001073537306,28.63660762211487,12.922705314009661,0.7380568974771873,5.065754159957058,0.10064412238325282,1.2748255501878691,
56,20.055018786902846,30.776972624798713,28.609769189479334,13.378958668813741,0.7380568974771873,5.065754159957058,0.10064412238325282,1.2748255501878691,
57,20.142243692968332,30.723295759527645,28.609769189479334,13.345410628019323,0.7380568974771873,5.065754159957058,0.10064412238325282,1.2748255501878691,
58,20.25630703166935,30.683038110574344,28.5829307568438,13.311862587224907,0.7380568974771873,5.052334943639291,0.10064412238325282,1.2748255501878691,
59,20.316693505099302,30.62265163714439,28.5829307568438,13.311862587224907,0.7380568974771873,5.052334943639291,0.10064412238325282,1.2748255501878691,
60,20.44417606011809,30.589103596349972,28.549382716049383,13.264895330112722,0.7380568974771873,5.038915727321524,0.10064412238325282,1.2748255501878691,
61,20.77294685990338,30.334138486312398,28.509125067096083,13.231347289318304,0.7380568974771873,5.038915727321524,0.10064412238325282,1.2748255501878691,
62,20.719269994632313,30.42807300053677,28.509125067096083,13.191089640365004,0.7380568974771873,5.038915727321524,0.10064412238325282,1.2748255501878691,
63,20.263016639828233,29.381374127750938,28.099838969404185,13.177670424047236,0.7380568974771873,5.038915727321524,0.10064412238325282,3.2004830917874396,
64,19.91411701556629,28.20048309178744,31.662640901771336,12.057165861513688,0.8118625872249061,4.079441760601181,0.10064412238325282,3.1736446591519054,
65,19.920826623725173,28.079710144927535,31.48148148148148,10.446859903381643,0.8118625872249061,5.984970477724101,0.10064412238325282,3.1736446591519054,
66,19.43773483628556,25.228126677402038,31.132581857219538,13.16425120772947,0.6575415995705851,7.326892109500805,0.10064412238325282,2.952227589908749,
67,19.504830917874397,25.09393451422437,30.703166935050994,14.51959205582394,0.630703166935051,6.494900697799249,0.10064412238325282,2.952227589908749,
68,19.773215244229736,23.49033816425121,30.441492216854535,14.016371443907676,0.630703166935051,8.796296296296296,0.10064412238325282,2.7509393451422435,
69,19.826892109500804,22.81266774020397,30.407944176060116,14.016371443907676,1.3687600644122384,8.715780998389693,0.10064412238325282,2.7509393451422435,
70,19.887278582930758,22.497316156736446,29.56924315619968,15.365002683843263,1.1406333870101986,8.702361782071927,0.10064412238325282,2.737520128824477,
71,19.343800322061192,21.79951690821256,34.27938808373591,12.741545893719806,1.1406333870101986,7.856951154052603,0.10064412238325282,2.737520128824477,
72,19.43773483628556,21.76596886741814,34.024422973698336,12.97638217928073,1.1406333870101986,7.816693505099302,0.10064412238325282,2.737520128824477,
73,19.43102522812668,21.329844337090712,33.70907139023081,12.922705314009661,1.1406333870101986,8.709071390230811,0.020128824476650563,2.737520128824477,
74,19.53166935050993,21.329844337090712,33.64868491680086,12.915995705850777,1.1406333870101986,8.675523349436393,0.020128824476650563,2.737520128824477,
75,15.854804079441761,30.401234567901234,33.091787439613526,8.480944712828771,1.4090177133655395,8.05823939881911,0.020128824476650563,2.6838432635534084,
76,16.150026838432634,30.3743961352657,32.82340311325819,8.480944712828771,1.4090177133655395,8.05823939881911,0.020128824476650563,2.6838432635534084,
77,16.170155662909288,29.582662372517444,32.776435856146,8.299785292538916,1.4090177133655395,8.011272141706923,0.020128824476650563,3.730542136339238,
78,16.31105743424584,29.528985507246375,32.749597423510465,8.299785292538916,1.4090177133655395,7.950885668276973,0.020128824476650563,3.730542136339238,
79,16.23725174449812,29.03918411164788,35.20531400966183,7.380568974771873,1.3486312399355878,7.132313472893183,0.020128824476650563,3.6366076221148687,
80,16.304347826086957,29.025764895330113,35.00402576489533,7.380568974771873,1.4962426194310252,7.132313472893183,0.020128824476650563,3.6366076221148687,
81,15.901771336553946,28.455448201825014,31.756575415995705,10.628019323671497,1.4895330112721417,8.111916264090176,0.020128824476650563,3.6366076221148687,
82,14.660493827160494,26.147342995169083,35.86285560923242,10.493827160493828,1.4895330112721417,7.809983896940419,0.020128824476650563,3.515834675254965,
83,13.768115942028986,25.87895866881374,37.59393451422437,9.386741814278047,1.4895330112721417,8.36688137412775,0.020128824476650563,3.4957058507783145,
84,13.848631239935587,25.87895866881374,37.567096081588836,9.359903381642512,1.4895330112721417,8.340042941492216,0.020128824476650563,3.4957058507783145,
85,14.17740203972088,25.805152979066023,37.553676865271065,9.346484165324744,1.4895330112721417,8.111916264090176,0.020128824476650563,3.4957058507783145,
86,14.452495974235104,25.107353730542137,37.31213097155126,9.272678475577026,1.583467525496511,8.756038647342995,0.020128824476650563,3.4957058507783145,
87,14.452495974235104,24.490069779924852,37.03703703703704,8.78287707997853,1.9860440150295222,8.715780998389693,0.020128824476650563,4.51556629092861,
88,14.640365002683843,24.402844873859365,36.842458400429415,8.742619431025227,1.9860440150295222,8.702361782071927,0.16774020397208803,4.51556629092861,
89,14.707461084272678,24.268652710681696,36.7686527106817,9.037842190016104,1.9659151905528718,8.568169618894256,0.16774020397208803,4.51556629092861,
90,14.875201288244767,24.228395061728396,36.580783682232955,9.03113258185722,1.9659151905528718,8.568169618894256,0.23483628556092323,4.51556629092861,
91,14.9020397208803,24.228395061728396,36.553945249597426,9.03113258185722,1.9659151905528718,8.568169618894256,0.23483628556092323,4.51556629092861,
92,15.056360708534621,24.20155662909286,36.4398819108964,9.03113258185722,1.9659151905528718,8.55475040257649,0.23483628556092323,4.51556629092861,
93,15.257648953301127,23.993558776167472,36.40633387010199,9.118357487922705,1.9659151905528718,8.507783145464305,0.23483628556092323,4.51556629092861,
94,15.331454643048845,22.20209339774557,36.171497584541065,8.99087493290392,4.025764895330113,8.501073537305421,0.30193236714975846,4.4753086419753085,
95,15.4723564143854,22.14170692431562,36.13794954374664,8.943907675791733,4.025764895330113,8.501073537305421,0.30193236714975846,4.4753086419753085,
96,15.546162104133119,22.000805152979066,36.06414385399893,8.943907675791733,4.166666666666667,8.501073537305421,0.30193236714975846,4.4753086419753085,
97,14.861782071927,21.443907675791735,33.49436392914654,12.848899624261943,3.9586688137412773,9.232420826623725,0.30193236714975846,3.8580246913580245,
98,14.620236178207193,18.632581857219538,34.03113258185722,12.372517444981213,3.5225442834138487,12.68786902844874,0.2952227589908749,3.8378958668813743,
99,14.714170692431562,18.605743424584006,34.01771336553945,11.735104669887278,3.5225442834138487,12.667740203972087,0.8990874932903918,3.8378958668813743,
100,15.03623188405797,18.4447128287708,33.9573268921095,11.721685453569512,3.5225442834138487,12.600644122383253,0.8990874932903918,3.8177670424047236,
101,15.069779924852389,17.659688674181428,33.85668276972625,11.721685453569512,4.408212560386473,12.567096081588835,0.8990874932903918,3.8177670424047236,
102,15.170424047235642,17.485238862050455,33.08507783145464,11.56736446591519,5.662909286097692,12.486580783682234,0.8990874932903918,3.643317230273752,
103,13.79495437466452,18.99490069779925,32.95759527643585,11.540526033279656,5.797101449275362,12.372517444981213,0.8990874932903918,3.643317230273752,
104,13.83521202361782,18.914385399892645,31.21309715512614,10.82259796027912,5.656199677938808,14.875201288244767,0.8990874932903918,3.784219001610306,
105,13.754696725711218,18.874127750939344,30.300590445517983,10.68840579710145,5.790391841116479,14.606816961889425,0.7581857219538379,5.226784755770263,
106,13.828502415458937,18.780193236714975,30.03220611916264,10.63472893183038,5.790391841116479,15.183843263553408,0.7581857219538379,4.99194847020934,
107,13.170960815888352,18.14278046162104,31.54186795491143,10.63472893183038,5.790391841116479,14.982555018786902,0.7581857219538379,4.978529253891573,
108,13.217928073000536,18.075684380032207,31.508319914117017,10.84272678475577,5.595813204508857,14.801395598497047,0.9796027911969941,4.978529253891573,
109,13.251476113794954,18.04884594739667,31.508319914117017,10.84272678475577,5.589103596349974,14.801395598497047,0.9796027911969941,4.978529253891573,
110,12.93612453032743,17.98845947396672,32.62211486849168,10.258990874932904,5.589103596349974,14.88191089640365,0.9796027911969941,4.74369296833065,
111,13.003220611916264,17.954911433172303,32.62211486849168,10.258990874932904,5.589103596349974,14.848362855609233,0.9796027911969941,4.74369296833065,
112,13.24476650563607,17.94820182501342,32.57514761137949,10.238862050456254,5.589103596349974,14.680622651637144,0.9796027911969941,4.74369296833065,
113,13.506441223832528,17.800590445517983,32.55501878690284,10.238862050456254,5.542136339237788,14.63365539452496,0.8722490606548577,4.851046698872786,
114,13.479602791196994,17.51207729468599,33.49436392914654,9.581320450885668,5.542136339237788,14.626945786366075,1.247987117552335,4.51556629092861,
115,13.546698872785829,17.498658078368223,33.49436392914654,9.581320450885668,5.542136339237788,14.573268921095009,1.247987117552335,4.51556629092861,
116,13.486312399355878,17.102791196994094,32.306763285024154,9.581320450885668,5.394524959742351,16.384863123993558,1.2412775093934514,4.502147074610843,
117,13.58695652173913,17.09608158883521,32.30005367686527,9.554482018250134,5.394524959742351,16.337895866881375,1.2412775093934514,4.488727858293076,
118,13.6406333870102,17.09608158883521,32.25979602791197,9.554482018250134,5.394524959742351,16.324476650563607,1.2412775093934514,4.488727858293076,
119,13.79495437466452,17.022275899087493,32.00483091787439,9.5276435856146,5.642780461621041,16.27750939345142,1.2412775093934514,4.488727858293076,
120,13.902308105206655,17.022275899087493,31.99812130971551,9.5276435856146,5.642780461621041,16.243961352657006,1.2144390767579174,4.448470209339774,
121,13.741277509393452,16.55931293612453,32.56843800322061,10.433440687063875,5.642780461621041,15.499194847020934,1.2144390767579174,4.341116478797638,
122,13.499731615673644,15.874932903918411,34.01771336553945,10.453569511540525,5.615942028985507,15.042941492216855,1.2010198604401503,4.294149221685454,
123,13.754696725711218,15.848094471282877,33.923778851315085,10.446859903381643,5.488459473966721,15.042941492216855,1.2010198604401503,4.294149221685454,
124,13.781535158346752,15.754159957058508,33.52120236178207,10.38647342995169,5.488459473966721,15.391841116478798,1.583467525496511,4.092860976918948,
125,13.674181427804616,15.754159957058508,32.90391841116479,12.741545893719806,4.622920021470746,14.647074610842727,1.5633387010198605,4.092860976918948,
126,13.801663982823403,15.754159957058508,32.789855072463766,12.72812667740204,4.542404723564144,14.647074610842727,1.6438539989264627,4.092860976918948,
127,13.123993558776167,15.35829307568438,33.97745571658615,12.580515297906603,4.7168545356951155,14.358561460010735,1.6438539989264627,4.240472356414386,
128,13.345410628019323,15.35829307568438,33.782877079978526,12.580515297906603,4.7168545356951155,14.358561460010735,1.6438539989264627,4.213633923778851,
129,13.41250670960816,15.197262479871176,33.63526570048309,12.533548040794418,4.7101449275362315,14.65378421900161,1.6438539989264627,4.213633923778851,
130,14.049919484702093,15.197262479871176,33.04482018250134,12.25174449812131,4.690016103059581,14.620236178207193,1.6304347826086956,4.51556629092861,
131,14.11701556629093,14.888620504562533,32.930756843800324,12.13768115942029,4.690016103059581,15.13016639828234,1.6304347826086956,4.4753086419753085,
132,14.237788513150832,14.848362855609233,32.930756843800324,12.124261943102523,4.676596886741814,15.076489533011273,1.6304347826086956,4.4753086419753085,
133,14.36527106816962,14.848362855609233,32.870370370370374,12.077294685990339,4.676596886741814,15.056360708534621,1.6304347826086956,4.4753086419753085,
134,14.439076757917338,14.848362855609233,32.870370370370374,12.077294685990339,4.676596886741814,14.982555018786902,1.6304347826086956,4.4753086419753085,
135,14.40552871712292,14.761137949543746,31.48148148148148,13.633923778851315,4.656468062265164,14.969135802469136,1.6170155662909287,4.4753086419753085,
136,14.42565754159957,14.761137949543746,31.46135265700483,13.580246913580247,4.656468062265164,15.183843263553408,1.6170155662909287,4.314278046162104,
137,14.251207729468598,14.49946323134729,32.01154052603328,13.459473966720344,4.643048845947397,15.042941492216855,1.7914653784219001,4.300858829844337,
138,13.546698872785829,13.479602791196994,33.46081588835212,14.06333870101986,4.74369296833065,14.80810520665593,1.7646269457863661,4.133118625872249,
139,13.687600644122384,13.33870101986044,33.3064949006978,14.023081052066559,4.74369296833065,14.673913043478262,1.892109500805153,4.334406870638754,
140,13.734567901234568,13.33870101986044,33.279656468062264,14.023081052066559,4.74369296833065,14.673913043478262,1.8719806763285025,4.334406870638754,
141,13.88888888888889,13.325281803542673,33.1857219538379,13.989533011272142,4.74369296833065,14.673913043478262,1.8585614600107354,4.334406870638754,
142,13.989533011272142,13.285024154589372,33.1857219538379,13.962694578636608,4.7101449275362315,14.673913043478262,1.8585614600107354,4.334406870638754,
143,14.049919484702093,13.285024154589372,33.1857219538379,13.94927536231884,4.7101449275362315,14.660493827160494,1.8585614600107354,4.300858829844337,
144,14.04320987654321,13.285024154589372,33.17901234567901,13.92914653784219,4.7101449275362315,14.472624798711756,1.8317230273752012,4.549114331723027,
145,14.163982823403114,13.285024154589372,33.13875469672571,13.848631239935587,4.7101449275362315,14.472624798711756,1.8317230273752012,4.549114331723027,
146,14.38539989264627,13.264895330112722,32.9374664519592,13.848631239935587,4.7101449275362315,14.472624798711756,1.8317230273752012,4.549114331723027,
147,14.452495974235104,13.251476113794954,32.9374664519592,13.848631239935587,4.7101449275362315,14.452495974235104,1.8317230273752012,4.51556629092861,
148,14.38539989264627,12.93612453032743,33.60842726784756,13.714439076757918,4.7101449275362315,14.338432635534085,1.8317230273752012,4.4753086419753085,
149,14.593397745571659,12.909286097691895,33.49436392914654,13.674181427804616,4.7101449275362315,14.31159420289855,1.8317230273752012,4.4753086419753085,
150,14.78797638217928,12.895866881374127,33.41384863123994,13.613794954374665,4.669887278582931,14.31159420289855,1.8317230273752012,4.4753086419753085,
151,15.190552871712292,12.848899624261943,33.19914117015566,13.593666129898015,4.757112184648417,14.11701556629093,1.8317230273752012,4.461889425657541,
152,15.230810520665592,12.848899624261943,33.15888352120236,13.593666129898015,4.757112184648417,14.11701556629093,1.8317230273752012,4.461889425657541,
153,14.928878153515834,12.667740203972087,36.171497584541065,12.533548040794418,4.7168545356951155,12.761674718196458,1.8317230273752012,4.388083735909823,
154,14.982555018786902,12.661030595813205,36.15807836822329,12.533548040794418,4.7168545356951155,12.741545893719806,1.8317230273752012,4.374664519592056,
155,14.841653247450349,12.654320987654321,36.553945249597426,12.325550187869029,4.7168545356951155,12.714707461084272,1.7310789049919484,4.461889425657541,
156,15.069779924852389,12.640901771336553,36.231884057971016,12.325550187869029,4.7168545356951155,13.030059044551798,1.7310789049919484,4.253891572732153,
157,15.257648953301127,12.600644122383253,36.13794954374664,12.318840579710145,4.7101449275362315,12.989801395598498,1.7310789049919484,4.253891572732153,
158,15.378421900161031,12.372517444981213,37.57380568974772,11.057434245840042,4.690016103059581,12.989801395598498,1.7310789049919484,4.206924315619967,
159,15.526033279656469,12.352388620504563,36.594202898550726,11.057434245840042,4.690016103059581,13.110574342458401,1.7310789049919484,4.938271604938271,
160,15.45222758990875,11.869296833064949,36.574074074074076,11.057434245840042,5.267042404723564,13.110574342458401,1.7310789049919484,4.938271604938271,
161,15.042941492216855,11.849168008588299,38.93585614600107,9.856414385399892,5.421363392377885,13.083735909822867,1.1205045625335481,4.690016103059581,
162,15.183843263553408,11.788781535158346,38.7211486849168,9.856414385399892,5.421363392377885,13.023349436392914,1.1205045625335481,4.884594739667204,
163,15.304616210413311,11.768652710681696,38.7211486849168,9.856414385399892,5.421363392377885,12.93612453032743,1.1205045625335481,4.871175523349437,
164,15.378421900161031,11.768652710681696,38.24476650563607,10.849436392914654,5.421363392377885,12.587224906065487,0.8789586688137413,4.871175523349437,
165,15.45222758990875,11.761943102522812,38.20450885668277,10.836017176596886,5.421363392377885,12.587224906065487,0.8789586688137413,4.85775630703167,
166,15.60654857756307,11.748523886205046,38.10386473429951,10.836017176596886,5.421363392377885,12.560386473429952,0.8789586688137413,4.8443370907139025,
167,15.331454643048845,11.621041331186259,39.23778851315083,10.044283413848632,5.60252281266774,12.439613526570048,0.8789586688137413,4.8443370907139025,
168,14.163982823403114,11.18491680085883,41.6532474503489,9.037842190016104,5.488459473966721,13.774825550187868,0.6642512077294686,4.032474503488996,
169,14.526301663982823,11.117820719269995,41.40499194847021,9.024422973698336,5.488459473966721,13.774825550187868,0.6642512077294686,3.9989264626945786,
170,14.99597423510467,11.05072463768116,41.12989801395599,9.339774557165862,5.273752012882448,13.6808910359635,0.6642512077294686,3.864734299516908,
171,15.157004830917874,11.05072463768116,41.015834675254965,9.292807300053678,5.273752012882448,13.6808910359635,0.6642512077294686,3.864734299516908,
172,15.163714439076758,11.05072463768116,40.58641975308642,9.178743961352657,5.0791733762748255,13.499731615673644,0.6642512077294686,4.777241009125067,
173,15.378421900161031,11.010466988727858,40.45222758990875,9.178743961352657,5.0791733762748255,13.459473966720344,0.6642512077294686,4.777241009125067,
174,15.479066022544284,10.95679012345679,39.74771873322598,9.037842190016104,5.0791733762748255,13.446054750402576,1.4761137949543746,4.777241009125067,
175,15.626677402039721,10.950080515297907,38.89559849704777,9.004294149221685,5.0791733762748255,13.976113794954374,1.107085346215781,5.360976918947934,
176,15.096618357487923,10.950080515297907,40.3918411164788,9.004294149221685,5.072463768115942,13.56682769726248,1.107085346215781,4.810789049919484,
177,15.271068169618895,10.950080515297907,40.21739130434783,9.004294149221685,5.072463768115942,13.56682769726248,1.107085346215781,4.810789049919484,
178,15.365002683843263,10.93666129898014,40.21068169618894,9.004294149221685,5.059044551798175,13.506441223832528,1.107085346215781,4.810789049919484,
179,15.425389157273216,10.93666129898014,40.08990874932904,9.004294149221685,5.186527106816962,13.466183574879228,1.1003757380568975,4.790660225442834,
180,15.505904455179817,10.93666129898014,39.70746108427268,8.950617283950617,5.381105743424584,13.399087493290391,1.1003757380568975,5.018786902844874,
181,15.666935050993022,10.876274825550189,39.439076757917334,8.950617283950617,5.448201825013419,13.399087493290391,1.221148684916801,4.998658078368224,
182,15.921900161030596,10.876274825550189,38.95598497047772,8.917069243156199,5.448201825013419,13.305152979066023,1.221148684916801,5.35426731078905,
183,16.09634997316157,10.876274825550189,38.62050456253355,8.910359634997317,5.448201825013419,13.278314546430488,1.415727321524423,5.35426731078905,
184,16.25738056897477,10.876274825550189,38.499731615673646,8.769457863660762,5.71658615136876,13.22463768115942,1.415727321524423,5.24020397208803,
185,16.485507246376812,10.768921095008052,38.439345142243695,8.769457863660762,5.703166935050993,13.197799248523886,1.415727321524423,5.22007514761138,
186,16.51905528717123,10.768921095008052,38.43263553408481,8.76274825550188,5.703166935050993,13.18438003220612,1.415727321524423,5.213365539452496,
187,16.74718196457327,10.768921095008052,38.117283950617285,8.722490606548577,5.703166935050993,13.177670424047236,1.6572732152442298,5.10601180891036,
188,16.834406870638755,10.762211486849168,38.0703166935051,8.709071390230811,5.689747718733226,13.177670424047236,1.6572732152442298,5.0993022007514766,
189,16.961889425657542,10.735373054213634,38.02334943639291,8.709071390230811,5.689747718733226,13.137412775093935,1.6572732152442298,5.0858829844337095,
190,17.01556629092861,10.735373054213634,37.9898013955985,8.68894256575416,5.689747718733226,13.137412775093935,1.6572732152442298,5.0858829844337095,
191,16.854535695115406,10.674986580783683,38.26489533011272,8.655394524959743,5.689747718733226,13.123993558776167,1.6572732152442298,5.0791733762748255,
192,16.874664519592056,10.621309715512615,38.191089640365,8.480944712828771,5.689747718733226,13.123993558776167,1.6572732152442298,5.360976918947934,
193,17.022275899087493,10.547504025764896,39.40552871712292,8.172302737520129,5.542136339237788,12.74825550187869,1.7579173376274826,4.804079441760601,
194,17.163177670424048,10.547504025764896,39.35856146001073,8.132045088566828,5.542136339237788,12.70799785292539,1.7579173376274826,4.790660225442834,
195,17.21014492753623,10.547504025764896,39.31830381105743,8.132045088566828,5.535426731078905,12.70799785292539,1.7579173376274826,4.790660225442834,
196,16.304347826086957,10.540794417606012,43.646001073537306,6.582125603864735,5.072463768115942,12.419484702093397,1.6304347826086956,3.8043478260869565,
197,16.378153515834676,10.540794417606012,43.59903381642512,6.582125603864735,5.059044551798175,12.406065485775631,1.6304347826086956,3.8043478260869565,
198,16.42512077294686,10.540794417606012,43.592324208266234,6.5552871712292005,5.059044551798175,12.392646269457863,1.6304347826086956,3.8043478260869565,
199,16.478797638217927,10.540794417606012,43.545356951154055,6.5552871712292005,5.059044551798175,12.385936661298981,1.6304347826086956,3.8043478260869565,
200,16.505636070853463,10.540794417606012,43.525228126677405,6.5552871712292005,5.059044551798175,12.385936661298981,1.6237251744498122,3.8043478260869565,
201,16.53918411164788,10.520665593129362,43.51180891035963,6.5552871712292005,5.059044551798175,12.385936661298981,1.6237251744498122,3.8043478260869565,
202,16.75389157273215,10.487117552334944,43.41116478797638,6.515029522275899,5.059044551798175,12.345679012345679,1.6237251744498122,3.8043478260869565,
203,16.82769726247987,10.487117552334944,43.37090713902308,6.515029522275899,5.059044551798175,12.31213097155126,1.6237251744498122,3.8043478260869565,
204,16.99543746645196,10.487117552334944,43.31052066559313,6.515029522275899,5.059044551798175,12.218196457326892,1.6237251744498122,3.7909286097691894,
205,17.20343531937735,10.379763821792807,43.303811057434245,6.474771873322598,5.052334943639291,12.218196457326892,1.6237251744498122,3.743961352657005,
206,17.3040794417606,10.292538915727322,43.20987654320987,6.474771873322598,5.166398282340311,12.211486849168008,1.596886741814278,3.743961352657005,
207,16.378153515834676,9.977187332259795,42.8341384863124,8.541331186258722,4.978529253891573,11.949812130971551,1.596886741814278,3.743961352657005,
208,16.378153515834676,9.977187332259795,42.8341384863124,8.541331186258722,4.978529253891573,11.949812130971551,1.596886741814278,3.743961352657005,
209,16.451959205582394,9.950348899624261,42.80059044551798,8.541331186258722,4.9718196457326895,11.949812130971551,1.596886741814278,3.7372517444981215,
210,16.51905528717123,9.950348899624261,42.7536231884058,8.541331186258722,4.9718196457326895,11.936392914653783,1.5901771336553945,3.7372517444981215,
211,16.686795491143318,9.849704777241008,42.51878690284487,7.716049382716049,4.951690821256038,12.822061191626409,1.7444981213097155,3.7104133118625873,
212,16.814278046162105,9.849704777241008,42.05582393988191,7.716049382716049,4.951690821256038,13.191089640365004,1.7310789049919484,3.6902844873859366,
213,16.80756843800322,9.574610842726784,42.04240472356415,7.709339774557166,5.381105743424584,13.070316693505099,1.7310789049919484,3.683574879227053,
214,16.968599033816425,9.574610842726784,41.92163177670424,7.709339774557166,5.381105743424584,13.036768652710682,1.7310789049919484,3.6768652710681695,
215,16.99543746645196,9.574610842726784,41.908212560386474,7.709339774557166,5.374396135265701,13.030059044551798,1.7310789049919484,3.6768652710681695,
216,17.03569511540526,9.561191626409018,41.706924315619965,7.709339774557166,5.374396135265701,13.030059044551798,1.90552871712292,3.6768652710681695,
217,17.20343531937735,9.520933977455716,41.6532474503489,7.6556629092860975,5.360976918947934,13.030059044551798,1.90552871712292,3.670155662909286,
218,17.3040794417606,9.225711218464841,41.53918411164788,7.64224369296833,5.683038110574342,13.030059044551798,1.90552871712292,3.670155662909286,
219,17.351046698872786,9.225711218464841,41.458668813741276,7.615405260332796,5.683038110574342,13.030059044551798,1.9726247987117553,3.6634460547504024,
220,17.122920021470748,9.25925925925926,41.14331723027375,8.729200214707461,5.8172302737520125,12.164519592055823,1.9726247987117553,3.7909286097691894,
221,17.23027375201288,9.198872785829307,41.035963499731615,8.722490606548577,5.884326355340848,12.164519592055823,1.9726247987117553,3.7909286097691894,
222,17.310789049919485,9.198872785829307,40.96886741814278,8.715780998389693,5.877616747181965,12.164519592055823,1.9726247987117553,3.7909286097691894,
223,17.398013955984972,9.16532474503489,40.86822329575953,8.702361782071927,5.877616747181965,12.151100375738057,2.059849704777241,3.7775093934514223,
224,17.47181964573269,9.151905528717123,40.47906602254428,8.702361782071927,5.877616747181965,12.47987117552335,2.059849704777241,3.7775093934514223,
225,17.51207729468599,9.151905528717123,40.35829307568438,8.668813741277509,5.877616747181965,12.47987117552335,2.1739130434782608,3.7775093934514223,
226,17.54562533548041,8.910359634997317,40.31132581857219,8.662104133118627,6.166129898013956,12.453032742887816,2.1739130434782608,3.7775093934514223,
227,17.746913580246915,8.910359634997317,40.17042404723564,8.601717659688674,6.166129898013956,12.453032742887816,2.1739130434782608,3.7775093934514223,
228,17.787171229200215,8.910359634997317,40.01610305958132,8.59500805152979,6.166129898013956,12.453032742887816,2.2946859903381642,3.7775093934514223,
229,17.92807300053677,8.910359634997317,39.734299516908216,8.59500805152979,6.166129898013956,12.426194310252281,2.475845410628019,3.7640901771336552,
230,18.089103596349972,8.896940418679549,39.734299516908216,8.53462157809984,6.078904991948471,12.426194310252281,2.475845410628019,3.7640901771336552,
231,18.47826086956522,8.856682769726248,39.45920558239399,8.53462157809984,6.025228126677402,12.419484702093397,2.462426194310252,3.7640901771336552,
232,18.679549114331724,8.829844337090714,39.371980676328505,8.474235104669887,6.025228126677402,12.406065485775631,2.462426194310252,3.750670960815888,
233,18.625872249060656,8.829844337090714,39.12372517444981,8.427267847557703,6.025228126677402,12.379227053140097,2.462426194310252,4.126409017713366,
234,18.666129898013956,8.742619431025227,39.09688674181428,8.420558239398819,5.971551261406334,12.345679012345679,2.4490069779924855,4.30756843800322,
235,18.80703166935051,8.655394524959743,39.01637144390767,8.380300590445518,6.038647342995169,12.318840579710145,2.49597423510467,4.28743961352657,
236,18.86070853462158,8.655394524959743,38.969404186795494,8.373590982286634,6.038647342995169,12.318840579710145,2.49597423510467,4.28743961352657,
237,18.907675791733762,8.641975308641975,38.969404186795494,8.373590982286634,6.038647342995169,12.305421363392378,2.4892646269457863,4.274020397208803,
238,19.108964036500268,8.641975308641975,38.781535158346756,8.319914117015566,6.025228126677402,12.385936661298981,2.462426194310252,4.274020397208803,
239,19.578636607622116,8.427267847557703,38.59366612989801,8.319914117015566,6.011808910359635,12.359098228663447,2.462426194310252,4.247181964573269,
240,19.6256038647343,8.427267847557703,38.32528180354267,8.319914117015566,6.233225979602791,12.359098228663447,2.462426194310252,4.247181964573269,
241,19.920826623725173,8.427267847557703,38.26489533011272,8.319914117015566,6.233225979602791,12.130971551261407,2.462426194310252,4.240472356414386,
242,20.061728395061728,8.333333333333334,38.197799248523886,7.877079978529254,6.233225979602791,12.607353730542137,2.462426194310252,4.2270531400966185,
243,20.148953301127214,8.313204508856682,38.13070316693505,7.877079978529254,6.233225979602791,12.607353730542137,2.462426194310252,4.2270531400966185,
244,20.148953301127214,8.313204508856682,38.13070316693505,7.877079978529254,6.233225979602791,12.607353730542137,2.462426194310252,4.2270531400966185,
245,19.96779388083736,8.3064949006978,37.124261943102525,7.877079978529254,6.233225979602791,13.875469672571121,2.3886205045625335,4.2270531400966185,
246,20.135534084809446,8.299785292538916,37.03032742887815,7.877079978529254,6.1929683306494905,13.862050456253355,2.3752012882447664,4.2270531400966185,
247,20.115405260332796,8.266237251744498,36.83574879227053,7.877079978529254,6.273483628556092,13.747987117552334,2.3752012882447664,4.508856682769726,
248,20.209339774557165,8.266237251744498,36.802200751476114,7.877079978529254,6.273483628556092,13.687600644122384,2.3752012882447664,4.508856682769726,
249,20.38378958668814,8.205850778314547,36.72839506172839,7.877079978529254,6.266774020397209,13.687600644122384,2.341653247450349,4.508856682769726,
250,20.491143317230275,8.205850778314547,36.65458937198068,7.87037037037037,6.266774020397209,13.66076221148685,2.341653247450349,4.508856682769726,
251,20.558239398819108,8.091787439613526,36.65458937198068,7.85024154589372,6.380837359098229,13.647342995169081,2.328234031132582,4.488727858293076,
252,20.658883521202362,8.07836822329576,36.35265700483092,7.830112721417069,6.810252281266774,13.620504562533547,2.187332259796028,4.461889425657541,
253,20.705850778314545,8.064949006977992,36.32581857219538,7.830112721417069,6.810252281266774,13.613794954374665,2.187332259796028,4.461889425657541,
254,20.759527643585614,7.87037037037037,36.090982286634464,7.803274288781535,7.0383789586688135,13.593666129898015,2.38191089640365,4.461889425657541,
255,20.88030059044552,7.843531937734836,36.03730542136339,7.803274288781535,7.018250134192163,13.580246913580247,2.38191089640365,4.455179817498658,
256,21.115136876006442,7.796564680622652,35.94337090713902,7.803274288781535,7.018250134192163,13.580246913580247,2.301395598497048,4.441760601180891,
257,21.14868491680086,7.796564680622652,35.94337090713902,7.803274288781535,7.018250134192163,13.546698872785829,2.301395598497048,4.441760601180891,
258,20.86688137412775,7.581857219538379,35.79575952764358,7.796564680622652,6.890767579173376,13.533279656468062,2.301395598497048,5.233494363929147,
259,20.954106280193237,7.581857219538379,35.49382716049383,7.796564680622652,7.27992485238862,13.372249060654857,2.301395598497048,5.22007514761138,
260,20.86688137412775,7.48792270531401,35.41331186258722,8.09849704777241,7.266505636070853,13.345410628019323,2.301395598497048,5.22007514761138,
261,20.94068706387547,7.48792270531401,35.16505636070853,8.07836822329576,7.232957595276436,13.345410628019323,2.5429414922168547,5.2066559312936125,
262,20.987654320987655,7.48792270531401,35.15163714439077,8.051529790660226,7.226247987117552,13.345410628019323,2.5429414922168547,5.2066559312936125,
263,21.32313472893183,7.4141170155662905,34.98389694041868,7.883789586688137,7.14573268921095,13.580246913580247,2.5429414922168547,5.12614063338701,
264,21.484165324745035,7.4006977992485234,34.91009125067096,7.85024154589372,7.105475040257649,13.580246913580247,2.5429414922168547,5.12614063338701,
265,21.75925925925926,7.353730542136339,34.876543209876544,7.689210950080516,7.105475040257649,13.546698872785829,2.5429414922168547,5.12614063338701,
266,21.786097691894792,7.340311325818572,34.84970477724101,7.689210950080516,7.105475040257649,13.479602791196994,2.5429414922168547,5.119431025228127,0.08722490606548577
267,21.866612989801396,7.340311325818572,34.80273752012882,7.689210950080516,7.085346215780999,13.466183574879228,2.5429414922168547,5.119431025228127,0.08722490606548577
268,22.08132045088567,7.27992485238862,34.70880300590446,7.689210950080516,7.085346215780999,13.405797101449275,2.5429414922168547,5.119431025228127,0.08722490606548577
269,19.773215244229736,6.78341384863124,43.08239398819109,6.863929146537842,6.830381105743425,9.54777241009125,2.033011272141707,4.998658078368224,0.08722490606548577
270,19.887278582930758,6.756575415995706,42.7938808373591,6.857219538378959,7.0450885668276975,9.54777241009125,2.033011272141707,4.99194847020934,0.08722490606548577
271,20.081857219538378,6.729736983360172,42.77375201288245,6.736446591519055,7.0450885668276975,9.54777241009125,2.033011272141707,4.9651100375738055,0.08722490606548577
272,20.26972624798712,6.696188942565755,42.52549651100376,6.729736983360172,7.03166935050993,9.54777241009125,2.147074610842727,4.9651100375738055,0.08722490606548577
273,20.33011272141707,6.696188942565755,42.37788513150832,6.729736983360172,6.91760601180891,9.50751476113795,2.214170692431562,5.139559849704777,0.08722490606548577
274,20.39049919484702,6.662640901771336,42.351046698872786,6.729736983360172,6.91760601180891,9.50751476113795,2.214170692431562,5.139559849704777,0.08722490606548577
275,20.397208803005906,6.447933440687064,42.351046698872786,6.6827697262479875,6.91760601180891,9.494095544820183,2.214170692431562,5.407944176060118,0.08722490606548577
276,20.511272141706925,6.421095008051529,42.27724100912507,6.6827697262479875,6.91760601180891,9.406870638754697,2.214170692431562,5.481749865807837,0.08722490606548577
