,45,50,53,55,52,51,54,59,57,58,60,56,61,62,63
0,99.69806763285024,0.30193236714975846,,,,,,,,,,,,,
1,94.18276972624798,5.8172302737520125,,,,,,,,,,,,,
2,93.87412775093935,5.797101449275362,0.026838432635534086,0.30193236714975846,,,,,,,,,,,
3,92.7536231884058,6.857219538378959,0.026838432635534086,0.33548040794417605,0.026838432635534086,,,,,,,,,,
4,89.63365539452496,9.856414385399892,0.026838432635534086,0.38915727321524424,0.026838432635534086,0.03354804079441761,0.03354804079441761,,,,,,,,
5,87.35238862050456,12.104133118625873,0.026838432635534086,0.4227053140096618,0.026838432635534086,0.03354804079441761,0.03354804079441761,,,,,,,,
6,80.55555555555556,18.80703166935051,0.026838432635534086,0.47638217928073,0.026838432635534086,0.03354804079441761,0.07380568974771873,,,,,,,,
7,80.08588298443371,19.142512077294686,0.026838432635534086,0.5770263016639828,0.026838432635534086,0.03354804079441761,0.10735373054213634,,,,,,,,
8,76.53650026838433,22.611379495437465,0.026838432635534086,0.644122383252818,0.040257648953301126,0.03354804079441761,0.10735373054213634,,,,,,,,
9,65.43880837359099,33.46081588835212,0.026838432635534086,0.7514761137949544,0.026838432635534086,0.17444981213097155,0.12077294685990338,,,,,,,,
10,65.05636070853463,33.340042941492214,0.05367686527106817,0.9460547504025765,0.026838432635534086,0.4562533548040794,0.12077294685990338,,,,,,,,
11,64.88862050456254,33.340042941492214,0.07380568974771873,1.093666129898014,0.026838432635534086,0.4562533548040794,0.12077294685990338,,,,,,,,
12,64.53972088030059,33.36688137412775,0.07380568974771873,1.1674718196457328,0.026838432635534086,0.5367686527106817,0.2885131508319914,,,,,,,,
13,64.3317230273752,32.76301663982824,0.07380568974771873,1.9256575415995705,0.05367686527106817,0.5636070853462157,0.2885131508319914,,,,,,,,
14,63.91572732152442,33.02469135802469,0.07380568974771873,2.01959205582394,0.07380568974771873,0.6038647342995169,0.2885131508319914,,,,,,,,
15,63.53327965646806,33.15217391304348,0.07380568974771873,2.15378421900161,0.07380568974771873,0.5971551261406334,0.41599570585077833,,,,,,,,
16,62.21148684916801,34.17874396135266,0.0939345142243693,2.2879763821792807,0.10064412238325282,0.7112184648416533,0.41599570585077833,,,,,,,,
17,60.16505636070853,35.829307568438004,0.0939345142243693,2.475845410628019,0.24825550187869028,0.7716049382716049,0.41599570585077833,,,,,,,,
18,60.06441223832528,35.789049919484704,0.0939345142243693,2.5831991411701556,0.24825550187869028,0.7716049382716049,0.4428341384863124,0.0067096081588835215,,,,,,,
19,58.293075684380035,37.39264626945786,0.15432098765432098,2.6637144390767578,0.27509393451422437,0.7716049382716049,0.4428341384863124,0.0067096081588835215,,,,,,,
20,42.82071926999463,55.32071926999463,0.05367686527106817,0.9192163177670424,0.1610305958132045,0.6105743424584005,0.11406333870101985,,,,,,,,
21,42.13633923778851,55.73671497584541,0.06709608158883522,1.1406333870101986,0.1610305958132045,0.644122383252818,0.11406333870101985,,,,,,,,
22,41.99543746645196,55.71658615136876,0.06709608158883522,1.247987117552335,0.20128824476650564,0.6575415995705851,0.11406333870101985,,,,,,,,
23,41.418411164787976,53.495705850778315,0.9728931830381106,1.7579173376274826,0.1878690284487386,2.0397208803005906,0.11406333870101985,,0.013419216317767043,,,,,,
24,41.29092860976919,53.26757917337628,0.9728931830381106,2.0665593129361244,0.24825550187869028,2.0263016639828235,0.11406333870101985,,0.013419216317767043,,,,,,
25,40.975577026301664,53.29441760601181,0.9594739667203436,2.227589908749329,0.2952227589908749,2.059849704777241,0.13419216317767044,,0.040257648953301126,0.013419216317767043,,,,,
26,40.29119699409554,53.5426731078905,1.1808910359634996,2.475845410628019,0.2952227589908749,2.0263016639828235,0.13419216317767044,,0.040257648953301126,0.013419216317767043,,,,,
27,40.19726247987118,51.07353730542136,1.1808910359634996,4.978529253891573,0.322061191626409,2.0263016639828235,0.16774020397208803,,0.040257648953301126,0.013419216317767043,,,,,
28,39.72758990874933,49.5907139023081,1.1808910359634996,4.898013955984971,2.214170692431562,2.0263016639828235,0.16774020397208803,,0.040257648953301126,0.13419216317767044,0.020128824476650563,,,,
29,38.097155126140635,48.84594739667203,1.1943102522812667,4.9651100375738055,4.53569511540526,2.0263016639828235,0.12077294685990338,,0.06038647342995169,0.13419216317767044,0.020128824476650563,,,,
30,36.18491680085883,50.55018786902845,1.2010198604401503,5.166398282340311,4.542404723564144,2.01959205582394,0.12077294685990338,,0.06038647342995169,0.13419216317767044,0.020128824476650563,,,,
31,33.99087493290392,49.986580783682236,1.2748255501878691,5.340848094471283,7.011540526033279,1.9659151905528718,0.12077294685990338,0.020128824476650563,0.11406333870101985,0.13419216317767044,0.040257648953301126,,,,
32,33.8768115942029,49.5907139023081,1.2681159420289856,5.770263016639828,7.03166935050993,1.9659151905528718,0.1610305958132045,0.020128824476650563,0.11406333870101985,0.13419216317767044,0.040257648953301126,0.026838432635534086,,,
33,33.742619431025226,48.530595813204506,1.2681159420289856,5.917874396135265,5.897745571658615,4.1129898013955986,0.1878690284487386,0.020128824476650563,0.11406333870101985,0.13419216317767044,0.04696725711218465,0.026838432635534086,,,
34,33.70907139023081,48.389694041867955,1.261406333870102,5.998389694041868,5.891035963499732,4.126409017713366,0.1878690284487386,0.020128824476650563,0.15432098765432098,0.13419216317767044,0.06038647342995169,0.06709608158883522,,,
35,31.44122383252818,49.19484702093398,1.247987117552335,6.125872249060655,4.253891572732153,7.03166935050993,0.2616747181964573,0.020128824476650563,0.14090177133655393,0.13419216317767044,0.04696725711218465,0.10064412238325282,,,
36,31.253354804079443,49.080783682232955,1.247987117552335,6.340579710144928,4.30756843800322,7.0450885668276975,0.28180354267310787,0.020128824476650563,0.14090177133655393,0.13419216317767044,0.04696725711218465,0.10064412238325282,,,
37,31.07890499194847,47.87976382179281,3.5628019323671496,5.401234567901234,4.274020397208803,7.058507783145465,0.2885131508319914,0.020128824476650563,0.14090177133655393,0.13419216317767044,0.040257648953301126,0.12077294685990338,,,
38,30.790391841116477,47.61808910359635,3.603059581320451,5.636070853462158,4.334406870638754,7.239667203435319,0.2952227589908749,0.020128824476650563,0.14090177133655393,0.13419216317767044,0.040257648953301126,0.14761137949543746,,,
39,30.62265163714439,47.68518518518518,3.616478797638218,5.642780461621041,4.300858829844337,7.246376811594203,0.30864197530864196,0.020128824476650563,0.17444981213097155,0.13419216317767044,0.040257648953301126,0.20799785292538917,,,
40,30.381105743424584,47.68518518518518,3.603059581320451,5.6964573268921095,4.361245303274289,7.333601717659689,0.3488996242619431,0.020128824476650563,0.17444981213097155,0.13419216317767044,0.040257648953301126,0.2214170692431562,,,
41,30.04562533548041,46.61835748792271,3.6768652710681695,5.709876543209877,3.797638217928073,7.239667203435319,2.4154589371980677,0.0067096081588835215,0.0939345142243693,0.13419216317767044,0.040257648953301126,0.2214170692431562,,,
42,29.488727858293075,45.44417606011809,3.6902844873859366,5.931293612453032,5.3274288781535155,7.192699946323135,2.4154589371980677,0.0067096081588835215,0.0939345142243693,0.14761137949543746,0.040257648953301126,0.2214170692431562,,,
43,28.911701556629094,46.06816961889426,3.6500268384326353,6.018518518518518,5.307300053676865,7.1658615136876005,2.368491680085883,0.020128824476650563,0.0939345142243693,0.14761137949543746,0.040257648953301126,0.20799785292538917,,,
44,26.073537305421365,36.75523349436393,2.38191089640365,4.435050993022007,4.106280193236715,25.597155126140635,0.2549651100375738,,0.013419216317767043,0.013419216317767043,0.020128824476650563,0.3488996242619431,,,
45,25.845410628019323,36.83574879227053,2.4221685453569513,4.508856682769726,4.1129898013955986,25.563607085346217,0.30193236714975846,,0.013419216317767043,0.013419216317767043,0.020128824476650563,0.36231884057971014,,,
46,25.623993558776167,36.862587224906065,2.4355877616747184,4.663177670424047,4.106280193236715,25.53676865271068,0.30193236714975846,,0.020128824476650563,0.013419216317767043,0.020128824476650563,0.41599570585077833,,,
47,25.563607085346217,36.81561996779388,2.4691358024691357,4.656468062265164,4.086151368760064,25.523349436392916,0.30193236714975846,,0.040257648953301126,0.013419216317767043,0.026838432635534086,0.5032206119162641,,,
48,25.483091787439612,36.79549114331723,2.4691358024691357,4.683306494900698,4.1532474503489,25.42270531400966,0.30193236714975846,,0.040257648953301126,0.013419216317767043,0.03354804079441761,0.6038647342995169,,,
49,24.9597423510467,35.587761674718195,3.8311862587224907,4.609500805152979,4.200214707461084,25.36231884057971,0.7112184648416533,,0.04696725711218465,0.013419216317767043,0.03354804079441761,0.644122383252818,,,
50,22.705314009661837,37.855609232420825,3.797638217928073,4.8443370907139025,4.17337627482555,24.97987117552335,0.7045088566827697,,0.04696725711218465,0.013419216317767043,0.04696725711218465,0.8319914117015567,,,
51,22.604669887278583,37.74154589371981,3.8043478260869565,5.025496511003757,4.159957058507783,24.9194847020934,0.7313472893183038,,0.04696725711218465,0.040257648953301126,0.04696725711218465,0.8789586688137413,,,
52,22.571121846484164,37.61406333870102,3.81105743424584,5.152979066022544,4.1532474503489,24.84567901234568,0.7447665056360708,,0.05367686527106817,0.040257648953301126,0.040257648953301126,0.9728931830381106,,,
53,21.4170692431562,37.526838432635536,5.293880837359098,4.9718196457326895,4.139828234031133,24.65780998389694,0.7783145464304885,,0.05367686527106817,0.040257648953301126,0.040257648953301126,1.0802469135802468,,,
54,21.276167471819647,37.35909822866345,5.3274288781535155,5.005367686527107,4.106280193236715,24.698067632850243,0.8923778851315083,,0.06038647342995169,0.05367686527106817,0.040257648953301126,1.1808910359634996,,,
55,21.235909822866343,36.99006977992485,5.360976918947934,5.233494363929147,4.092860976918948,23.53059581320451,0.8856682769726248,,0.08722490606548577,0.05367686527106817,0.040257648953301126,2.4892646269457863,,,
56,21.115136876006442,36.85587761674718,5.347557702630167,5.428073000536768,4.086151368760064,23.389694041867955,0.8990874932903918,,0.08722490606548577,0.05367686527106817,0.040257648953301126,2.6838432635534084,0.013419216317767043,,
57,20.25630703166935,37.7012882447665,5.347557702630167,5.5756843800322065,4.086151368760064,23.22866344605475,0.9192163177670424,,0.08722490606548577,0.07380568974771873,0.040257648953301126,2.6704240472356413,0.013419216317767043,,
58,19.732957595276435,36.72168545356951,5.320719269994632,5.642780461621041,4.086151368760064,24.664519592055825,0.8789586688137413,,0.08722490606548577,0.08722490606548577,0.040257648953301126,2.7241009125067097,0.013419216317767043,,
59,19.679280730005367,35.66156736446592,4.770531400966184,5.199946323134729,6.447933440687064,24.50348899624262,0.8655394524959742,,0.08722490606548577,0.08722490606548577,0.020128824476650563,2.677133655394525,,,
60,19.558507783145465,35.319377348362856,4.898013955984971,5.394524959742351,6.394256575415996,24.4699409554482,0.9728931830381106,0.0067096081588835215,0.16774020397208803,0.08722490606548577,0.020128824476650563,2.7106816961889426,,,
61,19.524959742351047,35.30595813204509,4.924852388620504,5.522007514761138,6.407675791733762,24.214975845410628,0.9930220075147611,0.0067096081588835215,0.19457863660762212,0.08722490606548577,0.020128824476650563,2.7979066022544283,,,
62,19.370638754696724,35.32608695652174,5.092592592592593,5.515297906602254,6.447933440687064,24.12104133118626,0.9594739667203436,0.0067096081588835215,0.19457863660762212,0.08722490606548577,0.020128824476650563,2.85829307568438,,,
63,17.941492216854535,36.3996242619431,5.072463768115942,5.5756843800322065,6.421095008051529,24.12775093934514,1.1808910359634996,0.0067096081588835215,0.19457863660762212,0.13419216317767044,0.020128824476650563,2.9253891572732154,,,
64,17.56575415995706,35.057702630166396,5.045625335480408,5.46833064949007,6.286902844873859,25.664251207729468,1.3620504562533549,0.040257648953301126,0.32877079978529256,0.14090177133655393,0.020128824476650563,3.0193236714975846,,,
65,17.498658078368223,34.84299516908212,5.092592592592593,5.589103596349974,6.253354804079442,24.382716049382715,1.3620504562533549,0.040257648953301126,0.36231884057971014,0.15432098765432098,0.04696725711218465,4.3545356951154055,0.020128824476650563,,
66,17.371175523349436,34.68196457326892,5.112721417069243,5.783682232957595,6.206387546967257,24.288781535158346,1.3553408480944713,0.06709608158883522,0.4294149221685454,0.14090177133655393,0.10735373054213634,4.435050993022007,0.020128824476650563,,
67,16.31105743424584,33.60842726784756,4.898013955984971,5.562265163714439,5.669618894256575,27.78448738593666,0.966183574879227,0.06038647342995169,0.3757380568974772,0.15432098765432098,0.10735373054213634,4.4820182501341925,0.020128824476650563,,
68,16.23054213633924,31.374127750939344,4.85775630703167,5.246913580246914,5.71658615136876,30.273752012882447,1.0131508319914118,0.06038647342995169,0.3824476650563607,0.15432098765432098,0.10735373054213634,4.542404723564144,0.040257648953301126,,
69,13.88888888888889,32.62211486849168,4.918142780461621,5.166398282340311,5.662909286097692,29.320987654320987,3.0730005367686526,0.08722490606548577,0.3824476650563607,0.14090177133655393,0.10735373054213634,4.575952764358561,0.05367686527106817,,
70,13.808373590982287,31.447933440687063,5.83064949006978,4.864465915190553,7.239667203435319,29.13311862587225,3.012614063338701,0.1274825550187869,0.36231884057971014,0.23483628556092323,0.10735373054213634,3.8177670424047236,0.013419216317767043,,
71,13.734567901234568,31.340579710144926,5.958132045088567,4.958400429414922,7.25979602791197,28.938539989264626,3.0193236714975846,0.15432098765432098,0.38915727321524424,0.23483628556092323,0.10735373054213634,3.8915727321524423,0.013419216317767043,,
72,13.66076221148685,31.353998926462694,5.931293612453032,4.9718196457326895,7.239667203435319,28.898282340311326,3.046162104133119,0.1878690284487386,0.4092860976918948,0.24825550187869028,0.10735373054213634,3.9318303811057436,0.013419216317767043,,
73,12.76838432635534,32.62211486849168,6.092324208266238,4.9651100375738055,7.1658615136876005,28.32125603864734,3.099838969404187,0.1878690284487386,0.4092860976918948,0.24825550187869028,0.10735373054213634,3.9989264626945786,0.013419216317767043,,
74,12.593934514224369,32.608695652173914,6.0654857756307035,5.12614063338701,7.065217391304348,28.213902308105208,3.1333870101986045,0.1878690284487386,0.5904455179817498,0.24825550187869028,0.10735373054213634,4.045893719806763,0.013419216317767043,,
75,12.567096081588835,32.50805152979066,6.072195383789587,5.260332796564681,7.051798174986581,28.093129361245303,3.207192699946323,0.1878690284487386,0.5904455179817498,0.24825550187869028,0.10735373054213634,4.092860976918948,0.013419216317767043,,
76,12.318840579710145,31.159420289855074,6.072195383789587,5.3274288781535155,6.910896403650026,29.502147074610843,3.294417606011809,0.19457863660762212,0.6038647342995169,0.2885131508319914,0.10735373054213634,4.206924315619967,0.013419216317767043,,
77,12.191358024691358,31.00509930220075,6.025228126677402,5.488459473966721,6.977992485238862,29.220343531937736,3.3816425120772946,0.19457863660762212,0.6239935587761675,0.2885131508319914,0.11406333870101985,4.4753086419753085,0.013419216317767043,,
78,12.00348899624262,30.83064949006978,6.0654857756307035,5.5689747718733225,6.971282877079979,29.314278046162105,3.3682232957595275,0.20128824476650564,0.6642512077294686,0.3824476650563607,0.11406333870101985,4.502147074610843,0.013419216317767043,,
79,11.916264090177133,30.649490069779926,6.0654857756307035,5.763553408480945,6.991411701556629,29.367954911433173,3.361513687600644,0.24154589371980675,0.6977992485238862,0.39586688137412773,0.11406333870101985,4.42163177670424,0.013419216317767043,,
80,11.782071926999464,30.42807300053677,6.112453032742888,5.978260869565218,8.413848631239935,28.844605475040257,2.5496511003757383,0.24825550187869028,0.7313472893183038,0.36902844873859364,0.11406333870101985,4.414922168545357,0.013419216317767043,,
81,11.668008588298443,30.3743961352657,6.132581857219538,5.9514224369296835,8.407139023081053,28.938539989264626,2.61003757380569,0.24825550187869028,0.7313472893183038,0.36902844873859364,0.11406333870101985,4.435050993022007,0.020128824476650563,,
82,11.647879763821793,29.676596886741816,6.159420289855072,6.541867954911433,8.433977455716587,28.75738056897477,2.657004830917874,0.28180354267310787,0.7179280730005367,0.36902844873859364,0.11406333870101985,4.622920021470746,0.020128824476650563,,
83,10.7085346215781,32.41411701556629,7.37385936661299,6.461352657004831,8.252818035426731,26.952495974235106,2.5429414922168547,0.28180354267310787,0.7716049382716049,0.36902844873859364,0.013419216317767043,3.8311862587224907,0.026838432635534086,,
84,10.547504025764896,31.15271068169619,7.313472893183038,6.6827697262479875,8.232689210950081,28.166935050993022,2.475845410628019,0.28180354267310787,0.9125067096081588,0.3421900161030596,0.013419216317767043,3.8177670424047236,0.06038647342995169,,
85,10.44015029522276,31.21309715512614,7.367149758454106,6.494900697799249,8.279656468062266,27.965646806226516,2.657004830917874,0.28180354267310787,0.9125067096081588,0.38915727321524424,0.013419216317767043,3.92512077294686,0.06038647342995169,,
86,10.44015029522276,31.125872249060656,7.353730542136339,6.561996779388084,8.239398819108963,27.938808373590984,2.677133655394525,0.2683843263553409,0.9796027911969941,0.38915727321524424,0.013419216317767043,3.9519592055823938,0.06038647342995169,,
87,10.34621578099839,31.03864734299517,7.340311325818572,6.595544820182502,8.21256038647343,27.78448738593666,2.6838432635534084,0.30193236714975846,0.9796027911969941,0.4092860976918948,0.013419216317767043,4.233762748255502,0.06038647342995169,,
88,10.312667740203972,30.837359098228664,7.4208266237251745,6.649221685453569,8.225979602791197,27.623456790123456,2.771068169618894,0.30193236714975846,0.9863123993558777,0.4025764895330113,0.013419216317767043,4.38137412775094,0.07380568974771873,,
89,10.131508319914117,28.14009661835749,9.554482018250134,6.233225979602791,8.232689210950081,28.904991948470208,2.7106816961889426,0.30193236714975846,0.9259259259259259,0.4025764895330113,0.013419216317767043,4.374664519592056,0.07380568974771873,,
90,10.084541062801932,28.173644659151904,9.333064949006978,6.260064412238325,8.158883521202362,28.79092860976919,2.690552871712292,0.27509393451422437,1.0466988727858293,0.630703166935051,0.013419216317767043,4.448470209339774,0.0939345142243693,,
91,10.057702630166398,28.093129361245303,9.31964573268921,6.387546967257112,8.172302737520129,28.569511540526033,2.690552871712292,0.27509393451422437,1.06682769726248,0.6239935587761675,0.013419216317767043,4.636339237788513,0.0939345142243693,,
92,10.057702630166398,27.9723564143854,9.044551798174986,6.515029522275899,8.179012345679013,28.495705850778315,2.6972624798711755,0.27509393451422437,1.2278582930756843,0.6575415995705851,0.013419216317767043,4.770531400966184,0.0939345142243693,,
93,10.030864197530864,27.885131508319915,9.01100375738057,6.595544820182502,8.165593129361245,28.388352120236178,2.6838432635534084,0.28180354267310787,1.2010198604401503,0.6910896403650026,0.013419216317767043,4.944981213097155,0.10735373054213634,,
94,9.86983360171766,26.88539989264627,9.004294149221685,6.602254428341385,8.125335480407944,29.461889425657542,2.7241009125067097,0.28180354267310787,1.2144390767579174,0.7112184648416533,0.013419216317767043,4.998658078368224,0.10735373054213634,,
95,9.333064949006978,27.616747181964573,8.896940418679549,7.071926999463232,7.883789586688137,29.1532474503489,2.737520128824477,0.30193236714975846,1.2144390767579174,0.7380568974771873,0.013419216317767043,4.931561996779388,0.10735373054213634,,
96,9.252549651100376,27.623456790123456,8.910359634997317,7.139023081052066,7.7361782071927,28.931830381105744,2.7106816961889426,0.33548040794417605,1.328502415458937,0.7380568974771873,0.013419216317767043,5.173107890499195,0.10735373054213634,,
97,9.158615136876007,27.563070316693505,8.917069243156199,7.179280730005368,7.702630166398282,28.911701556629094,2.703972088030059,0.3153515834675255,1.3553408480944713,0.7716049382716049,0.013419216317767043,5.300590445517981,0.10735373054213634,,
98,9.125067096081589,27.32823403113258,8.856682769726248,7.25979602791197,7.595276435856146,29.280730005367687,2.7241009125067097,0.3488996242619431,1.3486312399355878,0.8252818035426731,0.013419216317767043,5.186527106816962,0.10735373054213634,,
99,9.098228663446054,27.15378421900161,8.84326355340848,7.6623725174449815,7.50805152979066,29.032474503488995,2.7777777777777777,0.3488996242619431,1.3754696725711217,0.8454106280193237,0.013419216317767043,5.22007514761138,0.12077294685990338,,
100,9.084809447128288,26.979334406870638,8.836553945249598,7.7898550724637685,7.4006977992485234,28.891572732152444,2.8381642512077296,0.36231884057971014,1.4694041867954912,0.8655394524959742,0.013419216317767043,5.360976918947934,0.10735373054213634,,
101,9.037842190016104,26.90552871712292,8.789586688137414,7.7898550724637685,7.192699946323135,28.891572732152444,3.1535158346752548,0.3421900161030596,1.415727321524423,0.8923778851315083,0.013419216317767043,5.46833064949007,0.10735373054213634,,
102,8.99087493290392,26.798174986580783,8.917069243156199,7.763016639828234,7.1658615136876005,28.743961352657006,3.2206119162640903,0.35560923242082665,1.5499194847020934,0.8789586688137413,0.013419216317767043,5.495169082125604,0.10735373054213634,,
103,8.970746108427267,26.34863123993559,8.930488459473967,8.185721953837897,7.300053676865271,28.455448201825014,3.240740740740741,0.35560923242082665,1.5901771336553945,0.8789586688137413,0.013419216317767043,5.622651637144391,0.10735373054213634,,
104,8.863392377885132,26.684111647879764,8.890230810520666,8.199141170155663,7.1658615136876005,28.30112721417069,3.193773483628556,0.35560923242082665,1.596886741814278,0.9460547504025765,0.013419216317767043,5.683038110574342,0.10735373054213634,,
105,8.749329039184111,26.34863123993559,8.266237251744498,8.111916264090176,6.293612453032743,30.803811057434245,3.099838969404187,0.322061191626409,1.3553408480944713,0.9326355340848095,0.013419216317767043,5.595813204508857,0.10735373054213634,,
106,8.749329039184111,26.20101986044015,8.3467525496511,8.179012345679013,6.266774020397209,30.797101449275363,3.1468062265163717,0.3488996242619431,1.3821792807300053,0.9326355340848095,0.013419216317767043,5.542136339237788,0.0939345142243693,,
107,8.722490606548577,25.120772946859905,7.957595276435856,8.11862587224906,9.950348899624261,28.871443907675793,3.052871712292002,0.3488996242619431,1.3150831991411702,0.8923778851315083,0.020128824476650563,5.535426731078905,0.0939345142243693,,
108,8.709071390230811,25.107353730542137,7.944176060118089,8.125335480407944,9.88996242619431,28.858024691358025,3.0864197530864197,0.3488996242619431,1.3888888888888888,0.8923778851315083,0.020128824476650563,5.535426731078905,0.0939345142243693,,
109,8.68894256575416,24.953032742887814,7.924047235641439,8.3064949006978,9.91009125067096,28.77750939345142,3.0931293612453032,0.36902844873859364,1.3888888888888888,0.8856682769726248,0.026838432635534086,5.58239398819109,0.0939345142243693,,
110,8.460815888352121,24.58400429414922,7.917337627482555,8.57487922705314,9.842995169082126,29.24718196457327,3.0730005367686526,0.3421900161030596,1.442565754159957,0.8856682769726248,0.026838432635534086,5.508588298443371,0.0939345142243693,,
111,8.380300590445518,24.342458400429415,7.5348899624261945,8.682232957595277,8.943907675791733,28.918411164787976,5.0858829844337095,0.35560923242082665,1.328502415458937,0.7447665056360708,0.026838432635534086,5.562265163714439,0.0939345142243693,,
112,8.380300590445518,24.248523886205046,7.555018786902845,8.709071390230811,8.943907675791733,28.891572732152444,5.112721417069243,0.3421900161030596,1.3419216317767042,0.7716049382716049,0.05367686527106817,5.528717122920021,0.12077294685990338,,
113,8.279656468062266,23.58427267847558,7.474503488996243,8.709071390230811,10.185185185185185,28.60305958132045,4.783950617283951,0.32877079978529256,1.5633387010198605,0.8252818035426731,0.05367686527106817,5.488459473966721,0.12077294685990338,,
114,8.199141170155663,23.517176596886742,7.461084272678476,8.809715512614064,10.285829307568438,28.247450348899623,4.8443370907139025,0.33548040794417605,1.583467525496511,0.8185721953837896,0.05367686527106817,5.723295759527644,0.12077294685990338,,
115,8.199141170155663,22.269189479334408,8.340042941492216,10.279119699409554,10.151637144390767,27.13365539452496,4.804079441760601,0.3153515834675255,1.778046162104133,0.8454106280193237,0.05367686527106817,5.709876543209877,0.12077294685990338,,
116,8.091787439613526,21.926999463231347,9.675254965110037,10.050993022007514,10.466988727858293,26.932367149758456,4.1532474503489,0.24825550187869028,1.6371443907675791,0.8655394524959742,0.06709608158883522,5.763553408480945,0.12077294685990338,,
117,7.575147611379496,21.336553945249598,9.608158883521202,9.581320450885668,12.983091787439614,26.03327965646806,4.03918411164788,0.2616747181964573,1.6572732152442298,0.8990874932903918,0.10064412238325282,5.803811057434245,0.12077294685990338,,
118,7.427536231884058,21.34326355340848,9.73564143853999,9.534353193773484,12.869028448738593,26.053408480944714,4.019055287171229,0.2549651100375738,1.7042404723564144,0.8990874932903918,0.1274825550187869,5.911164787976382,0.12077294685990338,,
119,7.2933440687063875,21.410359634997317,9.75577026301664,9.561191626409018,12.822061191626409,26.03327965646806,3.992216854535695,0.27509393451422437,1.7847557702630166,0.8856682769726248,0.1274825550187869,5.938003220611916,0.12077294685990338,,
120,7.286634460547504,21.22249060654858,9.648416532474503,9.856414385399892,12.795222758990874,25.785024154589372,3.965378421900161,0.27509393451422437,1.865271068169619,0.8655394524959742,0.1274825550187869,6.1862587224906065,0.12077294685990338,,
121,6.910896403650026,20.142243692968332,9.520933977455716,9.796027911969942,14.620236178207193,26.32850241545894,3.3145464304884595,0.27509393451422437,1.9189479334406871,0.8521202361782072,0.1274825550187869,6.038647342995169,0.15432098765432098,,
122,6.796833064949007,19.94766505636071,11.037305421363392,9.688674181427805,13.781535158346752,25.979602791196996,3.33467525496511,0.27509393451422437,1.9122383252818036,0.8722490606548577,0.10735373054213634,6.112453032742888,0.15432098765432098,,
123,6.749865807836822,19.85373054213634,10.976918947933441,9.520933977455716,14.814814814814815,25.53676865271068,3.321256038647343,0.30193236714975846,1.8183038110574343,0.8521202361782072,0.13419216317767044,5.991680085882985,0.1274825550187869,,
124,6.582125603864735,19.77992485238862,10.990338164251208,9.634997316156737,14.606816961889425,25.301932367149757,3.408480944712829,0.3153515834675255,1.9457863660762211,0.8588298443370908,0.13419216317767044,6.300322061191626,0.1274825550187869,0.013419216317767043,
125,6.582125603864735,19.202898550724637,10.976918947933441,9.03113258185722,16.532474503488995,24.912775093934513,3.3548040794417604,0.3153515834675255,1.9457863660762211,0.8722490606548577,0.06709608158883522,6.078904991948471,0.1274825550187869,,
126,6.5485775630703165,19.14922168545357,10.997047772410092,9.131776704240472,16.505636070853463,24.798711755233494,3.361513687600644,0.32877079978529256,1.9860440150295222,0.8722490606548577,0.06709608158883522,6.125872249060655,0.1274825550187869,,
127,6.5485775630703165,19.088835212023618,10.527375201288244,8.735909822866345,18.666129898013956,23.758722490606548,3.502415458937198,0.33548040794417605,1.9256575415995705,0.8588298443370908,0.06709608158883522,5.857487922705314,0.1274825550187869,,
128,6.5485775630703165,19.03515834675255,10.587761674718196,8.722490606548577,18.699677938808374,23.658078368223297,3.488996242619431,0.33548040794417605,1.9256575415995705,0.8588298443370908,0.06709608158883522,5.9447128287707995,0.1274825550187869,,
129,6.226516371443908,18.733225979602793,10.581052066559312,8.635265700483092,19.685990338164252,23.18840579710145,3.549382716049383,0.3488996242619431,1.9994632313472893,0.8588298443370908,0.08051529790660225,5.998389694041868,0.11406333870101985,,
130,6.213097155126141,18.08239398819109,9.245840042941492,8.433977455716587,17.98845947396672,27.697262479871174,3.515834675254965,0.3488996242619431,2.1068169618894257,0.798443370907139,0.08051529790660225,5.374396135265701,0.11406333870101985,,
131,6.146001073537305,18.129361245303276,9.225711218464841,8.487654320987655,17.780461621041333,27.576489533011273,3.5292538915727323,0.36231884057971014,2.301395598497048,0.7648953301127214,0.08051529790660225,5.515297906602254,0.10064412238325282,,
132,6.139291465378422,17.881105743424584,9.272678475577026,8.702361782071927,17.56575415995706,27.529522275899087,3.502415458937198,0.36231884057971014,2.3886205045625335,0.7648953301127214,0.06709608158883522,5.723295759527644,0.10064412238325282,,
133,6.078904991948471,17.807300053676865,9.205582393988191,8.722490606548577,17.56575415995706,27.4422973698336,3.549382716049383,0.3488996242619431,2.5026838432635534,0.8051529790660226,0.08051529790660225,5.790391841116479,0.10064412238325282,,
134,6.078904991948471,17.3040794417606,9.219001610305957,8.68894256575416,18.035426731078903,27.30810520665593,3.535963499731616,0.36231884057971014,2.6637144390767578,0.8051529790660226,0.08722490606548577,5.810520665593129,0.10064412238325282,,
135,5.998389694041868,17.10950080515298,9.158615136876007,8.55475040257649,17.941492216854535,27.938808373590984,3.4688674181427803,0.3488996242619431,2.6637144390767578,0.8051529790660226,0.10735373054213634,5.803811057434245,0.10064412238325282,,
136,5.998389694041868,17.06924315619968,9.098228663446054,8.57487922705314,17.894524959742352,27.84487385936661,3.5225442834138487,0.4092860976918948,2.6972624798711755,0.8051529790660226,0.10735373054213634,5.877616747181965,0.10064412238325282,,
137,5.984970477724101,16.794149221685455,9.138486312399356,9.131776704240472,17.767042404723565,27.38191089640365,3.6097691894793345,0.4227053140096618,2.918679549114332,0.8051529790660226,0.10735373054213634,5.837359098228664,0.10064412238325282,,
138,5.964841653247451,16.63311862587225,9.118357487922705,9.265968867418144,17.74020397208803,27.2812667740204,3.5829307568438002,0.46967257112184646,2.932098765432099,0.9057971014492754,0.10064412238325282,5.904455179817498,0.10064412238325282,,
139,5.958132045088567,16.55931293612453,9.078099838969404,9.286097691894794,17.74020397208803,27.194041867954912,3.784219001610306,0.46967257112184646,2.9119699409554483,0.8923778851315083,0.10064412238325282,5.924584004294149,0.10064412238325282,,
140,5.891035963499732,28.27428878153516,7.62211486849168,8.433977455716587,13.781535158346752,24.033816425120772,3.6768652710681695,0.47638217928073,2.5026838432635534,0.6642512077294686,0.07380568974771873,4.508856682769726,0.06038647342995169,,
141,5.870907139023081,28.052871712292003,7.669082125603865,8.55475040257649,13.774825550187868,24.000268384326354,3.730542136339238,0.47638217928073,2.5161030595813205,0.6776704240472357,0.07380568974771873,4.542404723564144,0.06038647342995169,,
142,5.870907139023081,27.985775630703166,7.843531937734836,8.641975308641975,13.6406333870102,23.872785829307567,3.717122920021471,0.46296296296296297,2.5831991411701556,0.7045088566827697,0.07380568974771873,4.542404723564144,0.06038647342995169,,
143,5.803811057434245,27.811325818572197,7.823403113258186,9.131776704240472,13.6406333870102,23.70504562533548,3.717122920021471,0.46296296296296297,2.563070316693505,0.6977992485238862,0.07380568974771873,4.508856682769726,0.06038647342995169,,
144,5.803811057434245,27.616747181964573,7.823403113258186,9.057971014492754,13.526570048309178,23.564143853998928,3.9586688137412773,0.4495437466451959,2.657004830917874,0.7447665056360708,0.07380568974771873,4.663177670424047,0.06038647342995169,,
145,5.797101449275362,27.4422973698336,7.7831454643048845,9.145195920558239,13.607085346215781,23.389694041867955,3.9855072463768115,0.4495437466451959,2.7241009125067097,0.7648953301127214,0.07380568974771873,4.777241009125067,0.06038647342995169,,
146,5.763553408480945,27.415458937198068,7.803274288781535,9.225711218464841,13.526570048309178,23.356146001073537,3.965378421900161,0.4495437466451959,2.818035426731079,0.7716049382716049,0.08722490606548577,4.757112184648417,0.06038647342995169,,
147,5.736714975845411,27.30810520665593,7.541599570585078,9.292807300053678,13.539989264626946,23.221953837895867,4.341116478797638,0.46967257112184646,2.8247450348899625,0.7917337627482555,0.08722490606548577,4.783950617283951,0.06038647342995169,,
148,5.730005367686527,27.17391304347826,7.575147611379496,9.212292002147075,13.479602791196994,23.181696188942567,4.723564143853999,0.4495437466451959,2.8918411164787976,0.7917337627482555,0.08722490606548577,4.62962962962963,0.07380568974771873,,
149,5.703166935050993,27.113526570048307,7.521470746108427,9.232420826623725,13.45276435856146,22.98040794417606,4.884594739667204,0.46296296296296297,2.9253891572732154,0.7917337627482555,0.08722490606548577,4.770531400966184,0.07380568974771873,,
150,5.589103596349974,26.838432635534083,7.246376811594203,9.326355340848094,14.526301663982823,22.84621578099839,4.528985507246377,0.46296296296296297,2.932098765432099,0.7917337627482555,0.08722490606548577,4.750402576489533,0.07380568974771873,,
151,5.589103596349974,26.643853998926463,7.286634460547504,9.601449275362318,14.465915190552872,22.805958132045088,4.542404723564144,0.4830917874396135,2.8918411164787976,0.7917337627482555,0.08722490606548577,4.736983360171766,0.07380568974771873,,
152,5.535426731078905,26.38888888888889,7.253086419753086,9.836285560923242,14.465915190552872,22.725442834138487,4.7638217928073,0.4830917874396135,2.885131508319914,0.8051529790660226,0.08722490606548577,4.696725711218465,0.07380568974771873,,
153,5.528717122920021,25.91250670960816,7.219538378958669,9.990606548577563,14.318303811057435,22.611379495437465,5.0791733762748255,0.4830917874396135,3.0193236714975846,0.8588298443370908,0.08722490606548577,4.817498658078368,0.07380568974771873,,
154,5.515297906602254,25.731347289318304,7.300053676865271,10.104669887278583,14.304884594739667,22.57783145464305,5.092592592592593,0.4830917874396135,3.0193236714975846,0.8588298443370908,0.08722490606548577,4.851046698872786,0.07380568974771873,,
155,5.515297906602254,25.597155126140635,7.62211486849168,10.104669887278583,14.184111647879764,22.470477724100913,5.0858829844337095,0.47638217928073,3.0931293612453032,0.8252818035426731,0.07380568974771873,4.87788513150832,0.07380568974771873,,
156,5.46833064949007,25.409286097691894,9.46725711218465,9.96376811594203,14.170692431561998,20.92055823939882,5.132850241545894,0.47638217928073,3.1199677938808374,0.8856682769726248,0.07380568974771873,4.8376274825550185,0.07380568974771873,,
157,5.421363392377885,25.187869028448738,9.420289855072463,10.0979602791197,14.17740203972088,20.994363929146537,5.226784755770263,0.48980139559849706,3.1333870101986045,0.8655394524959742,0.07380568974771873,4.8376274825550185,0.07380568974771873,,
158,5.394524959742351,25.09393451422437,9.380032206119163,10.185185185185185,14.13714439076758,20.967525496511005,5.3341384863123995,0.48980139559849706,3.1602254428341383,0.8655394524959742,0.07380568974771873,4.8443370907139025,0.07380568974771873,,
159,5.394524959742351,24.9597423510467,9.420289855072463,10.305958132045088,14.076757917337627,20.92055823939882,5.3274288781535155,0.48980139559849706,3.1870638754696725,0.9192163177670424,0.07380568974771873,4.851046698872786,0.07380568974771873,,
160,5.394524959742351,24.684648416532475,9.46725711218465,10.305958132045088,14.63365539452496,20.605206655931294,5.347557702630167,0.5233494363929146,3.193773483628556,0.8789586688137413,0.07380568974771873,4.817498658078368,0.07380568974771873,,
161,5.387815351583468,24.644390767579175,9.480676328502415,10.245571658615138,14.600107353730541,20.558239398819108,5.488459473966721,0.5233494363929146,3.193773483628556,0.8789586688137413,0.07380568974771873,4.8443370907139025,0.08051529790660225,,
162,5.293880837359098,24.52361782071927,9.453837895866881,10.225442834138486,14.566559312936125,20.598497047772412,5.669618894256575,0.5233494363929146,3.1736446591519054,0.9192163177670424,0.07380568974771873,4.898013955984971,0.08051529790660225,,
163,5.293880837359098,24.416264090177133,9.426999463231347,10.245571658615138,14.566559312936125,20.551529790660226,5.783682232957595,0.5501878690284487,3.2206119162640903,0.8923778851315083,0.07380568974771873,4.898013955984971,0.08051529790660225,,
164,5.246913580246914,24.235104669887278,9.46725711218465,10.332796564680622,14.546430488459475,20.605206655931294,5.844068706387547,0.5501878690284487,3.180354267310789,0.9192163177670424,0.07380568974771873,4.904723564143854,0.08051529790660225,,0.013419216317767043
165,5.032206119162641,24.06736446591519,9.406870638754697,10.352925389157273,14.620236178207193,20.759527643585614,6.105743424584004,0.5770263016639828,3.1736446591519054,0.8722490606548577,0.07380568974771873,4.864465915190553,0.08051529790660225,,0.013419216317767043
166,4.9651100375738055,24.074074074074073,9.400161030595813,10.373054213633925,14.546430488459475,20.71256038647343,6.206387546967257,0.5770263016639828,3.1870638754696725,0.8990874932903918,0.07380568974771873,4.891304347826087,0.08051529790660225,,0.013419216317767043
167,4.9651100375738055,23.879495437466453,9.447128287707997,10.292538915727322,15.45222758990875,20.417337627482556,6.179549114331723,0.5837359098228664,2.985775630703167,0.8789586688137413,0.07380568974771873,4.783950617283951,0.04696725711218465,,0.013419216317767043
168,4.9651100375738055,23.752012882447666,9.494095544820183,10.44015029522276,15.418679549114332,20.202630166398283,6.1929683306494905,0.5703166935050993,2.985775630703167,0.9057971014492754,0.07380568974771873,4.938271604938271,0.04696725711218465,,0.013419216317767043
169,4.944981213097155,23.637949543746647,9.5276435856146,10.520665593129362,15.311325818572195,20.222758990874933,6.226516371443908,0.5703166935050993,3.0327428878153517,0.9326355340848095,0.07380568974771873,4.938271604938271,0.04696725711218465,,0.013419216317767043
170,4.944981213097155,23.637949543746647,9.480676328502415,10.607890499194847,15.237520128824476,20.061728395061728,6.246645195920558,0.5568974771873323,3.1333870101986045,0.9259259259259259,0.0939345142243693,4.998658078368224,0.06038647342995169,,0.013419216317767043
171,4.931561996779388,23.62453032742888,9.541062801932368,10.50053676865271,15.26435856146001,20.001341921631777,6.320450885668277,0.5703166935050993,3.1535158346752548,0.9259259259259259,0.08722490606548577,4.985238862050457,0.08051529790660225,,0.013419216317767043
172,4.918142780461621,23.416532474503487,9.50751476113795,10.789049919484702,15.210681696188942,19.90740740740741,6.320450885668277,0.5703166935050993,3.2206119162640903,0.9393451422436929,0.08722490606548577,5.018786902844874,0.08051529790660225,,0.013419216317767043
173,4.904723564143854,22.966988727858293,9.541062801932368,10.990338164251208,15.002683843263553,19.806763285024154,6.91760601180891,0.5703166935050993,3.193773483628556,0.9460547504025765,0.08722490606548577,4.978529253891573,0.08051529790660225,,0.013419216317767043
