,45,50,55,51,52,53,54,57,60,56,59,58,46
0,80.42136339237788,19.578636607622116,,,,,,,,,,,
1,79.45517981749866,20.544820182501343,,,,,,,,,,,
2,70.97423510466989,28.958668813741276,0.06709608158883522,,,,,,,,,,
3,69.67257112184649,27.80461621041331,0.20128824476650564,2.3215244229736984,,,,,,,,,
4,69.7061191626409,27.771068169618893,0.20128824476650564,2.3215244229736984,,,,,,,,,
5,59.20558239398819,38.27160493827161,0.20128824476650564,2.3215244229736984,,,,,,,,,
6,59.272678475577024,38.20450885668277,0.20128824476650564,2.3215244229736984,,,,,,,,,
7,58.56816961889426,38.91572732152442,0.20128824476650564,2.314814814814815,,,,,,,,,
8,54.09286097691895,42.3040794417606,0.20128824476650564,2.314814814814815,1.0869565217391304,,,,,,,,
9,53.96537842190016,41.33118625872249,0.41599570585077833,2.314814814814815,1.9726247987117553,,,,,,,,
10,53.60305958132045,37.92270531400966,0.41599570585077833,2.314814814814815,5.743424584004294,,,,,,,,
11,53.64331723027375,37.895866881374126,0.4025764895330113,2.314814814814815,5.743424584004294,,,,,,,,
12,53.777509393451425,37.67444981213097,0.48980139559849706,2.314814814814815,5.743424584004294,,,,,,,,
13,45.21604938271605,47.00080515297907,0.6374127750939346,2.314814814814815,4.830917874396135,,,,,,,,
14,44.6658615136876,47.55099302200752,0.6374127750939346,2.314814814814815,4.830917874396135,,,,,,,,
15,44.20960815888352,48.081052066559316,0.630703166935051,2.314814814814815,4.7638217928073,,,,,,,,
16,44.06199677938808,47.88647342995169,0.630703166935051,2.301395598497048,3.2675791733762747,1.8518518518518519,,,,,,,
17,41.48550724637681,47.0679012345679,0.4294149221685454,4.643048845947397,4.367954911433173,2.006172839506173,,,,,,,
18,41.57944176060118,47.00080515297907,0.4294149221685454,4.616210413311863,4.367954911433173,2.006172839506173,,,,,,,
19,36.47342995169082,52.865002683843265,0.5501878690284487,3.965378421900161,4.206924315619967,1.9390767579173376,,,,,,,
20,36.090982286634464,51.670692431561996,0.5501878690284487,4.736983360171766,4.206924315619967,1.9390767579173376,0.8051529790660226,,,,,,
21,30.95813204508857,55.26704240472356,0.5501878690284487,6.9310252281266775,4.206924315619967,1.9390767579173376,0.14761137949543746,,,,,,
22,31.04535695115405,55.17981749865808,0.5501878690284487,6.9310252281266775,4.206924315619967,1.9390767579173376,0.14761137949543746,,,,,,
23,12.915995705850777,81.24664519592056,0.27509393451422437,2.3081052066559313,,,3.2541599570585076,,,,,,
24,10.272410091250672,84.00429414922168,0.27509393451422437,2.1940418679549114,,,3.2541599570585076,,,,,,
25,10.332796564680622,79.49543746645196,4.616210413311863,2.1940418679549114,0.11406333870101985,,3.2474503488996245,,,,,,
26,10.393183038110575,76.7512077294686,4.904723564143854,2.1940418679549114,3.33467525496511,,2.4221685453569513,,,,,,
27,10.507246376811594,76.65727321524423,4.884594739667204,2.1940418679549114,3.33467525496511,,2.4221685453569513,,,,,,
28,10.379763821792807,74.69806763285024,4.864465915190553,2.187332259796028,3.4286097691894795,,4.441760601180891,,,,,,
29,10.305958132045088,73.87949543746645,4.985238862050457,2.187332259796028,3.4286097691894795,,5.213365539452496,,,,,,
30,10.326086956521738,72.40338164251207,4.985238862050457,2.187332259796028,3.4286097691894795,,6.66935050993022,,,,,,
31,10.285829307568438,71.1285560923242,5.783682232957595,2.6502952227589907,3.4286097691894795,,6.568706387546968,0.15432098765432098,,,,,
32,10.601180891035963,70.7259796027912,5.891035963499732,2.636876006441224,3.421900161030596,,6.568706387546968,0.15432098765432098,,,,,
33,10.668276972624799,70.65888352120236,5.656199677938808,2.636876006441224,3.421900161030596,0.17444981213097155,6.568706387546968,0.15432098765432098,0.06038647342995169,,,,
34,10.82259796027912,68.42458400429415,7.7361782071927,2.636876006441224,3.421900161030596,0.17444981213097155,6.568706387546968,0.15432098765432098,0.06038647342995169,,,,
35,10.84272678475577,68.06897477187333,7.96430488459474,2.636876006441224,3.488996242619431,0.39586688137412773,6.387546967257112,0.15432098765432098,0.06038647342995169,,,,
36,10.869565217391305,68.04213633923779,7.96430488459474,2.636876006441224,3.488996242619431,0.39586688137412773,6.387546967257112,0.15432098765432098,0.06038647342995169,,,,
37,9.75577026301664,63.2313472893183,12.634192163177671,3.8915727321524423,3.488996242619431,0.39586688137412773,6.387546967257112,0.15432098765432098,0.06038647342995169,,,,
38,9.816156736446592,63.177670424047236,12.775093934514224,3.8915727321524423,3.488996242619431,0.39586688137412773,6.239935587761675,0.15432098765432098,0.06038647342995169,,,,
39,9.977187332259795,63.016639828234034,12.775093934514224,3.8915727321524423,3.488996242619431,0.39586688137412773,6.239935587761675,0.15432098765432098,0.06038647342995169,,,,
40,10.050993022007514,62.956253354804076,12.761674718196458,3.8915727321524423,3.488996242619431,0.39586688137412773,6.239935587761675,0.15432098765432098,0.06038647342995169,,,,
41,10.050993022007514,62.3792270531401,12.741545893719806,3.878153515834675,4.455179817498658,0.17444981213097155,6.105743424584004,0.15432098765432098,0.06038647342995169,,,,
42,10.205314009661835,62.164519592055825,12.828770799785293,3.878153515834675,4.455179817498658,0.17444981213097155,6.078904991948471,0.15432098765432098,0.06038647342995169,,,,
43,10.319377348362856,61.90955448201825,13.070316693505099,3.878153515834675,4.38137412775094,0.17444981213097155,6.052066559312936,0.15432098765432098,0.06038647342995169,,,,
44,10.520665593129362,61.761943102522814,12.909286097691895,3.878153515834675,4.3545356951154055,0.17444981213097155,6.052066559312936,0.15432098765432098,0.06038647342995169,0.13419216317767044,,,
45,10.57434245840043,61.64787976382179,12.909286097691895,3.878153515834675,4.3545356951154055,0.17444981213097155,6.112453032742888,0.15432098765432098,0.06038647342995169,0.13419216317767044,,,
46,10.61460010735373,60.17176596886742,12.406065485775631,3.8043478260869565,4.448470209339774,0.17444981213097155,8.031400966183575,0.15432098765432098,0.06038647342995169,0.13419216317767044,,,
47,10.621309715512615,58.111916264090176,12.533548040794418,3.8043478260869565,4.180085882984434,2.8247450348899625,7.575147611379496,0.15432098765432098,0.06038647342995169,0.13419216317767044,,,
48,10.775630703166936,57.99785292538916,12.184648416532475,3.784219001610306,4.180085882984434,2.8247450348899625,7.575147611379496,0.15432098765432098,0.38915727321524424,0.13419216317767044,,,
49,10.299248523886206,58.47423510466989,12.184648416532475,3.784219001610306,4.180085882984434,2.8247450348899625,7.575147611379496,0.15432098765432098,0.38915727321524424,0.13419216317767044,,,
50,10.144927536231885,54.8443370907139,13.976113794954374,3.784219001610306,4.180085882984434,2.7979066022544283,9.594739667203436,0.15432098765432098,0.38915727321524424,0.13419216317767044,,,
51,10.158346752549651,53.90499194847021,14.935587761674718,3.784219001610306,4.180085882984434,2.7844873859366612,9.581320450885668,0.14761137949543746,0.38915727321524424,0.13419216317767044,,,
52,10.238862050456254,53.38164251207729,15.271068169618895,3.784219001610306,4.7101449275362315,2.771068169618894,9.172034353193773,0.14761137949543746,0.38915727321524424,0.13419216317767044,,,
53,9.078099838969404,54.549114331723025,15.26435856146001,3.784219001610306,4.7101449275362315,2.771068169618894,9.172034353193773,0.14761137949543746,0.38915727321524424,0.13419216317767044,,,
54,9.057971014492754,54.36795491143317,15.33816425120773,3.92512077294686,4.696725711218465,2.771068169618894,9.172034353193773,0.14761137949543746,0.38915727321524424,0.13419216317767044,,,
55,7.098765432098766,52.08668813741278,14.640365002683843,9.265968867418144,4.3478260869565215,2.657004830917874,9.057971014492754,0.14761137949543746,0.38915727321524424,0.19457863660762212,0.11406333870101985,,
56,7.206119162640902,52.03301127214171,14.640365002683843,8.05823939881911,5.448201825013419,2.7643585614600106,9.004294149221685,0.14761137949543746,0.38915727321524424,0.19457863660762212,0.11406333870101985,,
57,7.380568974771873,51.892109500805155,14.640365002683843,8.051529790660226,5.448201825013419,2.7643585614600106,8.977455716586151,0.14761137949543746,0.38915727321524424,0.19457863660762212,0.11406333870101985,,
58,7.461084272678476,51.85856146001073,14.593397745571659,8.051529790660226,5.448201825013419,2.7643585614600106,8.977455716586151,0.14761137949543746,0.38915727321524424,0.19457863660762212,0.11406333870101985,,
59,7.467793880837359,50.85882984433709,11.332528180354267,4.4820182501341925,13.291733762748256,2.7643585614600106,8.957326892109501,0.14761137949543746,0.38915727321524424,0.19457863660762212,0.11406333870101985,,
60,7.595276435856146,50.60386473429951,11.634460547504025,4.4820182501341925,13.291733762748256,2.7643585614600106,8.78287707997853,0.14761137949543746,0.38915727321524424,0.19457863660762212,0.11406333870101985,,
61,7.6556629092860975,49.033816425120776,11.741814278046162,4.4820182501341925,14.694041867954912,2.7643585614600106,8.729200214707461,0.14761137949543746,0.38915727321524424,0.19457863660762212,0.16774020397208803,,
62,7.541599570585078,47.67176596886742,13.264895330112722,4.4820182501341925,14.660493827160494,2.7643585614600106,8.715780998389693,0.14761137949543746,0.38915727321524424,0.19457863660762212,0.16774020397208803,,
63,7.575147611379496,47.61808910359635,13.285024154589372,4.4820182501341925,14.660493827160494,2.7643585614600106,8.715780998389693,0.14761137949543746,0.38915727321524424,0.19457863660762212,0.16774020397208803,,
64,7.675791733762749,47.537573805689746,13.271604938271604,4.4820182501341925,14.65378421900161,2.7643585614600106,8.715780998389693,0.14761137949543746,0.38915727321524424,0.19457863660762212,0.16774020397208803,,
65,7.722758990874933,47.517444981213096,13.271604938271604,4.4820182501341925,14.65378421900161,2.7643585614600106,8.68894256575416,0.14761137949543746,0.38915727321524424,0.19457863660762212,0.16774020397208803,,
66,7.823403113258186,47.457058507783145,13.137412775093935,4.4820182501341925,14.620236178207193,2.7643585614600106,8.675523349436393,0.14761137949543746,0.5300590445517982,0.19457863660762212,0.16774020397208803,,
67,8.011272141706923,47.416800858829845,13.056897477187333,4.4820182501341925,14.606816961889425,2.7643585614600106,8.621846484165324,0.14761137949543746,0.5300590445517982,0.19457863660762212,0.16774020397208803,,
68,8.152173913043478,47.38325281803543,13.043478260869565,4.4820182501341925,14.546430488459475,2.7643585614600106,8.588298443370908,0.14761137949543746,0.5300590445517982,0.19457863660762212,0.16774020397208803,,
69,8.561460010735374,47.24235104669887,12.754965110037574,4.4820182501341925,14.325013419216317,2.7643585614600106,7.809983896940419,0.36902844873859364,0.5300590445517982,0.9997316156736447,0.1610305958132045,,
70,8.393719806763285,46.92028985507246,12.513419216317766,4.4820182501341925,17.337627482555018,2.7643585614600106,5.669618894256575,0.2281266774020397,0.5300590445517982,0.9997316156736447,0.1610305958132045,,
71,8.514492753623188,45.833333333333336,11.829039184111648,4.4820182501341925,16.639828234031132,2.7643585614600106,7.353730542136339,0.9125067096081588,0.5300590445517982,0.9796027911969941,0.1610305958132045,,
72,8.541331186258722,45.819914117015564,11.829039184111648,4.4820182501341925,16.639828234031132,2.7643585614600106,7.340311325818572,0.9125067096081588,0.5300590445517982,0.9796027911969941,0.1610305958132045,,
73,8.487654320987655,43.07568438003221,11.79549114331723,4.4820182501341925,20.86688137412775,2.7509393451422435,6.239935587761675,0.6642512077294686,0.5300590445517982,0.9460547504025765,0.1610305958132045,,
74,8.568169618894256,42.76704240472356,11.77536231884058,4.4820182501341925,22.510735373054214,1.9390767579173376,5.83064949006978,0.6642512077294686,0.5300590445517982,0.7716049382716049,0.1610305958132045,,
75,8.715780998389693,42.693236714975846,11.761943102522812,4.4753086419753085,22.457058507783145,1.9390767579173376,5.83064949006978,0.6642512077294686,0.5300590445517982,0.7716049382716049,0.1610305958132045,,
76,8.789586688137414,42.673107890499196,11.748523886205046,4.4753086419753085,22.416800858829845,1.9390767579173376,5.83064949006978,0.6642512077294686,0.5300590445517982,0.7716049382716049,0.1610305958132045,,
77,8.964036500268385,42.632850241545896,11.594202898550725,4.468599033816425,22.356414385399894,1.9390767579173376,5.83064949006978,0.6642512077294686,0.5300590445517982,0.8588298443370908,0.1610305958132045,,
78,9.25925925925926,42.44498121309716,11.560654857756306,4.428341384863124,22.342995169082126,1.9189479334406871,5.83064949006978,0.6642512077294686,0.5300590445517982,0.8588298443370908,0.1610305958132045,,
79,9.272678475577026,42.12292002147075,11.158078368223295,4.428341384863124,22.034353193773484,4.260601180891036,4.508856682769726,0.6642512077294686,0.5300590445517982,0.8588298443370908,0.1610305958132045,,
80,9.581320450885668,41.948470209339774,11.171497584541063,4.428341384863124,22.034353193773484,4.260601180891036,4.361245303274289,0.6642512077294686,0.5300590445517982,0.8588298443370908,0.1610305958132045,,
81,9.66183574879227,41.87466451959206,11.171497584541063,4.428341384863124,22.014224369296834,4.233762748255502,4.361245303274289,0.6642512077294686,0.5300590445517982,0.8990874932903918,0.1610305958132045,,
82,8.581588835212024,40.96886741814278,10.68840579710145,4.428341384863124,24.4296833064949,4.052603327965647,4.361245303274289,0.8990874932903918,0.5300590445517982,0.8990874932903918,0.1610305958132045,,
83,8.601717659688674,40.042941492216855,10.681696188942565,4.428341384863124,24.134460547504027,4.052603327965647,4.361245303274289,0.8990874932903918,0.5300590445517982,2.1068169618894257,0.1610305958132045,,
84,7.601986044015029,37.9495437466452,10.896403650026839,4.42163177670424,23.315888352120236,7.5348899624261945,4.74369296833065,0.8990874932903918,0.36902844873859364,2.1068169618894257,0.1610305958132045,,
85,7.635534084809447,37.69457863660762,11.171497584541063,4.414922168545357,23.295759527643586,7.5348899624261945,4.74369296833065,0.8990874932903918,0.36902844873859364,2.0799785292538915,0.1610305958132045,,
86,7.702630166398282,36.58749329039184,10.607890499194847,4.414922168545357,23.295759527643586,7.48792270531401,6.421095008051529,0.8990874932903918,0.3421900161030596,2.0799785292538915,0.1610305958132045,,
87,7.521470746108427,35.07112184648417,10.453569511540525,4.414922168545357,23.221953837895867,9.574610842726784,6.1929683306494905,0.8990874932903918,0.3421900161030596,2.2208803005904456,0.08722490606548577,,
88,7.722758990874933,35.03086419753087,10.413311862587225,4.414922168545357,23.15485775630703,9.5276435856146,6.1862587224906065,0.8990874932903918,0.3421900161030596,2.2208803005904456,0.08722490606548577,,
89,7.763016639828234,34.936929683306495,10.648148148148149,4.414922168545357,23.09447128287708,9.473966720343531,6.119162640901771,0.8990874932903918,0.3421900161030596,2.2208803005904456,0.08722490606548577,,
90,7.85024154589372,34.88996242619431,10.648148148148149,4.408212560386473,23.060923242082662,9.473966720343531,6.119162640901771,0.8990874932903918,0.3421900161030596,2.2208803005904456,0.08722490606548577,,
91,7.863660762211487,34.836285560923244,10.648148148148149,4.408212560386473,22.34970477724101,10.037573805689748,6.085614600107354,1.1205045625335481,0.3421900161030596,2.2208803005904456,0.08722490606548577,,
92,8.004562533548041,34.80273752012882,10.648148148148149,4.408212560386473,22.282608695652176,10.02415458937198,6.0587761674718195,1.1205045625335481,0.3421900161030596,2.2208803005904456,0.08722490606548577,,
93,8.11862587224906,34.72222222222222,10.648148148148149,4.394793344068707,22.282608695652176,10.02415458937198,6.045356951154052,1.1137949543746646,0.3421900161030596,2.2208803005904456,0.08722490606548577,,
94,8.111916264090176,34.60144927536232,10.789049919484702,4.394793344068707,22.269189479334408,9.930220075147611,6.045356951154052,1.1137949543746646,0.3421900161030596,2.2208803005904456,0.18115942028985507,,
95,8.232689210950081,34.5276435856146,10.782340311325818,4.367954911433173,22.262479871175522,9.930220075147611,6.045356951154052,1.1137949543746646,0.3421900161030596,2.214170692431562,0.18115942028985507,,
96,8.413848631239935,33.84997316156736,10.59447128287708,4.367954911433173,22.094739667203434,9.930220075147611,6.89747718733226,1.1137949543746646,0.3421900161030596,2.214170692431562,0.18115942028985507,,
97,8.313204508856682,33.58829844337091,10.587761674718196,4.367954911433173,20.840042941492218,11.580783682232958,6.89747718733226,1.1137949543746646,0.3421900161030596,2.187332259796028,0.18115942028985507,,
98,8.393719806763285,33.56816961889426,10.50053676865271,4.367954911433173,20.813204508856682,11.54723564143854,6.89747718733226,1.1137949543746646,0.4294149221685454,2.187332259796028,0.18115942028985507,,
99,8.064949006977992,31.092324208266238,9.359903381642512,12.084004294149223,16.626409017713364,9.86983360171766,9.386741814278047,0.8454106280193237,0.4294149221685454,2.059849704777241,0.18115942028985507,,
100,8.172302737520129,31.00509930220075,9.359903381642512,12.084004294149223,16.505636070853463,9.86983360171766,9.386741814278047,0.8454106280193237,0.4294149221685454,2.1604938271604937,0.18115942028985507,,
101,7.856951154052603,29.528985507246375,9.353193773483628,12.084004294149223,16.505636070853463,9.86983360171766,11.312399355877616,0.8454106280193237,0.4294149221685454,2.033011272141707,0.18115942028985507,,
102,7.977724100912507,28.945249597423512,9.333064949006978,12.057165861513688,16.505636070853463,9.769189479334408,11.922973698336017,0.8454106280193237,0.4294149221685454,2.033011272141707,0.18115942028985507,,
103,7.937466451959206,27.91867954911433,9.333064949006978,12.030327428878154,17.599302200751477,9.71551261406334,11.90955448201825,0.9259259259259259,0.4294149221685454,2.01959205582394,0.18115942028985507,,
104,7.957595276435856,27.91867954911433,9.333064949006978,12.030327428878154,17.579173376274827,9.71551261406334,11.90955448201825,0.9259259259259259,0.4294149221685454,2.01959205582394,0.18115942028985507,,
105,7.85024154589372,26.82501341921632,9.856414385399892,10.621309715512615,17.55233494363929,13.43263553408481,10.44015029522276,0.9259259259259259,0.35560923242082665,1.9592055823939882,0.18115942028985507,,
106,5.542136339237788,19.484702093397747,6.300322061191626,40.79441760601181,9.400161030595813,8.454106280193237,8.440687063875469,0.6239935587761675,0.08722490606548577,0.785024154589372,0.08722490606548577,,
107,5.676328502415459,19.484702093397747,6.300322061191626,40.693773483628554,9.366612989801396,8.454106280193237,8.440687063875469,0.6239935587761675,0.08722490606548577,0.785024154589372,0.08722490606548577,,
108,5.414653784219001,17.907944176060116,5.3341384863123995,40.22410091250671,8.876811594202898,12.97638217928073,7.883789586688137,0.4495437466451959,0.08722490606548577,0.7581857219538379,0.08722490606548577,,
109,5.689747718733226,17.485238862050455,5.307300053676865,39.54643048845947,8.809715512614064,12.915995705850777,8.387010198604402,0.4495437466451959,0.08722490606548577,1.2345679012345678,0.08722490606548577,,
110,5.931293612453032,17.485238862050455,5.307300053676865,39.44578636607622,8.789586688137414,12.902576489533011,8.279656468062266,0.4495437466451959,0.08722490606548577,1.2345679012345678,0.08722490606548577,,
111,6.031937734836285,17.444981213097154,5.300590445517981,31.662640901771336,16.861245303274288,12.869028448738593,8.232689210950081,0.5233494363929146,0.08722490606548577,0.8990874932903918,0.08722490606548577,,
112,6.038647342995169,17.14975845410628,7.96430488459474,29.381374127750938,16.841116478797638,12.815351583467525,8.21256038647343,0.5233494363929146,0.08722490606548577,0.8990874932903918,0.08722490606548577,,
113,5.911164787976382,16.894793344068706,7.950885668276973,29.367954911433173,19.296833064949006,12.177938808373591,7.152442297369833,0.5233494363929146,0.08722490606548577,0.6239935587761675,0.013419216317767043,,
114,5.991680085882985,16.874664519592056,7.950885668276973,29.17337627482555,19.243156199677937,12.171229200214707,7.152442297369833,0.5233494363929146,0.08722490606548577,0.8185721953837896,0.013419216317767043,,
115,5.662909286097692,16.740472356414386,7.897208803005904,27.30810520665593,20.8467525496511,12.157809983896941,7.152442297369833,0.5233494363929146,0.08722490606548577,1.6103059581320451,0.013419216317767043,,
116,5.71658615136876,16.27079978529254,7.877079978529254,27.180622651637144,20.75281803542673,12.124261943102523,7.716049382716049,0.5233494363929146,0.08722490606548577,1.737788513150832,0.013419216317767043,,
117,5.803811057434245,16.23725174449812,8.219269994632313,26.27482555018787,20.69243156199678,12.097423510466989,7.39398819108964,0.5233494363929146,0.08722490606548577,2.657004830917874,0.013419216317767043,,
118,5.783682232957595,16.203703703703702,8.219269994632313,25.509930220075148,18.988191089640367,13.278314546430488,7.367149758454106,1.892109500805153,0.08722490606548577,2.657004830917874,0.013419216317767043,,
119,5.8172302737520125,16.203703703703702,8.219269994632313,25.503220611916262,18.96135265700483,13.278314546430488,7.367149758454106,1.892109500805153,0.08722490606548577,2.657004830917874,0.013419216317767043,,
120,5.797101449275362,16.203703703703702,8.21256038647343,25.43612453032743,18.96135265700483,12.869028448738593,7.367149758454106,1.892109500805153,0.08722490606548577,2.703972088030059,0.013419216317767043,0.4562533548040794,
121,5.850778314546431,16.183574879227052,8.21256038647343,25.40257648953301,18.96135265700483,12.869028448738593,7.367149758454106,1.892109500805153,0.08722490606548577,2.703972088030059,0.013419216317767043,0.4562533548040794,
122,5.931293612453032,16.17686527106817,8.192431561996779,25.38244766505636,18.96135265700483,12.835480407944177,7.367149758454106,1.892109500805153,0.08722490606548577,2.703972088030059,0.013419216317767043,0.4562533548040794,
123,5.931293612453032,16.17686527106817,8.192431561996779,25.369028448738593,18.17632850241546,12.761674718196458,8.09849704777241,2.033011272141707,0.08722490606548577,2.703972088030059,0.013419216317767043,0.4562533548040794,
124,5.857487922705314,15.49248523886205,8.158883521202362,24.664519592055825,20.605206655931294,11.446591519055287,8.09849704777241,1.8048845947396672,0.08722490606548577,3.3145464304884595,0.013419216317767043,0.4562533548040794,
125,5.911164787976382,15.49248523886205,8.158883521202362,24.63768115942029,20.585077831454644,11.439881910896403,8.09849704777241,1.8048845947396672,0.08722490606548577,3.3145464304884595,0.013419216317767043,0.4562533548040794,
126,5.958132045088567,15.002683843263553,8.876811594202898,24.329039184111647,20.52469135802469,11.426462694578637,8.038110574342458,1.8048845947396672,0.08722490606548577,3.4822866344605474,0.013419216317767043,0.4562533548040794,
127,5.931293612453032,15.002683843263553,8.07836822329576,23.013955984970476,20.52469135802469,11.41304347826087,10.326086956521738,1.8048845947396672,0.08722490606548577,3.3480944712828773,0.013419216317767043,0.4562533548040794,
128,6.011808910359635,13.647342995169081,8.07836822329576,23.00053676865271,18.5252281266774,13.761406333870102,10.272410091250672,2.7308105206655933,0.08722490606548577,3.4151905528717124,0.013419216317767043,0.4562533548040794,
129,6.045356951154052,13.217928073000536,7.75630703166935,22.993827160493826,18.471551261406333,13.70101986044015,11.11111111111111,2.7308105206655933,0.08722490606548577,3.4151905528717124,0.013419216317767043,0.4562533548040794,
130,6.159420289855072,13.030059044551798,8.856682769726248,22.430220075147613,18.471551261406333,13.70101986044015,11.07085346215781,2.7308105206655933,0.08722490606548577,2.9924852388620504,0.013419216317767043,0.4562533548040794,
131,6.3137412775093935,12.895866881374127,9.346484165324744,22.423510466988727,18.089103596349972,14.566559312936125,10.379763821792807,2.4557165861513686,0.08722490606548577,2.9723564143853998,0.013419216317767043,0.4562533548040794,
132,6.353998926462695,12.895866881374127,9.004294149221685,22.423510466988727,17.867686527106816,15.197262479871176,10.071121846484166,2.38191089640365,0.08722490606548577,3.2474503488996245,0.013419216317767043,0.4562533548040794,
133,6.447933440687064,12.835480407944177,9.098228663446054,22.403381642512077,17.76033279656468,15.197262479871176,10.071121846484166,2.38191089640365,0.08722490606548577,3.2474503488996245,0.013419216317767043,0.4562533548040794,
134,6.588835212023618,12.828770799785293,9.07139023081052,22.322866344605476,17.746913580246915,15.13016639828234,10.057702630166398,2.38191089640365,0.08722490606548577,3.2474503488996245,0.013419216317767043,0.5233494363929146,
135,6.662640901771336,12.828770799785293,9.05126140633387,22.24235104669887,17.746913580246915,15.11003757380569,10.037573805689748,2.368491680085883,0.08722490606548577,3.3279656468062266,0.013419216317767043,0.5233494363929146,
136,6.790123456790123,12.815351583467525,9.03113258185722,22.21551261406334,17.72007514761138,15.069779924852389,10.037573805689748,2.368491680085883,0.08722490606548577,3.3279656468062266,0.013419216317767043,0.5233494363929146,
137,6.843800322061192,12.815351583467525,9.017713365539452,22.21551261406334,17.72007514761138,15.069779924852389,10.010735373054214,2.368491680085883,0.08722490606548577,3.3145464304884595,0.013419216317767043,0.5233494363929146,
138,6.9243156199677935,12.788513150831992,9.017713365539452,22.188674181427803,17.713365539452496,15.049651100375739,10.010735373054214,2.368491680085883,0.08722490606548577,3.3145464304884595,0.013419216317767043,0.5233494363929146,
139,6.977992485238862,12.781803542673108,9.017713365539452,22.188674181427803,17.713365539452496,15.029522275899087,9.98389694041868,2.368491680085883,0.08722490606548577,3.3145464304884595,0.013419216317767043,0.5233494363929146,
140,6.984702093397746,12.781803542673108,9.017713365539452,22.188674181427803,17.713365539452496,15.029522275899087,9.977187332259795,2.368491680085883,0.08722490606548577,3.3145464304884595,0.013419216317767043,0.5233494363929146,
141,7.239667203435319,12.781803542673108,9.017713365539452,21.712292002147073,17.652979066022546,15.029522275899087,9.896672034353195,2.368491680085883,0.08722490606548577,3.6768652710681695,0.013419216317767043,0.5233494363929146,
142,7.326892109500805,12.661030595813205,9.29951690821256,21.611647879763822,17.62614063338701,14.942297369833602,9.88996242619431,2.368491680085883,0.08722490606548577,3.6768652710681695,0.013419216317767043,0.49651100375738055,
143,7.467793880837359,12.634192163177671,9.272678475577026,21.564680622651636,17.62614063338701,14.942297369833602,9.88996242619431,2.341653247450349,0.08722490606548577,3.6634460547504024,0.013419216317767043,0.49651100375738055,
144,7.27992485238862,11.889425657541599,9.23913043478261,23.544015029522274,16.492216854535695,14.9020397208803,9.88996242619431,2.4355877616747184,0.08722490606548577,3.730542136339238,0.013419216317767043,0.49651100375738055,
145,7.4208266237251745,11.808910359634996,9.990606548577563,22.973698336017176,16.465378421900162,14.741009125067096,9.863123993558776,2.4355877616747184,0.08722490606548577,3.7037037037037037,0.013419216317767043,0.49651100375738055,
146,7.37385936661299,11.708266237251744,9.73564143853999,22.973698336017176,16.451959205582394,15.210681696188942,9.514224369296834,2.7308105206655933,0.08722490606548577,3.7037037037037037,0.013419216317767043,0.49651100375738055,
147,7.467793880837359,11.641170155662909,9.73564143853999,22.832796564680624,17.163177670424048,14.61352657004831,9.514224369296834,2.7308105206655933,0.08722490606548577,3.7037037037037037,0.013419216317767043,0.49651100375738055,
148,7.62211486849168,11.641170155662909,9.722222222222221,22.805958132045088,17.143048845947398,14.51959205582394,9.514224369296834,2.7308105206655933,0.08722490606548577,3.7037037037037037,0.013419216317767043,0.49651100375738055,
149,7.742887815351583,11.580783682232958,9.856414385399892,22.79253891572732,17.01556629092861,14.459205582393988,9.386741814278047,2.7308105206655933,0.08722490606548577,3.7037037037037037,0.013419216317767043,0.630703166935051,
150,7.877079978529254,11.56736446591519,9.822866344605474,22.758990874932906,16.961889425657542,14.660493827160494,9.386741814278047,2.5295222758990876,0.08722490606548577,3.7037037037037037,0.013419216317767043,0.630703166935051,
151,7.796564680622652,11.56736446591519,9.541062801932368,22.550993022007514,16.961889425657542,16.51905528717123,8.333333333333334,2.5295222758990876,0.08722490606548577,3.488996242619431,0.013419216317767043,0.6105743424584005,
152,7.843531937734836,11.56736446591519,9.541062801932368,22.530864197530864,16.935050993022006,16.51905528717123,8.333333333333334,2.5295222758990876,0.08722490606548577,3.488996242619431,0.013419216317767043,0.6105743424584005,
153,8.152173913043478,11.506977992485238,9.480676328502415,22.436929683306495,16.841116478797638,16.438539989264626,8.319914117015566,2.5295222758990876,0.08722490606548577,3.4621578099838968,0.013419216317767043,0.7313472893183038,
154,8.32662372517445,11.506977992485238,9.480676328502415,22.436929683306495,16.80756843800322,16.411701556629094,8.313204508856682,2.5161030595813205,0.08722490606548577,3.3682232957595275,0.013419216317767043,0.7313472893183038,
155,8.480944712828771,11.480139559849706,9.460547504025765,22.383252818035427,16.774020397208805,16.337895866881375,8.313204508856682,2.5161030595813205,0.08722490606548577,3.3548040794417604,0.013419216317767043,0.798443370907139,
156,8.3467525496511,11.480139559849706,9.433709071390231,21.450617283950617,18.874127750939344,15.559581320450885,8.293075684380032,2.4355877616747184,0.08722490606548577,3.227321524422974,0.013419216317767043,0.798443370907139,
157,8.454106280193237,11.480139559849706,9.433709071390231,21.4170692431562,18.853998926462694,15.546162104133119,8.279656468062266,2.4355877616747184,0.08722490606548577,3.2004830917874396,0.013419216317767043,0.798443370907139,
158,8.588298443370908,11.473429951690822,9.420289855072463,21.40365002683843,18.793612453032743,15.311325818572195,8.279656468062266,2.4221685453569513,0.08722490606548577,3.408480944712829,0.013419216317767043,0.798443370907139,
159,8.695652173913043,11.366076221148685,9.4873859366613,21.40365002683843,18.753354804079443,15.311325818572195,8.279656468062266,2.4221685453569513,0.06038647342995169,3.408480944712829,0.013419216317767043,0.798443370907139,
160,8.514492753623188,11.345947396672035,9.473966720343531,21.24261943102523,19.04186795491143,15.28448738593666,8.279656468062266,2.4221685453569513,0.06038647342995169,3.5225442834138487,0.013419216317767043,0.798443370907139,
161,8.648684916800859,11.345947396672035,9.581320450885668,21.235909822866343,18.907675791733762,15.183843263553408,8.279656468062266,2.4221685453569513,0.06038647342995169,3.5225442834138487,0.013419216317767043,0.798443370907139,
162,8.76274825550188,11.238593666129898,9.675254965110037,21.16881374127751,18.907675791733762,15.150295222758992,8.279656468062266,2.4221685453569513,0.06038647342995169,3.5225442834138487,0.013419216317767043,0.798443370907139,
163,8.876811594202898,11.18491680085883,9.668545356951155,21.162104133118625,18.907675791733762,14.80810520665593,8.266237251744498,2.7308105206655933,0.06038647342995169,3.5225442834138487,0.013419216317767043,0.798443370907139,
164,8.903650026838433,11.18491680085883,9.668545356951155,21.162104133118625,18.907675791733762,14.781266774020397,8.266237251744498,2.7308105206655933,0.06038647342995169,3.5225442834138487,0.013419216317767043,0.798443370907139,
165,8.903650026838433,11.144659151905529,9.681964573268921,21.155394524959743,18.71309715512614,15.009393451422437,8.266237251744498,2.7308105206655933,0.06038647342995169,3.5225442834138487,0.013419216317767043,0.798443370907139,
166,8.923778851315083,11.131239935587761,9.681964573268921,21.135265700483092,18.679549114331724,15.385131508319914,7.937466451959206,2.7308105206655933,0.06038647342995169,3.5225442834138487,0.013419216317767043,0.798443370907139,
167,9.017713365539452,11.104401502952227,9.681964573268921,21.101717659688674,18.646001073537306,15.385131508319914,7.937466451959206,2.7308105206655933,0.06038647342995169,3.5225442834138487,0.013419216317767043,0.798443370907139,
168,9.131776704240472,11.077563070316694,9.681964573268921,21.054750402576488,18.612453032742888,15.378421900161031,7.937466451959206,2.7308105206655933,0.06038647342995169,3.5225442834138487,0.013419216317767043,0.798443370907139,
169,9.145195920558239,11.05072463768116,9.681964573268921,21.054750402576488,18.243424584004295,15.707192699946322,7.937466451959206,2.7844873859366612,0.06038647342995169,3.5225442834138487,0.013419216317767043,0.798443370907139,
170,9.406870638754697,11.030595813204508,9.675254965110037,20.860171765968868,18.209876543209877,15.68035426731079,7.930756843800322,2.7844873859366612,0.06038647342995169,3.549382716049383,0.013419216317767043,0.798443370907139,
171,9.333064949006978,10.836017176596886,9.634997316156737,20.860171765968868,18.209876543209877,15.653515834675256,8.199141170155663,2.7844873859366612,0.06038647342995169,3.549382716049383,0.013419216317767043,0.8655394524959742,
172,9.346484165324744,10.661567364465915,9.359903381642512,20.833333333333332,18.438003220611915,15.626677402039721,8.460815888352121,2.7844873859366612,0.06038647342995169,3.549382716049383,0.013419216317767043,0.8655394524959742,
173,9.219001610305957,9.782608695652174,9.16532474503489,20.38378958668814,18.411164787976382,15.626677402039721,10.158346752549651,2.7844873859366612,0.06038647342995169,3.5292538915727323,0.013419216317767043,0.8655394524959742,
174,9.23913043478261,9.749060654857756,9.131776704240472,20.115405260332796,18.230005367686527,15.861513687600644,10.050993022007514,2.7844873859366612,0.06038647342995169,3.9049919484702094,0.013419216317767043,0.8588298443370908,
175,9.312936124530328,9.749060654857756,9.125067096081589,20.101986044015028,18.17632850241546,15.861513687600644,10.050993022007514,2.7844873859366612,0.06038647342995169,3.9049919484702094,0.013419216317767043,0.8588298443370908,
176,9.265968867418144,9.749060654857756,9.125067096081589,19.16935050993022,18.370907139023082,16.418411164787976,9.863123993558776,2.7844873859366612,0.06038647342995169,4.320987654320987,0.013419216317767043,0.8588298443370908,
177,9.16532474503489,9.688674181427805,9.125067096081589,19.162640901771336,18.53864734299517,16.418411164787976,9.863123993558776,2.7844873859366612,0.06038647342995169,4.320987654320987,0.013419216317767043,0.8588298443370908,
178,9.29951690821256,9.688674181427805,9.125067096081589,19.129092860976918,18.51851851851852,16.358024691358025,9.849704777241008,2.7777777777777777,0.06038647342995169,4.320987654320987,0.013419216317767043,0.8588298443370908,
179,9.312936124530328,9.688674181427805,9.125067096081589,19.048577563070317,18.51851851851852,16.72705314009662,9.842995169082126,2.771068169618894,0.06038647342995169,4.320987654320987,0.013419216317767043,0.5703166935050993,
180,9.420289855072463,9.688674181427805,9.064680622651638,19.02173913043478,18.51851851851852,16.70692431561997,9.842995169082126,2.771068169618894,0.06038647342995169,4.320987654320987,0.013419216317767043,0.5703166935050993,
181,9.5276435856146,9.688674181427805,9.178743961352657,18.88083735909823,18.51851851851852,16.70692431561997,9.842995169082126,2.771068169618894,0.06038647342995169,4.240472356414386,0.013419216317767043,0.5703166935050993,
182,9.614868491680086,9.688674181427805,9.178743961352657,18.853998926462694,18.491680085882983,16.70692431561997,9.816156736446592,2.771068169618894,0.06038647342995169,4.233762748255502,0.013419216317767043,0.5703166935050993,
183,9.655126140633387,9.648416532474503,9.178743961352657,16.659957058507782,18.42458400429415,16.659957058507782,9.789318303811058,2.7509393451422435,0.06038647342995169,6.588835212023618,0.013419216317767043,0.5703166935050993,
184,9.614868491680086,9.608158883521202,9.138486312399356,14.620236178207193,18.33064949006978,16.566022544283413,12.385936661298981,2.7509393451422435,0.06038647342995169,6.340579710144928,0.013419216317767043,0.5703166935050993,
185,9.86983360171766,9.608158883521202,9.07139023081052,14.620236178207193,18.183038110574344,16.606280193236714,12.23161567364466,2.8113258185721954,0.06038647342995169,6.266774020397209,0.10064412238325282,0.5703166935050993,
186,9.91009125067096,9.608158883521202,9.07139023081052,14.479334406870638,18.183038110574344,16.606280193236714,13.191089640365004,2.8113258185721954,0.06038647342995169,5.407944176060118,0.10064412238325282,0.5703166935050993,
187,9.769189479334408,9.373322597960279,9.03113258185722,14.479334406870638,20.175791733762747,15.311325818572195,13.170960815888352,2.737520128824477,0.06038647342995169,5.22007514761138,0.10064412238325282,0.5703166935050993,
188,9.957058507783145,9.373322597960279,9.03113258185722,14.452495974235104,20.135534084809446,15.311325818572195,13.050187869028449,2.737520128824477,0.06038647342995169,5.22007514761138,0.10064412238325282,0.5703166935050993,
189,10.064412238325282,9.353193773483628,8.99087493290392,14.445786366076222,20.202630166398283,15.28448738593666,13.003220611916264,2.703972088030059,0.06038647342995169,5.22007514761138,0.10064412238325282,0.5703166935050993,
190,10.151637144390767,9.29951690821256,9.05126140633387,14.371980676328503,20.162372517444982,15.418679549114332,13.003220611916264,2.703972088030059,0.06038647342995169,5.22007514761138,0.10064412238325282,0.4562533548040794,
191,10.34621578099839,9.29951690821256,9.05126140633387,14.345142243692969,20.115405260332796,15.418679549114332,12.99651100375738,2.703972088030059,0.06038647342995169,5.10601180891036,0.10064412238325282,0.4562533548040794,
192,10.493827160493828,9.29951690821256,9.05126140633387,14.345142243692969,20.02818035426731,15.398550724637682,12.93612453032743,2.703972088030059,0.06038647342995169,5.0791733762748255,0.10064412238325282,0.5032206119162641,
193,10.507246376811594,9.29951690821256,9.05126140633387,13.828502415458937,20.021470746108427,15.371712292002147,12.915995705850777,2.703972088030059,0.06038647342995169,5.636070853462158,0.10064412238325282,0.5032206119162641,
194,10.63472893183038,9.29951690821256,8.977455716586151,13.734567901234568,20.061728395061728,15.163714439076758,13.070316693505099,2.703972088030059,0.06038647342995169,5.609232420826624,0.10064412238325282,0.5837359098228664,
195,10.856146001073537,9.292807300053678,8.977455716586151,13.727858293075684,19.77992485238862,15.083199141170155,12.942834138486312,2.985775630703167,0.06038647342995169,5.609232420826624,0.10064412238325282,0.5837359098228664,
196,10.869565217391305,9.205582393988191,8.628556092324208,13.687600644122384,19.77992485238862,15.593129361245303,12.915995705850777,2.965646806226516,0.06038647342995169,5.609232420826624,0.10064412238325282,0.5837359098228664,
197,10.829307568438002,9.084809447128288,8.61513687600644,13.687600644122384,21.70558239398819,14.834943639291465,11.963231347289318,2.952227589908749,0.06038647342995169,5.609232420826624,0.10064412238325282,0.5568974771873323,
198,10.86285560923242,9.084809447128288,8.61513687600644,13.687600644122384,21.68545356951154,14.834943639291465,11.956521739130435,2.952227589908749,0.06038647342995169,5.60252281266774,0.10064412238325282,0.5568974771873323,
199,10.923242082662373,9.07139023081052,8.903650026838433,13.627214170692431,21.450617283950617,14.80810520665593,11.956521739130435,2.952227589908749,0.06038647342995169,5.589103596349974,0.10064412238325282,0.5568974771873323,
