,45,50,51,53,52,54,55,57,56,59,58
0,99.77858293075684,0.2214170692431562,,,,,,,,,
1,57.971014492753625,38.89559849704777,3.1333870101986045,,,,,,,,
2,57.930756843800324,38.93585614600107,3.1333870101986045,,,,,,,,
3,51.24127750939345,45.63875469672571,3.1199677938808374,,,,,,,,
4,51.019860440150296,43.02871712292002,3.1199677938808374,2.831454643048846,,,,,,,
5,48.329307568438004,45.04830917874396,3.0931293612453032,2.831454643048846,0.644122383252818,0.05367686527106817,,,,,
6,48.027375201288244,45.35024154589372,3.0931293612453032,2.831454643048846,0.644122383252818,0.05367686527106817,,,,,
7,41.035963499731615,51.7512077294686,3.066290928609769,2.831454643048846,0.644122383252818,0.6709608158883521,,,,,
8,41.324476650563604,51.19431025228127,3.066290928609769,2.831454643048846,0.644122383252818,0.6709608158883521,0.2683843263553409,,,,
9,37.144390767579175,56.64922168545357,3.066290928609769,2.8113258185721954,0.020128824476650563,0.040257648953301126,0.2683843263553409,,,,
10,33.60842726784756,60.18518518518518,3.066290928609769,2.8113258185721954,0.020128824476650563,0.040257648953301126,0.2683843263553409,,,,
11,26.643853998926463,65.57300053676865,3.066290928609769,2.3752012882447664,0.020128824476650563,0.040257648953301126,1.7176596886741815,0.5636070853462157,,,
12,26.939076757917338,65.16371443907676,3.066290928609769,2.3752012882447664,0.020128824476650563,0.040257648953301126,1.8585614600107354,0.5367686527106817,,,
13,26.704240472356414,64.47262479871175,3.280998389694042,2.3752012882447664,0.7716049382716049,0.040257648953301126,1.8183038110574343,0.5367686527106817,,,
14,26.570048309178745,62.27858293075684,3.717122920021471,2.3752012882447664,0.7716049382716049,0.040257648953301126,3.7104133118625873,0.5367686527106817,,,
15,27.073268921095007,61.963231347289316,3.717122920021471,2.3752012882447664,0.7716049382716049,0.040257648953301126,3.616478797638218,0.4428341384863124,,,
16,27.623456790123456,60.668276972624795,3.717122920021471,2.2342995169082127,0.7716049382716049,0.040257648953301126,4.502147074610843,0.4428341384863124,,,
17,27.74422973698336,60.42673107890499,3.717122920021471,2.2342995169082127,0.7716049382716049,0.040257648953301126,4.622920021470746,0.4428341384863124,,,
18,26.69753086419753,56.494900697799245,8.695652173913043,2.2342995169082127,0.7716049382716049,0.040257648953301126,4.622920021470746,0.4428341384863124,,,
19,26.90552871712292,53.6231884057971,8.380300590445518,2.2342995169082127,0.7716049382716049,0.040257648953301126,7.601986044015029,0.4428341384863124,,,
20,24.704777241009126,45.20263016639828,19.404186795491142,2.2342995169082127,0.47638217928073,0.040257648953301126,7.494632313472893,0.4428341384863124,,,
21,24.89935587761675,44.99463231347289,18.96135265700483,2.2342995169082127,0.47638217928073,0.040257648953301126,7.494632313472893,0.4428341384863124,0.4562533548040794,,
22,24.053945249597422,38.02334943639291,18.907675791733762,2.2342995169082127,9.816156736446592,0.03354804079441761,6.031937734836285,0.4428341384863124,0.4562533548040794,,
23,24.27536231884058,37.97638217928073,18.78690284487386,2.2342995169082127,9.64170692431562,0.03354804079441761,6.031937734836285,0.4428341384863124,0.5770263016639828,,
24,23.772141706924316,35.929951690821255,22.27589908749329,2.1739130434782608,9.16532474503489,0.03354804079441761,5.971551261406334,0.4428341384863124,0.23483628556092323,,
25,24.335748792270532,35.66156736446592,22.000805152979066,2.1739130434782608,8.917069243156199,0.03354804079441761,5.971551261406334,0.6709608158883521,0.23483628556092323,,
26,14.566559312936125,51.590177133655395,18.156199677938808,1.0601180891035964,8.917069243156199,0.03354804079441761,4.99194847020934,0.5636070853462157,0.12077294685990338,,
27,14.65378421900161,49.282071926999464,21.584809447128286,1.0601180891035964,8.80300590445518,0.03354804079441761,4.019055287171229,0.5636070853462157,,,
28,14.969135802469136,49.14117015566291,21.410359634997317,1.0601180891035964,8.80300590445518,0.03354804079441761,4.019055287171229,0.5636070853462157,,,
29,15.08990874932904,49.060654857756305,21.370101986044016,1.0601180891035964,8.21256038647343,0.03354804079441761,4.019055287171229,1.1540526033279657,,,
30,13.768115942028986,47.0679012345679,23.698336017176597,1.0601180891035964,8.21256038647343,0.17444981213097155,4.864465915190553,1.1540526033279657,,,
31,14.002952227589908,46.91358024691358,23.67149758454106,1.0601180891035964,8.185721953837897,0.17444981213097155,4.8376274825550185,1.1540526033279657,,,
32,14.42565754159957,46.59151905528717,23.597691894793343,1.0601180891035964,8.158883521202362,0.17444981213097155,4.8376274825550185,1.1540526033279657,,,
33,14.586688137412775,43.61916264090177,23.58427267847558,1.0601180891035964,8.158883521202362,2.999194847020934,4.8376274825550185,1.1540526033279657,,,
34,10.399892646269459,32.27321524422974,40.04965110037574,1.0131508319914118,8.13875469672571,2.8918411164787976,4.052603327965647,1.093666129898014,,0.08722490606548577,
35,10.581052066559312,32.139023081052066,39.821524422973695,1.0131508319914118,8.111916264090176,2.8918411164787976,4.052603327965647,1.093666129898014,0.20799785292538917,0.08722490606548577,
36,10.789049919484702,30.750134192163177,36.37278582930757,5.770263016639828,8.07836822329576,2.8918411164787976,4.032474503488996,1.0198604401502953,0.20799785292538917,0.08722490606548577,
37,11.392914653784219,30.52200751476114,36.06414385399893,5.71658615136876,7.98443370907139,3.012614063338701,3.992216854535695,1.0198604401502953,0.20799785292538917,0.08722490606548577,
38,11.929683306494901,30.434782608695652,35.809178743961354,5.703166935050993,7.937466451959206,2.8918411164787976,3.978797638217928,1.0198604401502953,0.20799785292538917,0.08722490606548577,
39,12.298711755233494,30.12614063338701,35.78234031132582,5.703166935050993,7.930756843800322,2.8918411164787976,3.978797638217928,0.9930220075147611,0.20799785292538917,0.08722490606548577,
40,12.634192163177671,25.43612453032743,35.42673107890499,11.399624261943103,7.930756843800322,1.0601180891035964,4.911433172302737,0.9930220075147611,0.20799785292538917,,
41,11.18491680085883,24.208266237251745,45.69914117015566,11.231884057971014,2.945517981749866,1.0265700483091786,3.1870638754696725,0.30864197530864196,0.20799785292538917,,
42,11.58749329039184,23.752012882447666,45.54482018250134,11.151368760064413,2.932098765432099,1.0265700483091786,3.488996242619431,0.30864197530864196,0.20799785292538917,,
43,11.419753086419753,23.752012882447666,45.10198604401503,10.943370907139023,2.932098765432099,1.0265700483091786,4.455179817498658,0.1610305958132045,0.20799785292538917,,
44,11.43317230273752,20.75281803542673,44.887278582930755,10.782340311325818,6.199677938808374,1.0265700483091786,4.575952764358561,0.1610305958132045,0.18115942028985507,,
45,11.902844873859367,20.571658615136876,41.7740203972088,10.352925389157273,8.742619431025227,1.0265700483091786,4.575952764358561,0.1610305958132045,0.8923778851315083,,
46,12.473161567364466,19.712828770799785,41.44524959742351,10.312667740203972,8.561460010735374,1.0265700483091786,5.293880837359098,0.1610305958132045,1.0131508319914118,,
47,12.701288244766506,19.712828770799785,41.34460547504026,10.25228126677402,8.548040794417606,1.0265700483091786,5.24020397208803,0.1610305958132045,1.0131508319914118,,
48,12.882447665056361,19.558507783145465,41.136607622114866,10.25228126677402,8.467525496511003,1.0265700483091786,5.501878690284487,0.1610305958132045,1.0131508319914118,,
49,12.325550187869029,19.03515834675255,39.13714439076758,7.092055823939882,14.083467525496511,1.1808910359634996,5.501878690284487,0.1610305958132045,1.482823403113258,,
50,12.04374664519592,17.820719269994633,37.01690821256039,7.051798174986581,17.780461621041333,1.1808910359634996,5.4616210413311865,0.1610305958132045,1.482823403113258,,
51,12.352388620504563,17.53220611916264,36.171497584541065,7.051798174986581,17.639559849704778,2.589908749329039,5.0858829844337095,0.10064412238325282,1.4761137949543746,,
52,12.426194310252281,17.53220611916264,36.540526033279654,7.0450885668276975,17.518786902844873,2.589908749329039,5.0858829844337095,0.10064412238325282,1.1607622114868492,,
53,12.124261943102523,14.855072463768115,33.47423510466989,14.029790660225443,16.780730005367687,2.589908749329039,4.884594739667204,0.10064412238325282,1.1607622114868492,,
54,12.379227053140097,14.814814814814815,33.36688137412775,11.829039184111648,19.51825013419216,1.9457863660762211,4.884594739667204,0.10064412238325282,1.1607622114868492,,
55,12.627482555018787,14.727589908749328,33.2662372517445,11.829039184111648,19.47128287707998,1.932367149758454,4.884594739667204,0.10064412238325282,1.1607622114868492,,
56,12.922705314009661,14.727589908749328,33.12533548040794,11.829039184111648,19.14922168545357,1.932367149758454,5.052334943639291,0.10064412238325282,1.1607622114868492,,
57,13.533279656468062,14.083467525496511,33.071658615136876,11.43317230273752,18.988191089640367,3.280998389694042,4.3478260869565215,0.10064412238325282,1.1607622114868492,,
58,13.90901771336554,14.083467525496511,33.00456253354804,11.43317230273752,18.726516371443907,3.2474503488996245,4.334406870638754,0.10064412238325282,1.1607622114868492,,
59,13.553408480944713,13.875469672571121,29.294149221685455,11.345947396672035,23.382984433709073,3.408480944712829,4.240472356414386,0.10064412238325282,0.798443370907139,,
60,13.862050456253355,13.81508319914117,28.965378421900162,11.238593666129898,23.18840579710145,3.408480944712829,4.51556629092861,0.2214170692431562,0.785024154589372,,
61,14.170692431561998,13.79495437466452,34.836285560923244,11.124530327428879,16.49892646269458,3.408480944712829,4.51556629092861,0.2214170692431562,1.42914653784219,,
62,13.097155126140633,12.077294685990339,31.468062265163713,8.038110574342458,27.737520128824478,2.4557165861513686,3.864734299516908,0.2281266774020397,1.0332796564680622,,
63,13.20450885668277,12.077294685990339,31.414385399892645,8.017981749865807,27.737520128824478,2.4557165861513686,3.8311862587224907,0.2281266774020397,1.0332796564680622,,
64,13.768115942028986,11.869296833064949,31.19296833064949,7.957595276435856,27.529522275899087,2.368491680085883,4.052603327965647,0.2281266774020397,1.0332796564680622,,
65,13.996242619431026,11.849168008588299,31.105743424584006,7.957595276435856,27.428878153515836,2.368491680085883,4.032474503488996,0.2281266774020397,1.0332796564680622,,
66,13.982823403113258,11.77536231884058,31.548577563070317,7.601986044015029,26.536500268384327,2.368491680085883,4.180085882984434,0.2281266774020397,1.778046162104133,,
67,14.345142243692969,11.77536231884058,31.54186795491143,7.514761137949543,26.268115942028984,2.368491680085883,4.180085882984434,0.2281266774020397,1.778046162104133,,
68,14.935587761674718,11.748523886205046,31.374127750939344,7.514761137949543,25.95276435856146,2.368491680085883,4.146537842190016,0.2281266774020397,1.7310789049919484,,
69,12.211486849168008,7.407407407407407,30.280461621041333,6.890767579173376,34.916800858829845,2.281266774020397,4.03918411164788,0.1274825550187869,1.8451422436929683,,
70,12.453032742887816,7.4006977992485234,26.704240472356414,10.285829307568438,33.943907675791735,2.254428341384863,4.74369296833065,0.36902844873859364,1.8451422436929683,,
71,12.258454106280194,6.884057971014493,26.643853998926463,11.258722490606548,33.782877079978526,2.214170692431562,4.74369296833065,0.36902844873859364,1.8451422436929683,,
72,12.674449812130971,6.884057971014493,26.455984970477726,11.198336017176597,33.61513687600644,2.214170692431562,4.74369296833065,0.36902844873859364,1.8451422436929683,,
73,12.855609232420827,6.884057971014493,26.234567901234566,11.137949543746645,33.601717659688674,2.214170692431562,4.74369296833065,0.36902844873859364,1.9592055823939882,,
74,13.023349436392914,6.884057971014493,26.093666129898015,11.11111111111111,33.601717659688674,2.214170692431562,4.74369296833065,0.36902844873859364,1.9592055823939882,,
75,13.285024154589372,6.884057971014493,25.85212023617821,11.097691894793345,33.601717659688674,2.214170692431562,4.736983360171766,0.36902844873859364,1.9592055823939882,,
76,13.466183574879228,6.877348362855609,24.92619431025228,11.392914653784219,32.68250134192163,3.6231884057971016,4.622920021470746,0.36902844873859364,2.0397208803005906,,
77,13.231347289318304,6.515029522275899,20.974235104669887,8.051529790660226,40.98899624261943,3.535963499731616,4.294149221685454,0.36902844873859364,2.0397208803005906,,
78,13.405797101449275,6.461352657004831,20.967525496511005,8.051529790660226,40.915190552871714,3.535963499731616,4.294149221685454,0.35560923242082665,2.0128824476650564,,
79,13.66076221148685,6.4345142243692965,20.88030059044552,8.031400966183575,40.653515834675254,3.535963499731616,4.294149221685454,0.35560923242082665,2.15378421900161,,
80,13.88888888888889,6.414385399892646,20.88030059044552,7.9106280193236715,40.4723564143854,3.535963499731616,4.49543746645196,0.35560923242082665,2.046430488459474,,
81,14.338432635534085,6.387546967257112,20.77294685990338,7.9106280193236715,40.15700483091788,3.535963499731616,4.49543746645196,0.35560923242082665,2.046430488459474,,
82,14.834943639291465,6.387546967257112,20.705850778314545,8.527911969940956,39.110305958132045,3.535963499731616,4.49543746645196,0.35560923242082665,2.046430488459474,,
83,14.600107353730541,5.837359098228664,24.590713902308106,8.527911969940956,36.20504562533548,3.535963499731616,4.582662372517445,0.1274825550187869,1.9927536231884058,,
84,15.217391304347826,5.837359098228664,24.376006441223833,8.527911969940956,35.7085346215781,3.535963499731616,4.582662372517445,0.12077294685990338,2.0933977455716586,,
85,15.70048309178744,5.837359098228664,24.12104133118626,8.527911969940956,35.32608695652174,3.475577026301664,4.582662372517445,0.3421900161030596,2.086688137412775,,
86,15.955448201825014,5.837359098228664,23.698336017176597,8.521202361782072,35.20531400966183,3.475577026301664,4.51556629092861,0.3421900161030596,2.4490069779924855,,
87,16.31105743424584,5.803811057434245,23.416532474503487,9.406870638754697,34.225711218464845,3.475577026301664,4.468599033816425,0.3421900161030596,2.5496511003757383,,
88,16.378153515834676,5.676328502415459,22.510735373054214,9.353193773483628,34.15861513687601,3.475577026301664,4.616210413311863,0.3421900161030596,3.488996242619431,,
89,16.492216854535695,5.676328502415459,22.510735373054214,9.286097691894794,34.13177670424047,3.475577026301664,4.616210413311863,0.3421900161030596,3.4688674181427803,,
90,16.955179817498657,5.589103596349974,22.443639291465377,9.198872785829307,33.984165324745035,3.475577026301664,4.542404723564144,0.3421900161030596,3.4688674181427803,,
91,15.324745034889963,5.360976918947934,31.072195383789587,8.393719806763285,28.381642512077295,3.408480944712829,4.180085882984434,0.3421900161030596,3.535963499731616,,
92,15.579710144927537,5.12614063338701,30.689747718733226,8.393719806763285,28.938539989264626,3.260869565217391,4.133118625872249,0.3421900161030596,3.535963499731616,,
93,15.814546430488459,5.052334943639291,30.54213633923779,8.380300590445518,28.938539989264626,3.260869565217391,4.133118625872249,0.3421900161030596,3.535963499731616,,
94,15.92860976918948,5.01207729468599,30.387815351583466,8.380300590445518,28.911701556629094,3.260869565217391,4.133118625872249,0.3421900161030596,3.643317230273752,,
95,16.317767042404725,4.9651100375738055,30.320719269994633,8.353462157809984,28.784219001610307,3.260869565217391,4.012345679012346,0.3421900161030596,3.643317230273752,,
96,16.700214707461082,4.918142780461621,30.018786902844873,8.3467525496511,28.784219001610307,3.260869565217391,4.012345679012346,0.3421900161030596,3.616478797638218,,
97,16.13660762211487,4.918142780461621,35.7085346215781,8.205850778314547,24.295491143317232,3.2206119162640903,3.81105743424584,0.3421900161030596,3.361513687600644,,
98,16.418411164787976,4.87788513150832,35.51395598497048,8.145464304884594,24.154589371980677,3.475577026301664,3.81105743424584,0.3421900161030596,3.260869565217391,,
99,16.6935050993022,4.7638217928073,35.29253891572732,7.890499194847021,24.04723564143854,3.4688674181427803,4.133118625872249,0.3421900161030596,3.1333870101986045,,0.23483628556092323
100,16.928341384863124,4.74369296833065,35.09125067096082,7.830112721417069,23.825818572195384,3.6902844873859366,4.066022544283414,0.3421900161030596,3.2474503488996245,,0.23483628556092323
101,17.062533548040793,4.74369296833065,34.66183574879227,7.830112721417069,23.79898013955985,3.629898013955985,4.066022544283414,0.3421900161030596,3.629898013955985,,0.23483628556092323
102,17.55233494363929,4.74369296833065,33.73590982286635,7.830112721417069,23.792270531400966,3.6231884057971016,4.066022544283414,0.3421900161030596,4.079441760601181,,0.23483628556092323
103,18.00187869028449,4.74369296833065,33.5077831454643,7.830112721417069,23.63123993558776,3.6097691894793345,4.019055287171229,0.3421900161030596,4.079441760601181,,0.23483628556092323
104,18.337359098228664,4.723564143853999,33.3467525496511,7.776435856146001,23.382984433709073,3.6097691894793345,4.019055287171229,0.3421900161030596,4.2270531400966185,,0.23483628556092323
105,17.70665593129361,4.414922168545357,32.48792270531401,7.776435856146001,25.509930220075148,3.898282340311326,3.9184111647879765,0.3421900161030596,3.7104133118625873,,0.23483628556092323
106,17.96833064949007,4.146537842190016,32.22624798711755,7.675791733762749,25.281803542673106,4.736983360171766,3.7037037037037037,0.3421900161030596,3.683574879227053,,0.23483628556092323
107,18.17632850241546,4.092860976918948,32.19269994632314,7.6623725174449815,25.281803542673106,4.656468062265164,3.7037037037037037,0.32877079978529256,3.670155662909286,,0.23483628556092323
108,18.21658615136876,4.092860976918948,32.17928073000537,7.6623725174449815,25.268384326355342,4.656468062265164,3.6902844873859366,0.32877079978529256,3.670155662909286,,0.23483628556092323
109,18.760064412238325,4.086151368760064,31.95115405260333,7.5281803542673105,25.147611379495437,4.656468062265164,3.6366076221148687,0.32877079978529256,3.670155662909286,,0.23483628556092323
110,18.96135265700483,4.086151368760064,31.769994632313473,7.5281803542673105,24.94632313472893,4.656468062265164,3.7037037037037037,0.32877079978529256,3.784219001610306,,0.23483628556092323
111,19.35721953837896,3.9519592055823938,31.54186795491143,7.326892109500805,24.879227053140095,4.656468062265164,3.6634460547504024,0.32877079978529256,3.9184111647879765,,0.3757380568974772
112,19.39747718733226,3.9184111647879765,30.20665593129361,7.065217391304348,26.455984970477726,4.656468062265164,3.770799785292539,0.4428341384863124,3.7104133118625873,,0.3757380568974772
113,19.330381105743424,3.864734299516908,25.06038647342995,12.741545893719806,26.435856146001072,4.562533548040794,3.730542136339238,0.4428341384863124,3.455448201825013,,0.3757380568974772
114,18.666129898013956,3.0059044551798175,24.953032742887814,15.250939345142244,25.207997852925388,4.555823939881911,4.180085882984434,0.4227053140096618,3.3816425120772946,,0.3757380568974772
115,18.86070853462158,2.9924852388620504,24.838969404186795,15.183843263553408,25.0805152979066,4.555823939881911,4.180085882984434,0.4227053140096618,3.5091250670960816,,0.3757380568974772
116,18.780193236714975,2.985775630703167,24.362587224906065,15.143585614600108,24.55716586151369,4.555823939881911,4.086151368760064,0.5636070853462157,4.5893719806763285,,0.3757380568974772
117,18.699677938808374,2.985775630703167,24.268652710681696,15.921900161030596,24.094202898550726,4.555823939881911,3.965378421900161,0.5434782608695652,4.5893719806763285,,0.3757380568974772
118,18.90096618357488,2.985775630703167,24.355877616747183,15.861513687600644,23.919753086419753,4.502147074610843,3.965378421900161,0.5434782608695652,4.5893719806763285,,0.3757380568974772
119,19.048577563070317,2.985775630703167,24.27536231884058,15.848094471282877,23.866076221148685,4.502147074610843,3.965378421900161,0.5434782608695652,4.5893719806763285,,0.3757380568974772
120,19.316961889425656,2.985775630703167,24.114331723027377,15.848094471282877,23.845947396672035,4.502147074610843,3.878153515834675,0.5434782608695652,4.5893719806763285,,0.3757380568974772
121,19.95437466451959,2.985775630703167,23.141438539989263,15.787707997852925,23.678207192699947,4.42163177670424,4.683306494900698,0.5434782608695652,4.428341384863124,,0.3757380568974772
122,20.343531937734838,2.985775630703167,23.027375201288244,15.713902308105206,23.503757380568974,4.42163177670424,4.683306494900698,0.5434782608695652,4.428341384863124,,0.3488996242619431
123,20.67230273752013,2.945517981749866,22.376543209876544,17.250402576489535,23.416532474503487,3.321256038647343,4.656468062265164,0.6508319914117016,4.361245303274289,,0.3488996242619431
124,20.82662372517445,2.945517981749866,22.356414385399894,17.20343531937735,23.329307568438004,3.321256038647343,4.656468062265164,0.6508319914117016,4.361245303274289,,0.3488996242619431
125,21.115136876006442,2.9253891572732154,22.32957595276436,17.082662372517444,23.11460010735373,3.321256038647343,4.62962962962963,0.7716049382716049,4.361245303274289,,0.3488996242619431
126,20.987654320987655,2.9253891572732154,22.134997316156735,17.008856682769725,23.07434245840043,3.7909286097691894,4.609500805152979,0.7648953301127214,4.361245303274289,,0.3421900161030596
127,20.2361782071927,3.844605475040258,22.074610842726784,17.002147074610843,22.852925389157274,3.7640901771336552,4.542404723564144,0.7514761137949544,4.5893719806763285,,0.3421900161030596
128,20.625335480407944,3.844605475040258,21.85990338164251,16.928341384863124,22.75228126677402,3.7640901771336552,4.542404723564144,0.7514761137949544,4.5893719806763285,,0.3421900161030596
129,20.954106280193237,3.797638217928073,21.85990338164251,16.680085882984432,22.75228126677402,3.7640901771336552,4.508856682769726,0.7514761137949544,4.5893719806763285,,0.3421900161030596
130,20.021470746108427,3.670155662909286,23.886205045625335,16.659957058507782,22.094739667203434,3.7640901771336552,4.3545356951154055,0.7514761137949544,4.455179817498658,,0.3421900161030596
131,18.370907139023082,3.603059581320451,33.1454643048846,15.908480944712828,16.834406870638755,3.5426731078904994,4.327697262479871,0.630703166935051,3.294417606011809,,0.3421900161030596
132,18.766774020397207,3.5829307568438002,32.058507783145465,16.861245303274288,16.70692431561997,3.5426731078904994,4.213633923778851,0.630703166935051,3.294417606011809,,0.3421900161030596
133,18.833870101986044,3.488996242619431,32.17257112184648,16.820987654320987,16.586151368760063,3.515834675254965,4.213633923778851,0.630703166935051,3.3950617283950617,,0.3421900161030596
134,19.202898550724637,3.488996242619431,31.82367149758454,16.6532474503489,16.51905528717123,3.515834675254965,4.133118625872249,0.6105743424584005,3.7104133118625873,,0.3421900161030596
135,19.43102522812668,3.488996242619431,31.682769726247987,16.6532474503489,16.478797638217927,3.4822866344605474,4.133118625872249,0.6105743424584005,3.69699409554482,,0.3421900161030596
136,18.02871712292002,2.737520128824477,41.42512077294686,12.399355877616747,14.445786366076222,3.4017713365539453,3.3279656468062266,0.5166398282340311,3.717122920021471,,
137,18.61916264090177,2.737520128824477,41.12989801395599,12.305421363392378,14.36527106816962,3.4017713365539453,3.321256038647343,0.5166398282340311,3.603059581320451,,
138,18.907675791733762,2.737520128824477,41.015834675254965,12.191358024691358,14.318303811057435,3.4017713365539453,3.307836822329576,0.5166398282340311,3.603059581320451,,
139,19.424315619967793,2.717391304347826,40.74074074074074,12.191358024691358,14.184111647879764,3.3950617283950617,3.294417606011809,0.5166398282340311,3.535963499731616,,
140,19.64573268921095,2.657004830917874,40.15700483091788,12.184648416532475,13.828502415458937,4.240472356414386,3.2340311325818574,0.5166398282340311,3.535963499731616,,
141,20.055018786902846,2.657004830917874,39.88862050456253,12.184648416532475,13.687600644122384,4.240472356414386,3.2340311325818574,0.5166398282340311,3.535963499731616,,
142,20.249597423510465,2.657004830917874,39.781266774020395,12.184648416532475,13.647342995169081,4.240472356414386,3.2340311325818574,0.5166398282340311,3.488996242619431,,
143,20.336822329575952,2.657004830917874,39.95571658615137,12.130971551261407,13.560118089103597,4.126409017713366,3.2340311325818574,0.5166398282340311,3.4822866344605474,,
144,20.12211486849168,2.281266774020397,37.97638217928073,11.963231347289318,16.7337627482555,3.844605475040258,3.2206119162640903,0.3757380568974772,3.4822866344605474,,
145,20.43075684380032,2.281266774020397,37.82206119162641,11.782071926999464,16.834406870638755,3.844605475040258,3.1468062265163717,0.3757380568974772,3.4822866344605474,,
146,20.69243156199678,2.281266774020397,37.5,11.782071926999464,16.70692431561997,3.8311862587224907,3.1468062265163717,0.3757380568974772,3.683574879227053,,
147,20.94068706387547,2.281266774020397,37.42619431025228,11.761943102522812,16.53918411164788,3.750670960815888,3.140096618357488,0.3757380568974772,3.784219001610306,,
148,21.121846484165324,2.2074610842726785,37.35909822866345,11.761943102522812,16.525764895330113,3.750670960815888,3.113258185721954,0.3757380568974772,3.784219001610306,,
149,21.497584541062803,2.15378421900161,37.09742351046699,11.708266237251744,16.51905528717123,3.750670960815888,3.113258185721954,0.3757380568974772,3.784219001610306,,
150,21.651905528717123,2.15378421900161,36.983360171765966,11.688137412775093,16.51905528717123,3.730542136339238,3.113258185721954,0.3757380568974772,3.784219001610306,,
151,21.920289855072465,2.15378421900161,36.90955448201825,11.627750939345143,16.51905528717123,3.730542136339238,2.999194847020934,0.3757380568974772,3.7640901771336552,,
152,21.886741814278047,1.9390767579173376,36.65458937198068,11.627750939345143,16.451959205582394,4.374664519592056,2.9253891572732154,0.3757380568974772,3.7640901771336552,,
153,22.423510466988727,1.9390767579173376,36.33252818035427,11.574074074074074,16.29092860976919,4.374664519592056,2.9253891572732154,0.3757380568974772,3.7640901771336552,,
154,22.65834675254965,1.9390767579173376,36.030595813204506,11.574074074074074,16.150026838432634,4.374664519592056,2.8784219001610305,0.3757380568974772,4.019055287171229,,
155,22.859634997316157,1.9390767579173376,34.648416532474506,11.446591519055287,16.13660762211487,5.723295759527644,2.8784219001610305,0.4830917874396135,3.8848631239935587,,
156,22.940150295222757,1.9256575415995705,33.74932903918411,11.446591519055287,15.60654857756307,5.723295759527644,3.535963499731616,0.4830917874396135,4.5893719806763285,,
157,23.262211486849168,1.9122383252818036,33.61513687600644,11.178207192699947,15.552871712292003,5.8239398819108965,3.535963499731616,0.47638217928073,4.643048845947397,,
158,22.34970477724101,1.7646269457863661,32.71604938271605,10.339506172839506,18.552066559312937,5.736714975845411,3.421900161030596,0.47638217928073,4.643048845947397,,
159,22.423510466988727,1.7579173376274826,32.46108427267848,10.258990874932904,18.35077831454643,5.736714975845411,3.421900161030596,0.47638217928073,5.112721417069243,,
160,22.82608695652174,1.7579173376274826,32.19269994632314,9.977187332259795,18.323939881910896,5.857487922705314,3.33467525496511,0.47638217928073,5.253623188405797,,
161,23.087761674718198,1.7579173376274826,32.118894256575416,9.977187332259795,18.276972624798713,5.857487922705314,3.193773483628556,0.47638217928073,5.253623188405797,,
162,22.269189479334408,1.7444981213097155,36.312399355877616,9.655126140633387,15.895061728395062,5.857487922705314,2.677133655394525,0.47638217928073,5.112721417069243,,
163,22.550993022007514,1.7444981213097155,34.796027911969944,10.36634460547504,15.713902308105206,5.414653784219001,2.677133655394525,0.47638217928073,6.260064412238325,,
164,22.799248523886206,1.7310789049919484,34.648416532474506,10.305958132045088,15.687063875469672,5.414653784219001,2.677133655394525,0.47638217928073,6.260064412238325,,
165,23.315888352120236,1.7042404723564144,34.44041867954911,10.272410091250672,15.653515834675256,5.414653784219001,2.5026838432635534,0.47638217928073,6.219806763285024,,
166,23.691626409017715,1.7042404723564144,34.245840042941495,10.205314009661835,15.573000536768653,5.394524959742351,2.5026838432635534,0.47638217928073,6.206387546967257,,
167,24.174718196457327,1.7042404723564144,34.09151905528717,10.111379495437467,15.499194847020934,5.367686527106817,2.395330112721417,0.47638217928073,6.179549114331723,,
168,24.416264090177133,1.7042404723564144,33.87010198604401,10.0979602791197,15.499194847020934,5.367686527106817,2.395330112721417,0.47638217928073,6.172839506172839,,
169,24.48336017176597,1.7042404723564144,33.85668276972625,10.0979602791197,15.445517981749866,5.367686527106817,2.395330112721417,0.47638217928073,6.172839506172839,,
170,25.0402576489533,1.7042404723564144,33.621846484165324,10.064412238325282,15.250939345142244,5.287171229200215,2.38191089640365,0.47638217928073,6.172839506172839,,
171,24.54374664519592,1.6908212560386473,32.67579173376275,10.010735373054214,17.16988727858293,4.898013955984971,2.38191089640365,0.47638217928073,6.152710681696189,,
172,24.9194847020934,1.6908212560386473,32.39398819108964,9.950348899624261,17.008856682769725,4.891304347826087,2.38191089640365,0.47638217928073,6.286902844873859,,
173,24.382716049382715,1.6774020397208802,31.702898550724637,6.837090713902308,20.598497047772412,4.884594739667204,2.4557165861513686,0.47638217928073,6.984702093397746,,
174,24.765163714439076,1.6774020397208802,31.582125603864736,6.837090713902308,20.2361782071927,4.884594739667204,2.442297369833602,0.47638217928073,7.098765432098766,,
175,25.013419216317768,1.6639828234031133,31.5150295222759,6.776704240472356,20.202630166398283,4.864465915190553,2.442297369833602,0.47638217928073,7.0450885668276975,,
176,25.087224906065487,1.6639828234031133,31.427804616210413,6.702898550724638,19.49141170155663,4.864465915190553,3.2742887815351582,0.47638217928073,7.011540526033279,,
177,25.335480407944175,1.6639828234031133,31.226516371443907,6.702898550724638,19.45786366076221,4.851046698872786,3.2742887815351582,0.47638217928073,7.011540526033279,,
178,25.5300590445518,1.6639828234031133,31.03864734299517,6.655931293612453,19.07541599570585,4.817498658078368,3.8580246913580245,0.47638217928073,6.884057971014493,,
179,26.268115942028984,1.6639828234031133,30.67632850241546,6.9310252281266775,18.853998926462694,4.924852388620504,3.7372517444981215,0.46967257112184646,6.474771873322598,,
180,26.247987117552334,1.6505636070853462,30.52200751476114,7.226247987117552,18.451422436929683,5.703166935050993,3.7238325281803544,0.36902844873859364,6.105743424584004,,
181,26.402308105206657,1.6505636070853462,30.414653784219002,7.206119162640902,18.4447128287708,5.703166935050993,3.7238325281803544,0.36902844873859364,6.085614600107354,,
182,26.85185185185185,1.6505636070853462,30.132850241545892,7.105475040257649,18.35077831454643,5.615942028985507,3.8378958668813743,0.36902844873859364,6.085614600107354,,
183,27.086688137412775,1.6505636070853462,30.038915727321523,7.105475040257649,18.283682232957595,5.615942028985507,3.7775093934514223,0.36902844873859364,6.072195383789587,,
184,27.556360708534623,1.6505636070853462,29.938271604938272,7.320182501341922,17.94820182501342,5.548845947396672,3.784219001610306,0.36902844873859364,5.884326355340848,,
185,27.871712292002147,1.6505636070853462,29.837627482555018,7.27992485238862,17.780461621041333,5.542136339237788,3.784219001610306,0.36902844873859364,5.884326355340848,,
186,28.428609769189478,1.6371443907675791,29.542404723564143,7.185990338164252,17.498658078368223,5.522007514761138,3.9989264626945786,0.3421900161030596,5.844068706387547,,
187,28.75738056897477,1.6371443907675791,29.294149221685455,7.185990338164252,17.498658078368223,5.441492216854535,3.9989264626945786,0.3421900161030596,5.844068706387547,,
188,27.20746108427268,1.6371443907675791,28.455448201825014,7.206119162640902,21.3768115942029,4.569243156199678,3.7238325281803544,0.3421900161030596,5.481749865807837,,
189,27.059849704777243,1.6371443907675791,26.94578636607622,7.206119162640902,23.711755233494365,4.569243156199678,3.7238325281803544,0.3421900161030596,4.804079441760601,,
190,27.314814814814813,1.6371443907675791,26.798174986580783,7.206119162640902,23.577563070316693,4.569243156199678,3.7238325281803544,0.3421900161030596,4.830917874396135,,
191,27.4422973698336,1.6371443907675791,26.778046162104133,7.206119162640902,23.577563070316693,4.569243156199678,3.6634460547504024,0.3421900161030596,4.783950617283951,,
192,27.616747181964573,1.6371443907675791,26.69753086419753,7.159151905528717,23.537305421363392,4.569243156199678,3.6634460547504024,0.3421900161030596,4.777241009125067,,
193,27.999194847020934,1.6371443907675791,26.556629092860977,7.14573268921095,23.275630703166936,4.569243156199678,3.5963499731615673,0.3421900161030596,4.87788513150832,,
194,28.395061728395063,1.6371443907675791,26.31508319914117,7.0450885668276975,23.242082662372518,4.549114331723027,3.5963499731615673,0.3421900161030596,4.87788513150832,,
195,29.086151368760063,1.6304347826086956,26.20101986044015,7.011540526033279,22.886473429951693,4.455179817498658,3.6500268384326353,0.3421900161030596,4.736983360171766,,
196,29.401502952227588,1.6304347826086956,25.489801395598498,6.944444444444445,22.7187332259796,4.455179817498658,3.6500268384326353,0.3421900161030596,5.367686527106817,,
197,29.683306494900698,1.6304347826086956,25.42270531400966,6.870638754696726,22.6784755770263,4.3545356951154055,3.6500268384326353,0.3421900161030596,5.367686527106817,,
198,30.05233494363929,1.6304347826086956,24.510198604401502,6.78341384863124,22.57783145464305,4.274020397208803,4.562533548040794,0.3421900161030596,5.267042404723564,,
199,30.152979066022546,1.6304347826086956,24.261943102522814,6.78341384863124,22.57783145464305,4.294149221685454,4.723564143853999,0.3421900161030596,5.233494363929147,,
200,30.401234567901234,1.6304347826086956,24.228395061728396,6.78341384863124,22.363123993558776,4.294149221685454,4.723564143853999,0.3421900161030596,5.233494363929147,,
201,30.42807300053677,1.6304347826086956,24.20155662909286,6.78341384863124,22.363123993558776,4.294149221685454,4.723564143853999,0.3421900161030596,5.233494363929147,,
202,29.864465915190554,1.6304347826086956,23.839237788513152,6.233225979602791,23.980139559849704,4.213633923778851,4.468599033816425,0.3421900161030596,5.428073000536768,,
203,30.253623188405797,1.6304347826086956,23.678207192699947,6.226516371443908,23.845947396672035,4.213633923778851,4.394793344068707,0.3421900161030596,5.414653784219001,,
204,30.44820182501342,1.6304347826086956,23.450080515297905,6.226516371443908,23.738593666129898,4.213633923778851,4.394793344068707,0.3421900161030596,5.555555555555555,,
205,30.381105743424584,1.6304347826086956,23.537305421363392,6.226516371443908,23.738593666129898,4.213633923778851,4.374664519592056,0.3421900161030596,5.555555555555555,,
206,30.461621041331185,1.6304347826086956,23.429951690821255,6.146001073537305,23.711755233494365,4.206924315619967,4.51556629092861,0.3421900161030596,5.555555555555555,,
207,30.844068706387546,1.6304347826086956,23.336017176596886,6.139291465378422,23.544015029522274,4.1129898013955986,4.508856682769726,0.32877079978529256,5.555555555555555,,
208,30.864197530864196,1.6304347826086956,23.32259796027912,6.139291465378422,23.544015029522274,4.1129898013955986,4.508856682769726,0.32877079978529256,5.548845947396672,,
209,30.991680085882983,1.6304347826086956,23.32259796027912,6.072195383789587,23.49704777241009,3.978797638217928,4.64975845410628,0.32877079978529256,5.528717122920021,,
210,31.468062265163713,1.596886741814278,23.181696188942567,5.971551261406334,23.336017176596886,4.119699409554482,4.636339237788513,0.32877079978529256,5.360976918947934,,
211,31.890767579173378,1.596886741814278,22.913311862587225,5.924584004294149,23.26892109500805,4.079441760601181,4.636339237788513,0.32877079978529256,5.360976918947934,,
212,32.25308641975309,1.596886741814278,22.65834675254965,5.924584004294149,23.19511540526033,4.079441760601181,4.636339237788513,0.32877079978529256,5.3274288781535155,,
213,32.400697799248526,1.596886741814278,22.638217928073,5.924584004294149,23.067632850241544,4.079441760601181,4.636339237788513,0.32877079978529256,5.3274288781535155,,
214,33.011272141706925,1.596886741814278,22.416800858829845,5.797101449275362,22.946859903381643,4.025764895330113,4.636339237788513,0.2952227589908749,5.273752012882448,,
215,33.279656468062264,1.596886741814278,22.269189479334408,5.797101449275362,23.07434245840043,3.9184111647879765,4.49543746645196,0.2952227589908749,5.273752012882448,,
216,33.353462157809986,1.596886741814278,22.10144927536232,5.750134192163178,22.873054213633925,3.9184111647879765,4.8443370907139025,0.2952227589908749,5.267042404723564,,
217,33.58829844337091,1.596886741814278,22.074610842726784,5.736714975845411,22.873054213633925,3.911701556629093,4.7101449275362315,0.2952227589908749,5.213365539452496,,
218,33.82984433709071,1.5767579173376274,21.987385936661298,5.723295759527644,22.571121846484164,3.824476650563607,4.99194847020934,0.2952227589908749,5.199946323134729,,
219,33.943907675791735,1.5767579173376274,21.712292002147073,6.045356951154052,22.477187332259795,3.824476650563607,4.924852388620504,0.2952227589908749,5.199946323134729,,
220,34.326355340848096,1.5767579173376274,21.571390230810522,5.924584004294149,22.41009125067096,3.6500268384326353,5.0858829844337095,0.2952227589908749,5.159688674181428,,
221,34.44041867954911,1.5767579173376274,21.490874932903917,5.917874396135265,22.383252818035427,3.6500268384326353,5.0858829844337095,0.2952227589908749,5.159688674181428,,
222,34.554482018250134,1.5767579173376274,21.43719806763285,5.917874396135265,22.342995169082126,3.5963499731615673,5.159688674181428,0.2952227589908749,5.119431025228127,,
223,35.037573805689746,1.5767579173376274,21.309715512614062,5.837359098228664,22.15512614063339,3.69699409554482,5.032206119162641,0.2885131508319914,5.065754159957058,,
224,35.36634460547504,1.5767579173376274,21.061460010735374,5.837359098228664,22.114868491680085,3.656736446591519,5.032206119162641,0.2885131508319914,5.065754159957058,,
225,35.768921095008054,1.5767579173376274,20.96081588835212,5.837359098228664,21.83977455716586,3.656736446591519,5.032206119162641,0.2885131508319914,5.038915727321524,,
226,35.93666129898014,1.5633387010198605,20.96081588835212,5.763553408480945,21.712292002147073,3.569511540526033,5.166398282340311,0.2885131508319914,5.038915727321524,,
227,36.111111111111114,1.5633387010198605,20.799785292538918,5.615942028985507,21.62506709608159,3.556092324208266,5.139559849704777,0.2885131508319914,5.300590445517981,,
228,36.22517444981213,1.5633387010198605,20.74610842726785,5.595813204508857,21.604938271604937,3.556092324208266,5.139559849704777,0.2885131508319914,5.280461621041331,,
229,36.553945249597426,1.5633387010198605,20.564949006977994,5.535426731078905,21.571390230810522,3.556092324208266,5.0993022007514766,0.2885131508319914,5.267042404723564,,
230,36.64787976382179,1.5633387010198605,20.551529790660226,5.535426731078905,21.524422973698336,3.5225442834138487,5.0993022007514766,0.2885131508319914,5.267042404723564,,
231,36.54723564143854,1.1741814278046163,20.175791733762747,5.790391841116479,22.396672034353195,3.3548040794417604,5.072463768115942,0.2885131508319914,5.199946323134729,,
232,33.52791196994095,1.1540526033279657,25.5703166935051,5.401234567901234,20.21604938271605,4.549114331723027,4.575952764358561,0.27509393451422437,4.730273752012883,,
233,33.76945786366076,1.1540526033279657,25.369028448738593,5.387815351583468,20.148953301127214,4.4753086419753085,4.7101449275362315,0.27509393451422437,4.7101449275362315,,
