,45,50,51,53,52,55,54,56,57,58
0,95.95410628019323,4.045893719806763,,,,,,,,
1,81.3137412775094,18.686258722490606,,,,,,,,
2,69.10896403650027,30.891035963499732,,,,,,,,
3,68.87412775093935,31.125872249060656,,,,,,,,
4,60.99704777241009,39.00295222758991,,,,,,,,
5,61.252012882447666,38.747987117552334,,,,,,,,
6,59.95034889962426,40.04965110037574,,,,,,,,
7,59.80273752012882,37.27858293075684,2.918679549114332,,,,,,,
8,59.5679012345679,36.40633387010199,3.421900161030596,0.6038647342995169,,,,,,
9,59.07809983896941,34.514224369296834,2.2946859903381642,0.33548040794417605,3.7775093934514223,,,,,
10,45.95410628019324,47.87305421363392,1.6975308641975309,,4.4753086419753085,,,,,
11,39.009661835748794,54.710144927536234,1.6975308641975309,,4.4753086419753085,0.10735373054213634,,,,
12,39.130434782608695,52.65700483091788,3.4688674181427803,,4.40150295222759,0.3421900161030596,,,,
13,36.90955448201825,54.87788513150832,3.4688674181427803,,4.40150295222759,0.3421900161030596,,,,
14,37.07058507783145,52.4020397208803,3.4621578099838968,,4.361245303274289,0.3421900161030596,2.3617820719269993,,,
15,37.27187332259796,52.281266774020395,3.4621578099838968,,4.294149221685454,0.3421900161030596,2.3483628556092326,,,
16,36.66800858829844,52.8918411164788,3.4621578099838968,,4.294149221685454,0.3421900161030596,2.341653247450349,,,
17,30.246913580246915,58.84997316156736,3.374932903918411,0.23483628556092323,4.260601180891036,0.46967257112184646,2.563070316693505,,,
18,30.66290928609769,58.561460010735374,3.321256038647343,0.23483628556092323,4.186795491143317,0.46967257112184646,2.563070316693505,,,
19,30.9849704777241,58.3064949006978,3.294417606011809,0.23483628556092323,4.146537842190016,0.46967257112184646,2.563070316693505,,,
20,31.246645195920557,58.051529790660226,3.294417606011809,0.23483628556092323,4.146537842190016,0.46967257112184646,2.5563607085346214,,,
21,31.300322061191626,56.23322597960279,5.065754159957058,0.23483628556092323,4.146537842190016,0.46967257112184646,2.5496511003757383,,,
22,30.56897477187332,54.38137412775094,7.561728395061729,0.23483628556092323,3.8714439076757916,0.46967257112184646,2.5161030595813205,0.39586688137412773,,
23,30.314009661835748,54.08615136876006,7.944176060118089,0.2214170692431562,3.8714439076757916,0.6508319914117016,2.5161030595813205,0.39586688137412773,,
24,30.280461621041333,52.67042404723564,7.917337627482555,0.2214170692431562,3.8714439076757916,2.1403650026838434,2.5026838432635534,0.39586688137412773,,
25,27.67042404723564,48.61782071926999,10.976918947933441,3.898282340311326,3.81105743424584,2.1403650026838434,2.4892646269457863,0.39586688137412773,,
26,27.388620504562535,48.88620504562534,10.93666129898014,3.898282340311326,3.784219001610306,2.120236178207193,2.589908749329039,0.39586688137412773,,
27,27.677133655394524,48.731884057971016,10.84272678475577,3.898282340311326,3.7573805689747717,2.120236178207193,2.576489533011272,0.39586688137412773,,
28,25.0,52.03972088030059,9.77589908749329,3.6768652710681695,4.455179817498658,2.120236178207193,2.536231884057971,0.39586688137412773,,
29,25.49651100375738,51.31508319914117,9.668545356951155,3.6768652710681695,4.455179817498658,2.120236178207193,2.871712292002147,0.39586688137412773,,
30,25.026838432635532,51.301663982823406,10.198604401502953,3.6768652710681695,4.441760601180891,2.120236178207193,2.871712292002147,0.36231884057971014,,
31,25.38244766505636,51.019860440150296,10.151637144390767,3.6768652710681695,4.428341384863124,2.120236178207193,2.85829307568438,0.36231884057971014,,
32,25.06038647342995,51.48282340311326,10.104669887278583,3.643317230273752,4.42163177670424,2.0933977455716586,2.831454643048846,0.36231884057971014,,
33,25.489801395598498,50.046967257112186,9.977187332259795,3.643317230273752,4.3545356951154055,3.294417606011809,2.831454643048846,0.36231884057971014,,
34,25.328770799785293,48.60440150295223,9.896672034353195,7.5281803542673105,4.294149221685454,3.294417606011809,0.6910896403650026,0.36231884057971014,,
35,25.79844337090714,48.36285560923242,9.809447128287708,7.427536231884058,4.28743961352657,3.294417606011809,0.6575415995705851,0.36231884057971014,,
36,26.04669887278583,48.148148148148145,9.77589908749329,7.427536231884058,4.28743961352657,3.294417606011809,0.6575415995705851,0.36231884057971014,,
37,26.227858293075684,46.866612989801396,9.73564143853999,7.427536231884058,4.26731078904992,4.4820182501341925,0.6575415995705851,0.33548040794417605,,
38,26.462694578636608,46.70558239398819,9.581320450885668,7.4006977992485234,4.247181964573269,4.609500805152979,0.6575415995705851,0.33548040794417605,,
39,26.81159420289855,46.24932903918411,9.574610842726784,7.367149758454106,4.213633923778851,4.790660225442834,0.6575415995705851,0.33548040794417605,,
40,26.1808910359635,44.7463768115942,12.077294685990339,7.152442297369833,4.213633923778851,4.911433172302737,0.3824476650563607,0.33548040794417605,,
41,26.36876006441224,44.316961889425656,12.204777241009126,7.105475040257649,4.213633923778851,5.072463768115942,0.3824476650563607,0.33548040794417605,,
42,26.710950080515296,43.86070853462158,12.177938808373591,7.051798174986581,4.193505099302201,5.320719269994632,0.3488996242619431,0.33548040794417605,,
43,27.006172839506174,43.61916264090177,12.157809983896941,7.051798174986581,4.193505099302201,5.307300053676865,0.32877079978529256,0.33548040794417605,,
44,27.13365539452496,43.29710144927536,12.090713902308105,7.051798174986581,4.193505099302201,4.783950617283951,1.1137949543746646,0.33548040794417605,,
45,26.227858293075684,41.136607622114866,14.989264626945786,7.004830917874396,4.193505099302201,4.891304347826087,1.221148684916801,0.33548040794417605,,
46,26.684111647879764,40.54616210413312,14.949006977992486,6.991411701556629,4.1532474503489,4.8376274825550185,1.5029522275899088,0.33548040794417605,,
47,26.96591519055287,40.33816425120773,14.922168545356952,6.944444444444445,4.1532474503489,4.8376274825550185,1.5029522275899088,0.33548040794417605,,
48,27.28797638217928,40.02952227589909,14.841653247450349,6.91760601180891,4.092860976918948,4.830917874396135,1.6639828234031133,0.33548040794417605,,
49,27.831454643048847,39.67391304347826,14.700751476113794,6.877348362855609,4.092860976918948,4.830917874396135,1.6572732152442298,0.33548040794417605,,
50,21.584809447128286,32.038378958668815,29.824208266237253,7.37385936661299,3.307836822329576,3.9720880300590444,1.42914653784219,0.46967257112184646,,
51,21.74584004294149,31.548577563070317,29.012345679012345,7.87037037037037,3.2877079978529253,4.4753086419753085,1.5901771336553945,0.46967257112184646,,
52,22.27589908749329,31.239935587761675,27.78448738593666,7.836822329575953,3.2877079978529253,4.455179817498658,1.8317230273752012,1.288244766505636,,
53,22.007514761137948,30.615942028985508,24.329039184111647,11.876006441223833,3.2877079978529253,4.320987654320987,2.5161030595813205,1.0466988727858293,,
54,22.16183574879227,30.56897477187332,24.302200751476114,11.842458400429415,3.260869565217391,4.300858829844337,2.5161030595813205,1.0466988727858293,,
55,21.141975308641975,30.26033279656468,25.865539452495973,11.782071926999464,3.2206119162640903,4.166666666666667,2.5161030595813205,1.0466988727858293,,
56,21.571390230810522,30.099302200751477,25.791733762748255,11.701556629092861,3.1468062265163717,4.159957058507783,2.509393451422437,1.0198604401502953,,
57,21.712292002147073,29.871175523349436,25.328770799785293,12.130971551261407,3.1468062265163717,4.300858829844337,2.4892646269457863,1.0198604401502953,,
58,22.19538378958669,29.320987654320987,26.221148684916802,11.325818572195384,3.140096618357488,4.28743961352657,2.4892646269457863,1.0198604401502953,,
59,22.249060654857757,29.602791196994094,25.53676865271068,11.60762211486849,3.113258185721954,4.253891572732153,2.6704240472356413,0.966183574879227,,
60,22.611379495437465,29.09286097691895,25.187869028448738,11.057434245840042,3.797638217928073,4.51556629092861,2.6502952227589907,1.0869565217391304,,
61,22.550993022007514,28.509125067096083,24.966451959205582,10.23215244229737,4.53569511540526,5.46833064949007,2.6502952227589907,1.0869565217391304,,
62,22.765700483091788,27.643585614600106,24.738325281803544,10.46027911969941,4.49543746645196,6.152710681696189,2.657004830917874,1.0869565217391304,,
63,23.067632850241544,27.556360708534623,24.671229200214707,10.332796564680622,4.4753086419753085,6.152710681696189,2.657004830917874,1.0869565217391304,,
64,23.423242082662373,27.34165324745035,24.50348899624262,10.205314009661835,4.468599033816425,6.3137412775093935,2.657004830917874,1.0869565217391304,,
65,23.8191089640365,27.20746108427268,24.302200751476114,10.178475577026301,4.461889425657541,6.286902844873859,2.657004830917874,1.0869565217391304,,
66,21.497584541062803,23.396403650026837,32.23295759527644,9.057971014492754,5.045625335480408,5.864197530864198,2.509393451422437,0.39586688137412773,,
67,22.020933977455716,23.2085346215781,31.964573268921097,9.01100375738057,5.045625335480408,5.844068706387547,2.509393451422437,0.39586688137412773,,
68,22.23564143853999,22.86634460547504,31.796833064949006,8.997584541062801,5.045625335480408,6.152710681696189,2.509393451422437,0.39586688137412773,,
69,22.50402576489533,22.537573805689746,31.602254428341386,8.997584541062801,5.01207729468599,6.461352657004831,2.4892646269457863,0.39586688137412773,,
70,22.7187332259796,22.497316156736446,31.5150295222759,8.977455716586151,4.9651100375738055,6.4412238325281805,2.4892646269457863,0.39586688137412773,,
71,22.73886205045625,21.14868491680086,29.300858829844337,8.950617283950617,8.474235104669887,6.253354804079442,2.7509393451422435,0.3824476650563607,,
72,22.450348899624263,21.309715512614062,27.01959205582394,12.117552334943639,7.246376811594203,6.246645195920558,2.7509393451422435,0.8588298443370908,,
73,22.84621578099839,21.155394524959743,26.82501341921632,11.896135265700483,7.1725711218464845,6.320450885668277,3.066290928609769,0.7179280730005367,,
74,21.081588835212024,18.04213633923779,35.95679012345679,9.514224369296834,7.454374664519592,5.2066559312936125,2.0263016639828235,0.7179280730005367,,
75,21.215780998389693,17.954911433172303,35.829307568438004,9.876543209876543,7.185990338164252,5.199946323134729,2.0263016639828235,0.7112184648416533,,
76,21.43719806763285,17.860976918947934,35.72866344605475,9.789318303811058,7.246376811594203,5.199946323134729,2.0263016639828235,0.7112184648416533,,
77,21.672034353193773,17.216854535695116,35.581052066559316,9.769189479334408,7.246376811594203,5.803811057434245,1.9994632313472893,0.7112184648416533,,
78,21.423778851315085,15.707192699946322,35.50053676865271,9.494095544820183,7.232957595276436,5.810520665593129,4.119699409554482,0.7112184648416533,,
79,21.833064949006978,15.5126140633387,35.27241009125067,9.480676328502415,7.024959742351046,5.783682232957595,4.0995705850778315,0.7112184648416533,0.28180354267310787,
80,21.85990338164251,15.4723564143854,34.715512614063336,9.561191626409018,7.004830917874396,6.092324208266238,4.0995705850778315,0.9125067096081588,0.28180354267310787,
81,22.19538378958669,15.26435856146001,34.245840042941495,9.534353193773484,7.004830917874396,6.0587761674718195,4.072732152442297,1.3687600644122384,0.2549651100375738,
82,21.296296296296298,14.123725174449811,33.9573268921095,9.46725711218465,10.0979602791197,5.387815351583468,4.066022544283414,1.3486312399355878,0.2549651100375738,
83,21.89345142243693,14.110305958132045,33.68894256575416,9.433709071390231,9.930220075147611,5.374396135265701,3.978797638217928,1.3486312399355878,0.24154589371980675,
84,21.16881374127751,11.90955448201825,33.051529790660226,9.198872785829307,14.184111647879764,5.280461621041331,3.6500268384326353,1.3150831991411702,0.24154589371980675,
85,21.309715512614062,11.90955448201825,32.930756843800324,9.185453569511541,14.17740203972088,5.280461621041331,3.6500268384326353,1.3150831991411702,0.24154589371980675,
86,20.840042941492218,11.889425657541599,33.9170692431562,8.816425120772946,14.143853998926463,5.273752012882448,3.5963499731615673,1.2815351583467525,0.24154589371980675,
87,21.28287707997853,11.688137412775093,33.782877079978526,8.796296296296296,13.92914653784219,5.3274288781535155,3.683574879227053,1.2681159420289856,0.24154589371980675,
88,21.591519055287172,11.621041331186259,33.70907139023081,8.78287707997853,13.848631239935587,5.260332796564681,3.6768652710681695,1.2681159420289856,0.24154589371980675,
89,21.846484165324746,11.614331723027375,33.52120236178207,8.78287707997853,13.801663982823403,5.260332796564681,3.6768652710681695,1.2546967257112185,0.24154589371980675,
90,21.732420826623724,11.453301127214171,34.252549651100374,8.749329039184111,13.486312399355878,5.2066559312936125,3.6231884057971016,1.2546967257112185,0.24154589371980675,
91,21.89345142243693,11.41304347826087,34.13848631239936,8.668813741277509,13.486312399355878,5.2066559312936125,3.6097691894793345,1.3419216317767042,0.24154589371980675,
92,22.14170692431562,11.18491680085883,33.84997316156736,10.292538915727322,11.574074074074074,5.22007514761138,3.898282340311326,1.6035963499731616,0.23483628556092323,
93,22.19538378958669,10.950080515297907,33.782877079978526,10.265700483091788,11.305689747718732,5.22007514761138,4.17337627482555,1.8719806763285025,0.23483628556092323,
94,22.69189479334407,10.84272678475577,33.44739667203435,10.265700483091788,11.252012882447666,5.166398282340311,4.294149221685454,1.8719806763285025,0.16774020397208803,
95,22.899892646269457,10.789049919484702,33.3064949006978,10.238862050456254,11.191626409017713,5.246913580246914,4.294149221685454,1.865271068169619,0.16774020397208803,
96,23.315888352120236,10.7085346215781,33.091787439613526,10.19189479334407,11.171497584541063,5.22007514761138,4.274020397208803,1.8585614600107354,0.16774020397208803,
97,24.04723564143854,10.540794417606012,32.809983896940416,10.185185185185185,11.064143853998926,5.0791733762748255,4.247181964573269,1.8585614600107354,0.16774020397208803,
98,24.288781535158346,10.46027911969941,32.39398819108964,10.165056360708535,11.037305421363392,5.0791733762748255,4.233762748255502,2.1739130434782608,0.16774020397208803,
99,23.557434245840042,10.057702630166398,33.24610842726785,9.98389694041868,10.896403650026839,5.750134192163178,4.166666666666667,2.1739130434782608,0.16774020397208803,
100,23.845947396672035,10.00402576489533,33.05823939881911,9.96376811594203,10.869565217391305,5.750134192163178,4.166666666666667,2.1739130434782608,0.16774020397208803,
101,24.00697799248524,9.990606548577563,32.9777241009125,9.96376811594203,10.829307568438002,5.750134192163178,4.139828234031133,2.1739130434782608,0.16774020397208803,
102,23.544015029522274,9.433709071390231,32.25979602791197,13.09044551798175,9.86983360171766,5.5756843800322065,3.9855072463768115,2.073268921095008,0.16774020397208803,
103,23.906333870101985,9.252549651100376,34.37332259796028,11.500268384326356,9.27938808373591,5.522007514761138,3.92512077294686,2.073268921095008,0.16774020397208803,
104,23.64465915190553,9.23913043478261,34.17874396135266,11.352657004830919,10.178475577026301,5.501878690284487,3.92512077294686,1.892109500805153,0.08722490606548577,
105,23.899624261943103,9.178743961352657,34.10493827160494,11.29898013955985,10.165056360708535,5.4616210413311865,3.911701556629093,1.892109500805153,0.08722490606548577,
106,22.973698336017176,8.407139023081053,35.79575952764358,11.2788513150832,10.151637144390767,5.421363392377885,4.240472356414386,1.6438539989264627,0.08722490606548577,
107,23.14814814814815,8.407139023081053,35.72195383789587,11.252012882447666,10.131508319914117,5.394524959742351,4.213633923778851,1.6438539989264627,0.08722490606548577,
108,23.423242082662373,8.407139023081053,35.57434245840043,11.252012882447666,10.0979602791197,5.3274288781535155,4.200214707461084,1.6304347826086956,0.08722490606548577,
109,23.64465915190553,8.407139023081053,35.44015029522276,11.225174449812132,10.010735373054214,5.287171229200215,4.193505099302201,1.6237251744498122,0.16774020397208803,
110,23.926462694578635,8.380300590445518,35.35963499731616,11.191626409017713,9.943639291465379,5.246913580246914,4.159957058507783,1.6237251744498122,0.16774020397208803,
111,24.154589371980677,8.353462157809984,35.10466988727858,11.151368760064413,9.943639291465379,5.186527106816962,4.334406870638754,1.6035963499731616,0.16774020397208803,
112,23.05421363392378,8.125335480407944,32.90391841116479,10.963499731615673,13.311862587224907,5.226784755770263,4.64975845410628,1.596886741814278,0.16774020397208803,
113,23.19511540526033,8.09849704777241,32.809983896940416,10.963499731615673,13.305152979066023,5.213365539452496,4.64975845410628,1.596886741814278,0.16774020397208803,
114,23.544015029522274,8.09849704777241,32.48121309715513,10.93666129898014,13.271604938271604,5.347557702630167,4.636339237788513,1.5163714439076759,0.16774020397208803,
115,23.765432098765434,8.085077831454644,32.380568974771876,11.16478797638218,13.09044551798175,5.260332796564681,4.569243156199678,1.5163714439076759,0.16774020397208803,
116,23.93317230273752,8.071658615136876,32.078636607622116,11.137949543746645,13.050187869028449,5.22007514761138,4.690016103059581,1.6505636070853462,0.16774020397208803,
117,24.10091250670961,8.064949006977992,32.01154052603328,11.09098228663446,13.01663982823403,5.22007514761138,4.676596886741814,1.6505636070853462,0.16774020397208803,
118,24.52361782071927,8.031400966183575,31.830381105743424,11.037305421363392,12.97638217928073,5.10601180891036,4.676596886741814,1.6505636070853462,0.16774020397208803,
119,25.087224906065487,8.017981749865807,31.45464304884595,11.030595813204508,12.882447665056361,5.0993022007514766,4.609500805152979,1.6505636070853462,0.16774020397208803,
120,25.261674718196456,7.991143317230274,31.246645195920557,11.171497584541063,12.869028448738593,5.0858829844337095,4.562533548040794,1.6438539989264627,0.16774020397208803,
121,23.564143853998928,7.232957595276436,37.486580783682236,8.635265700483092,11.969940955448202,5.092592592592593,4.213633923778851,1.6371443907675791,0.16774020397208803,
122,23.919753086419753,7.159151905528717,37.17793880837359,8.61513687600644,11.929683306494901,4.978529253891573,4.435050993022007,1.6170155662909287,0.16774020397208803,
123,24.10762211486849,7.125603864734299,37.09742351046699,8.588298443370908,11.916264090177133,4.978529253891573,4.42163177670424,1.596886741814278,0.16774020397208803,
124,24.436392914653783,7.058507783145465,36.943102522812666,8.588298443370908,11.849168008588299,4.9718196457326895,4.388083735909823,1.596886741814278,0.16774020397208803,
125,23.429951690821255,6.716317767042405,38.79495437466452,8.588298443370908,11.728395061728396,4.656468062265164,4.367954911433173,1.5499194847020934,0.16774020397208803,
126,23.58427267847558,6.608964036500268,38.85534084809447,8.561460010735374,11.681427804616211,4.656468062265164,4.367954911433173,1.5163714439076759,0.16774020397208803,
127,23.523886205045624,6.099033816425121,37.34567901234568,8.55475040257649,14.049919484702093,4.502147074610843,4.240472356414386,1.5163714439076759,0.16774020397208803,
128,23.718464841653248,6.078904991948471,37.19806763285024,8.548040794417606,14.049919484702093,4.488727858293076,4.233762748255502,1.5163714439076759,0.16774020397208803,
129,24.14787976382179,6.018518518518518,36.77536231884058,8.521202361782072,13.982823403113258,4.582662372517445,4.320987654320987,1.482823403113258,0.16774020397208803,
130,24.58400429414922,6.005099302200751,35.990338164251206,8.521202361782072,13.942565754159958,5.280461621041331,4.320987654320987,1.1943102522812667,0.1610305958132045,
131,24.664519592055825,5.984970477724101,34.82286634460547,8.460815888352121,15.210681696188942,5.280461621041331,4.2203435319377345,1.1943102522812667,0.1610305958132045,
132,24.892646269457863,5.984970477724101,34.346484165324746,8.769457863660762,15.163714439076758,5.280461621041331,4.206924315619967,1.1943102522812667,0.1610305958132045,
133,25.221417069243156,5.770263016639828,34.23242082662372,8.903650026838433,15.13016639828234,5.226784755770263,4.159957058507783,1.1943102522812667,0.1610305958132045,
134,25.5703166935051,5.763553408480945,34.09822866344606,8.883521202361782,15.042941492216855,5.213365539452496,4.072732152442297,1.1943102522812667,0.1610305958132045,
135,25.214707461084274,5.387815351583468,36.54723564143854,8.776167471819646,14.210950080515298,4.488727858293076,3.8378958668813743,1.4492753623188406,0.08722490606548577,
136,25.167740203972087,5.3341384863123995,35.929951690821255,9.07139023081052,14.11701556629093,5.112721417069243,3.8378958668813743,1.3419216317767042,0.08722490606548577,
137,25.509930220075148,5.320719269994632,35.68840579710145,9.380032206119163,13.81508319914117,5.10601180891036,3.7640901771336552,1.3419216317767042,0.07380568974771873,
138,25.771604938271604,5.260332796564681,35.54079441760601,9.366612989801396,13.781535158346752,5.10601180891036,3.7640901771336552,1.3352120236178207,0.07380568974771873,
139,26.073537305421365,5.253623188405797,35.35963499731616,9.31964573268921,13.747987117552334,5.072463768115942,3.7640901771336552,1.3352120236178207,0.07380568974771873,
140,26.37546967257112,5.253623188405797,34.88325281803543,9.27938808373591,13.674181427804616,5.24020397208803,3.750670960815888,1.4694041867954912,0.07380568974771873,
141,26.556629092860977,5.2066559312936125,34.76247987117552,9.23913043478261,13.486312399355878,5.4549114331723025,3.750670960815888,1.4694041867954912,0.07380568974771873,
142,26.221148684916802,5.542136339237788,34.42028985507246,9.41358024691358,13.24476650563607,5.3341384863123995,4.280730005367687,1.4694041867954912,0.07380568974771873,
143,26.160762211486848,5.347557702630167,32.32018250134192,12.224906065485776,12.822061191626409,5.307300053676865,4.274020397208803,1.4694041867954912,0.07380568974771873,
144,26.610305958132045,5.3274288781535155,32.1658615136876,12.097423510466989,12.721417069243156,5.287171229200215,4.247181964573269,1.4694041867954912,0.07380568974771873,
145,27.03972088030059,5.300590445517981,31.635802469135804,12.097423510466989,12.627482555018787,5.508588298443371,4.247181964573269,1.4694041867954912,0.07380568974771873,
146,27.4422973698336,5.300590445517981,31.468062265163713,11.849168008588299,12.822061191626409,5.481749865807837,4.106280193236715,1.4559849704777241,0.07380568974771873,
147,27.502683843263554,5.562265163714439,31.280193236714975,11.768652710681696,12.795222758990874,5.4549114331723025,4.106280193236715,1.4559849704777241,0.07380568974771873,
148,27.72410091250671,5.548845947396672,30.938003220611915,11.694847020933977,12.439613526570048,6.0654857756307035,4.0995705850778315,1.415727321524423,0.07380568974771873,
149,28.032742887815353,5.488459473966721,30.897745571658614,11.634460547504025,12.359098228663447,6.052066559312936,4.05931293612453,1.402308105206656,0.07380568974771873,
150,28.287707997852927,5.488459473966721,30.770263016639827,11.540526033279656,12.338969404186795,6.038647342995169,4.05931293612453,1.402308105206656,0.07380568974771873,
151,28.073000536768653,5.488459473966721,30.327428878153516,11.808910359634996,12.258454106280194,6.038647342995169,3.9318303811057436,1.9994632313472893,0.07380568974771873,
152,28.388352120236178,5.4616210413311865,30.173107890499196,11.782071926999464,12.198067632850242,6.038647342995169,3.911701556629093,1.9726247987117553,0.07380568974771873,
153,28.455448201825014,5.4616210413311865,30.132850241545892,11.654589371980677,12.110842726784755,6.038647342995169,4.0995705850778315,1.9726247987117553,0.07380568974771873,
154,28.6231884057971,5.4616210413311865,29.978529253891573,11.66129898013956,11.902844873859367,5.857487922705314,4.468599033816425,1.9726247987117553,0.07380568974771873,
155,28.904991948470208,5.394524959742351,29.750402576489535,11.52710681696189,11.98336017176597,5.9514224369296835,4.448470209339774,1.9659151905528718,0.07380568974771873,
156,29.106280193236714,5.374396135265701,29.683306494900698,11.446591519055287,11.98336017176597,5.9514224369296835,4.448470209339774,1.932367149758454,0.07380568974771873,
157,29.28743961352657,5.374396135265701,29.528985507246375,11.688137412775093,11.79549114331723,5.904455179817498,4.42163177670424,1.932367149758454,0.06709608158883522,
158,29.66988727858293,5.360976918947934,28.73054213633924,12.151100375738057,11.735104669887278,5.803811057434245,4.341116478797638,2.1403650026838434,0.06709608158883522,
159,29.857756307031668,4.696725711218465,29.898013955984972,11.922973698336017,11.674718196457327,5.595813204508857,4.166666666666667,2.120236178207193,0.06709608158883522,
160,29.97181964573269,4.683306494900698,29.300858829844337,11.493558776167472,12.714707461084272,5.562265163714439,4.133118625872249,2.073268921095008,0.06709608158883522,
161,30.18652710681696,4.669887278582931,29.200214707461082,11.480139559849706,12.661030595813205,5.528717122920021,4.133118625872249,2.073268921095008,0.06709608158883522,
162,30.414653784219002,4.669887278582931,28.804347826086957,11.41304347826087,12.614063338701019,5.850778314546431,4.133118625872249,2.033011272141707,0.06709608158883522,
163,30.56897477187332,4.669887278582931,28.75067096081589,11.3593666129898,12.580515297906603,5.850778314546431,4.119699409554482,2.033011272141707,0.06709608158883522,
164,30.703166935050994,4.669887278582931,28.535963499731615,11.265432098765432,12.513419216317766,5.984970477724101,4.233762748255502,2.0263016639828235,0.06709608158883522,
165,30.917874396135264,4.669887278582931,28.005904455179817,11.79549114331723,12.446323134728932,5.864197530864198,4.206924315619967,2.0263016639828235,0.06709608158883522,
166,31.239935587761675,4.669887278582931,27.945517981749866,11.768652710681696,12.245034889962426,5.844068706387547,4.106280193236715,2.0128824476650564,0.06709608158883522,0.10064412238325282
167,31.49490069779925,4.656468062265164,27.905260332796566,11.721685453569512,12.177938808373591,5.776972624798712,4.092860976918948,2.006172839506173,0.06709608158883522,0.10064412238325282
168,31.91760601180891,4.636339237788513,27.643585614600106,11.574074074074074,12.298711755233494,5.750134192163178,4.005636070853462,2.006172839506173,0.06709608158883522,0.10064412238325282
169,32.09205582393988,4.636339237788513,27.47584541062802,11.761943102522812,12.204777241009126,5.750134192163178,3.911701556629093,1.9994632313472893,0.06709608158883522,0.10064412238325282
170,32.420826623725176,4.62962962962963,27.361782071927,11.668008588298443,12.157809983896941,5.689747718733226,3.911701556629093,1.9927536231884058,0.06709608158883522,0.10064412238325282
171,32.6154052603328,4.62962962962963,27.28797638217928,11.668008588298443,12.090713902308105,5.656199677938808,3.911701556629093,1.9726247987117553,0.06709608158883522,0.10064412238325282
172,32.10547504025765,4.609500805152979,26.77133655394525,13.110574342458401,11.889425657541599,5.562265163714439,3.844605475040258,1.9726247987117553,0.03354804079441761,0.10064412238325282
173,32.6959205582394,4.555823939881911,26.38888888888889,13.056897477187333,11.802200751476114,5.555555555555555,3.8378958668813743,1.9726247987117553,0.03354804079441761,0.10064412238325282
174,32.058507783145465,4.508856682769726,24.778582930756844,12.942834138486312,14.029790660225443,5.481749865807837,4.139828234031133,1.9256575415995705,0.03354804079441761,0.10064412238325282
175,32.340311325818575,4.49543746645196,23.859366612989803,12.828770799785293,14.130434782608695,6.099033816425121,3.9989264626945786,2.1135265700483092,0.03354804079441761,0.10064412238325282
176,32.400697799248526,4.441760601180891,23.738593666129898,12.754965110037574,14.06333870101986,6.179549114331723,3.7775093934514223,2.509393451422437,0.03354804079441761,0.10064412238325282
177,32.776435856146,4.441760601180891,23.63123993558776,12.72812667740204,13.841921631776705,6.172839506172839,3.7640901771336552,2.509393451422437,0.03354804079441761,0.10064412238325282
178,32.86366076221149,4.414922168545357,23.59098228663446,12.86231884057971,13.727858293075684,6.132581857219538,3.7640901771336552,2.509393451422437,0.03354804079441761,0.10064412238325282
179,32.83682232957595,4.414922168545357,23.483628556092324,12.493290391841116,14.284755770263017,6.119162640901771,3.7238325281803544,2.509393451422437,0.03354804079441761,0.10064412238325282
180,32.9777241009125,4.408212560386473,23.470209339774556,12.47987117552335,14.197530864197532,6.099033816425121,3.7238325281803544,2.509393451422437,0.03354804079441761,0.10064412238325282
181,25.563607085346217,26.42914653784219,21.162104133118625,8.454106280193237,10.151637144390767,5.300590445517981,1.3553408480944713,1.5499194847020934,0.03354804079441761,
182,25.81857219538379,26.31508319914117,20.799785292538918,8.447396672034353,10.111379495437467,5.629361245303274,1.3083735909822867,1.5365002683843263,0.03354804079441761,
183,25.597155126140635,26.214439076757916,19.75979602791197,9.950348899624261,10.057702630166398,5.542136339237788,1.3083735909822867,1.5365002683843263,0.03354804079441761,
184,25.91921631776704,26.120504562533547,19.632313472893184,9.943639291465379,10.02415458937198,5.481749865807837,1.3083735909822867,1.5365002683843263,0.03354804079441761,
185,26.221148684916802,25.986312399355878,19.41760601180891,9.930220075147611,9.782608695652174,5.595813204508857,1.5432098765432098,1.4895330112721417,0.03354804079441761,
186,26.570048309178745,25.811862587224905,19.350509930220074,9.896672034353195,9.71551261406334,5.595813204508857,1.5432098765432098,1.482823403113258,0.03354804079441761,
187,26.986044015029524,25.55689747718733,19.216317767042405,9.88996242619431,9.695383789586689,5.595813204508857,1.5432098765432098,1.482823403113258,0.03354804079441761,
188,27.140365002683843,25.509930220075148,19.16935050993022,9.836285560923242,9.695383789586689,5.589103596349974,1.5432098765432098,1.482823403113258,0.03354804079441761,
189,27.905260332796566,25.40257648953301,18.894256575415994,9.594739667203436,9.581320450885668,5.589103596349974,1.5297906602254427,1.4694041867954912,0.03354804079441761,
190,28.173644659151904,25.248255501878692,18.867418142780462,9.5276435856146,9.574610842726784,5.5756843800322065,1.5297906602254427,1.4694041867954912,0.03354804079441761,
191,28.442028985507246,25.07380568974772,18.820450885668276,9.494095544820183,9.500805152979066,5.656199677938808,1.5297906602254427,1.4492753623188406,0.03354804079441761,
192,28.824476650563607,24.90606548577563,18.625872249060656,9.4873859366613,9.29951690821256,5.622651637144391,1.7981749865807837,1.402308105206656,0.03354804079441761,
193,28.73725174449812,24.65780998389694,18.08239398819109,9.373322597960279,9.265968867418144,6.649221685453569,1.7981749865807837,1.402308105206656,0.03354804079441761,
194,27.563070316693505,24.36929683306495,20.591787439613526,9.098228663446054,8.621846484165324,6.629092860976919,1.6908212560386473,1.402308105206656,0.03354804079441761,
195,27.616747181964573,23.919753086419753,20.44417606011809,9.359903381642512,8.621846484165324,6.910896403650026,1.6908212560386473,1.402308105206656,0.03354804079441761,
196,26.617015566290927,19.129092860976918,19.296833064949006,17.277241009125067,8.581588835212024,6.199677938808374,1.6908212560386473,1.1741814278046163,0.03354804079441761,
197,26.78475577026302,19.068706387546968,19.176060118089104,17.24369296833065,8.568169618894256,6.1929683306494905,1.6841116478797638,1.247987117552335,0.03354804079441761,
198,27.167203435319376,18.773483628556093,19.14922168545357,17.236983360171767,8.32662372517445,6.387546967257112,1.6774020397208802,1.247987117552335,0.03354804079441761,
199,27.36849168008588,18.733225979602793,19.068706387546968,17.196725711218466,8.293075684380032,6.380837359098229,1.6774020397208802,1.247987117552335,0.03354804079441761,
200,27.509393451422437,18.63929146537842,18.95464304884595,17.19001610305958,8.232689210950081,6.481481481481482,1.710950080515298,1.247987117552335,0.03354804079441761,
201,27.74422973698336,18.5654857756307,18.887546967257112,17.156468062265162,8.192431561996779,6.468062265163715,1.710950080515298,1.2412775093934514,0.03354804079441761,
202,28.012614063338702,18.47826086956522,18.719806763285025,16.988727858293075,8.192431561996779,6.622383252818035,1.710950080515298,1.2412775093934514,0.03354804079441761,
203,28.207192699946322,18.417874396135264,18.63929146537842,16.941760601180892,8.185721953837897,6.622383252818035,1.710950080515298,1.2412775093934514,0.03354804079441761,
204,28.589640365002683,17.860976918947934,18.310520665593128,16.874664519592056,8.158883521202362,6.89747718733226,2.0531400966183573,1.221148684916801,0.03354804079441761,
205,28.83118625872249,17.814009661835748,18.02871712292002,17.10950080515298,8.051529790660226,6.890767579173376,2.01959205582394,1.221148684916801,0.03354804079441761,
206,29.05931293612453,17.773752012882447,17.961621041331185,17.06924315619968,8.024691358024691,6.870638754696726,2.006172839506173,1.2010198604401503,0.03354804079441761,
207,29.21363392377885,17.69994632313473,17.94820182501342,17.022275899087493,8.024691358024691,6.850509930220075,2.006172839506173,1.2010198604401503,0.03354804079441761,
208,29.24718196457327,17.673107890499196,17.92807300053677,17.06924315619968,8.024691358024691,6.823671497584541,1.9994632313472893,1.2010198604401503,0.03354804079441761,
209,29.49543746645196,17.56575415995706,17.807300053676865,16.854535695115406,7.997852925389157,7.065217391304348,1.9793344068706387,1.2010198604401503,0.03354804079441761,
210,29.361245303274288,17.478529253891573,17.176596886741816,16.740472356414386,9.205582393988191,7.058507783145465,1.7444981213097155,1.2010198604401503,0.03354804079441761,
211,29.461889425657542,17.398013955984972,16.820987654320987,16.606280193236714,8.964036500268385,7.494632313472893,2.01959205582394,1.2010198604401503,0.03354804079441761,
212,30.18652710681696,17.277241009125067,16.505636070853463,16.398282340311326,8.903650026838433,7.494632313472893,1.9994632313472893,1.2010198604401503,0.03354804079441761,
213,30.434782608695652,17.196725711218466,16.492216854535695,16.27750939345142,8.903650026838433,7.481213097155126,1.9793344068706387,1.2010198604401503,0.03354804079441761,
214,30.54213633923779,17.12962962962963,16.391572732152444,16.27079978529254,8.896940418679549,7.601986044015029,1.932367149758454,1.2010198604401503,0.03354804079441761,
215,30.73671497584541,17.06924315619968,16.391572732152444,16.15673644659152,8.883521202361782,7.595276435856146,1.932367149758454,1.2010198604401503,0.03354804079441761,
216,30.743424584004295,16.968599033816425,16.371443907675793,16.1231884057971,9.03113258185722,7.595276435856146,1.932367149758454,1.2010198604401503,0.03354804079441761,
217,31.072195383789587,16.861245303274288,16.284219001610307,16.035963499731615,9.004294149221685,7.575147611379496,1.932367149758454,1.2010198604401503,0.03354804079441761,
218,31.206387546967257,16.820987654320987,16.264090177133657,15.975577026301664,9.004294149221685,7.568438003220612,1.932367149758454,1.1943102522812667,0.03354804079441761,
219,31.756575415995705,16.74718196457327,16.21712292002147,15.640096618357488,8.943907675791733,7.555018786902845,1.9122383252818036,1.1943102522812667,0.03354804079441761,
220,31.910896403650028,16.680085882984432,16.210413311862588,15.58641975308642,8.930488459473967,7.548309178743962,1.9122383252818036,1.1876006441223832,0.03354804079441761,
221,30.88432635534085,16.586151368760063,18.99490069779925,15.351583467525497,8.82313472893183,6.3070316693505095,1.8317230273752012,1.1876006441223832,0.03354804079441761,
222,30.97826086956522,16.57944176060118,18.96135265700483,15.324745034889963,8.796296296296296,6.3070316693505095,1.8317230273752012,1.1876006441223832,0.03354804079441761,
223,30.95813204508857,16.552603327965645,18.907675791733762,15.183843263553408,8.749329039184111,6.461352657004831,1.8317230273752012,1.1741814278046163,0.18115942028985507,
224,31.146001073537306,16.505636070853463,18.840579710144926,15.183843263553408,8.729200214707461,6.421095008051529,1.8183038110574343,1.1741814278046163,0.18115942028985507,
225,31.239935587761675,16.49892646269458,18.612453032742888,15.170424047235642,8.709071390230811,6.622383252818035,1.8183038110574343,1.1473429951690821,0.18115942028985507,
226,31.36070853462158,16.445249597423512,18.552066559312937,14.989264626945786,8.890230810520666,6.615673644659152,1.8183038110574343,1.1473429951690821,0.18115942028985507,
227,31.776704240472355,16.384863123993558,18.4447128287708,14.88191089640365,8.796296296296296,6.575415995705851,1.8115942028985508,1.1473429951690821,0.18115942028985507,
228,32.19269994632314,16.25067096081589,18.35077831454643,14.727589908749328,8.796296296296296,6.541867954911433,1.8115942028985508,1.1473429951690821,0.18115942028985507,
229,32.1658615136876,16.25067096081589,18.297101449275363,14.962426194310252,8.735909822866345,6.535158346752549,1.7444981213097155,1.1272141706924315,0.18115942028985507,
230,32.09205582393988,16.505636070853463,18.209876543209877,14.928878153515834,8.715780998389693,6.515029522275899,1.737788513150832,1.1137949543746646,0.18115942028985507,
231,32.19940955448202,16.324476650563607,18.169618894256576,14.928878153515834,8.648684916800859,6.427804616210413,2.0128824476650564,1.107085346215781,0.18115942028985507,
232,32.447665056360705,16.23725174449812,18.136070853462158,14.9020397208803,8.588298443370908,6.421095008051529,1.9793344068706387,1.107085346215781,0.18115942028985507,
233,32.79656468062265,16.19699409554482,18.055555555555557,14.814814814814815,8.494363929146537,6.407675791733762,1.9457863660762211,1.107085346215781,0.18115942028985507,
234,32.88378958668814,16.150026838432634,18.015297906602253,14.76784755770263,8.568169618894256,6.380837359098229,1.9457863660762211,1.107085346215781,0.18115942028985507,
235,33.091787439613526,15.821256038647343,17.867686527106816,14.720880300590446,8.568169618894256,6.716317767042405,1.9457863660762211,1.0869565217391304,0.18115942028985507,
236,33.299785292538914,15.76086956521739,17.834138486312398,14.794685990338165,8.53462157809984,6.655931293612453,1.8518518518518519,1.0869565217391304,0.18115942028985507,
237,33.40713902308105,15.72061191626409,17.69994632313473,14.673913043478262,8.53462157809984,6.642512077294686,2.13365539452496,1.0064412238325282,0.18115942028985507,
238,33.742619431025226,15.653515834675256,17.518786902844873,14.61352657004831,8.53462157809984,6.515029522275899,2.13365539452496,1.107085346215781,0.18115942028985507,
239,33.9573268921095,15.378421900161031,17.478529253891573,14.533011272141707,8.53462157809984,6.723027375201288,2.1068169618894257,1.107085346215781,0.18115942028985507,
240,34.20558239398819,15.324745034889963,17.47181964573269,14.459205582393988,8.501073537305421,6.649221685453569,2.1068169618894257,1.1003757380568975,0.18115942028985507,
241,34.38674181427805,15.297906602254429,17.438271604938272,14.378690284487385,8.474235104669887,6.635802469135802,2.1068169618894257,1.1003757380568975,0.18115942028985507,
242,34.56119162640902,15.271068169618895,17.404723564143854,14.345142243692969,8.474235104669887,6.582125603864735,2.1068169618894257,1.0735373054213635,0.18115942028985507,
243,35.04428341384863,15.217391304347826,17.310789049919485,14.090177133655395,8.440687063875469,6.5485775630703165,2.0933977455716586,1.0735373054213635,0.18115942028985507,
244,34.95034889962426,14.955716586151368,17.14975845410628,14.714170692431562,8.031400966183575,6.66935050993022,2.2879763821792807,1.0601180891035964,0.18115942028985507,
245,35.10466988727858,14.935587761674718,17.028985507246375,14.660493827160494,7.96430488459474,6.776704240472356,2.2879763821792807,1.0601180891035964,0.18115942028985507,
246,35.21202361782072,14.922168545356952,16.908212560386474,14.65378421900161,7.957595276435856,6.863929146537842,2.2745571658615136,1.0265700483091786,0.18115942028985507,
