,45,50,55,51,52,53,56,57,54,58,59
0,99.49006977992485,0.5099302200751477,,,,,,,,,
1,99.23510466988728,0.7648953301127214,,,,,,,,,
2,96.43048845947396,3.569511540526033,,,,,,,,,
3,96.36339237788513,3.6366076221148687,,,,,,,,,
4,89.94900697799248,10.050993022007514,,,,,,,,,
5,89.46591519055288,10.534084809447128,,,,,,,,,
6,80.59581320450886,19.404186795491142,,,,,,,,,
7,80.48845947396671,19.41760601180891,0.0939345142243693,,,,,,,,
8,60.23215244229737,32.15915190552872,0.0939345142243693,0.11406333870101985,0.13419216317767044,7.1725711218464845,0.0939345142243693,,,,
9,60.11137949543747,32.306763285024154,0.19457863660762212,0.10735373054213634,0.13419216317767044,6.904186795491143,0.0939345142243693,0.14761137949543746,,,
10,50.85882984433709,41.67337627482555,0.08722490606548577,0.10735373054213634,0.24825550187869028,6.78341384863124,0.0939345142243693,0.14761137949543746,,,
11,51.09366612989801,41.156736446591516,0.2952227589908749,0.10735373054213634,1.1406333870101986,6.0587761674718195,,0.14761137949543746,,,
12,51.27482555018787,40.465646806226516,0.7112184648416533,0.10735373054213634,1.1003757380568975,6.1929683306494905,,0.14761137949543746,,,
13,51.24127750939345,40.47906602254428,0.785024154589372,0.10735373054213634,1.0802469135802468,6.159420289855072,,0.14761137949543746,,,
14,48.39640365002684,43.646001073537306,0.6508319914117016,0.10735373054213634,0.9863123993558777,5.857487922705314,,0.14761137949543746,0.20799785292538917,,
15,48.38298443370907,43.47155126140633,1.0131508319914118,0.10735373054213634,0.9863123993558777,5.683038110574342,,0.14761137949543746,0.20799785292538917,,
16,48.2487922705314,43.49838969404187,1.0131508319914118,0.10735373054213634,1.093666129898014,5.683038110574342,,0.14761137949543746,0.20799785292538917,,
17,47.155126140633385,44.07541599570585,1.3888888888888888,0.24825550187869028,1.093666129898014,5.683038110574342,,0.14761137949543746,0.20799785292538917,,
18,43.73322597960279,46.343263553408484,1.3687600644122384,1.6706924315619969,0.9796027911969941,5.756843800322061,,0.14761137949543746,,,
19,43.65942028985507,46.242619431025226,1.4559849704777241,1.6438539989264627,0.9796027911969941,5.736714975845411,,0.14761137949543746,0.13419216317767044,,
20,43.57890499194847,46.256038647343,1.4559849704777241,1.6304347826086956,0.9796027911969941,5.6964573268921095,0.14090177133655393,0.1274825550187869,0.13419216317767044,,
21,43.78690284487386,45.71926999463231,1.5901771336553945,1.7444981213097155,0.9796027911969941,5.6964573268921095,0.14090177133655393,0.1274825550187869,0.2147074610842727,,
22,43.80032206119163,45.38378958668814,2.046430488459474,1.7310789049919484,0.966183574879227,5.609232420826624,0.12077294685990338,0.1274825550187869,0.2147074610842727,,
23,42.881105743424584,46.51771336553945,2.046430488459474,1.7310789049919484,0.966183574879227,5.394524959742351,0.12077294685990338,0.1274825550187869,0.2147074610842727,,
24,31.427804616210413,58.64868491680086,1.6908212560386473,1.570048309178744,0.8588298443370908,5.421363392377885,0.12077294685990338,0.1274825550187869,0.13419216317767044,,
25,31.696188942565755,56.98470209339774,1.9524959742351047,1.570048309178744,0.8454106280193237,6.333870101986044,0.12077294685990338,0.1274825550187869,0.28180354267310787,0.08722490606548577,
26,32.018250134192165,56.54186795491143,2.1068169618894257,1.570048309178744,0.8454106280193237,6.260064412238325,0.12077294685990338,0.1274825550187869,0.28180354267310787,0.1274825550187869,
27,32.139023081052066,55.34084809447128,3.1065485775630703,1.570048309178744,0.8454106280193237,5.998389694041868,0.46296296296296297,0.1274825550187869,0.28180354267310787,0.1274825550187869,
28,27.455716586151368,45.35024154589372,3.126677402039721,16.19699409554482,0.9728931830381106,5.897745571658615,0.46296296296296297,0.1274825550187869,0.28180354267310787,0.1274825550187869,
29,27.643585614600106,42.169887278582934,4.3545356951154055,15.827965646806227,0.9057971014492754,8.038110574342458,0.4562533548040794,0.19457863660762212,0.28180354267310787,0.1274825550187869,
30,22.571121846484164,32.2061191626409,2.9790660225442833,34.346484165324746,0.6776704240472357,6.6760601180891035,0.03354804079441761,0.14761137949543746,0.23483628556092323,0.1274825550187869,
31,22.886473429951693,31.944444444444443,3.260869565217391,34.03113258185722,0.6776704240472357,6.655931293612453,0.03354804079441761,0.14761137949543746,0.23483628556092323,0.1274825550187869,
32,23.020665593129362,31.749865807836823,3.260869565217391,33.89023081052066,0.6776704240472357,6.743156199677939,0.03354804079441761,0.14761137949543746,0.35560923242082665,0.12077294685990338,
33,23.329307568438004,31.394256575415994,3.3145464304884595,33.8365539452496,0.6776704240472357,6.635802469135802,0.03354804079441761,0.14761137949543746,0.4495437466451959,0.18115942028985507,
34,23.503757380568974,31.30703166935051,4.703435319377348,32.58185721953838,0.6776704240472357,6.414385399892646,0.03354804079441761,0.14761137949543746,0.4495437466451959,0.18115942028985507,
35,21.235909822866343,43.062265163714436,3.92512077294686,23.832528180354267,0.7313472893183038,6.400966183574879,0.03354804079441761,0.14761137949543746,0.4495437466451959,0.18115942028985507,
36,21.430488459473967,42.81400966183575,4.052603327965647,23.64465915190553,0.785024154589372,6.394256575415996,0.14090177133655393,0.14761137949543746,0.4495437466451959,0.14090177133655393,
37,21.72571121846484,42.639559849704774,4.119699409554482,23.2085346215781,0.8990874932903918,6.3070316693505095,0.36231884057971014,0.14761137949543746,0.4495437466451959,0.14090177133655393,
38,22.16183574879227,42.049114331723025,4.435050993022007,23.020665593129362,0.8990874932903918,6.226516371443908,0.36231884057971014,0.14761137949543746,0.5568974771873323,0.14090177133655393,
39,22.517444981213096,41.45195920558239,4.85775630703167,22.79253891572732,0.9728931830381106,6.1862587224906065,0.36231884057971014,0.1878690284487386,0.5300590445517982,0.14090177133655393,
40,22.77241009125067,40.96886741814278,5.293880837359098,22.014224369296834,0.9728931830381106,6.159420289855072,0.9594739667203436,0.1878690284487386,0.5300590445517982,0.14090177133655393,
41,23.141438539989263,40.55958132045089,5.307300053676865,21.91358024691358,1.0265700483091786,6.139291465378422,1.0534084809447128,0.1878690284487386,0.5300590445517982,0.14090177133655393,
42,23.577563070316693,40.4320987654321,5.320719269994632,21.477455716586153,1.0198604401502953,6.099033816425121,1.2144390767579174,0.1878690284487386,0.5300590445517982,0.14090177133655393,
43,21.64519592055824,42.72678475577026,5.367686527106817,21.101717659688674,1.0198604401502953,6.0654857756307035,1.2144390767579174,0.1878690284487386,0.5300590445517982,0.14090177133655393,
44,21.940418679549115,42.46511003757381,5.730005367686527,20.73268921095008,1.0198604401502953,6.038647342995169,1.2144390767579174,0.1878690284487386,0.5300590445517982,0.14090177133655393,
45,22.067901234567902,42.20343531937735,7.1725711218464845,19.47128287707998,0.9863123993558777,5.897745571658615,1.3553408480944713,0.1878690284487386,0.5166398282340311,0.14090177133655393,
46,20.323403113258184,45.35024154589372,7.132313472893183,19.33709071390231,0.9125067096081588,4.904723564143854,1.4761137949543746,0.10735373054213634,0.39586688137412773,0.06038647342995169,
47,20.933977455716587,44.880568974771876,7.347020933977456,19.008319914117017,0.9125067096081588,4.884594739667204,1.4761137949543746,0.10735373054213634,0.38915727321524424,0.06038647342995169,
48,21.430488459473967,44.357219538378956,7.581857219538379,18.820450885668276,0.9125067096081588,4.884594739667204,1.4559849704777241,0.10735373054213634,0.38915727321524424,0.06038647342995169,
49,21.631776704240472,43.592324208266234,8.340042941492216,18.686258722490606,0.9125067096081588,4.864465915190553,1.415727321524423,0.10735373054213634,0.38915727321524424,0.06038647342995169,
50,21.994095544820183,43.12265163714439,8.668813741277509,18.5654857756307,0.8923778851315083,4.830917874396135,1.3687600644122384,0.10735373054213634,0.38915727321524424,0.06038647342995169,
51,22.5577026301664,42.64626945786366,8.628556092324208,18.33064949006978,0.8923778851315083,4.810789049919484,1.5767579173376274,0.10735373054213634,0.38915727321524424,0.06038647342995169,
52,22.993827160493826,42.069243156199676,8.896940418679549,18.156199677938808,0.8923778851315083,4.85775630703167,1.5767579173376274,0.10735373054213634,0.38915727321524424,0.06038647342995169,
53,23.49704777241009,41.76731078904992,8.722490606548577,17.995169082125603,0.8856682769726248,4.676596886741814,1.6841116478797638,0.17444981213097155,0.5367686527106817,0.06038647342995169,
54,23.60440150295223,41.59286097691895,9.923510466988727,17.19001610305958,0.8387010198604401,4.676596886741814,1.3217928073000538,0.17444981213097155,0.6172839506172839,0.06038647342995169,
55,23.53059581320451,41.7337627482555,9.816156736446592,16.988727858293075,0.8387010198604401,4.696725711218465,1.3888888888888888,0.17444981213097155,0.7716049382716049,0.06038647342995169,
56,23.72517444981213,41.606280193236714,9.849704777241008,16.935050993022006,0.8051529790660226,4.696725711218465,1.3754696725711217,0.17444981213097155,0.7716049382716049,0.06038647342995169,
57,24.00697799248524,40.915190552871714,9.997316156736447,16.780730005367687,0.8722490606548577,4.602791196994096,1.4694041867954912,0.15432098765432098,1.1406333870101986,0.06038647342995169,
58,24.362587224906065,40.09661835748792,10.547504025764896,16.53918411164788,0.8722490606548577,4.502147074610843,1.6035963499731616,0.15432098765432098,1.261406333870102,0.06038647342995169,
59,24.691358024691358,39.64707461084273,10.782340311325818,16.465378421900162,0.8722490606548577,4.49543746645196,1.5767579173376274,0.15432098765432098,1.2546967257112185,0.06038647342995169,
60,25.11406333870102,39.392109500805155,10.527375201288244,16.438539989264626,0.8655394524959742,4.361245303274289,1.570048309178744,0.30864197530864196,1.3620504562533549,0.06038647342995169,
61,25.0805152979066,37.915995705850776,10.654857756307031,16.25738056897477,2.5563607085346214,4.294149221685454,1.5096618357487923,0.30864197530864196,1.3083735909822867,0.11406333870101985,
62,25.449543746645197,37.513419216317764,10.648148148148149,16.21712292002147,2.5496511003757383,4.294149221685454,1.5096618357487923,0.30864197530864196,1.3955984970477724,0.11406333870101985,
63,25.805152979066023,37.21148684916801,10.681696188942565,16.19699409554482,2.522812667740204,4.253891572732153,1.5096618357487923,0.30864197530864196,1.3955984970477724,0.11406333870101985,
64,25.06038647342995,36.231884057971016,10.44015029522276,12.895866881374127,8.447396672034353,4.233762748255502,0.9125067096081588,0.30864197530864196,1.3553408480944713,0.11406333870101985,
65,25.140901771336555,36.11782071926999,10.607890499194847,12.822061191626409,8.407139023081053,4.233762748255502,0.9125067096081588,0.30864197530864196,1.3352120236178207,0.11406333870101985,
66,25.5300590445518,35.98362855609233,10.7085346215781,12.607353730542137,8.340042941492216,4.139828234031133,0.8789586688137413,0.36231884057971014,1.3352120236178207,0.11406333870101985,
67,25.670960815888353,35.55421363392378,10.815888352120236,12.513419216317766,8.3467525496511,4.341116478797638,0.9930220075147611,0.36231884057971014,1.288244766505636,0.11406333870101985,
68,23.597691894793343,30.19994632313473,8.883521202361782,11.010466988727858,8.071658615136876,15.787707997852925,0.7581857219538379,0.4294149221685454,1.1473429951690821,0.11406333870101985,
69,24.302200751476114,30.038915727321523,8.749329039184111,10.7085346215781,7.930756843800322,15.74074074074074,0.7581857219538379,0.5099302200751477,1.1473429951690821,0.11406333870101985,
70,23.060923242082662,27.28797638217928,7.803274288781535,16.492216854535695,7.9039184111647875,15.01610305958132,0.8118625872249061,0.47638217928073,1.0332796564680622,0.11406333870101985,
71,20.618625872249062,30.17981749865808,7.823403113258186,15.579710144927537,7.769726247987117,14.418947933440688,0.8118625872249061,0.7112184648416533,1.9726247987117553,0.11406333870101985,
72,21.22920021470746,29.898013955984972,7.9039184111647875,15.499194847020934,7.608695652173913,14.284755770263017,0.7783145464304885,0.7112184648416533,1.9726247987117553,0.11406333870101985,
73,21.524422973698336,29.736983360171767,8.031400966183575,15.425389157273216,7.608695652173913,14.130434782608695,0.7447665056360708,0.7112184648416533,1.9726247987117553,0.11406333870101985,
74,21.76596886741814,29.180085882984432,8.393719806763285,15.157004830917874,7.37385936661299,14.17740203972088,0.9930220075147611,0.8118625872249061,2.033011272141707,0.11406333870101985,
75,21.91358024691358,28.92512077294686,8.225979602791197,15.083199141170155,7.454374664519592,13.982823403113258,0.9796027911969941,0.8118625872249061,2.509393451422437,0.11406333870101985,
76,22.08132045088567,28.710413311862588,8.21256038647343,14.928878153515834,7.300053676865271,13.935856146001074,1.261406333870102,0.8118625872249061,2.6435856146001075,0.11406333870101985,
77,22.470477724100913,28.307836822329577,9.145195920558239,14.673913043478262,6.602254428341385,13.982823403113258,1.261406333870102,0.8118625872249061,2.6301663982823404,0.11406333870101985,
78,22.50402576489533,28.032742887815353,9.480676328502415,14.640365002683843,6.588835212023618,13.781535158346752,1.261406333870102,0.8118625872249061,2.6301663982823404,0.2683843263553409,
79,21.349973161567366,25.067096081588836,8.521202361782072,21.947128287707997,6.5552871712292005,11.956521739130435,1.0466988727858293,0.6642512077294686,2.623456790123457,0.2683843263553409,
80,21.443907675791735,24.758454106280194,8.68894256575416,21.866612989801396,6.508319914117015,11.949812130971551,1.2345679012345678,0.6642512077294686,2.6167471819645733,0.2683843263553409,
81,21.772678475577028,24.54374664519592,8.709071390230811,21.74584004294149,6.541867954911433,11.922973698336017,1.2144390767579174,0.6642512077294686,2.6167471819645733,0.2683843263553409,
82,22.128287707997853,24.268652710681696,8.977455716586151,21.524422973698336,6.3137412775093935,12.104133118625873,1.2144390767579174,0.6105743424584005,2.589908749329039,0.2683843263553409,
83,22.396672034353195,24.134460547504027,8.943907675791733,21.470746108427267,6.219806763285024,12.010198604401502,1.2144390767579174,0.6105743424584005,2.7308105206655933,0.2683843263553409,
84,22.81266774020397,23.980139559849704,9.024422973698336,21.28287707997853,6.112453032742888,11.996779388083736,1.2144390767579174,0.6105743424584005,2.7241009125067097,0.24154589371980675,
85,23.53059581320451,23.72517444981213,8.883521202361782,20.840042941492218,6.0654857756307035,11.849168008588299,1.556629092860977,0.5971551261406334,2.7106816961889426,0.24154589371980675,
86,23.181696188942567,23.282340311325818,8.84326355340848,23.040794417606012,4.938271604938271,11.647879763821793,1.5163714439076759,0.47638217928073,2.7442297369833604,0.32877079978529256,
87,23.678207192699947,23.18840579710145,9.104938271604938,22.356414385399894,4.918142780461621,11.728395061728396,1.5029522275899088,0.47638217928073,2.717391304347826,0.32877079978529256,
88,23.785560923242084,22.966988727858293,9.125067096081589,21.886741814278047,4.904723564143854,12.050456253354804,1.5029522275899088,0.47638217928073,2.85829307568438,0.4428341384863124,
89,23.886205045625335,22.899892646269457,9.178743961352657,21.69887278582931,4.904723564143854,11.849168008588299,1.710950080515298,0.46296296296296297,2.965646806226516,0.4428341384863124,
90,24.00697799248524,22.665056360708533,9.406870638754697,21.55126140633387,4.884594739667204,11.768652710681696,1.710950080515298,0.46296296296296297,3.099838969404187,0.4428341384863124,
91,24.288781535158346,22.416800858829845,9.359903381642512,21.256038647342994,4.884594739667204,11.882716049382717,1.710950080515298,0.5904455179817498,3.1870638754696725,0.4227053140096618,
92,24.724906065485776,22.289318303811058,9.292807300053678,21.141975308641975,4.830917874396135,11.849168008588299,1.710950080515298,0.5904455179817498,3.1468062265163717,0.4227053140096618,
93,24.89935587761675,22.208803005904453,9.125067096081589,20.86688137412775,4.830917874396135,11.66129898013956,2.0128824476650564,0.5904455179817498,3.3816425120772946,0.4227053140096618,
94,25.288513150831992,21.900161030595815,9.212292002147075,20.67230273752013,4.817498658078368,11.782071926999464,1.9390767579173376,0.5904455179817498,3.374932903918411,0.4227053140096618,
95,25.181159420289855,21.276167471819647,9.004294149221685,20.148953301127214,6.541867954911433,11.345947396672035,1.9927536231884058,0.5904455179817498,3.4621578099838968,0.4562533548040794,
96,25.429414922168544,21.162104133118625,8.977455716586151,20.001341921631777,6.4412238325281805,11.225174449812132,2.0799785292538915,0.6575415995705851,3.455448201825013,0.5703166935050993,
97,25.738056897477186,20.79307568438003,9.27938808373591,19.6256038647343,6.286902844873859,11.231884057971014,2.2342995169082127,0.6508319914117016,3.589640365002684,0.5703166935050993,
98,26.234567901234566,20.618625872249062,9.172034353193773,19.49812130971551,6.260064412238325,11.231884057971014,2.1739130434782608,0.6508319914117016,3.589640365002684,0.5703166935050993,
99,26.435856146001072,20.40391841116479,9.158615136876007,19.464573268921097,6.179549114331723,11.037305421363392,2.1739130434782608,0.6508319914117016,3.92512077294686,0.5703166935050993,
100,26.623725174449813,20.249597423510465,8.896940418679549,19.330381105743424,6.146001073537305,11.030595813204508,2.200751476113795,0.6508319914117016,4.300858829844337,0.5703166935050993,
101,27.079978529253893,20.169082125603865,9.01100375738057,19.07541599570585,6.078904991948471,10.963499731615673,2.0397208803005906,0.6508319914117016,4.361245303274289,0.5703166935050993,
102,27.073268921095007,19.94766505636071,9.225711218464841,19.108964036500268,5.884326355340848,10.849436392914654,2.2342995169082127,0.6508319914117016,4.455179817498658,0.5703166935050993,
103,21.557971014492754,14.150563607085346,7.118894256575416,34.6081588835212,5.931293612453032,9.883252818035427,2.059849704777241,0.785024154589372,3.33467525496511,0.5703166935050993,
104,21.598228663446054,13.996242619431026,7.179280730005368,34.39345142243693,5.891035963499732,9.77589908749329,2.254428341384863,0.7380568974771873,3.603059581320451,0.5703166935050993,
105,22.282608695652176,13.862050456253355,7.0383789586688135,34.13848631239936,5.790391841116479,9.702093397745571,2.187332259796028,0.8051529790660226,3.6366076221148687,0.5568974771873323,
106,22.61808910359635,13.754696725711218,6.810252281266774,33.74932903918411,5.756843800322061,9.708803005904455,2.462426194310252,0.798443370907139,3.7104133118625873,0.630703166935051,
107,22.859634997316157,13.372249060654857,7.0450885668276975,33.702361782071925,5.756843800322061,9.695383789586689,2.462426194310252,0.785024154589372,3.7037037037037037,0.6172839506172839,
108,23.17498658078368,13.217928073000536,7.112184648416532,33.53462157809984,5.736714975845411,9.681964573268921,2.2946859903381642,0.785024154589372,3.844605475040258,0.6172839506172839,
109,22.765700483091788,12.04374664519592,6.863929146537842,32.50134192163178,5.656199677938808,9.634997316156737,2.3550724637681157,0.785024154589372,6.776704240472356,0.6172839506172839,
110,23.040794417606012,11.829039184111648,6.904186795491143,32.447665056360705,5.475040257648954,9.29951690821256,2.301395598497048,0.785024154589372,6.951154052603328,0.966183574879227,
111,23.32259796027912,11.889425657541599,7.085346215780999,31.95786366076221,5.475040257648954,9.232420826623725,2.3752012882447664,0.785024154589372,6.910896403650026,0.966183574879227,
112,23.356146001073537,11.56736446591519,7.018250134192163,26.113794954374665,5.475040257648954,15.391841116478798,2.3752012882447664,0.7581857219538379,7.024959742351046,0.9192163177670424,
113,23.557434245840042,11.466720343531938,7.03166935050993,26.04669887278583,5.475040257648954,15.318035426731079,2.3752012882447664,0.7581857219538379,7.024959742351046,0.9460547504025765,
114,23.67149758454106,11.453301127214171,7.118894256575416,25.85212023617821,5.407944176060118,15.271068169618895,2.3752012882447664,0.8252818035426731,7.078636607622115,0.9460547504025765,
115,24.04723564143854,11.3191089640365,7.085346215780999,25.603864734299517,5.307300053676865,15.163714439076758,2.5295222758990876,0.8252818035426731,7.0450885668276975,1.0735373054213635,
116,24.214975845410628,11.211755233494364,7.37385936661299,25.187869028448738,5.280461621041331,15.069779924852389,2.4825550187869028,0.798443370907139,7.232957595276436,1.1473429951690821,
117,24.58400429414922,11.124530327428879,7.313472893183038,25.046967257112186,5.273752012882448,14.935587761674718,2.4490069779924855,0.798443370907139,7.219538378958669,1.2546967257112185,
118,24.832259796027913,11.07085346215781,7.253086419753086,24.812130971551262,5.226784755770263,14.834943639291465,2.509393451422437,0.7783145464304885,7.313472893183038,1.3687600644122384,
119,24.54374664519592,10.61460010735373,7.2933440687063875,24.44310252281267,5.2066559312936125,14.65378421900161,2.5026838432635534,0.7581857219538379,8.460815888352121,1.5230810520665594,
120,24.953032742887814,10.554213633923778,7.2933440687063875,24.335748792270532,5.159688674181428,14.492753623188406,2.408749329039184,0.7581857219538379,8.420558239398819,1.6237251744498122,
121,25.469672571121848,10.453569511540525,7.27992485238862,24.168008588298445,5.152979066022544,14.304884594739667,2.408749329039184,0.7581857219538379,8.380300590445518,1.6237251744498122,
122,25.55689747718733,10.379763821792807,7.347020933977456,24.013687600644122,5.139559849704777,14.237788513150832,2.408749329039184,0.7581857219538379,8.521202361782072,1.6371443907675791,
123,25.87895866881374,10.326086956521738,7.347020933977456,23.382984433709073,5.092592592592593,14.076757917337627,2.2745571658615136,0.7581857219538379,9.265968867418144,1.596886741814278,
124,22.71202361782072,9.769189479334408,5.897745571658615,32.52147074610843,2.4355877616747184,13.378958668813741,2.059849704777241,0.5367686527106817,9.104938271604938,1.583467525496511,
125,23.201825013419217,9.75577026301664,5.870907139023081,32.11218464841653,2.4355877616747184,13.197799248523886,2.2745571658615136,0.5367686527106817,9.064680622651638,1.5499194847020934,
126,23.403113258185723,9.722222222222221,6.025228126677402,30.19994632313473,2.4221685453569513,13.191089640365004,2.2611379495437465,0.5367686527106817,10.742082662372518,1.4962426194310252,
127,23.89291465378422,9.621578099838969,6.233225979602791,29.643048845947398,2.4221685453569513,13.083735909822867,2.2342995169082127,0.6709608158883521,10.701825013419215,1.4962426194310252,
128,23.95330112721417,9.655126140633387,6.139291465378422,29.53569511540526,2.898550724637681,12.97638217928073,2.2208803005904456,0.6374127750939346,10.487117552334944,1.4962426194310252,
129,24.282071926999464,9.5276435856146,6.072195383789587,28.978797638217927,2.898550724637681,12.869028448738593,2.6033279656468062,0.6374127750939346,10.654857756307031,1.4761137949543746,
130,24.12775093934514,8.420558239398819,7.669082125603865,28.92512077294686,2.85829307568438,12.76838432635534,2.563070316693505,0.6374127750939346,10.453569511540525,1.5767579173376274,
131,24.610842726784757,8.28636607622115,7.568438003220612,28.690284487385938,2.8247450348899625,13.003220611916264,2.563070316693505,0.6374127750939346,10.272410091250672,1.5432098765432098,
132,24.765163714439076,8.3064949006978,8.024691358024691,28.193773483628558,2.9052603327965647,12.848899624261943,2.5563607085346214,0.6374127750939346,10.225442834138486,1.5365002683843263,
133,24.65780998389694,8.152173913043478,8.80300590445518,27.697262479871174,2.8515834675254963,12.795222758990874,2.442297369833602,0.6172839506172839,10.446859903381643,1.5365002683843263,
134,24.194847020933977,9.73564143853999,8.722490606548577,27.30810520665593,2.536231884057971,12.667740203972087,2.4154589371980677,0.6172839506172839,10.272410091250672,1.5297906602254427,
135,24.610842726784757,9.574610842726784,8.883521202361782,26.838432635534083,2.536231884057971,12.52012882447665,2.6167471819645733,0.6709608158883521,10.218733225979603,1.5297906602254427,
136,24.818840579710145,9.494095544820183,10.7085346215781,25.5703166935051,2.522812667740204,11.849168008588299,2.791196994095545,0.6709608158883521,10.057702630166398,1.4626945786366077,0.05367686527106817
137,24.879227053140095,9.057971014492754,10.332796564680622,25.369028448738593,3.7104133118625873,11.627750939345143,2.7844873859366612,0.6709608158883521,9.977187332259795,1.5365002683843263,0.05367686527106817
138,25.033548040794418,9.004294149221685,10.312667740203972,25.34219001610306,3.6500268384326353,11.621041331186259,2.771068169618894,0.6709608158883521,9.916800858829845,1.6237251744498122,0.05367686527106817
139,25.32206119162641,8.876811594202898,10.25228126677402,25.335480407944175,3.6366076221148687,11.60762211486849,2.7643585614600106,0.6709608158883521,9.88996242619431,1.5901771336553945,0.05367686527106817
140,25.161030595813205,8.709071390230811,10.34621578099839,24.986580783682232,4.146537842190016,11.688137412775093,2.7643585614600106,0.7514761137949544,9.802737520128824,1.5901771336553945,0.05367686527106817
141,25.449543746645197,7.897208803005904,10.21202361782072,26.154052603327965,4.05931293612453,11.540526033279656,2.7509393451422435,0.7514761137949544,9.561191626409018,1.570048309178744,0.05367686527106817
142,25.59044551798175,7.85024154589372,10.21202361782072,25.979602791196996,4.045893719806763,11.520397208803006,3.0193236714975846,0.7514761137949544,9.406870638754697,1.570048309178744,0.05367686527106817
143,25.684380032206118,7.950885668276973,10.017444981213098,25.87224906065486,4.045893719806763,11.500268384326356,3.126677402039721,0.7514761137949544,9.366612989801396,1.570048309178744,0.11406333870101985
144,25.89237788513151,7.87037037037037,10.185185185185185,25.53676865271068,4.019055287171229,11.473429951690822,3.207192699946323,0.7514761137949544,9.440418679549115,1.5096618357487923,0.11406333870101985
145,26.154052603327965,7.709339774557166,10.641438539989265,25.09393451422437,4.019055287171229,11.406333870101985,3.260869565217391,0.7514761137949544,9.339774557165862,1.5096618357487923,0.11406333870101985
146,26.482823403113258,7.689210950080516,10.581052066559312,24.859098228663445,4.012345679012346,11.386205045625335,3.3950617283950617,0.7514761137949544,9.232420826623725,1.4962426194310252,0.11406333870101985
147,26.69753086419753,7.722758990874933,10.540794417606012,24.67793880837359,4.079441760601181,11.285560923242082,3.4151905528717124,0.7514761137949544,9.232420826623725,1.4962426194310252,0.10064412238325282
148,27.160493827160494,7.581857219538379,10.520665593129362,24.382716049382715,4.072732152442297,11.439881910896403,3.374932903918411,0.7514761137949544,9.118357487922705,1.4962426194310252,0.10064412238325282
149,27.509393451422437,7.561728395061729,10.50053676865271,24.18142780461621,4.072732152442297,11.406333870101985,3.374932903918411,0.7514761137949544,9.044551798174986,1.4962426194310252,0.10064412238325282
150,27.811325818572197,7.494632313472893,10.695115405260333,24.020397208803004,4.066022544283414,11.245303274288782,3.307836822329576,0.7514761137949544,9.024422973698336,1.482823403113258,0.10064412238325282
151,28.026033279656467,7.474503488996243,10.668276972624799,23.960010735373054,4.066022544283414,11.20504562533548,3.294417606011809,0.7514761137949544,8.970746108427267,1.482823403113258,0.10064412238325282
152,28.31454643048846,7.440955448201825,10.68840579710145,23.839237788513152,4.066022544283414,11.09098228663446,3.2340311325818574,0.7514761137949544,8.950617283950617,1.5230810520665594,0.10064412238325282
153,28.44873859366613,7.467793880837359,10.399892646269459,23.403113258185723,4.703435319377348,11.151368760064413,3.126677402039721,0.7514761137949544,8.923778851315083,1.5230810520665594,0.10064412238325282
154,28.951959205582394,7.407407407407407,10.393183038110575,23.047504025764894,4.575952764358561,11.151368760064413,3.126677402039721,0.7514761137949544,8.970746108427267,1.5230810520665594,0.10064412238325282
155,29.367954911433173,7.367149758454106,10.339506172839506,22.832796564680624,4.549114331723027,11.11111111111111,3.0931293612453032,0.7514761137949544,8.964036500268385,1.5230810520665594,0.10064412238325282
156,29.408212560386474,7.313472893183038,10.205314009661835,22.61808910359635,4.690016103059581,11.158078368223295,3.193773483628556,0.8387010198604401,8.970746108427267,1.5029522275899088,0.10064412238325282
157,29.851046698872786,7.300053676865271,10.265700483091788,22.074610842726784,4.663177670424047,11.030595813204508,3.3145464304884595,0.8387010198604401,8.923778851315083,1.556629092860977,0.18115942028985507
158,30.06575415995706,7.273215244229737,10.218733225979603,22.034353193773484,4.64975845410628,10.970209339774557,3.2877079978529253,0.8387010198604401,8.923778851315083,1.556629092860977,0.18115942028985507
159,30.314009661835748,7.239667203435319,10.158346752549651,21.83977455716586,4.64975845410628,10.916532474503489,3.3480944712828773,0.8387010198604401,9.024422973698336,1.4895330112721417,0.18115942028985507
160,30.48174986580784,7.1725711218464845,10.104669887278583,21.658615136876005,4.636339237788513,10.849436392914654,3.3480944712828773,0.95276435856146,9.125067096081589,1.4895330112721417,0.18115942028985507
161,30.615942028985508,7.098765432098766,10.144927536231885,21.504294149221685,4.622920021470746,10.88298443370907,3.3480944712828773,0.9393451422436929,9.198872785829307,1.4895330112721417,0.15432098765432098
162,31.05877616747182,6.904186795491143,10.185185185185185,21.40365002683843,4.549114331723027,10.789049919484702,3.4151905528717124,0.9393451422436929,9.16532474503489,1.4358561460010735,0.15432098765432098
163,31.313741277509394,6.823671497584541,10.171765968867419,21.349973161567366,4.435050993022007,10.762211486849168,3.4621578099838968,0.9259259259259259,9.16532474503489,1.4358561460010735,0.15432098765432098
164,31.42109500805153,6.816961889425658,10.628019323671497,20.947396672034355,4.30756843800322,10.829307568438002,3.435319377348363,0.9259259259259259,9.158615136876007,1.3754696725711217,0.15432098765432098
165,31.676060118089104,6.790123456790123,10.527375201288244,20.658883521202362,4.28743961352657,11.017176596886742,3.502415458937198,0.9259259259259259,9.151905528717123,1.3083735909822867,0.15432098765432098
166,31.93102522812668,6.769994632313473,10.493827160493828,20.50456253354804,4.280730005367687,10.836017176596886,3.549382716049383,0.9930220075147611,9.205582393988191,1.2815351583467525,0.15432098765432098
167,32.2866344605475,6.756575415995706,10.527375201288244,20.21604938271605,4.320987654320987,10.762211486849168,3.7037037037037037,1.0265700483091786,8.984165324745035,1.2815351583467525,0.13419216317767044
168,32.6154052603328,6.66935050993022,10.507246376811594,19.97450348899624,4.408212560386473,10.68840579710145,3.69699409554482,1.0265700483091786,9.01100375738057,1.2815351583467525,0.12077294685990338
169,33.10520665593129,6.635802469135802,10.601180891035963,19.746376811594203,4.394793344068707,10.601180891035963,3.616478797638218,1.0064412238325282,8.930488459473967,1.2412775093934514,0.12077294685990338
170,33.21256038647343,6.635802469135802,10.648148148148149,19.618894256575416,4.394793344068707,10.581052066559312,3.7640901771336552,1.0064412238325282,8.78287707997853,1.2345679012345678,0.12077294685990338
171,33.071658615136876,6.568706387546968,11.20504562533548,19.343800322061192,4.388083735909823,10.527375201288244,3.7372517444981215,1.0064412238325282,8.796296296296296,1.2345679012345678,0.12077294685990338
172,33.333333333333336,6.528448738593666,11.701556629092861,18.867418142780462,4.38137412775094,10.373054213633925,3.69699409554482,0.9930220075147611,8.789586688137414,1.2144390767579174,0.12077294685990338
173,33.48094471282877,6.528448738593666,11.681427804616211,18.82716049382716,4.38137412775094,10.339506172839506,3.683574879227053,0.9930220075147611,8.749329039184111,1.2144390767579174,0.12077294685990338
174,33.46081588835212,6.528448738593666,11.869296833064949,18.706387546967257,4.367954911433173,10.426731078904991,3.6768652710681695,0.9326355340848095,8.695652173913043,1.2144390767579174,0.12077294685990338
175,33.10520665593129,6.273483628556092,11.802200751476114,18.612453032742888,5.22007514761138,10.38647342995169,3.5963499731615673,0.9125067096081588,8.756038647342995,1.2144390767579174,0.12077294685990338
176,33.360171765968865,6.1929683306494905,11.77536231884058,18.38432635534085,5.414653784219001,10.38647342995169,3.5829307568438002,0.9125067096081588,8.655394524959743,1.2144390767579174,0.12077294685990338
177,33.467525496511,6.166129898013956,11.735104669887278,18.364197530864196,5.394524959742351,10.373054213633925,3.5829307568438002,0.8722490606548577,8.709071390230811,1.2144390767579174,0.12077294685990338
178,33.48765432098765,6.038647342995169,11.701556629092861,18.16290928609769,5.35426731078905,10.34621578099839,3.556092324208266,0.966183574879227,9.07139023081052,1.2010198604401503,0.11406333870101985
179,33.93048845947396,5.964841653247451,11.641170155662909,18.00187869028449,5.3341384863123995,10.319377348362856,3.408480944712829,0.966183574879227,9.118357487922705,1.2010198604401503,0.11406333870101985
180,34.23913043478261,5.998389694041868,11.372785829307569,17.800590445517983,5.401234567901234,10.373054213633925,3.3950617283950617,0.9460547504025765,9.158615136876007,1.2010198604401503,0.11406333870101985
181,34.6081588835212,5.931293612453032,11.506977992485238,17.404723564143854,5.394524959742351,10.36634460547504,3.4420289855072466,0.9460547504025765,9.111647879763822,1.1741814278046163,0.11406333870101985
182,34.76918947933441,5.924584004294149,11.500268384326356,17.270531400966185,5.360976918947934,10.373054213633925,3.4957058507783145,0.9326355340848095,9.098228663446054,1.1741814278046163,0.10064412238325282
183,35.057702630166396,5.891035963499732,11.43317230273752,17.23027375201288,5.360976918947934,10.352925389157273,3.4957058507783145,0.9326355340848095,9.004294149221685,1.1406333870101986,0.10064412238325282
184,35.20531400966183,5.803811057434245,11.366076221148685,17.163177670424048,5.488459473966721,10.332796564680622,3.475577026301664,0.9326355340848095,8.99087493290392,1.1406333870101986,0.10064412238325282
185,35.42673107890499,5.803811057434245,11.225174449812132,16.97530864197531,5.401234567901234,10.406602254428341,3.6097691894793345,0.8856682769726248,9.024422973698336,1.1406333870101986,0.10064412238325282
186,35.567632850241544,5.776972624798712,11.218464841653248,16.780730005367687,5.347557702630167,10.46027911969941,3.7238325281803544,0.8588298443370908,9.078099838969404,1.107085346215781,0.08051529790660225
187,35.889694041867955,5.636070853462158,11.252012882447666,16.820987654320987,5.253623188405797,10.34621578099839,3.717122920021471,0.798443370907139,9.125067096081589,1.0802469135802468,0.08051529790660225
188,35.71524422973698,5.4616210413311865,11.520397208803006,16.646537842190018,5.186527106816962,10.789049919484702,3.7238325281803544,0.785024154589372,9.01100375738057,1.0802469135802468,0.08051529790660225
189,35.225442834138484,5.4549114331723025,11.876006441223833,16.284219001610307,5.267042404723564,10.641438539989265,3.7037037037037037,0.6776704240472357,9.722222222222221,1.06682769726248,0.08051529790660225
190,35.581052066559316,5.4549114331723025,11.728395061728396,16.25067096081589,5.293880837359098,10.453569511540525,3.81105743424584,0.6776704240472357,9.614868491680086,1.0534084809447128,0.08051529790660225
191,35.77563070316693,5.4549114331723025,11.768652710681696,16.10305958132045,5.287171229200215,10.413311862587225,3.770799785292539,0.6776704240472357,9.614868491680086,1.0534084809447128,0.08051529790660225
192,36.05743424584004,5.401234567901234,11.533816425120772,16.076221148684915,5.367686527106817,10.305958132045088,3.770799785292539,0.7917337627482555,9.561191626409018,1.0534084809447128,0.08051529790660225
193,35.581052066559316,5.414653784219001,11.902844873859367,15.881642512077295,5.347557702630167,10.352925389157273,3.750670960815888,0.7917337627482555,9.86983360171766,1.0265700483091786,0.08051529790660225
194,27.95222758990875,3.8378958668813743,9.333064949006978,31.353998926462694,5.059044551798175,10.238862050456254,2.6637144390767578,0.7917337627482555,7.796564680622652,0.966183574879227,0.0067096081588835215
195,28.247450348899623,3.8043478260869565,9.286097691894794,31.159420289855074,5.112721417069243,10.23215244229737,2.6972624798711755,0.7648953301127214,7.722758990874933,0.966183574879227,0.0067096081588835215
196,28.475577026301664,3.7909286097691894,9.225711218464841,31.031937734836287,5.072463768115942,10.151637144390767,2.737520128824477,0.7648953301127214,7.7831454643048845,0.9594739667203436,0.0067096081588835215
197,28.764090177133657,3.7573805689747717,9.091519055287172,30.783682232957595,5.072463768115942,10.198604401502953,2.898550724637681,0.7648953301127214,7.702630166398282,0.9594739667203436,0.0067096081588835215
198,29.012345679012345,3.7238325281803544,9.219001610305957,30.555555555555557,5.139559849704777,10.064412238325282,2.8650026838432634,0.7514761137949544,7.702630166398282,0.9594739667203436,0.0067096081588835215
199,29.126409017713364,3.616478797638218,9.16532474503489,29.542404723564143,4.998658078368224,11.104401502952227,3.026033279656468,0.7246376811594203,7.729468599033816,0.9594739667203436,0.0067096081588835215
200,29.502147074610843,3.5963499731615673,9.125067096081589,29.300858829844337,4.978529253891573,11.18491680085883,3.026033279656468,0.7246376811594203,7.595276435856146,0.9594739667203436,0.0067096081588835215
201,29.636339237788512,3.7037037037037037,9.111647879763822,29.005636070853463,4.99194847020934,11.158078368223295,3.026033279656468,0.7716049382716049,7.648953301127214,0.9393451422436929,0.0067096081588835215
202,29.54911433172303,3.656736446591519,9.16532474503489,29.59608158883521,5.0993022007514766,10.943370907139023,3.026033279656468,0.7716049382716049,7.246376811594203,0.9393451422436929,0.0067096081588835215
203,29.99194847020934,3.6500268384326353,9.125067096081589,29.30756843800322,5.260332796564681,10.795759527643586,3.026033279656468,0.7716049382716049,7.125603864734299,0.9393451422436929,0.0067096081588835215
204,30.19994632313473,3.6500268384326353,9.05126140633387,29.05931293612453,5.22007514761138,10.701825013419215,3.0193236714975846,0.7716049382716049,7.380568974771873,0.9393451422436929,0.0067096081588835215
205,30.401234567901234,3.6500268384326353,9.078099838969404,28.83118625872249,5.293880837359098,10.560923242082662,3.1602254428341383,0.7716049382716049,7.320182501341922,0.9259259259259259,0.0067096081588835215
206,30.669618894256576,3.6231884057971016,9.05126140633387,28.5426731078905,5.260332796564681,10.674986580783683,3.1736446591519054,0.7716049382716049,7.300053676865271,0.9259259259259259,0.0067096081588835215
207,30.99838969404187,3.6231884057971016,9.151905528717123,28.23403113258186,5.3341384863123995,10.493827160493828,3.2541599570585076,0.7716049382716049,7.232957595276436,0.8990874932903918,0.0067096081588835215
208,31.320450885668276,3.6097691894793345,9.185453569511541,27.9723564143854,5.3274288781535155,10.466988727858293,3.240740740740741,0.7716049382716049,7.199409554482019,0.8990874932903918,0.0067096081588835215
209,31.414385399892645,3.6097691894793345,9.172034353193773,27.851583467525497,5.314009661835748,10.567632850241546,3.126677402039721,0.7716049382716049,7.266505636070853,0.8990874932903918,0.0067096081588835215
