,45,50,52,51,55,53,54,58,60,57,56,47,61,59,46
0,97.89989264626946,1.7444981213097155,0.35560923242082665,,,,,,,,,,,,
1,93.25684380032206,6.3070316693505095,0.2616747181964573,0.13419216317767044,0.040257648953301126,,,,,,,,,,
2,84.63499731615674,14.928878153515834,0.2616747181964573,0.13419216317767044,0.040257648953301126,,,,,,,,,,
3,84.26596886741814,15.297906602254429,0.2616747181964573,0.13419216317767044,0.040257648953301126,,,,,,,,,,
4,83.68223295759528,15.754159957058508,0.2616747181964573,0.13419216317767044,0.16774020397208803,,,,,,,,,,
5,75.33548040794417,23.95330112721417,0.2616747181964573,0.20128824476650564,0.24825550187869028,,,,,,,,,,
6,73.76543209876543,25.281803542673106,0.2616747181964573,0.20128824476650564,0.48980139559849706,,,,,,,,,,
7,73.30917874396135,25.758185721953836,0.2616747181964573,0.15432098765432098,0.48980139559849706,0.026838432635534086,,,,,,,,,
8,72.43692968330649,26.27482555018787,0.27509393451422437,0.30193236714975846,0.6843800322061192,0.026838432635534086,,,,,,,,,
9,70.8467525496511,27.522812667740205,0.27509393451422437,0.38915727321524424,0.9393451422436929,0.026838432635534086,,,,,,,,,
10,70.10198604401504,28.267579173376276,0.27509393451422437,0.38915727321524424,0.9393451422436929,0.026838432635534086,,,,,,,,,
11,69.61218464841653,27.395330112721417,0.27509393451422437,0.38915727321524424,0.8722490606548577,0.026838432635534086,1.42914653784219,,,,,,,,
12,69.10896403650027,27.75764895330113,0.27509393451422437,0.5300590445517982,0.8722490606548577,0.026838432635534086,1.42914653784219,,,,,,,,
13,68.98148148148148,27.47584541062802,0.27509393451422437,0.6575415995705851,1.1943102522812667,0.026838432635534086,1.3888888888888888,,,,,,,,
14,68.65942028985508,27.68384326355341,0.27509393451422437,0.6575415995705851,1.3083735909822867,0.026838432635534086,1.3888888888888888,,,,,,,,
15,68.46484165324745,27.891841116478798,0.27509393451422437,0.6239935587761675,1.3419216317767042,0.026838432635534086,1.3754696725711217,,,,,,,,
16,67.88781535158347,28.395061728395063,0.27509393451422437,0.6239935587761675,1.3419216317767042,0.026838432635534086,1.4492753623188406,,,,,,,,
17,64.77455716586151,31.092324208266238,0.27509393451422437,0.6239935587761675,1.402308105206656,0.026838432635534086,1.8048845947396672,,,,,,,,
18,59.05797101449275,36.560654857756305,0.27509393451422437,0.6239935587761675,1.402308105206656,0.27509393451422437,1.8048845947396672,,,,,,,,
19,54.93827160493827,40.92860976918948,0.33548040794417605,0.48980139559849706,1.3217928073000538,0.18115942028985507,1.8048845947396672,,,,,,,,
20,54.28743961352657,41.0024154589372,0.4025764895330113,0.48980139559849706,1.6170155662909287,0.18115942028985507,1.9927536231884058,0.026838432635534086,,,,,,,
21,52.8918411164788,41.968599033816425,0.5233494363929146,0.5636070853462157,1.7310789049919484,0.18115942028985507,2.1135265700483092,0.026838432635534086,,,,,,,
22,50.12748255501879,44.69269994632314,0.5233494363929146,0.5636070853462157,1.7310789049919484,0.18115942028985507,2.15378421900161,0.026838432635534086,,,,,,,
23,33.16559312936125,63.197799248523886,0.3757380568974772,0.48980139559849706,2.01959205582394,0.18115942028985507,0.5703166935050993,,,,,,,,
24,33.21256038647343,62.80193236714976,0.6776704240472357,0.48980139559849706,1.9927536231884058,0.18115942028985507,0.644122383252818,,,,,,,,
25,33.1454643048846,62.57380568974772,0.6776704240472357,0.48980139559849706,2.15378421900161,0.18115942028985507,0.7783145464304885,,,,,,,,
26,32.9777241009125,62.17793880837359,0.7045088566827697,0.6038647342995169,2.5966183574879227,0.18115942028985507,0.7581857219538379,,,,,,,,
27,32.82340311325819,61.902844873859365,0.644122383252818,0.6038647342995169,2.985775630703167,0.28180354267310787,0.7581857219538379,,,,,,,,
28,32.8569511540526,61.78878153515835,0.644122383252818,0.6038647342995169,3.0730005367686526,0.28180354267310787,0.7514761137949544,,,,,,,,
29,32.971014492753625,60.96349973161568,0.644122383252818,0.6709608158883521,3.717122920021471,0.28180354267310787,0.7514761137949544,,,,,,,,
30,31.333870101986044,59.50751476113795,0.644122383252818,0.6105743424584005,6.850509930220075,0.28180354267310787,0.7716049382716049,,,,,,,,
31,30.54213633923779,60.16505636070853,0.644122383252818,0.6105743424584005,6.6827697262479875,0.28180354267310787,0.9192163177670424,,0.15432098765432098,,,,,,
32,29.71014492753623,59.333064949006975,2.2342995169082127,0.5904455179817498,6.696188942565755,0.28180354267310787,0.9997316156736447,,0.15432098765432098,,,,,,
33,29.30756843800322,59.534353193773484,2.227589908749329,0.5904455179817498,6.723027375201288,0.28180354267310787,0.9997316156736447,,0.15432098765432098,0.18115942028985507,,,,,
34,28.368223295759528,60.11137949543747,2.227589908749329,0.6239935587761675,7.051798174986581,0.28180354267310787,0.9997316156736447,,0.15432098765432098,0.18115942028985507,,,,,
35,28.395061728395063,58.675523349436396,2.1068169618894257,0.6239935587761675,8.252818035426731,0.47638217928073,1.133923778851315,,0.15432098765432098,0.18115942028985507,,,,,
36,27.36849168008588,59.38674181427805,2.214170692431562,0.48980139559849706,8.709071390230811,0.47638217928073,1.0198604401502953,,0.15432098765432098,0.18115942028985507,,,,,
37,21.55126140633387,45.611916264090176,2.214170692431562,20.73268921095008,7.595276435856146,0.47638217928073,0.8722490606548577,,0.15432098765432098,0.18115942028985507,0.6105743424584005,,,,
38,20.303274288781534,41.76060118089104,2.6167471819645733,19.57192699946323,7.454374664519592,6.367418142780462,0.8722490606548577,,0.15432098765432098,0.18115942028985507,0.7179280730005367,,,,
39,20.25630703166935,41.619699409554485,2.5563607085346214,19.464573268921097,7.461084272678476,6.226516371443908,1.06682769726248,,0.15432098765432098,0.18115942028985507,1.0131508319914118,,,,
40,20.02818035426731,41.1634460547504,2.6704240472356413,19.585346215780998,7.917337627482555,6.132581857219538,1.06682769726248,0.08722490606548577,0.15432098765432098,0.18115942028985507,1.0131508319914118,,,,
41,20.041599570585078,40.80112721417069,2.885131508319914,19.47799248523886,8.185721953837897,6.132581857219538,1.0399892646269457,0.08722490606548577,0.15432098765432098,0.18115942028985507,1.0131508319914118,,,,
42,20.115405260332796,40.042941492216855,2.8918411164787976,19.26328502415459,8.521202361782072,6.132581857219538,1.4224369296833066,0.08722490606548577,0.15432098765432098,0.18115942028985507,1.1876006441223832,,,,
43,20.055018786902846,39.91545893719807,2.8918411164787976,19.182769726247987,8.756038647342995,6.0654857756307035,1.4224369296833066,0.15432098765432098,0.15432098765432098,0.18115942028985507,1.221148684916801,,,,
44,20.175791733762747,39.660493827160494,2.8918411164787976,19.008319914117017,8.648684916800859,5.938003220611916,1.8048845947396672,0.24154589371980675,0.15432098765432098,0.18115942028985507,1.2949543746645196,,,,
45,19.39747718733226,69.08212560386474,2.9924852388620504,0.8856682769726248,5.434782608695652,0.4562533548040794,1.415727321524423,,0.15432098765432098,0.18115942028985507,,,,,
46,19.444444444444443,68.73322597960279,2.9723564143853998,0.9594739667203436,5.562265163714439,0.4562533548040794,1.4626945786366077,,0.15432098765432098,0.14761137949543746,0.10735373054213634,,,,
47,19.316961889425656,57.94417606011809,2.9723564143853998,1.1003757380568975,5.9447128287707995,10.869565217391305,1.442565754159957,,0.15432098765432098,0.14761137949543746,0.10735373054213634,,,,
48,19.32367149758454,57.45437466451959,2.9723564143853998,1.4358561460010735,6.011808910359635,10.802469135802468,1.5432098765432098,0.04696725711218465,0.15432098765432098,0.14761137949543746,0.10735373054213634,,,,
49,18.968062265163713,52.06655931293612,2.8784219001610305,1.4358561460010735,4.03918411164788,19.03515834675255,1.5029522275899088,0.07380568974771873,,,,,,,
50,18.760064412238325,52.02630166398282,3.126677402039721,1.4358561460010735,4.092860976918948,18.988191089640367,1.4962426194310252,0.07380568974771873,,,,,,,
51,14.130434782608695,57.09205582393988,2.6435856146001075,1.3955984970477724,4.320987654320987,18.719806763285025,1.6237251744498122,0.07380568974771873,,,,,,,
52,12.359098228663447,58.1454643048846,2.576489533011272,1.3754696725711217,5.025496511003757,18.47826086956522,1.5767579173376274,0.46296296296296297,,,,,,,
53,12.553676865271068,57.67579173376275,2.5966183574879227,1.3754696725711217,5.280461621041331,18.283682232957595,1.5767579173376274,0.5099302200751477,,0.14761137949543746,,,,,
54,12.359098228663447,56.72302737520129,3.9184111647879765,1.247987117552335,5.186527106816962,18.00187869028449,1.6774020397208802,0.5703166935050993,,0.3153515834675255,,,,,
55,12.580515297906603,54.91814278046162,3.898282340311326,1.247987117552335,6.769994632313473,17.60601180891036,1.8183038110574343,0.8454106280193237,,0.3153515834675255,,,,,
56,12.68786902844874,54.180085882984436,3.898282340311326,1.247987117552335,7.4208266237251745,17.3040794417606,1.7981749865807837,1.0869565217391304,,0.3757380568974772,,,,,
57,12.372517444981213,54.25389157273215,3.9184111647879765,5.179817498658078,7.266505636070853,13.486312399355878,1.8988191089640365,1.247987117552335,,0.3757380568974772,,,,,
58,12.426194310252281,54.05260332796565,3.844605475040258,5.179817498658078,7.266505636070853,13.539989264626946,2.0665593129361244,1.247987117552335,,0.3757380568974772,,,,,
59,12.694578636607622,53.837895866881375,3.844605475040258,5.179817498658078,7.434245840042942,13.24476650563607,2.0531400966183573,1.2949543746645196,,0.41599570585077833,,,,,
60,12.627482555018787,53.5829307568438,3.844605475040258,4.884594739667204,8.776167471819646,12.5,2.0531400966183573,1.2412775093934514,,0.35560923242082665,0.13419216317767044,,,,
61,12.654320987654321,53.173644659151904,3.8378958668813743,5.025496511003757,8.903650026838433,12.151100375738057,2.0933977455716586,1.6706924315619969,,0.35560923242082665,0.13419216317767044,,,,
62,11.486849168008588,53.68357487922705,2.871712292002147,4.609500805152979,8.82313472893183,13.962694578636608,2.046430488459474,1.5901771336553945,,0.7917337627482555,0.13419216317767044,,,,
63,11.741814278046162,53.11325818572195,2.871712292002147,4.609500805152979,8.890230810520666,14.023081052066559,2.059849704777241,1.6572732152442298,,0.7917337627482555,0.24154589371980675,,,,
64,11.721685453569512,52.47584541062802,3.0059044551798175,4.609500805152979,9.306226516371444,13.996242619431026,2.1940418679549114,1.6572732152442298,,0.7917337627482555,0.24154589371980675,,,,
65,11.79549114331723,51.939076757917334,2.9924852388620504,4.549114331723027,9.50751476113795,14.264626945786366,2.2342995169082127,1.6572732152442298,,0.7917337627482555,0.2683843263553409,,,,
66,11.849168008588299,51.61701556629093,2.9790660225442833,4.542404723564144,9.621578099838969,14.150563607085346,2.328234031132582,1.6505636070853462,,0.9057971014492754,0.35560923242082665,,,,
67,12.25174449812131,50.93263553408481,2.885131508319914,4.555823939881911,9.581320450885668,13.976113794954374,2.6972624798711755,1.5767579173376274,,1.1876006441223832,0.35560923242082665,,,,
68,12.191358024691358,50.617283950617285,2.885131508319914,4.810789049919484,9.681964573268921,13.976113794954374,2.717391304347826,1.5767579173376274,,1.1876006441223832,0.35560923242082665,,,,
69,11.822329575952764,50.5703166935051,2.8650026838432634,4.669887278582931,9.896672034353195,13.922436929683306,3.1333870101986045,1.5767579173376274,,1.1876006441223832,0.35560923242082665,,,,
70,12.057165861513688,50.32206119162641,2.8650026838432634,4.582662372517445,9.896672034353195,14.023081052066559,3.1333870101986045,1.5767579173376274,,1.1876006441223832,0.35560923242082665,,,,
71,12.110842726784755,49.79200214707461,2.8650026838432634,4.616210413311863,10.36634460547504,13.88888888888889,3.1333870101986045,1.570048309178744,,1.3016639828234031,0.35560923242082665,,,,
72,12.164519592055823,49.16129898013956,2.7777777777777777,4.609500805152979,10.695115405260333,13.875469672571121,3.4957058507783145,1.5633387010198605,,1.3016639828234031,0.35560923242082665,,,,
73,12.31213097155126,48.57756307031669,2.7777777777777777,4.609500805152979,10.668276972624799,13.976113794954374,3.864734299516908,1.556629092860977,,1.3016639828234031,0.35560923242082665,,,,
74,12.412775093934513,48.349436392914654,2.7777777777777777,4.609500805152979,10.762211486849168,13.801663982823403,3.864734299516908,1.6975308641975309,,1.3016639828234031,0.4227053140096618,,,,
75,12.258454106280194,48.07434245840043,2.8650026838432634,4.582662372517445,11.178207192699947,13.821792807300053,3.851315083199141,1.6505636070853462,,1.3016639828234031,0.41599570585077833,,,,
76,12.600644122383253,47.0276435856146,4.53569511540526,4.582662372517445,10.950080515297907,13.801663982823403,3.180354267310789,1.6505636070853462,,1.2546967257112185,0.41599570585077833,,,,
77,11.446591519055287,48.90633387010199,4.824208266237251,4.4820182501341925,10.768921095008052,13.358829844337091,2.9388083735909825,1.6505636070853462,,1.2077294685990339,0.41599570585077833,,,,
78,11.735104669887278,48.651368760064415,4.797369833601718,4.4820182501341925,10.809178743961352,13.056897477187333,2.9388083735909825,1.8518518518518519,,1.261406333870102,0.41599570585077833,,,,
79,11.768652710681696,48.309178743961354,4.770531400966184,4.428341384863124,10.876274825550189,12.875738056897477,3.1535158346752548,1.7444981213097155,,1.5499194847020934,0.5099302200751477,0.013419216317767043,,,
80,11.849168008588299,48.23537305421363,4.770531400966184,4.414922168545357,10.856146001073537,12.76838432635534,3.1535158346752548,1.7444981213097155,0.03354804079441761,1.6505636070853462,0.5099302200751477,0.013419216317767043,,,
81,11.75523349436393,46.833064949006975,4.622920021470746,5.22007514761138,11.238593666129898,12.842190016103059,3.1333870101986045,1.7914653784219001,0.03354804079441761,1.7713365539452497,0.7447665056360708,0.013419216317767043,,,
82,11.922973698336017,46.68545356951154,4.87788513150832,5.12614063338701,11.131239935587761,12.795222758990874,3.1602254428341383,1.751207729468599,0.03354804079441761,1.7713365539452497,0.7313472893183038,0.013419216317767043,,,
83,12.117552334943639,46.06816961889426,4.8443370907139025,5.119431025228127,11.480139559849706,12.795222758990874,3.2742887815351582,1.751207729468599,0.03354804079441761,1.7713365539452497,0.7313472893183038,0.013419216317767043,,,
84,12.352388620504563,45.70585077831455,5.01207729468599,5.119431025228127,11.486849168008588,12.654320987654321,3.3816425120772946,1.7444981213097155,0.03354804079441761,1.7646269457863661,0.7313472893183038,0.013419216317767043,,,
85,11.869296833064949,43.05555555555556,11.11111111111111,5.2066559312936125,11.54723564143854,10.379763821792807,3.455448201825013,1.06682769726248,0.03354804079441761,1.6304347826086956,0.644122383252818,,,,
86,12.00348899624262,42.3845947396672,10.567632850241546,5.374396135265701,11.79549114331723,10.735373054213634,3.6768652710681695,1.06682769726248,0.03354804079441761,1.7176596886741815,0.644122383252818,,,,
87,12.191358024691358,42.23698336017176,10.50053676865271,5.35426731078905,11.81561996779388,10.695115405260333,3.670155662909286,1.06682769726248,0.03354804079441761,1.7176596886741815,0.7179280730005367,,,,
88,12.365807836822329,41.646537842190014,10.359634997316157,5.374396135265701,11.802200751476114,10.493827160493828,4.025764895330113,1.0534084809447128,0.03354804079441761,1.7847557702630166,1.0601180891035964,,,,
89,12.439613526570048,41.0829307568438,10.674986580783683,5.448201825013419,12.010198604401502,10.359634997316157,4.025764895330113,0.9796027911969941,0.03354804079441761,1.892109500805153,1.0534084809447128,,,,
90,12.144390767579173,40.51932367149758,10.520665593129362,5.360976918947934,12.02361782071927,11.41304347826087,3.9586688137412773,0.9796027911969941,0.03354804079441761,1.9927536231884058,1.0534084809447128,,,,
91,12.218196457326892,40.23081052066559,10.48040794417606,5.555555555555555,12.016908212560386,11.292270531400966,4.079441760601181,0.9460547504025765,0.03354804079441761,1.9457863660762211,1.2010198604401503,,,,
92,12.070585077831455,40.042941492216855,10.527375201288244,5.810520665593129,11.963231347289318,11.131239935587761,4.159957058507783,1.0332796564680622,0.03354804079441761,2.0263016639828235,1.2010198604401503,,,,
93,11.969940955448202,39.34514224369297,10.507246376811594,5.689747718733226,12.198067632850242,10.735373054213634,4.528985507246377,0.9930220075147611,0.03354804079441761,2.006172839506173,1.9927536231884058,,,,
94,11.943102522812667,38.85534084809447,10.50053676865271,5.683038110574342,12.47987117552335,10.755501878690284,4.690016103059581,1.0735373054213635,0.03354804079441761,1.9927536231884058,1.9927536231884058,,,,
95,11.81561996779388,37.4597423510467,9.561191626409018,5.683038110574342,13.305152979066023,11.842458400429415,4.85775630703167,1.0399892646269457,0.03354804079441761,2.3349436392914655,2.0665593129361244,,,,
96,11.842458400429415,37.15780998389694,9.695383789586689,5.662909286097692,13.526570048309178,11.714975845410628,4.864465915190553,1.0131508319914118,0.03354804079441761,2.314814814814815,2.1739130434782608,,,,
97,12.130971551261407,37.003488996242616,9.668545356951155,5.595813204508857,13.493022007514762,11.641170155662909,4.830917874396135,1.0466988727858293,0.03354804079441761,2.314814814814815,2.2410091250670963,,,,
98,12.016908212560386,36.06414385399893,9.863123993558776,5.5756843800322065,13.875469672571121,10.869565217391305,4.944981213097155,0.8856682769726248,0.03354804079441761,2.3886205045625335,3.4822866344605474,,,,
99,12.13768115942029,35.92324208266237,9.88996242619431,5.314009661835748,13.761406333870102,10.735373054213634,5.24020397208803,0.8387010198604401,0.11406333870101985,2.4691358024691357,3.5762211486849167,,,,
100,11.90955448201825,35.11137949543747,9.769189479334408,5.213365539452496,13.687600644122384,12.02361782071927,5.139559849704777,0.8387010198604401,0.11406333870101985,2.576489533011272,3.616478797638218,,,,
101,11.876006441223833,34.86983360171766,9.950348899624261,5.381105743424584,13.66076221148685,11.943102522812667,5.139559849704777,0.8856682769726248,0.11406333870101985,2.563070316693505,3.616478797638218,,,,
102,11.949812130971551,34.52093397745572,10.071121846484166,5.314009661835748,13.828502415458937,12.077294685990339,4.8443370907139025,0.8856682769726248,0.11406333870101985,2.563070316693505,3.8311862587224907,,,,
103,12.258454106280194,34.20558239398819,9.923510466988727,5.307300053676865,13.734567901234568,11.936392914653783,5.025496511003757,0.9930220075147611,0.11406333870101985,2.6704240472356413,3.81105743424584,,0.020128824476650563,,
104,12.204777241009126,33.722490606548575,9.943639291465379,5.253623188405797,14.439076757917338,11.963231347289318,4.9718196457326895,0.9930220075147611,0.11406333870101985,2.6704240472356413,3.7037037037037037,,0.020128824476650563,,
105,12.305421363392378,33.66881374127751,9.822866344605474,5.173107890499195,14.398819108964037,11.929683306494901,5.032206119162641,0.9796027911969941,0.11406333870101985,2.657004830917874,3.898282340311326,,0.020128824476650563,,
106,12.365807836822329,32.74288781535159,9.876543209876543,5.374396135265701,14.969135802469136,11.855877616747183,5.139559849704777,0.9796027911969941,0.11406333870101985,2.6637144390767578,3.898282340311326,,0.020128824476650563,,
107,12.426194310252281,32.68250134192163,9.702093397745571,5.441492216854535,14.834943639291465,12.02361782071927,5.12614063338701,0.9796027911969941,0.11406333870101985,2.6637144390767578,3.9855072463768115,,0.020128824476650563,,
108,12.513419216317766,32.1658615136876,9.64170692431562,5.555555555555555,15.029522275899087,11.882716049382717,5.273752012882448,0.9796027911969941,0.11406333870101985,2.6972624798711755,4.126409017713366,,0.020128824476650563,,
109,10.446859903381643,29.1935050993022,21.651905528717123,5.052334943639291,12.439613526570048,10.225442834138486,5.10601180891036,0.8185721953837896,0.11406333870101985,2.01959205582394,2.9119699409554483,,0.020128824476650563,,
110,10.138217928073,28.37493290391841,20.719269994632313,6.736446591519055,12.198067632850242,10.36634460547504,4.824208266237251,0.8185721953837896,0.11406333870101985,2.6033279656468062,3.0864197530864197,,0.020128824476650563,,
111,10.305958132045088,28.12667740203972,20.477724100912507,6.709608158883521,12.325550187869029,10.413311862587225,4.783950617283951,0.8118625872249061,0.11406333870101985,2.818035426731079,3.0193236714975846,,0.0939345142243693,,
112,10.701825013419215,27.925389157273216,20.33011272141707,6.689479334406871,12.352388620504563,10.420021470746109,4.898013955984971,0.8051529790660226,0.11406333870101985,2.804616210413312,2.8650026838432634,,0.0939345142243693,,
113,10.909822866344605,27.771068169618893,20.222758990874933,6.6760601180891035,12.338969404186795,10.352925389157273,5.01207729468599,0.8521202361782072,0.11406333870101985,2.85829307568438,2.7979066022544283,,0.0939345142243693,,
114,10.82259796027912,26.764626945786365,19.672571121846484,6.588835212023618,13.425925925925926,10.527375201288244,5.045625335480408,0.8521202361782072,0.11406333870101985,3.099838969404187,2.9924852388620504,,0.0939345142243693,,
115,10.896403650026839,26.617015566290927,19.6256038647343,6.588835212023618,13.365539452495975,10.607890499194847,5.146269457863661,0.8521202361782072,0.11406333870101985,3.099838969404187,2.9924852388620504,,0.0939345142243693,,
116,11.117820719269995,26.462694578636608,19.404186795491142,6.568706387546968,13.466183574879228,10.50053676865271,5.146269457863661,0.8521202361782072,0.11406333870101985,3.294417606011809,2.9790660225442833,,0.0939345142243693,,
117,11.07085346215781,26.100375738056897,19.290123456790123,6.568706387546968,13.39237788513151,10.681696188942565,5.46833064949007,0.8521202361782072,0.11406333870101985,3.3950617283950617,2.9723564143853998,,0.0939345142243693,,
118,11.446591519055287,25.77831454643049,18.99490069779925,6.837090713902308,13.6406333870102,10.487117552334944,5.407944176060118,0.8185721953837896,0.11406333870101985,3.4822866344605474,2.898550724637681,,0.0939345142243693,,
119,11.58749329039184,25.174449812130973,15.123456790123457,10.943370907139023,14.049919484702093,10.59447128287708,5.381105743424584,0.8923778851315083,0.11406333870101985,3.1468062265163717,2.898550724637681,,0.0939345142243693,,
120,11.701556629092861,25.0805152979066,15.083199141170155,10.802469135802468,14.023081052066559,10.628019323671497,5.367686527106817,0.8923778851315083,0.11406333870101985,3.1468062265163717,3.0394524959742353,,0.0939345142243693,0.026838432635534086,
121,11.943102522812667,24.9597423510467,14.88191089640365,10.789049919484702,14.029790660225443,10.581052066559312,5.495169082125604,0.8923778851315083,0.11406333870101985,3.1535158346752548,3.0394524959742353,,0.0939345142243693,0.026838432635534086,
122,12.010198604401502,24.825550187869027,14.915458937198068,10.789049919484702,14.016371443907676,10.648148148148149,5.495169082125604,0.8923778851315083,0.11406333870101985,3.1333870101986045,3.0394524959742353,,0.0939345142243693,0.026838432635534086,
123,12.070585077831455,24.516908212560388,14.80810520665593,10.789049919484702,14.016371443907676,10.554213633923778,5.8172302737520125,0.8923778851315083,0.11406333870101985,3.2004830917874396,3.113258185721954,,0.0939345142243693,0.013419216317767043,
124,12.29200214707461,23.49033816425121,14.74771873322598,10.567632850241546,13.674181427804616,10.648148148148149,7.118894256575416,0.8923778851315083,0.11406333870101985,3.1870638754696725,3.1736446591519054,,0.0939345142243693,,
125,12.432903918411165,23.34272678475577,14.80810520665593,10.50053676865271,13.761406333870102,10.507246376811594,7.118894256575416,0.8923778851315083,0.11406333870101985,3.2541599570585076,3.1736446591519054,,0.0939345142243693,,
126,12.661030595813205,23.26892109500805,14.727589908749328,10.312667740203972,13.70101986044015,10.466988727858293,7.078636607622115,0.8722490606548577,0.11406333870101985,3.227321524422974,3.475577026301664,,0.0939345142243693,,
127,12.634192163177671,22.77241009125067,14.526301663982823,9.950348899624261,13.506441223832528,11.553945249597424,6.877348362855609,0.8722490606548577,0.11406333870101985,3.227321524422974,3.8714439076757916,,0.0939345142243693,,
128,12.493290391841116,22.785829307568438,12.983091787439614,9.936929683306495,15.398550724637682,11.621041331186259,6.904186795491143,0.8722490606548577,0.11406333870101985,3.2139023081052067,3.5829307568438002,,0.0939345142243693,,
129,12.298711755233494,23.577563070316693,12.983091787439614,9.426999463231347,15.371712292002147,11.506977992485238,7.0383789586688135,0.8722490606548577,0.11406333870101985,3.207192699946323,3.5091250670960816,,0.0939345142243693,,
130,12.399355877616747,23.429951690821255,12.895866881374127,9.245840042941492,15.28448738593666,11.574074074074074,7.118894256575416,0.8722490606548577,0.11406333870101985,3.1870638754696725,3.784219001610306,,0.0939345142243693,,
131,12.513419216317766,23.32259796027912,12.882447665056361,9.185453569511541,15.418679549114332,11.446591519055287,7.071926999463232,0.8722490606548577,0.11406333870101985,3.1602254428341383,3.9184111647879765,,0.0939345142243693,,
132,12.593934514224369,23.101180891035963,12.842190016103059,9.172034353193773,15.331454643048845,11.674718196457327,6.984702093397746,0.8722490606548577,0.11406333870101985,3.1602254428341383,3.9184111647879765,,0.0939345142243693,0.14090177133655393,
133,12.647611379495437,23.03408480944713,12.493290391841116,8.984165324745035,15.727321524422974,11.896135265700483,6.877348362855609,1.0534084809447128,0.11406333870101985,3.1468062265163717,3.7909286097691894,,0.0939345142243693,0.14090177133655393,
134,12.694578636607622,22.920021470746107,12.372517444981213,8.829844337090714,15.479066022544284,12.130971551261407,7.192699946323135,1.0534084809447128,0.11406333870101985,3.126677402039721,3.851315083199141,,0.0939345142243693,0.14090177133655393,
135,12.788513150831992,22.779119699409556,12.151100375738057,8.682232957595277,15.573000536768653,12.110842726784755,7.192699946323135,1.0399892646269457,0.11406333870101985,3.3480944712828773,3.851315083199141,,0.0939345142243693,0.27509393451422437,
136,13.077026301663983,22.624798711755233,12.151100375738057,8.635265700483092,15.49248523886205,12.090713902308105,7.266505636070853,1.0399892646269457,0.11406333870101985,3.3480944712828773,3.7909286097691894,,0.0939345142243693,0.27509393451422437,
137,13.18438003220612,22.396672034353195,12.13768115942029,8.55475040257649,15.190552871712292,12.553676865271068,7.387278582930757,0.9997316156736447,0.12077294685990338,3.3413848631239937,3.7640901771336552,,0.0939345142243693,0.27509393451422437,
138,13.01663982823403,21.866612989801396,12.31213097155126,8.521202361782072,13.788244766505636,12.446323134728932,9.514224369296834,0.9997316156736447,0.12077294685990338,3.3413848631239937,3.7372517444981215,,0.0939345142243693,0.24154589371980675,
139,12.795222758990874,21.55126140633387,11.688137412775093,10.151637144390767,13.801663982823403,12.016908212560386,9.39345142243693,0.9997316156736447,0.12077294685990338,3.408480944712829,3.7372517444981215,,0.0939345142243693,0.24154589371980675,
140,12.815351583467525,21.16881374127751,11.681427804616211,10.144927536231885,14.04320987654321,11.990069779924852,9.50751476113795,0.9997316156736447,0.12077294685990338,3.408480944712829,3.6634460547504024,,0.0939345142243693,0.36231884057971014,
141,12.889157273215245,21.088298443370906,11.600912506709609,10.11808910359635,14.096886741814279,11.822329575952764,9.4873859366613,0.9863123993558777,0.12077294685990338,3.589640365002684,3.743961352657005,,0.0939345142243693,0.36231884057971014,
142,12.922705314009661,21.07487922705314,11.58749329039184,9.977187332259795,14.2914653784219,11.761943102522812,9.50751476113795,0.9728931830381106,0.12077294685990338,3.589640365002684,3.7372517444981215,,0.0939345142243693,0.36231884057971014,
143,13.009930220075148,20.658883521202362,11.574074074074074,9.943639291465379,14.371980676328503,11.681427804616211,9.856414385399892,0.9728931830381106,0.12077294685990338,3.603059581320451,3.750670960815888,,0.0939345142243693,0.36231884057971014,
144,12.969672571121846,20.625335480407944,11.553945249597424,9.883252818035427,14.325013419216317,11.641170155662909,9.796027911969942,0.966183574879227,0.12077294685990338,3.7238325281803544,3.938539989264627,,0.0939345142243693,0.36231884057971014,
145,13.050187869028449,20.52469135802469,11.513687600644122,9.883252818035427,14.345142243692969,11.721685453569512,9.762479871175524,0.9594739667203436,0.12077294685990338,3.7238325281803544,3.938539989264627,,0.0939345142243693,0.36231884057971014,
146,13.056897477187333,20.242887815351583,11.513687600644122,9.930220075147611,14.553140096618357,11.641170155662909,9.849704777241008,0.9393451422436929,0.12077294685990338,3.7037037037037037,4.032474503488996,,0.0939345142243693,0.322061191626409,
147,12.895866881374127,19.867149758454108,10.916532474503489,10.044283413848632,14.331723027375201,11.466720343531938,9.970477724100913,0.8319914117015567,0.12077294685990338,5.10601180891036,4.032474503488996,,0.0939345142243693,0.322061191626409,
148,12.969672571121846,19.746376811594203,10.903113258185721,10.037573805689748,14.452495974235104,11.466720343531938,9.916800858829845,0.8319914117015567,0.12077294685990338,5.10601180891036,4.032474503488996,,0.0939345142243693,0.322061191626409,
149,13.009930220075148,19.659151905528716,10.815888352120236,9.957058507783145,14.371980676328503,11.41304347826087,9.970477724100913,0.8185721953837896,0.12077294685990338,5.186527106816962,4.260601180891036,,0.0939345142243693,0.322061191626409,
150,13.150831991411701,19.585346215780998,10.809178743961352,9.950348899624261,14.090177133655395,11.721685453569512,9.782608695652174,0.8185721953837896,0.12077294685990338,5.186527106816962,4.367954911433173,,0.0939345142243693,0.322061191626409,
151,13.372249060654857,19.35721953837896,10.701825013419215,10.010735373054214,14.023081052066559,11.735104669887278,9.77589908749329,0.798443370907139,0.20128824476650564,5.22007514761138,4.394793344068707,,0.0939345142243693,0.3153515834675255,
152,13.613794954374665,19.16935050993022,11.124530327428879,9.842995169082126,13.781535158346752,11.701556629092861,9.77589908749329,0.798443370907139,0.20128824476650564,5.186527106816962,4.394793344068707,,0.0939345142243693,0.3153515834675255,
153,13.560118089103597,19.0150295222759,11.11111111111111,9.802737520128824,13.45276435856146,12.68786902844874,9.29951690821256,0.798443370907139,0.20128824476650564,5.186527106816962,4.488727858293076,,0.0939345142243693,0.30193236714975846,
154,13.600375738056897,18.99490069779925,11.07085346215781,9.73564143853999,13.553408480944713,12.580515297906603,9.373322597960279,0.798443370907139,0.20128824476650564,5.186527106816962,4.508856682769726,,0.0939345142243693,0.30193236714975846,
155,13.446054750402576,18.59903381642512,12.526838432635534,9.306226516371444,13.39237788513151,12.177938808373591,9.426999463231347,0.9192163177670424,0.20128824476650564,5.139559849704777,4.468599033816425,,0.0939345142243693,0.30193236714975846,
156,13.405797101449275,18.4044551798175,12.828770799785293,9.017713365539452,13.493022007514762,12.245034889962426,9.406870638754697,0.9728931830381106,0.20128824476650564,4.918142780461621,4.602791196994096,,0.0939345142243693,0.30193236714975846,0.10735373054213634
157,13.620504562533547,18.283682232957595,12.795222758990874,9.017713365539452,13.493022007514762,12.184648416532475,9.373322597960279,1.0399892646269457,0.20128824476650564,4.898013955984971,4.5893719806763285,,0.0939345142243693,0.30193236714975846,0.10735373054213634
158,13.58695652173913,18.095813204508858,12.701288244766506,8.943907675791733,13.580246913580247,12.29200214707461,9.494095544820183,1.0869565217391304,0.20128824476650564,4.931561996779388,4.582662372517445,,0.0939345142243693,0.30193236714975846,0.10735373054213634
159,13.875469672571121,18.075684380032207,12.486580783682234,8.923778851315083,13.56682769726248,12.110842726784755,9.4873859366613,1.0735373054213635,0.2952227589908749,5.052334943639291,4.549114331723027,,0.0939345142243693,0.30193236714975846,0.10735373054213634
160,13.922436929683306,17.961621041331185,12.392646269457863,8.923778851315083,13.627214170692431,12.070585077831455,9.366612989801396,1.2144390767579174,0.2952227589908749,5.052334943639291,4.669887278582931,,0.0939345142243693,0.30193236714975846,0.10735373054213634
161,13.976113794954374,17.814009661835748,11.768652710681696,9.205582393988191,13.41250670960816,12.057165861513688,9.634997316156737,1.3217928073000538,0.2952227589908749,5.112721417069243,4.898013955984971,,0.0939345142243693,0.30193236714975846,0.10735373054213634
162,13.982823403113258,17.67981749865808,11.641170155662909,9.16532474503489,13.425925925925926,11.996779388083736,9.73564143853999,1.3083735909822867,0.2952227589908749,5.3274288781535155,4.938271604938271,,0.0939345142243693,0.30193236714975846,0.10735373054213634
163,13.821792807300053,17.2638217928073,11.473429951690822,9.05126140633387,13.747987117552334,11.829039184111648,10.272410091250672,1.2412775093934514,0.2952227589908749,5.307300053676865,5.193236714975845,,0.0939345142243693,0.30193236714975846,0.10735373054213634
164,13.922436929683306,17.05582393988191,11.3191089640365,9.01100375738057,13.895598497047773,11.788781535158346,10.299248523886206,1.2278582930756843,0.2952227589908749,5.199946323134729,5.481749865807837,,0.0939345142243693,0.30193236714975846,0.10735373054213634
165,14.009661835748792,17.022275899087493,11.258722490606548,8.863392377885132,13.734567901234568,11.735104669887278,10.245571658615138,1.2815351583467525,0.2952227589908749,5.401234567901234,5.649490069779925,,0.0939345142243693,0.30193236714975846,0.10735373054213634
166,14.13714439076758,17.022275899087493,11.258722490606548,8.809715512614064,13.707729468599034,11.748523886205046,10.245571658615138,1.2815351583467525,0.2952227589908749,5.407944176060118,5.58239398819109,,0.0939345142243693,0.30193236714975846,0.10735373054213634
167,14.103596349973161,16.794149221685455,11.292270531400966,8.742619431025227,13.345410628019323,11.896135265700483,10.520665593129362,1.2077294685990339,0.2952227589908749,5.407944176060118,5.891035963499732,,0.0939345142243693,0.30193236714975846,0.10735373054213634
168,14.06333870101986,16.75389157273215,11.20504562533548,8.635265700483092,13.419216317767042,13.298443370907139,10.332796564680622,1.1943102522812667,0.32877079978529256,5.273752012882448,5.159688674181428,,,0.2281266774020397,0.10735373054213634
169,13.747987117552334,16.317767042404725,11.137949543746645,11.272141706924316,12.95625335480408,12.681159420289855,9.73564143853999,1.1607622114868492,0.32877079978529256,5.119431025228127,5.2066559312936125,,,0.2281266774020397,0.10735373054213634
170,13.781535158346752,16.13660762211487,11.292270531400966,11.030595813204508,12.775093934514224,12.915995705850777,9.849704777241008,1.1473429951690821,0.32877079978529256,5.179817498658078,5.226784755770263,,,0.2281266774020397,0.10735373054213634
171,13.81508319914117,15.92860976918948,11.520397208803006,10.909822866344605,12.922705314009661,13.023349436392914,9.66183574879227,1.1473429951690821,0.32877079978529256,5.179817498658078,5.226784755770263,,,0.2281266774020397,0.10735373054213634
172,13.70101986044015,15.640096618357488,11.540526033279656,10.755501878690284,12.661030595813205,14.190821256038648,9.400161030595813,1.1205045625335481,0.32877079978529256,5.10601180891036,5.22007514761138,,,0.2281266774020397,0.10735373054213634
173,13.667471819645733,15.418679549114332,11.627750939345143,10.829307568438002,12.989801395598498,13.828502415458937,9.520933977455716,1.0601180891035964,0.32877079978529256,5.179817498658078,5.213365539452496,,,0.2281266774020397,0.10735373054213634
174,13.66076221148685,15.22410091250671,11.60762211486849,10.742082662372518,13.009930220075148,13.788244766505636,9.849704777241008,1.0601180891035964,0.32877079978529256,5.2066559312936125,5.186527106816962,,,0.2281266774020397,0.10735373054213634
175,13.848631239935587,14.942297369833602,11.600912506709609,10.802469135802468,13.110574342458401,13.667471819645733,9.957058507783145,1.0534084809447128,0.32877079978529256,5.186527106816962,5.166398282340311,,,0.2281266774020397,0.10735373054213634
176,13.754696725711218,14.720880300590446,11.66129898013956,10.775630703166936,13.097155126140633,13.6406333870102,10.285829307568438,1.0534084809447128,0.32877079978529256,5.146269457863661,5.199946323134729,,,0.2281266774020397,0.10735373054213634
177,13.781535158346752,14.465915190552872,11.594202898550725,10.493827160493828,13.150831991411701,13.962694578636608,10.36634460547504,1.0534084809447128,0.32877079978529256,5.139559849704777,5.3274288781535155,,,0.2281266774020397,0.10735373054213634
178,13.922436929683306,14.398819108964037,11.580783682232958,10.44015029522276,12.915995705850777,13.902308105206655,10.7085346215781,1.0399892646269457,0.32877079978529256,5.139559849704777,5.287171229200215,,,0.2281266774020397,0.10735373054213634
179,13.976113794954374,14.398819108964037,11.560654857756306,10.420021470746109,12.969672571121846,13.969404186795492,10.681696188942565,0.9930220075147611,0.32877079978529256,5.139559849704777,5.253623188405797,,,0.20128824476650564,0.10735373054213634
180,14.190821256038648,14.318303811057435,11.54723564143854,10.34621578099839,12.942834138486312,14.04320987654321,10.601180891035963,0.9930220075147611,0.32877079978529256,5.132850241545894,5.246913580246914,,,0.20128824476650564,0.10735373054213634
181,14.197530864197532,13.94927536231884,11.782071926999464,10.399892646269459,12.95625335480408,14.338432635534085,10.413311862587225,0.9930220075147611,0.32877079978529256,5.132850241545894,5.199946323134729,,,0.20128824476650564,0.10735373054213634
182,14.2914653784219,13.915727321524423,11.77536231884058,10.171765968867419,13.251476113794954,14.2914653784219,10.413311862587225,0.966183574879227,0.32877079978529256,5.146269457863661,5.139559849704777,,,0.20128824476650564,0.10735373054213634
183,14.083467525496511,13.526570048309178,11.748523886205046,10.037573805689748,12.895866881374127,14.895330112721417,11.3593666129898,0.966183574879227,0.32877079978529256,5.119431025228127,4.7168545356951155,,,0.20128824476650564,0.12077294685990338
184,13.560118089103597,12.848899624261943,14.78797638217928,9.96376811594203,12.379227053140097,14.546430488459475,10.63472893183038,0.966183574879227,0.2214170692431562,5.119431025228127,4.663177670424047,,,0.1878690284487386,0.12077294685990338
185,13.546698872785829,12.822061191626409,14.687332259796028,9.923510466988727,12.265163714439076,14.606816961889425,10.762211486849168,0.966183574879227,0.2214170692431562,5.10601180891036,4.783950617283951,,,0.1878690284487386,0.12077294685990338
186,13.56682769726248,12.72812667740204,14.667203435319378,9.71551261406334,12.52012882447665,14.51959205582394,10.990338164251208,0.966183574879227,0.2214170692431562,5.166398282340311,4.62962962962963,,,0.1878690284487386,0.12077294685990338
187,13.627214170692431,12.721417069243156,14.65378421900161,9.567901234567902,12.513419216317766,14.492753623188406,10.990338164251208,0.966183574879227,0.2214170692431562,5.166398282340311,4.770531400966184,,,0.1878690284487386,0.12077294685990338
188,13.761406333870102,12.546967257112184,14.626945786366075,9.50751476113795,12.466451959205582,14.398819108964037,11.030595813204508,0.966183574879227,0.2214170692431562,5.260332796564681,4.904723564143854,,,0.1878690284487386,0.12077294685990338
189,13.922436929683306,12.47987117552335,14.600107353730541,9.400161030595813,12.453032742887816,14.465915190552872,11.104401502952227,1.0064412238325282,0.2214170692431562,5.139559849704777,4.898013955984971,,,0.1878690284487386,0.12077294685990338
