,45,50,55,53,51,52,56,54,57,59,60,58,61,65,67,62,63,64
0,89.61352657004831,10.38647342995169,,,,,,,,,,,,,,,,
1,86.98336017176597,12.855609232420827,0.1610305958132045,,,,,,,,,,,,,,,
2,83.32662372517444,16.445249597423512,0.1610305958132045,0.06709608158883522,,,,,,,,,,,,,,
3,79.85775630703166,19.95437466451959,0.1878690284487386,,,,,,,,,,,,,,,
4,75.691089640365,23.98684916800859,0.322061191626409,,,,,,,,,,,,,,,
5,74.74503488996243,24.89935587761675,0.35560923242082665,,,,,,,,,,,,,,,
6,74.28878153515835,22.50402576489533,0.4092860976918948,0.04696725711218465,2.7509393451422435,,,,,,,,,,,,,
7,65.39855072463769,30.776972624798713,0.4428341384863124,0.1610305958132045,2.7509393451422435,0.46967257112184646,,,,,,,,,,,,
8,64.76784755770262,31.280193236714975,0.5703166935050993,0.1610305958132045,2.7509393451422435,0.46967257112184646,,,,,,,,,,,,
9,55.60923242082662,40.103327965646805,0.7179280730005367,0.24825550187869028,2.7509393451422435,0.5703166935050993,,,,,,,,,,,,
10,51.43585614600107,42.351046698872786,0.8856682769726248,0.24825550187869028,4.468599033816425,0.6105743424584005,,,,,,,,,,,,
11,49.745034889962426,42.109500805152976,1.3419216317767042,0.24825550187869028,5.9447128287707995,0.6105743424584005,,,,,,,,,,,,
12,46.061460010735374,45.69243156199678,1.402308105206656,0.24825550187869028,5.9514224369296835,0.6105743424584005,0.03354804079441761,,,,,,,,,,,
13,44.860440150295226,46.524422973698336,1.6237251744498122,0.24825550187869028,6.099033816425121,0.6105743424584005,0.03354804079441761,,,,,,,,,,,
14,43.92109500805153,47.25577026301664,1.7713365539452497,0.27509393451422437,5.904455179817498,0.6105743424584005,0.1878690284487386,0.07380568974771873,,,,,,,,,,
15,43.666129898013956,47.08803005904455,1.778046162104133,0.33548040794417605,5.709876543209877,1.06682769726248,0.1878690284487386,0.07380568974771873,0.0939345142243693,,,,,,,,,
16,43.51851851851852,47.1081588835212,1.8719806763285025,0.36902844873859364,5.709876543209877,1.06682769726248,0.1878690284487386,0.07380568974771873,0.0939345142243693,,,,,,,,,
17,43.04884594739667,46.77938808373591,2.073268921095008,0.36902844873859364,5.649490069779925,1.6438539989264627,0.2683843263553409,0.07380568974771873,0.0939345142243693,,,,,,,,,
18,42.14975845410628,46.94041867954911,2.475845410628019,0.36902844873859364,6.025228126677402,1.6035963499731616,0.2683843263553409,0.07380568974771873,0.0939345142243693,,,,,,,,,
19,39.231078904991946,47.89989264626946,2.4355877616747184,0.46296296296296297,7.595276435856146,1.865271068169619,0.3421900161030596,0.07380568974771873,0.0939345142243693,,,,,,,,,
20,34.19887278582931,51.388888888888886,2.6972624798711755,1.2077294685990339,7.37385936661299,2.15378421900161,0.3421900161030596,0.5099302200751477,0.1274825550187869,,,,,,,,,
21,32.06521739130435,52.482555018786904,2.623456790123457,1.2077294685990339,7.206119162640902,3.3145464304884595,0.3421900161030596,0.630703166935051,0.1274825550187869,,,,,,,,,
22,31.850509930220074,52.07326892109501,2.85829307568438,1.2077294685990339,7.179280730005368,3.6500268384326353,0.3421900161030596,0.630703166935051,0.20799785292538917,,,,,,,,,
23,28.247450348899623,39.88862050456253,2.3550724637681157,2.703972088030059,18.263553408480945,7.226247987117552,0.4092860976918948,0.6977992485238862,0.20799785292538917,,,,,,,,,
24,28.227321524422972,37.92270531400966,2.475845410628019,2.589908749329039,20.142243692968332,7.232957595276436,0.47638217928073,0.7112184648416533,0.20799785292538917,0.013419216317767043,,,,,,,,
25,27.428878153515836,38.58695652173913,2.3550724637681157,2.589908749329039,20.095276435856146,7.226247987117552,0.7179280730005367,0.7648953301127214,0.2214170692431562,0.013419216317767043,,,,,,,,
26,27.033011272141707,38.781535158346756,2.475845410628019,2.475845410628019,20.222758990874933,7.139023081052066,0.7179280730005367,0.8588298443370908,0.28180354267310787,0.013419216317767043,,,,,,,,
27,26.972624798711756,38.32528180354267,3.0931293612453032,2.49597423510467,19.920826623725173,7.152442297369833,0.8856682769726248,0.8588298443370908,0.28180354267310787,0.013419216317767043,,,,,,,,
28,26.89210950080515,37.42619431025228,2.85829307568438,2.15378421900161,21.135265700483092,7.6556629092860975,0.7447665056360708,1.0399892646269457,0.08051529790660225,0.013419216317767043,,,,,,,,
29,16.297638217928075,57.35373054213634,2.0397208803005906,1.3620504562533549,11.822329575952764,9.500805152979066,0.5233494363929146,1.0064412238325282,0.08051529790660225,0.013419216317767043,,,,,,,,
30,16.190284487385938,55.475040257648956,3.535963499731616,1.7579173376274826,11.842458400429415,9.574610842726784,0.5233494363929146,1.0064412238325282,0.08051529790660225,0.013419216317767043,,,,,,,,
31,16.06280193236715,52.87842190016103,6.078904991948471,1.751207729468599,11.81561996779388,9.688674181427805,0.5971551261406334,1.0064412238325282,0.08722490606548577,0.013419216317767043,0.020128824476650563,,,,,,,
32,16.022544283413847,52.54965110037574,6.333870101986044,1.751207729468599,11.748523886205046,9.608158883521202,0.644122383252818,1.1406333870101986,0.15432098765432098,0.013419216317767043,0.020128824476650563,0.013419216317767043,,,,,,
33,15.975577026301664,48.80568974771873,6.347289318303811,1.7042404723564144,15.53274288781535,9.594739667203436,0.6843800322061192,1.1406333870101986,0.15432098765432098,0.013419216317767043,0.020128824476650563,0.026838432635534086,,,,,,
34,15.35829307568438,45.32340311325819,6.689479334406871,1.6371443907675791,17.297369833601717,11.674718196457327,0.5568974771873323,1.1137949543746646,0.2885131508319914,0.013419216317767043,0.020128824476650563,0.026838432635534086,,,,,,
35,14.834943639291465,42.552334943639295,6.850509930220075,2.7442297369833604,18.417874396135264,10.071121846484166,0.7917337627482555,3.408480944712829,0.2683843263553409,0.013419216317767043,0.020128824476650563,0.026838432635534086,,,,,,
36,14.63365539452496,40.92860976918948,7.25979602791197,2.509393451422437,17.70665593129361,10.413311862587225,1.0131508319914118,5.01207729468599,0.4227053140096618,0.013419216317767043,0.06038647342995169,0.026838432635534086,,,,,,
37,14.452495974235104,40.445517981749866,7.454374664519592,2.509393451422437,17.726784755770264,10.373054213633925,1.4626945786366077,5.01207729468599,0.46296296296296297,0.013419216317767043,0.06038647342995169,0.026838432635534086,,,,,,
38,12.754965110037574,42.049114331723025,7.50805152979066,2.509393451422437,16.881374127750938,11.238593666129898,1.482823403113258,4.9651100375738055,0.46296296296296297,0.013419216317767043,0.10735373054213634,0.026838432635534086,,,,,,
39,12.721417069243156,41.378153515834676,7.481213097155126,2.509393451422437,17.317498658078367,11.198336017176597,1.482823403113258,5.267042404723564,0.46296296296296297,0.013419216317767043,0.14090177133655393,0.026838432635534086,,,,,,
40,12.694578636607622,39.06333870101986,7.300053676865271,2.5161030595813205,17.954911433172303,11.16478797638218,1.3352120236178207,7.300053676865271,0.48980139559849706,0.013419216317767043,0.14090177133655393,0.026838432635534086,,,,,,
41,12.23161567364466,39.42565754159957,7.9106280193236715,2.49597423510467,18.149490069779926,11.057434245840042,1.3486312399355878,6.723027375201288,0.5099302200751477,0.013419216317767043,0.10735373054213634,0.026838432635534086,,,,,,
42,11.896135265700483,38.781535158346756,8.179012345679013,3.8580246913580245,18.914385399892645,9.66183574879227,1.3217928073000538,6.709608158883521,0.5032206119162641,0.040257648953301126,0.10735373054213634,0.026838432635534086,,,,,,
43,11.876006441223833,37.96296296296296,8.36688137412775,3.844605475040258,18.089103596349972,10.420021470746109,1.5297906602254427,7.219538378958669,0.5032206119162641,0.040257648953301126,0.10735373054213634,0.040257648953301126,,,,,,
44,11.849168008588299,37.486580783682236,8.319914117015566,3.824476650563607,18.00858829844337,11.366076221148685,1.6035963499731616,6.884057971014493,0.46967257112184646,0.040257648953301126,0.10735373054213634,0.040257648953301126,,,,,,
45,11.735104669887278,36.3996242619431,9.057971014492754,4.28743961352657,17.914653784219002,11.366076221148685,1.6975308641975309,6.884057971014493,0.46967257112184646,0.040257648953301126,0.10735373054213634,0.040257648953301126,,,,,,
46,11.721685453569512,35.66156736446592,9.494095544820183,4.783950617283951,17.559044551798173,10.829307568438002,1.6975308641975309,7.501341921631776,0.3488996242619431,0.08722490606548577,0.24154589371980675,0.07380568974771873,,,,,,
47,11.627750939345143,35.47369833601718,9.581320450885668,4.810789049919484,17.277241009125067,11.231884057971014,1.7310789049919484,7.273215244229737,0.3488996242619431,0.23483628556092323,0.33548040794417605,0.07380568974771873,,,,,,
48,11.560654857756306,35.37305421363392,9.634997316156737,4.810789049919484,17.317498658078367,11.325818572195384,1.9390767579173376,7.0450885668276975,0.3488996242619431,0.23483628556092323,0.33548040794417605,0.07380568974771873,,,,,,
49,11.500268384326356,35.198604401502955,9.782608695652174,4.810789049919484,16.894793344068706,11.83574879227053,1.90552871712292,7.018250134192163,0.3824476650563607,0.23483628556092323,0.3488996242619431,0.08722490606548577,,,,,,
50,11.3191089640365,35.10466988727858,10.131508319914117,4.810789049919484,16.82769726247987,11.83574879227053,1.90552871712292,7.011540526033279,0.3824476650563607,0.23483628556092323,0.3488996242619431,0.08722490606548577,,,,,,
51,11.238593666129898,34.99060654857756,10.158346752549651,4.85775630703167,16.800858829844337,11.956521739130435,1.932367149758454,7.011540526033279,0.3824476650563607,0.23483628556092323,0.3488996242619431,0.08722490606548577,,,,,,
52,10.513955984970478,34.95034889962426,10.158346752549651,4.736983360171766,16.720343531937736,12.681159420289855,1.9592055823939882,7.132313472893183,0.4562533548040794,0.24825550187869028,0.3488996242619431,0.0939345142243693,,,,,,
53,9.634997316156737,33.05823939881911,10.272410091250672,4.736983360171766,19.53166935050993,12.298711755233494,2.006172839506173,7.159151905528717,0.5166398282340311,0.27509393451422437,0.38915727321524424,0.12077294685990338,,,,,,
54,9.561191626409018,32.48121309715513,10.305958132045088,4.830917874396135,18.149490069779926,14.123725174449811,2.046430488459474,7.105475040257649,0.6105743424584005,0.27509393451422437,0.38915727321524424,0.12077294685990338,,,,,,
55,9.004294149221685,31.743156199677937,10.36634460547504,4.783950617283951,19.343800322061192,14.056629092860977,2.046430488459474,7.232957595276436,0.630703166935051,0.2549651100375738,0.38915727321524424,0.14761137949543746,,,,,,
56,8.964036500268385,31.105743424584006,11.077563070316694,4.810789049919484,19.243156199677937,13.962694578636608,2.1269457863660763,7.239667203435319,0.6642512077294686,0.2683843263553409,0.38915727321524424,0.14761137949543746,,,,,,
57,8.883521202361782,30.911164787976382,10.198604401502953,6.374127750939345,18.4849704777241,13.862050456253355,2.1739130434782608,7.635534084809447,0.7112184648416533,0.2952227589908749,0.33548040794417605,0.13419216317767044,,,,,,
58,8.836553945249598,29.052603327965645,12.077294685990339,6.253354804079442,17.98845947396672,13.788244766505636,2.214170692431562,8.145464304884594,0.7581857219538379,0.2952227589908749,0.3421900161030596,0.24825550187869028,,,,,,
59,8.722490606548577,28.173644659151904,11.936392914653783,6.253354804079442,21.081588835212024,13.070316693505099,1.9726247987117553,7.326892109500805,0.7917337627482555,0.2952227589908749,0.2147074610842727,0.1610305958132045,,,,,,
60,8.36688137412775,27.522812667740205,12.010198604401502,5.998389694041868,22.591250670960815,12.620772946859903,2.4825550187869028,6.991411701556629,0.798443370907139,0.2952227589908749,0.14090177133655393,0.18115942028985507,,,,,,
61,6.474771873322598,11.708266237251744,2.589908749329039,3.0193236714975846,60.63472893183038,6.347289318303811,1.90552871712292,6.561996779388084,0.5770263016639828,0.08051529790660225,0.020128824476650563,0.06709608158883522,0.013419216317767043,,,,,
62,6.3070316693505095,11.245303274288782,2.8247450348899625,3.0193236714975846,59.634997316156735,6.394256575415996,3.2541599570585076,6.561996779388084,0.5770263016639828,0.08051529790660225,0.020128824476650563,0.06709608158883522,0.013419216317767043,,,,,
63,6.286902844873859,11.218464841653248,2.8784219001610305,3.0193236714975846,56.92431561996779,6.394256575415996,5.877616747181965,6.595544820182502,0.6239935587761675,0.08051529790660225,0.020128824476650563,0.06709608158883522,0.013419216317767043,,,,,
64,6.286902844873859,11.191626409017713,2.9052603327965647,3.046162104133119,56.70289855072464,6.394256575415996,6.072195383789587,6.582125603864735,0.6239935587761675,0.08051529790660225,0.03354804079441761,0.06709608158883522,0.013419216317767043,,,,,
65,6.286902844873859,10.547504025764896,2.7844873859366612,2.9723564143853998,59.628287707997856,4.3545356951154055,5.904455179817498,6.944444444444445,0.36902844873859364,0.08051529790660225,0.04696725711218465,0.06709608158883522,0.013419216317767043,,,,,
66,4.783950617283951,12.037037037037036,2.871712292002147,2.9723564143853998,59.13177670424047,4.3545356951154055,6.327160493827161,6.837090713902308,0.36902844873859364,0.1878690284487386,0.04696725711218465,0.06709608158883522,0.013419216317767043,,,,,
67,4.783950617283951,12.02361782071927,2.871712292002147,2.9723564143853998,59.064680622651636,4.367954911433173,6.400966183574879,6.816961889425658,0.36231884057971014,0.20799785292538917,0.04696725711218465,0.06709608158883522,0.013419216317767043,,,,,
68,4.669887278582931,8.870101986044014,3.079710144927536,2.9723564143853998,61.7686527106817,4.341116478797638,6.78341384863124,6.816961889425658,0.3824476650563607,0.19457863660762212,0.040257648953301126,0.06709608158883522,0.013419216317767043,,,,,
69,4.669887278582931,8.870101986044014,3.079710144927536,2.9723564143853998,61.520397208803004,4.341116478797638,6.790123456790123,6.937734836285561,0.46967257112184646,0.2214170692431562,0.04696725711218465,0.06709608158883522,0.013419216317767043,,,,,
70,4.106280193236715,6.9310252281266775,2.3215244229736984,1.9927536231884058,76.9122383252818,3.978797638217928,0.8185721953837896,2.442297369833602,0.36231884057971014,0.040257648953301126,0.013419216317767043,0.08051529790660225,,,,,,
71,4.106280193236715,6.9310252281266775,2.5966183574879227,2.073268921095008,76.44256575415996,3.9720880300590444,0.8923778851315083,2.4892646269457863,0.36231884057971014,0.040257648953301126,0.013419216317767043,0.08051529790660225,,,,,,
72,4.106280193236715,6.884057971014493,2.8918411164787976,2.073268921095008,72.14170692431561,3.7775093934514223,0.8185721953837896,6.843800322061192,0.32877079978529256,0.040257648953301126,0.013419216317767043,0.08051529790660225,,,,,,
73,4.106280193236715,6.884057971014493,11.58749329039184,2.059849704777241,63.31186258722491,3.7573805689747717,0.8789586688137413,6.863929146537842,0.3488996242619431,0.013419216317767043,0.013419216317767043,0.17444981213097155,,,,,,
74,4.072732152442297,6.796833064949007,11.896135265700483,2.0531400966183573,63.02334943639291,3.824476650563607,0.9057971014492754,6.857219538378959,0.3488996242619431,0.013419216317767043,0.013419216317767043,0.19457863660762212,,,,,,
75,4.045893719806763,6.723027375201288,20.397208803005906,2.0397208803005906,51.912238325281805,3.7372517444981215,0.8856682769726248,9.453837895866881,0.35560923242082665,0.04696725711218465,0.026838432635534086,0.322061191626409,0.05367686527106817,,,,,
76,4.045893719806763,6.662640901771336,20.585077831454644,2.147074610842727,51.630434782608695,3.7640901771336552,0.8923778851315083,9.433709071390231,0.35560923242082665,0.04696725711218465,0.040257648953301126,0.322061191626409,0.07380568974771873,,,,,
77,4.025764895330113,6.629092860976919,24.020397208803004,2.214170692431562,47.95356951154053,3.743961352657005,0.8789586688137413,9.406870638754697,0.3757380568974772,0.1610305958132045,0.05367686527106817,0.322061191626409,0.2147074610842727,,,,,
78,3.9720880300590444,6.622383252818035,23.081052066559312,2.214170692431562,47.67176596886742,3.743961352657005,0.8789586688137413,10.581052066559312,0.3757380568974772,0.1610305958132045,0.07380568974771873,0.30193236714975846,0.322061191626409,,,,,
79,3.9720880300590444,6.622383252818035,21.87332259796028,2.254428341384863,45.53811057434246,3.743961352657005,0.8789586688137413,13.821792807300053,0.3757380568974772,0.1610305958132045,0.13419216317767044,0.30193236714975846,0.322061191626409,,,,,
80,3.9720880300590444,6.615673644659152,22.134997316156735,2.254428341384863,45.20263016639828,3.730542136339238,0.8655394524959742,13.855340848094471,0.3757380568974772,0.1610305958132045,0.14761137949543746,0.30193236714975846,0.3824476650563607,,,,,
81,3.9720880300590444,6.595544820182502,22.29602791196994,2.254428341384863,44.75308641975309,3.730542136339238,1.0601180891035964,13.801663982823403,0.49651100375738055,0.1610305958132045,0.19457863660762212,0.30193236714975846,0.36231884057971014,0.020128824476650563,,,,
82,3.9720880300590444,6.595544820182502,20.242887815351583,2.7241009125067097,42.8743961352657,3.7238325281803544,1.1003757380568975,17.290660225442835,0.4495437466451959,0.1610305958132045,0.18115942028985507,0.30193236714975846,0.36231884057971014,0.020128824476650563,,,,
83,3.9586688137412773,6.608964036500268,19.229736983360173,5.709876543209877,41.82098765432099,3.7238325281803544,1.1003757380568975,16.431830381105744,0.46296296296296297,0.1610305958132045,0.18115942028985507,0.30193236714975846,0.2885131508319914,0.020128824476650563,,,,
84,3.9586688137412773,6.427804616210413,20.142243692968332,5.797101449275362,41.035963499731615,3.7238325281803544,1.1674718196457328,16.418411164787976,0.46296296296296297,0.1610305958132045,0.18115942028985507,0.18115942028985507,0.322061191626409,0.020128824476650563,,,,
85,3.9049919484702094,6.273483628556092,20.28985507246377,5.743424584004294,41.035963499731615,3.7037037037037037,1.1674718196457328,16.411701556629094,0.5501878690284487,0.1610305958132045,0.20799785292538917,0.20799785292538917,0.322061191626409,0.020128824476650563,,,,
86,3.9049919484702094,6.273483628556092,20.189210950080515,5.622651637144391,40.9621578099839,3.7037037037037037,1.2949543746645196,16.337895866881375,0.5501878690284487,0.1610305958132045,0.28180354267310787,0.2885131508319914,0.4092860976918948,0.020128824476650563,,,,
87,3.898282340311326,6.280193236714976,19.672571121846484,5.515297906602254,39.55984970477724,3.7037037037037037,1.2949543746645196,18.35077831454643,0.4830917874396135,0.1610305958132045,0.33548040794417605,0.3153515834675255,0.4092860976918948,0.020128824476650563,,,,
88,3.6768652710681695,6.468062265163715,21.591519055287172,5.515297906602254,36.520397208803004,3.7037037037037037,1.3352120236178207,18.552066559312937,0.4830917874396135,0.17444981213097155,0.4227053140096618,1.1674718196457328,0.3757380568974772,0.013419216317767043,,,,
89,3.6768652710681695,6.468062265163715,21.504294149221685,5.428073000536768,36.39291465378422,3.7037037037037037,1.402308105206656,18.552066559312937,0.4830917874396135,0.17444981213097155,0.4227053140096618,1.2546967257112185,0.5233494363929146,0.013419216317767043,,,,
90,3.6768652710681695,6.468062265163715,21.40365002683843,5.414653784219001,36.218464841653244,3.7037037037037037,1.402308105206656,18.605743424584006,0.46967257112184646,0.17444981213097155,0.6508319914117016,1.2681159420289856,0.5300590445517982,0.013419216317767043,,,,
91,3.6768652710681695,6.468062265163715,21.443907675791735,5.414653784219001,35.96349973161568,3.797638217928073,1.402308105206656,17.941492216854535,1.1943102522812667,0.17444981213097155,0.630703166935051,1.2949543746645196,0.5837359098228664,0.013419216317767043,,,,
92,3.656736446591519,6.461352657004831,22.24235104669887,5.414653784219001,35.158346752549654,3.797638217928073,1.4224369296833066,17.934782608695652,1.1943102522812667,0.20799785292538917,0.644122383252818,1.2546967257112185,0.5971551261406334,0.013419216317767043,,,,
93,3.6500268384326353,6.468062265163715,20.585077831454644,5.072463768115942,34.98389694041868,3.797638217928073,1.5499194847020934,20.001341921631777,1.2278582930756843,0.11406333870101985,0.6508319914117016,1.2815351583467525,0.6038647342995169,0.013419216317767043,,,,
94,3.6500268384326353,6.454643048845948,20.531400966183575,5.01207729468599,34.695383789586685,3.797638217928073,1.6505636070853462,20.128824476650564,1.2278582930756843,0.11406333870101985,0.6508319914117016,1.2815351583467525,0.7917337627482555,0.013419216317767043,,,,
95,3.6500268384326353,6.347289318303811,20.316693505099302,4.851046698872786,35.17176596886742,3.7640901771336552,1.6706924315619969,19.73966720343532,1.2345679012345678,0.10064412238325282,1.0399892646269457,1.2815351583467525,0.8185721953837896,0.013419216317767043,,,,
96,3.616478797638218,6.333870101986044,19.296833064949006,5.683038110574342,35.19189479334407,3.7640901771336552,1.6706924315619969,20.061728395061728,1.2345679012345678,0.1274825550187869,0.8923778851315083,1.2815351583467525,0.8319914117015567,0.013419216317767043,,,,
97,2.9119699409554483,5.783682232957595,18.95464304884595,5.193236714975845,34.03113258185722,7.058507783145465,1.6706924315619969,19.95437466451959,1.247987117552335,0.1274825550187869,0.9326355340848095,1.288244766505636,0.8319914117015567,0.013419216317767043,,,,
98,2.9052603327965647,5.595813204508857,19.558507783145465,5.186527106816962,33.360171765968865,6.964573268921095,1.6774020397208802,19.94766505636071,1.3150831991411702,0.1274825550187869,1.2278582930756843,1.288244766505636,0.8319914117015567,0.013419216317767043,,,,
99,2.6972624798711755,5.776972624798712,20.544820182501343,5.059044551798175,32.427536231884055,6.937734836285561,1.7981749865807837,19.940955448201827,1.3687600644122384,0.1274825550187869,1.1943102522812667,1.2815351583467525,0.8319914117015567,0.013419216317767043,,,,
100,2.6972624798711755,5.072463768115942,20.48443370907139,4.891304347826087,33.95061728395062,6.5485775630703165,1.778046162104133,19.719538378958667,1.3419216317767042,0.1274825550187869,1.2546967257112185,1.288244766505636,0.8319914117015567,0.013419216317767043,,,,
101,2.6972624798711755,5.072463768115942,20.705850778314545,4.884594739667204,33.64868491680086,6.5485775630703165,1.8585614600107354,19.685990338164252,1.3150831991411702,0.1274825550187869,1.3150831991411702,1.2949543746645196,0.8319914117015567,0.013419216317767043,,,,
102,2.6972624798711755,5.025496511003757,20.618625872249062,4.884594739667204,33.15217391304348,9.252549651100376,2.1269457863660763,18.417874396135264,1.3150831991411702,0.10735373054213634,1.1674718196457328,0.4830917874396135,0.7514761137949544,,,,,
103,2.6972624798711755,5.018786902844874,20.685721953837895,4.864465915190553,32.94417606011809,9.219001610305957,2.281266774020397,18.276972624798713,1.3150831991411702,0.10735373054213634,1.2949543746645196,0.5032206119162641,0.7917337627482555,,,,,
104,2.6972624798711755,5.018786902844874,20.69243156199678,4.5893719806763285,33.48765432098765,9.178743961352657,2.1269457863660763,17.961621041331185,1.328502415458937,0.24154589371980675,1.3955984970477724,0.5032206119162641,0.7783145464304885,,,,,
105,2.408749329039184,6.89747718733226,20.35024154589372,5.904455179817498,32.407407407407405,9.07139023081052,1.9592055823939882,16.586151368760063,1.2681159420289856,0.36231884057971014,1.4090177133655395,0.5032206119162641,0.8722490606548577,,,,,
106,2.395330112721417,6.884057971014493,20.26972624798712,5.884326355340848,32.33360171765969,9.017713365539452,1.9524959742351047,16.57944176060118,1.442565754159957,0.36231884057971014,1.415727321524423,0.5233494363929146,0.9057971014492754,0.03354804079441761,,,,
107,2.3550724637681157,6.266774020397209,20.041599570585078,5.776972624798712,31.76328502415459,10.567632850241546,1.932367149758454,16.31105743424584,1.442565754159957,0.36231884057971014,1.6170155662909287,0.6172839506172839,0.9125067096081588,0.03354804079441761,,,,
108,2.3550724637681157,6.092324208266238,19.43102522812668,6.011808910359635,30.938003220611915,9.842995169082126,1.932367149758454,18.115942028985508,1.3754696725711217,0.36231884057971014,1.7176596886741815,0.8051529790660226,0.9863123993558777,0.03354804079441761,,,,
109,2.3550724637681157,5.676328502415459,19.384057971014492,6.830381105743425,30.14626945786366,9.655126140633387,1.9457863660762211,18.4849704777241,1.4559849704777241,0.46967257112184646,1.7579173376274826,0.8051529790660226,0.9997316156736447,0.03354804079441761,,,,
110,2.3550724637681157,5.622651637144391,19.108964036500268,7.125603864734299,30.03220611916264,9.608158883521202,1.8719806763285025,18.491680085882983,1.4895330112721417,0.46967257112184646,1.865271068169619,0.8387010198604401,1.0869565217391304,0.03354804079441761,,,,
111,2.3550724637681157,5.622651637144391,19.424315619967793,7.118894256575416,29.696725711218466,9.594739667203436,1.8988191089640365,18.46484165324745,1.4694041867954912,0.49651100375738055,1.8384326355340848,0.8990874932903918,1.0869565217391304,0.03354804079441761,,,,
112,2.3550724637681157,5.595813204508857,18.94122383252818,7.098765432098766,28.824476650563607,9.588030059044552,1.8585614600107354,19.900697799248523,1.6505636070853462,0.49651100375738055,1.7646269457863661,0.8990874932903918,1.0265700483091786,,,,,
113,2.3349436392914655,5.60252281266774,18.833870101986044,7.199409554482019,28.703703703703702,9.31964573268921,1.8719806763285025,19.900697799248523,1.90552871712292,0.49651100375738055,1.7646269457863661,0.9057971014492754,1.1607622114868492,,,,,
114,2.2946859903381642,5.629361245303274,18.914385399892645,7.185990338164252,28.64331723027375,9.225711218464841,1.8317230273752012,20.169082125603865,1.8853998926462694,0.6575415995705851,1.4358561460010735,0.9259259259259259,1.2010198604401503,,,,,
115,2.2074610842726785,5.260332796564681,18.67283950617284,6.957863660762212,30.770263016639827,8.017981749865807,1.8451422436929683,20.182501341921633,1.8317230273752012,0.6776704240472357,1.4358561460010735,0.9393451422436929,1.2010198604401503,,,,,
116,2.2074610842726785,5.233494363929147,18.632581857219538,7.018250134192163,30.66290928609769,7.950885668276973,1.9457863660762211,19.96779388083736,1.8451422436929683,0.7179280730005367,1.6572732152442298,0.9393451422436929,1.221148684916801,,,,,
117,2.2074610842726785,5.233494363929147,18.69296833064949,7.326892109500805,28.958668813741276,9.856414385399892,1.737788513150832,19.51154052603328,1.932367149758454,0.7112184648416533,1.6706924315619969,0.9259259259259259,1.2345679012345678,,,,,
118,2.167203435319377,5.139559849704777,18.760064412238325,7.313472893183038,28.884863123993558,9.96376811594203,1.737788513150832,19.424315619967793,2.01959205582394,0.7783145464304885,1.6505636070853462,0.9259259259259259,1.2345679012345678,,,,,
119,2.167203435319377,5.0993022007514766,14.163982823403114,6.246645195920558,46.20907139023081,8.581588835212024,1.556629092860977,12.191358024691358,0.6709608158883521,0.48980139559849706,0.8923778851315083,0.8252818035426731,0.9057971014492754,,,,,
120,2.167203435319377,5.005367686527107,14.264626945786366,6.5552871712292005,46.08829844337091,8.239398819108963,1.5901771336553945,12.13768115942029,0.7648953301127214,0.4830917874396135,0.966183574879227,0.8252818035426731,0.9125067096081588,,,,,
121,2.1604938271604937,4.830917874396135,14.251207729468598,6.166129898013956,43.53864734299517,8.219269994632313,1.7176596886741815,15.096618357487923,0.8051529790660226,0.4830917874396135,0.9796027911969941,0.8387010198604401,0.9125067096081588,,,,,
122,2.0263016639828235,4.884594739667204,14.06333870101986,6.085614600107354,42.96833064949007,9.078099838969404,1.9256575415995705,14.915458937198068,0.7648953301127214,0.5032206119162641,0.9796027911969941,0.8454106280193237,0.9594739667203436,,,,,
123,2.0263016639828235,4.884594739667204,13.969404186795492,6.085614600107354,42.7133655394525,9.078099838969404,2.0933977455716586,15.009393451422437,0.7447665056360708,0.5032206119162641,1.0064412238325282,0.8722490606548577,1.0131508319914118,,,,,
124,2.0263016639828235,4.817498658078368,13.862050456253355,5.998389694041868,43.263553408480945,8.521202361782072,2.254428341384863,14.99597423510467,0.7112184648416533,0.5032206119162641,1.0198604401502953,0.9393451422436929,1.0869565217391304,,,,,
125,1.892109500805153,4.696725711218465,13.969404186795492,5.964841653247451,43.43129361245303,8.501073537305421,2.26784755770263,14.955716586151368,0.7112184648416533,0.5032206119162641,1.0466988727858293,0.9728931830381106,1.0869565217391304,,,,,
126,1.892109500805153,4.696725711218465,13.969404186795492,6.139291465378422,43.283682232957595,8.427267847557703,2.3349436392914655,14.741009125067096,0.8185721953837896,0.5568974771873323,1.0869565217391304,0.966183574879227,1.0869565217391304,,,,,
127,1.892109500805153,4.696725711218465,13.915727321524423,6.099033816425121,43.12265163714439,8.407139023081053,2.395330112721417,14.620236178207193,0.9796027911969941,0.6977992485238862,1.1137949543746646,0.9728931830381106,1.0869565217391304,,,,,
128,1.8853998926462694,4.696725711218465,13.828502415458937,7.360440150295223,42.210144927536234,8.387010198604402,2.3349436392914655,14.392109500805153,0.9930220075147611,0.6977992485238862,1.1003757380568975,1.0131508319914118,1.1003757380568975,,,,,
129,1.8384326355340848,4.696725711218465,13.70101986044015,8.427267847557703,41.720343531937736,7.763016639828234,2.7777777777777777,14.049919484702093,0.9930220075147611,0.7917337627482555,1.1137949543746646,1.0265700483091786,1.1003757380568975,,,,,
130,1.8250134192163177,4.64975845410628,14.17740203972088,8.427267847557703,41.21041331186259,7.763016639828234,2.818035426731079,14.103596349973161,0.9930220075147611,0.8319914117015567,1.06682769726248,1.0332796564680622,1.1003757380568975,,,,,
131,1.8115942028985508,4.663177670424047,14.103596349973161,8.427267847557703,41.04938271604938,7.763016639828234,2.8381642512077296,14.210950080515298,0.9930220075147611,0.8319914117015567,1.0802469135802468,1.0332796564680622,1.1943102522812667,,,,,
132,1.7176596886741815,3.864734299516908,13.385668276972625,7.313472893183038,43.53864734299517,7.709339774557166,3.7909286097691894,13.647342995169081,0.9326355340848095,0.8319914117015567,1.06682769726248,0.966183574879227,1.2345679012345678,,,,,
133,1.7176596886741815,3.844605475040258,13.533279656468062,7.27992485238862,43.11594202898551,7.709339774557166,4.079441760601181,13.446054750402576,0.9326355340848095,0.8923778851315083,1.06682769726248,1.1205045625335481,1.261406333870102,,,,,
134,1.7176596886741815,3.8378958668813743,13.56682769726248,7.27992485238862,41.76060118089104,7.709339774557166,5.401234567901234,13.39237788513151,0.9326355340848095,0.9192163177670424,1.0466988727858293,1.1741814278046163,1.2546967257112185,0.0067096081588835215,,,,
135,1.7176596886741815,3.7909286097691894,13.647342995169081,7.273215244229737,41.4922168545357,7.87037037037037,5.5689747718733225,13.251476113794954,0.966183574879227,0.9594739667203436,1.0735373054213635,1.1272141706924315,1.2546967257112185,0.0067096081588835215,,,,
136,1.7176596886741815,3.7909286097691894,13.6808910359635,7.273215244229737,41.35131508319914,7.85024154589372,5.609232420826624,13.22463768115942,1.0064412238325282,0.9192163177670424,1.1674718196457328,1.1272141706924315,1.2748255501878691,0.0067096081588835215,,,,
137,1.6841116478797638,3.7372517444981215,13.781535158346752,7.253086419753086,41.243961352657,7.729468599033816,5.6964573268921095,13.130703166935051,1.0198604401502953,0.9326355340848095,1.2010198604401503,1.2010198604401503,1.3754696725711217,0.0067096081588835215,0.0067096081588835215,,,
138,1.6841116478797638,3.6902844873859366,14.51959205582394,7.199409554482019,40.19726247987118,7.729468599033816,5.756843800322061,13.466183574879228,1.0198604401502953,0.9326355340848095,1.2010198604401503,1.2144390767579174,1.3754696725711217,0.0067096081588835215,0.0067096081588835215,,,
139,1.6841116478797638,3.683574879227053,14.593397745571659,7.085346215780999,39.80810520665593,7.749597423510467,5.971551261406334,13.378958668813741,1.1741814278046163,0.9326355340848095,1.2278582930756843,1.3486312399355878,1.3486312399355878,0.0067096081588835215,0.0067096081588835215,,,
140,1.6774020397208802,3.6500268384326353,14.506172839506172,7.004830917874396,39.34514224369297,9.037842190016104,6.011808910359635,12.647611379495437,1.1674718196457328,0.9594739667203436,1.2412775093934514,1.3620504562533549,1.3754696725711217,0.0067096081588835215,0.0067096081588835215,,,
141,1.6774020397208802,3.6500268384326353,14.922168545356952,6.635802469135802,38.989533011272144,9.004294149221685,6.273483628556092,12.600644122383253,1.3217928073000538,0.9594739667203436,1.2412775093934514,1.3352120236178207,1.3754696725711217,0.0067096081588835215,0.0067096081588835215,,,
142,1.6774020397208802,3.6500268384326353,14.895330112721417,6.66935050993022,38.47289318303811,9.004294149221685,6.89747718733226,12.5402576489533,1.3217928073000538,0.9594739667203436,1.1272141706924315,1.3352120236178207,1.4358561460010735,0.0067096081588835215,0.0067096081588835215,,,
143,1.596886741814278,3.683574879227053,15.157004830917874,6.66935050993022,38.2313472893183,8.957326892109501,6.91760601180891,12.553676865271068,1.3687600644122384,0.9594739667203436,1.1406333870101986,1.3352120236178207,1.4224369296833066,0.0067096081588835215,,,,
144,0.9930220075147611,3.4688674181427803,14.351851851851851,10.426731078904991,37.184648416532475,8.863392377885132,6.9310252281266775,11.480139559849706,1.415727321524423,0.9326355340848095,1.1406333870101986,1.3821792807300053,1.4224369296833066,0.0067096081588835215,,,,
145,0.9930220075147611,3.4420289855072466,14.325013419216317,10.466988727858293,37.17122920021471,8.863392377885132,7.011540526033279,11.453301127214171,1.415727321524423,0.9326355340848095,1.1674718196457328,1.3821792807300053,1.3687600644122384,0.0067096081588835215,,,,
146,0.9930220075147611,3.4420289855072466,14.284755770263017,10.38647342995169,36.73510466988728,8.856682769726248,7.37385936661299,11.379495437466453,1.415727321524423,0.9326355340848095,1.2278582930756843,1.4895330112721417,1.4761137949543746,0.0067096081588835215,,,,
147,0.9930220075147611,3.4286097691894795,13.023349436392914,9.494095544820183,36.198336017176594,8.856682769726248,7.139023081052066,14.27133655394525,1.3888888888888888,1.0802469135802468,1.1137949543746646,1.5163714439076759,1.4694041867954912,0.0067096081588835215,,0.020128824476650563,,
148,0.9125067096081588,3.2340311325818574,12.99651100375738,9.46725711218465,36.553945249597426,8.836553945249598,7.14573268921095,14.090177133655395,1.3419216317767042,1.0198604401502953,1.2546967257112185,1.6639828234031133,1.4559849704777241,0.0067096081588835215,,0.020128824476650563,,
149,0.9125067096081588,3.2206119162640903,12.942834138486312,9.494095544820183,35.48040794417606,8.78287707997853,7.971014492753623,14.278046162104133,1.3419216317767042,1.0064412238325282,1.4090177133655395,1.6774020397208802,1.4559849704777241,0.0067096081588835215,,0.020128824476650563,,
150,0.9125067096081588,3.2206119162640903,12.842190016103059,9.621578099838969,35.037573805689746,8.675523349436393,8.393719806763285,14.184111647879764,1.4962426194310252,1.0064412238325282,1.4626945786366077,1.6639828234031133,1.4559849704777241,0.0067096081588835215,,0.020128824476650563,,
151,0.9125067096081588,3.2206119162640903,13.882179280730005,9.621578099838969,34.024422973698336,8.675523349436393,8.36688137412775,13.996242619431026,1.4962426194310252,1.1943102522812667,1.4224369296833066,1.6841116478797638,1.4761137949543746,0.0067096081588835215,,0.020128824476650563,,
152,0.9125067096081588,3.2139023081052067,14.251207729468598,9.588030059044552,33.581588835212024,8.662104133118627,8.407139023081053,13.935856146001074,1.5230810520665594,1.221148684916801,1.4090177133655395,1.7713365539452497,1.4962426194310252,0.0067096081588835215,,0.020128824476650563,,
153,0.9125067096081588,3.1870638754696725,14.2914653784219,9.03113258185722,33.52791196994095,8.635265700483092,8.380300590445518,14.465915190552872,1.5499194847020934,1.247987117552335,1.4626945786366077,1.7713365539452497,1.5096618357487923,0.0067096081588835215,,0.020128824476650563,,
154,0.9125067096081588,3.1870638754696725,13.43263553408481,11.446591519055287,32.50805152979066,8.507783145464305,6.615673644659152,15.915190552871712,1.5230810520665594,1.3486312399355878,1.4224369296833066,2.0263016639828235,1.1272141706924315,0.0067096081588835215,,0.020128824476650563,,
155,0.9125067096081588,3.1870638754696725,13.345410628019323,11.43317230273752,32.420826623725176,8.521202361782072,6.629092860976919,15.874932903918411,1.5230810520665594,1.4895330112721417,1.4224369296833066,2.0531400966183573,1.1607622114868492,0.0067096081588835215,,0.020128824476650563,,
156,0.9125067096081588,3.166935050993022,13.197799248523886,11.406333870101985,32.27321524422974,8.454106280193237,6.689479334406871,15.94873859366613,1.570048309178744,1.6103059581320451,1.5096618357487923,2.0799785292538915,1.1540526033279657,0.0067096081588835215,,0.020128824476650563,,
157,0.9125067096081588,3.166935050993022,13.150831991411701,11.372785829307569,32.118894256575416,8.427267847557703,6.816961889425658,15.935319377348362,1.596886741814278,1.6103059581320451,1.6035963499731616,2.1068169618894257,1.1540526033279657,0.0067096081588835215,,0.020128824476650563,,
158,0.9125067096081588,3.1602254428341383,13.24476650563607,11.3191089640365,32.00483091787439,8.427267847557703,6.870638754696726,15.962157809983896,1.596886741814278,1.6103059581320451,1.6035963499731616,2.1068169618894257,1.1540526033279657,0.0067096081588835215,,0.020128824476650563,,
159,0.9125067096081588,3.1468062265163717,13.22463768115942,10.983628556092324,31.850509930220074,8.876811594202898,6.904186795491143,15.92860976918948,1.596886741814278,1.6103059581320451,1.6035963499731616,2.1269457863660763,1.2077294685990339,0.0067096081588835215,,0.020128824476650563,,
160,0.9125067096081588,3.1468062265163717,13.170960815888352,11.419753086419753,31.38083735909823,8.82313472893183,6.816961889425658,15.908480944712828,1.8048845947396672,1.6103059581320451,1.6438539989264627,2.1269457863660763,1.2077294685990339,0.0067096081588835215,,0.020128824476650563,,
161,0.9125067096081588,3.1468062265163717,13.291733762748256,11.399624261943103,31.246645195920557,8.662104133118627,6.964573268921095,15.821256038647343,1.8183038110574343,1.6908212560386473,1.6438539989264627,2.167203435319377,1.2077294685990339,0.0067096081588835215,,0.020128824476650563,,
162,0.9125067096081588,3.1199677938808374,13.311862587224907,11.144659151905529,31.568706387546968,8.608427267847558,7.018250134192163,15.673644659151906,1.865271068169619,1.6975308641975309,1.6774020397208802,2.167203435319377,1.2077294685990339,0.0067096081588835215,,0.020128824476650563,,
163,0.9125067096081588,3.099838969404187,13.405797101449275,11.144659151905529,31.5150295222759,8.608427267847558,7.011540526033279,15.573000536768653,1.8719806763285025,1.7444981213097155,1.6774020397208802,2.167203435319377,1.2412775093934514,0.0067096081588835215,,0.020128824476650563,,
164,0.9125067096081588,3.099838969404187,13.063607085346217,11.594202898550725,31.387546967257112,8.581588835212024,7.071926999463232,15.304616210413311,2.2410091250670963,1.7444981213097155,1.5365002683843263,2.200751476113795,1.2278582930756843,0.013419216317767043,,0.020128824476650563,,
165,0.8655394524959742,2.898550724637681,12.406065485775631,11.473429951690822,34.96376811594203,8.272946859903382,7.085346215780999,13.90901771336554,1.9793344068706387,1.5096618357487923,1.3016639828234031,2.0933977455716586,1.2077294685990339,0.013419216317767043,,0.020128824476650563,,
