,45,50,55,52,54,51,56,53,57,58,59,61,60,62,63,64,65
0,93.73322597960279,6.266774020397209,,,,,,,,,,,,,,,
1,92.02898550724638,7.971014492753623,,,,,,,,,,,,,,,
2,89.68062265163715,10.305958132045088,0.013419216317767043,,,,,,,,,,,,,,
3,76.71765968867417,23.2085346215781,0.026838432635534086,0.013419216317767043,0.03354804079441761,,,,,,,,,,,,
4,76.62372517444982,23.30246913580247,0.026838432635534086,0.013419216317767043,0.03354804079441761,,,,,,,,,,,,
5,76.48953301127214,23.409822866344605,0.05367686527106817,0.013419216317767043,0.03354804079441761,,,,,,,,,,,,
6,76.46940418679549,23.403113258185723,0.08051529790660225,0.013419216317767043,0.03354804079441761,,,,,,,,,,,,
7,76.2614063338701,23.523886205045624,0.13419216317767044,0.04696725711218465,0.03354804079441761,,,,,,,,,,,,
8,76.18760064412238,23.57085346215781,0.1610305958132045,0.04696725711218465,0.03354804079441761,,,,,,,,,,,,
9,74.20826623725175,25.55018786902845,0.1610305958132045,0.04696725711218465,0.03354804079441761,,,,,,,,,,,,
10,73.9801395598497,25.623993558776167,0.3153515834675255,0.04696725711218465,0.03354804079441761,,,,,,,,,,,,
11,65.99570585077832,22.08132045088567,0.20128824476650564,0.04696725711218465,0.03354804079441761,11.641170155662909,,,,,,,,,,,
12,60.39318303811057,29.790660225442835,0.3824476650563607,0.04696725711218465,0.03354804079441761,9.353193773483628,,,,,,,,,,,
13,60.21202361782072,29.938271604938272,0.4428341384863124,0.04696725711218465,0.03354804079441761,9.326355340848094,,,,,,,,,,,
14,60.11137949543747,30.03220611916264,0.4562533548040794,0.04696725711218465,0.03354804079441761,9.31964573268921,,,,,,,,,,,
15,56.17283950617284,33.95061728395062,0.4830917874396135,0.04696725711218465,0.2281266774020397,9.118357487922705,,,,,,,,,,,
16,40.80112721417069,49.31561996779388,0.5166398282340311,0.04696725711218465,0.2281266774020397,9.091519055287172,,,,,,,,,,,
17,40.68035426731079,49.308910359635,0.644122383252818,0.04696725711218465,0.2281266774020397,9.091519055287172,,,,,,,,,,,
18,40.57971014492754,49.32903918411165,0.6910896403650026,0.04696725711218465,0.2616747181964573,9.091519055287172,,,,,,,,,,,
19,40.57300053676865,49.24852388620504,0.7648953301127214,0.06038647342995169,0.2616747181964573,9.091519055287172,,,,,,,,,,,
20,40.55958132045089,49.23510466988728,0.8722490606548577,0.06038647342995169,0.2616747181964573,9.01100375738057,,,,,,,,,,,
21,32.59527643585615,59.15861513687601,0.8387010198604401,0.06038647342995169,0.2616747181964573,7.085346215780999,,,,,,,,,,,
22,32.59527643585615,59.05797101449275,0.9393451422436929,0.06038647342995169,0.2616747181964573,7.085346215780999,,,,,,,,,,,
23,32.56172839506173,58.69565217391305,1.3217928073000538,0.07380568974771873,0.2616747181964573,7.085346215780999,,,,,,,,,,,
24,32.54159957058508,58.662104133118625,1.3754696725711217,0.07380568974771873,0.2549651100375738,7.024959742351046,0.06709608158883522,,,,,,,,,,
25,32.50134192163178,58.32662372517445,1.751207729468599,0.07380568974771873,0.2549651100375738,7.024959742351046,0.06709608158883522,,,,,,,,,,
26,29.388083735909824,61.07756307031669,2.073268921095008,0.07380568974771873,0.322061191626409,6.998121309715513,0.06709608158883522,,,,,,,,,,
27,29.334406870638755,61.07085346215781,2.15378421900161,0.07380568974771873,0.322061191626409,6.977992485238862,0.06709608158883522,,,,,,,,,,
28,23.242082662372518,67.08266237251745,2.214170692431562,0.07380568974771873,0.322061191626409,6.971282877079979,0.06709608158883522,0.026838432635534086,,,,,,,,,
29,23.11460010735373,67.00885668276973,2.6838432635534084,0.07380568974771873,0.322061191626409,6.702898550724638,0.06709608158883522,0.026838432635534086,,,,,,,,,
30,22.08132045088567,67.89452495974236,2.8515834675254963,0.07380568974771873,0.322061191626409,6.6827697262479875,0.06709608158883522,0.026838432635534086,,,,,,,,,
31,22.034353193773484,67.80730005367687,2.932098765432099,0.10064412238325282,0.322061191626409,6.6827697262479875,0.06709608158883522,0.05367686527106817,,,,,,,,,
32,22.034353193773484,67.69323671497584,3.046162104133119,0.10064412238325282,0.322061191626409,6.6827697262479875,0.06709608158883522,0.05367686527106817,,,,,,,,,
33,18.417874396135264,65.94873859366614,2.073268921095008,6.977992485238862,0.2885131508319914,6.172839506172839,0.06709608158883522,0.05367686527106817,,,,,,,,,
34,18.417874396135264,65.86822329575953,1.8518518518518519,8.910359634997317,0.2885131508319914,4.51556629092861,0.06709608158883522,0.026838432635534086,0.05367686527106817,,,,,,,,
35,18.411164787976382,65.82796564680622,1.8988191089640365,8.896940418679549,0.2885131508319914,4.49543746645196,0.06709608158883522,0.04696725711218465,0.06709608158883522,,,,,,,,
36,18.00187869028449,65.14358561460011,1.9122383252818036,8.883521202361782,0.2952227589908749,5.5689747718733225,0.06709608158883522,0.04696725711218465,0.08051529790660225,,,,,,,,
37,18.00187869028449,65.04965110037574,2.006172839506173,8.883521202361782,0.2952227589908749,5.5689747718733225,0.06709608158883522,0.04696725711218465,0.08051529790660225,,,,,,,,
38,17.94820182501342,65.04294149221685,2.046430488459474,8.829844337090714,0.30864197530864196,5.5689747718733225,0.08722490606548577,0.04696725711218465,0.12077294685990338,,,,,,,,
39,17.94820182501342,64.93558776167473,2.1806226516371443,8.816425120772946,0.30864197530864196,5.542136339237788,0.08722490606548577,0.04696725711218465,0.13419216317767044,,,,,,,,
40,17.894524959742352,64.861782071927,2.26784755770263,8.849973161567364,0.30864197530864196,5.522007514761138,0.11406333870101985,0.04696725711218465,0.13419216317767044,,,,,,,,
41,17.183306494900698,63.486312399355874,2.408749329039184,8.849973161567364,0.30864197530864196,7.407407407407407,0.17444981213097155,0.04696725711218465,0.13419216317767044,,,,,,,,
42,17.156468062265162,63.43263553408481,2.5496511003757383,8.849973161567364,0.30864197530864196,7.347020933977456,0.17444981213097155,0.04696725711218465,0.13419216317767044,,,,,,,,
43,17.136339237788512,63.35212023617821,2.6301663982823404,8.863392377885132,0.30864197530864196,7.340311325818572,0.17444981213097155,0.06038647342995169,0.13419216317767044,,,,,,,,
44,17.122920021470748,63.29844337090714,2.703972088030059,8.876811594202898,0.2952227589908749,7.320182501341922,0.17444981213097155,0.07380568974771873,0.13419216317767044,,,,,,,,
45,16.150026838432634,60.87627482555019,2.7241009125067097,12.754965110037574,0.2952227589908749,6.8035426731078905,0.1878690284487386,0.07380568974771873,0.13419216317767044,,,,,,,,
46,16.015834675254965,59.91009125067096,3.9184111647879765,12.754965110037574,0.2952227589908749,6.696188942565755,0.20128824476650564,0.07380568974771873,0.13419216317767044,,,,,,,,
47,16.015834675254965,57.66237251744498,3.8714439076757916,12.74825550187869,0.1610305958132045,5.924584004294149,0.19457863660762212,3.2675791733762747,0.13419216317767044,0.020128824476650563,,,,,,,
48,15.955448201825014,54.06602254428341,4.052603327965647,9.044551798174986,1.9726247987117553,12.889157273215245,0.2281266774020397,1.6572732152442298,0.11406333870101985,0.020128824476650563,,,,,,,
49,15.92860976918948,54.03918411164788,4.019055287171229,9.044551798174986,1.9726247987117553,12.869028448738593,0.24825550187869028,1.7444981213097155,0.11406333870101985,0.020128824476650563,,,,,,,
50,15.915190552871712,54.03918411164788,4.032474503488996,9.044551798174986,1.9726247987117553,12.848899624261943,0.2683843263553409,1.7444981213097155,0.11406333870101985,0.020128824476650563,,,,,,,
51,15.45222758990875,54.45517981749866,4.052603327965647,9.024422973698336,1.9457863660762211,12.848899624261943,0.2683843263553409,1.7713365539452497,0.1274825550187869,0.020128824476650563,0.03354804079441761,,,,,,
52,15.411969940955448,54.34782608695652,4.106280193236715,9.01100375738057,1.9457863660762211,12.815351583467525,0.2885131508319914,1.892109500805153,0.1274825550187869,0.020128824476650563,0.03354804079441761,,,,,,
53,14.99597423510467,53.96537842190016,4.253891572732153,9.01100375738057,1.9457863660762211,13.43263553408481,0.322061191626409,1.892109500805153,0.1274825550187869,0.020128824476650563,0.03354804079441761,,,,,,
54,14.130434782608695,46.35668276972625,3.44873859366613,7.152442297369833,2.0397208803005906,25.107353730542137,0.2147074610842727,1.402308105206656,0.06709608158883522,0.04696725711218465,0.03354804079441761,,,,,,
55,14.11701556629093,46.262748255501876,3.589640365002684,7.152442297369833,2.0397208803005906,25.026838432635532,0.2616747181964573,1.3754696725711217,0.06709608158883522,0.07380568974771873,0.03354804079441761,,,,,,
56,14.103596349973161,46.20907139023081,6.179549114331723,7.152442297369833,2.0397208803005906,22.490606548577563,0.27509393451422437,1.3754696725711217,0.06709608158883522,0.07380568974771873,0.03354804079441761,,,,,,
57,14.029790660225443,41.606280193236714,6.239935587761675,6.380837359098229,7.581857219538379,22.342995169082126,0.2683843263553409,1.3754696725711217,0.06709608158883522,0.07380568974771873,0.03354804079441761,,,,,,
58,14.002952227589908,41.63311862587225,6.260064412238325,6.380837359098229,7.561728395061729,22.29602791196994,0.2885131508319914,1.3821792807300053,0.06709608158883522,0.07380568974771873,0.05367686527106817,,,,,,
59,13.962694578636608,41.46537842190016,6.293612453032743,6.380837359098229,7.575147611379496,22.309447128287708,0.2885131508319914,1.3821792807300053,0.06709608158883522,0.20799785292538917,0.05367686527106817,0.013419216317767043,,,,,
60,13.768115942028986,31.870638754696724,5.615942028985507,6.353998926462695,7.561728395061729,32.67579173376275,0.4428341384863124,1.3687600644122384,0.06709608158883522,0.20799785292538917,0.05367686527106817,0.013419216317767043,,,,,
61,13.734567901234568,31.85721953837896,5.662909286097692,6.333870101986044,7.555018786902845,32.56843800322061,0.5703166935050993,1.3687600644122384,0.10064412238325282,0.18115942028985507,0.05367686527106817,0.013419216317767043,,,,,
62,13.7211486849168,31.830381105743424,5.669618894256575,6.320450885668277,7.561728395061729,32.37385936661299,0.7783145464304885,1.328502415458937,0.11406333870101985,0.23483628556092323,0.05367686527106817,0.013419216317767043,,,,,
63,13.66076221148685,31.810252281266774,5.790391841116479,6.320450885668277,7.581857219538379,32.25308641975309,0.8118625872249061,1.3553408480944713,0.11406333870101985,0.23483628556092323,0.05367686527106817,0.013419216317767043,,,,,
64,13.66076221148685,31.749865807836823,5.837359098228664,6.320450885668277,7.561728395061729,32.21953837895867,0.8655394524959742,1.3553408480944713,0.1274825550187869,0.23483628556092323,0.05367686527106817,0.013419216317767043,,,,,
65,13.6406333870102,31.66935050993022,5.904455179817498,6.353998926462695,7.561728395061729,32.17257112184648,0.8990874932903918,1.3687600644122384,0.1274825550187869,0.23483628556092323,0.05367686527106817,0.013419216317767043,,,,,
66,13.58695652173913,31.635802469135804,5.964841653247451,6.387546967257112,7.555018786902845,32.1658615136876,0.8990874932903918,1.3687600644122384,0.1274825550187869,0.23483628556092323,0.06038647342995169,0.013419216317767043,,,,,
67,13.580246913580247,31.57541599570585,5.998389694041868,6.387546967257112,7.541599570585078,32.15244229736983,0.9460547504025765,1.3687600644122384,0.1274825550187869,0.23483628556092323,0.06038647342995169,0.013419216317767043,0.013419216317767043,,,,
68,13.580246913580247,31.49490069779925,6.052066559312936,6.387546967257112,7.541599570585078,32.07192699946323,1.0265700483091786,1.3955984970477724,0.1274825550187869,0.23483628556092323,0.06038647342995169,0.013419216317767043,0.013419216317767043,,,,
69,13.539989264626946,31.52173913043478,6.0654857756307035,6.380837359098229,7.521470746108427,32.045088566827694,1.0534084809447128,1.3955984970477724,0.13419216317767044,0.23483628556092323,0.08051529790660225,0.013419216317767043,0.013419216317767043,,,,
70,13.513150831991412,31.48148148148148,6.206387546967257,6.421095008051529,7.521470746108427,31.890767579173378,1.093666129898014,1.3955984970477724,0.13419216317767044,0.23483628556092323,0.08051529790660225,0.013419216317767043,0.013419216317767043,,,,
71,13.513150831991412,31.46135265700483,6.226516371443908,6.400966183574879,7.5348899624261945,31.843800322061192,1.1406333870101986,1.3955984970477724,0.15432098765432098,0.2214170692431562,0.08051529790660225,0.013419216317767043,0.013419216317767043,,,,
72,13.486312399355878,31.45464304884595,6.260064412238325,6.400966183574879,7.541599570585078,31.80354267310789,1.1607622114868492,1.3955984970477724,0.15432098765432098,0.2214170692431562,0.0939345142243693,0.013419216317767043,0.013419216317767043,,,,
73,13.439345142243694,31.4747718733226,6.286902844873859,6.400966183574879,7.541599570585078,31.790123456790123,1.1741814278046163,1.3955984970477724,0.15432098765432098,0.2214170692431562,0.0939345142243693,0.013419216317767043,0.013419216317767043,,,,
74,13.385668276972625,31.468062265163713,6.3070316693505095,6.4345142243692965,7.555018786902845,31.776704240472355,1.1741814278046163,1.402308105206656,0.15432098765432098,0.2214170692431562,0.0939345142243693,0.013419216317767043,0.013419216317767043,,,,
75,13.385668276972625,31.40096618357488,6.367418142780462,6.4345142243692965,7.561728395061729,31.776704240472355,1.1741814278046163,1.402308105206656,0.15432098765432098,0.2214170692431562,0.10735373054213634,,0.013419216317767043,,,,
76,12.93612453032743,31.186258722490606,7.199409554482019,6.447933440687064,7.561728395061729,31.561996779388085,1.1808910359634996,1.415727321524423,0.16774020397208803,0.2214170692431562,0.10735373054213634,,0.013419216317767043,,,,
77,12.922705314009661,30.9849704777241,7.367149758454106,6.447933440687064,7.608695652173913,31.387546967257112,1.3553408480944713,1.3888888888888888,0.16774020397208803,0.24825550187869028,0.10735373054213634,,0.013419216317767043,,,,
78,12.922705314009661,30.9849704777241,7.367149758454106,5.0791733762748255,7.588566827697263,31.300322061191626,1.442565754159957,2.7442297369833604,0.18115942028985507,0.24825550187869028,0.1274825550187869,,0.013419216317767043,,,,
79,12.922705314009661,30.857487922705314,7.501341921631776,5.0791733762748255,7.568438003220612,31.09903381642512,1.6035963499731616,2.7442297369833604,0.18115942028985507,0.24825550187869028,0.18115942028985507,,0.013419216317767043,,,,
80,12.909286097691895,30.803811057434245,7.930756843800322,5.0791733762748255,7.541599570585078,30.689747718733226,1.6237251744498122,2.757648953301127,0.1878690284487386,0.24825550187869028,0.2147074610842727,,0.013419216317767043,,,,
81,12.848899624261943,30.730005367686527,7.930756843800322,5.0791733762748255,7.541599570585078,30.64278046162104,1.6706924315619969,2.8918411164787976,0.1878690284487386,0.24825550187869028,0.2147074610842727,,0.013419216317767043,,,,
82,12.822061191626409,24.335748792270532,6.394256575415996,5.0791733762748255,5.9447128287707995,40.27777777777778,1.5633387010198605,2.8918411164787976,0.1878690284487386,0.2885131508319914,0.20128824476650564,,0.013419216317767043,,,,
83,12.815351583467525,24.322329575952764,6.353998926462695,5.0791733762748255,5.9447128287707995,40.19055287171229,1.6505636070853462,2.9253891572732154,0.1878690284487386,0.2885131508319914,0.20128824476650564,0.026838432635534086,0.013419216317767043,,,,
84,11.553945249597424,23.792270531400966,6.394256575415996,5.072463768115942,5.8172302737520125,42.05582393988191,1.8048845947396672,2.791196994095545,0.1878690284487386,0.28180354267310787,0.20128824476650564,0.03354804079441761,0.013419216317767043,,,,
85,11.500268384326356,23.765432098765434,6.427804616210413,5.072463768115942,5.803811057434245,42.089371980676326,1.8183038110574343,2.791196994095545,0.1878690284487386,0.28180354267310787,0.2147074610842727,0.03354804079441761,0.013419216317767043,,,,
86,11.500268384326356,23.738593666129898,7.816693505099302,5.072463768115942,5.776972624798712,40.707192699946326,1.8384326355340848,2.791196994095545,0.1878690284487386,0.28180354267310787,0.2147074610842727,0.03354804079441761,0.040257648953301126,,,,
87,11.500268384326356,23.68491680085883,7.890499194847021,5.072463768115942,5.776972624798712,40.64680622651637,1.8786902844873858,2.791196994095545,0.1878690284487386,0.28180354267310787,0.2147074610842727,0.03354804079441761,0.040257648953301126,,,,
88,11.460010735373054,23.711755233494365,7.917337627482555,5.072463768115942,5.770263016639828,40.5931293612453,1.9189479334406871,2.791196994095545,0.1878690284487386,0.28180354267310787,0.2214170692431562,0.03354804079441761,0.040257648953301126,,,,
89,11.460010735373054,23.060923242082662,8.071658615136876,5.072463768115942,5.803811057434245,39.69404186795491,1.8250134192163177,4.233762748255502,0.1878690284487386,0.28180354267310787,0.2214170692431562,0.03354804079441761,0.05367686527106817,,,,
90,11.265432098765432,23.242082662372518,8.125335480407944,5.072463768115942,5.803811057434245,39.53301127214171,1.9457863660762211,4.233762748255502,0.1878690284487386,0.28180354267310787,0.2214170692431562,0.03354804079441761,0.05367686527106817,,,,
91,11.258722490606548,23.201825013419217,8.185721953837897,5.0858829844337095,5.797101449275362,39.34514224369297,2.0665593129361244,4.206924315619967,0.1878690284487386,0.30864197530864196,0.24154589371980675,0.04696725711218465,0.06709608158883522,,,,
92,11.258722490606548,23.087761674718198,8.454106280193237,4.938271604938271,5.810520665593129,39.11701556629093,2.2611379495437465,4.206924315619967,0.20128824476650564,0.30864197530864196,0.24154589371980675,0.04696725711218465,0.06709608158883522,,,,
93,11.198336017176597,23.087761674718198,8.628556092324208,4.938271604938271,5.810520665593129,39.029790660225444,2.26784755770263,4.200214707461084,0.20128824476650564,0.28180354267310787,0.24154589371980675,0.04696725711218465,0.06709608158883522,,,,
94,11.178207192699947,23.067632850241544,8.668813741277509,4.938271604938271,5.783682232957595,38.969404186795494,2.301395598497048,4.200214707461084,0.2281266774020397,0.28180354267310787,0.24154589371980675,0.04696725711218465,0.0939345142243693,,,,
95,11.151368760064413,22.987117552334944,8.776167471819646,4.938271604938271,5.783682232957595,38.969404186795494,2.2879763821792807,4.200214707461084,0.2281266774020397,0.2952227589908749,0.24154589371980675,0.04696725711218465,0.0939345142243693,,,,
96,11.151368760064413,22.973698336017176,8.769457863660762,4.904723564143854,5.750134192163178,38.801663982823406,2.442297369833602,4.200214707461084,0.2281266774020397,0.36231884057971014,0.24154589371980675,0.04696725711218465,0.1274825550187869,,,,
97,11.151368760064413,22.946859903381643,8.789586688137414,6.763285024154589,5.6964573268921095,37.084004294149224,2.3886205045625335,4.200214707461084,0.20799785292538917,0.3488996242619431,0.24825550187869028,0.04696725711218465,0.1274825550187869,,,,
98,11.077563070316694,22.987117552334944,8.870101986044014,6.743156199677939,5.683038110574342,36.8894256575416,2.536231884057971,4.2203435319377345,0.20799785292538917,0.36231884057971014,0.24825550187869028,0.04696725711218465,0.1274825550187869,,,,
99,11.064143853998926,22.913311862587225,8.890230810520666,6.743156199677939,5.662909286097692,36.62775093934514,2.9253891572732154,4.1532474503489,0.20799785292538917,0.35560923242082665,0.24825550187869028,0.04696725711218465,0.1610305958132045,,,,
100,11.064143853998926,22.913311862587225,8.910359634997317,7.273215244229737,5.662909286097692,36.594202898550726,2.9388083735909825,3.6231884057971016,0.20799785292538917,0.35560923242082665,0.24825550187869028,0.04696725711218465,0.1610305958132045,,,,
101,11.037305421363392,22.906602254428343,8.930488459473967,7.27992485238862,5.676328502415459,36.560654857756305,2.965646806226516,3.6231884057971016,0.20799785292538917,0.35560923242082665,0.24825550187869028,0.04696725711218465,0.1610305958132045,,,,
102,11.010466988727858,22.879763821792807,8.984165324745035,7.266505636070853,5.669618894256575,36.493558776167475,3.0327428878153517,3.6097691894793345,0.20799785292538917,0.3824476650563607,0.2549651100375738,0.04696725711218465,0.1610305958132045,,,,
103,10.997047772410092,22.819377348362856,9.037842190016104,7.266505636070853,5.669618894256575,36.44659151905529,3.0327428878153517,3.656736446591519,0.20799785292538917,0.38915727321524424,0.2549651100375738,0.06038647342995169,0.1610305958132045,,,,
104,10.997047772410092,22.819377348362856,9.064680622651638,7.246376811594203,5.676328502415459,36.33923778851315,3.099838969404187,3.656736446591519,0.2281266774020397,0.38915727321524424,0.2549651100375738,0.06038647342995169,0.16774020397208803,,,,
105,10.997047772410092,22.537573805689746,9.037842190016104,7.246376811594203,5.676328502415459,35.30595813204509,3.126677402039721,4.9718196457326895,0.2281266774020397,0.38915727321524424,0.2549651100375738,0.06038647342995169,0.16774020397208803,,,,
106,10.929951690821255,22.450348899624263,9.03113258185722,7.232957595276436,5.703166935050993,35.339506172839506,3.2206119162640903,4.951690821256038,0.2616747181964573,0.39586688137412773,0.2549651100375738,0.06038647342995169,0.16774020397208803,,,,
107,10.674986580783683,22.63150831991412,9.044551798174986,7.232957595276436,5.743424584004294,35.28582930756844,3.2742887815351582,4.904723564143854,0.27509393451422437,0.46296296296296297,0.24154589371980675,0.06038647342995169,0.16774020397208803,,,,
108,10.648148148148149,22.65834675254965,8.99087493290392,7.232957595276436,5.837359098228664,35.225442834138484,3.294417606011809,4.891304347826087,0.2885131508319914,0.46296296296296297,0.24154589371980675,0.06038647342995169,0.16774020397208803,,,,
109,10.63472893183038,22.564412238325282,9.098228663446054,7.239667203435319,5.83064949006978,35.15163714439077,3.3145464304884595,4.891304347826087,0.30864197530864196,0.46296296296296297,0.24154589371980675,0.08722490606548577,0.17444981213097155,,,,
110,10.63472893183038,22.537573805689746,9.158615136876007,7.239667203435319,5.763553408480945,35.07783145464305,3.3413848631239937,4.891304347826087,0.30864197530864196,0.46296296296296297,0.24154589371980675,0.10064412238325282,0.24154589371980675,,,,
111,10.621309715512615,22.52415458937198,9.16532474503489,7.246376811594203,5.776972624798712,35.07783145464305,3.3413848631239937,4.891304347826087,0.30864197530864196,0.46296296296296297,0.24154589371980675,0.10064412238325282,0.24154589371980675,,,,
112,10.601180891035963,22.544283413848632,9.125067096081589,11.11111111111111,5.790391841116479,31.488191089640367,3.066290928609769,4.891304347826087,0.33548040794417605,0.46296296296296297,0.24154589371980675,0.10064412238325282,0.24154589371980675,,,,
113,10.601180891035963,22.517444981213096,9.151905528717123,11.11111111111111,5.790391841116479,31.468062265163713,3.066290928609769,4.891304347826087,0.33548040794417605,0.46296296296296297,0.24154589371980675,0.12077294685990338,0.24154589371980675,,,,
114,10.446859903381643,21.953837895866883,9.024422973698336,11.896135265700483,5.837359098228664,31.4345142243693,3.066290928609769,4.804079441760601,0.33548040794417605,0.5971551261406334,0.24154589371980675,0.12077294685990338,0.24154589371980675,,,,
115,10.433440687063875,21.940418679549115,9.104938271604938,11.869296833064949,5.8172302737520125,31.28690284487386,3.1736446591519054,4.804079441760601,0.3488996242619431,0.6172839506172839,0.24154589371980675,0.12077294685990338,0.24154589371980675,,,,
116,10.433440687063875,21.900161030595815,9.131776704240472,11.842458400429415,5.83064949006978,31.179549114331724,3.2742887815351582,4.804079441760601,0.36231884057971014,0.6172839506172839,0.24154589371980675,0.14090177133655393,0.24154589371980675,,,,
117,10.433440687063875,21.846484165324746,9.198872785829307,11.842458400429415,5.844068706387547,30.844068706387546,3.5829307568438002,4.770531400966184,0.36231884057971014,0.6508319914117016,0.24154589371980675,0.14090177133655393,0.24154589371980675,,,,
118,10.413311862587225,21.76596886741814,9.198872785829307,11.842458400429415,5.837359098228664,30.85077831454643,3.6097691894793345,4.783950617283951,0.36231884057971014,0.6843800322061192,0.2683843263553409,0.14090177133655393,0.24154589371980675,,,,
119,10.393183038110575,21.76596886741814,9.172034353193773,11.842458400429415,5.837359098228664,30.844068706387546,3.629898013955985,4.783950617283951,0.36231884057971014,0.6843800322061192,0.28180354267310787,0.1610305958132045,0.24154589371980675,,,,
120,10.34621578099839,21.672034353193773,9.185453569511541,11.788781535158346,5.877616747181965,30.770263016639827,3.6768652710681695,4.871175523349437,0.3757380568974772,0.7246376811594203,0.30864197530864196,0.1610305958132045,0.24154589371980675,,,,
121,10.339506172839506,21.631776704240472,9.172034353193773,11.728395061728396,5.877616747181965,30.770263016639827,3.6768652710681695,4.898013955984971,0.43612453032742887,0.7581857219538379,0.30864197530864196,0.1610305958132045,0.24154589371980675,,,,
122,10.332796564680622,21.175523349436393,9.601449275362318,12.238325281803542,5.810520665593129,30.50187869028449,3.5628019323671496,4.898013955984971,0.4294149221685454,0.7380568974771873,0.30864197530864196,0.1610305958132045,0.24154589371980675,,,,
123,10.292538915727322,21.135265700483092,9.648416532474503,12.25174449812131,5.810520665593129,30.48845947396672,3.5762211486849167,4.918142780461621,0.4294149221685454,0.7380568974771873,0.30864197530864196,0.1610305958132045,0.24154589371980675,,,,
124,10.292538915727322,21.135265700483092,10.218733225979603,12.211486849168008,5.280461621041331,30.461621041331185,3.743961352657005,4.777241009125067,0.46967257112184646,0.7380568974771873,0.2683843263553409,0.1610305958132045,0.24154589371980675,,,,
125,10.292538915727322,21.135265700483092,10.205314009661835,12.198067632850242,5.280461621041331,30.461621041331185,3.743961352657005,4.777241009125067,0.4830917874396135,0.7380568974771873,0.2683843263553409,0.1610305958132045,0.2549651100375738,,,,
126,10.292538915727322,21.101717659688674,10.393183038110575,12.198067632850242,5.300590445517981,30.307300053676865,3.683574879227053,4.777241009125067,0.49651100375738055,0.7313472893183038,0.30193236714975846,0.1610305958132045,0.2549651100375738,,,,
127,10.265700483091788,21.121846484165324,10.373054213633925,12.198067632850242,5.3274288781535155,30.307300053676865,3.683574879227053,4.777241009125067,0.49651100375738055,0.7313472893183038,0.30193236714975846,0.1610305958132045,0.2549651100375738,,,,
128,10.225442834138486,21.155394524959743,10.44015029522276,12.204777241009126,5.287171229200215,30.24020397208803,3.69699409554482,4.770531400966184,0.4830917874396135,0.7380568974771873,0.32877079978529256,0.17444981213097155,0.2549651100375738,,,,
129,10.218733225979603,21.115136876006442,10.48040794417606,12.191358024691358,5.287171229200215,30.16639828234031,3.7775093934514223,4.783950617283951,0.46967257112184646,0.7514761137949544,0.32877079978529256,0.17444981213097155,0.2549651100375738,,,,
130,10.218733225979603,21.115136876006442,10.876274825550189,12.191358024691358,5.273752012882448,29.777241009125067,3.784219001610306,4.783950617283951,0.46967257112184646,0.7514761137949544,0.32877079978529256,0.17444981213097155,0.2549651100375738,,,,
131,10.218733225979603,21.115136876006442,10.849436392914654,12.164519592055823,5.3274288781535155,29.656468062265162,3.9049919484702094,4.736983360171766,0.46967257112184646,0.798443370907139,0.32877079978529256,0.17444981213097155,0.2549651100375738,,,,
132,10.21202361782072,21.088298443370906,10.802469135802468,12.06387546967257,5.387815351583468,29.64975845410628,3.898282340311326,4.723564143853999,0.5837359098228664,0.798443370907139,0.32877079978529256,0.20128824476650564,0.2549651100375738,0.0067096081588835215,,,
133,10.21202361782072,20.913848631239937,11.003757380568974,12.06387546967257,5.387815351583468,29.582662372517444,3.9519592055823938,4.723564143853999,0.5837359098228664,0.798443370907139,0.3153515834675255,0.20128824476650564,0.2549651100375738,0.0067096081588835215,,,
134,10.19189479334407,20.82662372517445,11.057434245840042,12.06387546967257,5.387815351583468,29.56924315619968,3.9586688137412773,4.7638217928073,0.5837359098228664,0.8185721953837896,0.3153515834675255,0.20128824476650564,0.2549651100375738,0.0067096081588835215,,,
135,10.151637144390767,20.860171765968868,11.037305421363392,12.04374664519592,5.421363392377885,29.55582393988191,3.938539989264627,4.777241009125067,0.6239935587761675,0.8118625872249061,0.3153515834675255,0.20128824476650564,0.2549651100375738,0.0067096081588835215,,,
136,10.138217928073,20.8467525496511,11.191626409017713,12.02361782071927,5.4549114331723025,29.461889425657542,3.878153515834675,4.750402576489533,0.6374127750939346,0.8387010198604401,0.3153515834675255,0.20128824476650564,0.2549651100375738,0.0067096081588835215,,,
137,10.131508319914117,20.739398819108963,11.312399355877616,12.04374664519592,5.428073000536768,29.435050993022006,3.9049919484702094,4.736983360171766,0.6105743424584005,0.8789586688137413,0.3153515834675255,0.20128824476650564,0.2549651100375738,0.0067096081588835215,,,
138,10.057702630166398,20.209339774557165,11.258722490606548,12.587224906065487,5.562265163714439,29.401502952227588,3.9184111647879765,4.723564143853999,0.5770263016639828,0.8789586688137413,0.3488996242619431,0.20128824476650564,0.2549651100375738,0.020128824476650563,,,
139,10.044283413848632,20.169082125603865,11.325818572195384,12.580515297906603,5.562265163714439,29.401502952227588,3.9184111647879765,4.730273752012883,0.5770263016639828,0.8655394524959742,0.3488996242619431,0.20128824476650564,0.2549651100375738,0.020128824476650563,,,
140,10.030864197530864,20.182501341921633,11.332528180354267,12.573805689747719,5.528717122920021,29.374664519592056,3.7640901771336552,4.904723564143854,0.5770263016639828,0.8655394524959742,0.38915727321524424,0.20128824476650564,0.2549651100375738,0.020128824476650563,,,
141,10.030864197530864,20.182501341921633,11.292270531400966,12.546967257112184,5.522007514761138,29.367954911433173,3.750670960815888,4.918142780461621,0.6374127750939346,0.8588298443370908,0.41599570585077833,0.20128824476650564,0.2549651100375738,0.020128824476650563,,,
142,10.030864197530864,20.169082125603865,11.272141706924316,12.345679012345679,5.542136339237788,29.334406870638755,3.92512077294686,4.911433172302737,0.7112184648416533,0.8521202361782072,0.41599570585077833,0.2147074610842727,0.2549651100375738,0.020128824476650563,,,
143,9.997316156736447,20.142243692968332,11.325818572195384,12.338969404186795,5.58239398819109,29.320987654320987,3.898282340311326,4.911433172302737,0.7112184648416533,0.8521202361782072,0.4294149221685454,0.2147074610842727,0.2549651100375738,0.020128824476650563,,,
144,9.950348899624261,20.148953301127214,11.292270531400966,12.352388620504563,5.589103596349974,29.334406870638755,3.898282340311326,4.911433172302737,0.6910896403650026,0.8521202361782072,0.4294149221685454,0.24825550187869028,0.2616747181964573,0.040257648953301126,,,
145,9.950348899624261,20.041599570585078,11.037305421363392,12.352388620504563,6.696188942565755,28.56280193236715,4.05931293612453,4.790660225442834,0.6910896403650026,0.8387010198604401,0.4294149221685454,0.24825550187869028,0.2616747181964573,0.040257648953301126,,,
146,9.219001610305957,20.90042941492217,11.037305421363392,12.338969404186795,6.615673644659152,28.415190552871714,4.193505099302201,4.736983360171766,0.6910896403650026,0.8454106280193237,0.4562533548040794,0.24825550187869028,0.2616747181964573,0.040257648953301126,,,
147,8.923778851315083,18.746645195920557,9.789318303811058,7.702630166398282,4.924852388620504,41.418411164787976,2.9723564143853998,3.69699409554482,0.3757380568974772,0.5971551261406334,0.322061191626409,0.2281266774020397,0.2616747181964573,0.040257648953301126,,,
148,8.923778851315083,18.746645195920557,9.809447128287708,7.702630166398282,4.924852388620504,41.378153515834676,2.9723564143853998,3.7238325281803544,0.3757380568974772,0.5971551261406334,0.322061191626409,0.2281266774020397,0.2616747181964573,0.03354804079441761,,,
149,8.923778851315083,18.699677938808374,9.829575952764358,7.702630166398282,4.911433172302737,41.37144390767579,3.0059044551798175,3.717122920021471,0.3757380568974772,0.6038647342995169,0.322061191626409,0.2281266774020397,0.27509393451422437,0.03354804079441761,,,
150,8.923778851315083,18.585614600107355,10.02415458937198,7.702630166398282,4.904723564143854,41.237251744498124,3.0394524959742353,3.717122920021471,0.3757380568974772,0.6038647342995169,0.3488996242619431,0.2281266774020397,0.27509393451422437,0.03354804079441761,,,
151,8.917069243156199,18.592324208266238,10.010735373054214,7.702630166398282,4.904723564143854,41.21041331186259,3.066290928609769,3.730542136339238,0.3757380568974772,0.6038647342995169,0.3488996242619431,0.2281266774020397,0.27509393451422437,0.03354804079441761,,,
152,8.917069243156199,18.552066559312937,10.02415458937198,7.689210950080516,4.904723564143854,41.19028448738594,3.066290928609769,3.7640901771336552,0.4025764895330113,0.6038647342995169,0.3488996242619431,0.2281266774020397,0.27509393451422437,0.03354804079441761,,,
153,8.917069243156199,17.74020397208803,9.66183574879227,7.360440150295223,4.2203435319377345,43.63929146537842,3.0595813204508855,3.5963499731615673,0.39586688137412773,0.5636070853462157,0.322061191626409,0.2147074610842727,0.27509393451422437,0.03354804079441761,,,
154,8.917069243156199,17.726784755770264,9.628287707997853,7.367149758454106,4.2270531400966185,43.612453032742884,3.0730005367686526,3.6231884057971016,0.39586688137412773,0.5636070853462157,0.322061191626409,0.23483628556092323,0.27509393451422437,0.03354804079441761,,,
155,8.883521202361782,17.69994632313473,9.668545356951155,7.367149758454106,4.186795491143317,43.59903381642512,3.0864197530864197,3.656736446591519,0.39586688137412773,0.5636070853462157,0.322061191626409,0.23483628556092323,0.30193236714975846,0.03354804079441761,,,
156,8.883521202361782,17.66639828234031,9.681964573268921,7.367149758454106,4.2203435319377345,43.42458400429415,3.227321524422974,3.670155662909286,0.39586688137412773,0.5636070853462157,0.322061191626409,0.24154589371980675,0.30193236714975846,0.03354804079441761,,,
157,8.84326355340848,17.693236714975846,9.722222222222221,7.347020933977456,4.213633923778851,43.37761674718197,3.260869565217391,3.670155662909286,0.39586688137412773,0.5904455179817498,0.30864197530864196,0.24154589371980675,0.30193236714975846,0.03354804079441761,,,
158,8.76274825550188,17.693236714975846,9.728931830381105,7.347020933977456,4.274020397208803,43.33735909822866,3.3145464304884595,3.670155662909286,0.39586688137412773,0.5904455179817498,0.30864197530864196,0.24154589371980675,0.30193236714975846,0.03354804079441761,,,
159,8.76274825550188,17.52549651100376,9.702093397745571,7.333601717659689,4.30756843800322,43.33064949006978,3.307836822329576,3.844605475040258,0.4092860976918948,0.5904455179817498,0.30864197530864196,0.24154589371980675,0.30193236714975846,0.03354804079441761,,,
160,8.76274825550188,17.51207729468599,9.769189479334408,7.306763285024155,4.30756843800322,43.23000536768653,3.3413848631239937,3.8311862587224907,0.43612453032742887,0.6172839506172839,0.30864197530864196,0.24154589371980675,0.30193236714975846,0.03354804079441761,,,
161,8.722490606548577,17.424852388620504,9.836285560923242,7.4141170155662905,4.280730005367687,43.16961889425657,3.3480944712828773,3.8378958668813743,0.43612453032742887,0.6172839506172839,0.30864197530864196,0.24154589371980675,0.32877079978529256,0.03354804079441761,,,
162,8.709071390230811,16.53918411164788,9.621578099838969,8.521202361782072,4.294149221685454,43.12936124530327,3.374932903918411,3.8378958668813743,0.4428341384863124,0.6172839506172839,0.30864197530864196,0.24154589371980675,0.32877079978529256,0.03354804079441761,,,
163,8.682232957595277,16.566022544283413,9.702093397745571,8.474235104669887,4.300858829844337,43.05555555555556,3.3682232957595275,3.8378958668813743,0.4428341384863124,0.6575415995705851,0.30864197530864196,0.24154589371980675,0.32877079978529256,0.03354804079441761,,,
164,8.682232957595277,16.51905528717123,9.876543209876543,8.501073537305421,4.300858829844337,42.901234567901234,3.3682232957595275,3.824476650563607,0.46296296296296297,0.6508319914117016,0.30864197530864196,0.24154589371980675,0.32877079978529256,0.03354804079441761,,,
165,8.682232957595277,16.51905528717123,9.648416532474503,8.474235104669887,7.803274288781535,40.08990874932904,3.0730005367686526,3.670155662909286,0.48980139559849706,0.6508319914117016,0.30864197530864196,0.2281266774020397,0.32877079978529256,0.03354804079441761,,,
166,8.682232957595277,16.51905528717123,9.648416532474503,8.474235104669887,7.803274288781535,40.08990874932904,3.0730005367686526,3.656736446591519,0.48980139559849706,0.6642512077294686,0.30864197530864196,0.2281266774020397,0.32877079978529256,0.03354804079441761,,,
167,8.601717659688674,16.59286097691895,9.594739667203436,8.460815888352121,7.803274288781535,40.04965110037574,3.1065485775630703,3.656736446591519,0.5032206119162641,0.6977992485238862,0.30864197530864196,0.2616747181964573,0.32877079978529256,0.03354804079441761,,,
168,8.568169618894256,16.6129898013956,9.520933977455716,8.467525496511003,7.836822329575953,40.002683843263554,3.1468062265163717,3.643317230273752,0.5434782608695652,0.6977992485238862,0.30864197530864196,0.27509393451422437,0.3421900161030596,0.03354804079441761,,,
169,8.568169618894256,16.59957058507783,9.534353193773484,8.467525496511003,7.863660762211487,39.98926462694579,3.1602254428341383,3.629898013955985,0.5434782608695652,0.6843800322061192,0.30864197530864196,0.27509393451422437,0.3421900161030596,0.03354804079441761,,,
170,8.561460010735374,16.5727321524423,9.514224369296834,8.467525496511003,7.856951154052603,39.962426194310254,3.207192699946323,3.629898013955985,0.5434782608695652,0.6843800322061192,0.30864197530864196,0.3153515834675255,0.3421900161030596,0.03354804079441761,,,
171,8.561460010735374,16.545893719806763,9.420289855072463,8.447396672034353,7.883789586688137,39.97584541062802,3.207192699946323,3.670155662909286,0.5636070853462157,0.6843800322061192,0.30864197530864196,0.32877079978529256,0.36902844873859364,0.03354804079441761,,,
172,8.561460010735374,16.53918411164788,9.39345142243693,8.460815888352121,7.9039184111647875,39.92216854535695,3.2541599570585076,3.683574879227053,0.5568974771873323,0.6843800322061192,0.30864197530864196,0.32877079978529256,0.36902844873859364,0.03354804079441761,,,
173,8.548040794417606,16.51905528717123,9.420289855072463,8.460815888352121,7.87037037037037,39.90874932903918,3.2541599570585076,3.670155662909286,0.5501878690284487,0.6977992485238862,0.3421900161030596,0.35560923242082665,0.36902844873859364,0.03354804079441761,,,
174,8.548040794417606,16.505636070853463,9.433709071390231,8.460815888352121,7.890499194847021,39.88862050456253,3.240740740740741,3.670155662909286,0.5636070853462157,0.6977992485238862,0.3421900161030596,0.35560923242082665,0.36902844873859364,0.03354804079441761,,,
175,8.487654320987655,16.55931293612453,9.440418679549115,8.447396672034353,7.856951154052603,39.89533011272142,3.280998389694042,3.670155662909286,0.5837359098228664,0.6709608158883521,0.3488996242619431,0.35560923242082665,0.36902844873859364,0.03354804079441761,,,
176,8.487654320987655,16.55931293612453,9.433709071390231,8.447396672034353,7.85024154589372,39.89533011272142,3.260869565217391,3.670155662909286,0.5837359098228664,0.6709608158883521,0.38915727321524424,0.3488996242619431,0.36902844873859364,0.03354804079441761,,,
177,8.487654320987655,16.55931293612453,9.460547504025765,8.447396672034353,7.836822329575953,39.83494363929147,3.2541599570585076,3.69699409554482,0.5837359098228664,0.6709608158883521,0.38915727321524424,0.3757380568974772,0.36902844873859364,0.03354804079441761,,,
