,45,50,51,55,52,56,54,53,57,59,58,60
0,88.4393451422437,11.560654857756306,,,,,,,,,,
1,83.80971551261406,16.190284487385938,,,,,,,,,,
2,69.61218464841653,22.873054213633925,7.514761137949543,,,,,,,,,
3,68.96135265700484,23.362855609232422,7.4141170155662905,0.2616747181964573,,,,,,,,
4,68.98819108964037,23.336017176596886,7.4141170155662905,0.2616747181964573,,,,,,,,
5,67.21685453569512,22.839506172839506,7.4141170155662905,0.2616747181964573,2.26784755770263,,,,,,,
6,61.963231347289316,22.416800858829845,13.170960815888352,0.10064412238325282,2.26784755770263,0.08051529790660225,,,,,,
7,61.83574879227053,22.497316156736446,13.217928073000536,0.10064412238325282,2.26784755770263,0.08051529790660225,,,,,,
8,61.78878153515835,22.544283413848632,13.217928073000536,0.10064412238325282,2.26784755770263,0.08051529790660225,,,,,,
9,59.70880300590446,23.658078368223297,13.030059044551798,1.2546967257112185,2.26784755770263,0.08051529790660225,,,,,,
10,59.52093397745572,22.946859903381643,12.754965110037574,1.2546967257112185,3.4420289855072466,0.08051529790660225,,,,,,
11,59.38674181427805,22.584541062801932,15.405260332796564,1.2546967257112185,1.2345679012345678,0.13419216317767044,,,,,,
12,59.47396672034353,21.85319377348363,15.942028985507246,1.3620504562533549,1.2345679012345678,0.13419216317767044,,,,,,
13,59.326355340848096,22.000805152979066,15.942028985507246,1.3620504562533549,1.2345679012345678,0.13419216317767044,,,,,,
14,53.40177133655394,25.49651100375738,15.26435856146001,1.3620504562533549,4.341116478797638,0.13419216317767044,,,,,,
15,51.368760064412236,27.38191089640365,15.35829307568438,1.4492753623188406,4.30756843800322,0.13419216317767044,,,,,,
16,51.039989264626946,27.596618357487923,15.210681696188942,1.5767579173376274,4.30756843800322,0.2683843263553409,,,,,,
17,44.14922168545357,34.58132045088567,15.150295222758992,1.5432098765432098,4.30756843800322,0.2683843263553409,,,,,,
18,39.11701556629093,32.729468599033815,19.57192699946323,1.7981749865807837,3.4286097691894795,0.43612453032742887,2.918679549114332,,,,,
19,37.775093934514224,33.742619431025226,19.79334406870639,1.90552871712292,3.4286097691894795,0.43612453032742887,2.918679549114332,,,,,
20,37.60064412238325,33.843263553408484,19.719538378958667,1.90552871712292,3.589640365002684,0.43612453032742887,2.9052603327965647,,,,,
21,37.59393451422437,32.930756843800324,19.920826623725173,1.7646269457863661,4.448470209339774,0.43612453032742887,2.9052603327965647,,,,,
22,37.5805152979066,32.96430488459474,19.900697799248523,1.7646269457863661,4.448470209339774,0.43612453032742887,2.9052603327965647,,,,,
23,36.12453032742888,35.279119699409556,19.14922168545357,1.8317230273752012,4.274020397208803,0.43612453032742887,2.9052603327965647,,,,,
24,36.13794954374664,35.265700483091784,19.14922168545357,1.8317230273752012,4.274020397208803,0.43612453032742887,2.9052603327965647,,,,,
25,36.272141706924316,35.158346752549654,19.068706387546968,1.8853998926462694,4.274020397208803,0.43612453032742887,2.9052603327965647,,,,,
26,31.99141170155663,39.09688674181428,18.914385399892645,1.8853998926462694,4.656468062265164,0.5501878690284487,2.9052603327965647,,,,,
27,32.09205582393988,38.94256575415996,18.84728931830381,1.6975308641975309,4.643048845947397,0.5501878690284487,3.227321524422974,,,,,
28,32.118894256575416,38.92243692968331,18.840579710144926,1.6975308641975309,4.643048845947397,0.5501878690284487,3.227321524422974,,,,,
29,30.649490069779926,37.754965110037574,19.028448738593667,1.5633387010198605,4.643048845947397,0.5501878690284487,5.810520665593129,,,,,
30,29.528985507246375,38.70101986044015,18.9747718733226,1.6841116478797638,4.643048845947397,0.5501878690284487,5.917874396135265,,,,,
31,16.056092324208265,71.68545356951154,9.990606548577563,0.48980139559849706,,,1.778046162104133,,,,,
32,16.09634997316157,71.41035963499732,10.165056360708535,0.48980139559849706,,,1.8384326355340848,,,,,
33,15.915190552871712,68.96135265700484,12.721417069243156,0.5636070853462157,,,1.8384326355340848,,,,,
34,15.579710144927537,67.54562533548041,14.620236178207193,0.5233494363929146,,,1.7310789049919484,,,,,
35,13.499731615673644,69.04186795491144,14.935587761674718,0.6977992485238862,,0.0939345142243693,1.7310789049919484,,,,,
36,13.727858293075684,60.69511540526033,14.9020397208803,0.6977992485238862,2.15378421900161,0.0939345142243693,1.7310789049919484,5.998389694041868,,,,
37,13.935856146001074,60.44015029522276,14.734299516908212,0.8051529790660226,2.2611379495437465,0.0939345142243693,1.7310789049919484,5.998389694041868,,,,
38,14.029790660225443,59.14519592055824,15.505904455179817,1.1473429951690821,2.2611379495437465,0.0939345142243693,1.8183038110574343,5.998389694041868,,,,
39,14.04320987654321,59.14519592055824,15.391841116478798,1.1473429951690821,2.2611379495437465,0.20799785292538917,1.8183038110574343,5.984970477724101,,,,
40,14.150563607085346,56.64251207729468,15.378421900161031,3.589640365002684,2.227589908749329,0.20799785292538917,1.8183038110574343,5.984970477724101,,,,
41,13.875469672571121,56.15942028985507,14.130434782608695,3.7037037037037037,2.227589908749329,0.20799785292538917,1.1003757380568975,8.59500805152979,,,,
42,13.955984970477724,55.81723027375201,13.996242619431026,4.0995705850778315,2.214170692431562,0.20799785292538917,1.1003757380568975,8.59500805152979,0.013419216317767043,,,
43,14.002952227589908,55.46833064949007,13.962694578636608,4.408212560386473,2.26784755770263,0.20799785292538917,1.1003757380568975,8.568169618894256,0.013419216317767043,,,
44,14.130434782608695,55.23349436392915,13.895598497047773,4.616210413311863,2.26784755770263,0.20799785292538917,1.1003757380568975,8.53462157809984,0.013419216317767043,,,
45,11.889425657541599,49.69135802469136,23.765432098765434,4.42163177670424,2.26784755770263,0.1610305958132045,0.18115942028985507,7.608695652173913,0.013419216317767043,,,
46,11.922973698336017,49.65780998389694,23.765432098765434,4.42163177670424,2.26784755770263,0.1610305958132045,0.18115942028985507,7.561728395061729,0.013419216317767043,0.04696725711218465,,
47,12.177938808373591,49.28878153515835,23.597691894793343,4.575952764358561,2.26784755770263,0.1610305958132045,0.4025764895330113,7.467793880837359,0.013419216317767043,0.04696725711218465,,
48,12.392646269457863,48.93317230273752,23.564143853998928,4.750402576489533,2.26784755770263,0.1610305958132045,0.4025764895330113,7.467793880837359,0.013419216317767043,0.04696725711218465,,
49,12.426194310252281,48.27563070316693,23.58427267847558,5.273752012882448,2.3349436392914655,0.18115942028985507,0.4025764895330113,7.286634460547504,0.013419216317767043,0.04696725711218465,0.17444981213097155,
50,12.567096081588835,48.14143853998927,23.57085346215781,5.280461621041331,2.3349436392914655,0.18115942028985507,0.4025764895330113,7.286634460547504,0.013419216317767043,0.04696725711218465,0.17444981213097155,
51,12.385936661298981,47.78582930756844,21.39694041867955,5.193236714975845,4.072732152442297,0.11406333870101985,1.442565754159957,7.105475040257649,0.14761137949543746,0.18115942028985507,0.17444981213097155,
52,12.258454106280194,47.094739667203434,20.82662372517445,6.038647342995169,4.924852388620504,0.11406333870101985,1.133923778851315,7.105475040257649,0.14761137949543746,0.18115942028985507,0.17444981213097155,
53,12.52012882447665,46.89345142243693,20.652173913043477,5.844068706387547,4.911433172302737,0.2281266774020397,1.133923778851315,7.092055823939882,0.36902844873859364,0.18115942028985507,0.17444981213097155,
54,12.74825550187869,46.00107353730542,20.652173913043477,4.005636070853462,4.911433172302737,0.2281266774020397,1.1205045625335481,9.742351046698873,0.23483628556092323,0.18115942028985507,0.17444981213097155,
55,12.72812667740204,44.06199677938808,26.496242619431026,3.898282340311326,2.4355877616747184,0.11406333870101985,0.36902844873859364,9.453837895866881,0.10064412238325282,0.18115942028985507,0.1610305958132045,
56,12.922705314009661,43.90096618357488,26.42914653784219,3.898282340311326,2.4691358024691357,0.11406333870101985,0.36902844873859364,9.453837895866881,0.10064412238325282,0.18115942028985507,0.1610305958132045,
57,12.99651100375738,43.585614600107355,26.44927536231884,4.126409017713366,2.442297369833602,0.19457863660762212,0.36902844873859364,9.39345142243693,0.10064412238325282,0.18115942028985507,0.1610305958132045,
58,13.110574342458401,43.47826086956522,22.725442834138487,4.126409017713366,2.442297369833602,0.19457863660762212,0.36902844873859364,13.110574342458401,0.10064412238325282,0.18115942028985507,0.1610305958132045,
59,13.325281803542673,43.08910359634997,22.63150831991412,4.28743961352657,2.442297369833602,0.19457863660762212,0.5099302200751477,13.110574342458401,0.10064412238325282,0.14761137949543746,0.1610305958132045,
60,13.365539452495975,43.08910359634997,22.463768115942027,4.40150295222759,2.3349436392914655,0.3153515834675255,0.5099302200751477,13.110574342458401,0.10064412238325282,0.14761137949543746,0.1610305958132045,
61,13.513150831991412,42.941492216854535,22.36983360171766,4.40150295222759,2.3349436392914655,0.3153515834675255,0.5099302200751477,13.20450885668277,0.10064412238325282,0.14761137949543746,0.1610305958132045,
62,11.788781535158346,40.734031132581855,22.34970477724101,4.40150295222759,2.3349436392914655,0.3153515834675255,0.5099302200751477,17.156468062265162,0.10064412238325282,0.14761137949543746,0.1610305958132045,
63,11.936392914653783,40.68035426731079,22.34970477724101,4.40150295222759,2.3349436392914655,0.3153515834675255,0.5099302200751477,17.062533548040793,0.10064412238325282,0.14761137949543746,0.1610305958132045,
64,12.070585077831455,40.59983896940419,22.31615673644659,4.40150295222759,2.3349436392914655,0.3153515834675255,0.5099302200751477,17.042404723564143,0.10064412238325282,0.14761137949543746,0.1610305958132045,
65,11.399624261943103,38.64734299516908,25.147611379495437,4.294149221685454,2.2342995169082127,0.3153515834675255,0.5099302200751477,16.955179817498657,0.10064412238325282,0.23483628556092323,0.1610305958132045,
66,11.41304347826087,38.64734299516908,25.147611379495437,4.280730005367687,2.2342995169082127,0.3153515834675255,0.5099302200751477,16.841116478797638,0.2147074610842727,0.23483628556092323,0.1610305958132045,
67,11.325818572195384,38.77482555018787,25.10064412238325,4.280730005367687,2.2342995169082127,0.3153515834675255,0.5099302200751477,16.76731078904992,0.32877079978529256,0.20128824476650564,0.1610305958132045,
68,11.386205045625335,38.60708534621578,25.0402576489533,4.435050993022007,2.2342995169082127,0.3153515834675255,0.5904455179817498,16.6129898013956,0.32877079978529256,0.2885131508319914,0.1610305958132045,
69,11.33923778851315,35.628019323671495,24.89935587761675,4.2203435319377345,2.200751476113795,0.5032206119162641,4.2203435319377345,16.210413311862588,0.32877079978529256,0.2885131508319914,0.1610305958132045,
70,11.144659151905529,36.86929683306495,24.16129898013956,4.206924315619967,2.200751476113795,0.5032206119162641,4.2203435319377345,15.915190552871712,0.32877079978529256,0.2885131508319914,0.1610305958132045,
71,10.668276972624799,39.55984970477724,22.034353193773484,5.495169082125604,2.120236178207193,0.3824476650563607,3.9519592055823938,15.08990874932904,0.24825550187869028,0.2885131508319914,0.1610305958132045,
72,9.98389694041868,38.94927536231884,21.22920021470746,5.897745571658615,3.824476650563607,0.3757380568974772,3.9519592055823938,15.08990874932904,0.24825550187869028,0.2885131508319914,0.1610305958132045,
73,10.279119699409554,38.60708534621578,21.162104133118625,6.052066559312936,3.81105743424584,0.3757380568974772,3.9519592055823938,14.949006977992486,0.24825550187869028,0.4025764895330113,0.1610305958132045,
74,10.292538915727322,38.43263553408481,20.323403113258184,6.286902844873859,3.81105743424584,0.5233494363929146,3.9519592055823938,15.566290928609769,0.24825550187869028,0.4025764895330113,0.1610305958132045,
75,10.332796564680622,37.513419216317764,20.303274288781534,7.232957595276436,3.81105743424584,0.5233494363929146,3.9519592055823938,15.519323671497585,0.24825550187869028,0.4025764895330113,0.1610305958132045,
76,9.4873859366613,31.11916264090177,27.83816425120773,7.018250134192163,3.8311862587224907,0.5233494363929146,3.938539989264627,15.445517981749866,0.23483628556092323,0.4025764895330113,0.1610305958132045,
77,9.614868491680086,31.072195383789587,27.811325818572197,7.018250134192163,3.8043478260869565,0.5233494363929146,3.938539989264627,15.418679549114332,0.23483628556092323,0.4025764895330113,0.1610305958132045,
78,8.870101986044014,29.924852388620504,28.858024691358025,8.319914117015566,3.4420289855072466,0.6239935587761675,3.770799785292539,15.136876006441224,0.48980139559849706,0.4025764895330113,0.1610305958132045,
79,9.084809447128288,29.71014492753623,28.764090177133657,8.353462157809984,3.5292538915727323,0.6239935587761675,3.770799785292539,15.11003757380569,0.48980139559849706,0.4025764895330113,0.1610305958132045,
80,9.359903381642512,29.622920021470748,28.60305958132045,8.353462157809984,3.5292538915727323,0.6239935587761675,3.770799785292539,15.083199141170155,0.48980139559849706,0.4025764895330113,0.1610305958132045,
81,9.473966720343531,29.139828234031132,28.898282340311326,8.353462157809984,3.4957058507783145,0.7313472893183038,3.770799785292539,14.982555018786902,0.48980139559849706,0.36902844873859364,0.2952227589908749,
82,9.796027911969942,28.891572732152444,28.609769189479334,8.480944712828771,3.4957058507783145,0.7313472893183038,3.8848631239935587,14.955716586151368,0.48980139559849706,0.36902844873859364,0.2952227589908749,
83,9.863123993558776,28.83118625872249,28.529253891572733,8.581588835212024,3.4957058507783145,0.7313472893183038,3.8848631239935587,14.928878153515834,0.48980139559849706,0.36902844873859364,0.2952227589908749,
84,9.930220075147611,28.75738056897477,28.415190552871714,8.608427267847558,3.4957058507783145,0.8252818035426731,3.8848631239935587,14.928878153515834,0.48980139559849706,0.36902844873859364,0.2952227589908749,
85,10.279119699409554,28.475577026301664,28.415190552871714,8.3467525496511,4.864465915190553,0.8252818035426731,3.8848631239935587,13.935856146001074,0.2616747181964573,0.36902844873859364,0.3421900161030596,
86,10.426731078904991,28.462157809983896,28.14009661835749,8.487654320987655,4.864465915190553,0.8252818035426731,3.8848631239935587,13.882179280730005,0.2616747181964573,0.4227053140096618,0.3421900161030596,
87,10.466988727858293,28.428609769189478,28.14009661835749,8.467525496511003,4.616210413311863,0.8252818035426731,4.146537842190016,13.882179280730005,0.2616747181964573,0.4227053140096618,0.3421900161030596,
88,10.628019323671497,28.27428878153516,28.06629092860977,8.387010198604402,4.7638217928073,0.9192163177670424,4.146537842190016,13.788244766505636,0.2616747181964573,0.4227053140096618,0.3421900161030596,
89,10.674986580783683,27.616747181964573,27.87842190016103,8.3064949006978,7.333601717659689,0.9192163177670424,4.146537842190016,12.553676865271068,0.14761137949543746,0.2281266774020397,0.19457863660762212,
90,10.701825013419215,27.536231884057973,27.84487385936661,8.514492753623188,7.152442297369833,0.9192163177670424,4.206924315619967,12.392646269457863,0.30864197530864196,0.2281266774020397,0.19457863660762212,
91,10.943370907139023,27.42216854535695,27.78448738593666,8.447396672034353,7.152442297369833,0.9192163177670424,4.206924315619967,12.392646269457863,0.30864197530864196,0.2281266774020397,0.19457863660762212,
92,10.963499731615673,26.50295222758991,27.509393451422437,7.266505636070853,7.152442297369833,1.2345679012345678,4.26731078904992,14.371980676328503,0.30864197530864196,0.2281266774020397,0.19457863660762212,
93,11.18491680085883,26.341921631776703,26.88539989264627,6.642512077294686,7.152442297369833,1.0869565217391304,4.26731078904992,15.734031132581856,0.28180354267310787,0.2281266774020397,0.19457863660762212,
94,11.33923778851315,26.341921631776703,26.744498121309714,6.642512077294686,7.152442297369833,1.0869565217391304,4.26731078904992,15.72061191626409,0.28180354267310787,0.2281266774020397,0.19457863660762212,
95,11.460010735373054,24.818840579710145,26.690821256038646,6.206387546967257,7.132313472893183,1.0735373054213635,6.1929683306494905,15.72061191626409,0.28180354267310787,0.2281266774020397,0.19457863660762212,
96,11.2788513150832,24.12775093934514,30.434782608695652,6.199677938808374,5.783682232957595,1.0735373054213635,6.1929683306494905,14.224369296833064,0.28180354267310787,0.2281266774020397,0.17444981213097155,
97,11.124530327428879,24.04723564143854,27.334943639291467,9.588030059044552,5.743424584004294,1.0735373054213635,6.1929683306494905,14.210950080515298,0.28180354267310787,0.2281266774020397,0.17444981213097155,
98,10.869565217391305,23.11460010735373,27.17391304347826,9.561191626409018,5.743424584004294,1.0735373054213635,5.005367686527107,16.774020397208805,0.28180354267310787,0.2281266774020397,0.17444981213097155,
99,10.970209339774557,23.060923242082662,26.952495974235106,9.628287707997853,5.736714975845411,1.1943102522812667,5.005367686527107,16.76731078904992,0.28180354267310787,0.2281266774020397,0.17444981213097155,
100,9.400161030595813,22.10144927536232,35.09125067096082,8.76274825550188,5.676328502415459,0.6105743424584005,4.85775630703167,12.815351583467525,0.28180354267310787,0.2281266774020397,0.17444981213097155,
101,9.54777241009125,22.067901234567902,35.07783145464305,8.735909822866345,5.636070853462158,0.6105743424584005,4.85775630703167,12.815351583467525,0.28180354267310787,0.20128824476650564,0.16774020397208803,
102,9.749060654857756,22.061191626409016,34.91009125067096,8.735909822866345,5.636070853462158,0.6508319914117016,4.804079441760601,12.801932367149758,0.28180354267310787,0.20128824476650564,0.16774020397208803,
103,9.876543209876543,21.980676328502415,34.836285560923244,8.588298443370908,5.60252281266774,0.8252818035426731,4.871175523349437,12.801932367149758,0.24825550187869028,0.20128824476650564,0.16774020397208803,
104,10.044283413848632,21.91358024691358,34.836285560923244,8.588298443370908,5.5756843800322065,0.8252818035426731,4.871175523349437,12.72812667740204,0.24825550187869028,0.20128824476650564,0.16774020397208803,
105,10.399892646269459,21.64519592055824,34.77589908749329,8.675523349436393,5.508588298443371,0.8252818035426731,4.871175523349437,12.681159420289855,0.24825550187869028,0.20128824476650564,0.16774020397208803,
106,10.473698336017177,21.64519592055824,34.594739667203434,8.809715512614064,5.35426731078905,0.95276435856146,4.871175523349437,12.681159420289855,0.24825550187869028,0.20128824476650564,0.16774020397208803,
107,10.426731078904991,21.792807300053678,34.534353193773484,8.809715512614064,5.35426731078905,0.95276435856146,4.871175523349437,12.640901771336553,0.24825550187869028,0.20128824476650564,0.16774020397208803,
108,10.513955984970478,21.712292002147073,34.37332259796028,8.809715512614064,5.347557702630167,1.0064412238325282,4.864465915190553,12.754965110037574,0.24825550187869028,0.20128824476650564,0.16774020397208803,
109,10.61460010735373,21.598228663446054,33.823134728931834,8.272946859903382,5.904455179817498,1.0064412238325282,5.488459473966721,12.600644122383253,0.2885131508319914,0.28180354267310787,0.12077294685990338,
110,10.715244229736983,21.4573268921095,32.32018250134192,8.655394524959743,5.6964573268921095,1.0064412238325282,5.4616210413311865,13.996242619431026,0.2885131508319914,0.28180354267310787,0.12077294685990338,
111,10.963499731615673,21.370101986044016,32.25979602791197,8.655394524959743,5.689747718733226,1.0064412238325282,5.4616210413311865,13.902308105206655,0.2885131508319914,0.28180354267310787,0.12077294685990338,
112,10.668276972624799,21.336553945249598,27.234299516908212,8.480944712828771,8.413848631239935,1.107085346215781,5.314009661835748,16.71363392377885,0.2885131508319914,0.28180354267310787,0.1610305958132045,
113,10.829307568438002,21.32313472893183,27.160493827160494,8.480944712828771,8.340042941492216,1.1674718196457328,5.287171229200215,16.680085882984432,0.2885131508319914,0.28180354267310787,0.1610305958132045,
114,10.990338164251208,21.20907139023081,27.066559312936125,8.474235104669887,8.340042941492216,1.1674718196457328,5.340848094471283,16.586151368760063,0.2885131508319914,0.28180354267310787,0.2549651100375738,
115,11.18491680085883,21.141975308641975,27.012882447665056,8.454106280193237,8.333333333333334,1.1674718196457328,5.307300053676865,16.5727321524423,0.2885131508319914,0.28180354267310787,0.2549651100375738,
116,11.439881910896403,21.108427267847556,26.932367149758456,8.433977455716587,8.266237251744498,1.1540526033279657,5.307300053676865,16.566022544283413,0.27509393451422437,0.28180354267310787,0.23483628556092323,
117,10.601180891035963,22.477187332259795,26.39559849704777,8.427267847557703,8.266237251744498,1.1674718196457328,5.307300053676865,16.566022544283413,0.27509393451422437,0.28180354267310787,0.23483628556092323,
118,10.57434245840043,21.926999463231347,26.35534084809447,9.145195920558239,8.266237251744498,1.1674718196457328,5.307300053676865,16.391572732152444,0.27509393451422437,0.28180354267310787,0.30864197530864196,
119,10.7085346215781,21.906870638754697,26.31508319914117,9.145195920558239,8.266237251744498,1.1674718196457328,5.280461621041331,16.344605475040257,0.27509393451422437,0.28180354267310787,0.30864197530864196,
120,10.88298443370907,21.886741814278047,26.31508319914117,9.098228663446054,8.266237251744498,1.1137949543746646,5.280461621041331,16.210413311862588,0.27509393451422437,0.28180354267310787,0.38915727321524424,
121,10.950080515297907,21.846484165324746,25.87224906065486,9.514224369296834,8.205850778314547,1.221148684916801,5.213365539452496,16.06280193236715,0.27509393451422437,0.23483628556092323,0.5367686527106817,0.06709608158883522
122,11.144659151905529,21.792807300053678,25.771604938271604,9.514224369296834,8.024691358024691,1.3687600644122384,5.2066559312936125,16.06280193236715,0.27509393451422437,0.23483628556092323,0.5367686527106817,0.06709608158883522
123,10.674986580783683,21.75925925925926,31.796833064949006,9.514224369296834,7.286634460547504,1.4694041867954912,5.2066559312936125,11.506977992485238,0.2616747181964573,0.15432098765432098,0.30193236714975846,0.06709608158883522
124,10.63472893183038,21.604938271604937,31.95786366076221,9.4873859366613,7.206119162640902,1.5633387010198605,5.179817498658078,11.506977992485238,0.33548040794417605,0.15432098765432098,0.30193236714975846,0.06709608158883522
125,10.721953837895867,21.36339237788513,34.46054750402576,7.27992485238862,7.078636607622115,1.3955984970477724,5.166398282340311,11.43317230273752,0.5770263016639828,0.15432098765432098,0.30193236714975846,0.06709608158883522
126,9.621578099838969,20.564949006977994,37.41277509393451,7.823403113258186,5.998389694041868,1.221148684916801,5.025496511003757,11.265432098765432,0.5434782608695652,0.15432098765432098,0.30193236714975846,0.06709608158883522
127,9.554482018250134,20.263016639828233,36.7686527106817,8.440687063875469,5.998389694041868,1.6841116478797638,4.958400429414922,11.265432098765432,0.5434782608695652,0.15432098765432098,0.30193236714975846,0.06709608158883522
128,9.769189479334408,20.249597423510465,36.62775093934514,8.59500805152979,5.864197530864198,1.8719806763285025,4.87788513150832,11.077563070316694,0.5434782608695652,0.15432098765432098,0.30193236714975846,0.06709608158883522
129,9.997316156736447,20.148953301127214,34.90338164251208,8.588298443370908,5.810520665593129,1.8719806763285025,5.018786902844874,12.600644122383253,0.5367686527106817,0.15432098765432098,0.30193236714975846,0.06709608158883522
130,9.25925925925926,18.552066559312937,31.830381105743424,8.145464304884594,9.977187332259795,1.7646269457863661,5.018786902844874,14.392109500805153,0.5367686527106817,0.15432098765432098,0.30193236714975846,0.06709608158883522
131,9.333064949006978,18.54535695115405,31.528448738593667,8.13875469672571,9.977187332259795,2.167203435319377,5.0858829844337095,14.210950080515298,0.5367686527106817,0.15432098765432098,0.2549651100375738,0.06709608158883522
132,9.359903381642512,18.511808910359633,31.394256575415994,8.13875469672571,9.829575952764358,2.167203435319377,5.387815351583468,14.090177133655395,0.644122383252818,0.15432098765432098,0.2549651100375738,0.06709608158883522
133,9.41358024691358,18.344068706387546,31.333870101986044,8.279656468062266,9.829575952764358,2.227589908749329,5.387815351583468,14.070048309178745,0.6374127750939346,0.15432098765432098,0.2549651100375738,0.06709608158883522
134,9.567901234567902,18.183038110574344,30.991680085882983,8.474235104669887,9.809447128287708,2.3215244229736984,5.267042404723564,14.023081052066559,0.6374127750939346,0.4025764895330113,0.2549651100375738,0.06709608158883522
135,9.681964573268921,18.16290928609769,30.817230273752013,8.474235104669887,9.809447128287708,2.3215244229736984,5.347557702630167,14.023081052066559,0.6374127750939346,0.4025764895330113,0.2549651100375738,0.06709608158883522
136,9.749060654857756,18.08239398819109,30.609232420826622,8.641975308641975,9.749060654857756,2.408749329039184,5.340848094471283,13.996242619431026,0.6977992485238862,0.4025764895330113,0.2549651100375738,0.06709608158883522
137,9.923510466988727,18.055555555555557,30.589103596349972,8.635265700483092,9.728931830381105,2.4020397208803006,5.246913580246914,13.996242619431026,0.6977992485238862,0.4025764895330113,0.2549651100375738,0.06709608158883522
138,10.02415458937198,17.98845947396672,30.54213633923779,8.682232957595277,9.71551261406334,2.4020397208803006,5.246913580246914,13.996242619431026,0.6977992485238862,0.3824476650563607,0.2549651100375738,0.06709608158883522
139,10.373054213633925,17.954911433172303,30.50858829844337,8.655394524959743,9.4873859366613,2.4020397208803006,5.246913580246914,13.969404186795492,0.6977992485238862,0.3824476650563607,0.2549651100375738,0.06709608158883522
140,10.245571658615138,17.438271604938272,30.233494363929147,8.735909822866345,10.909822866344605,2.2410091250670963,5.025496511003757,13.94927536231884,0.6977992485238862,0.2952227589908749,0.2281266774020397,
141,9.554482018250134,16.223832528180353,31.93102522812668,8.581588835212024,10.762211486849168,2.328234031132582,5.025496511003757,14.304884594739667,0.6977992485238862,0.2952227589908749,0.2952227589908749,
142,9.73564143853999,16.210413311862588,31.736446591519055,8.541331186258722,10.621309715512615,2.328234031132582,5.260332796564681,14.278046162104133,0.6977992485238862,0.2952227589908749,0.2952227589908749,
143,9.836285560923242,16.170155662909288,31.582125603864736,8.561460010735374,10.621309715512615,2.328234031132582,5.347557702630167,14.190821256038648,0.6977992485238862,0.27509393451422437,0.38915727321524424,
144,10.057702630166398,16.09634997316157,31.387546967257112,8.487654320987655,10.61460010735373,2.4557165861513686,5.260332796564681,14.190821256038648,0.6776704240472357,0.27509393451422437,0.49651100375738055,
145,10.0979602791197,16.09634997316157,31.28690284487386,8.628556092324208,10.61460010735373,2.5161030595813205,5.226784755770263,14.083467525496511,0.6776704240472357,0.27509393451422437,0.49651100375738055,
146,10.34621578099839,16.09634997316157,31.132581857219538,8.628556092324208,10.581052066559312,2.5161030595813205,5.226784755770263,14.023081052066559,0.6776704240472357,0.27509393451422437,0.49651100375738055,
147,10.38647342995169,15.96886741814278,31.085614600107355,8.809715512614064,10.57434245840043,2.5161030595813205,5.226784755770263,13.996242619431026,0.6642512077294686,0.27509393451422437,0.49651100375738055,
148,10.621309715512615,15.780998389694043,30.615942028985508,8.59500805152979,10.507246376811594,2.8381642512077296,5.636070853462158,13.969404186795492,0.6642512077294686,0.27509393451422437,0.49651100375738055,
149,10.587761674718196,15.780998389694043,30.495169082125603,8.628556092324208,10.815888352120236,2.703972088030059,5.609232420826624,13.942565754159958,0.6642512077294686,0.27509393451422437,0.49651100375738055,
150,10.587761674718196,15.780998389694043,30.414653784219002,8.628556092324208,10.815888352120236,2.7844873859366612,5.609232420826624,13.942565754159958,0.6642512077294686,0.27509393451422437,0.49651100375738055,
151,10.768921095008052,15.70048309178744,30.280461621041333,8.635265700483092,10.815888352120236,2.7844873859366612,5.609232420826624,13.942565754159958,0.6910896403650026,0.27509393451422437,0.49651100375738055,
152,10.339506172839506,15.291196994095545,32.46108427267848,8.319914117015566,10.782340311325818,2.7844873859366612,5.548845947396672,13.009930220075148,0.6910896403650026,0.27509393451422437,0.49651100375738055,
153,10.473698336017177,15.291196994095545,32.400697799248526,8.319914117015566,10.715244229736983,2.7777777777777777,5.548845947396672,13.009930220075148,0.6910896403650026,0.27509393451422437,0.49651100375738055,
154,10.621309715512615,15.230810520665592,32.347020933977454,8.293075684380032,10.715244229736983,2.7777777777777777,5.542136339237788,13.009930220075148,0.6910896403650026,0.27509393451422437,0.49651100375738055,
155,10.929951690821255,15.143585614600108,32.13231347289318,8.3467525496511,10.681696188942565,2.7777777777777777,5.542136339237788,12.983091787439614,0.6910896403650026,0.27509393451422437,0.49651100375738055,
156,11.198336017176597,15.063070316693505,32.06521739130435,8.219269994632313,10.681696188942565,2.771068169618894,5.448201825013419,13.09044551798175,0.6910896403650026,0.27509393451422437,0.49651100375738055,
157,11.366076221148685,15.01610305958132,31.696188942565755,8.21256038647343,10.681696188942565,3.026033279656468,5.448201825013419,13.09044551798175,0.6910896403650026,0.27509393451422437,0.49651100375738055,
158,11.426462694578637,15.009393451422437,31.608964036500268,8.373590982286634,10.681696188942565,3.026033279656468,5.448201825013419,12.909286097691895,0.7447665056360708,0.27509393451422437,0.49651100375738055,
159,11.681427804616211,14.982555018786902,31.608964036500268,8.353462157809984,10.628019323671497,3.026033279656468,5.434782608695652,12.76838432635534,0.7447665056360708,0.27509393451422437,0.49651100375738055,
160,11.748523886205046,14.982555018786902,31.568706387546968,8.353462157809984,10.628019323671497,2.999194847020934,5.434782608695652,12.76838432635534,0.7447665056360708,0.27509393451422437,0.49651100375738055,
161,11.735104669887278,14.9020397208803,31.253354804079443,8.232689210950081,9.64170692431562,3.079710144927536,5.770263016639828,13.868760064412239,0.7447665056360708,0.27509393451422437,0.49651100375738055,
162,11.929683306494901,14.814814814814815,29.931561996779386,8.272946859903382,11.104401502952227,3.0327428878153517,5.6964573268921095,13.70101986044015,0.7447665056360708,0.27509393451422437,0.49651100375738055,
163,12.097423510466989,14.794685990338165,29.8040794417606,8.272946859903382,11.030595813204508,3.1736446591519054,5.8172302737520125,13.493022007514762,0.7447665056360708,0.27509393451422437,0.49651100375738055,
164,12.332259796027913,14.761137949543746,29.71014492753623,8.172302737520129,11.023886205045626,3.260869565217391,5.763553408480945,13.459473966720344,0.7447665056360708,0.27509393451422437,0.49651100375738055,
165,12.318840579710145,14.687332259796028,29.70343531937735,8.279656468062266,11.023886205045626,3.260869565217391,5.750134192163178,13.459473966720344,0.7447665056360708,0.27509393451422437,0.49651100375738055,
166,12.338969404186795,14.680622651637144,29.70343531937735,8.272946859903382,11.023886205045626,3.193773483628556,5.750134192163178,13.519860440150294,0.7447665056360708,0.27509393451422437,0.49651100375738055,
167,12.305421363392378,14.61352657004831,29.656468062265162,8.044820182501342,11.023886205045626,3.193773483628556,6.125872249060655,13.519860440150294,0.7447665056360708,0.27509393451422437,0.49651100375738055,
168,12.426194310252281,14.546430488459475,29.56924315619968,7.890499194847021,11.104401502952227,3.193773483628556,6.166129898013956,13.58695652173913,0.7447665056360708,0.27509393451422437,0.49651100375738055,
169,12.593934514224369,14.479334406870638,29.367954911433173,7.87037037037037,11.084272678475577,3.307836822329576,6.226516371443908,13.560118089103597,0.7380568974771873,0.27509393451422437,0.49651100375738055,
170,12.741545893719806,14.439076757917338,29.334406870638755,7.816693505099302,11.044015029522276,3.6768652710681695,6.139291465378422,13.43263553408481,0.7380568974771873,0.23483628556092323,0.4025764895330113,
171,12.741545893719806,14.378690284487385,29.1532474503489,7.763016639828234,11.345947396672035,3.6768652710681695,6.132581857219538,13.43263553408481,0.7380568974771873,0.23483628556092323,0.4025764895330113,
172,12.587224906065487,12.654320987654321,29.045893719806763,9.856414385399892,11.345947396672035,3.6768652710681695,6.045356951154052,13.41250670960816,0.7380568974771873,0.23483628556092323,0.4025764895330113,
173,12.640901771336553,12.654320987654321,28.35480407944176,10.809178743961352,11.345947396672035,3.6366076221148687,5.770263016639828,13.41250670960816,0.7380568974771873,0.23483628556092323,0.4025764895330113,
174,12.97638217928073,12.627482555018787,28.23403113258186,10.654857756307031,11.345947396672035,3.6366076221148687,5.770263016639828,13.378958668813741,0.7380568974771873,0.23483628556092323,0.4025764895330113,
175,13.009930220075148,12.506709608158884,28.227321524422972,10.742082662372518,11.43317230273752,3.683574879227053,5.743424584004294,13.278314546430488,0.7380568974771873,0.23483628556092323,0.4025764895330113,
176,13.238056897477188,12.47987117552335,27.992485238862052,10.681696188942565,11.399624261943103,3.824476650563607,5.743424584004294,13.264895330112722,0.7380568974771873,0.23483628556092323,0.4025764895330113,
177,13.405797101449275,12.392646269457863,27.891841116478798,10.782340311325818,11.325818572195384,3.92512077294686,5.736714975845411,13.20450885668277,0.6977992485238862,0.23483628556092323,0.4025764895330113,
178,13.499731615673644,12.238325281803542,27.85829307568438,10.695115405260333,11.258722490606548,3.92512077294686,5.984970477724101,13.137412775093935,0.6977992485238862,0.23483628556092323,0.46967257112184646,
179,13.761406333870102,12.04374664519592,27.58990874932904,10.7085346215781,11.258722490606548,3.9184111647879765,6.233225979602791,13.137412775093935,0.644122383252818,0.23483628556092323,0.46967257112184646,
180,13.66076221148685,12.04374664519592,27.120236178207193,10.648148148148149,11.258722490606548,3.9184111647879765,6.877348362855609,13.003220611916264,0.644122383252818,0.23483628556092323,0.5904455179817498,
181,13.747987117552334,11.976650563607086,27.120236178207193,10.63472893183038,11.258722490606548,3.9184111647879765,6.877348362855609,12.95625335480408,0.644122383252818,0.23483628556092323,0.5904455179817498,0.040257648953301126
182,13.493022007514762,11.822329575952764,26.80488459473967,10.379763821792807,10.849436392914654,4.1532474503489,7.011540526033279,13.862050456253355,0.644122383252818,0.23483628556092323,0.7045088566827697,0.040257648953301126
183,13.560118089103597,11.822329575952764,26.670692431561996,10.379763821792807,10.82259796027912,4.26731078904992,6.991411701556629,13.862050456253355,0.644122383252818,0.23483628556092323,0.7045088566827697,0.040257648953301126
184,13.687600644122384,11.822329575952764,26.50295222758991,10.359634997316157,10.82259796027912,4.414922168545357,6.984702093397746,13.781535158346752,0.644122383252818,0.23483628556092323,0.7045088566827697,0.040257648953301126
185,13.714439076757918,11.822329575952764,26.50295222758991,10.332796564680622,10.82259796027912,4.414922168545357,6.863929146537842,13.781535158346752,0.644122383252818,0.35560923242082665,0.7045088566827697,0.040257648953301126
186,13.519860440150294,11.419753086419753,28.213902308105208,10.339506172839506,10.493827160493828,4.314278046162104,6.810252281266774,13.144122383252817,0.644122383252818,0.35560923242082665,0.7045088566827697,0.040257648953301126
187,13.43263553408481,11.124530327428879,28.08641975308642,10.681696188942565,10.373054213633925,4.314278046162104,6.91760601180891,13.325281803542673,0.644122383252818,0.35560923242082665,0.7045088566827697,0.040257648953301126
188,13.560118089103597,11.097691894793345,28.073000536768653,10.681696188942565,10.332796564680622,4.314278046162104,6.884057971014493,13.311862587224907,0.644122383252818,0.35560923242082665,0.7045088566827697,0.040257648953301126
189,13.613794954374665,10.72866344605475,27.945517981749866,11.010466988727858,10.218733225979603,4.428341384863124,7.011540526033279,13.20450885668277,0.7380568974771873,0.35560923242082665,0.7045088566827697,0.040257648953301126
190,13.694310252281268,10.72866344605475,27.737520128824478,11.010466988727858,10.218733225979603,4.314278046162104,6.998121309715513,13.459473966720344,0.7380568974771873,0.35560923242082665,0.7045088566827697,0.040257648953301126
191,13.747987117552334,10.72866344605475,27.710681696188942,10.990338164251208,10.198604401502953,4.314278046162104,7.024959742351046,13.446054750402576,0.7380568974771873,0.35560923242082665,0.7045088566827697,0.040257648953301126
192,13.92914653784219,10.628019323671497,27.569779924852387,10.990338164251208,10.185185185185185,4.200214707461084,7.226247987117552,13.43263553408481,0.7380568974771873,0.35560923242082665,0.7045088566827697,0.040257648953301126
193,13.942565754159958,10.61460010735373,27.47584541062802,11.037305421363392,10.185185185185185,4.2270531400966185,7.1658615136876005,13.311862587224907,0.7380568974771873,0.41599570585077833,0.8454106280193237,0.040257648953301126
194,14.06333870101986,10.48040794417606,27.4020397208803,11.144659151905529,10.185185185185185,4.3545356951154055,7.105475040257649,13.22463768115942,0.7380568974771873,0.41599570585077833,0.8454106280193237,0.040257648953301126
195,14.264626945786366,10.446859903381643,27.214170692431562,11.11111111111111,10.071121846484166,4.616210413311863,7.024959742351046,13.09044551798175,0.9192163177670424,0.3824476650563607,0.8185721953837896,0.040257648953301126
196,14.626945786366075,10.319377348362856,26.952495974235106,11.124530327428879,10.050993022007514,4.575952764358561,7.078636607622115,13.22463768115942,0.9192163177670424,0.3824476650563607,0.7045088566827697,0.040257648953301126
197,14.720880300590446,10.292538915727322,26.82501341921632,10.997047772410092,9.628287707997853,5.0791733762748255,7.065217391304348,13.22463768115942,0.8990874932903918,0.3824476650563607,0.8454106280193237,0.040257648953301126
198,14.74771873322598,10.292538915727322,26.82501341921632,10.997047772410092,9.601449275362318,5.0791733762748255,7.065217391304348,13.22463768115942,0.8990874932903918,0.3824476650563607,0.8454106280193237,0.040257648953301126
199,14.935587761674718,10.258990874932904,26.690821256038646,11.117820719269995,9.601449275362318,5.065754159957058,7.065217391304348,13.130703166935051,0.8722490606548577,0.3824476650563607,0.8387010198604401,0.040257648953301126
200,14.989264626945786,10.245571658615138,26.455984970477726,11.191626409017713,9.601449275362318,5.199946323134729,7.065217391304348,13.117283950617283,0.8722490606548577,0.3824476650563607,0.8387010198604401,0.040257648953301126
201,15.197262479871176,10.245571658615138,26.29495437466452,11.178207192699947,9.594739667203436,5.199946323134729,7.065217391304348,13.117283950617283,0.8454106280193237,0.3824476650563607,0.8387010198604401,0.040257648953301126
202,15.237520128824476,10.245571658615138,26.281535158346752,11.16478797638218,9.581320450885668,5.12614063338701,7.152442297369833,13.103864734299517,0.8454106280193237,0.3824476650563607,0.8387010198604401,0.040257648953301126
203,15.291196994095545,10.238862050456254,26.127214170692433,11.16478797638218,9.561191626409018,5.12614063338701,7.27992485238862,13.103864734299517,0.8454106280193237,0.3824476650563607,0.8387010198604401,0.040257648953301126
