,45,50,55,51,52,54,53,57,58,59,56
0,99.80542136339238,0.19457863660762212,,,,,,,,,
1,97.49731615673645,2.5026838432635534,,,,,,,,,
2,94.4645732689211,5.535426731078905,,,,,,,,,
3,51.7914653784219,46.162104133118625,2.046430488459474,,,,,,,,
4,50.006709608158886,47.638217928073,2.3550724637681157,,,,,,,,
5,49.20826623725174,48.43666129898014,2.3550724637681157,,,,,,,,
6,49.15458937198068,48.168276972624795,2.49597423510467,0.0939345142243693,0.08722490606548577,,,,,,
7,46.79951690821256,50.52334943639291,2.49597423510467,0.0939345142243693,0.08722490606548577,,,,,,
8,46.61164787976382,50.46967257112185,2.737520128824477,0.0939345142243693,0.08722490606548577,,,,,,
9,43.92109500805153,51.77133655394525,2.9924852388620504,0.0939345142243693,0.08722490606548577,1.133923778851315,,,,,
10,44.04857756307032,51.36205045625336,3.2742887815351582,0.0939345142243693,0.08722490606548577,1.133923778851315,,,,,
11,43.88083735909823,49.77858293075684,3.240740740740741,0.0939345142243693,0.08722490606548577,0.7112184648416533,2.2074610842726785,,,,
12,42.223564143854,51.43585614600107,3.2742887815351582,0.0939345142243693,0.08722490606548577,0.6239935587761675,2.147074610842727,0.11406333870101985,,,
13,42.3845947396672,51.14734299516908,3.4151905528717124,0.0939345142243693,0.08722490606548577,0.6105743424584005,2.147074610842727,0.11406333870101985,,,
14,42.46511003757381,51.14734299516908,3.4151905528717124,0.0939345142243693,0.08722490606548577,0.6105743424584005,2.0665593129361244,0.11406333870101985,,,
15,42.66639828234031,48.33601717659689,3.361513687600644,0.1610305958132045,0.08722490606548577,0.8588298443370908,4.414922168545357,0.11406333870101985,,,
16,42.80059044551798,48.17498658078368,3.3279656468062266,0.1610305958132045,0.08722490606548577,0.8319914117015567,4.414922168545357,0.20128824476650564,,,
17,42.85426731078905,47.765700483091784,3.683574879227053,0.1610305958132045,0.08722490606548577,0.8118625872249061,4.300858829844337,0.20128824476650564,0.13419216317767044,,
18,42.82071926999463,43.37090713902308,7.0383789586688135,0.1610305958132045,0.08722490606548577,2.033011272141707,4.1532474503489,0.20128824476650564,0.13419216317767044,,
19,42.901234567901234,42.7133655394525,6.327160493827161,0.1610305958132045,0.08722490606548577,1.9256575415995705,5.548845947396672,0.20128824476650564,0.13419216317767044,,
20,42.981749865807835,41.86795491143317,7.132313472893183,0.1610305958132045,0.08722490606548577,1.9256575415995705,5.508588298443371,0.20128824476650564,0.13419216317767044,,
21,43.042136339237786,41.75389157273215,7.118894256575416,0.1610305958132045,0.08722490606548577,1.9927536231884058,5.508588298443371,0.20128824476650564,0.13419216317767044,,
22,43.31723027375201,39.90874932903918,8.68894256575416,0.1610305958132045,0.08722490606548577,1.9927536231884058,5.508588298443371,0.20128824476650564,0.13419216317767044,,
23,43.23671497584541,39.25791733762748,8.527911969940956,0.1610305958132045,0.08722490606548577,2.885131508319914,5.508588298443371,0.20128824476650564,0.13419216317767044,,
24,42.901234567901234,33.63526570048309,5.35426731078905,0.1610305958132045,0.08722490606548577,12.929414922168545,4.730273752012883,0.20128824476650564,,,
25,42.54562533548041,33.02469135802469,5.24020397208803,0.1610305958132045,1.1808910359634996,12.915995705850777,4.730273752012883,0.20128824476650564,,,
26,42.47181964573269,32.78314546430489,5.3341384863123995,0.1610305958132045,1.1808910359634996,13.063607085346217,4.730273752012883,0.20128824476650564,,0.07380568974771873,
27,42.14975845410628,31.031937734836287,5.186527106816962,0.1610305958132045,0.8588298443370908,12.983091787439614,7.14573268921095,0.1878690284487386,0.14090177133655393,0.15432098765432098,
28,42.049114331723025,31.166129898013956,5.186527106816962,0.1610305958132045,0.8588298443370908,12.949543746645196,7.14573268921095,0.1878690284487386,0.14090177133655393,0.15432098765432098,
29,42.03569511540526,31.03864734299517,4.770531400966184,0.1610305958132045,0.95276435856146,12.627482555018787,7.856951154052603,,0.2683843263553409,0.2885131508319914,
30,42.270531400966185,30.723295759527645,4.851046698872786,0.1610305958132045,0.95276435856146,12.627482555018787,7.856951154052603,,0.2683843263553409,0.2885131508319914,
31,42.371175523349436,29.736983360171767,4.750402576489533,0.14761137949543746,0.9393451422436929,13.654052603327965,7.809983896940419,0.03354804079441761,0.2683843263553409,0.2885131508319914,
32,39.83494363929147,30.790391841116477,3.8311862587224907,0.14761137949543746,0.8521202361782072,14.049919484702093,9.997316156736447,0.03354804079441761,0.17444981213097155,0.2885131508319914,
33,36.68813741277509,33.12533548040794,3.1736446591519054,0.14761137949543746,0.7783145464304885,14.009661835748792,11.580783682232958,0.03354804079441761,0.17444981213097155,0.2885131508319914,
34,36.79549114331723,32.94417606011809,3.166935050993022,0.24825550187869028,0.8856682769726248,14.009661835748792,11.453301127214171,0.03354804079441761,0.17444981213097155,0.2885131508319914,
35,36.7686527106817,32.91733762748255,3.227321524422974,0.2885131508319914,0.8856682769726248,13.962694578636608,11.453301127214171,0.03354804079441761,0.17444981213097155,0.2885131508319914,
36,36.04401502952228,33.65539452495974,3.227321524422974,0.2885131508319914,0.8856682769726248,13.94927536231884,11.453301127214171,0.03354804079441761,0.17444981213097155,0.2885131508319914,
37,34.225711218464845,32.30005367686527,3.113258185721954,0.2885131508319914,4.8443370907139025,13.352120236178207,11.379495437466453,0.03354804079441761,0.17444981213097155,0.2885131508319914,
38,34.09822866344606,32.45437466451959,3.079710144927536,0.2885131508319914,4.8443370907139025,13.264895330112722,11.399624261943103,0.03354804079441761,0.17444981213097155,0.2885131508319914,0.07380568974771873
39,34.13177670424047,32.420826623725176,3.079710144927536,0.2885131508319914,4.8443370907139025,13.264895330112722,11.399624261943103,0.03354804079441761,0.17444981213097155,0.2885131508319914,0.07380568974771873
40,34.13848631239936,32.56172839506173,3.079710144927536,0.2885131508319914,4.783950617283951,13.177670424047236,11.399624261943103,0.03354804079441761,0.17444981213097155,0.2885131508319914,0.07380568974771873
41,34.17874396135266,32.55501878690284,3.079710144927536,0.2885131508319914,4.783950617283951,13.177670424047236,11.366076221148685,0.03354804079441761,0.17444981213097155,0.2885131508319914,0.07380568974771873
42,34.23913043478261,32.50805152979066,3.079710144927536,0.2885131508319914,4.783950617283951,13.177670424047236,11.352657004830919,0.03354804079441761,0.17444981213097155,0.2885131508319914,0.07380568974771873
43,32.01154052603328,32.769726247987116,2.9924852388620504,2.0263016639828235,7.950885668276973,10.138217928073,11.252012882447666,0.03354804079441761,0.17444981213097155,0.3421900161030596,0.30864197530864196
44,31.890767579173378,32.058507783145465,2.576489533011272,1.9726247987117553,7.924047235641439,10.138217928073,12.580515297906603,0.03354804079441761,0.17444981213097155,0.3421900161030596,0.30864197530864196
45,30.870907139023082,33.04482018250134,2.717391304347826,1.9659151905528718,7.830112721417069,10.030864197530864,12.580515297906603,0.13419216317767044,0.17444981213097155,0.3421900161030596,0.30864197530864196
46,31.246645195920557,32.9777241009125,2.717391304347826,1.9659151905528718,7.709339774557166,9.809447128287708,12.486580783682234,0.13419216317767044,0.3153515834675255,0.3421900161030596,0.2952227589908749
47,31.5150295222759,32.86366076221149,2.703972088030059,1.8988191089640365,7.709339774557166,9.796027911969942,12.385936661298981,0.13419216317767044,0.35560923242082665,0.3421900161030596,0.2952227589908749
48,26.053408480944714,38.36553945249597,2.703972088030059,2.2410091250670963,7.380568974771873,10.111379495437467,12.016908212560386,0.13419216317767044,0.35560923242082665,0.3421900161030596,0.2952227589908749
49,25.194578636607623,36.33923778851315,2.522812667740204,2.2410091250670963,16.968599033816425,4.998658078368224,10.997047772410092,0.03354804079441761,0.32877079978529256,0.08051529790660225,0.2952227589908749
50,25.40257648953301,36.198336017176594,2.831454643048846,2.2410091250670963,16.53918411164788,5.052334943639291,10.997047772410092,0.03354804079441761,0.32877079978529256,0.08051529790660225,0.2952227589908749
51,25.77831454643049,35.85614600107354,2.791196994095545,2.2410091250670963,16.512345679012345,5.045625335480408,10.802469135802468,0.03354804079441761,0.32877079978529256,0.3153515834675255,0.2952227589908749
52,25.462962962962962,28.046162104133117,2.536231884057971,10.46027911969941,16.485507246376812,5.260332796564681,10.775630703166936,0.03354804079441761,0.32877079978529256,0.3153515834675255,0.2952227589908749
53,23.05421363392378,36.18491680085883,2.5429414922168547,4.944981213097155,16.35131508319914,5.260332796564681,10.68840579710145,0.03354804079441761,0.32877079978529256,0.3153515834675255,0.2952227589908749
54,23.21524422973698,36.14465915190553,2.5429414922168547,4.944981213097155,16.35131508319914,5.246913580246914,10.581052066559312,0.03354804079441761,0.32877079978529256,0.3153515834675255,0.2952227589908749
55,22.966988727858293,35.7085346215781,2.3752012882447664,4.736983360171766,17.74020397208803,5.381105743424584,9.970477724100913,0.03354804079441761,0.322061191626409,0.3153515834675255,0.4495437466451959
56,23.19511540526033,35.53408480944713,2.3752012882447664,4.736983360171766,17.74020397208803,5.340848094471283,9.957058507783145,0.03354804079441761,0.322061191626409,0.3153515834675255,0.4495437466451959
57,23.315888352120236,35.258990874932906,2.3617820719269993,4.690016103059581,17.518786902844873,5.642780461621041,9.943639291465379,0.18115942028985507,0.322061191626409,0.3153515834675255,0.4495437466451959
58,23.00053676865271,34.15861513687601,2.3215244229736984,4.656468062265164,17.51207729468599,7.37385936661299,9.708803005904455,0.18115942028985507,0.322061191626409,0.3153515834675255,0.4495437466451959
59,23.242082662372518,33.42055823939882,2.26784755770263,7.078636607622115,16.170155662909288,6.944444444444445,9.594739667203436,0.23483628556092323,0.30193236714975846,0.3153515834675255,0.4294149221685454
60,23.53059581320451,33.051529790660226,2.341653247450349,7.0450885668276975,16.358024691358025,6.796833064949007,9.594739667203436,0.23483628556092323,0.30193236714975846,0.3153515834675255,0.4294149221685454
61,24.16129898013956,32.729468599033815,2.314814814814815,6.89747718733226,16.35131508319914,6.769994632313473,9.41358024691358,0.23483628556092323,0.2885131508319914,0.3153515834675255,0.5233494363929146
62,24.174718196457327,31.15271068169619,2.24771873322598,6.796833064949007,16.451959205582394,6.816961889425658,10.829307568438002,0.32877079978529256,0.2885131508319914,0.3153515834675255,0.5971551261406334
63,24.20155662909286,30.877616747181964,2.395330112721417,6.769994632313473,16.478797638217927,6.810252281266774,10.68840579710145,0.43612453032742887,0.4294149221685454,0.3153515834675255,0.5971551261406334
64,24.208266237251745,29.757112184648417,3.5426731078904994,6.769994632313473,15.526033279656469,7.675791733762749,10.527375201288244,0.5367686527106817,0.4294149221685454,0.3153515834675255,0.7112184648416533
65,23.785560923242084,28.213902308105208,3.5091250670960816,9.037842190016104,17.257112184648417,5.589103596349974,10.473698336017177,0.5032206119162641,0.4294149221685454,0.3153515834675255,0.8856682769726248
66,23.470209339774556,27.66371443907676,3.079710144927536,12.104133118625873,17.10950080515298,5.347557702630167,9.178743961352657,0.5971551261406334,0.4092860976918948,0.2952227589908749,0.7447665056360708
67,23.60440150295223,27.65029522275899,3.052871712292002,12.104133118625873,17.102791196994094,5.273752012882448,9.178743961352657,0.5971551261406334,0.39586688137412773,0.2952227589908749,0.7447665056360708
68,23.993558776167472,27.47584541062802,3.0931293612453032,11.976650563607086,17.062533548040793,5.22007514761138,9.084809447128288,0.5971551261406334,0.39586688137412773,0.2952227589908749,0.8051529790660226
69,24.355877616747183,25.295222758990874,2.9924852388620504,11.936392914653783,16.67337627482555,5.12614063338701,11.332528180354267,0.7112184648416533,0.47638217928073,0.2952227589908749,0.8051529790660226
70,24.86580783682233,23.879495437466453,2.9119699409554483,11.674718196457327,15.995705850778315,7.521470746108427,10.809178743961352,0.7112184648416533,0.47638217928073,0.2952227589908749,0.8588298443370908
71,24.892646269457863,23.778851315083198,2.898550724637681,11.674718196457327,15.995705850778315,7.601986044015029,10.721953837895867,0.7112184648416533,0.47638217928073,0.2952227589908749,0.95276435856146
72,24.785292538915726,23.62453032742888,3.166935050993022,11.191626409017713,16.512345679012345,7.568438003220612,10.654857756307031,0.7112184648416533,0.5434782608695652,0.2885131508319914,0.95276435856146
73,24.798711755233494,23.121309715512613,3.1602254428341383,10.929951690821255,17.62614063338701,7.071926999463232,10.674986580783683,0.8319914117015567,0.5434782608695652,0.2885131508319914,0.95276435856146
74,24.932903918411164,23.027375201288244,3.1333870101986045,10.889694041867955,17.62614063338701,6.998121309715513,10.775630703166936,0.8319914117015567,0.5434782608695652,0.2885131508319914,0.95276435856146
75,25.140901771336555,22.913311862587225,3.1333870101986045,10.876274825550189,17.330917874396135,6.998121309715513,10.742082662372518,1.0802469135802468,0.5434782608695652,0.2885131508319914,0.95276435856146
76,25.261674718196456,22.953569511540525,3.1333870101986045,10.82259796027912,17.297369833601717,6.984702093397746,10.695115405260333,1.0802469135802468,0.5434782608695652,0.2885131508319914,0.9393451422436929
77,25.711218464841654,22.879763821792807,3.1333870101986045,10.701825013419215,17.2638217928073,6.870638754696726,10.668276972624799,0.9997316156736447,0.5434782608695652,0.2885131508319914,0.9393451422436929
78,26.160762211486848,22.832796564680624,3.260869565217391,10.59447128287708,17.163177670424048,6.6827697262479875,10.560923242082662,0.9728931830381106,0.5434782608695652,0.2885131508319914,0.9393451422436929
79,26.133923778851315,22.457058507783145,3.3279656468062266,10.487117552334944,17.122920021470748,6.749865807836822,10.762211486849168,0.9728931830381106,0.5434782608695652,0.2885131508319914,1.1540526033279657
80,26.03327965646806,22.61808910359635,3.435319377348363,10.487117552334944,16.935050993022006,6.716317767042405,10.829307568438002,0.9594739667203436,0.5434782608695652,0.2885131508319914,1.1540526033279657
81,25.39586688137413,21.14868491680086,2.5429414922168547,10.359634997316157,17.216854535695116,10.02415458937198,10.406602254428341,0.9594739667203436,0.5434782608695652,0.2885131508319914,1.1137949543746646
82,25.53676865271068,21.141975308641975,2.5429414922168547,10.285829307568438,17.196725711218466,9.561191626409018,10.352925389157273,0.9594739667203436,0.5434782608695652,0.6977992485238862,1.1808910359634996
83,25.44283413848631,21.256038647342994,2.5429414922168547,10.265700483091788,17.196725711218466,9.561191626409018,10.245571658615138,0.9594739667203436,0.5434782608695652,0.6977992485238862,1.288244766505636
84,25.617283950617285,21.175523349436393,2.5429414922168547,10.265700483091788,17.163177670424048,9.39345142243693,10.238862050456254,0.9594739667203436,0.5434782608695652,0.7380568974771873,1.3620504562533549
85,25.5703166935051,20.98094471282877,2.6502952227589907,10.34621578099839,17.196725711218466,9.359903381642512,10.299248523886206,0.9594739667203436,0.5434782608695652,0.7380568974771873,1.3553408480944713
86,23.63123993558776,18.035426731078903,4.575952764358561,13.862050456253355,16.982018250134193,9.185453569511541,9.98389694041868,0.9594739667203436,0.5434782608695652,0.7380568974771873,1.5029522275899088
87,23.738593666129898,17.995169082125603,4.575952764358561,13.81508319914117,16.968599033816425,9.185453569511541,9.98389694041868,0.9594739667203436,0.5434782608695652,0.7380568974771873,1.4962426194310252
88,23.872785829307567,17.85426731078905,4.690016103059581,13.687600644122384,16.97530864197531,9.225711218464841,9.842995169082126,0.9594739667203436,0.5434782608695652,0.7380568974771873,1.6103059581320451
89,23.98684916800859,17.780461621041333,4.669887278582931,13.66076221148685,18.773483628556093,7.461084272678476,9.822866344605474,1.0735373054213635,0.5434782608695652,0.7179280730005367,1.5096618357487923
90,24.44310252281267,17.639559849704778,3.569511540526033,13.365539452495975,19.699409554482017,7.481213097155126,9.816156736446592,1.0735373054213635,0.5434782608695652,0.7179280730005367,1.6505636070853462
91,23.95330112721417,17.518786902844873,3.5628019323671496,13.654052603327965,21.195652173913043,7.179280730005368,9.064680622651638,1.0735373054213635,0.5434782608695652,0.5099302200751477,1.7444981213097155
92,24.033816425120772,17.183306494900698,3.361513687600644,13.466183574879228,21.115136876006442,7.179280730005368,10.104669887278583,1.0735373054213635,0.41599570585077833,0.3488996242619431,1.7176596886741815
93,24.154589371980677,17.156468062265162,3.361513687600644,13.459473966720344,21.00107353730542,7.112184648416532,10.104669887278583,1.0466988727858293,0.4025764895330113,0.3488996242619431,1.8518518518518519
94,24.12104133118626,17.23027375201288,3.361513687600644,13.446054750402576,20.8467525496511,7.0450885668276975,10.0979602791197,1.0466988727858293,0.4025764895330113,0.3488996242619431,2.0531400966183573
95,24.174718196457327,16.378153515834676,3.1736446591519054,13.419216317767042,20.551529790660226,8.071658615136876,10.292538915727322,1.133923778851315,0.4025764895330113,0.3488996242619431,2.0531400966183573
96,24.44981213097155,16.358024691358025,3.1736446591519054,13.311862587224907,20.457595276435857,8.017981749865807,10.399892646269459,1.133923778851315,0.4025764895330113,0.3488996242619431,1.9457863660762211
97,24.62426194310252,16.06280193236715,3.1736446591519054,13.513150831991412,20.40391841116479,8.111916264090176,10.426731078904991,1.133923778851315,0.4025764895330113,0.3488996242619431,1.7981749865807837
98,24.832259796027913,15.975577026301664,3.1736446591519054,13.405797101449275,20.242887815351583,8.333333333333334,10.238862050456254,1.247987117552335,0.4025764895330113,0.3488996242619431,1.7981749865807837
99,25.254965110037574,15.895061728395062,3.166935050993022,13.177670424047236,20.034889962426195,8.272946859903382,10.084541062801932,1.4492753623188406,0.4025764895330113,0.3488996242619431,1.9122383252818036
100,25.37573805689748,15.895061728395062,3.166935050993022,13.177670424047236,19.920826623725173,8.225979602791197,10.02415458937198,1.5767579173376274,0.4025764895330113,0.3488996242619431,1.8853998926462694
101,25.43612453032743,15.94873859366613,3.1468062265163717,13.103864734299517,19.880568974771872,8.266237251744498,10.02415458937198,1.5767579173376274,0.4025764895330113,0.32877079978529256,1.8853998926462694
102,24.9194847020934,15.60654857756307,3.2139023081052067,16.71363392377885,18.840579710144926,7.856951154052603,9.064680622651638,1.4694041867954912,0.38915727321524424,0.24154589371980675,1.6841116478797638
103,25.187869028448738,15.505904455179817,3.2139023081052067,16.70692431561997,18.739935587761675,7.830112721417069,8.984165324745035,1.5365002683843263,0.36902844873859364,0.24154589371980675,1.6841116478797638
104,23.423242082662373,14.875201288244767,3.1065485775630703,21.658615136876005,18.055555555555557,7.011540526033279,7.991143317230274,1.5365002683843263,0.3488996242619431,0.24154589371980675,1.751207729468599
105,23.429951690821255,14.861782071927,3.166935050993022,22.24235104669887,17.787171229200215,7.266505636070853,7.246376811594203,1.5163714439076759,0.3488996242619431,0.20128824476650564,1.932367149758454
106,23.74530327428878,14.841653247450349,3.166935050993022,22.034353193773484,17.66639828234031,7.219538378958669,7.199409554482019,1.6438539989264627,0.3488996242619431,0.20128824476650564,1.932367149758454
107,23.040794417606012,14.51959205582394,4.274020397208803,20.658883521202362,19.129092860976918,7.199409554482019,7.071926999463232,1.6438539989264627,0.3488996242619431,0.20128824476650564,1.9122383252818036
108,23.19511540526033,14.42565754159957,4.918142780461621,20.511272141706925,18.833870101986044,7.199409554482019,6.830381105743425,1.596886741814278,0.3488996242619431,0.14761137949543746,1.9927536231884058
109,23.59098228663446,14.217659688674182,4.9651100375738055,20.323403113258184,18.739935587761675,7.192699946323135,6.769994632313473,1.724369296833065,0.3488996242619431,0.14761137949543746,1.9793344068706387
110,23.66478797638218,14.17740203972088,5.12614063338701,20.25630703166935,18.531937734836287,7.105475040257649,6.769994632313473,1.7847557702630166,0.3488996242619431,0.14761137949543746,2.086688137412775
111,23.89291465378422,13.962694578636608,5.186527106816962,20.00805152979066,18.209876543209877,7.367149758454106,6.729736983360172,1.865271068169619,0.3488996242619431,0.14761137949543746,2.281266774020397
112,23.980139559849704,13.915727321524423,5.159688674181428,19.900697799248523,18.209876543209877,7.467793880837359,6.6827697262479875,1.865271068169619,0.322061191626409,0.14761137949543746,2.3483628556092326
113,24.36929683306495,13.882179280730005,5.152979066022544,19.900697799248523,18.00187869028449,7.427536231884058,6.582125603864735,1.865271068169619,0.322061191626409,0.14761137949543746,2.3483628556092326
114,24.490069779924852,13.83521202361782,5.152979066022544,19.87385936661299,17.995169082125603,7.4141170155662905,6.662640901771336,1.7579173376274826,0.322061191626409,0.14761137949543746,2.3483628556092326
115,24.724906065485776,13.81508319914117,5.152979066022544,19.773215244229736,17.96833064949007,7.4141170155662905,6.575415995705851,1.7579173376274826,0.322061191626409,0.14761137949543746,2.3483628556092326
116,24.724906065485776,13.714439076757918,5.112721417069243,19.49812130971551,17.85426731078905,7.555018786902845,6.575415995705851,1.7579173376274826,0.322061191626409,0.14761137949543746,2.737520128824477
117,24.953032742887814,13.513150831991412,5.293880837359098,18.679549114331724,18.471551261406333,7.5281803542673105,6.474771873322598,1.751207729468599,0.322061191626409,0.14761137949543746,2.8650026838432634
118,25.0402576489533,13.499731615673644,5.428073000536768,18.592324208266238,18.364197530864196,7.407407407407407,6.400966183574879,1.737788513150832,0.322061191626409,0.14761137949543746,3.0595813204508855
119,25.228126677402038,13.39237788513151,5.428073000536768,18.47826086956522,18.243424584004295,7.575147611379496,6.374127750939345,1.7310789049919484,0.322061191626409,0.14761137949543746,3.079710144927536
120,25.207997852925388,13.291733762748256,4.4753086419753085,19.102254428341386,17.954911433172303,8.729200214707461,5.978260869565218,1.7310789049919484,0.322061191626409,0.14090177133655393,3.066290928609769
121,25.087224906065487,13.278314546430488,4.374664519592056,18.98148148148148,19.189479334406872,8.641975308641975,5.622651637144391,1.4895330112721417,0.322061191626409,0.14090177133655393,2.871712292002147
122,24.966451959205582,13.231347289318304,3.8848631239935587,19.108964036500268,20.263016639828233,8.28636607622115,5.4616210413311865,1.4895330112721417,0.322061191626409,0.14090177133655393,2.844873859366613
123,25.13419216317767,13.22463768115942,4.019055287171229,18.706387546967257,20.1959205582394,8.239398819108963,5.542136339237788,1.4895330112721417,0.322061191626409,0.14090177133655393,2.985775630703167
124,25.187869028448738,12.627482555018787,4.019055287171229,19.464573268921097,20.222758990874933,8.07836822329576,5.46833064949007,1.442565754159957,0.30864197530864196,0.14090177133655393,3.0394524959742353
125,25.55018786902845,12.567096081588835,4.133118625872249,19.343800322061192,20.142243692968332,7.930756843800322,5.401234567901234,1.442565754159957,0.30864197530864196,0.14090177133655393,3.0394524959742353
126,25.72463768115942,12.466451959205582,4.079441760601181,19.223027375201287,19.847020933977454,8.105206655931294,5.387815351583468,1.570048309178744,0.30864197530864196,0.14090177133655393,3.1468062265163717
127,25.946054750402578,12.338969404186795,4.032474503488996,19.0955448201825,19.867149758454108,7.98443370907139,5.515297906602254,1.710950080515298,0.30864197530864196,0.14090177133655393,3.0595813204508855
128,25.744766505636072,12.318840579710145,4.166666666666667,19.585346215780998,19.75979602791197,7.769726247987117,5.374396135265701,1.9726247987117553,0.30864197530864196,0.06038647342995169,2.9388083735909825
129,26.10708534621578,12.144390767579173,4.26731078904992,19.39747718733226,19.605475040257648,7.7831454643048845,5.3341384863123995,1.9726247987117553,0.30193236714975846,0.06038647342995169,3.026033279656468
130,26.25469672571122,11.936392914653783,4.26731078904992,19.64573268921095,19.57192699946323,7.595276435856146,5.300590445517981,2.0397208803005906,0.30193236714975846,0.06038647342995169,3.026033279656468
131,26.301663982823403,11.768652710681696,4.26731078904992,19.504830917874397,19.53166935050993,7.4006977992485234,5.797101449275362,2.0397208803005906,0.30193236714975846,0.06038647342995169,3.026033279656468
132,26.288244766505635,11.75523349436393,4.253891572732153,19.404186795491142,19.524959742351047,7.313472893183038,6.031937734836285,2.0397208803005906,0.30193236714975846,0.06038647342995169,3.026033279656468
133,26.39559849704777,11.721685453569512,4.28743961352657,19.316961889425656,19.464573268921097,7.2933440687063875,6.005099302200751,2.0397208803005906,0.30193236714975846,0.06038647342995169,3.113258185721954
134,26.556629092860977,11.513687600644122,4.327697262479871,19.464573268921097,19.35721953837896,7.192699946323135,6.085614600107354,2.0263016639828235,0.30193236714975846,0.06038647342995169,3.113258185721954
135,26.67740203972088,11.392914653784219,4.408212560386473,19.404186795491142,19.082125603864736,7.185990338164252,6.085614600107354,2.15378421900161,0.30193236714975846,0.06038647342995169,3.2474503488996245
136,26.717659688674182,11.392914653784219,4.549114331723027,19.343800322061192,18.874127750939344,7.185990338164252,6.085614600107354,2.15378421900161,0.30193236714975846,0.06038647342995169,3.33467525496511
137,26.992753623188406,11.258722490606548,4.549114331723027,19.162640901771336,18.766774020397207,7.239667203435319,6.085614600107354,2.15378421900161,0.30193236714975846,0.06038647342995169,3.4286097691894795
138,27.15378421900161,11.144659151905529,4.488727858293076,18.99490069779925,18.243424584004295,7.340311325818572,6.696188942565755,2.0665593129361244,0.30193236714975846,0.06038647342995169,3.5091250670960816
139,27.106816961889425,11.05072463768116,4.4753086419753085,18.853998926462694,17.733494363929147,7.702630166398282,6.870638754696726,2.2074610842726785,0.30193236714975846,0.06038647342995169,3.6366076221148687
140,27.32823403113258,10.990338164251208,4.4753086419753085,18.766774020397207,16.955179817498657,7.521470746108427,7.816693505099302,2.1739130434782608,0.30193236714975846,0.06038647342995169,3.6097691894793345
141,27.502683843263554,10.983628556092324,4.468599033816425,18.632581857219538,16.834406870638755,7.461084272678476,7.816693505099302,2.24771873322598,0.30193236714975846,0.06038647342995169,3.6902844873859366
142,27.576489533011273,10.916532474503489,4.575952764358561,18.54535695115405,16.834406870638755,7.501341921631776,7.7831454643048845,2.24771873322598,0.30193236714975846,0.06038647342995169,3.656736446591519
143,27.72410091250671,10.802469135802468,4.575952764358561,18.310520665593128,16.76731078904992,7.461084272678476,8.09849704777241,2.2410091250670963,0.30193236714975846,0.06038647342995169,3.656736446591519
144,27.979066022544284,10.721953837895867,4.549114331723027,18.250134192163177,16.700214707461082,7.48792270531401,8.09849704777241,2.2410091250670963,0.30193236714975846,0.06038647342995169,3.6097691894793345
145,28.247450348899623,10.695115405260333,4.5960815888352125,18.06897477187332,16.639828234031132,7.48792270531401,8.172302737520129,2.2074610842726785,0.30193236714975846,0.06038647342995169,3.5225442834138487
146,28.475577026301664,10.681696188942565,4.656468062265164,17.907944176060116,16.472088030059044,7.48792270531401,8.252818035426731,2.1940418679549114,0.30193236714975846,0.06038647342995169,3.5091250670960816
147,28.361513687600645,10.943370907139023,4.924852388620504,17.820719269994633,16.284219001610307,7.467793880837359,8.158883521202362,2.167203435319377,0.30193236714975846,0.06038647342995169,3.5091250670960816
148,28.133387010198604,10.775630703166936,4.898013955984971,17.767042404723565,15.962157809983896,7.434245840042942,9.138486312399356,2.01959205582394,0.30193236714975846,0.06038647342995169,3.5091250670960816
149,28.005904455179817,10.768921095008052,4.898013955984971,17.53220611916264,16.264090177133657,7.39398819108964,9.131776704240472,2.0128824476650564,0.30193236714975846,0.06038647342995169,3.629898013955985
150,28.415190552871714,10.748792270531402,4.898013955984971,17.196725711218466,16.243961352657006,7.39398819108964,9.131776704240472,2.0128824476650564,0.30193236714975846,0.06038647342995169,3.5963499731615673
151,28.515834675254965,10.695115405260333,4.783950617283951,17.143048845947398,16.069511540526033,7.742887815351583,9.111647879763822,2.0128824476650564,0.30193236714975846,0.06038647342995169,3.5628019323671496
152,28.556092324208265,10.581052066559312,4.770531400966184,17.24369296833065,16.056092324208265,7.742887815351583,9.111647879763822,2.0128824476650564,0.30193236714975846,0.06038647342995169,3.5628019323671496
153,28.650026838432634,10.567632850241546,4.582662372517445,17.860976918947934,15.962157809983896,7.4141170155662905,9.05126140633387,1.9927536231884058,0.30193236714975846,0.06038647342995169,3.556092324208266
154,28.60305958132045,10.48040794417606,4.575952764358561,18.08239398819109,15.881642512077295,7.4141170155662905,9.05126140633387,1.9927536231884058,0.30193236714975846,0.06038647342995169,3.556092324208266
155,27.395330112721417,12.305421363392378,4.669887278582931,17.364465915190554,15.841384863123993,7.588566827697263,8.849973161567364,1.9793344068706387,0.30193236714975846,0.06038647342995169,3.643317230273752
156,27.65029522275899,12.305421363392378,4.669887278582931,17.14975845410628,15.74074074074074,7.575147611379496,8.923778851315083,1.9793344068706387,0.30193236714975846,0.06038647342995169,3.643317230273752
157,27.80461621041331,12.298711755233494,6.3137412775093935,16.404991948470208,15.123456790123457,7.575147611379496,8.78287707997853,1.8115942028985508,0.30193236714975846,0.06038647342995169,3.5225442834138487
158,28.16022544283414,12.224906065485776,6.273483628556092,16.317767042404725,15.103327965646805,7.555018786902845,8.76274825550188,1.8115942028985508,0.30193236714975846,0.06038647342995169,3.4286097691894795
159,27.241009125067094,12.077294685990339,6.239935587761675,18.364197530864196,14.828234031132581,7.50805152979066,8.373590982286634,1.7176596886741815,0.30193236714975846,0.06038647342995169,3.2877079978529253
160,27.408749329039185,11.936392914653783,6.219806763285024,18.417874396135264,14.814814814814815,7.427536231884058,8.487654320987655,1.6371443907675791,0.30193236714975846,0.06038647342995169,3.2877079978529253
161,27.194041867954912,11.963231347289318,6.226516371443908,20.2361782071927,14.130434782608695,7.347020933977456,7.595276435856146,1.6035963499731616,0.30193236714975846,0.06038647342995169,3.3413848631239937
162,27.167203435319376,11.963231347289318,6.226516371443908,20.276435856146,14.11701556629093,7.347020933977456,7.595276435856146,1.6035963499731616,0.30193236714975846,0.06038647342995169,3.3413848631239937
163,27.509393451422437,11.83574879227053,6.152710681696189,20.162372517444982,14.110305958132045,7.347020933977456,7.595276435856146,1.6035963499731616,0.30193236714975846,0.06038647342995169,3.321256038647343
164,27.58990874932904,11.802200751476114,6.092324208266238,19.96779388083736,14.06333870101986,7.4208266237251745,7.669082125603865,1.724369296833065,0.30193236714975846,0.06038647342995169,3.307836822329576
165,27.85829307568438,11.802200751476114,6.0587761674718195,19.867149758454108,13.989533011272142,7.4208266237251745,7.635534084809447,1.7042404723564144,0.30193236714975846,0.06038647342995169,3.3011272141706924
166,27.95222758990875,11.862587224906065,6.159420289855072,19.618894256575416,13.982823403113258,7.39398819108964,7.588566827697263,1.6706924315619969,0.30193236714975846,0.06038647342995169,3.408480944712829
167,27.66371443907676,11.553945249597424,5.958132045088567,19.404186795491142,14.720880300590446,7.353730542136339,8.105206655931294,1.556629092860977,0.30193236714975846,0.040257648953301126,3.3413848631239937
168,28.073000536768653,11.446591519055287,5.897745571658615,19.155931293612454,14.720880300590446,7.2933440687063875,8.172302737520129,1.556629092860977,0.30193236714975846,0.040257648953301126,3.3413848631239937
169,28.073000536768653,11.446591519055287,5.897745571658615,19.061996779388085,14.720880300590446,7.2933440687063875,8.172302737520129,1.556629092860977,0.30193236714975846,0.040257648953301126,3.435319377348363
170,28.31454643048846,11.446591519055287,5.897745571658615,18.947933440687063,14.680622651637144,7.273215244229737,8.105206655931294,1.556629092860977,0.30193236714975846,0.040257648953301126,3.435319377348363
171,28.455448201825014,10.487117552334944,5.897745571658615,18.82716049382716,15.693773483628556,7.273215244229737,8.064949006977992,1.5230810520665594,0.30193236714975846,0.040257648953301126,3.435319377348363
172,28.663446054750402,10.487117552334944,6.038647342995169,18.726516371443907,15.673644659151906,7.185990338164252,7.944176060118089,1.5096618357487923,0.30193236714975846,0.040257648953301126,3.4286097691894795
173,28.79092860976919,10.406602254428341,5.991680085882985,18.625872249060656,15.666935050993022,7.226247987117552,7.944176060118089,1.5096618357487923,0.30193236714975846,0.040257648953301126,3.4957058507783145
174,28.978797638217927,10.373054213633925,5.984970477724101,18.585614600107355,15.499194847020934,7.313472893183038,7.944176060118089,1.5163714439076759,0.30193236714975846,0.040257648953301126,3.4621578099838968
175,28.958668813741276,10.144927536231885,6.427804616210413,18.50509930220075,15.324745034889963,7.64224369296833,7.863660762211487,1.5163714439076759,0.18115942028985507,0.040257648953301126,3.3950617283950617
176,29.314278046162105,10.077831454643048,6.333870101986044,18.417874396135264,15.291196994095545,7.588566827697263,7.843531937734836,1.5163714439076759,0.18115942028985507,0.040257648953301126,3.3950617283950617
177,29.354535695115406,10.050993022007514,6.333870101986044,18.276972624798713,15.485775630703166,7.588566827697263,7.7898550724637685,1.5163714439076759,0.18115942028985507,0.040257648953301126,3.3816425120772946
178,26.77133655394525,9.225711218464841,6.340579710144928,22.041062801932366,14.9020397208803,7.716049382716049,7.890499194847021,1.5096618357487923,0.18115942028985507,0.040257648953301126,3.3816425120772946
179,26.462694578636608,9.225711218464841,6.246645195920558,20.96081588835212,16.55931293612453,7.702630166398282,7.863660762211487,1.5096618357487923,0.18115942028985507,0.040257648953301126,3.2474503488996245
180,26.7512077294686,9.225711218464841,6.260064412238325,20.90713902308105,16.53918411164788,7.682501341921632,7.6556629092860975,1.5096618357487923,0.18115942028985507,0.040257648953301126,3.2474503488996245
181,26.650563607085346,9.091519055287172,6.421095008051529,20.853462157809982,16.512345679012345,7.682501341921632,7.75630703166935,1.5096618357487923,0.18115942028985507,0.040257648953301126,3.3011272141706924
182,25.986312399355878,8.970746108427267,6.3070316693505095,22.463768115942027,16.42512077294686,7.454374664519592,7.380568974771873,1.4895330112721417,0.18115942028985507,0.040257648953301126,3.3011272141706924
183,26.167471819645733,8.84326355340848,6.300322061191626,22.41009125067096,16.438539989264626,7.454374664519592,7.37385936661299,1.4895330112721417,0.18115942028985507,0.040257648953301126,3.3011272141706924
184,26.516371443907676,8.796296296296296,6.246645195920558,22.322866344605476,16.35131508319914,7.454374664519592,7.340311325818572,1.4895330112721417,0.18115942028985507,0.040257648953301126,3.260869565217391
185,26.690821256038646,8.735909822866345,6.206387546967257,22.282608695652176,16.411701556629094,7.37385936661299,7.333601717659689,1.4626945786366077,0.24154589371980675,0.040257648953301126,3.2206119162640903
186,26.912238325281802,8.61513687600644,6.179549114331723,22.208803005904453,16.35131508319914,7.434245840042942,7.333601717659689,1.4626945786366077,0.24154589371980675,0.040257648953301126,3.2206119162640903
187,26.99946323134729,8.601717659688674,6.132581857219538,21.980676328502415,16.76731078904992,7.467793880837359,7.266505636070853,1.3754696725711217,0.24154589371980675,0.040257648953301126,3.126677402039721
188,27.449006977992486,8.601717659688674,6.119162640901771,21.846484165324746,16.478797638217927,7.467793880837359,7.246376811594203,1.3486312399355878,0.24154589371980675,0.040257648953301126,3.1602254428341383
189,27.74422973698336,8.541331186258722,6.199677938808374,21.812936124530328,16.438539989264626,7.2933440687063875,7.219538378958669,1.3486312399355878,0.24154589371980675,0.040257648953301126,3.1199677938808374
190,27.78448738593666,8.514492753623188,6.662640901771336,21.64519592055824,16.223832528180353,7.25979602791197,7.192699946323135,1.3486312399355878,0.24154589371980675,0.040257648953301126,3.0864197530864197
191,27.905260332796566,8.474235104669887,6.756575415995706,21.524422973698336,16.223832528180353,7.232957595276436,7.132313472893183,1.3821792807300053,0.24154589371980675,0.040257648953301126,3.0864197530864197
192,28.10654857756307,8.433977455716587,6.723027375201288,21.517713365539453,16.14331723027375,7.232957595276436,7.132313472893183,1.3754696725711217,0.24154589371980675,0.040257648953301126,3.052871712292002
193,28.428609769189478,8.433977455716587,6.662640901771336,21.35668276972625,16.069511540526033,7.226247987117552,7.132313472893183,1.3687600644122384,0.24154589371980675,0.040257648953301126,3.0394524959742353
194,28.23403113258186,8.353462157809984,6.743156199677939,21.611647879763822,16.049382716049383,7.212828770799785,7.105475040257649,1.3687600644122384,0.24154589371980675,0.040257648953301126,3.0394524959742353
195,28.556092324208265,8.333333333333334,6.702898550724638,21.35668276972625,15.935319377348362,7.219538378958669,7.098765432098766,1.3687600644122384,0.24154589371980675,0.040257648953301126,3.1468062265163717
196,28.723832528180353,8.219269994632313,6.6827697262479875,21.155394524959743,15.673644659151906,7.300053676865271,7.467793880837359,1.3620504562533549,0.24154589371980675,0.040257648953301126,3.1333870101986045
197,28.898282340311326,8.145464304884594,6.595544820182502,21.26945786366076,15.666935050993022,7.14573268921095,7.461084272678476,1.3620504562533549,0.2952227589908749,0.040257648953301126,3.1199677938808374
198,27.449006977992486,7.85024154589372,6.045356951154052,21.128556092324207,18.055555555555557,7.226247987117552,7.568438003220612,1.328502415458937,0.2952227589908749,0.040257648953301126,3.012614063338701
199,27.522812667740205,7.836822329575953,6.159420289855072,20.90713902308105,17.867686527106816,7.212828770799785,7.6623725174449815,1.328502415458937,0.2952227589908749,0.040257648953301126,3.166935050993022
200,27.522812667740205,7.823403113258186,6.146001073537305,20.799785292538918,17.773752012882447,7.306763285024155,7.6623725174449815,1.328502415458937,0.2952227589908749,0.040257648953301126,3.3011272141706924
201,27.435587761674718,7.7898550724637685,6.099033816425121,20.813204508856682,17.74020397208803,7.427536231884058,7.64224369296833,1.3083735909822867,0.2952227589908749,0.040257648953301126,3.408480944712829
