,45,50,51,55,53,52,54,56,58,57,61,59,60,62,46
0,99.31561996779388,0.6843800322061192,,,,,,,,,,,,,
1,57.51476113794954,39.17740203972088,3.126677402039721,0.18115942028985507,,,,,,,,,,,
2,57.17928073000537,39.412238325281805,3.126677402039721,0.28180354267310787,,,,,,,,,,,
3,49.8389694041868,46.43719806763285,3.1736446591519054,0.5501878690284487,,,,,,,,,,,
4,49.14117015566291,43.907675791733766,3.1602254428341383,0.9594739667203436,2.831454643048846,,,,,,,,,,
5,45.967525496511,46.081588835212024,3.3145464304884595,1.107085346215781,2.831454643048846,0.644122383252818,0.05367686527106817,,,,,,,,
6,45.1556629092861,46.79951690821256,3.3145464304884595,1.2010198604401503,2.831454643048846,0.644122383252818,0.05367686527106817,,,,,,,,
7,38.2313472893183,53.07300053676865,3.2877079978529253,1.2345679012345678,2.831454643048846,0.644122383252818,0.6709608158883521,0.026838432635534086,,,,,,,
8,38.24476650563607,52.50939345142244,3.2877079978529253,1.7847557702630166,2.831454643048846,0.644122383252818,0.6709608158883521,0.026838432635534086,,,,,,,
9,33.803005904455176,58.19243156199678,3.2877079978529253,1.7981749865807837,2.8113258185721954,0.020128824476650563,0.040257648953301126,0.026838432635534086,0.020128824476650563,,,,,,
10,29.944981213097154,61.621041331186255,3.2877079978529253,2.227589908749329,2.8113258185721954,0.020128824476650563,0.040257648953301126,0.026838432635534086,0.020128824476650563,,,,,,
11,23.03408480944713,66.46537842190016,3.4286097691894795,3.69699409554482,2.4691358024691357,0.03354804079441761,0.10064412238325282,0.026838432635534086,0.14090177133655393,0.5636070853462157,0.040257648953301126,,,,
12,23.03408480944713,66.05609232420827,3.4286097691894795,4.106280193236715,2.4691358024691357,0.03354804079441761,0.10064412238325282,0.026838432635534086,0.14090177133655393,0.5367686527106817,0.040257648953301126,0.026838432635534086,,,
13,22.376543209876544,65.49248523886205,3.643317230273752,4.320987654320987,2.509393451422437,0.785024154589372,0.10064412238325282,0.026838432635534086,0.14090177133655393,0.5367686527106817,0.040257648953301126,0.026838432635534086,,,
14,22.020933977455716,63.31186258722491,4.066022544283414,6.3070316693505095,2.509393451422437,0.798443370907139,0.2147074610842727,0.026838432635534086,0.14090177133655393,0.5367686527106817,0.040257648953301126,0.026838432635534086,,,
15,21.906870638754697,63.117283950617285,4.066022544283414,6.400966183574879,2.6704240472356413,0.798443370907139,0.30193236714975846,0.026838432635534086,0.14090177133655393,0.5099302200751477,0.03354804079441761,0.026838432635534086,,,
16,21.786097691894792,61.94981213097155,4.066022544283414,7.514761137949543,2.5295222758990876,0.798443370907139,0.4227053140096618,0.026838432635534086,0.28180354267310787,0.5099302200751477,0.03354804079441761,0.06038647342995169,0.020128824476650563,,
17,21.812936124530328,61.70826623725174,4.066022544283414,7.6623725174449815,2.5161030595813205,0.798443370907139,0.5032206119162641,0.026838432635534086,0.28180354267310787,0.5099302200751477,0.03354804079441761,0.06038647342995169,0.020128824476650563,,
18,20.705850778314545,57.7361782071927,9.03113258185722,7.7898550724637685,2.5161030595813205,0.785024154589372,0.5032206119162641,0.026838432635534086,0.28180354267310787,0.5099302200751477,0.03354804079441761,0.06038647342995169,0.020128824476650563,,
19,20.598497047772412,54.98523886205046,8.715780998389693,10.909822866344605,2.5161030595813205,0.785024154589372,0.5434782608695652,0.040257648953301126,0.28180354267310787,0.5099302200751477,0.03354804079441761,0.06038647342995169,0.020128824476650563,,
20,19.03515834675255,46.39023081052066,19.73966720343532,10.245571658615138,2.4221685453569513,0.48980139559849706,0.5703166935050993,0.11406333870101985,0.322061191626409,0.5099302200751477,0.03354804079441761,0.10735373054213634,0.020128824476650563,,
21,18.98148148148148,46.20907139023081,19.296833064949006,10.36634460547504,2.536231884057971,0.48980139559849706,0.5703166935050993,0.5568974771873323,0.322061191626409,0.5099302200751477,0.03354804079441761,0.10735373054213634,0.020128824476650563,,
22,18.760064412238325,39.25791733762748,19.243156199677937,8.400429414922169,2.536231884057971,9.863123993558776,0.3757380568974772,0.5837359098228664,0.322061191626409,0.46967257112184646,0.03354804079441761,0.10735373054213634,0.04696725711218465,,
23,18.54535695115405,39.36527106816962,19.182769726247987,8.447396672034353,2.536231884057971,9.688674181427805,0.3757380568974772,0.7045088566827697,0.322061191626409,0.644122383252818,0.03354804079441761,0.10735373054213634,0.04696725711218465,,
24,17.66639828234031,37.546967257112186,22.65834675254965,8.541331186258722,2.4355877616747184,9.212292002147075,0.3757380568974772,0.3488996242619431,0.3824476650563607,0.644122383252818,0.03354804079441761,0.10735373054213634,0.04696725711218465,,
25,17.59259259259259,37.31213097155126,22.383252818035427,8.836553945249598,2.5026838432635534,9.05126140633387,0.3757380568974772,0.5032206119162641,0.3824476650563607,0.8722490606548577,0.03354804079441761,0.10735373054213634,0.04696725711218465,,
26,9.876543209876543,52.83145464304884,18.337359098228664,6.729736983360172,1.2546967257112185,9.380032206119163,0.13419216317767044,0.28180354267310787,0.2683843263553409,0.7648953301127214,0.0067096081588835215,0.10064412238325282,0.03354804079441761,,
27,9.802737520128824,50.5300590445518,21.77938808373591,5.71658615136876,1.2546967257112185,9.265968867418144,0.1610305958132045,0.20128824476650564,0.2683843263553409,0.8789586688137413,0.0067096081588835215,0.10064412238325282,0.03354804079441761,,
28,9.749060654857756,50.40257648953301,21.591519055287172,5.790391841116479,1.3620504562533549,9.27938808373591,0.1610305958132045,0.3757380568974772,0.2683843263553409,0.8789586688137413,0.0067096081588835215,0.10064412238325282,0.03354804079441761,,
29,9.749060654857756,50.32877079978529,21.531132581857218,5.870907139023081,1.3888888888888888,8.68894256575416,0.1610305958132045,0.4025764895330113,0.2683843263553409,1.4694041867954912,0.0067096081588835215,0.10064412238325282,0.03354804079441761,,
30,8.561460010735374,48.19511540526033,23.872785829307567,6.696188942565755,1.3888888888888888,8.682232957595277,0.30193236714975846,0.43612453032742887,0.2683843263553409,1.4559849704777241,0.0067096081588835215,0.10064412238325282,0.03354804079441761,,
31,8.588298443370908,48.04079441760601,23.845947396672035,6.78341384863124,1.3888888888888888,8.655394524959743,0.30193236714975846,0.46296296296296297,0.30864197530864196,1.482823403113258,0.0067096081588835215,0.10064412238325282,0.03354804079441761,,
32,8.621846484165324,47.718733225979605,23.738593666129898,6.977992485238862,1.3888888888888888,8.655394524959743,0.27509393451422437,0.5636070853462157,0.30864197530864196,1.6103059581320451,0.0067096081588835215,0.10064412238325282,0.03354804079441761,,
33,8.548040794417606,44.81347289318304,23.72517444981213,7.112184648416532,1.3888888888888888,8.655394524959743,3.1333870101986045,0.5636070853462157,0.30864197530864196,1.6103059581320451,0.0067096081588835215,0.10064412238325282,0.03354804079441761,,
34,5.46833064949007,32.55501878690284,40.02952227589909,6.005099302200751,1.2345679012345678,8.59500805152979,3.026033279656468,0.8521202361782072,0.35560923242082665,1.5499194847020934,0.0067096081588835215,0.20799785292538917,0.11406333870101985,,
35,5.46833064949007,32.427536231884055,39.78797638217928,6.085614600107354,1.2345679012345678,8.568169618894256,3.0595813204508855,1.107085346215781,0.35560923242082665,1.5767579173376274,0.0067096081588835215,0.20799785292538917,0.11406333870101985,,
36,5.481749865807837,31.04535695115405,36.3191089640365,6.119162640901771,5.991680085882985,8.53462157809984,3.1535158346752548,1.1205045625335481,0.35560923242082665,1.5297906602254427,0.0067096081588835215,0.20799785292538917,0.13419216317767044,,
37,5.381105743424584,30.817230273752013,36.010466988727856,6.085614600107354,5.938003220611916,8.427267847557703,3.421900161030596,1.5901771336553945,0.4092860976918948,1.5297906602254427,0.0067096081588835215,0.20799785292538917,0.17444981213097155,,
38,5.213365539452496,30.864197530864196,35.86285560923242,6.119162640901771,6.045356951154052,8.360171765968868,3.3011272141706924,1.8585614600107354,0.4092860976918948,1.5767579173376274,0.0067096081588835215,0.20799785292538917,0.17444981213097155,,
39,5.273752012882448,30.54213633923779,35.80246913580247,6.427804616210413,6.038647342995169,8.353462157809984,3.3011272141706924,1.8853998926462694,0.4092860976918948,1.5767579173376274,0.0067096081588835215,0.20799785292538917,0.17444981213097155,,
40,5.213365539452496,25.93263553408481,35.43344068706388,7.333601717659689,11.735104669887278,8.3467525496511,1.4626945786366077,2.2410091250670963,0.4227053140096618,1.5767579173376274,0.0067096081588835215,0.12077294685990338,0.17444981213097155,,
41,5.10601180891036,24.651100375738057,45.6857219538379,5.179817498658078,11.533816425120772,3.321256038647343,1.42914653784219,2.059849704777241,0.4025764895330113,0.5032206119162641,0.0067096081588835215,0.06038647342995169,0.06038647342995169,,
42,5.199946323134729,24.214975845410628,45.46430488459474,5.629361245303274,11.453301127214171,3.307836822329576,1.42914653784219,2.167203435319377,0.47638217928073,0.5300590445517982,0.0067096081588835215,0.06038647342995169,0.06038647342995169,,
43,5.213365539452496,24.214975845410628,44.97450348899624,6.595544820182502,11.245303274288782,3.307836822329576,1.42914653784219,2.13365539452496,0.4294149221685454,0.36231884057971014,,0.03354804079441761,0.06038647342995169,,
44,5.159688674181428,21.202361782071925,44.80005367686527,6.353998926462695,11.077563070316694,6.575415995705851,1.3955984970477724,2.38191089640365,0.5971551261406334,0.36231884057971014,,0.03354804079441761,0.06038647342995169,,
45,5.193236714975845,21.034621578099838,41.6532474503489,6.501610305958132,10.661567364465915,9.104938271604938,1.3955984970477724,3.260869565217391,0.5971551261406334,0.5032206119162641,,0.03354804079441761,0.06038647342995169,,
46,5.213365539452496,20.175791733762747,41.2842190016103,7.37385936661299,10.61460010735373,8.923778851315083,1.4090177133655395,3.589640365002684,0.6374127750939346,0.6843800322061192,,0.03354804079441761,0.06038647342995169,,
47,5.260332796564681,20.175791733762747,41.18357487922705,7.320182501341922,10.554213633923778,8.910359634997317,1.4090177133655395,3.6768652710681695,0.7112184648416533,0.6910896403650026,,0.03354804079441761,0.07380568974771873,,
48,5.273752012882448,20.021470746108427,40.975577026301664,7.581857219538379,10.554213633923778,8.829844337090714,1.4090177133655395,3.7573805689747717,0.7112184648416533,0.7581857219538379,0.020128824476650563,0.03354804079441761,0.07380568974771873,,
49,4.42163177670424,19.47799248523886,38.98282340311326,7.628824476650563,7.39398819108964,14.445786366076222,1.556629092860977,4.4753086419753085,0.6038647342995169,0.8856682769726248,0.020128824476650563,0.03354804079441761,0.07380568974771873,,
50,4.455179817498658,18.270263016639827,36.86929683306495,7.4141170155662905,7.340311325818572,18.14278046162104,1.5499194847020934,4.30756843800322,0.6038647342995169,0.9192163177670424,0.020128824476650563,0.03354804079441761,0.07380568974771873,,
51,4.448470209339774,17.98174986580784,36.04401502952228,7.192699946323135,7.232957595276436,18.00187869028449,2.9388083735909825,4.441760601180891,0.6239935587761675,0.966183574879227,0.020128824476650563,0.03354804079441761,0.07380568974771873,,
52,4.468599033816425,17.98174986580784,36.40633387010199,7.179280730005368,7.226247987117552,17.881105743424584,2.9388083735909825,4.146537842190016,0.6239935587761675,1.0198604401502953,0.020128824476650563,0.03354804079441761,0.07380568974771873,,
53,4.367954911433173,15.33816425120773,33.360171765968865,6.937734836285561,14.17740203972088,17.12962962962963,3.0327428878153517,3.9586688137412773,0.5166398282340311,1.0534084809447128,0.020128824476650563,0.03354804079441761,0.07380568974771873,,
54,4.361245303274289,15.297906602254429,33.25281803542673,6.951154052603328,11.990069779924852,19.867149758454108,2.395330112721417,4.066022544283414,0.5501878690284487,1.1473429951690821,0.020128824476650563,0.026838432635534086,0.07380568974771873,,
55,4.361245303274289,15.26435856146001,33.12533548040794,7.024959742351046,11.98336017176597,19.82018250134192,2.38191089640365,4.166666666666667,0.5300590445517982,1.2077294685990339,0.020128824476650563,0.040257648953301126,0.07380568974771873,,
56,4.38137412775094,15.26435856146001,32.95759527643585,7.192699946323135,12.04374664519592,19.464573268921097,2.38191089640365,4.30756843800322,0.5300590445517982,1.3016639828234031,0.020128824476650563,0.040257648953301126,0.11406333870101985,,
57,4.428341384863124,14.620236178207193,32.8972088030059,6.501610305958132,11.647879763821793,19.276704240472355,3.730542136339238,4.38137412775094,0.5636070853462157,1.7981749865807837,0.020128824476650563,0.06038647342995169,0.07380568974771873,,
58,4.4820182501341925,14.620236178207193,32.8166935050993,6.488191089640365,11.748523886205046,19.0150295222759,3.6902844873859366,4.300858829844337,0.6843800322061192,1.9524959742351047,0.020128824476650563,0.0939345142243693,0.08722490606548577,,
59,4.341116478797638,14.472624798711756,29.13311862587225,6.414385399892646,11.668008588298443,23.698336017176597,3.864734299516908,3.8848631239935587,0.6843800322061192,1.6639828234031133,0.020128824476650563,0.0939345142243693,0.06038647342995169,,
60,4.3545356951154055,14.42565754159957,28.81105743424584,6.837090713902308,11.56736446591519,23.503757380568974,3.864734299516908,3.898282340311326,0.6843800322061192,1.8786902844873858,0.020128824476650563,0.0939345142243693,0.06038647342995169,,
61,4.320987654320987,14.40552871712292,34.74235104669887,6.863929146537842,11.426462694578637,16.814278046162105,3.844605475040258,4.522275899087493,0.7112184648416533,2.1739130434782608,0.020128824476650563,0.0939345142243693,0.06038647342995169,,
62,4.341116478797638,12.68786902844874,31.353998926462694,6.072195383789587,8.3467525496511,28.052871712292003,2.898550724637681,3.3548040794417604,0.5904455179817498,2.1940418679549114,0.020128824476650563,0.026838432635534086,0.06038647342995169,,
63,4.341116478797638,12.681159420289855,31.300322061191626,6.078904991948471,8.32662372517445,28.032742887815353,2.999194847020934,3.3682232957595275,0.5367686527106817,2.1940418679549114,0.020128824476650563,0.026838432635534086,0.0939345142243693,,
64,4.334406870638754,12.446323134728932,31.105743424584006,6.66935050993022,8.266237251744498,27.82474503488996,2.9589371980676327,3.44873859366613,0.6575415995705851,2.147074610842727,0.020128824476650563,0.026838432635534086,0.0939345142243693,,
65,4.441760601180891,12.426194310252281,31.00509930220075,6.749865807836822,8.246108427267847,27.72410091250671,2.9589371980676327,3.44873859366613,0.6575415995705851,2.1806226516371443,0.020128824476650563,0.026838432635534086,0.11406333870101985,,
66,4.260601180891036,12.493290391841116,31.49490069779925,7.159151905528717,7.87037037037037,26.8317230273752,2.9589371980676327,3.8714439076757916,0.6575415995705851,2.2410091250670963,0.020128824476650563,0.026838432635534086,0.11406333870101985,,
67,4.30756843800322,12.493290391841116,31.44122383252818,7.159151905528717,7.7831454643048845,26.56333870101986,2.9589371980676327,3.878153515834675,0.7447665056360708,2.509393451422437,0.020128824476650563,0.026838432635534086,0.11406333870101985,,
68,4.38137412775094,12.486580783682234,31.273483628556093,7.212828770799785,7.7831454643048845,26.1808910359635,2.952227589908749,3.965378421900161,0.7447665056360708,2.8650026838432634,0.013419216317767043,0.026838432635534086,0.11406333870101985,,
69,3.864734299516908,8.13875469672571,30.213365539452496,6.011808910359635,6.964573268921095,35.02415458937198,2.8650026838432634,3.9586688137412773,0.5099302200751477,2.2946859903381642,0.013419216317767043,0.026838432635534086,0.11406333870101985,,
70,3.844605475040258,8.132045088566828,26.630434782608695,6.622383252818035,10.359634997316157,34.064680622651636,2.8381642512077296,4.0995705850778315,0.5568974771873323,2.690552871712292,0.013419216317767043,0.05367686527106817,0.0939345142243693,,
71,3.6231884057971016,7.575147611379496,26.556629092860977,6.696188942565755,11.332528180354267,33.843263553408484,2.771068169618894,4.1129898013955986,0.5568974771873323,2.771068169618894,0.013419216317767043,0.05367686527106817,0.0939345142243693,,
72,3.629898013955985,7.575147611379496,26.362050456253353,6.78341384863124,11.272141706924316,33.675523349436396,2.771068169618894,4.28743961352657,0.6172839506172839,2.8650026838432634,0.013419216317767043,0.05367686527106817,0.0939345142243693,,
73,3.6097691894793345,7.608695652173913,26.140633387010197,6.796833064949007,11.211755233494364,33.662104133118625,2.771068169618894,4.4753086419753085,0.6239935587761675,2.9388083735909825,0.013419216317767043,0.05367686527106817,0.0939345142243693,,
74,3.6366076221148687,7.608695652173913,25.999731615673646,6.884057971014493,11.18491680085883,33.64868491680086,2.771068169618894,4.528985507246377,0.6374127750939346,2.9388083735909825,0.013419216317767043,0.05367686527106817,0.0939345142243693,,
75,3.670155662909286,7.608695652173913,25.758185721953836,7.004830917874396,11.171497584541063,33.61513687600644,2.771068169618894,4.643048845947397,0.6508319914117016,2.9388083735909825,0.020128824476650563,0.05367686527106817,0.0939345142243693,,
76,3.730542136339238,7.601986044015029,24.818840579710145,6.877348362855609,11.460010735373054,32.68250134192163,4.180085882984434,4.884594739667204,0.6843800322061192,2.9052603327965647,0.08722490606548577,0.05367686527106817,0.03354804079441761,,
77,3.7037037037037037,7.239667203435319,20.8870101986044,6.508319914117015,8.11862587224906,41.00912506709608,4.03918411164788,4.85775630703167,0.7514761137949544,2.677133655394525,0.08722490606548577,0.08722490606548577,0.03354804079441761,,
78,3.7104133118625873,7.185990338164252,20.873590982286636,6.588835212023618,8.11862587224906,40.935319377348364,4.03918411164788,4.810789049919484,0.7783145464304885,2.737520128824477,0.08722490606548577,0.08722490606548577,0.04696725711218465,,
79,3.6902844873859366,7.159151905528717,20.779656468062264,6.6827697262479875,8.125335480407944,40.673644659151904,4.126409017713366,4.87788513150832,0.8319914117015567,2.831454643048846,0.08722490606548577,0.08722490606548577,0.04696725711218465,,
80,3.7037037037037037,7.139023081052066,20.7662372517445,6.91760601180891,8.004562533548041,40.49248523886205,4.233762748255502,4.770531400966184,0.8722490606548577,2.8784219001610305,0.08722490606548577,0.08722490606548577,0.04696725711218465,,
81,3.7640901771336552,7.112184648416532,20.645464304884594,6.944444444444445,8.004562533548041,40.163714439076756,4.233762748255502,4.884594739667204,0.8722490606548577,3.1535158346752548,0.08722490606548577,0.08722490606548577,0.04696725711218465,,
82,3.8378958668813743,7.105475040257649,20.538110574342458,6.9310252281266775,8.621846484165324,39.11701556629093,4.233762748255502,5.052334943639291,0.9393451422436929,3.4017713365539453,0.08722490606548577,0.08722490606548577,0.04696725711218465,,
83,3.8177670424047236,6.568706387546968,24.516908212560388,6.716317767042405,8.675523349436393,36.171497584541065,4.2203435319377345,5.159688674181428,0.9393451422436929,3.0059044551798175,0.08722490606548577,0.08722490606548577,0.03354804079441761,,
84,3.7640901771336552,6.649221685453569,24.282071926999464,6.716317767042405,8.675523349436393,35.67498658078368,4.2203435319377345,5.508588298443371,0.9393451422436929,3.361513687600644,0.08722490606548577,0.08722490606548577,0.03354804079441761,,
85,3.797638217928073,6.629092860976919,24.020397208803004,6.702898550724638,8.668813741277509,35.29253891572732,4.1532474503489,5.931293612453032,0.9393451422436929,3.656736446591519,0.08722490606548577,0.08722490606548577,0.03354804079441761,,
86,3.8848631239935587,6.629092860976919,23.61111111111111,6.790123456790123,8.776167471819646,35.16505636070853,4.146537842190016,6.327160493827161,0.95276435856146,3.515834675254965,0.08051529790660225,0.08722490606548577,0.03354804079441761,,
87,3.878153515834675,6.649221685453569,23.315888352120236,7.024959742351046,9.66183574879227,34.19887278582931,4.146537842190016,6.360708534621578,0.95276435856146,3.6097691894793345,0.08051529790660225,0.08722490606548577,0.03354804079441761,,
88,3.8915727321524423,6.521739130434782,22.41009125067096,7.179280730005368,9.608158883521202,34.13177670424047,4.186795491143317,7.212828770799785,0.9728931830381106,3.683574879227053,0.08051529790660225,0.08722490606548577,0.03354804079441761,,
89,3.9519592055823938,6.521739130434782,22.41009125067096,7.14573268921095,9.688674181427805,34.084809447128286,4.079441760601181,7.1725711218464845,1.0601180891035964,3.69699409554482,0.06709608158883522,0.08722490606548577,0.03354804079441761,,
90,3.9720880300590444,6.427804616210413,22.31615673644659,7.300053676865271,9.601449275362318,33.923778851315085,4.092860976918948,7.14573268921095,1.0534084809447128,3.9519592055823938,0.06709608158883522,0.10735373054213634,0.040257648953301126,,
91,3.7573805689747717,6.226516371443908,30.9849704777241,6.635802469135802,8.776167471819646,28.361513687600645,4.0995705850778315,6.756575415995706,1.0399892646269457,3.1199677938808374,0.0939345142243693,0.10735373054213634,0.040257648953301126,,
92,3.6366076221148687,5.978260869565218,30.575684380032207,6.575415995705851,8.749329039184111,28.904991948470208,3.9519592055823938,6.9243156199677935,1.1808910359634996,3.240740740740741,0.0939345142243693,0.13419216317767044,0.05367686527106817,,
93,3.7372517444981215,5.897745571658615,30.42807300053677,6.622383252818035,8.80300590445518,28.904991948470208,3.9519592055823938,7.03166935050993,1.1808910359634996,3.2139023081052067,0.040257648953301126,0.13419216317767044,0.05367686527106817,,
94,3.743961352657005,5.857487922705314,30.267042404723565,6.662640901771336,8.80300590445518,28.878153515834676,3.9519592055823938,7.185990338164252,1.1808910359634996,3.240740740740741,0.040257648953301126,0.13419216317767044,0.05367686527106817,,
95,3.7640901771336552,5.803811057434245,30.17981749865808,6.884057971014493,8.80300590445518,28.75067096081589,3.9318303811057436,7.253086419753086,1.1406333870101986,3.2742887815351582,0.040257648953301126,0.13419216317767044,0.040257648953301126,,
96,3.8177670424047236,5.750134192163178,29.824208266237253,6.998121309715513,8.796296296296296,28.75067096081589,3.9586688137412773,7.434245840042942,1.1406333870101986,3.2877079978529253,0.040257648953301126,0.13419216317767044,0.06709608158883522,,
97,3.7238325281803544,5.703166935050993,35.621309715512616,6.776704240472356,8.655394524959743,24.248523886205046,3.878153515834675,6.904186795491143,1.0399892646269457,3.166935050993022,0.040257648953301126,0.17444981213097155,0.06709608158883522,,
98,3.750670960815888,5.662909286097692,35.42002147074611,6.763285024154589,8.59500805152979,24.08749329039184,4.180085882984434,6.863929146537842,1.0534084809447128,3.3413848631239937,0.040257648953301126,0.17444981213097155,0.06709608158883522,,
99,3.7775093934514223,5.548845947396672,35.198604401502955,7.206119162640902,8.340042941492216,23.95330112721417,4.17337627482555,6.776704240472356,1.3083735909822867,3.435319377348363,0.040257648953301126,0.17444981213097155,0.06709608158883522,,
100,3.7372517444981215,5.501878690284487,35.037573805689746,7.1658615136876005,8.279656468062266,23.758722490606548,4.394793344068707,7.085346215780999,1.2345679012345678,3.5225442834138487,0.040257648953301126,0.17444981213097155,0.06709608158883522,,
101,3.750670960815888,5.501878690284487,34.6081588835212,7.152442297369833,8.279656468062266,23.731884057971016,4.3478260869565215,7.481213097155126,1.3217928073000538,3.5426731078904994,0.040257648953301126,0.17444981213097155,0.06709608158883522,,
102,3.7573805689747717,5.501878690284487,33.69565217391305,7.27992485238862,8.279656468062266,23.731884057971016,4.341116478797638,8.272946859903382,1.3083735909822867,3.549382716049383,0.040257648953301126,0.17444981213097155,0.06709608158883522,,
103,3.750670960815888,5.501878690284487,33.48094471282877,7.226247987117552,8.279656468062266,23.57085346215781,4.327697262479871,8.501073537305421,1.3419216317767042,3.69699409554482,0.040257648953301126,0.1878690284487386,0.0939345142243693,,
104,3.750670960815888,5.481749865807837,33.319914117015564,7.199409554482019,8.225979602791197,23.32259796027912,4.4820182501341925,8.789586688137414,1.3821792807300053,3.7238325281803544,0.040257648953301126,0.1878690284487386,0.0939345142243693,,
105,3.556092324208266,5.193236714975845,32.46108427267848,7.085346215780999,8.172302737520129,25.53676865271068,4.898013955984971,8.199141170155663,1.2949543746645196,3.260869565217391,0.040257648953301126,0.14761137949543746,0.15432098765432098,,
106,3.589640365002684,4.938271604938271,32.14573268921095,6.944444444444445,8.004562533548041,25.308641975308642,5.71658615136876,8.185721953837897,1.3352120236178207,3.4621578099838968,0.06709608158883522,0.14761137949543746,0.15432098765432098,,
107,3.629898013955985,4.884594739667204,32.098765432098766,7.051798174986581,8.004562533548041,25.275093934514224,5.683038110574342,8.125335480407944,1.3352120236178207,3.44873859366613,0.06709608158883522,0.24154589371980675,0.15432098765432098,,
108,3.6634460547504024,4.884594739667204,32.07192699946323,7.051798174986581,8.004562533548041,25.241545893719806,5.723295759527644,8.09849704777241,1.3352120236178207,3.4621578099838968,0.06709608158883522,0.24154589371980675,0.15432098765432098,,
109,3.643317230273752,4.87788513150832,31.843800322061192,7.14573268921095,7.87037037037037,25.120772946859905,5.723295759527644,8.393719806763285,1.3352120236178207,3.5829307568438002,0.06709608158883522,0.24154589371980675,0.15432098765432098,,
110,3.6500268384326353,4.87788513150832,31.662640901771336,7.347020933977456,7.87037037037037,24.90606548577563,5.723295759527644,8.59500805152979,1.2949543746645196,3.5829307568438002,0.06709608158883522,0.2683843263553409,0.15432098765432098,,
111,3.5762211486849167,4.8443370907139025,31.4345142243693,7.4141170155662905,7.6556629092860975,24.825550187869027,5.763553408480945,8.863392377885132,1.4492753623188406,3.683574879227053,0.06709608158883522,0.2683843263553409,0.15432098765432098,,
112,3.5628019323671496,4.730273752012883,30.06575415995706,7.514761137949543,7.514761137949543,26.42914653784219,5.763553408480945,8.55475040257649,1.442565754159957,3.9184111647879765,0.10735373054213634,0.24154589371980675,0.15432098765432098,,
113,3.549382716049383,4.676596886741814,24.9194847020934,7.407407407407407,13.211218464841654,26.40901771336554,5.803811057434245,8.064949006977992,1.442565754159957,3.9720880300590444,0.10735373054213634,0.24154589371980675,0.19457863660762212,,
114,3.5292538915727323,3.81105743424584,24.812130971551262,7.4141170155662905,15.660225442834138,25.147611379495437,5.662909286097692,7.957595276435856,1.4895330112721417,3.9586688137412773,0.08051529790660225,0.2952227589908749,0.18115942028985507,,
115,3.589640365002684,3.797638217928073,24.684648416532475,7.4141170155662905,15.593129361245303,25.006709608158882,5.636070853462158,8.199141170155663,1.4895330112721417,4.032474503488996,0.08051529790660225,0.2952227589908749,0.18115942028985507,,
116,3.603059581320451,3.770799785292539,24.228395061728396,7.353730542136339,15.673644659151906,24.4699409554482,5.649490069779925,9.05126140633387,1.5365002683843263,4.106280193236715,0.08051529790660225,0.2952227589908749,0.18115942028985507,,
117,3.569511540526033,3.770799785292539,24.134460547504027,7.266505636070853,16.451959205582394,24.000268384326354,5.642780461621041,9.151905528717123,1.5767579173376274,3.878153515834675,0.08051529790660225,0.2952227589908749,0.18115942028985507,,
118,3.435319377348363,3.730542136339238,24.302200751476114,7.239667203435319,16.398282340311326,23.832528180354267,5.589103596349974,9.359903381642512,1.6304347826086956,3.8714439076757916,0.08051529790660225,0.3488996242619431,0.18115942028985507,,
119,3.5426731078904994,3.7104133118625873,24.208266237251745,7.239667203435319,16.364734299516908,23.765432098765434,5.58239398819109,9.473966720343531,1.6438539989264627,3.8714439076757916,0.08051529790660225,0.33548040794417605,0.18115942028985507,,
120,3.589640365002684,3.7104133118625873,24.033816425120772,7.139023081052066,16.35131508319914,23.74530327428878,5.676328502415459,9.634997316156737,1.6438539989264627,3.8580246913580245,0.07380568974771873,0.33548040794417605,0.20799785292538917,,
121,3.6634460547504024,3.69699409554482,23.081052066559312,7.98443370907139,16.29092860976919,23.564143853998928,5.595813204508857,9.86983360171766,1.6908212560386473,3.864734299516908,0.07380568974771873,0.41599570585077833,0.20799785292538917,,
122,3.656736446591519,3.6097691894793345,22.966988727858293,7.971014492753623,16.223832528180353,23.49033816425121,5.595813204508857,9.98389694041868,1.6438539989264627,4.159957058507783,0.07380568974771873,0.41599570585077833,0.20799785292538917,,
123,3.629898013955985,3.569511540526033,22.33628556092324,7.997852925389157,17.827428878153516,23.409822866344605,4.508856682769726,9.816156736446592,1.7310789049919484,4.26731078904992,0.10064412238325282,0.5971551261406334,0.20799785292538917,,
124,3.6097691894793345,3.569511540526033,22.322866344605476,7.997852925389157,17.814009661835748,23.32259796027912,4.522275899087493,9.802737520128824,1.778046162104133,4.3545356951154055,0.10064412238325282,0.5971551261406334,0.20799785292538917,,
125,3.6097691894793345,3.549382716049383,22.29602791196994,7.971014492753623,17.70665593129361,23.10789049919485,4.522275899087493,9.856414385399892,1.8988191089640365,4.582662372517445,0.10064412238325282,0.5971551261406334,0.20128824476650564,,
126,3.569511540526033,3.549382716049383,22.10144927536232,7.836822329575953,17.632850241545892,23.067632850241544,5.01207729468599,9.789318303811058,1.8853998926462694,4.616210413311863,0.10064412238325282,0.6374127750939346,0.20128824476650564,,
127,3.1468062265163717,4.133118625872249,21.967257112184647,7.816693505099302,17.619431025228128,22.81266774020397,5.045625335480408,9.990606548577563,1.8853998926462694,4.622920021470746,0.10064412238325282,0.6575415995705851,0.20128824476650564,,
128,3.126677402039721,4.133118625872249,21.732420826623724,7.816693505099302,17.54562533548041,22.926731078904993,5.045625335480408,10.138217928073,1.932367149758454,4.683306494900698,0.10064412238325282,0.6172839506172839,0.20128824476650564,,
129,3.0864197530864197,4.086151368760064,21.81964573268921,7.830112721417069,17.337627482555018,22.920021470746107,5.152979066022544,9.98389694041868,2.15378421900161,4.64975845410628,0.13419216317767044,0.644122383252818,0.20128824476650564,,
130,2.871712292002147,3.911701556629093,23.872785829307567,7.588566827697263,17.364465915190554,22.0276435856146,4.9718196457326895,9.534353193773484,2.1739130434782608,4.690016103059581,0.14761137949543746,0.644122383252818,0.20128824476650564,,
131,2.677133655394525,3.844605475040258,33.17230273752013,7.427536231884058,16.6129898013956,16.794149221685455,4.723564143853999,7.575147611379496,2.147074610842727,4.072732152442297,0.14761137949543746,0.6038647342995169,0.20128824476650564,,
132,2.6838432635534084,3.824476650563607,32.06521739130435,7.326892109500805,17.538915727321523,16.666666666666668,4.750402576489533,7.75630703166935,2.214170692431562,4.2203435319377345,0.14761137949543746,0.6038647342995169,0.20128824476650564,,
133,2.5429414922168547,3.7573805689747717,32.367149758454104,7.25979602791197,17.485238862050455,16.545893719806763,4.790660225442834,7.843531937734836,2.24771873322598,4.206924315619967,0.14761137949543746,0.6038647342995169,0.20128824476650564,,
134,2.5496511003757383,3.7573805689747717,32.01154052603328,7.232957595276436,17.317498658078367,16.478797638217927,4.790660225442834,8.185721953837897,2.3349436392914655,4.327697262479871,0.14761137949543746,0.6038647342995169,0.2616747181964573,,
135,2.5697799248523885,3.7573805689747717,31.83709071390231,7.232957595276436,17.317498658078367,16.438539989264626,4.7638217928073,8.299785292538916,2.3617820719269993,4.448470209339774,0.14761137949543746,0.5636070853462157,0.2616747181964573,,
136,2.4221685453569513,3.026033279656468,41.5727321524423,6.1862587224906065,13.023349436392914,14.412238325281804,4.676596886741814,8.36688137412775,1.2815351583467525,4.119699409554482,0.0939345142243693,0.5568974771873323,0.2616747181964573,,
137,2.5295222758990876,3.026033279656468,41.26409017713365,6.092324208266238,12.922705314009661,14.318303811057435,4.911433172302737,8.722490606548577,1.2815351583467525,4.05931293612453,0.06709608158883522,0.5434782608695652,0.2616747181964573,,
138,2.5496511003757383,3.026033279656468,41.1634460547504,6.052066559312936,12.788513150831992,14.418947933440688,4.824208266237251,8.776167471819646,1.3955984970477724,4.133118625872249,0.06709608158883522,0.5434782608695652,0.2616747181964573,,
139,2.5563607085346214,3.0059044551798175,40.89506172839506,6.320450885668277,12.788513150831992,14.284755770263017,4.817498658078368,8.796296296296296,1.3620504562533549,4.300858829844337,0.06709608158883522,0.5434782608695652,0.2616747181964573,,
140,2.6033279656468062,2.945517981749866,40.31132581857219,6.461352657004831,12.781803542673108,13.922436929683306,5.629361245303274,8.984165324745035,1.3620504562533549,4.133118625872249,0.06709608158883522,0.5367686527106817,0.2616747181964573,,
141,2.6435856146001075,2.945517981749866,40.042941492216855,6.447933440687064,12.781803542673108,13.781535158346752,5.629361245303274,9.373322597960279,1.3620504562533549,4.126409017713366,0.06709608158883522,0.5367686527106817,0.2616747181964573,,
142,2.6435856146001075,2.945517981749866,39.93558776167472,6.575415995705851,12.781803542673108,13.741277509393452,5.629361245303274,9.359903381642512,1.402308105206656,4.126409017713366,0.06038647342995169,0.5367686527106817,0.2616747181964573,,
143,2.6704240472356413,2.945517981749866,40.07648953301127,6.588835212023618,12.808641975308642,13.654052603327965,5.515297906602254,9.292807300053678,1.4559849704777241,4.126409017713366,0.06038647342995169,0.5434782608695652,0.2616747181964573,,
144,2.623456790123457,2.5831991411701556,38.097155126140635,6.5485775630703165,12.640901771336553,16.800858829844337,5.045625335480408,9.541062801932368,1.4694041867954912,3.9452495974235107,0.06038647342995169,0.3824476650563607,0.2616747181964573,,
145,2.717391304347826,2.5831991411701556,37.936124530327426,6.595544820182502,12.426194310252281,16.901502952227588,5.0858829844337095,9.695383789586689,1.3955984970477724,3.965378421900161,0.06038647342995169,0.3757380568974772,0.2616747181964573,,
146,2.7308105206655933,2.5697799248523885,37.526838432635536,6.494900697799249,12.526838432635534,16.874664519592056,5.065754159957058,10.010735373054214,1.3955984970477724,4.17337627482555,0.06038647342995169,0.30864197530864196,0.2616747181964573,,
147,2.8784219001610305,2.5697799248523885,37.453032742887814,6.515029522275899,12.4597423510467,16.780730005367687,4.985238862050457,10.071121846484166,1.4761137949543746,4.180085882984434,0.06038647342995169,0.30864197530864196,0.2616747181964573,,
148,2.9723564143853998,2.4825550187869028,37.31884057971015,6.608964036500268,12.4597423510467,16.76731078904992,4.985238862050457,10.104669887278583,1.4761137949543746,4.193505099302201,0.06038647342995169,0.30864197530864196,0.2616747181964573,,
149,3.0394524959742353,2.428878153515835,37.043746645195924,6.6760601180891035,12.385936661298981,16.740472356414386,4.985238862050457,10.352925389157273,1.5297906602254427,4.186795491143317,0.06038647342995169,0.30864197530864196,0.2616747181964573,,
150,3.0394524959742353,2.428878153515835,36.9296833064949,6.769994632313473,12.365807836822329,16.740472356414386,4.9651100375738055,10.373054213633925,1.5499194847020934,4.186795491143317,0.06038647342995169,0.32877079978529256,0.2616747181964573,,
151,3.046162104133119,2.428878153515835,36.842458400429415,6.649221685453569,12.29200214707461,16.76731078904992,4.9651100375738055,10.641438539989265,1.5096618357487923,4.180085882984434,0.06038647342995169,0.35560923242082665,0.2616747181964573,,
152,3.026033279656468,2.227589908749329,36.58749329039184,6.387546967257112,12.29200214707461,16.700214707461082,5.649490069779925,10.809178743961352,1.5297906602254427,4.072732152442297,0.06038647342995169,0.36902844873859364,0.2885131508319914,,
153,3.079710144927536,2.214170692431562,36.2385936661299,6.407675791733762,12.23161567364466,16.532474503488995,5.642780461621041,11.305689747718732,1.556629092860977,4.072732152442297,0.06038647342995169,0.36902844873859364,0.2885131508319914,,
154,3.0931293612453032,2.214170692431562,35.95679012345679,6.360708534621578,12.23161567364466,16.391572732152444,5.642780461621041,11.540526033279656,1.556629092860977,4.294149221685454,0.06038647342995169,0.36902844873859364,0.2885131508319914,,
155,3.113258185721954,2.214170692431562,34.594739667203434,6.340579710144928,12.144390767579173,16.391572732152444,7.105475040257649,11.533816425120772,1.5432098765432098,4.294149221685454,0.06038647342995169,0.3757380568974772,0.2885131508319914,,
156,3.052871712292002,2.200751476113795,33.682232957595275,7.024959742351046,12.104133118625873,15.895061728395062,7.112184648416532,12.124261943102523,1.6774020397208802,4.40150295222759,0.06038647342995169,0.3757380568974772,0.2885131508319914,,
157,3.0931293612453032,2.200751476113795,33.52120236178207,7.024959742351046,11.822329575952764,15.94873859366613,7.14573268921095,12.245034889962426,1.7847557702630166,4.4753086419753085,0.06038647342995169,0.3757380568974772,0.30193236714975846,,
158,2.737520128824477,1.9860440150295222,32.45437466451959,6.890767579173376,11.003757380568974,18.853998926462694,7.024959742351046,12.06387546967257,1.8384326355340848,4.367954911433173,0.06038647342995169,0.41599570585077833,0.30193236714975846,,
159,2.804616210413312,1.9793344068706387,32.17257112184648,6.78341384863124,10.88298443370907,18.659420289855074,7.024959742351046,12.600644122383253,1.8786902844873858,4.40150295222759,0.06038647342995169,0.4495437466451959,0.30193236714975846,,
160,2.690552871712292,1.9994632313472893,31.91760601180891,6.810252281266774,10.587761674718196,18.632581857219538,7.333601717659689,12.882447665056361,1.9189479334406871,4.448470209339774,0.06038647342995169,0.41599570585077833,0.30193236714975846,,
161,2.703972088030059,1.9994632313472893,31.830381105743424,6.8035426731078905,10.587761674718196,18.585614600107355,7.333601717659689,12.983091787439614,1.9189479334406871,4.4753086419753085,0.06038647342995169,0.41599570585077833,0.30193236714975846,,
162,2.7241009125067097,1.9860440150295222,36.00375738056898,6.038647342995169,10.265700483091788,16.203703703703702,7.226247987117552,12.701288244766506,1.7914653784219001,4.294149221685454,0.06038647342995169,0.4025764895330113,0.30193236714975846,,
163,2.717391304347826,1.9860440150295222,34.49409554482018,6.045356951154052,10.976918947933441,16.022544283413847,6.796833064949007,14.009661835748792,1.8250134192163177,4.341116478797638,0.06038647342995169,0.4227053140096618,0.30193236714975846,,
164,2.737520128824477,1.9726247987117553,34.346484165324746,6.031937734836285,10.916532474503489,15.995705850778315,6.823671497584541,14.204240472356414,1.865271068169619,4.341116478797638,0.06038647342995169,0.4025764895330113,0.30193236714975846,,
165,2.737520128824477,1.9457863660762211,34.13848631239936,6.005099302200751,11.137949543746645,15.96886741814278,6.823671497584541,14.2914653784219,1.8853998926462694,4.300858829844337,0.06038647342995169,0.4025764895330113,0.30193236714975846,,
